'152201merged13526210',661400,204700,0,'Downtown',0,6000,0,'Downtown',0,2000,0,'Downtown',0,2000,0,'Downtown',0,6000,0,'Downtown',0,2000,0,'Downtown',0,2200,0,'Downtown',0,6000,0,'Downtown',0,2000,0,'Downtown',0,2500,0,'Downtown',0
'152201merged13526210',661401,214400,4,'',0,5900,4,'',0,1600,4,'',0,2000,4,'',0,1900,4,'',0,6000,4,'',0,2000,4,'',0,2000,4,'',0,5900,4,'',0,2100,4,'',0
'152301merged13526212',661400,204700,0,'Downtown',0,6000,0,'Downtown',0,2000,0,'Downtown',0,2000,0,'Downtown',0,6000,0,'Downtown',0,2000,0,'Downtown',0,2200,0,'Downtown',0,6000,0,'Downtown',0,2000,0,'Downtown',0,2500,0,'Downtown',0
'152301merged13526212',661401,214400,4,'',0,5900,4,'',0,1600,4,'',0,2000,4,'',0,1900,4,'',0,6000,4,'',0,2000,4,'',0,2000,4,'',0,5900,4,'',0,2100,4,'',0
'1merged13526202',661400,54100,,'',0,6300,,'',0,1400,,'',0,1400,,'',0,1600,,'',0,5500,,'',0,1300,,'',0,1500,,'',0,1200,,'',0,1500,,'',0,5500,,'',0,1500,,'',0,1700,,'',0,5500,,'',0,1500,,'',0,1500,,'',0,1500,,'',0,5500,,'',0,1500,,'',0,1500,,'',0,1300,,'',0,1500,,'',0,5500,,'',0,1500,,'',0,1500,,'',0,1500,,'',0,5400,,'',0,1500,,'',0,1500,,'',0,1500,,'',0,5500,,'',0,1500,,'',0,1500,,'',0,1500,,'',0,5500,,'',0,1500,,'',0,1500,,'',0,1200,,'',0,5200,,'',0,1200,,'',0,1200,,'',0,1000,,'',0,1200,,'',0,5200,,'',0,1200,,'',0,1200,,'',0,1200,,'',0,1200,,'',0,5200,,'',0,1200,,'',0,1300,,'',0,1400,,'',0,1200,,'',0,5200,,'',0,1200,,'',0,1200,,'',0,1500,,'',0,6000,,'',0,2100,,'',0,2000,0,'Downtown',0,6000,0,'Downtown',0,2000,0,'Downtown',0
'1merged13526202',661401,62000,4,'',0,1900,4,'',0,6200,4,'',0,2100,4,'',0,1900,4,'',0,1500,4,'',0,5500,4,'',0,1600,4,'',0,1500,4,'',0,1500,4,'',0,5500,4,'',0,1500,4,'',0,1500,4,'',0,1500,4,'',0,5500,4,'',0,1500,4,'',0,1500,4,'',0,1700,4,'',0,5500,4,'',0,1500,4,'',0,1500,4,'',0,5700,4,'',0,1500,4,'',0,1500,4,'',0,1500,4,'',0,5500,4,'',0,1500,4,'',0,1500,4,'',0,1500,4,'',0,5400,4,'',0,1500,4,'',0,1500,4,'',0,1500,4,'',0,5500,4,'',0,1500,4,'',0,1600,4,'',0,1500,4,'',0,5500,4,'',0,1400,4,'',0,1200,4,'',0,1200,4,'',0,1200,4,'',0,5200,4,'',0,1200,4,'',0,1200,4,'',0,1200,4,'',0,1200,4,'',0,5200,4,'',0,1200,4,'',0,1200,4,'',0,1200,4,'',0,1200,4,'',0,5200,4,'',0,1200,4,'',0,1200,4,'',0,1700,4,'',0,1500,4,'',0,6000,4,'',0,2000,4,'',0,2000,4,'',0,6000,4,'',0
'2merged13526207',661400,53100,,'',0,7400,,'',0,1800,,'',0,1900,,'',0,6000,,'',0,2000,,'',0,2000,,'',0,6000,,'',0,1500,,'',0,1500,,'',0,1400,,'',0,5400,,'',0,1500,,'',0,1500,,'',0,1500,,'',0,5500,,'',0,1400,,'',0,1300,,'',0,1200,,'',0,1100,,'',0,5200,,'',0,1200,,'',0,1200,,'',0,1200,,'',0,1100,,'',0,5200,,'',0,1000,,'',0,1200,,'',0,1200,,'',0,1200,,'',0,1200,,'',0,5200,,'',0,1200,,'',0,1200,,'',0,1200,,'',0,1200,,'',0,5200,,'',0,1200,,'',0,1200,,'',0,1200,,'',0,1200,,'',0,5200,,'',0,1200,,'',0,1200,,'',0,1200,,'',0,1200,,'',0,5200,,'',0,1200,,'',0,1200,,'',0,1200,,'',0,5400,,'',0,1200,,'',0,1200,,'',0,1200,,'',0,1500,,'',0,5500,,'',0,1500,,'',0,1500,,'',0,2200,,'',0,6100,,'',0,2300,0,'Downtown',0,6000,0,'Downtown',0,2000,0,'Downtown',0,2000,0,'Downtown',0,6100,0,'Downtown',0,2300,0,'Downtown',0,2000,0,'Downtown',0,6000,0,'Downtown',0,2000,0,'Downtown',0,2200,0,'Downtown',0,6000,0,'Downtown',0,2000,0,'Downtown',0,2900,0,'Downtown',0
'2merged13526207',661401,62800,4,'',0,7400,4,'',0,2100,4,'',0,2000,4,'',0,6000,4,'',0,2000,4,'',0,2300,4,'',0,5900,4,'',0,1800,4,'',0,1600,4,'',0,1800,4,'',0,5400,4,'',0,1400,4,'',0,1400,4,'',0,1500,4,'',0,5500,4,'',0,1700,4,'',0,1500,4,'',0,1400,4,'',0,5500,4,'',0,1700,4,'',0,1500,4,'',0,1200,4,'',0,5200,4,'',0,1200,4,'',0,1200,4,'',0,1200,4,'',0,1200,4,'',0,5200,4,'',0,1200,4,'',0,1400,4,'',0,1200,4,'',0,1200,4,'',0,5200,4,'',0,1200,4,'',0,1200,4,'',0,1200,4,'',0,1100,4,'',0,5200,4,'',0,1200,4,'',0,1200,4,'',0,1200,4,'',0,1000,4,'',0,5200,4,'',0,1200,4,'',0,1200,4,'',0,1200,4,'',0,1200,4,'',0,5200,4,'',0,1500,4,'',0,1500,4,'',0,1500,4,'',0,5500,4,'',0,1500,4,'',0,1600,4,'',0,1900,4,'',0,6100,4,'',0,2000,4,'',0,2100,4,'',0,6100,4,'',0,2000,4,'',0,2000,4,'',0,6000,4,'',0,2000,4,'',0,2000,4,'',0,6000,4,'',0,2000,4,'',0,1800,4,'',0,6000,4,'',0,2000,4,'',0
'3merged13526206',661400,70500,,'',0,2900,,'',0,7000,,'',0,2900,,'',0,2600,,'',0,6000,,'',0,1800,,'',0,1400,,'',0,5500,,'',0,1500,,'',0,1500,,'',0,1400,,'',0,5600,,'',0,1600,,'',0,1600,,'',0,1600,,'',0,5500,,'',0,1600,,'',0,1500,,'',0,1500,,'',0,5500,,'',0,1500,,'',0,1500,,'',0,1500,,'',0,5500,,'',0,1500,,'',0,1500,,'',0,1500,,'',0,5500,,'',0,1500,,'',0,1500,,'',0,1500,,'',0,5500,,'',0,1500,,'',0,1500,,'',0,1500,,'',0,5500,,'',0,1600,,'',0,1500,,'',0,1500,,'',0,5400,,'',0,1800,,'',0,2000,,'',0,6000,,'',0,2000,,'',0,1900,0,'Downtown',0,5900,0,'Downtown',0,2000,0,'Downtown',0,2000,0,'Downtown',0,6000,0,'Downtown',0,2000,0,'Downtown',0,2200,0,'Downtown',0,6000,0,'Downtown',0,2000,0,'Downtown',0,2300,0,'Downtown',0,6100,0,'Downtown',0,2000,0,'Downtown',0,2700,0,'Downtown',0
'3merged13526206',661401,71100,4,'',0,4000,4,'',0,7100,4,'',0,2700,4,'',0,6800,4,'',0,2500,4,'',0,6200,4,'',0,2200,4,'',0,2000,4,'',0,6000,4,'',0,1700,4,'',0,1500,4,'',0,1600,4,'',0,5500,4,'',0,1500,4,'',0,1600,4,'',0,1700,4,'',0,5300,4,'',0,1600,4,'',0,1600,4,'',0,1500,4,'',0,5500,4,'',0,1500,4,'',0,1500,4,'',0,1500,4,'',0,5500,4,'',0,1500,4,'',0,1500,4,'',0,1500,4,'',0,5500,4,'',0,1400,4,'',0,1500,4,'',0,1500,4,'',0,5500,4,'',0,1500,4,'',0,1500,4,'',0,1500,4,'',0,5500,4,'',0,1500,4,'',0,1500,4,'',0,1500,4,'',0,5500,4,'',0,1200,4,'',0,1500,4,'',0,1700,4,'',0,6000,4,'',0,1900,4,'',0,2000,4,'',0,6000,4,'',0,1900,4,'',0,2000,4,'',0,6000,4,'',0,2000,4,'',0,2100,4,'',0,6000,4,'',0,2000,4,'',0,2100,4,'',0,6100,4,'',0,2100,4,'',0
'152201merged13526210',1671800,204000,0,'Downtown',0,1500,0,'Downtown',0,5500,0,'Downtown',0,1500,0,'Downtown',0,1900,0,'Downtown',0,6000,0,'Downtown',0,2000,0,'Downtown',0,2100,0,'Downtown',0,6000,0,'Downtown',0,3000,0,'Downtown',0,1600,0,'Downtown',0,5500,0,'Downtown',0,1500,0,'Downtown',0,1500,0,'Downtown',0,7000,0,'Downtown',0
'152201merged13526210',1671801,213500,4,'',0,1300,4,'',0,5500,4,'',0,1500,4,'',0,1500,4,'',0,1400,4,'',0,6000,4,'',0,2000,4,'',0,1900,4,'',0,6000,4,'',0,3000,4,'',0,1500,4,'',0,5500,4,'',0,1500,4,'',0,1500,4,'',0,7000,4,'',0,800,4,'',0
'152301merged13526212',1671800,204000,0,'Downtown',0,1500,0,'Downtown',0,5500,0,'Downtown',0,1500,0,'Downtown',0,1900,0,'Downtown',0,6000,0,'Downtown',0,2000,0,'Downtown',0,2100,0,'Downtown',0,6000,0,'Downtown',0,3000,0,'Downtown',0,1600,0,'Downtown',0,5500,0,'Downtown',0,1500,0,'Downtown',0,1500,0,'Downtown',0,7000,0,'Downtown',0
'152301merged13526212',1671801,213500,4,'',0,1300,4,'',0,5500,4,'',0,1500,4,'',0,1500,4,'',0,1400,4,'',0,6000,4,'',0,2000,4,'',0,1900,4,'',0,6000,4,'',0,3000,4,'',0,1500,4,'',0,5500,4,'',0,1500,4,'',0,1500,4,'',0,7000,4,'',0,800,4,'',0
'1merged13526202',1671800,52100,,'',0,2500,,'',0,5500,,'',0,1500,,'',0,1500,,'',0,1500,,'',0,5600,,'',0,1500,,'',0,1400,,'',0,1200,,'',0,1200,,'',0,5300,,'',0,1100,,'',0,1300,,'',0,1300,,'',0,1300,,'',0,5500,,'',0,1500,,'',0,1500,,'',0,1500,,'',0,5500,,'',0,1500,,'',0,1500,,'',0,1500,,'',0,5500,,'',0,1500,,'',0,1500,,'',0,1500,,'',0,5500,,'',0,1500,,'',0,1500,,'',0,1500,,'',0,5500,,'',0,1500,,'',0,1300,,'',0,1200,,'',0,5200,,'',0,1200,,'',0,1200,,'',0,1200,,'',0,1200,,'',0,5200,,'',0,1200,,'',0,1000,,'',0,1000,,'',0,1000,,'',0,1000,,'',0,5000,,'',0,1000,,'',0,1000,,'',0,1000,,'',0,1000,,'',0,1000,,'',0,5000,,'',0,1000,,'',0,1000,,'',0,1200,,'',0,1200,,'',0,5200,,'',0,1400,,'',0,1200,,'',0,1200,,'',0,1200,0,'Downtown',0,5600,0,'Downtown',0,1500,0,'Downtown',0,1500,0,'Downtown',0,1500,0,'Downtown',0,5500,0,'Downtown',0,1500,0,'Downtown',0
'1merged13526202',1671801,52900,4,'',0,3000,4,'',0,6100,4,'',0,1400,4,'',0,1400,4,'',0,5200,4,'',0,1400,4,'',0,1700,4,'',0,1300,4,'',0,1400,4,'',0,5500,4,'',0,2000,4,'',0,1600,4,'',0,5700,4,'',0,1400,4,'',0,1500,4,'',0,1300,4,'',0,5300,4,'',0,1500,4,'',0,1500,4,'',0,1500,4,'',0,5600,4,'',0,1500,4,'',0,1700,4,'',0,1500,4,'',0,5600,4,'',0,1500,4,'',0,1500,4,'',0,1500,4,'',0,5600,4,'',0,1500,4,'',0,1800,4,'',0,1500,4,'',0,5300,4,'',0,1500,4,'',0,1600,4,'',0,1700,4,'',0,5500,4,'',0,1400,4,'',0,1400,4,'',0,1200,4,'',0,5200,4,'',0,1300,4,'',0,1100,4,'',0,1000,4,'',0,1000,4,'',0,1000,4,'',0,5000,4,'',0,1100,4,'',0,1000,4,'',0,1000,4,'',0,1000,4,'',0,1100,4,'',0,5100,4,'',0,1000,4,'',0,1000,4,'',0,1000,4,'',0,1200,4,'',0,5300,4,'',0,1200,4,'',0,800,4,'',0,1200,4,'',0,1200,4,'',0,600,4,'',0,5100,4,'',0,1500,4,'',0,1500,4,'',0,1500,4,'',0,5500,4,'',0,1500,4,'',0
'2merged13526207',1671800,55800,,'',0,5600,,'',0,1600,,'',0,1600,,'',0,5600,,'',0,1500,,'',0,1500,,'',0,1500,,'',0,5400,,'',0,1400,,'',0,1500,,'',0,1500,,'',0,5500,,'',0,1500,,'',0,1500,,'',0,1500,,'',0,1400,,'',0,5400,,'',0,1300,,'',0,1300,,'',0,1200,,'',0,5200,,'',0,1100,,'',0,1200,,'',0,1200,,'',0,1200,,'',0,5200,,'',0,1200,,'',0,1000,,'',0,1000,,'',0,1000,,'',0,1000,,'',0,5000,,'',0,1000,,'',0,1000,,'',0,1000,,'',0,1000,,'',0,1000,,'',0,5000,,'',0,800,,'',0,1000,,'',0,1000,,'',0,1000,,'',0,1000,,'',0,5000,,'',0,1000,,'',0,1100,,'',0,1000,,'',0,1000,,'',0,1000,,'',0,5000,,'',0,1000,,'',0,1000,,'',0,1000,,'',0,1000,,'',0,1100,,'',0,5000,,'',0,1200,,'',0,1000,,'',0,1100,,'',0,1200,,'',0,5200,,'',0,1200,,'',0,1200,,'',0,1300,,'',0,1400,0,'Downtown',0,5600,0,'Downtown',0,1500,0,'Downtown',0,1700,0,'Downtown',0,1500,0,'Downtown',0,5600,0,'Downtown',0,1400,0,'Downtown',0,1500,0,'Downtown',0,1500,0,'Downtown',0,5500,0,'Downtown',0,1500,0,'Downtown',0,2000,0,'Downtown',0,6000,0,'Downtown',0,2000,0,'Downtown',0,2000,0,'Downtown',0,6100,0,'Downtown',0,2400,0,'Downtown',0,7100,0,'Downtown',0,3000,0,'Downtown',0,7000,0,'Downtown',0
'2merged13526207',1671801,54300,4,'',0,7000,4,'',0,1900,4,'',0,1700,4,'',0,5500,4,'',0,1500,4,'',0,1500,4,'',0,1700,4,'',0,5500,4,'',0,1500,4,'',0,1700,4,'',0,1700,4,'',0,5700,4,'',0,1500,4,'',0,1700,4,'',0,5700,4,'',0,1500,4,'',0,1700,4,'',0,1500,4,'',0,5800,4,'',0,1300,4,'',0,1400,4,'',0,1200,4,'',0,1300,4,'',0,5200,4,'',0,1300,4,'',0,1200,4,'',0,1200,4,'',0,5400,4,'',0,1200,4,'',0,1200,4,'',0,1000,4,'',0,1000,4,'',0,1200,4,'',0,5000,4,'',0,1000,4,'',0,1000,4,'',0,1000,4,'',0,1000,4,'',0,1000,4,'',0,5000,4,'',0,1000,4,'',0,1000,4,'',0,1000,4,'',0,1000,4,'',0,1000,4,'',0,5000,4,'',0,1000,4,'',0,1000,4,'',0,1000,4,'',0,1000,4,'',0,1000,4,'',0,5000,4,'',0,1000,4,'',0,800,4,'',0,1000,4,'',0,1000,4,'',0,1000,4,'',0,5000,4,'',0,1000,4,'',0,800,4,'',0,1100,4,'',0,1200,4,'',0,1100,4,'',0,5300,4,'',0,1200,4,'',0,800,4,'',0,1400,4,'',0,1300,4,'',0,5100,4,'',0,1500,4,'',0,1500,4,'',0,1600,4,'',0,5300,4,'',0,1600,4,'',0,1200,4,'',0,1600,4,'',0,5500,4,'',0,1500,4,'',0,1500,4,'',0,1600,4,'',0,6000,4,'',0,2000,4,'',0,2000,4,'',0,6100,4,'',0,2100,4,'',0,7000,4,'',0,3000,4,'',0,7000,4,'',0,900,4,'',0
'32501merged13526205',1671800,214000,0,'Granville',0,10500,0,'Granville',0,9600,0,'Granville',0
'32501merged13526205',1671801,240300,4,'',0,2800,4,'',0,7200,4,'',0,2900,4,'',0,7200,4,'',0
'3merged13526206',1671800,64200,,'',0,6000,,'',0,1800,,'',0,1700,,'',0,1000,,'',0,1100,,'',0,5500,,'',0,1500,,'',0,1400,,'',0,1500,,'',0,5300,,'',0,1500,,'',0,1500,,'',0,1500,,'',0,5400,,'',0,1500,,'',0,1400,,'',0,1400,,'',0,5500,,'',0,1500,,'',0,1400,,'',0,1400,,'',0,5300,,'',0,900,,'',0,1100,,'',0,1200,,'',0,1200,,'',0,1200,,'',0,5200,,'',0,1200,,'',0,1200,,'',0,1300,,'',0,5200,,'',0,1200,,'',0,1200,,'',0,1200,,'',0,1200,,'',0,5200,,'',0,1200,,'',0,1200,,'',0,1000,,'',0,1200,,'',0,1100,,'',0,5300,,'',0,1100,,'',0,1200,,'',0,1200,,'',0,1200,,'',0,5200,,'',0,1400,,'',0,1200,,'',0,1400,,'',0,5500,,'',0,1700,,'',0,1800,,'',0,1800,0,'Downtown',0,5500,0,'Downtown',0,1500,0,'Downtown',0,1500,0,'Downtown',0,1500,0,'Downtown',0,5600,0,'Downtown',0,1500,0,'Downtown',0,1600,0,'Downtown',0,1500,0,'Downtown',0,5500,0,'Downtown',0,1500,0,'Downtown',0,1900,0,'Downtown',0,6000,0,'Downtown',0,2200,0,'Downtown',0,1900,0,'Downtown',0,6000,0,'Downtown',0,2400,0,'Downtown',0,7000,0,'Downtown',0,3000,0,'Downtown',0,7000,0,'Downtown',0
'3merged13526206',1671801,64900,4,'',0,6400,4,'',0,1900,4,'',0,2000,4,'',0,5800,4,'',0,1700,4,'',0,1500,4,'',0,5900,4,'',0,1900,4,'',0,1500,4,'',0,1900,4,'',0,5500,4,'',0,1500,4,'',0,1400,4,'',0,1700,4,'',0,5500,4,'',0,1700,4,'',0,1500,4,'',0,1600,4,'',0,5600,4,'',0,1700,4,'',0,1500,4,'',0,5500,4,'',0,1300,4,'',0,1500,4,'',0,1200,4,'',0,1300,4,'',0,5200,4,'',0,1200,4,'',0,1200,4,'',0,1200,4,'',0,1200,4,'',0,5200,4,'',0,1200,4,'',0,1200,4,'',0,1200,4,'',0,1200,4,'',0,5200,4,'',0,1200,4,'',0,1000,4,'',0,1200,4,'',0,1200,4,'',0,5200,4,'',0,1200,4,'',0,1300,4,'',0,1200,4,'',0,1200,4,'',0,5200,4,'',0,1200,4,'',0,1300,4,'',0,1300,4,'',0,1100,4,'',0,5500,4,'',0,1300,4,'',0,1500,4,'',0,1900,4,'',0,4600,4,'',0,1500,4,'',0,1500,4,'',0,1500,4,'',0,5500,4,'',0,1500,4,'',0,1500,4,'',0,1300,4,'',0,5500,4,'',0,1500,4,'',0,1500,4,'',0,1700,4,'',0,6000,4,'',0,2200,4,'',0,1800,4,'',0,6000,4,'',0,2400,4,'',0,7000,4,'',0,3000,4,'',0,7000,4,'',0,900,4,'',0
