'101merged13526213',667601,82600,4,'',0,69800,4,'',0,8900,4,'',0
'1merged13526202',667601,53600,4,'',0,7400,4,'',0,2000,4,'',0,2500,4,'',0,5600,4,'',0,1500,4,'',0,1300,4,'',0,1800,4,'',0,5500,4,'',0,3100,4,'',0,6100,4,'',0,900,4,'',0,2900,4,'',0,7000,4,'',0,3000,4,'',0,7100,4,'',0,2900,4,'',0,7000,4,'',0,3000,4,'',0,7000,4,'',0,3000,4,'',0,7000,4,'',0,3000,4,'',0,7000,4,'',0,3100,4,'',0,8500,4,'',0,1500,4,'',0,1500,4,'',0,5500,4,'',0,1500,4,'',0,1500,4,'',0,1500,4,'',0,5500,4,'',0,1500,4,'',0,1500,4,'',0,1600,4,'',0,5500,4,'',0,1400,4,'',0,1600,4,'',0,1300,4,'',0,6900,4,'',0,3000,4,'',0,7000,4,'',0,3000,4,'',0,7000,4,'',0,3000,4,'',0,7000,4,'',0,3000,4,'',0,7000,4,'',0,3000,4,'',0,7000,4,'',0
'2merged13526207',667601,55700,4,'',0,7000,4,'',0,3000,4,'',0,7000,4,'',0,3000,4,'',0,7000,4,'',0,3000,4,'',0,7000,4,'',0,2900,4,'',0,7000,4,'',0,3000,4,'',0,7000,4,'',0,3000,4,'',0,7000,4,'',0,3000,4,'',0,7000,4,'',0,3000,4,'',0,7000,4,'',0,3000,4,'',0,7000,4,'',0,3000,4,'',0,7000,4,'',0,3000,4,'',0,7000,4,'',0,3000,4,'',0,7000,4,'',0,3200,4,'',0,7000,4,'',0,3000,4,'',0,7000,4,'',0,3000,4,'',0,7000,4,'',0,3000,4,'',0,7000,4,'',0,3000,4,'',0,7000,4,'',0,3000,4,'',0,6900,4,'',0,3000,4,'',0,7000,4,'',0
'3merged13526206',667601,72600,4,'',0,10000,4,'',0,10000,4,'',0,10000,4,'',0,10000,4,'',0,3100,4,'',0,7000,4,'',0,3000,4,'',0,7000,4,'',0,3000,4,'',0,7000,4,'',0,3000,4,'',0,7000,4,'',0,3000,4,'',0,7000,4,'',0,3000,4,'',0,7000,4,'',0,3000,4,'',0,7000,4,'',0,3000,4,'',0,7000,4,'',0,3000,4,'',0,7000,4,'',0,3000,4,'',0,7000,4,'',0,3000,4,'',0,7000,4,'',0,3000,4,'',0,7000,4,'',0
'1merged13526202',667701,55400,4,'',0,7300,4,'',0,2600,4,'',0,5600,4,'',0,1200,4,'',0,1800,4,'',0,6700,4,'',0,300,4,'',0,1500,4,'',0,3300,4,'',0,6900,4,'',0,3000,4,'',0,7000,4,'',0,2900,4,'',0,7000,4,'',0,3000,4,'',0,6900,4,'',0,3000,4,'',0,6900,4,'',0,3000,4,'',0,6900,4,'',0,2400,4,'',0,5700,4,'',0,2100,4,'',0,1600,4,'',0,6500,4,'',0,1800,4,'',0,1700,4,'',0,1600,4,'',0,5500,4,'',0,1500,4,'',0,1300,4,'',0,1100,4,'',0,5500,4,'',0,2000,4,'',0,1100,4,'',0,2000,4,'',0,5300,4,'',0,1200,4,'',0,1700,4,'',0,1800,4,'',0,7000,4,'',0,3000,4,'',0,7000,4,'',0,3000,4,'',0,6900,4,'',0,3000,4,'',0,6900,4,'',0,3000,4,'',0,9800,4,'',0
'2merged13526207',667701,72400,4,'',0,3100,4,'',0,7000,4,'',0,3000,4,'',0,7100,4,'',0,3000,4,'',0,7000,4,'',0,3000,4,'',0,7000,4,'',0,2900,4,'',0,7000,4,'',0,3000,4,'',0,6600,4,'',0,2000,4,'',0,1500,4,'',0,6800,4,'',0,2000,4,'',0,1100,4,'',0,6900,4,'',0,1700,4,'',0,1400,4,'',0,6900,4,'',0,1700,4,'',0,1400,4,'',0,6900,4,'',0,1700,4,'',0,1400,4,'',0,5700,4,'',0,2700,4,'',0,1700,4,'',0,5600,4,'',0,1800,4,'',0,2600,4,'',0,5400,4,'',0,2800,4,'',0,1700,4,'',0,7000,4,'',0,3000,4,'',0,7000,4,'',0,3000,4,'',0,7000,4,'',0,2700,4,'',0,7300,4,'',0,3000,4,'',0,7000,4,'',0
'3merged13526206',667701,82300,4,'',0,3000,4,'',0,7100,4,'',0,3000,4,'',0,7100,4,'',0,3000,4,'',0,7200,4,'',0,2900,4,'',0,7000,4,'',0,3000,4,'',0,7000,4,'',0,3000,4,'',0,7000,4,'',0,1700,4,'',0,6600,4,'',0,2000,4,'',0,1700,4,'',0,6500,4,'',0,1800,4,'',0,1700,4,'',0,6500,4,'',0,1800,4,'',0,1700,4,'',0,6400,4,'',0,1900,4,'',0,1600,4,'',0,6300,4,'',0,1900,4,'',0,1600,4,'',0,6300,4,'',0,2000,4,'',0,1700,4,'',0,6200,4,'',0,2000,4,'',0,2700,4,'',0,6800,4,'',0,3100,4,'',0,6900,4,'',0,3100,4,'',0,6900,4,'',0
'1merged13526202',667801,61100,4,'',0,1800,4,'',0,7500,4,'',0,2100,4,'',0,1700,4,'',0,1500,4,'',0,5500,4,'',0,1500,4,'',0,1200,4,'',0,7300,4,'',0,3000,4,'',0,6900,4,'',0,3000,4,'',0,7000,4,'',0,2900,4,'',0,7000,4,'',0,3100,4,'',0,6900,4,'',0,3000,4,'',0,7200,4,'',0,2900,4,'',0,7000,4,'',0,3100,4,'',0,6800,4,'',0,1400,4,'',0,1600,4,'',0,1600,4,'',0,5600,4,'',0,1500,4,'',0,1300,4,'',0,1600,4,'',0,5400,4,'',0,1600,4,'',0,2900,4,'',0,7000,4,'',0,3000,4,'',0,6900,4,'',0,3000,4,'',0,7000,4,'',0,10000,4,'',0,9900,4,'',0,10000,4,'',0,10000,4,'',0
'2merged13526207',667801,64200,4,'',0,7000,4,'',0,3000,4,'',0,7000,4,'',0,3000,4,'',0,7000,4,'',0,3000,4,'',0,7000,4,'',0,3000,4,'',0,7000,4,'',0,3100,4,'',0,6900,4,'',0,3000,4,'',0,7000,4,'',0,3000,4,'',0,7000,4,'',0,2900,4,'',0,7000,4,'',0,3000,4,'',0,7000,4,'',0,3000,4,'',0,7100,4,'',0,3000,4,'',0,7000,4,'',0,3000,4,'',0,7000,4,'',0,3000,4,'',0,7000,4,'',0,3000,4,'',0,7000,4,'',0,4000,4,'',0,7000,4,'',0,9900,4,'',0,10000,4,'',0,10000,4,'',0
'3merged13526206',667801,81000,4,'',0,3200,4,'',0,7000,4,'',0,3000,4,'',0,7000,4,'',0,3000,4,'',0,6100,4,'',0,3400,4,'',0,7100,4,'',0,4200,4,'',0,6500,4,'',0,2900,4,'',0,6900,4,'',0,2900,4,'',0,7000,4,'',0,3000,4,'',0,7000,4,'',0,3000,4,'',0,7000,4,'',0,2900,4,'',0,7000,4,'',0,3000,4,'',0,7000,4,'',0,3000,4,'',0,7000,4,'',0,3000,4,'',0,7000,4,'',0,1700,4,'',0,9900,4,'',0,10000,4,'',0,10000,4,'',0
'1merged13526202',668001,62600,4,'',0,9900,4,'',0,3000,4,'',0,7000,4,'',0,8000,4,'',0,3200,4,'',0,1500,4,'',0,5300,4,'',0,1700,4,'',0,1300,4,'',0,1500,4,'',0,5500,4,'',0,1500,4,'',0,1500,4,'',0,1500,4,'',0,5500,4,'',0,1700,4,'',0,1700,4,'',0,1500,4,'',0,5500,4,'',0,1400,4,'',0,1700,4,'',0,1500,4,'',0,5500,4,'',0,1500,4,'',0,1500,4,'',0,1500,4,'',0,5800,4,'',0,1400,4,'',0,1600,4,'',0,1500,4,'',0,5400,4,'',0,1500,4,'',0,1400,4,'',0,1500,4,'',0,5400,4,'',0,1500,4,'',0,1500,4,'',0,1500,4,'',0,5400,4,'',0,1500,4,'',0,1400,4,'',0,1700,4,'',0,6900,4,'',0,3300,4,'',0,7000,4,'',0,3000,4,'',0,6900,4,'',0,3000,4,'',0,6900,4,'',0,3000,4,'',0,9600,4,'',0,9800,4,'',0
'2merged13526207',668001,65100,4,'',0,7300,4,'',0,2900,4,'',0,7600,4,'',0,2300,4,'',0,7100,4,'',0,3000,4,'',0,5500,4,'',0,1500,4,'',0,1600,4,'',0,1500,4,'',0,5500,4,'',0,1300,4,'',0,1500,4,'',0,1500,4,'',0,5500,4,'',0,1500,4,'',0,1500,4,'',0,1500,4,'',0,5500,4,'',0,1500,4,'',0,1600,4,'',0,1500,4,'',0,5500,4,'',0,1500,4,'',0,1500,4,'',0,1500,4,'',0,5300,4,'',0,1500,4,'',0,1600,4,'',0,1500,4,'',0,5500,4,'',0,1400,4,'',0,1600,4,'',0,1500,4,'',0,5500,4,'',0,1500,4,'',0,1300,4,'',0,1500,4,'',0,5500,4,'',0,1500,4,'',0,1600,4,'',0,1900,4,'',0,7100,4,'',0,3000,4,'',0,7000,4,'',0,3000,4,'',0,6900,4,'',0,3000,4,'',0,7000,4,'',0,3000,4,'',0,10000,4,'',0,9900,4,'',0
'3merged13526206',668001,82800,4,'',0,10100,4,'',0,2700,4,'',0,5500,4,'',0,1500,4,'',0,1500,4,'',0,1500,4,'',0,5500,4,'',0,1500,4,'',0,1500,4,'',0,1500,4,'',0,5400,4,'',0,1700,4,'',0,1500,4,'',0,1500,4,'',0,5500,4,'',0,1500,4,'',0,1500,4,'',0,1500,4,'',0,5500,4,'',0,1600,4,'',0,1500,4,'',0,1500,4,'',0,5500,4,'',0,1400,4,'',0,1500,4,'',0,1500,4,'',0,5500,4,'',0,1500,4,'',0,1500,4,'',0,1400,4,'',0,5500,4,'',0,1500,4,'',0,1500,4,'',0,1500,4,'',0,5500,4,'',0,1600,4,'',0,1600,4,'',0,1600,4,'',0,6800,4,'',0,3000,4,'',0,7000,4,'',0,3100,4,'',0,6900,4,'',0,3100,4,'',0,6800,4,'',0,3100,4,'',0
'1merged13526202',3679901,61000,4,'',0,3000,4,'',0,1800,4,'',0,5000,4,'',0,3000,4,'',0,1500,4,'',0,5700,4,'',0,1300,4,'',0,1500,4,'',0,1500,4,'',0,6000,4,'',0,1300,4,'',0,1700,4,'',0,5700,4,'',0,2600,4,'',0,3000,4,'',0,6800,4,'',0,3000,4,'',0,7000,4,'',0,3100,4,'',0,7200,4,'',0,3000,4,'',0,6800,4,'',0,3300,4,'',0,6800,4,'',0,2200,4,'',0,6400,4,'',0,1400,4,'',0,1600,4,'',0,1400,4,'',0,5700,4,'',0,1300,4,'',0,900,4,'',0,800,4,'',0,1100,4,'',0,4900,4,'',0,1000,4,'',0,1500,4,'',0,1400,4,'',0,1500,4,'',0,5500,4,'',0,1500,4,'',0,2900,4,'',0,10000,4,'',0,10000,4,'',0,9900,4,'',0,10000,4,'',0,10000,4,'',0
'2merged13526207',3679901,62500,4,'',0,3000,4,'',0,7000,4,'',0,3000,4,'',0,7000,4,'',0,3000,4,'',0,7100,4,'',0,3100,4,'',0,7000,4,'',0,3000,4,'',0,7100,4,'',0,2900,4,'',0,7000,4,'',0,3000,4,'',0,7000,4,'',0,3000,4,'',0,7000,4,'',0,3000,4,'',0,7000,4,'',0,3000,4,'',0,7000,4,'',0,3000,4,'',0,7000,4,'',0,3000,4,'',0,7000,4,'',0,3000,4,'',0,7000,4,'',0,2800,4,'',0,10100,4,'',0,10000,4,'',0,10000,4,'',0,10000,4,'',0,10000,4,'',0
'3merged13526206',3679901,85100,4,'',0,10200,4,'',0,10300,4,'',0,7000,4,'',0,3200,4,'',0,7000,4,'',0,3000,4,'',0,6900,4,'',0,3000,4,'',0,7000,4,'',0,3000,4,'',0,7000,4,'',0,3000,4,'',0,7000,4,'',0,3000,4,'',0,7000,4,'',0,3000,4,'',0,7000,4,'',0,2800,4,'',0,7100,4,'',0,3000,4,'',0,10000,4,'',0,10000,4,'',0,9900,4,'',0,10000,4,'',0,9800,4,'',0
