'259801',677800,53500,4,'',0,9500,4,'',0,10000,4,'',0,11000,4,'',0,21000,4,'',0,27000,4,'',0,11500,4,'',0,17500,4,'',0,11000,4,'',0,10500,4,'',0,10500,4,'',0,10000,4,'',0
'259801',677801,50000,,'',0,10000,,'',0,10000,,'',0,11000,,'',0,10500,,'',0,21000,,'',0,27500,,'',0,13500,,'',0,11000,,'',0,10500,,'',0,10500,,'',0,10000,,'',0
'259802',677800,84000,4,'',0,21000,4,'',0,27000,4,'',0,11500,4,'',0,28500,4,'',0,21000,4,'',0
'259802',677801,84500,,'',0,27000,,'',0,20500,,'',0,19000,,'',0,21500,,'',0
'259803',677800,84000,4,'',0,21000,4,'',0,27000,4,'',0,11500,4,'',0,28500,4,'',0,21000,4,'',0
'259803',677801,84500,,'',0,27000,,'',0,20500,,'',0,19000,,'',0,21500,,'',0
'4901merged13993382',677800,53500,4,'',0,10000,4,'',0,10500,4,'',0,10500,4,'',0,25500,4,'',0,22000,4,'',0,9500,4,'',0,9000,4,'',0,10500,4,'',0,10500,4,'',0,11000,4,'',0,10500,4,'',0,10500,4,'',0
'4901merged13993382',677801,45500,,'',0,10000,,'',0,14500,,'',0,10500,,'',0,10500,,'',0,22000,,'',0,20500,,'',0,9000,,'',0,10500,,'',0,10500,,'',0,11000,,'',0,10500,,'',0,10500,,'',0
'4902merged13993384',677800,85000,4,'',0,25500,4,'',0,21500,4,'',0,18500,4,'',0,21000,4,'',0,22000,4,'',0
'4902merged13993384',677801,85000,,'',0,26000,,'',0,21000,,'',0,19000,,'',0,21500,,'',0
'4903merged13993383',677800,85000,4,'',0,25500,4,'',0,21500,4,'',0,18500,4,'',0,21000,4,'',0,22000,4,'',0
'4903merged13993383',677801,85000,,'',0,26000,,'',0,21000,,'',0,19000,,'',0,21500,,'',0
