'101merged13993397',665900,163000,4,'',0
'1merged13993387',665900,52500,4,'',0,9300,4,'',0,3600,4,'',0,6800,4,'',0,3200,4,'',0,7100,4,'',0,2800,4,'',0,7000,4,'',0,3000,4,'',0,7000,4,'',0,3000,4,'',0,7000,4,'',0,3000,4,'',0,7000,4,'',0,3000,4,'',0,7000,4,'',0,2900,4,'',0,7100,4,'',0,3100,4,'',0,7400,4,'',0,2500,4,'',0,8700,4,'',0,6000,4,'',0,3000,4,'',0,2800,4,'',0,7000,4,'',0,2800,4,'',0,7000,4,'',0,3000,4,'',0,6800,4,'',0,3000,4,'',0,7000,4,'',0,3000,4,'',0,6900,4,'',0,3000,4,'',0,6800,4,'',0,3000,4,'',0,7000,4,'',0,3000,4,'',0,7000,4,'',0,3000,4,'',0,6600,4,'',0
'2merged13993389',665900,64600,4,'',0,7000,4,'',0,3100,4,'',0,6900,4,'',0,3100,4,'',0,7000,4,'',0,3000,4,'',0,7000,4,'',0,3100,4,'',0,7000,4,'',0,3000,4,'',0,7000,4,'',0,3200,4,'',0,7000,4,'',0,3000,4,'',0,7100,4,'',0,3000,4,'',0,7000,4,'',0,2900,4,'',0,7000,4,'',0,2900,4,'',0,7000,4,'',0,3000,4,'',0,7000,4,'',0,3000,4,'',0,7000,4,'',0,3000,4,'',0,7000,4,'',0,3000,4,'',0,7000,4,'',0,3000,4,'',0,7000,4,'',0,2900,4,'',0,6800,4,'',0,3000,4,'',0,7000,4,'',0,3000,4,'',0,6900,4,'',0,3000,4,'',0,7000,4,'',0
'3merged13993388',665900,73900,4,'',0,7100,4,'',0,3000,4,'',0,7100,4,'',0,3000,4,'',0,7300,4,'',0,3000,4,'',0,7000,4,'',0,3000,4,'',0,7000,4,'',0,3000,4,'',0,7000,4,'',0,3000,4,'',0,7000,4,'',0,3000,4,'',0,7000,4,'',0,3100,4,'',0,7000,4,'',0,3000,4,'',0,7100,4,'',0,3000,4,'',0,7000,4,'',0,2800,4,'',0,7000,4,'',0,3000,4,'',0,7000,4,'',0,3000,4,'',0,7000,4,'',0,3000,4,'',0,7000,4,'',0,3300,4,'',0,7000,4,'',0,2900,4,'',0,7000,4,'',0,2800,4,'',0,7200,4,'',0
'101merged13993397',666000,91000,4,'',0,64400,4,'',0,5300,4,'',0,1600,4,'',0
'101merged13993397',666001,83000,,'',0,68200,,'',0
'1merged13993387',666000,62100,4,'',0,2200,4,'',0,5700,4,'',0,2100,4,'',0,1700,4,'',0,1700,4,'',0,5600,4,'',0,1400,4,'',0,2100,4,'',0,7100,4,'',0,2800,4,'',0,6800,4,'',0,2700,4,'',0,7100,4,'',0,3400,4,'',0,6600,4,'',0,3000,4,'',0,7200,4,'',0,3100,4,'',0,7100,4,'',0,3100,4,'',0,7000,4,'',0,2100,4,'',0,9800,4,'',0,1500,4,'',0,5500,4,'',0,1400,4,'',0,1100,4,'',0,1600,4,'',0,1300,4,'',0,5800,4,'',0,1200,4,'',0,1500,4,'',0,6000,4,'',0,600,4,'',0,1900,4,'',0,1000,4,'',0,7300,4,'',0,3000,4,'',0,7000,4,'',0,2800,4,'',0,10000,4,'',0,10000,4,'',0,10000,4,'',0
'1merged13993387',666001,52000,,'',0,1900,,'',0,1800,,'',0,5800,,'',0,1500,,'',0,1500,,'',0,5500,,'',0,1000,,'',0,1600,,'',0,1700,,'',0,5700,,'',0,1600,,'',0,3500,,'',0,7100,,'',0,3000,,'',0,7000,,'',0,3000,,'',0,7000,,'',0,3500,,'',0,7000,,'',0,3000,,'',0,6900,,'',0,3000,,'',0,6400,,'',0,3300,,'',0,7300,,'',0,1600,,'',0,1700,,'',0,5400,,'',0,1500,,'',0,1200,,'',0,1500,,'',0,5500,,'',0,1500,,'',0,1500,,'',0,1500,,'',0,5500,,'',0,2500,,'',0,2000,,'',0,5700,,'',0,3000,,'',0,7000,,'',0,3000,,'',0,10000,,'',0,10000,,'',0,10300,,'',0
'2merged13993389',666000,70400,4,'',0,3100,4,'',0,7300,4,'',0,3000,4,'',0,7100,4,'',0,3200,4,'',0,7000,4,'',0,3000,4,'',0,7000,4,'',0,3000,4,'',0,6900,4,'',0,3100,4,'',0,7000,4,'',0,3000,4,'',0,7000,4,'',0,2800,4,'',0,7000,4,'',0,3000,4,'',0,7000,4,'',0,3000,4,'',0,7100,4,'',0,3000,4,'',0,6900,4,'',0,3000,4,'',0,7000,4,'',0,2800,4,'',0,7000,4,'',0,3100,4,'',0,9800,4,'',0,10000,4,'',0,10000,4,'',0,11100,4,'',0
'2merged13993389',666001,63000,,'',0,9500,,'',0,3000,,'',0,7000,,'',0,3000,,'',0,7000,,'',0,3000,,'',0,7000,,'',0,3000,,'',0,7000,,'',0,3000,,'',0,7000,,'',0,3000,,'',0,7000,,'',0,3000,,'',0,7000,,'',0,3000,,'',0,7000,,'',0,3000,,'',0,7000,,'',0,3000,,'',0,7000,,'',0,3000,,'',0,7000,,'',0,3000,,'',0,7000,,'',0,3000,,'',0,10000,,'',0,10000,,'',0,10000,,'',0,10000,,'',0
'3merged13993388',666000,75900,4,'',0,14200,4,'',0,4900,4,'',0,6900,4,'',0,3000,4,'',0,7100,4,'',0,3000,4,'',0,7000,4,'',0,3200,4,'',0,7000,4,'',0,3000,4,'',0,7000,4,'',0,3000,4,'',0,7000,4,'',0,3000,4,'',0,7000,4,'',0,3000,4,'',0,6900,4,'',0,3000,4,'',0,7300,4,'',0,3200,4,'',0,6700,4,'',0,2600,4,'',0,6800,4,'',0,3000,4,'',0,10300,4,'',0,10000,4,'',0,10000,4,'',0,10000,4,'',0
'3merged13993388',666001,70200,,'',0,10000,,'',0,10400,,'',0,2800,,'',0,6800,,'',0,3000,,'',0,7000,,'',0,3000,,'',0,7000,,'',0,3000,,'',0,7000,,'',0,3000,,'',0,7000,,'',0,3000,,'',0,7000,,'',0,3000,,'',0,7000,,'',0,3000,,'',0,7000,,'',0,3000,,'',0,7000,,'',0,3000,,'',0,7000,,'',0,3000,,'',0,7000,,'',0,5200,,'',0,10000,,'',0,10100,,'',0,10000,,'',0
'701merged13993378',666001,143500,,'',0
'801merged13993403',666001,143500,,'',0
'101merged13993397',666100,153900,4,'',0
'1merged13993387',666100,60300,4,'',0,1500,4,'',0,1500,4,'',0,1500,4,'',0,5500,4,'',0,1500,4,'',0,1800,4,'',0,1500,4,'',0,5700,4,'',0,1500,4,'',0,1700,4,'',0,1300,4,'',0,5500,4,'',0,1500,4,'',0,3000,4,'',0,6900,4,'',0,3000,4,'',0,7000,4,'',0,3000,4,'',0,7100,4,'',0,3000,4,'',0,7000,4,'',0,3000,4,'',0,7200,4,'',0,3000,4,'',0,7600,4,'',0,1000,4,'',0,1300,4,'',0,5500,4,'',0,1500,4,'',0,1500,4,'',0,1500,4,'',0,5500,4,'',0,1500,4,'',0,1500,4,'',0,1500,4,'',0,5400,4,'',0,1500,4,'',0,1200,4,'',0,1900,4,'',0,5600,4,'',0,2000,4,'',0,7000,4,'',0,3000,4,'',0,7000,4,'',0,3000,4,'',0,2800,4,'',0,7000,4,'',0
'2merged13993389',666100,62500,4,'',0,3000,4,'',0,7000,4,'',0,3000,4,'',0,7000,4,'',0,3400,4,'',0,7000,4,'',0,7100,4,'',0,3000,4,'',0,7000,4,'',0,3100,4,'',0,7000,4,'',0,3000,4,'',0,7000,4,'',0,3000,4,'',0,7100,4,'',0,3000,4,'',0,7000,4,'',0,3000,4,'',0,7000,4,'',0,3000,4,'',0,7000,4,'',0,2900,4,'',0,7000,4,'',0,2900,4,'',0,7000,4,'',0,3000,4,'',0,7000,4,'',0,3000,4,'',0,7000,4,'',0,3000,4,'',0,7000,4,'',0,2800,4,'',0,3000,4,'',0
'3merged13993388',666100,75700,4,'',0,7000,4,'',0,3000,4,'',0,7000,4,'',0,3100,4,'',0,7100,4,'',0,7200,4,'',0,3000,4,'',0,7000,4,'',0,3000,4,'',0,7000,4,'',0,3000,4,'',0,7000,4,'',0,3000,4,'',0,7000,4,'',0,3000,4,'',0,7100,4,'',0,3000,4,'',0,7000,4,'',0,3000,4,'',0,7000,4,'',0,2900,4,'',0,6900,4,'',0,3000,4,'',0,7000,4,'',0,10000,4,'',0,10000,4,'',0,10000,4,'',0
'101merged13993397',666600,84900,4,'',0,78800,4,'',0
'1merged13993387',666600,55700,4,'',0,8500,4,'',0,6600,4,'',0,2700,4,'',0,7000,4,'',0,1800,4,'',0,8700,4,'',0,2500,4,'',0,7200,4,'',0,2800,4,'',0,7300,4,'',0,3000,4,'',0,7000,4,'',0,3000,4,'',0,6800,4,'',0,3000,4,'',0,7300,4,'',0,2900,4,'',0,7700,4,'',0,3500,4,'',0,7000,4,'',0,3500,4,'',0,5900,4,'',0,1600,4,'',0,1400,4,'',0,5600,4,'',0,600,4,'',0,1800,4,'',0,1500,4,'',0,1100,4,'',0,5500,4,'',0,1800,4,'',0,2000,4,'',0,7200,4,'',0,3800,4,'',0,8500,4,'',0,8500,4,'',0,8300,4,'',0,4500,4,'',0,8400,4,'',0,8200,4,'',0,8500,4,'',0
'2merged13993389',666600,72800,4,'',0,3100,4,'',0,7200,4,'',0,7000,4,'',0,3000,4,'',0,7200,4,'',0,3000,4,'',0,7000,4,'',0,3500,4,'',0,6800,4,'',0,3200,4,'',0,6800,4,'',0,2900,4,'',0,7500,4,'',0,3000,4,'',0,6800,4,'',0,3000,4,'',0,6900,4,'',0,3100,4,'',0,6800,4,'',0,2800,4,'',0,6900,4,'',0,3000,4,'',0,7000,4,'',0,3000,4,'',0,2600,4,'',0,14300,4,'',0,9800,4,'',0,5900,4,'',0,9900,4,'',0,9900,4,'',0,9900,4,'',0,7400,4,'',0
'3merged13993388',666600,74400,4,'',0,9500,4,'',0,10000,4,'',0,10600,4,'',0,9900,4,'',0,10300,4,'',0,10000,4,'',0,9800,4,'',0,10000,4,'',0,9900,4,'',0,10200,4,'',0,9700,4,'',0,9800,4,'',0,9600,4,'',0,10100,4,'',0,10000,4,'',0,9700,4,'',0,10800,4,'',0
'1merged13993387',666800,60600,4,'',0,3000,4,'',0,7200,4,'',0,3100,4,'',0,7100,4,'',0,3400,4,'',0,7200,4,'',0,3000,4,'',0,6600,4,'',0,3000,4,'',0,6900,4,'',0,3000,4,'',0,7000,4,'',0,3000,4,'',0,7000,4,'',0,3100,4,'',0,6900,4,'',0,3000,4,'',0,7200,4,'',0,3200,4,'',0,7100,4,'',0,3400,4,'',0,6600,4,'',0,3000,4,'',0,6700,4,'',0,2900,4,'',0,5900,4,'',0,2200,4,'',0,3000,4,'',0,6900,4,'',0,3000,4,'',0,7000,4,'',0,3000,4,'',0,6800,4,'',0,3000,4,'',0,6900,4,'',0,10000,4,'',0,9700,4,'',0,10000,4,'',0
'2merged13993389',666800,60700,4,'',0,4300,4,'',0,5900,4,'',0,3000,4,'',0,7000,4,'',0,3400,4,'',0,6900,4,'',0,3400,4,'',0,7000,4,'',0,3000,4,'',0,7000,4,'',0,3000,4,'',0,7100,4,'',0,3200,4,'',0,7200,4,'',0,3000,4,'',0,7000,4,'',0,3000,4,'',0,6900,4,'',0,3000,4,'',0,6900,4,'',0,3000,4,'',0,7000,4,'',0,2700,4,'',0,6900,4,'',0,3000,4,'',0,7000,4,'',0,2900,4,'',0,6900,4,'',0,2700,4,'',0,7200,4,'',0,2800,4,'',0,8000,4,'',0,3000,4,'',0,7000,4,'',0,3000,4,'',0,7000,4,'',0,3000,4,'',0,6800,4,'',0,3000,4,'',0,7000,4,'',0
'3merged13993388',666800,61800,4,'',0,3400,4,'',0,7000,4,'',0,3200,4,'',0,6700,4,'',0,3000,4,'',0,6800,4,'',0,3200,4,'',0,7000,4,'',0,3200,4,'',0,6900,4,'',0,3100,4,'',0,6900,4,'',0,3100,4,'',0,6900,4,'',0,3200,4,'',0,6900,4,'',0,3100,4,'',0,6900,4,'',0,3100,4,'',0,6800,4,'',0,3100,4,'',0,6900,4,'',0,3000,4,'',0,6700,4,'',0,3000,4,'',0,7000,4,'',0,3000,4,'',0,7000,4,'',0,3000,4,'',0,7000,4,'',0,3000,4,'',0,7000,4,'',0,2900,4,'',0,7000,4,'',0,2600,4,'',0,7600,4,'',0
'101merged13993397',674901,160600,4,'',0,1000,4,'',0
'1merged13993387',674901,43100,4,'',0,7200,4,'',0,2200,4,'',0,3200,4,'',0,5400,4,'',0,1600,4,'',0,1700,4,'',0,5600,4,'',0,1600,4,'',0,1600,4,'',0,1500,4,'',0,5800,4,'',0,1500,4,'',0,1600,4,'',0,1500,4,'',0,5400,4,'',0,1300,4,'',0,1600,4,'',0,1400,4,'',0,5500,4,'',0,1600,4,'',0,1500,4,'',0,1800,4,'',0,5300,4,'',0,1800,4,'',0,1500,4,'',0,1600,4,'',0,5600,4,'',0,1100,4,'',0,1500,4,'',0,1700,4,'',0,5500,4,'',0,1300,4,'',0,1500,4,'',0,1800,4,'',0,5500,4,'',0,1600,4,'',0,1500,4,'',0,1800,4,'',0,5700,4,'',0,2500,4,'',0,1600,4,'',0,6600,4,'',0,1600,4,'',0,700,4,'',0,900,4,'',0,5500,4,'',0,1400,4,'',0,1500,4,'',0,1100,4,'',0,5400,4,'',0,1300,4,'',0,1300,4,'',0,1400,4,'',0,1300,4,'',0,5500,4,'',0,1100,4,'',0,1500,4,'',0,1500,4,'',0,5500,4,'',0,1400,4,'',0,1600,4,'',0,1400,4,'',0,6800,4,'',0,2800,4,'',0,5800,4,'',0,1800,4,'',0,2200,4,'',0,6100,4,'',0,1900,4,'',0,2300,4,'',0,7000,4,'',0,2700,4,'',0,7000,4,'',0,2800,4,'',0
'2merged13993389',674901,55900,4,'',0,7100,4,'',0,2100,4,'',0,6300,4,'',0,2500,4,'',0,1200,4,'',0,5700,4,'',0,1300,4,'',0,1500,4,'',0,1600,4,'',0,5600,4,'',0,1500,4,'',0,1600,4,'',0,1400,4,'',0,5300,4,'',0,1900,4,'',0,1800,4,'',0,1300,4,'',0,5500,4,'',0,1900,4,'',0,1500,4,'',0,5600,4,'',0,1500,4,'',0,1600,4,'',0,1400,4,'',0,5800,4,'',0,1500,4,'',0,1700,4,'',0,1400,4,'',0,5400,4,'',0,1400,4,'',0,1400,4,'',0,1500,4,'',0,5700,4,'',0,1400,4,'',0,1600,4,'',0,1500,4,'',0,5800,4,'',0,1400,4,'',0,1300,4,'',0,1400,4,'',0,5700,4,'',0,1400,4,'',0,1400,4,'',0,1500,4,'',0,5500,4,'',0,1500,4,'',0,1300,4,'',0,1700,4,'',0,5200,4,'',0,1500,4,'',0,1300,4,'',0,1400,4,'',0,1700,4,'',0,5800,4,'',0,1500,4,'',0,2000,4,'',0,7000,4,'',0,3000,4,'',0,7000,4,'',0,2800,4,'',0,6900,4,'',0,2600,4,'',0,7000,4,'',0,3000,4,'',0,7000,4,'',0,2800,4,'',0
'3merged13993388',674901,65100,4,'',0,7200,4,'',0,3000,4,'',0,7400,4,'',0,1100,4,'',0,1600,4,'',0,5400,4,'',0,1600,4,'',0,1600,4,'',0,1500,4,'',0,5800,4,'',0,1500,4,'',0,1600,4,'',0,1400,4,'',0,5500,4,'',0,1600,4,'',0,1700,4,'',0,1300,4,'',0,6000,4,'',0,1500,4,'',0,1500,4,'',0,5500,4,'',0,1800,4,'',0,1500,4,'',0,1500,4,'',0,5400,4,'',0,1300,4,'',0,1400,4,'',0,1600,4,'',0,5400,4,'',0,1600,4,'',0,1400,4,'',0,1400,4,'',0,5600,4,'',0,1700,4,'',0,1200,4,'',0,1600,4,'',0,5300,4,'',0,1500,4,'',0,1500,4,'',0,1400,4,'',0,1400,4,'',0,5500,4,'',0,1500,4,'',0,1200,4,'',0,1500,4,'',0,5400,4,'',0,1500,4,'',0,1400,4,'',0,1600,4,'',0,5400,4,'',0,1500,4,'',0,1600,4,'',0,1500,4,'',0,5500,4,'',0,2000,4,'',0,7000,4,'',0,3000,4,'',0,2800,4,'',0,7000,4,'',0,7300,4,'',0,3000,4,'',0,2700,4,'',0,6900,4,'',0
'701merged13993378',674901,142300,4,'',0
'75301merged13993398',674901,151400,4,'',0
'2merged13993389',750901,104100,4,'',0,7200,4,'',0,2800,4,'',0,7000,4,'',0,3000,4,'',0,7200,4,'',0,2800,4,'',0,7300,4,'',0,2800,4,'',0,7100,4,'',0,3100,4,'',0,6800,4,'',0,2900,4,'',0,7000,4,'',0,3000,4,'',0,7000,4,'',0,3000,4,'',0,7000,4,'',0,3000,4,'',0
'3merged13993388',750901,103800,4,'',0,7200,4,'',0,3100,4,'',0,7000,4,'',0,3000,4,'',0,7000,4,'',0,2900,4,'',0,7000,4,'',0,3000,4,'',0,7000,4,'',0,3500,4,'',0,6800,4,'',0,2700,4,'',0,6800,4,'',0,3000,4,'',0,7000,4,'',0,3000,4,'',0,7000,4,'',0,3000,4,'',0
'101merged13993397',3003701,155100,4,'',0
'1merged13993387',3003701,53100,4,'',0,7000,4,'',0,2900,4,'',0,2500,4,'',0,4500,4,'',0,2400,4,'',0,800,4,'',0,2300,4,'',0,400,4,'',0,6100,4,'',0,1700,4,'',0,7200,4,'',0,2900,4,'',0,7000,4,'',0,2800,4,'',0,7200,4,'',0,2900,4,'',0,7000,4,'',0,3200,4,'',0,7000,4,'',0,3000,4,'',0,7100,4,'',0,3200,4,'',0,7700,4,'',0,3000,4,'',0,6900,4,'',0,3000,4,'',0,7000,4,'',0,200,4,'',0,2400,4,'',0,600,4,'',0,6300,4,'',0,400,4,'',0,1400,4,'',0,1800,4,'',0,300,4,'',0,6700,4,'',0,1800,4,'',0,600,4,'',0,7400,4,'',0,9600,4,'',0,9900,4,'',0,10100,4,'',0,9900,4,'',0,9500,4,'',0
'2merged13993389',3003701,65700,4,'',0,7100,4,'',0,3000,4,'',0,7100,4,'',0,7100,4,'',0,3100,4,'',0,7300,4,'',0,3100,4,'',0,7400,4,'',0,3200,4,'',0,7200,4,'',0,3200,4,'',0,7000,4,'',0,2900,4,'',0,7000,4,'',0,3000,4,'',0,6800,4,'',0,3000,4,'',0,7000,4,'',0,3000,4,'',0,7000,4,'',0,2700,4,'',0,7000,4,'',0,2700,4,'',0,7000,4,'',0,10300,4,'',0,9800,4,'',0,9900,4,'',0,9600,4,'',0,10000,4,'',0,5700,4,'',0
'3merged13993388',3003701,70300,4,'',0,10100,4,'',0,10100,4,'',0,10300,4,'',0,10200,4,'',0,10200,4,'',0,10000,4,'',0,10300,4,'',0,10000,4,'',0,10300,4,'',0,10000,4,'',0,9300,4,'',0,9700,4,'',0,10100,4,'',0,9900,4,'',0,9900,4,'',0,9700,4,'',0,10000,4,'',0
'101merged13993397',3003801,152200,4,'',0
'1merged13993387',3003801,53000,4,'',0,7200,4,'',0,2300,4,'',0,700,4,'',0,2000,4,'',0,600,4,'',0,6600,4,'',0,600,4,'',0,1500,4,'',0,5600,4,'',0,1700,4,'',0,1500,4,'',0,2200,4,'',0,6700,4,'',0,2500,4,'',0,7500,4,'',0,2900,4,'',0,7100,4,'',0,3000,4,'',0,7000,4,'',0,3200,4,'',0,7000,4,'',0,3000,4,'',0,6900,4,'',0,3100,4,'',0,7000,4,'',0,3300,4,'',0,7000,4,'',0,2000,4,'',0,6500,4,'',0,500,4,'',0,2500,4,'',0,500,4,'',0,6000,4,'',0,500,4,'',0,2000,4,'',0,1900,4,'',0,6300,4,'',0,2300,4,'',0,9900,4,'',0,9800,4,'',0,10000,4,'',0,9800,4,'',0,9700,4,'',0
'2merged13993389',3003801,74300,4,'',0,7200,4,'',0,3200,4,'',0,7100,4,'',0,3000,4,'',0,7000,4,'',0,3100,4,'',0,7300,4,'',0,3000,4,'',0,7000,4,'',0,3200,4,'',0,7000,4,'',0,3000,4,'',0,7000,4,'',0,3000,4,'',0,7000,4,'',0,3000,4,'',0,7000,4,'',0,3000,4,'',0,7000,4,'',0,2700,4,'',0,7000,4,'',0,2800,4,'',0,6200,4,'',0,2500,4,'',0,10000,4,'',0,10000,4,'',0,10000,4,'',0,9800,4,'',0,9700,4,'',0
'3merged13993388',3003801,73800,4,'',0,9900,4,'',0,10200,4,'',0,9900,4,'',0,10100,4,'',0,10000,4,'',0,10000,4,'',0,10000,4,'',0,10000,4,'',0,9900,4,'',0,10000,4,'',0,10000,4,'',0,10000,4,'',0,10200,4,'',0,9500,4,'',0,9900,4,'',0,9800,4,'',0,10100,4,'',0
'101merged13993397',3003901,155600,4,'',0
'1merged13993387',3003901,53700,4,'',0,6400,4,'',0,700,4,'',0,2300,4,'',0,1000,4,'',0,6000,4,'',0,1000,4,'',0,1900,4,'',0,1200,4,'',0,6000,4,'',0,1000,4,'',0,1800,4,'',0,2000,4,'',0,7000,4,'',0,3000,4,'',0,6600,4,'',0,3000,4,'',0,7300,4,'',0,2900,4,'',0,7100,4,'',0,3000,4,'',0,7000,4,'',0,3100,4,'',0,7300,4,'',0,3200,4,'',0,7400,4,'',0,2900,4,'',0,6900,4,'',0,3000,4,'',0,7000,4,'',0,1300,4,'',0,1700,4,'',0,5000,4,'',0,1900,4,'',0,800,4,'',0,6800,4,'',0,1000,4,'',0,1000,4,'',0,2400,4,'',0,1100,4,'',0,5900,4,'',0,3300,4,'',0,9700,4,'',0,10000,4,'',0,9800,4,'',0,9600,4,'',0
'2merged13993389',3003901,64200,4,'',0,7000,4,'',0,3100,4,'',0,7000,4,'',0,3000,4,'',0,7400,4,'',0,3100,4,'',0,6900,4,'',0,3500,4,'',0,7000,4,'',0,3100,4,'',0,7000,4,'',0,3000,4,'',0,7000,4,'',0,2900,4,'',0,7000,4,'',0,3200,4,'',0,7000,4,'',0,2900,4,'',0,7000,4,'',0,2700,4,'',0,7100,4,'',0,2900,4,'',0,6500,4,'',0,3000,4,'',0,7000,4,'',0,3000,4,'',0,9900,4,'',0,10000,4,'',0,10000,4,'',0,10000,4,'',0,10000,4,'',0
'3merged13993388',3003901,64100,4,'',0,10000,4,'',0,10200,4,'',0,10100,4,'',0,10000,4,'',0,10200,4,'',0,10100,4,'',0,10000,4,'',0,10000,4,'',0,10000,4,'',0,10000,4,'',0,10000,4,'',0,10000,4,'',0,10000,4,'',0,9600,4,'',0,10000,4,'',0,9900,4,'',0,9900,4,'',0,10000,4,'',0
'1merged13993387',3004001,54000,4,'',0,6100,4,'',0,900,4,'',0,2100,4,'',0,1000,4,'',0,6100,4,'',0,900,4,'',0,1900,4,'',0,1000,4,'',0,6300,4,'',0,700,4,'',0,2300,4,'',0,2000,4,'',0,8100,4,'',0,7000,4,'',0,3000,4,'',0,7000,4,'',0,3100,4,'',0,7000,4,'',0,3000,4,'',0,7000,4,'',0,3000,4,'',0,7000,4,'',0,3000,4,'',0,7200,4,'',0,3300,4,'',0,6800,4,'',0,2900,4,'',0,7300,4,'',0,1800,4,'',0,1100,4,'',0,1500,4,'',0,5300,4,'',0,1900,4,'',0,700,4,'',0,6700,4,'',0,1000,4,'',0,1200,4,'',0,2300,4,'',0,1300,4,'',0,5800,4,'',0,9800,4,'',0,10000,4,'',0,10000,4,'',0,9800,4,'',0,9800,4,'',0
'2merged13993389',3004001,72800,4,'',0,3000,4,'',0,7100,4,'',0,3000,4,'',0,7100,4,'',0,7300,4,'',0,3100,4,'',0,7000,4,'',0,3000,4,'',0,7000,4,'',0,3300,4,'',0,7000,4,'',0,3000,4,'',0,7000,4,'',0,2900,4,'',0,7000,4,'',0,3000,4,'',0,7200,4,'',0,3000,4,'',0,6900,4,'',0,3000,4,'',0,6900,4,'',0,2700,4,'',0,7000,4,'',0,3000,4,'',0,8600,4,'',0,9400,4,'',0,10000,4,'',0,10000,4,'',0,10000,4,'',0
'3merged13993388',3004001,71800,4,'',0,10400,4,'',0,10000,4,'',0,10000,4,'',0,10000,4,'',0,10000,4,'',0,10100,4,'',0,10000,4,'',0,10300,4,'',0,10000,4,'',0,9600,4,'',0,10100,4,'',0,9900,4,'',0,10000,4,'',0,9600,4,'',0,10000,4,'',0,10000,4,'',0,10000,4,'',0
'1merged13993387',3004101,63500,4,'',0,1500,4,'',0,5500,4,'',0,1600,4,'',0,1500,4,'',0,1500,4,'',0,5500,4,'',0,1500,4,'',0,1400,4,'',0,1600,4,'',0,5500,4,'',0,63100,4,'',0,1500,4,'',0,5500,4,'',0,1500,4,'',0,1900,4,'',0,1500,4,'',0,4700,4,'',0,800,4,'',0,1400,4,'',0,1700,4,'',0,8000,4,'',0,8600,4,'',0
'2merged13993389',3004201,85700,4,'',0,7500,4,'',0,7500,4,'',0,3500,4,'',0,7700,4,'',0,3500,4,'',0,7500,4,'',0,7500,4,'',0,3500,4,'',0,7500,4,'',0,3500,4,'',0,7500,4,'',0,7600,4,'',0,3500,4,'',0,7400,4,'',0,3500,4,'',0,7500,4,'',0,3400,4,'',0,7000,4,'',0,3100,4,'',0
'3merged13993388',3004201,90000,4,'',0,3500,4,'',0,7500,4,'',0,3300,4,'',0,7500,4,'',0,3500,4,'',0,7500,4,'',0,7600,4,'',0,3500,4,'',0,7400,4,'',0,3600,4,'',0,7400,4,'',0,3500,4,'',0,7500,4,'',0,7600,4,'',0,3500,4,'',0,7500,4,'',0,3500,4,'',0,7500,4,'',0,3000,4,'',0
'1merged13993387',3004801,55200,4,'',0,5700,4,'',0,1400,4,'',0,1600,4,'',0,1500,4,'',0,5600,4,'',0,1500,4,'',0,1600,4,'',0,1500,4,'',0,5500,4,'',0,1500,4,'',0,1500,4,'',0,6700,4,'',0,2800,4,'',0,7000,4,'',0,3000,4,'',0,7000,4,'',0,3000,4,'',0,7000,4,'',0,3000,4,'',0,7000,4,'',0,3000,4,'',0,7000,4,'',0,3100,4,'',0,7200,4,'',0,2000,4,'',0,1500,4,'',0,1500,4,'',0,5500,4,'',0,1500,4,'',0,1700,4,'',0,5400,4,'',0,1600,4,'',0,1600,4,'',0,1500,4,'',0,5300,4,'',0,1400,4,'',0,1200,4,'',0,1600,4,'',0,1300,4,'',0,5700,4,'',0,1800,4,'',0,7000,4,'',0,2900,4,'',0,7400,4,'',0,2600,4,'',0,3000,4,'',0,7400,4,'',0,7100,4,'',0,2900,4,'',0
'2merged13993389',3004801,74200,4,'',0,7200,4,'',0,3000,4,'',0,7000,4,'',0,3000,4,'',0,7300,4,'',0,3000,4,'',0,7000,4,'',0,3000,4,'',0,7000,4,'',0,2800,4,'',0,7000,4,'',0,3000,4,'',0,7000,4,'',0,3000,4,'',0,7000,4,'',0,3000,4,'',0,7200,4,'',0,3000,4,'',0,7000,4,'',0,3000,4,'',0,7000,4,'',0,3000,4,'',0,6500,4,'',0,3400,4,'',0,6800,4,'',0,3000,4,'',0,7000,4,'',0,3000,4,'',0,7000,4,'',0,3000,4,'',0,7000,4,'',0,3000,4,'',0
'3merged13993388',3004801,84700,4,'',0,7000,4,'',0,3000,4,'',0,7000,4,'',0,3000,4,'',0,7000,4,'',0,3000,4,'',0,7000,4,'',0,3000,4,'',0,7000,4,'',0,3000,4,'',0,7000,4,'',0,3000,4,'',0,7000,4,'',0,3000,4,'',0,7000,4,'',0,3000,4,'',0,7000,4,'',0,3000,4,'',0,7000,4,'',0,3000,4,'',0,7000,4,'',0,3000,4,'',0,7000,4,'',0,3000,4,'',0,7000,4,'',0,3000,4,'',0
'101merged13993397',3005001,85100,4,'',0,75600,4,'',0
'1merged13993387',3005001,50000,4,'',0,2800,4,'',0,1500,4,'',0,1500,4,'',0,5500,4,'',0,1000,4,'',0,1600,4,'',0,1500,4,'',0,5600,4,'',0,1600,4,'',0,1700,4,'',0,1500,4,'',0,5500,4,'',0,1500,4,'',0,1500,4,'',0,6100,4,'',0,1500,4,'',0,1900,4,'',0,6900,4,'',0,3000,4,'',0,7000,4,'',0,3000,4,'',0,7000,4,'',0,3000,4,'',0,7200,4,'',0,3000,4,'',0,7000,4,'',0,3000,4,'',0,7900,4,'',0,700,4,'',0,1200,4,'',0,1500,4,'',0,6000,4,'',0,800,4,'',0,2000,4,'',0,6200,4,'',0,1400,4,'',0,1400,4,'',0,1400,4,'',0,5800,4,'',0,1700,4,'',0,2300,4,'',0,1100,4,'',0,5400,4,'',0,2100,4,'',0,1700,4,'',0,6800,4,'',0,3000,4,'',0,7000,4,'',0,3000,4,'',0,7000,4,'',0,3000,4,'',0,7000,4,'',0,3000,4,'',0
'2merged13993389',3005001,60900,4,'',0,3000,4,'',0,7100,4,'',0,3300,4,'',0,7000,4,'',0,3100,4,'',0,7200,4,'',0,3000,4,'',0,7100,4,'',0,3000,4,'',0,7200,4,'',0,3000,4,'',0,7000,4,'',0,3200,4,'',0,7000,4,'',0,2900,4,'',0,7000,4,'',0,3000,4,'',0,6900,4,'',0,3000,4,'',0,7200,4,'',0,2900,4,'',0,7000,4,'',0,2800,4,'',0,6900,4,'',0,3000,4,'',0,6700,4,'',0,2900,4,'',0,7000,4,'',0,3000,4,'',0,7000,4,'',0,3000,4,'',0,6900,4,'',0,2900,4,'',0,7000,4,'',0,2800,4,'',0
'3merged13993388',3005001,71100,4,'',0,3000,4,'',0,7000,4,'',0,3200,4,'',0,7200,4,'',0,3000,4,'',0,7000,4,'',0,3400,4,'',0,7000,4,'',0,3000,4,'',0,7000,4,'',0,3000,4,'',0,7000,4,'',0,3000,4,'',0,7000,4,'',0,3000,4,'',0,7000,4,'',0,3000,4,'',0,7000,4,'',0,3000,4,'',0,7000,4,'',0,2800,4,'',0,7000,4,'',0,2900,4,'',0,7000,4,'',0,3000,4,'',0,7000,4,'',0,2900,4,'',0,7400,4,'',0,2400,4,'',0
'401merged13993391',3005001,152300,4,'',0,8300,4,'',0,9400,4,'',0
'1merged13993387',3005101,60400,4,'',0,2900,4,'',0,7100,4,'',0,2800,4,'',0,7200,4,'',0,3000,4,'',0,7000,4,'',0,1100,4,'',0,3200,4,'',0,7000,4,'',0,3000,4,'',0,7000,4,'',0,3000,4,'',0,6800,4,'',0,3000,4,'',0,7000,4,'',0,3200,4,'',0,7000,4,'',0,3200,4,'',0,7100,4,'',0,3500,4,'',0,6400,4,'',0,3200,4,'',0,7100,4,'',0,3100,4,'',0,7800,4,'',0,7000,4,'',0,1900,4,'',0,2800,4,'',0,9900,4,'',0,9800,4,'',0,9900,4,'',0,10400,4,'',0
'2merged13993389',3005101,71400,4,'',0,3000,4,'',0,7200,4,'',0,3000,4,'',0,7000,4,'',0,3200,4,'',0,7000,4,'',0,3000,4,'',0,7100,4,'',0,3200,4,'',0,7100,4,'',0,3000,4,'',0,7000,4,'',0,3000,4,'',0,7000,4,'',0,3000,4,'',0,7000,4,'',0,3000,4,'',0,7000,4,'',0,3000,4,'',0,6800,4,'',0,3000,4,'',0,6900,4,'',0,3000,4,'',0,6900,4,'',0,2200,4,'',0,10500,4,'',0,10000,4,'',0,9300,4,'',0
'3merged13993388',3005101,71300,4,'',0,3000,4,'',0,7200,4,'',0,3000,4,'',0,7000,4,'',0,3100,4,'',0,7200,4,'',0,3000,4,'',0,7000,4,'',0,3000,4,'',0,7300,4,'',0,3000,4,'',0,7000,4,'',0,3000,4,'',0,7100,4,'',0,3000,4,'',0,7000,4,'',0,3000,4,'',0,6800,4,'',0,3000,4,'',0,7000,4,'',0,3000,4,'',0,7000,4,'',0,3000,4,'',0,6600,4,'',0,3000,4,'',0,10000,4,'',0,10000,4,'',0
'1merged13993387',3058401,55400,4,'',0,7000,4,'',0,3000,4,'',0,7200,4,'',0,3000,4,'',0,7200,4,'',0,7200,4,'',0,3100,4,'',0,2800,4,'',0,6800,4,'',0,2900,4,'',0,7000,4,'',0,3300,4,'',0,7000,4,'',0,3000,4,'',0,7000,4,'',0,7100,4,'',0,3300,4,'',0,6700,4,'',0,2900,4,'',0,7200,4,'',0,3000,4,'',0,7600,4,'',0,2400,4,'',0,7300,4,'',0,4600,4,'',0,6000,4,'',0,2500,4,'',0,7200,4,'',0,3100,4,'',0,6600,4,'',0,3100,4,'',0,7000,4,'',0
'2merged13993389',3058401,62600,4,'',0,2800,4,'',0,7200,4,'',0,3000,4,'',0,7200,4,'',0,3100,4,'',0,7700,4,'',0,7000,4,'',0,3000,4,'',0,7100,4,'',0,3300,4,'',0,7000,4,'',0,3000,4,'',0,7100,4,'',0,2900,4,'',0,7100,4,'',0,2800,4,'',0,7000,4,'',0,3100,4,'',0,6800,4,'',0,2800,4,'',0,7200,4,'',0,3000,4,'',0,6800,4,'',0,3300,4,'',0,6900,4,'',0,2200,4,'',0,7000,4,'',0,3000,4,'',0,7000,4,'',0,3000,4,'',0,7000,4,'',0
'3merged13993388',3058401,75100,4,'',0,7100,4,'',0,3000,4,'',0,7000,4,'',0,3200,4,'',0,7100,4,'',0,2900,4,'',0,7000,4,'',0,3000,4,'',0,7000,4,'',0,3000,4,'',0,7300,4,'',0,3000,4,'',0,7000,4,'',0,3000,4,'',0,7000,4,'',0,3000,4,'',0,7000,4,'',0,3100,4,'',0,7200,4,'',0,7000,4,'',0,2700,4,'',0,2700,4,'',0,7000,4,'',0,3000,4,'',0,7000,4,'',0,3000,4,'',0,7000,4,'',0,3200,4,'',0
'101merged13993397',3780901,155200,4,'',0
'1merged13993387',3780901,52500,4,'',0,1000,4,'',0,1100,4,'',0,1000,4,'',0,5000,4,'',0,1400,4,'',0,900,4,'',0,1000,4,'',0,1000,4,'',0,5200,4,'',0,1000,4,'',0,1100,4,'',0,1200,4,'',0,1000,4,'',0,1300,4,'',0,4900,4,'',0,1000,4,'',0,1000,4,'',0,1100,4,'',0,1000,4,'',0,500,4,'',0,5000,4,'',0,1000,4,'',0,1000,4,'',0,1400,4,'',0,1600,4,'',0,5600,4,'',0,1500,4,'',0,1500,4,'',0,1500,4,'',0,5600,4,'',0,1500,4,'',0,1600,4,'',0,1500,4,'',0,5400,4,'',0,1500,4,'',0,1300,4,'',0,1500,4,'',0,5500,4,'',0,1500,4,'',0,1500,4,'',0,1500,4,'',0,5700,4,'',0,1500,4,'',0,1700,4,'',0,1500,4,'',0,5400,4,'',0,1800,4,'',0,1300,4,'',0,1800,4,'',0,5100,4,'',0,1000,4,'',0,800,4,'',0,900,4,'',0,1000,4,'',0,5300,4,'',0,700,4,'',0,1200,4,'',0,600,4,'',0,1100,4,'',0,1000,4,'',0,900,4,'',0,4900,4,'',0,1000,4,'',0,800,4,'',0,900,4,'',0,1500,4,'',0,5400,4,'',0,1500,4,'',0,1300,4,'',0,1500,4,'',0,1500,4,'',0,5500,4,'',0,1500,4,'',0,1500,4,'',0,1500,4,'',0,5500,4,'',0,1300,4,'',0,1400,4,'',0,1500,4,'',0,5500,4,'',0,1400,4,'',0,1500,4,'',0,1500,4,'',0,5500,4,'',0,1400,4,'',0,1500,4,'',0,1500,4,'',0,5500,4,'',0,1400,4,'',0
'2merged13993389',3780901,52600,4,'',0,1600,4,'',0,1500,4,'',0,5500,4,'',0,1500,4,'',0,1500,4,'',0,1500,4,'',0,5600,4,'',0,1500,4,'',0,1500,4,'',0,1600,4,'',0,5500,4,'',0,1700,4,'',0,1500,4,'',0,5500,4,'',0,1500,4,'',0,1800,4,'',0,1500,4,'',0,5600,4,'',0,1500,4,'',0,1700,4,'',0,1500,4,'',0,5600,4,'',0,1500,4,'',0,1900,4,'',0,1500,4,'',0,5700,4,'',0,1500,4,'',0,1800,4,'',0,5500,4,'',0,1400,4,'',0,1600,4,'',0,1300,4,'',0,5500,4,'',0,1500,4,'',0,1500,4,'',0,1400,4,'',0,1500,4,'',0,5500,4,'',0,1500,4,'',0,1500,4,'',0,1300,4,'',0,5100,4,'',0,1900,4,'',0,1100,4,'',0,1500,4,'',0,5500,4,'',0,1500,4,'',0,1500,4,'',0,1400,4,'',0,5600,4,'',0,1200,4,'',0,1500,4,'',0,1500,4,'',0,5300,4,'',0,1500,4,'',0,1700,4,'',0,1500,4,'',0,5300,4,'',0,1500,4,'',0,1400,4,'',0,1500,4,'',0,5600,4,'',0,1500,4,'',0,1400,4,'',0,1500,4,'',0,5400,4,'',0,1400,4,'',0,1400,4,'',0,1500,4,'',0,1500,4,'',0,5500,4,'',0,1400,4,'',0,1500,4,'',0,1500,4,'',0,5500,4,'',0,1400,4,'',0
'3merged13993388',3780901,52800,4,'',0,1500,4,'',0,1500,4,'',0,5500,4,'',0,1400,4,'',0,1500,4,'',0,1600,4,'',0,5600,4,'',0,1400,4,'',0,1500,4,'',0,1500,4,'',0,5500,4,'',0,1500,4,'',0,1800,4,'',0,5500,4,'',0,1600,4,'',0,1600,4,'',0,1500,4,'',0,5600,4,'',0,1500,4,'',0,1600,4,'',0,1500,4,'',0,5700,4,'',0,1500,4,'',0,1800,4,'',0,1500,4,'',0,5800,4,'',0,1500,4,'',0,1600,4,'',0,1500,4,'',0,5500,4,'',0,1500,4,'',0,1400,4,'',0,1500,4,'',0,5400,4,'',0,1500,4,'',0,1400,4,'',0,1500,4,'',0,5500,4,'',0,1500,4,'',0,1500,4,'',0,1400,4,'',0,5400,4,'',0,1500,4,'',0,1500,4,'',0,1500,4,'',0,5400,4,'',0,1100,4,'',0,1700,4,'',0,1500,4,'',0,5500,4,'',0,1500,4,'',0,1100,4,'',0,1500,4,'',0,5500,4,'',0,1500,4,'',0,1400,4,'',0,1500,4,'',0,5500,4,'',0,1500,4,'',0,1500,4,'',0,1500,4,'',0,5400,4,'',0,1500,4,'',0,1400,4,'',0,1500,4,'',0,1500,4,'',0,5500,4,'',0,1400,4,'',0,1500,4,'',0,1500,4,'',0,5500,4,'',0,1400,4,'',0,1500,4,'',0,1500,4,'',0,5500,4,'',0,1500,4,'',0
