'155202',3004200,193100,4,'',0
'155202',3004201,183600,,'',0,10000,,'',0
'155203',3004200,192800,4,'',0
'155203',3004201,183500,,'',0,10000,,'',0
'155302',3004201,183600,,'',0
'155303',3004201,183500,,'',0
'2merged13592002',3004200,82800,4,'',0,7200,4,'',0,3000,4,'',0,7000,4,'',0,3000,4,'',0,7000,4,'',0,3100,4,'',0,7000,4,'',0,3000,4,'',0,7000,4,'',0,3000,4,'',0,7000,4,'',0,3000,4,'',0,7000,4,'',0,2900,4,'',0,7000,4,'',0,2900,4,'',0,7200,4,'',0,2900,4,'',0,7000,4,'',0,3100,4,'',0,7000,4,'',0
'2merged13592002',3004201,83500,,'',0,7000,,'',0,3000,,'',0,7000,,'',0,3100,,'',0,7000,,'',0,3000,,'',0,7000,,'',0,3000,,'',0,7000,,'',0,3000,,'',0,7000,,'',0,3000,,'',0,7000,,'',0,2900,,'',0,7000,,'',0,3000,,'',0,7100,,'',0,3000,,'',0,7000,,'',0,10000,,'',0
'3merged13592001',3004200,82800,4,'',0,3000,4,'',0,7000,4,'',0,7300,4,'',0,3000,4,'',0,7000,4,'',0,3000,4,'',0,7000,4,'',0,3000,4,'',0,7000,4,'',0,3000,4,'',0,7000,4,'',0,3000,4,'',0,7100,4,'',0,3000,4,'',0,7000,4,'',0,3000,4,'',0,6800,4,'',0,2900,4,'',0,2900,4,'',0,7000,4,'',0,3000,4,'',0
'3merged13592001',3004201,83500,,'',0,7000,,'',0,3000,,'',0,7100,,'',0,3000,,'',0,7000,,'',0,3000,,'',0,7000,,'',0,3000,,'',0,7000,,'',0,3100,,'',0,6900,,'',0,3100,,'',0,7000,,'',0,3000,,'',0,7000,,'',0,3000,,'',0,6800,,'',0,3000,,'',0,7000,,'',0,10000,,'',0
