'101',667201,162500,4,'',0
'1merged13719003',667200,55300,,'',0,5000,,'',0,1700,,'',0,1300,,'',0,1600,,'',0,5600,,'',0,1500,,'',0,1200,,'',0,1600,,'',0,5600,,'',0,1500,,'',0,1600,,'',0,1600,,'',0,6800,,'',0,3000,,'',0,7000,,'',0,3000,,'',0,7000,,'',0,3000,,'',0,7000,,'',0,2900,,'',0,6700,,'',0,2800,,'',0,7000,,'',0,3400,,'',0,6700,,'',0,2000,,'',0,1300,,'',0,5400,,'',0,1300,,'',0,1400,,'',0,1800,,'',0,5400,,'',0,1500,,'',0,1700,,'',0,1500,,'',0,5800,,'',0,800,0,'Phibbs Exch',0,1100,,'',0,1400,,'',0,1500,,'',0,5600,,'',0,1500,,'',0,3000,,'',0
'1merged13719003',667201,60700,4,'',0,3000,4,'',0,1800,4,'',0,5300,4,'',0,1500,4,'',0,1000,4,'',0,1000,4,'',0,1600,4,'',0,5300,4,'',0,1000,4,'',0,1100,4,'',0,1300,4,'',0,5600,4,'',0,1500,4,'',0,1000,4,'',0,1500,4,'',0,1400,4,'',0,5500,4,'',0,3000,4,'',0,7000,4,'',0,3000,4,'',0,7000,4,'',0,3000,4,'',0,6700,4,'',0,2600,4,'',0,7700,4,'',0,3000,4,'',0,7000,4,'',0,3000,4,'',0,7500,4,'',0,2500,4,'',0,1600,4,'',0,5400,4,'',0,1600,4,'',0,1800,4,'',0,1200,4,'',0,5400,4,'',0,1600,4,'',0,1600,4,'',0,1500,4,'',0,5600,4,'',0,3100,4,'',0
'201',667201,162500,4,'',0
'2merged13719004',667200,65400,,'',0,7000,,'',0,2900,,'',0,6900,,'',0,3000,,'',0,7000,,'',0,3000,,'',0,6900,,'',0,3000,,'',0,6900,,'',0,3000,,'',0,7000,,'',0,3100,,'',0,7000,,'',0,2600,,'',0,6000,,'',0,2000,,'',0,2000,,'',0,5700,,'',0,2000,,'',0,2000,,'',0,6400,,'',0,2000,,'',0,2000,,'',0,6000,,'',0,2000,,'',0,2100,,'',0,6000,,'',0,2000,,'',0,2600,,'',0,7100,,'',0,7500,,'',0
'2merged13719004',667201,63900,4,'',0,6700,4,'',0,3200,4,'',0,7000,4,'',0,3100,4,'',0,7000,4,'',0,3200,4,'',0,7200,4,'',0,3000,4,'',0,7200,4,'',0,3000,4,'',0,7000,4,'',0,3100,4,'',0,7000,4,'',0,3000,4,'',0,7000,4,'',0,2100,4,'',0,2000,4,'',0,6000,4,'',0,2000,4,'',0,2000,4,'',0,6000,4,'',0,2000,4,'',0,2000,4,'',0,6000,4,'',0,2000,4,'',0,2000,4,'',0,6000,4,'',0,2000,4,'',0,2000,4,'',0,5800,4,'',0,1700,4,'',0,2000,4,'',0
'3merged13719001',667200,72400,,'',0,3000,,'',0,7000,,'',0,2900,,'',0,7000,,'',0,3000,,'',0,6800,,'',0,3000,,'',0,7000,,'',0,3000,,'',0,7000,,'',0,3000,,'',0,7000,,'',0,3000,,'',0,7000,,'',0,3000,,'',0,6900,,'',0,3100,,'',0,7000,,'',0,3000,,'',0,7000,,'',0,3000,,'',0,7000,,'',0,3000,,'',0,7000,,'',0,3000,,'',0
'3merged13719001',667201,70800,4,'',0,3000,4,'',0,7000,4,'',0,3000,4,'',0,7000,4,'',0,3000,4,'',0,7100,4,'',0,3100,4,'',0,7000,4,'',0,3000,4,'',0,7000,4,'',0,3100,4,'',0,7000,4,'',0,3000,4,'',0,7000,4,'',0,3000,4,'',0,6900,4,'',0,3100,4,'',0,7000,4,'',0,3000,4,'',0,7000,4,'',0,3000,4,'',0,7000,4,'',0,3000,4,'',0,7000,4,'',0,3000,4,'',0
'101',667300,160700,,'',0
'101',667301,74700,4,'',0
'1merged13719003',667300,80700,,'',0,20100,,'',0,3200,,'',0,6900,,'',0,2800,,'',0,7000,,'',0,2700,,'',0,7000,,'',0,2900,,'',0,6900,,'',0,2500,,'',0,2500,,'',0,6500,,'',0,1600,,'',0,1900,,'',0,7000,,'',0,1500,,'',0,1500,,'',0,4900,,'',0,1500,,'',0,1500,,'',0,1900,,'',0,7000,,'',0
'1merged13719003',667301,71000,4,'',0,1300,4,'',0,1700,4,'',0,6100,4,'',0,1900,4,'',0,1800,4,'',0,1900,4,'',0,6900,4,'',0,2900,4,'',0,5200,4,'',0,2700,4,'',0,2500,4,'',0,6800,4,'',0,3100,4,'',0,7000,4,'',0,3000,4,'',0,7000,4,'',0,3000,4,'',0,7000,4,'',0,3000,4,'',0,7000,4,'',0,7900,4,'',0,2400,4,'',0,2400,4,'',0,7300,4,'',0,3100,4,'',0,5000,4,'',0,2500,4,'',0
'201',667300,160700,,'',0
'201',667301,74700,4,'',0
'2merged13719004',667300,100900,,'',0,3000,,'',0,7000,,'',0,3000,,'',0,6700,,'',0,3000,,'',0,6800,,'',0,3000,,'',0,7000,,'',0,3000,,'',0,6900,,'',0,3000,,'',0,7400,,'',0,3000,,'',0,7000,,'',0,3000,,'',0,1600,,'',0
'2merged13719004',667301,95600,4,'',0,7700,4,'',0,7000,4,'',0,3100,4,'',0,6600,4,'',0,3100,4,'',0,2800,4,'',0,6900,4,'',0,3000,4,'',0,6900,4,'',0,2900,4,'',0,7000,4,'',0,3300,4,'',0,6900,4,'',0,3000,4,'',0,7000,4,'',0,1200,4,'',0,6600,4,'',0
'3merged13719001',667300,101100,,'',0,2900,,'',0,6900,,'',0,3000,,'',0,6900,,'',0,2900,,'',0,7000,,'',0,3000,,'',0,7000,,'',0,3000,,'',0,7000,,'',0,3100,,'',0,6900,,'',0,3000,,'',0,7000,,'',0,3000,,'',0
'3merged13719001',667301,95000,4,'',0,7800,4,'',0,7300,4,'',0,3300,4,'',0,6600,4,'',0,2800,4,'',0,3000,4,'',0,7000,4,'',0,3000,4,'',0,7000,4,'',0,3000,4,'',0,7000,4,'',0,3000,4,'',0,7000,4,'',0,3000,4,'',0,6800,4,'',0
'1merged13719003',667500,164400,,'',0,7100,,'',0
'1merged13719003',667501,72800,4,'',0,7200,4,'',0,3000,4,'',0,1500,4,'',0,7400,4,'',0
'1merged13719003',1671700,202000,,'',0,3100,,'',0,7000,,'',0,3000,,'',0,7000,,'',0,3000,,'',0,7000,,'',0,3000,,'',0,7000,,'',0,3000,,'',0
'1merged13719003',1671701,201400,4,'',0,2800,4,'',0,7000,4,'',0,3100,4,'',0,7000,4,'',0,2900,4,'',0,7000,4,'',0,2600,4,'',0,7400,4,'',0,2800,4,'',0,11700,4,'',0
'2merged13719004',1671700,201900,,'',0,3100,,'',0,7000,,'',0,3000,,'',0,7000,,'',0,3000,,'',0,7000,,'',0,3000,,'',0,10000,,'',0
'2merged13719004',1671701,201200,4,'',0,3100,4,'',0,7200,4,'',0,2800,4,'',0,7000,4,'',0,2800,4,'',0,7100,4,'',0,2900,4,'',0,6900,4,'',0,2900,4,'',0,16800,4,'',0
'3merged13719001',1671700,201800,,'',0,3100,,'',0,7000,,'',0,3000,,'',0,7000,,'',0,3100,,'',0,7000,,'',0,2900,,'',0,7000,,'',0,3100,,'',0
'3merged13719001',1671701,201100,4,'',0,2900,4,'',0,7000,4,'',0,3000,4,'',0,7000,4,'',0,3000,4,'',0,7100,4,'',0,2900,4,'',0,7000,4,'',0,2900,4,'',0,11100,4,'',0,6900,4,'',0
