'101merged13785289',667201,162440,4,'',0,3100,4,'',0
'1merged13785277',667201,60700,4,'',0,3000,4,'',0,1800,4,'',0,5300,4,'',0,1500,4,'',0,1000,4,'',0,800,4,'',0,1550,4,'',0,5500,4,'',0,1000,4,'',0,1190,4,'',0,1300,4,'',0,5500,4,'',0,1500,4,'',0,1010,4,'',0,1500,4,'',0,1500,4,'',0,5500,4,'',0,2900,4,'',0,7000,4,'',0,3100,4,'',0,7000,4,'',0,2800,4,'',0,6700,4,'',0,2800,4,'',0,7700,4,'',0,3000,4,'',0,7100,4,'',0,3000,4,'',0,7290,4,'',0,2400,4,'',0,6900,4,'',0,1600,4,'',0,1800,4,'',0,1600,4,'',0,5700,4,'',0,1310,4,'',0,1600,4,'',0,1400,4,'',0,5600,4,'',0,3200,4,'',0
'201merged13785266',667201,162440,4,'',0,3100,4,'',0
'2merged13785279',667201,63800,4,'',0,6900,4,'',0,3000,4,'',0,7000,4,'',0,3100,4,'',0,7000,4,'',0,3150,4,'',0,7200,4,'',0,3000,4,'',0,7190,4,'',0,3000,4,'',0,7000,4,'',0,3100,4,'',0,7000,4,'',0,3000,4,'',0,7000,4,'',0,2100,4,'',0,2000,4,'',0,6000,4,'',0,2000,4,'',0,2000,4,'',0,6000,4,'',0,2000,4,'',0,2000,4,'',0,6000,4,'',0,2000,4,'',0,2000,4,'',0,6000,4,'',0,2000,4,'',0,2000,4,'',0,5810,4,'',0,1700,4,'',0,2000,4,'',0
'3merged13785278',667201,70700,4,'',0,3100,4,'',0,7000,4,'',0,3000,4,'',0,7100,4,'',0,3000,4,'',0,7050,4,'',0,3000,4,'',0,7100,4,'',0,3000,4,'',0,7000,4,'',0,3100,4,'',0,7000,4,'',0,3000,4,'',0,7000,4,'',0,3000,4,'',0,7000,4,'',0,3000,4,'',0,7000,4,'',0,3000,4,'',0,6900,4,'',0,3000,4,'',0,7000,4,'',0,3000,4,'',0,7000,4,'',0,3000,4,'',0
'101merged13785289',667301,74550,4,'',0
'1merged13785277',667301,70900,4,'',0,1300,4,'',0,1650,4,'',0,6300,4,'',0,2000,4,'',0,1500,4,'',0,1890,4,'',0,7110,4,'',0,3000,4,'',0,5100,4,'',0,2600,4,'',0,2500,4,'',0,6800,4,'',0,3000,4,'',0,7000,4,'',0,3000,4,'',0,7000,4,'',0,3100,4,'',0,7000,4,'',0,3000,4,'',0,6900,4,'',0,7790,4,'',0,2700,4,'',0,2200,4,'',0,7300,4,'',0,3300,4,'',0,5000,4,'',0,2400,4,'',0
'201merged13785266',667301,74550,4,'',0
'2merged13785279',667301,95450,4,'',0,7700,4,'',0,7000,4,'',0,3000,4,'',0,2700,4,'',0,7100,4,'',0,2800,4,'',0,6990,4,'',0,3000,4,'',0,6810,4,'',0,2900,4,'',0,7000,4,'',0,3300,4,'',0,7000,4,'',0,3000,4,'',0,7000,4,'',0,1600,4,'',0,6200,4,'',0
'3merged13785278',667301,95100,4,'',0,7550,4,'',0,3300,4,'',0,7290,4,'',0,2600,4,'',0,6810,4,'',0,3000,4,'',0,7000,4,'',0,3000,4,'',0,7000,4,'',0,3000,4,'',0,7000,4,'',0,3000,4,'',0,7000,4,'',0,3000,4,'',0,6800,4,'',0
'1merged13785277',667501,72700,4,'',0,3150,4,'',0,7000,4,'',0,1500,4,'',0,7400,4,'',0
'1merged13785277',1671701,201230,4,'',0,2800,4,'',0,7000,4,'',0,3100,4,'',0,7000,4,'',0,2900,4,'',0,7000,4,'',0,2600,4,'',0,7400,4,'',0,2810,4,'',0,11710,4,'',0
'2merged13785279',1671701,201030,4,'',0,3090,4,'',0,7200,4,'',0,2800,4,'',0,7000,4,'',0,2810,4,'',0,7090,4,'',0,2910,4,'',0,6900,4,'',0,2900,4,'',0,16800,4,'',0
'3merged13785278',1671701,201030,4,'',0,2900,4,'',0,7000,4,'',0,2910,4,'',0,7000,4,'',0,3000,4,'',0,7090,4,'',0,2910,4,'',0,7000,4,'',0,2900,4,'',0,11100,4,'',0,6900,4,'',0
