'1merged13785381',670100,63700,4,'',0,7600,4,'',0,3200,4,'',0,6800,4,'',0,11000,4,'',0,3100,4,'',0,9900,4,'',0,10300,4,'',0,9800,4,'',0,10300,4,'',0,10200,4,'',0,28300,4,'',0,6700,4,'',0,3000,4,'',0,12000,4,'',0,14100,4,'',0,10000,4,'',0,5900,4,'',0,9900,4,'',0,10100,4,'',0
'2merged13785383',670100,95700,4,'',0,9600,4,'',0,10500,4,'',0,10100,4,'',0,14200,4,'',0,10000,4,'',0,5800,4,'',0,9800,4,'',0,14500,4,'',0,11100,4,'',0,9900,4,'',0,43600,4,'',0
'3merged13785382',670100,82300,4,'',0,10000,4,'',0,10100,4,'',0,10000,4,'',0,10100,4,'',0,10000,4,'',0,10000,4,'',0,9900,4,'',0,10000,4,'',0,10000,4,'',0,10100,4,'',0,10000,4,'',0,10000,4,'',0,9900,4,'',0,9900,4,'',0,10100,4,'',0,10000,4,'',0
'1merged13785381',670200,60500,4,'',0,2600,4,'',0,2300,4,'',0,6000,4,'',0,2100,4,'',0,2000,4,'',0,8600,4,'',0,7000,4,'',0,13000,4,'',0,7000,4,'',0,10100,4,'',0,3000,4,'',0,7100,4,'',0,3000,4,'',0,7100,4,'',0,3000,4,'',0,7200,4,'',0,3100,4,'',0,7000,4,'',0,3000,4,'',0,10000,4,'',0,7000,4,'',0,2900,4,'',0,9700,4,'',0,26700,4,'',0
'2merged13785383',670200,63200,4,'',0,7100,4,'',0,3000,4,'',0,7000,4,'',0,3100,4,'',0,7100,4,'',0,3000,4,'',0,7000,4,'',0,3000,4,'',0,7000,4,'',0,3100,4,'',0,7100,4,'',0,3000,4,'',0,7000,4,'',0,3000,4,'',0,7300,4,'',0,3000,4,'',0,7000,4,'',0,3000,4,'',0,7000,4,'',0,3000,4,'',0,7000,4,'',0,2900,4,'',0,7000,4,'',0,2900,4,'',0,7000,4,'',0,3000,4,'',0,6900,4,'',0,2900,4,'',0,7200,4,'',0,2800,4,'',0,6800,4,'',0
'1merged13785381',670500,45700,4,'',0,5100,4,'',0,1100,4,'',0,1800,4,'',0,1400,4,'',0,35000,4,'',0,1000,4,'',0,1000,4,'',0,1000,4,'',0,1000,4,'',0,1100,4,'',0,5100,4,'',0,1100,4,'',0,1200,4,'',0,1200,4,'',0,1200,4,'',0,5200,4,'',0,1200,4,'',0,1200,4,'',0,1200,4,'',0,1200,4,'',0,5400,4,'',0,1200,4,'',0,1200,4,'',0,1200,4,'',0,1200,4,'',0,5200,4,'',0,1200,4,'',0,1200,4,'',0,1200,4,'',0,1200,4,'',0,5200,4,'',0,1200,4,'',0,1200,4,'',0,1200,4,'',0,1200,4,'',0,46400,4,'',0,1200,4,'',0,1500,4,'',0,1600,4,'',0,5300,4,'',0,1500,4,'',0,1500,4,'',0,1400,4,'',0,5500,4,'',0,1700,4,'',0,1300,4,'',0,1500,4,'',0,5800,4,'',0,1100,4,'',0,1900,4,'',0,5900,4,'',0,1900,4,'',0,1300,4,'',0,6800,4,'',0,2700,4,'',0,7100,4,'',0,4300,4,'',0,7100,4,'',0
'2merged13785383',670500,60300,4,'',0,1300,4,'',0,1200,4,'',0,1200,4,'',0,1200,4,'',0,5200,4,'',0,1400,4,'',0,1200,4,'',0,1200,4,'',0,1200,4,'',0,5200,4,'',0,1200,4,'',0,1200,4,'',0,1200,4,'',0,1200,4,'',0,5200,4,'',0,1200,4,'',0,1200,4,'',0,1300,4,'',0,1100,4,'',0,5200,4,'',0,1200,4,'',0,1200,4,'',0,1200,4,'',0,1200,4,'',0,5200,4,'',0,1200,4,'',0,1200,4,'',0,1200,4,'',0,1300,4,'',0,5100,4,'',0,1100,4,'',0,1200,4,'',0,1200,4,'',0,1300,4,'',0,5200,4,'',0,1200,4,'',0,1200,4,'',0,1200,4,'',0,1200,4,'',0,5200,4,'',0,1200,4,'',0,1100,4,'',0,1200,4,'',0,1200,4,'',0,5200,4,'',0,1200,4,'',0,1200,4,'',0,1200,4,'',0,1200,4,'',0,5200,4,'',0,1200,4,'',0,1300,4,'',0,1200,4,'',0,1100,4,'',0,5200,4,'',0,1200,4,'',0,1000,4,'',0,1200,4,'',0,1200,4,'',0,5200,4,'',0,1200,4,'',0,1200,4,'',0,1500,4,'',0,1400,4,'',0,5500,4,'',0,1500,4,'',0,1500,4,'',0,1400,4,'',0,5500,4,'',0,1500,4,'',0,1500,4,'',0,1500,4,'',0,5500,4,'',0,1400,4,'',0,1500,4,'',0,1500,4,'',0,5500,4,'',0,1200,4,'',0,1500,4,'',0,1500,4,'',0,6000,4,'',0,1900,4,'',0,2300,4,'',0,6200,4,'',0,1600,4,'',0,1500,4,'',0,6500,4,'',0,2900,4,'',0,7300,4,'',0
'3merged13785382',670500,62700,4,'',0,3100,4,'',0,5500,4,'',0,1500,4,'',0,1500,4,'',0,1500,4,'',0,5500,4,'',0,1500,4,'',0,1500,4,'',0,1500,4,'',0,5500,4,'',0,1500,4,'',0,1800,4,'',0,5500,4,'',0,1500,4,'',0,1800,4,'',0,1200,4,'',0,5400,4,'',0,1500,4,'',0,1600,4,'',0,1500,4,'',0,5500,4,'',0,1500,4,'',0,1600,4,'',0,1500,4,'',0,5600,4,'',0,1500,4,'',0,1500,4,'',0,1500,4,'',0,5500,4,'',0,1500,4,'',0,1100,4,'',0,1200,4,'',0,1200,4,'',0,5200,4,'',0,1200,4,'',0,1200,4,'',0,1200,4,'',0,1200,4,'',0,5200,4,'',0,1200,4,'',0,1100,4,'',0,1200,4,'',0,1200,4,'',0,5200,4,'',0,1200,4,'',0,1200,4,'',0,1200,4,'',0,1200,4,'',0,5200,4,'',0,1200,4,'',0,1500,4,'',0,1500,4,'',0,5500,4,'',0,1500,4,'',0,1500,4,'',0,1500,4,'',0,5500,4,'',0,1600,4,'',0,1600,4,'',0,1600,4,'',0,5600,4,'',0,1500,4,'',0,1400,4,'',0,1400,4,'',0,5500,4,'',0,1500,4,'',0,1500,4,'',0,1500,4,'',0,6200,4,'',0,1900,4,'',0,1800,4,'',0,6900,4,'',0,2300,4,'',0,7200,4,'',0,4400,4,'',0
'101merged13785393',670700,160600,4,'',0
'1merged13785381',670700,53600,4,'',0,1300,4,'',0,5500,4,'',0,1500,4,'',0,1500,4,'',0,1200,4,'',0,1200,4,'',0,5300,4,'',0,1200,4,'',0,1300,4,'',0,1300,4,'',0,5200,4,'',0,1300,4,'',0,1600,4,'',0,1500,4,'',0,5500,4,'',0,1400,4,'',0,2000,4,'',0,2200,4,'',0,7000,4,'',0,3000,4,'',0,7000,4,'',0,2900,4,'',0,6900,4,'',0,3100,4,'',0,7100,4,'',0,3000,4,'',0,6900,4,'',0,2900,4,'',0,6900,4,'',0,2200,4,'',0,7900,4,'',0,1600,4,'',0,1200,4,'',0,5200,4,'',0,1200,4,'',0,1200,4,'',0,1100,4,'',0,1200,4,'',0,5200,4,'',0,1000,4,'',0,1200,4,'',0,1200,4,'',0,1400,4,'',0,5300,4,'',0,1900,4,'',0,2800,4,'',0,7000,4,'',0,2900,4,'',0,7500,4,'',0,3000,4,'',0,7100,4,'',0
'201merged13785370',670700,160600,4,'',0
'2merged13785383',670700,60300,4,'',0,1500,4,'',0,1500,4,'',0,1800,4,'',0,6000,4,'',0,2000,4,'',0,2000,4,'',0,6000,4,'',0,2100,4,'',0,2300,4,'',0,6200,4,'',0,2300,4,'',0,7000,4,'',0,3100,4,'',0,7000,4,'',0,3100,4,'',0,7200,4,'',0,3000,4,'',0,6000,4,'',0,2000,4,'',0,2100,4,'',0,5900,4,'',0,2000,4,'',0,2000,4,'',0,6100,4,'',0,2100,4,'',0,1900,4,'',0,6100,4,'',0,2000,4,'',0,1800,4,'',0,6200,4,'',0,1900,4,'',0,2200,4,'',0,5800,4,'',0,1900,4,'',0,2000,4,'',0,6900,4,'',0,3100,4,'',0,7300,4,'',0,1900,4,'',0,6800,4,'',0,4100,4,'',0
'3merged13785382',670700,62500,4,'',0,7500,4,'',0,3500,4,'',0,7200,4,'',0,3000,4,'',0,7000,4,'',0,3200,4,'',0,7000,4,'',0,3100,4,'',0,7000,4,'',0,3200,4,'',0,7000,4,'',0,3000,4,'',0,7100,4,'',0,3000,4,'',0,7000,4,'',0,2900,4,'',0,7100,4,'',0,3000,4,'',0,7000,4,'',0,3000,4,'',0,7000,4,'',0,2800,4,'',0,7000,4,'',0,2900,4,'',0,7000,4,'',0,3000,4,'',0,7000,4,'',0,2900,4,'',0,6900,4,'',0,3000,4,'',0,7300,4,'',0
'101merged13785393',670800,151700,4,'',0
'1merged13785381',670800,54200,4,'',0,6000,4,'',0,1600,4,'',0,1700,4,'',0,1600,4,'',0,5700,4,'',0,1500,4,'',0,1500,4,'',0,1500,4,'',0,5700,4,'',0,1900,4,'',0,1900,4,'',0,5900,4,'',0,2900,4,'',0,7000,4,'',0,3000,4,'',0,7000,4,'',0,3000,4,'',0,7000,4,'',0,3000,4,'',0,7000,4,'',0,3000,4,'',0,7200,4,'',0,3000,4,'',0,6600,4,'',0,2200,4,'',0,1900,4,'',0,6000,4,'',0,2000,4,'',0,1900,4,'',0,6000,4,'',0,1700,4,'',0,1500,4,'',0,1500,4,'',0,5500,4,'',0,1500,4,'',0,1400,4,'',0,1500,4,'',0,5500,4,'',0,1700,4,'',0,2800,4,'',0,7000,4,'',0,3000,4,'',0,6900,4,'',0,9800,4,'',0,9900,4,'',0,9900,4,'',0
'2merged13785383',670800,60000,4,'',0,1300,4,'',0,2900,4,'',0,7000,4,'',0,3000,4,'',0,7000,4,'',0,3000,4,'',0,7000,4,'',0,3000,4,'',0,7000,4,'',0,3300,4,'',0,7000,4,'',0,3000,4,'',0,7000,4,'',0,3200,4,'',0,7100,4,'',0,2900,4,'',0,7000,4,'',0,3000,4,'',0,7000,4,'',0,2900,4,'',0,7000,4,'',0,3000,4,'',0,7000,4,'',0,3000,4,'',0,7000,4,'',0,3000,4,'',0,7000,4,'',0,3100,4,'',0,6800,4,'',0,2800,4,'',0,7000,4,'',0,2900,4,'',0,10000,4,'',0,9900,4,'',0,9900,4,'',0
'3merged13785382',670800,64200,4,'',0,7200,4,'',0,3000,4,'',0,7000,4,'',0,3000,4,'',0,7000,4,'',0,3100,4,'',0,7000,4,'',0,3000,4,'',0,7000,4,'',0,2900,4,'',0,7100,4,'',0,3100,4,'',0,7000,4,'',0,3000,4,'',0,7100,4,'',0,2900,4,'',0,7000,4,'',0,2900,4,'',0,7000,4,'',0,3000,4,'',0,7000,4,'',0,3000,4,'',0,7000,4,'',0,3000,4,'',0,7000,4,'',0,2800,4,'',0,7000,4,'',0,3000,4,'',0,7000,4,'',0,9800,4,'',0
'101merged13785393',670901,70100,4,'',0
'1merged13785381',670901,52900,4,'',0,3000,4,'',0,6300,4,'',0,2000,4,'',0,8000,4,'',0,2300,4,'',0,6300,4,'',0,2100,4,'',0,2100,4,'',0,6100,4,'',0,2100,4,'',0,2100,4,'',0,10000,4,'',0,10000,4,'',0,9800,4,'',0,9800,4,'',0,9800,4,'',0,7000,4,'',0,3000,4,'',0,7000,4,'',0,3000,4,'',0,7000,4,'',0,3000,4,'',0,7000,4,'',0,2900,4,'',0,7100,4,'',0,3000,4,'',0,10200,4,'',0,10700,4,'',0
'201merged13785370',670901,70100,4,'',0
'2merged13785383',670901,174200,4,'',0,9700,4,'',0,30100,4,'',0
'3merged13785382',670901,114700,4,'',0,10200,4,'',0,10200,4,'',0,10200,4,'',0,10000,4,'',0,10000,4,'',0,10000,4,'',0,9900,4,'',0,10000,4,'',0,9900,4,'',0,9900,4,'',0
'1merged13785381',671000,102500,4,'',0,10000,4,'',0,10200,4,'',0,10200,4,'',0,10200,4,'',0,10200,4,'',0,18900,4,'',0
'2merged13785383',671000,100800,4,'',0,10400,4,'',0,10000,4,'',0,10000,4,'',0,10300,4,'',0,10300,4,'',0,10000,4,'',0,10000,4,'',0,9900,4,'',0
'101merged13785393',2338401,160500,4,'',0
'1merged13785381',2338401,60800,4,'',0,2100,4,'',0,2200,4,'',0,6000,4,'',0,1000,4,'',0,1000,4,'',0,1100,4,'',0,800,4,'',0,5000,4,'',0,800,4,'',0,900,4,'',0,900,4,'',0,900,4,'',0,800,4,'',0,800,4,'',0,800,4,'',0,4900,4,'',0,800,4,'',0,900,4,'',0,800,4,'',0,800,4,'',0,900,4,'',0,800,4,'',0,5000,4,'',0,1000,4,'',0,1200,4,'',0,1500,4,'',0,5500,4,'',0,1500,4,'',0,1500,4,'',0,1500,4,'',0,5500,4,'',0,1600,4,'',0,1500,4,'',0,1600,4,'',0,5500,4,'',0,1500,4,'',0,1500,4,'',0,1700,4,'',0,5500,4,'',0,1500,4,'',0,1500,4,'',0,1500,4,'',0,5500,4,'',0,1500,4,'',0,1500,4,'',0,1600,4,'',0,7400,4,'',0,1100,4,'',0,1000,4,'',0,1000,4,'',0,5000,4,'',0,1000,4,'',0,1000,4,'',0,1000,4,'',0,1000,4,'',0,1000,4,'',0,5000,4,'',0,1000,4,'',0,600,4,'',0,1000,4,'',0,900,4,'',0,800,4,'',0,1000,4,'',0,5000,4,'',0,700,4,'',0,1000,4,'',0,1000,4,'',0,800,4,'',0,900,4,'',0,5200,4,'',0,800,4,'',0,1000,4,'',0,1000,4,'',0,900,4,'',0,1000,4,'',0,5000,4,'',0,1000,4,'',0,1000,4,'',0,1500,4,'',0,1300,4,'',0,5500,4,'',0,1300,4,'',0,1200,4,'',0,1100,4,'',0,1200,4,'',0,5500,4,'',0,1600,4,'',0,1600,4,'',0,1700,4,'',0,6000,4,'',0,2300,4,'',0,1700,4,'',0
'201merged13785370',2338401,160500,4,'',0
'2merged13785383',2338401,72800,4,'',0,1500,4,'',0,1500,4,'',0,5500,4,'',0,1600,4,'',0,1500,4,'',0,1500,4,'',0,5500,4,'',0,1500,4,'',0,1500,4,'',0,1500,4,'',0,5800,4,'',0,1400,4,'',0,1700,4,'',0,5400,4,'',0,1500,4,'',0,1600,4,'',0,1700,4,'',0,5500,4,'',0,1300,4,'',0,1200,4,'',0,1200,4,'',0,1300,4,'',0,5200,4,'',0,1300,4,'',0,1100,4,'',0,1300,4,'',0,1200,4,'',0,5100,4,'',0,1300,4,'',0,1200,4,'',0,1200,4,'',0,1200,4,'',0,5200,4,'',0,1200,4,'',0,1200,4,'',0,1200,4,'',0,1200,4,'',0,5300,4,'',0,1200,4,'',0,1100,4,'',0,1300,4,'',0,1200,4,'',0,5200,4,'',0,1200,4,'',0,1200,4,'',0,1200,4,'',0,1000,4,'',0,5200,4,'',0,1200,4,'',0,1000,4,'',0,1200,4,'',0,1300,4,'',0,5200,4,'',0,900,4,'',0,1300,4,'',0,1200,4,'',0,1000,4,'',0,5200,4,'',0,1000,4,'',0,1300,4,'',0,1100,4,'',0,1500,4,'',0,5400,4,'',0,1500,4,'',0,1500,4,'',0,1400,4,'',0,5500,4,'',0,1500,4,'',0,1500,4,'',0,1500,4,'',0,5600,4,'',0,1400,4,'',0,1500,4,'',0,1300,4,'',0,6200,4,'',0,9100,4,'',0
'3merged13785382',2338401,71700,4,'',0,1900,4,'',0,1400,4,'',0,5500,4,'',0,1300,4,'',0,1400,4,'',0,1600,4,'',0,5700,4,'',0,1600,4,'',0,1500,4,'',0,1500,4,'',0,5500,4,'',0,1700,4,'',0,1600,4,'',0,1600,4,'',0,5600,4,'',0,1500,4,'',0,1600,4,'',0,1500,4,'',0,5500,4,'',0,1500,4,'',0,1800,4,'',0,5500,4,'',0,1500,4,'',0,1500,4,'',0,1500,4,'',0,5500,4,'',0,1700,4,'',0,1500,4,'',0,1400,4,'',0,5500,4,'',0,1500,4,'',0,1500,4,'',0,1500,4,'',0,5500,4,'',0,1500,4,'',0,1600,4,'',0,1500,4,'',0,5500,4,'',0,1400,4,'',0,1500,4,'',0,1400,4,'',0,5500,4,'',0,1500,4,'',0,1300,4,'',0,1500,4,'',0,1500,4,'',0,5400,4,'',0,1500,4,'',0,1400,4,'',0,1500,4,'',0,5400,4,'',0,1500,4,'',0,1500,4,'',0,1500,4,'',0,5400,4,'',0,1500,4,'',0,1400,4,'',0,1500,4,'',0,5500,4,'',0,1500,4,'',0,1300,4,'',0,1500,4,'',0,5500,4,'',0,2000,4,'',0,1900,4,'',0,6000,4,'',0,5200,4,'',0
