'1201merged13993377',681900,220720,,'',0,10000,,'',0
'1merged13993387',681900,55820,,'',0,5300,,'',0,1200,,'',0,1100,,'',0,1200,,'',0,1200,,'',0,5200,,'',0,1200,,'',0,1400,,'',0,1200,,'',0,5200,,'',0,1200,,'',0,1200,,'',0,1200,,'',0,7090,,'',0,2900,,'',0,7000,,'',0,2910,,'',0,7000,,'',0,3090,,'',0,7200,,'',0,3000,,'',0,7000,,'',0,3100,,'',0,7000,,'',0,3090,,'',0,7100,,'',0,3000,,'',0,1500,,'',0,5500,,'',0,1500,,'',0,1500,,'',0,1200,,'',0,5200,,'',0,1300,,'',0,1300,,'',0,1000,,'',0,1200,,'',0,5200,,'',0,1200,,'',0,1200,,'',0,910,,'',0,1200,,'',0,5200,,'',0,910,,'',0,1200,,'',0,1490,,'',0,1800,,'',0,5910,,'',0,2000,,'',0,2000,,'',0
'2merged13993389',681900,90610,,'',0,3000,,'',0,6910,,'',0,3000,,'',0,7000,,'',0,3000,,'',0,7190,,'',0,3100,,'',0,2000,,'',0,6000,,'',0,2000,,'',0,2000,,'',0,6000,,'',0,2190,,'',0,6000,,'',0,2000,,'',0,2100,,'',0,6000,,'',0,2000,,'',0,2000,,'',0,6000,,'',0,1710,,'',0,2000,,'',0,2000,,'',0,6000,,'',0,2000,,'',0,2000,,'',0,6000,,'',0,1900,,'',0,2000,,'',0,6000,,'',0,2000,,'',0,2000,,'',0,5910,,'',0,2000,,'',0,6800,,'',0,2710,,'',0,7000,,'',0,3000,,'',0,7000,,'',0
'3merged13993388',681900,90220,,'',0,3000,,'',0,7000,,'',0,3200,,'',0,7000,,'',0,3000,,'',0,7000,,'',0,3000,,'',0,7290,,'',0,3000,,'',0,7000,,'',0,3100,,'',0,7000,,'',0,3000,,'',0,2100,,'',0,5700,,'',0,2200,,'',0,1900,,'',0,6100,,'',0,2000,,'',0,2000,,'',0,6000,,'',0,1900,,'',0,2000,,'',0,6000,,'',0,1910,,'',0,2200,,'',0,5800,,'',0,2000,,'',0,2000,,'',0,6300,,'',0,1600,,'',0,2000,,'',0,6000,,'',0
'101merged13993397',829000,160120,,'',0
'1merged13993387',829000,60400,,'',0,3800,,'',0,6950,,'',0,2000,,'',0,2000,,'',0,6090,,'',0,2700,,'',0,1710,,'',0,5900,,'',0,1690,,'',0,2500,,'',0,6500,,'',0,2500,,'',0,6500,,'',0,2700,,'',0,7000,,'',0,3000,,'',0,7000,,'',0,3000,,'',0,7090,,'',0,3190,,'',0,7000,,'',0,2400,,'',0,9000,,'',0,2500,,'',0,6100,,'',0,2000,,'',0,2100,,'',0,6110,,'',0,2310,,'',0,6400,,'',0,2400,,'',0,2010,,'',0,6950,,'',0,2900,,'',0,7200,,'',0,3000,,'',0,7500,,'',0
'2merged13993389',829000,82050,,'',0,3000,,'',0,7000,,'',0,3590,,'',0,7000,,'',0,3000,,'',0,7280,,'',0,3000,,'',0,7000,,'',0,3000,,'',0,7000,,'',0,7100,,'',0,3000,,'',0,7000,,'',0,3000,,'',0,7000,,'',0,3000,,'',0,7000,,'',0,3000,,'',0,2900,,'',0,6810,,'',0,2500,,'',0,7000,,'',0,3000,,'',0,7200,,'',0,2800,,'',0,6820,,'',0,2850,,'',0,6500,,'',0
'3merged13993388',829000,81400,,'',0,3500,,'',0,7500,,'',0,3100,,'',0,7000,,'',0,3050,,'',0,7000,,'',0,3180,,'',0,7000,,'',0,3100,,'',0,7000,,'',0,3090,,'',0,7000,,'',0,3000,,'',0,7000,,'',0,2810,,'',0,7000,,'',0,2910,,'',0,6860,,'',0,3000,,'',0,7000,,'',0,3000,,'',0,6900,,'',0,3000,,'',0,7000,,'',0,3000,,'',0,7000,,'',0,3000,,'',0,7300,,'',0
'1merged13993387',3780800,52910,4,'',0,1600,4,'',0,5600,4,'',0,1200,4,'',0,1200,4,'',0,1140,4,'',0,1000,4,'',0,900,4,'',0,4800,4,'',0,800,4,'',0,800,4,'',0,800,4,'',0,1090,4,'',0,900,4,'',0,900,4,'',0,5190,4,'',0,1000,4,'',0,1000,4,'',0,1000,4,'',0,1000,4,'',0,1000,4,'',0,5000,4,'',0,1100,4,'',0,1100,4,'',0,1200,4,'',0,1200,4,'',0,5200,4,'',0,1200,4,'',0,1200,4,'',0,1300,4,'',0,1200,4,'',0,5200,4,'',0,1100,4,'',0,1100,4,'',0,1180,4,'',0,1390,4,'',0,5010,4,'',0,1200,4,'',0,1200,4,'',0,1300,4,'',0,1200,4,'',0,5200,4,'',0,1200,4,'',0,1200,4,'',0,1200,4,'',0,1200,4,'',0,5200,4,'',0,1200,4,'',0,1200,4,'',0,1300,4,'',0,1000,4,'',0,5000,4,'',0,1130,4,'',0,1000,4,'',0,1000,4,'',0,1000,4,'',0,900,4,'',0,4800,4,'',0,800,4,'',0,800,4,'',0,800,4,'',0,800,4,'',0,800,4,'',0,800,4,'',0,800,4,'',0,4800,4,'',0,800,4,'',0,800,4,'',0,800,4,'',0,760,4,'',0,800,4,'',0,1200,4,'',0,4400,4,'',0,610,4,'',0,800,4,'',0,800,4,'',0,800,4,'',0,720,4,'',0,970,4,'',0,630,4,'',0,4800,4,'',0,700,4,'',0,970,4,'',0,800,4,'',0,630,4,'',0,1000,4,'',0,1000,4,'',0,4810,4,'',0,1160,4,'',0,840,4,'',0,1000,4,'',0,1000,4,'',0,1200,4,'',0,5400,4,'',0,1660,4,'',0,1250,4,'',0,1500,4,'',0,5500,4,'',0,1500,4,'',0,1400,4,'',0,1500,4,'',0,5460,4,'',0,1500,4,'',0,1400,4,'',0,1500,4,'',0,5500,4,'',0,1500,4,'',0,1300,4,'',0,1500,4,'',0,5500,4,'',0,1500,4,'',0,1600,4,'',0
'2merged13993389',3780800,52820,4,'',0,1500,4,'',0,1500,4,'',0,5500,4,'',0,1790,4,'',0,1500,4,'',0,5600,4,'',0,1500,4,'',0,1500,4,'',0,1500,4,'',0,5500,4,'',0,1500,4,'',0,1500,4,'',0,1640,4,'',0,5590,4,'',0,1500,4,'',0,1500,4,'',0,1500,4,'',0,5600,4,'',0,1500,4,'',0,1500,4,'',0,1500,4,'',0,5690,4,'',0,1500,4,'',0,1600,4,'',0,1500,4,'',0,5280,4,'',0,1100,4,'',0,1200,4,'',0,1390,4,'',0,1200,4,'',0,5200,4,'',0,1200,4,'',0,1200,4,'',0,1200,4,'',0,1200,4,'',0,5240,4,'',0,1200,4,'',0,1200,4,'',0,1200,4,'',0,1200,4,'',0,5100,4,'',0,1200,4,'',0,1300,4,'',0,1160,4,'',0,1200,4,'',0,5100,4,'',0,1000,4,'',0,1000,4,'',0,1040,4,'',0,1000,4,'',0,1000,4,'',0,4960,4,'',0,1000,4,'',0,1000,4,'',0,1000,4,'',0,1000,4,'',0,1000,4,'',0,5000,4,'',0,1000,4,'',0,910,4,'',0,820,4,'',0,1000,4,'',0,1200,4,'',0,5100,4,'',0,1200,4,'',0,1110,4,'',0,1200,4,'',0,1000,4,'',0,5700,4,'',0,1600,4,'',0,1400,4,'',0,1700,4,'',0,5300,4,'',0,1500,4,'',0,1310,4,'',0,1500,4,'',0,5600,4,'',0,1400,4,'',0,1400,4,'',0,1500,4,'',0,5500,4,'',0,1400,4,'',0,1360,4,'',0,1500,4,'',0,5500,4,'',0,1500,4,'',0,1000,4,'',0,1900,4,'',0,1100,4,'',0,6100,4,'',0
'3merged13993388',3780800,52820,4,'',0,1500,4,'',0,1500,4,'',0,5500,4,'',0,1600,4,'',0,1590,4,'',0,5500,4,'',0,1500,4,'',0,1600,4,'',0,1500,4,'',0,5400,4,'',0,1500,4,'',0,1500,4,'',0,1540,4,'',0,5500,4,'',0,1500,4,'',0,1700,4,'',0,1500,4,'',0,5590,4,'',0,1500,4,'',0,1690,4,'',0,1500,4,'',0,5500,4,'',0,1500,4,'',0,1500,4,'',0,1500,4,'',0,5600,4,'',0,1500,4,'',0,1500,4,'',0,1500,4,'',0,5380,4,'',0,1200,4,'',0,1200,4,'',0,1120,4,'',0,1200,4,'',0,5280,4,'',0,1200,4,'',0,1200,4,'',0,1200,4,'',0,1200,4,'',0,5200,4,'',0,1200,4,'',0,1200,4,'',0,1100,4,'',0,1200,4,'',0,5100,4,'',0,1300,4,'',0,1200,4,'',0,1200,4,'',0,1020,4,'',0,5000,4,'',0,1000,4,'',0,1000,4,'',0,1000,4,'',0,1000,4,'',0,1000,4,'',0,5000,4,'',0,1000,4,'',0,1000,4,'',0,910,4,'',0,1000,4,'',0,1000,4,'',0,1000,4,'',0,5000,4,'',0,1000,4,'',0,1000,4,'',0,1000,4,'',0,1000,4,'',0,910,4,'',0,5500,4,'',0,1400,4,'',0,1500,4,'',0,1500,4,'',0,5500,4,'',0,1400,4,'',0,1500,4,'',0,1500,4,'',0,5500,4,'',0,1360,4,'',0,1500,4,'',0,1500,4,'',0,5500,4,'',0,1500,4,'',0,1500,4,'',0,1400,4,'',0,5400,4,'',0,1400,4,'',0,1200,4,'',0,1900,4,'',0,6500,4,'',0
