'101',671201,72600,4,'',0,80300,4,'',0,18400,4,'',0
'1merged13719003',671201,45900,4,'',0,7200,4,'',0,2100,4,'',0,6000,4,'',0,1000,4,'',0,900,4,'',0,900,4,'',0,1100,4,'',0,4900,4,'',0,800,4,'',0,900,4,'',0,1900,4,'',0,1000,4,'',0,1200,4,'',0,4900,4,'',0,900,4,'',0,1000,4,'',0,800,4,'',0,900,4,'',0,900,4,'',0,5200,4,'',0,900,4,'',0,1200,4,'',0,1500,4,'',0,1300,4,'',0,5500,4,'',0,1200,4,'',0,1500,4,'',0,1500,4,'',0,5500,4,'',0,1400,4,'',0,1400,4,'',0,1500,4,'',0,5600,4,'',0,1500,4,'',0,1500,4,'',0,1500,4,'',0,5600,4,'',0,1500,4,'',0,1400,4,'',0,1600,4,'',0,5500,4,'',0,1500,4,'',0,1700,4,'',0,1500,4,'',0,5200,4,'',0,1200,4,'',0,1400,4,'',0,1200,4,'',0,1200,4,'',0,5100,4,'',0,700,4,'',0,700,4,'',0,800,4,'',0,600,4,'',0,900,4,'',0,700,4,'',0,800,4,'',0,4800,4,'',0,1600,4,'',0,800,4,'',0,800,4,'',0,800,4,'',0,800,4,'',0,4900,4,'',0,900,4,'',0,900,4,'',0,800,4,'',0,900,4,'',0,1000,4,'',0,700,4,'',0,5000,4,'',0,1300,4,'',0,1300,4,'',0,1500,4,'',0,1300,4,'',0,6000,4,'',0,2000,4,'',0,6300,4,'',0,3000,4,'',0,2800,4,'',0,7200,4,'',0,6900,4,'',0,3200,4,'',0,7100,4,'',0,2300,4,'',0,2700,4,'',0
'201',671201,72600,4,'',0,98700,4,'',0
'2merged13719004',671201,65500,4,'',0,7000,4,'',0,7800,4,'',0,3200,4,'',0,7000,4,'',0,2100,4,'',0,2000,4,'',0,6000,4,'',0,2100,4,'',0,2000,4,'',0,6200,4,'',0,2000,4,'',0,2000,4,'',0,6200,4,'',0,2000,4,'',0,2000,4,'',0,6200,4,'',0,2000,4,'',0,2000,4,'',0,6000,4,'',0,2000,4,'',0,2000,4,'',0,6000,4,'',0,2000,4,'',0,2000,4,'',0,6000,4,'',0,1800,4,'',0,2000,4,'',0,5800,4,'',0,1500,4,'',0,1500,4,'',0,1500,4,'',0,5200,4,'',0,1100,4,'',0,1200,4,'',0,1200,4,'',0,1100,4,'',0,5200,4,'',0,1200,4,'',0,1000,4,'',0,1200,4,'',0,1100,4,'',0,5200,4,'',0,1600,4,'',0,1600,4,'',0,1500,4,'',0,5500,4,'',0,1500,4,'',0,1900,4,'',0,1900,4,'',0,6000,4,'',0,2000,4,'',0,1700,4,'',0,6000,4,'',0,2000,4,'',0,1800,4,'',0,6000,4,'',0,2000,4,'',0,6900,4,'',0
'3merged13719001',671201,83200,4,'',0,2300,4,'',0,6000,4,'',0,2300,4,'',0,2000,4,'',0,6100,4,'',0,2000,4,'',0,6100,4,'',0,2200,4,'',0,2000,4,'',0,6000,4,'',0,2000,4,'',0,2000,4,'',0,6100,4,'',0,2000,4,'',0,2000,4,'',0,6000,4,'',0,2100,4,'',0,2000,4,'',0,6000,4,'',0,2000,4,'',0,2000,4,'',0,6100,4,'',0,2000,4,'',0,1900,4,'',0,5900,4,'',0,2000,4,'',0,1800,4,'',0,5900,4,'',0,1900,4,'',0,1300,4,'',0,1500,4,'',0,5500,4,'',0,1500,4,'',0,1500,4,'',0,1500,4,'',0,6000,4,'',0,1900,4,'',0,2000,4,'',0,6000,4,'',0,2000,4,'',0,2000,4,'',0,5900,4,'',0,2000,4,'',0,2000,4,'',0,5700,4,'',0,2000,4,'',0,2600,4,'',0
'101',681800,81500,4,'',0
'1101merged13719012',681800,212800,4,'',0,10100,4,'',0
'1201merged13718997',681800,212800,4,'',0,10100,4,'',0,10300,4,'',0
'1201merged13718997',681801,224500,,'',0
'1merged13719003',681800,62800,4,'',0,2000,4,'',0,6000,4,'',0,2000,4,'',0,2000,4,'',0,6000,4,'',0,2300,4,'',0,7000,4,'',0,2700,4,'',0,3000,4,'',0,14300,4,'',0,10000,4,'',0,10100,4,'',0,9800,4,'',0,2900,4,'',0,3000,4,'',0,6900,4,'',0,7200,4,'',0,2900,4,'',0,7200,4,'',0,2800,4,'',0,7100,4,'',0,2800,4,'',0,2900,4,'',0,7000,4,'',0,10000,4,'',0
'1merged13719003',681801,60700,,'',0,3000,,'',0,2000,,'',0,6000,,'',0,2000,,'',0,2000,,'',0,6000,,'',0,2000,,'',0,7000,,'',0,10000,,'',0,10000,,'',0,10000,,'',0,10000,,'',0,9800,,'',0,2900,,'',0,7200,,'',0,2900,,'',0,7100,,'',0,2900,,'',0,7100,,'',0,2900,,'',0,7100,,'',0,3000,,'',0,10200,,'',0,10200,,'',0,10200,,'',0
'2merged13719004',681800,83400,4,'',0,7000,4,'',0,2900,4,'',0,7000,4,'',0,3100,4,'',0,7000,4,'',0,3000,4,'',0,7000,4,'',0,3000,4,'',0,7000,4,'',0,3000,4,'',0,7000,4,'',0,3000,4,'',0,7000,4,'',0,3000,4,'',0,7000,4,'',0,2900,4,'',0,7000,4,'',0,3000,4,'',0,7000,4,'',0,2500,4,'',0,7300,4,'',0,2500,4,'',0,10000,4,'',0,10000,4,'',0,10000,4,'',0,10000,4,'',0
'2merged13719004',681801,84000,,'',0,7000,,'',0,3000,,'',0,7000,,'',0,3000,,'',0,7000,,'',0,3000,,'',0,7000,,'',0,3100,,'',0,6900,,'',0,3000,,'',0,7000,,'',0,3000,,'',0,7000,,'',0,3000,,'',0,7000,,'',0,3000,,'',0,7000,,'',0,2800,,'',0,7200,,'',0,2600,,'',0,7400,,'',0,2600,,'',0,10000,,'',0,10200,,'',0,10000,,'',0
'3merged13719001',681800,93200,4,'',0,10100,4,'',0,9900,4,'',0,10000,4,'',0,7000,4,'',0,3000,4,'',0,7000,4,'',0,3000,4,'',0,7000,4,'',0,2900,4,'',0,7000,4,'',0,3000,4,'',0,10000,4,'',0,10000,4,'',0,10000,4,'',0,10000,4,'',0,9800,4,'',0
'3merged13719001',681801,94000,,'',0,10000,,'',0,10000,,'',0,7000,,'',0,3000,,'',0,7000,,'',0,3000,,'',0,7000,,'',0,3000,,'',0,7000,,'',0,3000,,'',0,7000,,'',0,3000,,'',0,10000,,'',0,10000,,'',0,10000,,'',0,10000,,'',0,9800,,'',0
'101',681901,82100,4,'',0,72200,4,'',0
'1201merged13718997',681900,213300,,'',0,10100,,'',0
'1201merged13718997',681901,224000,4,'',0,9500,4,'',0
'1merged13719003',681900,52500,,'',0,1500,,'',0,1500,,'',0,5500,,'',0,1500,,'',0,1500,,'',0,1500,,'',0,5600,,'',0,1400,,'',0,1500,,'',0,6000,,'',0,3000,,'',0,7000,,'',0,3000,,'',0,7000,,'',0,3000,,'',0,7000,,'',0,3200,,'',0,6800,,'',0,3000,,'',0,7000,,'',0,3000,,'',0,7000,,'',0,3000,,'',0,7000,,'',0,1500,,'',0,1500,,'',0,1500,,'',0,5500,,'',0,1500,,'',0,1500,,'',0,1500,,'',0,5500,,'',0,1500,,'',0,1500,,'',0,1500,,'',0,5500,,'',0,1500,,'',0,1500,,'',0,1500,,'',0,5700,,'',0,1800,,'',0,2000,,'',0,6000,,'',0,2000,,'',0
'1merged13719003',681901,53200,4,'',0,1500,4,'',0,5500,4,'',0,1700,4,'',0,1500,4,'',0,1600,4,'',0,5600,4,'',0,1400,4,'',0,1500,4,'',0,1500,4,'',0,5600,4,'',0,1800,4,'',0,1400,4,'',0,1800,4,'',0,5900,4,'',0,3000,4,'',0,6900,4,'',0,3000,4,'',0,6900,4,'',0,3000,4,'',0,7100,4,'',0,3200,4,'',0,7000,4,'',0,3000,4,'',0,7100,4,'',0,3000,4,'',0,7400,4,'',0,3100,4,'',0,7000,4,'',0,1500,4,'',0,1400,4,'',0,5500,4,'',0,1400,4,'',0,1500,4,'',0,1300,4,'',0,5500,4,'',0,1300,4,'',0,1500,4,'',0,1100,4,'',0,1400,4,'',0,5500,4,'',0,1500,4,'',0,1500,4,'',0,1400,4,'',0,5600,4,'',0,2000,4,'',0,2000,4,'',0,6000,4,'',0,2600,4,'',0
'2merged13719004',681900,83000,,'',0,7000,,'',0,3000,,'',0,7000,,'',0,3000,,'',0,7000,,'',0,3000,,'',0,7000,,'',0,2000,,'',0,2000,,'',0,6000,,'',0,2000,,'',0,2000,,'',0,6000,,'',0,2000,,'',0,2000,,'',0,6000,,'',0,2000,,'',0,2000,,'',0,6000,,'',0,2000,,'',0,2000,,'',0,6000,,'',0,2000,,'',0,2000,,'',0,6000,,'',0,2000,,'',0,2000,,'',0,6000,,'',0,2000,,'',0,2000,,'',0,6000,,'',0,2000,,'',0,2000,,'',0,6000,,'',0,3000,,'',0,7000,,'',0,3000,,'',0,7000,,'',0,3000,,'',0
'2merged13719004',681901,94800,4,'',0,7000,4,'',0,3000,4,'',0,7000,4,'',0,2000,4,'',0,2000,4,'',0,6000,4,'',0,2000,4,'',0,2000,4,'',0,6000,4,'',0,2000,4,'',0,2000,4,'',0,6000,4,'',0,2000,4,'',0,2000,4,'',0,6000,4,'',0,2000,4,'',0,2000,4,'',0,6000,4,'',0,2000,4,'',0,2000,4,'',0,6000,4,'',0,2100,4,'',0,2000,4,'',0,6000,4,'',0,2000,4,'',0,2000,4,'',0,6000,4,'',0,2000,4,'',0,2000,4,'',0,6000,4,'',0,2000,4,'',0,2000,4,'',0,6000,4,'',0,1900,4,'',0,2000,4,'',0,5700,4,'',0,3000,4,'',0,7000,4,'',0,2900,4,'',0,7000,4,'',0
'3merged13719001',681900,83000,,'',0,7000,,'',0,3000,,'',0,7000,,'',0,3000,,'',0,7000,,'',0,3000,,'',0,7000,,'',0,3000,,'',0,7000,,'',0,3000,,'',0,7000,,'',0,3000,,'',0,7000,,'',0,2000,,'',0,2000,,'',0,6000,,'',0,2000,,'',0,2000,,'',0,6000,,'',0,2000,,'',0,2000,,'',0,6000,,'',0,2000,,'',0,2000,,'',0,6000,,'',0,2200,,'',0,1800,,'',0,6000,,'',0,2000,,'',0,2200,,'',0,5800,,'',0,2000,,'',0,2000,,'',0
'3merged13719001',681901,94000,4,'',0,7000,4,'',0,3000,4,'',0,7400,4,'',0,3000,4,'',0,6900,4,'',0,3400,4,'',0,6800,4,'',0,3000,4,'',0,6900,4,'',0,3000,4,'',0,7000,4,'',0,3200,4,'',0,7000,4,'',0,1800,4,'',0,2000,4,'',0,6000,4,'',0,2100,4,'',0,2000,4,'',0,6000,4,'',0,1800,4,'',0,2000,4,'',0,6000,4,'',0,2000,4,'',0,2000,4,'',0,6000,4,'',0,2100,4,'',0,1800,4,'',0,6000,4,'',0,2000,4,'',0,2300,4,'',0,5700,4,'',0,2000,4,'',0,2000,4,'',0
