'101merged13785289',667201,160710,4,'',0,3020,4,'',0
'1merged13785277',667201,55400,4,'',0,7000,4,'',0,1800,4,'',0,1220,4,'',0,5500,4,'',0,1000,4,'',0,800,4,'',0,1400,4,'',0,1410,4,'',0,5000,4,'',0,1080,4,'',0,1300,4,'',0,1500,4,'',0,1500,4,'',0,5210,4,'',0,1500,4,'',0,1500,4,'',0,1500,4,'',0,6900,4,'',0,3000,4,'',0,7010,4,'',0,2920,4,'',0,6800,4,'',0,2700,4,'',0,6800,4,'',0,3780,4,'',0,7000,4,'',0,3020,4,'',0,7000,4,'',0,3260,4,'',0,6400,4,'',0,2820,4,'',0,5600,4,'',0,1880,4,'',0,1600,4,'',0,1700,4,'',0,5340,4,'',0,1600,4,'',0,1570,4,'',0,1600,4,'',0,7200,4,'',0
'201merged13785266',667201,160710,4,'',0,3020,4,'',0
'2merged13785279',667201,62420,4,'',0,2980,4,'',0,7000,4,'',0,3000,4,'',0,7020,4,'',0,3000,4,'',0,7080,4,'',0,3030,4,'',0,7000,4,'',0,3080,4,'',0,7000,4,'',0,3000,4,'',0,7020,4,'',0,3000,4,'',0,7000,4,'',0,3000,4,'',0,6020,4,'',0,2000,4,'',0,2000,4,'',0,6000,4,'',0,2000,4,'',0,2000,4,'',0,6000,4,'',0,2000,4,'',0,2000,4,'',0,6000,4,'',0,2000,4,'',0,2000,4,'',0,6000,4,'',0,2000,4,'',0,2000,4,'',0,5870,4,'',0,2000,4,'',0
'3merged13785278',667201,65400,4,'',0,7020,4,'',0,3000,4,'',0,7000,4,'',0,3020,4,'',0,7000,4,'',0,3060,4,'',0,7000,4,'',0,3020,4,'',0,7000,4,'',0,3000,4,'',0,7010,4,'',0,3000,4,'',0,7000,4,'',0,3000,4,'',0,7000,4,'',0,3000,4,'',0,7000,4,'',0,3000,4,'',0,7000,4,'',0,2990,4,'',0,7000,4,'',0,3000,4,'',0,7000,4,'',0,3000,4,'',0,7000,4,'',0
'101merged13785289',667301,73100,4,'',0
'1merged13785277',667301,65440,4,'',0,5300,4,'',0,1660,4,'',0,2130,4,'',0,5920,4,'',0,1500,4,'',0,1860,4,'',0,7140,4,'',0,3000,4,'',0,1100,4,'',0,6680,4,'',0,2500,4,'',0,6800,4,'',0,3000,4,'',0,7000,4,'',0,3000,4,'',0,7000,4,'',0,3020,4,'',0,7000,4,'',0,3000,4,'',0,6900,4,'',0,3760,4,'',0,6620,4,'',0,2200,4,'',0,7380,4,'',0,3220,4,'',0,1000,4,'',0,6480,4,'',0
'201merged13785266',667301,73100,4,'',0
'2merged13785279',667301,94000,4,'',0,7700,4,'',0,3000,4,'',0,6920,4,'',0,2700,4,'',0,7010,4,'',0,2720,4,'',0,6880,4,'',0,3000,4,'',0,6920,4,'',0,2900,4,'',0,7000,4,'',0,3300,4,'',0,7000,4,'',0,3000,4,'',0,7000,4,'',0,1600,4,'',0,2200,4,'',0
'3merged13785278',667301,93720,4,'',0,7480,4,'',0,3050,4,'',0,7060,4,'',0,2800,4,'',0,6920,4,'',0,3000,4,'',0,7000,4,'',0,3000,4,'',0,7000,4,'',0,3000,4,'',0,7000,4,'',0,3000,4,'',0,7000,4,'',0,3000,4,'',0,6970,4,'',0
'1merged13785277',667501,71400,4,'',0,2920,4,'',0,6910,4,'',0,1500,4,'',0,7320,4,'',0
'1merged13785277',1671701,195400,,'',0,6800,,'',0,3000,,'',0,7000,,'',0,3000,,'',0,7000,,'',0,3000,,'',0,6600,,'',0,3400,,'',0,7000,,'',0,11800,,'',0
'2merged13785279',1671701,195000,,'',0,7000,,'',0,3000,,'',0,7000,,'',0,3000,,'',0,6900,,'',0,3000,,'',0,7000,,'',0,3000,,'',0,7000,,'',0,12800,,'',0
'3merged13785278',1671701,195200,,'',0,6900,,'',0,3000,,'',0,7000,,'',0,3000,,'',0,7000,,'',0,3000,,'',0,7000,,'',0,3000,,'',0,6900,,'',0,11100,,'',0,6900,,'',0
