'162503merged13785285',669300,155700,4,'',0,19800,4,'',0,18300,4,'',0
'162503merged13785285',669301,142600,,'',0,18200,,'',0,20200,,'',0
'162601merged13785271',669300,155700,4,'',0,19900,4,'',0,19300,4,'',0,17100,4,'',0
'162601merged13785271',669301,142500,,'',0,18000,,'',0,20500,,'',0,14500,,'',0
'1merged13785277',669300,62200,4,'',0,3000,4,'',0,7000,4,'',0,2700,4,'',0,5200,4,'',0,1500,4,'',0,2500,4,'',0,1600,4,'',0,6500,4,'',0,1900,4,'',0,1500,4,'',0,6000,4,'',0,2100,4,'',0,2000,4,'',0,6600,4,'',0,2100,4,'',0,1500,4,'',0,6100,4,'',0,1800,4,'',0,2000,4,'',0,6000,4,'',0,2100,4,'',0,2000,4,'',0,6100,4,'',0,2400,4,'',0,6000,4,'',0,2000,4,'',0,2000,4,'',0,6500,4,'',0,2000,4,'',0,2000,4,'',0,5500,4,'',0,2500,4,'',0,1400,4,'',0,6000,4,'',0,1700,4,'',0,1900,4,'',0,2000,4,'',0,5900,4,'',0,2300,4,'',0,1500,4,'',0,6000,4,'',0,3400,4,'',0,7500,4,'',0,3000,4,'',0,8000,4,'',0,10000,4,'',0,10500,4,'',0
'1merged13785277',669301,50000,,'',0,2000,,'',0,3000,,'',0,6500,,'',0,2100,,'',0,2300,,'',0,5800,,'',0,1900,,'',0,6400,,'',0,1500,,'',0,2000,,'',0,1500,,'',0,6000,,'',0,2500,,'',0,2000,,'',0,6000,,'',0,2000,,'',0,2000,,'',0,6000,,'',0,2000,,'',0,2000,,'',0,5500,,'',0,2100,,'',0,1900,,'',0,6000,,'',0,2000,,'',0,2000,,'',0,6000,,'',0,2000,,'',0,2000,,'',0,6000,,'',0,2000,,'',0,2000,,'',0,6500,,'',0,2000,,'',0,2000,,'',0,6000,,'',0,2000,,'',0,2000,,'',0,6000,,'',0,2000,,'',0,2000,,'',0,7000,,'',0,3000,,'',0,7000,,'',0,8000,,'',0,10000,,'',0,10000,,'',0
'2merged13785279',669300,62100,4,'',0,3000,4,'',0,7000,4,'',0,2700,4,'',0,6500,4,'',0,2500,4,'',0,2000,4,'',0,6100,4,'',0,1500,4,'',0,1500,4,'',0,5700,4,'',0,1500,4,'',0,1500,4,'',0,1500,4,'',0,5500,4,'',0,1500,4,'',0,1700,4,'',0,1500,4,'',0,5600,4,'',0,1500,4,'',0,1900,4,'',0,1500,4,'',0,5700,4,'',0,1500,4,'',0,1500,4,'',0,5500,4,'',0,1400,4,'',0,1500,4,'',0,1700,4,'',0,5500,4,'',0,1500,4,'',0,1500,4,'',0,1800,4,'',0,5400,4,'',0,1700,4,'',0,1500,4,'',0,1400,4,'',0,5500,4,'',0,1400,4,'',0,1400,4,'',0,1500,4,'',0,5500,4,'',0,1500,4,'',0,1500,4,'',0,1300,4,'',0,5500,4,'',0,1500,4,'',0,1500,4,'',0,1500,4,'',0,5500,4,'',0,1300,4,'',0,2000,4,'',0,1800,4,'',0,6000,4,'',0,2000,4,'',0,2400,4,'',0,8000,4,'',0,10000,4,'',0
'2merged13785279',669301,50000,,'',0,3000,,'',0,7000,,'',0,3000,,'',0,2500,,'',0,6000,,'',0,2000,,'',0,2000,,'',0,5500,,'',0,1500,,'',0,1500,,'',0,1500,,'',0,5500,,'',0,1500,,'',0,1500,,'',0,1500,,'',0,5500,,'',0,1500,,'',0,1500,,'',0,1500,,'',0,5500,,'',0,1500,,'',0,1500,,'',0,1500,,'',0,5500,,'',0,1500,,'',0,1500,,'',0,1500,,'',0,5500,,'',0,1500,,'',0,1500,,'',0,1500,,'',0,5500,,'',0,1500,,'',0,1500,,'',0,1500,,'',0,5500,,'',0,1500,,'',0,1500,,'',0,1500,,'',0,5500,,'',0,1500,,'',0,1500,,'',0,1500,,'',0,5500,,'',0,1500,,'',0,1500,,'',0,1500,,'',0,5500,,'',0,1500,,'',0,2000,,'',0,6000,,'',0,2000,,'',0,2000,,'',0,6000,,'',0,2500,,'',0,7000,,'',0,10200,,'',0
'3merged13785278',669300,62800,4,'',0,9500,4,'',0,3000,4,'',0,7000,4,'',0,3000,4,'',0,6500,4,'',0,2200,4,'',0,6000,4,'',0,2300,4,'',0,2000,4,'',0,1500,4,'',0,6500,4,'',0,2000,4,'',0,6000,4,'',0,2000,4,'',0,2000,4,'',0,6000,4,'',0,2300,4,'',0,2100,4,'',0,6000,4,'',0,2000,4,'',0,1600,4,'',0,1400,4,'',0,5500,4,'',0,1600,4,'',0,1500,4,'',0,5900,4,'',0,1300,4,'',0,1500,4,'',0,1500,4,'',0,5500,4,'',0,1500,4,'',0,1500,4,'',0,1300,4,'',0,5700,4,'',0,1200,4,'',0,1300,4,'',0,1500,4,'',0,1400,4,'',0,5500,4,'',0,1500,4,'',0,1500,4,'',0,1500,4,'',0,5500,4,'',0,2500,4,'',0,1500,4,'',0,6000,4,'',0,2000,4,'',0,2000,4,'',0,6000,4,'',0,2500,4,'',0,7500,4,'',0,2500,4,'',0
'3merged13785278',669301,51000,,'',0,9000,,'',0,3500,,'',0,6500,,'',0,3000,,'',0,2500,,'',0,6000,,'',0,2000,,'',0,2000,,'',0,6000,,'',0,2000,,'',0,2000,,'',0,6000,,'',0,2000,,'',0,2000,,'',0,6000,,'',0,2000,,'',0,2000,,'',0,5500,,'',0,2500,,'',0,2000,,'',0,5700,,'',0,1500,,'',0,1500,,'',0,1500,,'',0,5500,,'',0,1500,,'',0,1500,,'',0,5800,,'',0,1500,,'',0,1500,,'',0,1500,,'',0,5500,,'',0,1500,,'',0,1500,,'',0,1500,,'',0,5500,,'',0,1500,,'',0,1500,,'',0,1500,,'',0,5500,,'',0,1500,,'',0,1500,,'',0,1500,,'',0,6000,,'',0,2000,,'',0,2000,,'',0,6000,,'',0,2000,,'',0,2000,,'',0,6000,,'',0,3000,,'',0,7000,,'',0
