'1merged13592000',669901,154800,4,'',0,6000,4,'',0,2000,4,'',0,2000,4,'',0,6000,4,'',0,2100,4,'',0,2100,4,'',0,6000,4,'',0,1900,4,'',0,2000,4,'',0,5700,4,'',0,3400,4,'',0
'1merged13592000',670001,55300,4,'',0,5800,4,'',0,2700,4,'',0,6700,4,'',0,2100,4,'',0,2100,4,'',0,5900,4,'',0,1900,4,'',0,2000,4,'',0,6100,4,'',0,3000,4,'',0,7000,4,'',0,3000,4,'',0,7100,4,'',0,3100,4,'',0,7100,4,'',0,3100,4,'',0,7000,4,'',0,3000,4,'',0,7000,4,'',0,3000,4,'',0,7000,4,'',0,3000,4,'',0,7000,4,'',0,2000,4,'',0,2000,4,'',0,6000,4,'',0,2000,4,'',0,2000,4,'',0,6000,4,'',0,2000,4,'',0,2000,4,'',0,6000,4,'',0,2000,4,'',0,2000,4,'',0,6000,4,'',0,2000,4,'',0,7000,4,'',0,3000,4,'',0,7000,4,'',0,3100,4,'',0,7100,4,'',0,3100,4,'',0,7100,4,'',0,3100,4,'',0,6800,4,'',0,2700,4,'',0,7200,4,'',0
'2merged13592002',670001,63400,4,'',0,7100,4,'',0,3300,4,'',0,7200,4,'',0,3200,4,'',0,7200,4,'',0,3200,4,'',0,7000,4,'',0,3000,4,'',0,7000,4,'',0,3000,4,'',0,7000,4,'',0,3000,4,'',0,7000,4,'',0,3000,4,'',0,7000,4,'',0,3000,4,'',0,7000,4,'',0,3000,4,'',0,7000,4,'',0,2900,4,'',0,7100,4,'',0,3000,4,'',0,7000,4,'',0,3000,4,'',0,7000,4,'',0,3000,4,'',0,7000,4,'',0,3000,4,'',0,7000,4,'',0,3000,4,'',0,6900,4,'',0,3000,4,'',0,6600,4,'',0,2600,4,'',0,6500,4,'',0,3000,4,'',0,7500,4,'',0
'3merged13592001',670001,84000,4,'',0,7000,4,'',0,3000,4,'',0,7000,4,'',0,3000,4,'',0,7100,4,'',0,3100,4,'',0,7100,4,'',0,3100,4,'',0,7000,4,'',0,3000,4,'',0,7000,4,'',0,3000,4,'',0,7000,4,'',0,3000,4,'',0,7000,4,'',0,3000,4,'',0,7000,4,'',0,3000,4,'',0,7000,4,'',0,3000,4,'',0,7000,4,'',0,3000,4,'',0,7000,4,'',0,3000,4,'',0,7000,4,'',0,2900,4,'',0,9800,4,'',0,16100,4,'',0,10400,4,'',0
'1merged13592000',671300,51200,4,'',0,1500,4,'',0,1500,4,'',0,1500,4,'',0,5500,4,'',0,1500,4,'',0,1400,4,'',0,1400,4,'',0,5500,4,'',0,1600,4,'',0,1500,4,'',0,1600,4,'',0,5800,4,'',0,1800,4,'',0,1600,4,'',0,5800,4,'',0,2100,4,'',0,2700,4,'',0,6800,4,'',0,3200,4,'',0,6400,4,'',0,3000,4,'',0,7000,4,'',0,3000,4,'',0,7000,4,'',0,3000,4,'',0,7000,4,'',0,3100,4,'',0,6000,4,'',0,1500,4,'',0,1500,4,'',0,1400,4,'',0,5500,4,'',0,1500,4,'',0,1400,4,'',0,1500,4,'',0,5400,4,'',0,1400,4,'',0,1300,4,'',0,1500,4,'',0,5300,4,'',0,1300,4,'',0,1500,4,'',0,1300,4,'',0,1500,4,'',0,5500,4,'',0,1500,4,'',0,1500,4,'',0,1500,4,'',0,5600,4,'',0,1500,4,'',0,1900,4,'',0,6000,4,'',0,2000,4,'',0,2000,4,'',0,6000,4,'',0,2000,4,'',0,2000,4,'',0,6000,4,'',0,2000,4,'',0,2900,4,'',0,7400,4,'',0,7000,4,'',0
'2merged13592002',671300,53500,4,'',0,2000,4,'',0,6000,4,'',0,1900,4,'',0,2000,4,'',0,6000,4,'',0,2000,4,'',0,2000,4,'',0,6000,4,'',0,2000,4,'',0,2000,4,'',0,6100,4,'',0,2900,4,'',0,7200,4,'',0,3200,4,'',0,7100,4,'',0,3200,4,'',0,7200,4,'',0,3200,4,'',0,7300,4,'',0,7200,4,'',0,3300,4,'',0,7400,4,'',0,1800,4,'',0,2000,4,'',0,6200,4,'',0,2200,4,'',0,2000,4,'',0,6200,4,'',0,2200,4,'',0,2000,4,'',0,6200,4,'',0,2200,4,'',0,2000,4,'',0,6600,4,'',0,3000,4,'',0,7100,4,'',0,3200,4,'',0,7200,4,'',0,3000,4,'',0,6900,4,'',0,3000,4,'',0,9800,4,'',0,10000,4,'',0
'3merged13592001',671300,54300,4,'',0,6700,4,'',0,2400,4,'',0,2000,4,'',0,6000,4,'',0,2000,4,'',0,2000,4,'',0,6000,4,'',0,2000,4,'',0,2000,4,'',0,6000,4,'',0,3000,4,'',0,7000,4,'',0,3000,4,'',0,7000,4,'',0,3000,4,'',0,7000,4,'',0,3000,4,'',0,7000,4,'',0,3000,4,'',0,7000,4,'',0,3000,4,'',0,7000,4,'',0,3000,4,'',0,7000,4,'',0,3000,4,'',0,7000,4,'',0,3000,4,'',0,7000,4,'',0,3000,4,'',0,7000,4,'',0,3000,4,'',0,7000,4,'',0,3000,4,'',0,7000,4,'',0,3000,4,'',0,7000,4,'',0,4200,4,'',0,10000,4,'',0,9800,4,'',0
'1merged13592000',671801,161800,4,'',0,3200,4,'',0,7200,4,'',0,7900,4,'',0,3800,4,'',0
'1merged13592000',682100,54000,,'',0,6000,,'',0,2000,,'',0,2000,,'',0,6000,,'',0,2000,,'',0,2000,,'',0,6000,,'',0,2000,,'',0,2000,,'',0,6000,,'',0,2000,,'',0,2000,,'',0,6000,,'',0,2000,,'',0,2000,,'',0,6000,,'',0,2000,,'',0,2000,,'',0,6000,,'',0,2000,,'',0,2000,,'',0,6000,,'',0,2000,,'',0,2000,,'',0,6000,,'',0,2000,,'',0,2000,,'',0,6000,,'',0,1500,,'',0,1500,,'',0,1500,,'',0,5500,,'',0,1500,,'',0,1500,,'',0,1500,,'',0,5500,,'',0,1500,,'',0,1500,,'',0,1500,,'',0,5500,,'',0,2000,,'',0,2000,,'',0,6000,,'',0,2000,,'',0,2000,,'',0,6000,,'',0,2000,,'',0,2000,,'',0,6000,,'',0,2000,,'',0,2000,,'',0
'2merged13592002',682100,82000,,'',0,2000,,'',0,6000,,'',0,2000,,'',0,2000,,'',0,6000,,'',0,2000,,'',0,2000,,'',0,6000,,'',0,2000,,'',0,2000,,'',0,6000,,'',0,2000,,'',0,2000,,'',0,6000,,'',0,2000,,'',0,2000,,'',0,6000,,'',0,2000,,'',0,2000,,'',0,6000,,'',0,2000,,'',0,2000,,'',0,6000,,'',0,2000,,'',0,2000,,'',0,6000,,'',0,2000,,'',0,2000,,'',0,6000,,'',0,2000,,'',0,2000,,'',0,6000,,'',0,2000,,'',0,2000,,'',0,6000,,'',0,2000,,'',0,2000,,'',0,6000,,'',0,2000,,'',0
'3merged13592001',682100,83000,,'',0,7000,,'',0,3000,,'',0,7000,,'',0,2000,,'',0,2000,,'',0,6000,,'',0,2000,,'',0,2000,,'',0,6000,,'',0,2000,,'',0,2000,,'',0,6000,,'',0,2000,,'',0,2000,,'',0,6000,,'',0,2000,,'',0,2000,,'',0,6000,,'',0,2000,,'',0,2000,,'',0,6000,,'',0,2000,,'',0,2000,,'',0,6000,,'',0,2000,,'',0,2000,,'',0,6000,,'',0,2000,,'',0,2000,,'',0,6000,,'',0,2000,,'',0,2000,,'',0,6000,,'',0,2000,,'',0,2000,,'',0,6000,,'',0,3000,,'',0
'1merged13592000',682200,64900,4,'',0,6000,4,'',0,1500,4,'',0,700,4,'',0,2200,4,'',0,6400,4,'',0,2000,4,'',0,2200,4,'',0,6200,4,'',0,2400,4,'',0,6700,4,'',0,3000,4,'',0,7000,4,'',0,3000,4,'',0,7200,4,'',0,3000,4,'',0,7000,4,'',0,3300,4,'',0,7000,4,'',0,3000,4,'',0,7100,4,'',0,700,4,'',0,3000,4,'',0,100,4,'',0,5800,4,'',0,2000,4,'',0,2200,4,'',0,6000,4,'',0,2100,4,'',0,400,4,'',0,1300,4,'',0,5900,4,'',0,2100,4,'',0,1900,4,'',0,5700,4,'',0,1300,4,'',0,2200,4,'',0,6400,4,'',0,2400,4,'',0,7400,4,'',0,2600,4,'',0
'1merged13592000',682201,53400,,'',0,2000,,'',0,4800,,'',0,1300,,'',0,2000,,'',0,2000,,'',0,6000,,'',0,2100,,'',0,2200,,'',0,6400,,'',0,2800,,'',0,7000,,'',0,3000,,'',0,7000,,'',0,3000,,'',0,6900,,'',0,3000,,'',0,7000,,'',0,3000,,'',0,7000,,'',0,3300,,'',0,7000,,'',0,100,,'',0,1600,,'',0,2000,,'',0,6100,,'',0,2000,,'',0,6200,,'',0,600,,'',0,1100,,'',0,2000,,'',0,6200,,'',0,2000,,'',0,2100,,'',0,1700,,'',0,6200,,'',0,2600,,'',0,7000,,'',0,3400,,'',0,6600,,'',0
'2merged13592002',682200,75900,4,'',0,7000,4,'',0,2500,4,'',0,5000,4,'',0,3000,4,'',0,7200,4,'',0,3000,4,'',0,7000,4,'',0,3000,4,'',0,7000,4,'',0,3000,4,'',0,7000,4,'',0,3000,4,'',0,7000,4,'',0,3000,4,'',0,6500,4,'',0,500,4,'',0,3000,4,'',0,7000,4,'',0,2800,4,'',0,6600,4,'',0,400,4,'',0,3000,4,'',0,7000,4,'',0,3000,4,'',0,7000,4,'',0,3000,4,'',0,7000,4,'',0,3000,4,'',0,6700,4,'',0,2500,4,'',0
'2merged13592002',682201,64500,,'',0,7000,,'',0,1900,,'',0,1600,,'',0,7000,,'',0,2900,,'',0,7000,,'',0,3000,,'',0,7000,,'',0,2700,,'',0,7000,,'',0,3000,,'',0,7200,,'',0,3000,,'',0,6800,,'',0,1400,,'',0,1600,,'',0,7000,,'',0,3000,,'',0,7000,,'',0,600,,'',0,2400,,'',0,7000,,'',0,3200,,'',0,7000,,'',0,3000,,'',0,7000,,'',0,3000,,'',0,7000,,'',0,3000,,'',0,6500,,'',0
'3merged13592001',682200,82500,4,'',0,2600,4,'',0,5000,4,'',0,3000,4,'',0,2800,4,'',0,7000,4,'',0,3000,4,'',0,7000,4,'',0,3000,4,'',0,7100,4,'',0,7400,4,'',0,3200,4,'',0,7200,4,'',0,3000,4,'',0,6500,4,'',0,500,4,'',0,3000,4,'',0,7100,4,'',0,3000,4,'',0,1500,4,'',0,5200,4,'',0,3000,4,'',0,7000,4,'',0,2500,4,'',0,7000,4,'',0,3000,4,'',0,7000,4,'',0,2800,4,'',0,2800,4,'',0,6700,4,'',0
'3merged13592001',682201,71500,,'',0,2000,,'',0,1600,,'',0,7000,,'',0,2800,,'',0,7000,,'',0,3000,,'',0,7000,,'',0,3000,,'',0,7000,,'',0,3000,,'',0,6900,,'',0,3000,,'',0,7000,,'',0,300,,'',0,2700,,'',0,7000,,'',0,3000,,'',0,7000,,'',0,400,,'',0,2600,,'',0,7000,,'',0,3000,,'',0,7000,,'',0,3000,,'',0,7000,,'',0,3000,,'',0,7000,,'',0,3000,,'',0,6700,,'',0
'1merged13592000',1169201,65100,4,'',0,6300,4,'',0,2000,4,'',0,2100,4,'',0,5800,4,'',0,2200,4,'',0,2000,4,'',0,6000,4,'',0,2000,4,'',0,2000,4,'',0,6000,4,'',0,2000,4,'',0,2100,4,'',0,6000,4,'',0,2000,4,'',0,2000,4,'',0,6000,4,'',0,2000,4,'',0,2000,4,'',0,5900,4,'',0,2100,4,'',0,2000,4,'',0,6000,4,'',0,2000,4,'',0,1900,4,'',0,6400,4,'',0,2400,4,'',0,5700,4,'',0,2100,4,'',0,1900,4,'',0,6000,4,'',0,2000,4,'',0,2000,4,'',0,6000,4,'',0,1700,4,'',0,1300,4,'',0,1400,4,'',0,1400,4,'',0,5500,4,'',0,1200,4,'',0,1500,4,'',0,6100,4,'',0,2900,4,'',0,2600,4,'',0,6900,4,'',0,3400,4,'',0
'2merged13592002',1169201,74900,4,'',0,6200,4,'',0,2000,4,'',0,2200,4,'',0,5900,4,'',0,2200,4,'',0,6600,4,'',0,2000,4,'',0,2100,4,'',0,6000,4,'',0,2000,4,'',0,2100,4,'',0,6000,4,'',0,2000,4,'',0,2000,4,'',0,6000,4,'',0,2000,4,'',0,2100,4,'',0,6000,4,'',0,2000,4,'',0,2000,4,'',0,6000,4,'',0,2000,4,'',0,2100,4,'',0,6000,4,'',0,2000,4,'',0,2000,4,'',0,6000,4,'',0,2000,4,'',0,2000,4,'',0,5900,4,'',0,1900,4,'',0,2000,4,'',0,6100,4,'',0,2600,4,'',0,3000,4,'',0,6800,4,'',0
'3merged13592001',1169201,85100,4,'',0,7600,4,'',0,7500,4,'',0,3500,4,'',0,7000,4,'',0,3100,4,'',0,7000,4,'',0,3000,4,'',0,7000,4,'',0,3100,4,'',0,7000,4,'',0,3000,4,'',0,7100,4,'',0,3100,4,'',0,7000,4,'',0,3000,4,'',0,7000,4,'',0,3100,4,'',0,6900,4,'',0,2900,4,'',0,6800,4,'',0,2500,4,'',0,2200,4,'',0,6400,4,'',0
