'259701merged13785391',677700,44500,,'',0,10000,,'',0,10500,,'',0,10500,,'',0,14500,,'',0,11000,,'',0,21500,,'',0,19000,,'',0,10500,,'',0,11000,,'',0,10500,,'',0,11000,,'',0,9500,,'',0
'259701merged13785391',677701,54000,4,'',0,10000,4,'',0,10500,4,'',0,10500,4,'',0,10500,4,'',0,25500,4,'',0,19000,4,'',0,11000,4,'',0,10500,4,'',0,11000,4,'',0,10500,4,'',0,11000,4,'',0,10000,4,'',0
'259702merged13785378',677700,75500,,'',0,25500,,'',0,22000,,'',0,18500,,'',0,21500,,'',0,20000,,'',0
'259702merged13785378',677701,100000,4,'',0,21000,4,'',0,19000,4,'',0,21500,4,'',0,21500,4,'',0,11000,4,'',0
'259703merged13785392',677700,75500,,'',0,25500,,'',0,22000,,'',0,18500,,'',0,21500,,'',0,20000,,'',0
'259703merged13785392',677701,100000,4,'',0,21000,4,'',0,19000,4,'',0,21500,4,'',0,21500,4,'',0,11000,4,'',0
'4901',677700,44500,,'',0,10000,,'',0,10500,,'',0,10500,,'',0,14500,,'',0,11000,,'',0,22000,,'',0,18500,,'',0,10500,,'',0,11000,,'',0,10500,,'',0,11000,,'',0,10500,,'',0
'4901',677701,54000,4,'',0,10000,4,'',0,10500,4,'',0,10500,4,'',0,10500,4,'',0,26500,4,'',0,18000,4,'',0,11000,4,'',0,10500,4,'',0,11000,4,'',0,10500,4,'',0,11000,4,'',0,10500,4,'',0
'4902',677700,75500,,'',0,25500,,'',0,22000,,'',0,18500,,'',0,21500,,'',0,21500,,'',0
'4902',677701,100000,4,'',0,22000,4,'',0,18000,4,'',0,21500,4,'',0,21500,4,'',0,11000,4,'',0
'4903',677700,75500,,'',0,25500,,'',0,22000,,'',0,18500,,'',0,21500,,'',0,21500,,'',0
'4903',677701,100000,4,'',0,22000,4,'',0,18000,4,'',0,21500,4,'',0,21500,4,'',0,11000,4,'',0
