'101merged13785289',666200,153300,4,'',0
'1merged13785277',666200,60100,4,'',0,2200,4,'',0,1500,4,'',0,1500,4,'',0,5500,4,'',0,1500,4,'',0,1500,4,'',0,2000,4,'',0,5300,4,'',0,1500,4,'',0,900,4,'',0,600,4,'',0,1500,4,'',0,5700,4,'',0,1300,4,'',0,1400,4,'',0,1400,4,'',0,6300,4,'',0,2000,4,'',0,2000,4,'',0,6000,4,'',0,2000,4,'',0,2000,4,'',0,6000,4,'',0,2000,4,'',0,2000,4,'',0,6000,4,'',0,2000,4,'',0,2000,4,'',0,6000,4,'',0,2300,4,'',0,1900,4,'',0,6100,4,'',0,1400,4,'',0,1700,4,'',0,5300,4,'',0,1500,4,'',0,1500,4,'',0,1500,4,'',0,5500,4,'',0,1500,4,'',0,1300,4,'',0,1500,4,'',0,5800,4,'',0,1700,4,'',0,2000,4,'',0,6900,4,'',0,3200,4,'',0,6900,4,'',0,3000,4,'',0,7400,4,'',0,3300,4,'',0,10100,4,'',0,10000,4,'',0,9600,4,'',0,6700,4,'',0,4000,4,'',0
'1merged13785277',666201,54500,,'',0,6400,,'',0,2100,,'',0,1500,,'',0,5500,,'',0,1500,,'',0,1500,,'',0,1500,,'',0,5800,,'',0,1300,,'',0,1500,,'',0,900,,'',0,900,,'',0,5200,,'',0,1700,,'',0,1300,,'',0,1500,,'',0,5900,,'',0,2000,,'',0,2000,,'',0,6000,,'',0,2000,,'',0,2000,,'',0,6000,,'',0,2000,,'',0,2000,,'',0,6000,,'',0,2000,,'',0,2000,,'',0,6000,,'',0,2000,,'',0,2000,,'',0,6200,,'',0,1800,,'',0,1400,,'',0,1700,,'',0,5400,,'',0,1500,,'',0,1500,,'',0,1400,,'',0,5600,,'',0,1500,,'',0,1500,,'',0,1500,,'',0,5600,,'',0,1800,,'',0,2200,,'',0,6500,,'',0,3200,,'',0,7000,,'',0,3000,,'',0,9100,,'',0,9800,,'',0,10000,,'',0,10000,,'',0,8100,,'',0
'2merged13785279',666200,61200,4,'',0,3000,4,'',0,7100,4,'',0,3100,4,'',0,7100,4,'',0,3000,4,'',0,7000,4,'',0,3100,4,'',0,7000,4,'',0,3000,4,'',0,7100,4,'',0,3000,4,'',0,7000,4,'',0,2900,4,'',0,7100,4,'',0,3100,4,'',0,7000,4,'',0,3000,4,'',0,6900,4,'',0,3000,4,'',0,7000,4,'',0,3000,4,'',0,7000,4,'',0,3000,4,'',0,6900,4,'',0,3000,4,'',0,7000,4,'',0,3000,4,'',0,6900,4,'',0,3000,4,'',0,7000,4,'',0,3500,4,'',0,10000,4,'',0,9800,4,'',0,16100,4,'',0,10000,4,'',0
'2merged13785279',666201,55500,,'',0,6800,,'',0,3200,,'',0,7000,,'',0,3000,,'',0,7000,,'',0,3000,,'',0,7000,,'',0,3000,,'',0,7000,,'',0,3000,,'',0,7000,,'',0,3000,,'',0,7000,,'',0,3000,,'',0,7000,,'',0,3000,,'',0,7000,,'',0,3000,,'',0,7000,,'',0,3000,,'',0,7000,,'',0,3000,,'',0,7000,,'',0,3000,,'',0,7000,,'',0,3000,,'',0,7000,,'',0,3000,,'',0,7000,,'',0,3000,,'',0,7000,,'',0,10500,,'',0,10000,,'',0,9900,,'',0,10000,,'',0
'3merged13785278',666200,91400,4,'',0,3000,4,'',0,7100,4,'',0,3000,4,'',0,7000,4,'',0,3100,4,'',0,7100,4,'',0,3000,4,'',0,7000,4,'',0,3000,4,'',0,7000,4,'',0,3000,4,'',0,6900,4,'',0,3000,4,'',0,7200,4,'',0,3000,4,'',0,6900,4,'',0,3000,4,'',0,6900,4,'',0,2900,4,'',0,7000,4,'',0,3000,4,'',0,6900,4,'',0,3000,4,'',0,7000,4,'',0,3500,4,'',0,9900,4,'',0,10000,4,'',0,10000,4,'',0
'3merged13785278',666201,82500,,'',0,3000,,'',0,7000,,'',0,3000,,'',0,7000,,'',0,3000,,'',0,7000,,'',0,3000,,'',0,7000,,'',0,3000,,'',0,7000,,'',0,3000,,'',0,7000,,'',0,3000,,'',0,7000,,'',0,3000,,'',0,7000,,'',0,3000,,'',0,7000,,'',0,3000,,'',0,7000,,'',0,3000,,'',0,7000,,'',0,3000,,'',0,7000,,'',0,3000,,'',0,7000,,'',0,10500,,'',0,10000,,'',0,10000,,'',0
'101merged13785289',666301,153800,,'',0
'1merged13785277',666300,63100,4,'',0,2000,4,'',0,6200,4,'',0,2100,4,'',0,1800,4,'',0,6200,4,'',0,1900,4,'',0,2000,4,'',0,5800,4,'',0,2200,4,'',0,7000,4,'',0,3100,4,'',0,7100,4,'',0,3000,4,'',0,7100,4,'',0,2900,4,'',0,7000,4,'',0,3000,4,'',0,7100,4,'',0,3300,4,'',0,7100,4,'',0,2500,4,'',0,2200,4,'',0,6300,4,'',0,2300,4,'',0,1600,4,'',0,5700,4,'',0,1700,4,'',0,1900,4,'',0,5900,4,'',0,2000,4,'',0,2000,4,'',0,5800,4,'',0,2200,4,'',0,7000,4,'',0,2900,4,'',0,2900,4,'',0,7000,4,'',0,9300,4,'',0,9600,4,'',0,10000,4,'',0
'1merged13785277',666301,51000,,'',0,3200,,'',0,5900,,'',0,2100,,'',0,2000,,'',0,1700,,'',0,5900,,'',0,2100,,'',0,6400,,'',0,2200,,'',0,1500,,'',0,1800,,'',0,5800,,'',0,2200,,'',0,7200,,'',0,3000,,'',0,7000,,'',0,3000,,'',0,7100,,'',0,2900,,'',0,7000,,'',0,3000,,'',0,7100,,'',0,3300,,'',0,7100,,'',0,3800,,'',0,5500,,'',0,2000,,'',0,2000,,'',0,6100,,'',0,2000,,'',0,2300,,'',0,6500,,'',0,2200,,'',0,6200,,'',0,3200,,'',0,7300,,'',0,2900,,'',0,7000,,'',0,10000,,'',0,10000,,'',0,9900,,'',0
'201merged13785266',666301,153800,,'',0
'2merged13785279',666300,55900,4,'',0,7100,4,'',0,7000,4,'',0,3000,4,'',0,7100,4,'',0,3000,4,'',0,7000,4,'',0,3000,4,'',0,7100,4,'',0,3000,4,'',0,7200,4,'',0,3100,4,'',0,7000,4,'',0,3000,4,'',0,7200,4,'',0,3000,4,'',0,6900,4,'',0,2700,4,'',0,7000,4,'',0,3000,4,'',0,7000,4,'',0,3000,4,'',0,7000,4,'',0,3000,4,'',0,7000,4,'',0,3000,4,'',0,6800,4,'',0,2700,4,'',0,7200,4,'',0,3000,4,'',0,7000,4,'',0,3000,4,'',0,9000,4,'',0,10000,4,'',0,10000,4,'',0
'2merged13785279',666301,54000,,'',0,7000,,'',0,3000,,'',0,7000,,'',0,3000,,'',0,7000,,'',0,3000,,'',0,7000,,'',0,3000,,'',0,7000,,'',0,3000,,'',0,7000,,'',0,3000,,'',0,7000,,'',0,3000,,'',0,7500,,'',0,3000,,'',0,7000,,'',0,3000,,'',0,7000,,'',0,3000,,'',0,7000,,'',0,3000,,'',0,7000,,'',0,3000,,'',0,7000,,'',0,2600,,'',0,6900,,'',0,2700,,'',0,7000,,'',0,2900,,'',0,7000,,'',0,9800,,'',0,10000,,'',0,10100,,'',0
'3merged13785278',666300,90000,4,'',0,3000,4,'',0,7000,4,'',0,3000,4,'',0,7100,4,'',0,3100,4,'',0,7000,4,'',0,3000,4,'',0,7000,4,'',0,3100,4,'',0,7200,4,'',0,3000,4,'',0,7000,4,'',0,3000,4,'',0,7000,4,'',0,2900,4,'',0,7000,4,'',0,2900,4,'',0,7000,4,'',0,3000,4,'',0,7000,4,'',0,2900,4,'',0,7000,4,'',0,3000,4,'',0,6800,4,'',0,2200,4,'',0,9700,4,'',0,10000,4,'',0,10000,4,'',0
'3merged13785278',666301,81000,,'',0,3000,,'',0,7000,,'',0,3000,,'',0,7000,,'',0,3000,,'',0,7000,,'',0,3000,,'',0,7000,,'',0,3000,,'',0,7000,,'',0,3000,,'',0,7000,,'',0,3000,,'',0,7000,,'',0,3000,,'',0,7000,,'',0,3000,,'',0,7000,,'',0,3000,,'',0,7000,,'',0,3000,,'',0,7000,,'',0,2700,,'',0,7000,,'',0,3000,,'',0,7000,,'',0,9800,,'',0,10000,,'',0,10000,,'',0
