'1merged13526202',672100,161400,4,'',0,3100,4,'',0,7300,4,'',0,2900,4,'',0,5800,4,'',0,1500,4,'',0,2000,4,'',0,1500,4,'',0,5700,4,'',0,1900,4,'',0,2100,4,'',0
'1merged13526202',672101,51300,,'',0,1500,,'',0,1800,,'',0,5500,,'',0,1400,,'',0,1200,,'',0,1200,,'',0,1800,,'',0,6500,,'',0
'1merged13526202',673800,55700,4,'',0,5200,4,'',0,1200,4,'',0,1200,4,'',0,1200,4,'',0,1200,4,'',0,5300,4,'',0,1500,4,'',0,1700,4,'',0,1400,4,'',0,5800,4,'',0,1500,4,'',0,1600,4,'',0,5500,4,'',0,1400,4,'',0,1500,4,'',0,1500,4,'',0,1500,4,'',0,5500,4,'',0,1500,4,'',0,1500,4,'',0,1500,4,'',0,5500,4,'',0,1500,4,'',0,1500,4,'',0,1500,4,'',0,5800,4,'',0,1500,4,'',0,1600,4,'',0,5500,4,'',0,1500,4,'',0,1500,4,'',0,1500,4,'',0,5500,4,'',0,1500,4,'',0,1500,4,'',0,1600,4,'',0,5500,4,'',0,1700,4,'',0,1500,4,'',0,1600,4,'',0,5000,4,'',0,1400,4,'',0,1200,4,'',0,1200,4,'',0,1200,4,'',0,5200,4,'',0,1200,4,'',0,1100,4,'',0,1200,4,'',0,1100,4,'',0,5200,4,'',0,1400,4,'',0,1000,4,'',0,1200,4,'',0,900,4,'',0,1200,4,'',0,5200,4,'',0,900,4,'',0,1200,4,'',0,1200,4,'',0,1200,4,'',0,5200,4,'',0,1100,4,'',0,1200,4,'',0,1200,4,'',0,1500,4,'',0,5500,4,'',0,1500,4,'',0,1500,4,'',0,1500,4,'',0,5500,4,'',0,1500,4,'',0,1400,4,'',0,1600,4,'',0,6000,4,'',0,1800,4,'',0,2000,4,'',0,6000,4,'',0,1900,4,'',0,2100,4,'',0,6100,4,'',0,2000,4,'',0,2200,4,'',0,5700,4,'',0,1800,4,'',0
'2merged13526207',673800,63800,4,'',0,1500,4,'',0,5500,4,'',0,1500,4,'',0,1600,4,'',0,1500,4,'',0,5500,4,'',0,1700,4,'',0,1500,4,'',0,1500,4,'',0,5600,4,'',0,1500,4,'',0,1700,4,'',0,1500,4,'',0,5500,4,'',0,1500,4,'',0,1500,4,'',0,1500,4,'',0,5700,4,'',0,1500,4,'',0,1400,4,'',0,5500,4,'',0,1500,4,'',0,1500,4,'',0,1500,4,'',0,5500,4,'',0,1500,4,'',0,1500,4,'',0,1500,4,'',0,5500,4,'',0,1600,4,'',0,1500,4,'',0,1500,4,'',0,5500,4,'',0,1800,4,'',0,1500,4,'',0,1500,4,'',0,5500,4,'',0,1500,4,'',0,1500,4,'',0,1500,4,'',0,5500,4,'',0,1500,4,'',0,1500,4,'',0,1300,4,'',0,5500,4,'',0,1500,4,'',0,1500,4,'',0,1500,4,'',0,5500,4,'',0,1300,4,'',0,1500,4,'',0,1300,4,'',0,1500,4,'',0,5200,4,'',0,1500,4,'',0,1500,4,'',0,1500,4,'',0,5500,4,'',0,1500,4,'',0,1500,4,'',0,1500,4,'',0,5500,4,'',0,1500,4,'',0,1300,4,'',0,1500,4,'',0,5500,4,'',0,1500,4,'',0,1200,4,'',0,1500,4,'',0,5500,4,'',0,1500,4,'',0,1400,4,'',0,2000,4,'',0,7000,4,'',0,3000,4,'',0,6800,4,'',0,3000,4,'',0
'3merged13526206',673800,63600,4,'',0,1600,4,'',0,5600,4,'',0,1500,4,'',0,1500,4,'',0,1500,4,'',0,5500,4,'',0,1600,4,'',0,1600,4,'',0,1600,4,'',0,5600,4,'',0,1600,4,'',0,1300,4,'',0,1500,4,'',0,5500,4,'',0,1500,4,'',0,1600,4,'',0,1500,4,'',0,5600,4,'',0,1500,4,'',0,1800,4,'',0,5500,4,'',0,1500,4,'',0,1500,4,'',0,1300,4,'',0,1500,4,'',0,5500,4,'',0,1500,4,'',0,1500,4,'',0,1500,4,'',0,5600,4,'',0,1500,4,'',0,1800,4,'',0,5500,4,'',0,1500,4,'',0,1500,4,'',0,1500,4,'',0,5500,4,'',0,1600,4,'',0,1500,4,'',0,1500,4,'',0,5400,4,'',0,1300,4,'',0,1500,4,'',0,1200,4,'',0,1200,4,'',0,5200,4,'',0,1100,4,'',0,1200,4,'',0,1000,4,'',0,1200,4,'',0,5200,4,'',0,1500,4,'',0,1200,4,'',0,800,4,'',0,1200,4,'',0,5200,4,'',0,1200,4,'',0,1200,4,'',0,1700,4,'',0,1500,4,'',0,5300,4,'',0,1500,4,'',0,1500,4,'',0,1500,4,'',0,5500,4,'',0,1600,4,'',0,1100,4,'',0,1500,4,'',0,5500,4,'',0,1500,4,'',0,1500,4,'',0,1500,4,'',0,5500,4,'',0,1500,4,'',0,1200,4,'',0
'1merged13526202',2338400,45400,,'',0,7000,,'',0,2000,,'',0,6100,,'',0,1000,,'',0,2400,,'',0,2000,,'',0,6100,,'',0,2100,,'',0,5900,,'',0,2200,,'',0,2000,,'',0,6000,,'',0,3900,,'',0,7200,,'',0,2800,,'',0,7000,,'',0,3100,,'',0,7000,,'',0,3000,,'',0,7100,,'',0,3100,,'',0,7000,,'',0,2600,,'',0,1900,,'',0,5900,,'',0,2500,,'',0,900,,'',0,6400,,'',0,2300,,'',0,2000,,'',0,6000,,'',0,2000,,'',0,1900,,'',0,5700,,'',0,2000,,'',0,1900,,'',0,5800,,'',0,2000,,'',0,8100,,'',0,2900,,'',0,7000,,'',0,2900,,'',0,7000,,'',0,2700,,'',0,7100,,'',0,1500,,'',0
'2merged13526207',2338400,60000,,'',0,3000,,'',0,2500,,'',0,7100,,'',0,3100,,'',0,7100,,'',0,3000,,'',0,7100,,'',0,7100,,'',0,3000,,'',0,7100,,'',0,3100,,'',0,7100,,'',0,3000,,'',0,1500,,'',0,7000,,'',0,3000,,'',0,7100,,'',0,3000,,'',0,7000,,'',0,3000,,'',0,6800,,'',0,3000,,'',0,7000,,'',0,3000,,'',0,7000,,'',0,1400,,'',0,7000,,'',0,3000,,'',0,7000,,'',0,2900,,'',0,2800,,'',0,7000,,'',0,3000,,'',0,7000,,'',0,9900,,'',0
'3merged13526206',2338400,60000,,'',0,3000,,'',0,1800,,'',0,6900,,'',0,3100,,'',0,7000,,'',0,3300,,'',0,7000,,'',0,3000,,'',0,7100,,'',0,3100,,'',0,7100,,'',0,3100,,'',0,6800,,'',0,3000,,'',0,7000,,'',0,3200,,'',0,7100,,'',0,3000,,'',0,7100,,'',0,2900,,'',0,7000,,'',0,3000,,'',0,7000,,'',0,3000,,'',0,7000,,'',0,3000,,'',0,7100,,'',0,2900,,'',0,7000,,'',0,2900,,'',0,6900,,'',0,2900,,'',0,7200,,'',0,9900,,'',0
'1merged13526202',2903800,55800,4,'',0,6400,4,'',0,1300,4,'',0,1700,4,'',0,5700,4,'',0,1600,4,'',0,1700,4,'',0,1600,4,'',0,5700,4,'',0,1500,4,'',0,1600,4,'',0,5600,4,'',0,1400,4,'',0,1500,4,'',0,1400,4,'',0,5500,4,'',0,1600,4,'',0,1500,4,'',0,1500,4,'',0,5600,4,'',0,1600,4,'',0,1600,4,'',0,1700,4,'',0,5900,4,'',0,2100,4,'',0,2100,4,'',0,6000,4,'',0,2000,4,'',0,2200,4,'',0,6000,4,'',0,2100,4,'',0,2200,4,'',0,6200,4,'',0,2000,4,'',0,1700,4,'',0,5300,4,'',0,1600,4,'',0,1600,4,'',0,1600,4,'',0,5600,4,'',0,1400,4,'',0,1600,4,'',0,1400,4,'',0,5500,4,'',0,1500,4,'',0,1900,4,'',0,5600,4,'',0,1800,4,'',0,1800,4,'',0,1600,4,'',0,5800,4,'',0,2500,4,'',0,6900,4,'',0,3600,4,'',0,7000,4,'',0
'2merged13526207',2903800,74100,4,'',0,5900,4,'',0,1900,4,'',0,1900,4,'',0,1900,4,'',0,6000,4,'',0,1900,4,'',0,1900,4,'',0,6100,4,'',0,2000,4,'',0,2000,4,'',0,6000,4,'',0,2000,4,'',0,2100,4,'',0,6100,4,'',0,2000,4,'',0,2000,4,'',0,6200,4,'',0,2000,4,'',0,6000,4,'',0,2000,4,'',0,2000,4,'',0,6000,4,'',0,1900,4,'',0,2000,4,'',0,1900,4,'',0,6000,4,'',0,2000,4,'',0,2000,4,'',0,6000,4,'',0,2000,4,'',0,2000,4,'',0,5800,4,'',0,2000,4,'',0,2200,4,'',0,6200,4,'',0,2200,4,'',0,6000,4,'',0,2200,4,'',0,2200,4,'',0,6200,4,'',0,2300,4,'',0,2400,4,'',0
'3merged13526206',2903800,74100,4,'',0,7200,4,'',0,3000,4,'',0,7000,4,'',0,3000,4,'',0,7100,4,'',0,3100,4,'',0,7000,4,'',0,3000,4,'',0,7100,4,'',0,3000,4,'',0,7000,4,'',0,3000,4,'',0,7000,4,'',0,3000,4,'',0,7000,4,'',0,3100,4,'',0,6900,4,'',0,2900,4,'',0,6700,4,'',0,3300,4,'',0,6900,4,'',0,3000,4,'',0,7000,4,'',0,3000,4,'',0,7000,4,'',0,2700,4,'',0,6900,4,'',0,3200,4,'',0,6800,4,'',0
'101merged13526213',2904001,75700,,'',0
