'152201merged13592003',663700,210700,4,'',0,1700,4,'',0,2000,4,'',0,6000,4,'',0,2000,4,'',0,2000,4,'',0,6500,4,'',0,2300,4,'',0,2200,4,'',0,7400,4,'',0,2900,4,'',0,7000,4,'',0,7600,4,'',0
'152201merged13592003',663701,204700,,'',0,6000,,'',0,2200,,'',0,2000,,'',0,5700,,'',0,2000,,'',0,2000,,'',0,6500,,'',0,2300,,'',0,2200,,'',0,7400,,'',0,2900,,'',0,7000,,'',0
'152301merged13592004',663700,210700,4,'',0,1700,4,'',0,2000,4,'',0,6000,4,'',0,2000,4,'',0,2000,4,'',0,6500,4,'',0,2300,4,'',0,2200,4,'',0,7400,4,'',0,2900,4,'',0,7000,4,'',0,7600,4,'',0
'152301merged13592004',663701,204700,,'',0,6000,,'',0,2200,,'',0,2000,,'',0,5700,,'',0,2000,,'',0,2000,,'',0,6500,,'',0,2300,,'',0,2200,,'',0,7400,,'',0,2900,,'',0,7000,,'',0
'1merged13592000',663700,52700,4,'',0,2000,4,'',0,6000,4,'',0,2000,4,'',0,2000,4,'',0,6000,4,'',0,2000,4,'',0,1800,4,'',0,5900,4,'',0,1700,4,'',0,1800,4,'',0,1600,4,'',0,5600,4,'',0,1600,4,'',0,1700,4,'',0,5600,4,'',0,1700,4,'',0,1700,4,'',0,1700,4,'',0,5700,4,'',0,1700,4,'',0,1700,4,'',0,1700,4,'',0,5700,4,'',0,1900,4,'',0,1700,4,'',0,5700,4,'',0,1700,4,'',0,1700,4,'',0,5700,4,'',0,1600,4,'',0,1500,4,'',0,1500,4,'',0,5500,4,'',0,1500,4,'',0,1400,4,'',0,1500,4,'',0,5500,4,'',0,1400,4,'',0,1400,4,'',0,1500,4,'',0,1500,4,'',0,5500,4,'',0,1500,4,'',0,1500,4,'',0,1600,4,'',0,5400,4,'',0,1600,4,'',0,1500,4,'',0,1500,4,'',0,5500,4,'',0,1700,4,'',0,1400,4,'',0,5800,4,'',0,1700,4,'',0,1700,4,'',0,1700,4,'',0
'1merged13592000',663701,45800,,'',0,6000,,'',0,2000,,'',0,1700,,'',0,6100,,'',0,1900,,'',0,1700,,'',0,5700,,'',0,1600,,'',0,1800,,'',0,1400,,'',0,5500,,'',0,1700,,'',0,1500,,'',0,5700,,'',0,1700,,'',0,1800,,'',0,1700,,'',0,5700,,'',0,1700,,'',0,1700,,'',0,1500,,'',0,5700,,'',0,1800,,'',0,1700,,'',0,5600,,'',0,1700,,'',0,1600,,'',0,1500,,'',0,5500,,'',0,1500,,'',0,1500,,'',0,1500,,'',0,5500,,'',0,1500,,'',0,1500,,'',0,1500,,'',0,5500,,'',0,1500,,'',0,1500,,'',0,1500,,'',0,5500,,'',0,1400,,'',0,1500,,'',0,1500,,'',0,5500,,'',0,1500,,'',0,1500,,'',0,1500,,'',0,5800,,'',0,1500,,'',0,1600,,'',0,5800,,'',0,1700,,'',0,1700,,'',0,1700,,'',0,5800,,'',0,1800,,'',0
'2merged13592002',663700,52600,4,'',0,2000,4,'',0,6000,4,'',0,2100,4,'',0,2000,4,'',0,6000,4,'',0,2000,4,'',0,2000,4,'',0,6100,4,'',0,2100,4,'',0,2000,4,'',0,6000,4,'',0,2200,4,'',0,1700,4,'',0,5700,4,'',0,1700,4,'',0,1800,4,'',0,1700,4,'',0,5700,4,'',0,1600,4,'',0,1200,4,'',0,1200,4,'',0,5300,4,'',0,1200,4,'',0,1200,4,'',0,1200,4,'',0,1200,4,'',0,5400,4,'',0,1200,4,'',0,1400,4,'',0,1200,4,'',0,1200,4,'',0,5300,4,'',0,1200,4,'',0,1200,4,'',0,1200,4,'',0,5200,4,'',0,1200,4,'',0,1200,4,'',0,1200,4,'',0,1200,4,'',0,5200,4,'',0,1200,4,'',0,1200,4,'',0,1200,4,'',0,1200,4,'',0,1000,4,'',0,5200,4,'',0,1200,4,'',0,1200,4,'',0,1200,4,'',0,1200,4,'',0,5200,4,'',0,1200,4,'',0,1300,4,'',0,1200,4,'',0,1200,4,'',0,5100,4,'',0,1200,4,'',0,1100,4,'',0,1200,4,'',0,1200,4,'',0,5000,4,'',0,1100,4,'',0,1200,4,'',0,1900,4,'',0,5900,4,'',0,1900,4,'',0,1800,4,'',0,6000,4,'',0,2000,4,'',0,2000,4,'',0,6000,4,'',0,2200,4,'',0,3000,4,'',0,7000,4,'',0,3000,4,'',0,7000,4,'',0,3000,4,'',0
'2merged13592002',663701,45600,,'',0,6000,,'',0,2000,,'',0,2000,,'',0,6000,,'',0,2000,,'',0,2000,,'',0,6000,,'',0,1900,,'',0,2100,,'',0,5900,,'',0,1800,,'',0,1700,,'',0,5600,,'',0,1700,,'',0,1600,,'',0,1700,,'',0,5500,,'',0,1700,,'',0,1200,,'',0,1200,,'',0,5200,,'',0,1200,,'',0,1200,,'',0,1100,,'',0,1200,,'',0,5100,,'',0,1200,,'',0,1200,,'',0,1200,,'',0,1200,,'',0,5200,,'',0,1200,,'',0,1200,,'',0,1200,,'',0,1200,,'',0,5200,,'',0,1200,,'',0,1200,,'',0,1000,,'',0,1200,,'',0,5200,,'',0,1100,,'',0,1200,,'',0,1200,,'',0,1200,,'',0,1200,,'',0,5200,,'',0,1200,,'',0,1200,,'',0,1200,,'',0,5500,,'',0,1200,,'',0,1200,,'',0,1200,,'',0,1200,,'',0,5200,,'',0,1200,,'',0,1200,,'',0,1200,,'',0,1200,,'',0,5400,,'',0,1200,,'',0,1200,,'',0,1200,,'',0,1500,,'',0,5800,,'',0,2000,,'',0,2100,,'',0,5900,,'',0,2000,,'',0,2000,,'',0,5200,,'',0,2000,,'',0,2000,,'',0,8200,,'',0,3000,,'',0,7000,,'',0,3000,,'',0,7000,,'',0
'3merged13592001',663700,52700,4,'',0,3000,4,'',0,7000,4,'',0,3100,4,'',0,7000,4,'',0,2000,4,'',0,6000,4,'',0,2000,4,'',0,2200,4,'',0,6100,4,'',0,2100,4,'',0,2000,4,'',0,6200,4,'',0,2000,4,'',0,1700,4,'',0,5700,4,'',0,1700,4,'',0,1800,4,'',0,5700,4,'',0,1700,4,'',0,1400,4,'',0,1200,4,'',0,1200,4,'',0,5300,4,'',0,1200,4,'',0,1300,4,'',0,1200,4,'',0,1200,4,'',0,5200,4,'',0,1200,4,'',0,1200,4,'',0,1200,4,'',0,1200,4,'',0,5200,4,'',0,1200,4,'',0,1200,4,'',0,1200,4,'',0,1200,4,'',0,5200,4,'',0,1200,4,'',0,1200,4,'',0,1200,4,'',0,1200,4,'',0,5100,4,'',0,1200,4,'',0,1100,4,'',0,1200,4,'',0,1100,4,'',0,5200,4,'',0,1200,4,'',0,1200,4,'',0,1200,4,'',0,1200,4,'',0,5200,4,'',0,1200,4,'',0,1200,4,'',0,1500,4,'',0,6000,4,'',0,2000,4,'',0,2000,4,'',0,6000,4,'',0,1900,4,'',0,1900,4,'',0,6000,4,'',0,2300,4,'',0,2200,4,'',0,5600,4,'',0,1900,4,'',0,2600,4,'',0,7000,4,'',0,3000,4,'',0,7000,4,'',0,3000,4,'',0
'3merged13592001',663701,43600,,'',0,7000,,'',0,2900,,'',0,7000,,'',0,3100,,'',0,2200,,'',0,6000,,'',0,2000,,'',0,2000,,'',0,5800,,'',0,1900,,'',0,2000,,'',0,5900,,'',0,1900,,'',0,1700,,'',0,5700,,'',0,1700,,'',0,1700,,'',0,1700,,'',0,5500,,'',0,1600,,'',0,1100,,'',0,1200,,'',0,5100,,'',0,1200,,'',0,1200,,'',0,1000,,'',0,1200,,'',0,5200,,'',0,1200,,'',0,1200,,'',0,1300,,'',0,1200,,'',0,5200,,'',0,1200,,'',0,1200,,'',0,1200,,'',0,1200,,'',0,5200,,'',0,1200,,'',0,1200,,'',0,1200,,'',0,1200,,'',0,5200,,'',0,1200,,'',0,1200,,'',0,1200,,'',0,1300,,'',0,5200,,'',0,1200,,'',0,1200,,'',0,1200,,'',0,1200,,'',0,5400,,'',0,1200,,'',0,1500,,'',0,2000,,'',0,6100,,'',0,2000,,'',0,2000,,'',0,6100,,'',0,2000,,'',0,2000,,'',0,6200,,'',0,2300,,'',0,600,,'',0,6000,,'',0,2300,,'',0,2200,,'',0,7500,,'',0,2600,,'',0,7000,,'',0,3000,,'',0,7000,,'',0
