'1merged13657233',684300,100500,4,'',0,10000,4,'',0,9700,4,'',0,10400,4,'',0,9600,4,'',0,10000,4,'',0,10100,4,'',0,10200,4,'',0,10000,4,'',0,10000,4,'',0,9900,4,'',0,10000,4,'',0,10300,4,'',0
'1merged13657233',684301,93500,,'',0,10000,,'',0,9500,,'',0,10400,,'',0,9600,,'',0,10000,,'',0,10000,,'',0,10400,,'',0,10100,,'',0,10000,,'',0,10000,,'',0,10000,,'',0,10500,,'',0
'2merged13657234',684300,95700,4,'',0,10100,4,'',0,10100,4,'',0,10000,4,'',0,10000,4,'',0,9700,4,'',0,10000,4,'',0,10000,4,'',0,10000,4,'',0,9900,4,'',0,10000,4,'',0,10000,4,'',0
'2merged13657234',684301,93000,,'',0,10000,,'',0,10000,,'',0,10000,,'',0,10000,,'',0,9500,,'',0,10000,,'',0,10000,,'',0,10000,,'',0,10000,,'',0,10000,,'',0,10000,,'',0
'3merged13657231',684300,95300,4,'',0,10000,4,'',0,10000,4,'',0,10000,4,'',0,10000,4,'',0,10000,4,'',0,10000,4,'',0,10200,4,'',0,9800,4,'',0,10000,4,'',0,10000,4,'',0
'3merged13657231',684301,92500,,'',0,10000,,'',0,10000,,'',0,10000,,'',0,10000,,'',0,10000,,'',0,10000,,'',0,10000,,'',0,10000,,'',0,10000,,'',0,10000,,'',0
'1merged13657233',684400,93300,4,'',0,10000,4,'',0,10000,4,'',0,10000,4,'',0,10100,4,'',0,9900,4,'',0,10700,4,'',0,9400,4,'',0,10100,4,'',0,10000,4,'',0,10000,4,'',0,10000,4,'',0,9900,4,'',0
'1merged13657233',684401,91000,,'',0,10000,,'',0,10000,,'',0,10000,,'',0,10100,,'',0,9900,,'',0,10700,,'',0,9300,,'',0,10000,,'',0,10000,,'',0,10000,,'',0,10000,,'',0,10000,,'',0
'2merged13657234',684400,92700,4,'',0,10200,4,'',0,10100,4,'',0,9900,4,'',0,10000,4,'',0,10000,4,'',0,10100,4,'',0,10200,4,'',0,10000,4,'',0,10000,4,'',0,9900,4,'',0,10000,4,'',0,10000,4,'',0
'2merged13657234',684401,90500,,'',0,10000,,'',0,10000,,'',0,10000,,'',0,10000,,'',0,10000,,'',0,10000,,'',0,10000,,'',0,10000,,'',0,10000,,'',0,10000,,'',0,10000,,'',0,10000,,'',0
'3merged13657231',684400,92300,4,'',0,10100,4,'',0,10000,4,'',0,10000,4,'',0,10000,4,'',0,10000,4,'',0,9900,4,'',0,10300,4,'',0,10000,4,'',0,9900,4,'',0,9900,4,'',0,9900,4,'',0
'3merged13657231',684401,90000,,'',0,10000,,'',0,10000,,'',0,10000,,'',0,10000,,'',0,10000,,'',0,10000,,'',0,10000,,'',0,10000,,'',0,10000,,'',0,10000,,'',0,10000,,'',0
