'1merged13993387',669800,55400,4,'',0,6700,4,'',0,2000,4,'',0,1500,4,'',0,5500,4,'',0,1500,4,'',0,1500,4,'',0,1500,4,'',0,5500,4,'',0,1500,4,'',0,1500,4,'',0,1500,4,'',0,5500,4,'',0,1500,4,'',0,1500,4,'',0,1800,4,'',0,6700,4,'',0,3000,4,'',0,7000,4,'',0,3100,4,'',0,6900,4,'',0,3000,4,'',0,7000,4,'',0,3000,4,'',0,7000,4,'',0,2700,4,'',0,6400,4,'',0,1500,4,'',0,1500,4,'',0,5500,4,'',0,1500,4,'',0,1400,4,'',0,1400,4,'',0,1400,4,'',0,5600,4,'',0,1600,4,'',0,1600,4,'',0,5600,4,'',0,1500,4,'',0,1500,4,'',0,1400,4,'',0,5500,4,'',0,2700,4,'',0,3000,4,'',0,7200,4,'',0,7100,4,'',0,3400,4,'',0,6600,4,'',0,2700,4,'',0
'2merged13993389',669800,64300,4,'',0,7400,4,'',0,3100,4,'',0,7100,4,'',0,3000,4,'',0,7000,4,'',0,3000,4,'',0,7000,4,'',0,3000,4,'',0,7000,4,'',0,3100,4,'',0,7100,4,'',0,3000,4,'',0,7100,4,'',0,3100,4,'',0,6800,4,'',0,2800,4,'',0,7000,4,'',0,3000,4,'',0,7000,4,'',0,3000,4,'',0,7000,4,'',0,3000,4,'',0,7000,4,'',0,3000,4,'',0,7000,4,'',0,3000,4,'',0,7200,4,'',0,2800,4,'',0,6900,4,'',0
'3merged13993388',669800,64600,4,'',0,6000,4,'',0,1900,4,'',0,2000,4,'',0,6000,4,'',0,2000,4,'',0,2000,4,'',0,7100,4,'',0,3300,4,'',0,6700,4,'',0,3000,4,'',0,7000,4,'',0,3000,4,'',0,7000,4,'',0,3200,4,'',0,7200,4,'',0,3100,4,'',0,7000,4,'',0,3000,4,'',0,7100,4,'',0,3000,4,'',0,7100,4,'',0,3000,4,'',0,7000,4,'',0,2900,4,'',0,7000,4,'',0,3000,4,'',0,6800,4,'',0,3000,4,'',0,7000,4,'',0,2600,4,'',0,7000,4,'',0
'101merged13993397',670301,161900,4,'',0
'1merged13993387',670301,53100,4,'',0,1100,4,'',0,1100,4,'',0,5200,4,'',0,1000,4,'',0,1200,4,'',0,1100,4,'',0,1000,4,'',0,1000,4,'',0,5000,4,'',0,1000,4,'',0,1100,4,'',0,1000,4,'',0,1000,4,'',0,5100,4,'',0,1000,4,'',0,1000,4,'',0,900,4,'',0,1000,4,'',0,1000,4,'',0,1000,4,'',0,5000,4,'',0,1000,4,'',0,1000,4,'',0,1100,4,'',0,1000,4,'',0,5000,4,'',0,1100,4,'',0,1300,4,'',0,1600,4,'',0,1500,4,'',0,5500,4,'',0,1500,4,'',0,1500,4,'',0,1500,4,'',0,5600,4,'',0,1500,4,'',0,1600,4,'',0,1500,4,'',0,5500,4,'',0,1500,4,'',0,1500,4,'',0,1500,4,'',0,5900,4,'',0,1600,4,'',0,1700,4,'',0,5500,4,'',0,1600,4,'',0,1500,4,'',0,1600,4,'',0,5200,4,'',0,1000,4,'',0,2000,4,'',0,1000,4,'',0,1000,4,'',0,5000,4,'',0,1000,4,'',0,1000,4,'',0,1000,4,'',0,1000,4,'',0,1000,4,'',0,4800,4,'',0,1000,4,'',0,900,4,'',0,900,4,'',0,1000,4,'',0,800,4,'',0,1000,4,'',0,5000,4,'',0,800,4,'',0,1000,4,'',0,1000,4,'',0,1200,4,'',0,5500,4,'',0,1300,4,'',0,1500,4,'',0,1500,4,'',0,5500,4,'',0,1400,4,'',0,1500,4,'',0,1300,4,'',0,1500,4,'',0,5500,4,'',0,1500,4,'',0,1400,4,'',0,1500,4,'',0,5500,4,'',0,1500,4,'',0,1400,4,'',0,1500,4,'',0,5500,4,'',0,1500,4,'',0,1300,4,'',0,1500,4,'',0,5500,4,'',0,1500,4,'',0,1400,4,'',0,1600,4,'',0,6000,4,'',0,2000,4,'',0
'2merged13993389',670301,61700,4,'',0,1500,4,'',0,1600,4,'',0,5500,4,'',0,1600,4,'',0,1500,4,'',0,1600,4,'',0,5500,4,'',0,1500,4,'',0,1500,4,'',0,1600,4,'',0,5500,4,'',0,1500,4,'',0,1500,4,'',0,1500,4,'',0,5900,4,'',0,1500,4,'',0,1600,4,'',0,1500,4,'',0,5700,4,'',0,1500,4,'',0,1700,4,'',0,5500,4,'',0,1600,4,'',0,1500,4,'',0,1900,4,'',0,5500,4,'',0,1700,4,'',0,1500,4,'',0,1400,4,'',0,5500,4,'',0,1500,4,'',0,1500,4,'',0,1500,4,'',0,5500,4,'',0,1500,4,'',0,1500,4,'',0,1500,4,'',0,5500,4,'',0,1600,4,'',0,1500,4,'',0,1300,4,'',0,5500,4,'',0,1400,4,'',0,1500,4,'',0,1500,4,'',0,5400,4,'',0,1500,4,'',0,1500,4,'',0,1400,4,'',0,5500,4,'',0,1300,4,'',0,1200,4,'',0,1500,4,'',0,1500,4,'',0,5500,4,'',0,1500,4,'',0,1800,4,'',0,5500,4,'',0,1300,4,'',0,1500,4,'',0,1300,4,'',0,1500,4,'',0,5500,4,'',0,1500,4,'',0,1200,4,'',0,1500,4,'',0,5500,4,'',0,1500,4,'',0,1200,4,'',0,1500,4,'',0,5500,4,'',0,1500,4,'',0,1300,4,'',0,1500,4,'',0,5500,4,'',0,1500,4,'',0,1500,4,'',0,2000,4,'',0,6000,4,'',0,2000,4,'',0
'3merged13993388',670301,65300,4,'',0,5500,4,'',0,1500,4,'',0,1500,4,'',0,1500,4,'',0,5500,4,'',0,1500,4,'',0,1500,4,'',0,1600,4,'',0,5500,4,'',0,1500,4,'',0,1600,4,'',0,1500,4,'',0,5700,4,'',0,1500,4,'',0,1500,4,'',0,1500,4,'',0,5500,4,'',0,1500,4,'',0,1700,4,'',0,1500,4,'',0,5800,4,'',0,1500,4,'',0,1500,4,'',0,5500,4,'',0,1600,4,'',0,1500,4,'',0,1500,4,'',0,5500,4,'',0,1500,4,'',0,1500,4,'',0,1500,4,'',0,5500,4,'',0,1500,4,'',0,1500,4,'',0,1500,4,'',0,5500,4,'',0,1500,4,'',0,1500,4,'',0,1600,4,'',0,5500,4,'',0,1500,4,'',0,1500,4,'',0,1500,4,'',0,5500,4,'',0,1400,4,'',0,1500,4,'',0,1500,4,'',0,5500,4,'',0,1400,4,'',0,1500,4,'',0,1500,4,'',0,5500,4,'',0,1200,4,'',0,1500,4,'',0,1500,4,'',0,1500,4,'',0,5400,4,'',0,1500,4,'',0,1500,4,'',0,1500,4,'',0,5500,4,'',0,1500,4,'',0,1400,4,'',0,1500,4,'',0,5500,4,'',0,1500,4,'',0,1100,4,'',0,1500,4,'',0,5500,4,'',0,1500,4,'',0,1400,4,'',0,1500,4,'',0,5500,4,'',0,1500,4,'',0,1900,4,'',0
'1merged13993387',670501,264200,4,'',0
'2merged13993389',670501,253300,4,'',0,10300,4,'',0
'3merged13993388',670501,253900,4,'',0
'1merged13993387',671901,173200,4,'',0,7100,4,'',0,3200,4,'',0,7200,4,'',0,3000,4,'',0
'1merged13993387',3780801,52100,4,'',0,1600,4,'',0,1500,4,'',0,5500,4,'',0,1500,4,'',0,1200,4,'',0,1200,4,'',0,1000,4,'',0,5000,4,'',0,1000,4,'',0,1000,4,'',0,1000,4,'',0,1000,4,'',0,1000,4,'',0,5000,4,'',0,1000,4,'',0,1000,4,'',0,1000,4,'',0,1000,4,'',0,1000,4,'',0,5000,4,'',0,1200,4,'',0,1200,4,'',0,1200,4,'',0,1200,4,'',0,5200,4,'',0,1200,4,'',0,1200,4,'',0,1200,4,'',0,1200,4,'',0,5200,4,'',0,1200,4,'',0,1200,4,'',0,1200,4,'',0,1200,4,'',0,5200,4,'',0,1200,4,'',0,1200,4,'',0,1200,4,'',0,1200,4,'',0,5200,4,'',0,1200,4,'',0,1200,4,'',0,1200,4,'',0,1200,4,'',0,5200,4,'',0,1000,4,'',0,1000,4,'',0,1000,4,'',0,1000,4,'',0,1000,4,'',0,5200,4,'',0,1000,4,'',0,800,4,'',0,800,4,'',0,800,4,'',0,600,4,'',0,700,4,'',0,4700,4,'',0,800,4,'',0,700,4,'',0,800,4,'',0,700,4,'',0,800,4,'',0,700,4,'',0,800,4,'',0,4800,4,'',0,800,4,'',0,700,4,'',0,800,4,'',0,700,4,'',0,800,4,'',0,700,4,'',0,800,4,'',0,4800,4,'',0,800,4,'',0,900,4,'',0,900,4,'',0,800,4,'',0,900,4,'',0,800,4,'',0,4800,4,'',0,800,4,'',0,800,4,'',0,900,4,'',0,1200,4,'',0,1200,4,'',0,5200,4,'',0,1200,4,'',0,1100,4,'',0,1200,4,'',0,1200,4,'',0,5200,4,'',0,1200,4,'',0,1500,4,'',0,1500,4,'',0,5500,4,'',0,1500,4,'',0,1500,4,'',0,1500,4,'',0,5500,4,'',0,1500,4,'',0,1500,4,'',0,1500,4,'',0,5500,4,'',0,1500,4,'',0,1500,4,'',0,1500,4,'',0,5500,4,'',0,2000,4,'',0
'2merged13993389',3780801,52600,4,'',0,1900,4,'',0,5600,4,'',0,1500,4,'',0,1500,4,'',0,1500,4,'',0,5500,4,'',0,1500,4,'',0,1500,4,'',0,1500,4,'',0,5500,4,'',0,1500,4,'',0,1500,4,'',0,1500,4,'',0,5500,4,'',0,1500,4,'',0,1500,4,'',0,1500,4,'',0,5500,4,'',0,1500,4,'',0,1500,4,'',0,1500,4,'',0,5600,4,'',0,1500,4,'',0,1600,4,'',0,1300,4,'',0,5500,4,'',0,1500,4,'',0,1500,4,'',0,1200,4,'',0,1200,4,'',0,5200,4,'',0,1200,4,'',0,1200,4,'',0,1200,4,'',0,1200,4,'',0,5200,4,'',0,1200,4,'',0,1200,4,'',0,1200,4,'',0,1200,4,'',0,5200,4,'',0,1200,4,'',0,1200,4,'',0,1200,4,'',0,1200,4,'',0,5200,4,'',0,1200,4,'',0,1200,4,'',0,1200,4,'',0,1000,4,'',0,5000,4,'',0,1000,4,'',0,1000,4,'',0,1000,4,'',0,1000,4,'',0,1000,4,'',0,5000,4,'',0,1000,4,'',0,1000,4,'',0,1000,4,'',0,1000,4,'',0,1000,4,'',0,5000,4,'',0,1200,4,'',0,1200,4,'',0,1100,4,'',0,1100,4,'',0,5100,4,'',0,1100,4,'',0,1100,4,'',0,1200,4,'',0,1500,4,'',0,5500,4,'',0,1400,4,'',0,1700,4,'',0,1300,4,'',0,5500,4,'',0,1500,4,'',0,1500,4,'',0,1500,4,'',0,5500,4,'',0,1400,4,'',0,1400,4,'',0,1400,4,'',0,1400,4,'',0,5500,4,'',0,1500,4,'',0,1800,4,'',0,5800,4,'',0,1700,4,'',0
'3merged13993388',3780801,52500,4,'',0,2500,4,'',0,5500,4,'',0,1500,4,'',0,1500,4,'',0,1500,4,'',0,5500,4,'',0,1500,4,'',0,1500,4,'',0,1500,4,'',0,5600,4,'',0,1500,4,'',0,1500,4,'',0,1500,4,'',0,5500,4,'',0,1600,4,'',0,1500,4,'',0,1500,4,'',0,5500,4,'',0,1500,4,'',0,1500,4,'',0,1400,4,'',0,5400,4,'',0,1500,4,'',0,1500,4,'',0,1500,4,'',0,5500,4,'',0,1500,4,'',0,1500,4,'',0,1500,4,'',0,5500,4,'',0,1500,4,'',0,1200,4,'',0,1200,4,'',0,1200,4,'',0,5200,4,'',0,1200,4,'',0,1200,4,'',0,1200,4,'',0,1200,4,'',0,5200,4,'',0,1200,4,'',0,1200,4,'',0,1200,4,'',0,1200,4,'',0,5200,4,'',0,1200,4,'',0,1200,4,'',0,1000,4,'',0,1000,4,'',0,5000,4,'',0,1000,4,'',0,1000,4,'',0,1000,4,'',0,1000,4,'',0,1000,4,'',0,5000,4,'',0,1000,4,'',0,1000,4,'',0,1000,4,'',0,1000,4,'',0,1000,4,'',0,5000,4,'',0,1000,4,'',0,1000,4,'',0,1000,4,'',0,1000,4,'',0,1200,4,'',0,5200,4,'',0,1400,4,'',0,1500,4,'',0,1500,4,'',0,5500,4,'',0,1500,4,'',0,1500,4,'',0,1500,4,'',0,5500,4,'',0,1500,4,'',0,1500,4,'',0,1500,4,'',0,5500,4,'',0,1500,4,'',0,1500,4,'',0,1500,4,'',0,5600,4,'',0,1900,4,'',0,1800,4,'',0,1400,4,'',0,5400,4,'',0,1500,4,'',0
'1merged13993387',4660401,52800,4,'',0,1000,4,'',0,1000,4,'',0,5200,4,'',0,1100,4,'',0,1000,4,'',0,1100,4,'',0,1000,4,'',0,700,4,'',0,900,4,'',0,4700,4,'',0,900,4,'',0,700,4,'',0,800,4,'',0,700,4,'',0,900,4,'',0,700,4,'',0,5000,4,'',0,700,4,'',0,800,4,'',0,700,4,'',0,800,4,'',0,700,4,'',0,800,4,'',0,700,4,'',0,4800,4,'',0,700,4,'',0,800,4,'',0,700,4,'',0,700,4,'',0,700,4,'',0,800,4,'',0,700,4,'',0,4800,4,'',0,700,4,'',0,1000,4,'',0,1000,4,'',0,1000,4,'',0,1000,4,'',0,1000,4,'',0,5100,4,'',0,1000,4,'',0,1000,4,'',0,1000,4,'',0,1000,4,'',0,1000,4,'',0,5000,4,'',0,1000,4,'',0,1000,4,'',0,1100,4,'',0,1000,4,'',0,5000,4,'',0,1100,4,'',0,1000,4,'',0,1000,4,'',0,1200,4,'',0,1000,4,'',0,5000,4,'',0,1200,4,'',0,1000,4,'',0,1000,4,'',0,1200,4,'',0,1000,4,'',0,5000,4,'',0,1300,4,'',0,1000,4,'',0,1000,4,'',0,1000,4,'',0,5000,4,'',0,1000,4,'',0,500,4,'',0,800,4,'',0,800,4,'',0,800,4,'',0,700,4,'',0,800,4,'',0,4800,4,'',0,800,4,'',0,700,4,'',0,800,4,'',0,700,4,'',0,800,4,'',0,700,4,'',0,800,4,'',0,4700,4,'',0,800,4,'',0,200,4,'',0,800,4,'',0,600,4,'',0,800,4,'',0,700,4,'',0,800,4,'',0,700,4,'',0,4800,4,'',0,600,4,'',0,800,4,'',0,700,4,'',0,800,4,'',0,300,4,'',0,1000,4,'',0,1000,4,'',0,4900,4,'',0,1000,4,'',0,1000,4,'',0,900,4,'',0,1000,4,'',0,1000,4,'',0,4900,4,'',0,1000,4,'',0,1000,4,'',0,1000,4,'',0,1000,4,'',0,1000,4,'',0,5000,4,'',0,1500,4,'',0,1300,4,'',0,1500,4,'',0,5500,4,'',0,1500,4,'',0,1500,4,'',0,1500,4,'',0,5500,4,'',0,1500,4,'',0,1300,4,'',0,1500,4,'',0,1500,4,'',0,5500,4,'',0,1300,4,'',0
'2merged13993389',4660401,62100,4,'',0,1500,4,'',0,1100,4,'',0,1000,4,'',0,5000,4,'',0,1000,4,'',0,1000,4,'',0,1000,4,'',0,1000,4,'',0,1100,4,'',0,5000,4,'',0,1000,4,'',0,1100,4,'',0,1000,4,'',0,1000,4,'',0,1000,4,'',0,5000,4,'',0,1000,4,'',0,1100,4,'',0,1000,4,'',0,1000,4,'',0,5100,4,'',0,1000,4,'',0,1000,4,'',0,1000,4,'',0,1000,4,'',0,1000,4,'',0,5100,4,'',0,1000,4,'',0,1000,4,'',0,1200,4,'',0,1000,4,'',0,1000,4,'',0,5300,4,'',0,1000,4,'',0,1000,4,'',0,1100,4,'',0,1000,4,'',0,1000,4,'',0,5200,4,'',0,1000,4,'',0,1000,4,'',0,1100,4,'',0,1000,4,'',0,5000,4,'',0,1000,4,'',0,1000,4,'',0,1000,4,'',0,1100,4,'',0,1000,4,'',0,5000,4,'',0,1000,4,'',0,1000,4,'',0,1000,4,'',0,700,4,'',0,1000,4,'',0,1000,4,'',0,5000,4,'',0,1000,4,'',0,1000,4,'',0,1000,4,'',0,1000,4,'',0,1000,4,'',0,5000,4,'',0,1000,4,'',0,1000,4,'',0,900,4,'',0,1000,4,'',0,1000,4,'',0,5000,4,'',0,1000,4,'',0,1000,4,'',0,1000,4,'',0,1000,4,'',0,1000,4,'',0,4700,4,'',0,1000,4,'',0,1000,4,'',0,600,4,'',0,1000,4,'',0,1000,4,'',0,5000,4,'',0,1000,4,'',0,1000,4,'',0,900,4,'',0,1000,4,'',0,1000,4,'',0,5000,4,'',0,1000,4,'',0,1000,4,'',0,1000,4,'',0,1500,4,'',0,5500,4,'',0,1500,4,'',0,1400,4,'',0,1500,4,'',0,1500,4,'',0,5500,4,'',0,1300,4,'',0,1500,4,'',0,1500,4,'',0,5500,4,'',0,1400,4,'',0,1500,4,'',0,1500,4,'',0,5500,4,'',0,1500,4,'',0
'3merged13993388',4660401,65500,4,'',0,5500,4,'',0,1600,4,'',0,900,4,'',0,1000,4,'',0,1100,4,'',0,5500,4,'',0,1400,4,'',0,1500,4,'',0,1500,4,'',0,5500,4,'',0,1600,4,'',0,1500,4,'',0,1500,4,'',0,5500,4,'',0,1500,4,'',0,1500,4,'',0,1800,4,'',0,5500,4,'',0,1500,4,'',0,1500,4,'',0,5800,4,'',0,1500,4,'',0,1700,4,'',0,1000,4,'',0,1000,4,'',0,5200,4,'',0,1000,4,'',0,1000,4,'',0,1000,4,'',0,1000,4,'',0,1000,4,'',0,5100,4,'',0,1000,4,'',0,1000,4,'',0,1000,4,'',0,1000,4,'',0,1000,4,'',0,5000,4,'',0,1000,4,'',0,1000,4,'',0,700,4,'',0,1000,4,'',0,1000,4,'',0,5100,4,'',0,1000,4,'',0,1000,4,'',0,900,4,'',0,1000,4,'',0,1000,4,'',0,5000,4,'',0,1000,4,'',0,1000,4,'',0,1000,4,'',0,1000,4,'',0,1000,4,'',0,5000,4,'',0,1000,4,'',0,1000,4,'',0,1200,4,'',0,1000,4,'',0,1000,4,'',0,4800,4,'',0,1000,4,'',0,1000,4,'',0,1000,4,'',0,1000,4,'',0,1000,4,'',0,4700,4,'',0,1000,4,'',0,1000,4,'',0,600,4,'',0,1000,4,'',0,1000,4,'',0,1000,4,'',0,5000,4,'',0,1000,4,'',0,1000,4,'',0,1400,4,'',0,1500,4,'',0,5500,4,'',0,1500,4,'',0,1400,4,'',0,1500,4,'',0,5500,4,'',0,1500,4,'',0,1500,4,'',0,1500,4,'',0,5500,4,'',0,1500,4,'',0,1300,4,'',0,1500,4,'',0,5500,4,'',0,1500,4,'',0
