'1merged13526202',667900,60600,,'',0,2600,,'',0,6900,,'',0,3000,,'',0,7100,,'',0,3100,,'',0,7200,,'',0,2900,,'',0,7000,,'',0,2900,,'',0,7000,,'',0,2900,,'',0,2700,,'',0,6700,,'',0,3000,,'',0,7000,,'',0,3000,,'',0,7000,,'',0,2800,,'',0,6700,,'',0,3000,,'',0,7000,,'',0,2800,,'',0,7000,,'',0,3900,,'',0,7500,,'',0,7000,,'',0,3000,,'',0,7000,,'',0,3000,,'',0,7000,,'',0,3000,,'',0,7000,,'',0,3000,,'',0
'1merged13526202',667901,55700,4,'',0,7000,4,'',0,2800,4,'',0,6800,4,'',0,3100,4,'',0,7400,4,'',0,7200,4,'',0,2800,4,'',0,2900,4,'',0,6800,4,'',0,3200,4,'',0,6800,4,'',0,7700,4,'',0,3100,4,'',0,7000,4,'',0,3000,4,'',0,7000,4,'',0,3000,4,'',0,6800,4,'',0,3200,4,'',0,6900,4,'',0,3000,4,'',0,7000,4,'',0,3000,4,'',0,6800,4,'',0,2800,4,'',0,2700,4,'',0,7000,4,'',0,3000,4,'',0,7000,4,'',0,2900,4,'',0,7000,4,'',0,2900,4,'',0,7000,4,'',0
'2merged13526207',667900,70300,,'',0,10000,,'',0,3000,,'',0,6800,,'',0,3000,,'',0,2700,,'',0,7100,,'',0,3000,,'',0,7000,,'',0,7300,,'',0,2800,,'',0,7000,,'',0,2900,,'',0,3000,,'',0,7000,,'',0,3000,,'',0,7000,,'',0,3000,,'',0,7000,,'',0,3000,,'',0,7000,,'',0,7200,,'',0,3000,,'',0,7100,,'',0,3000,,'',0,7000,,'',0,3000,,'',0,7200,,'',0,3000,,'',0,7000,,'',0,3000,,'',0
'2merged13526207',667901,71500,4,'',0,10500,4,'',0,3000,4,'',0,7000,4,'',0,3100,4,'',0,7300,4,'',0,3000,4,'',0,7000,4,'',0,3000,4,'',0,7100,4,'',0,3100,4,'',0,7000,4,'',0,3000,4,'',0,7000,4,'',0,3000,4,'',0,7000,4,'',0,3000,4,'',0,7000,4,'',0,2800,4,'',0,7000,4,'',0,3000,4,'',0,7000,4,'',0,3000,4,'',0,6900,4,'',0,2800,4,'',0,7000,4,'',0,3000,4,'',0,7000,4,'',0,3000,4,'',0,7000,4,'',0
'3merged13526206',667900,80400,,'',0,3000,,'',0,7000,,'',0,3000,,'',0,7000,,'',0,3000,,'',0,7000,,'',0,3000,,'',0,7000,,'',0,3000,,'',0,7000,,'',0,3000,,'',0,7000,,'',0,3000,,'',0,7000,,'',0,3000,,'',0,7000,,'',0,3000,,'',0,7000,,'',0,3000,,'',0,7000,,'',0,3000,,'',0,7000,,'',0,3000,,'',0,7000,,'',0,3000,,'',0,7000,,'',0,3000,,'',0,7000,,'',0,3000,,'',0
'3merged13526206',667901,75300,4,'',0,7100,4,'',0,3000,4,'',0,7000,4,'',0,3000,4,'',0,7000,4,'',0,3300,4,'',0,7000,4,'',0,3000,4,'',0,7000,4,'',0,3100,4,'',0,7000,4,'',0,3000,4,'',0,7000,4,'',0,3000,4,'',0,7000,4,'',0,3000,4,'',0,7000,4,'',0,3000,4,'',0,7000,4,'',0,2900,4,'',0,6900,4,'',0,3000,4,'',0,7000,4,'',0,2800,4,'',0,7000,4,'',0,3000,4,'',0,7000,4,'',0,2900,4,'',0,7000,4,'',0
'1merged13526202',668000,65600,4,'',0,10100,4,'',0,6200,4,'',0,8600,4,'',0,2100,4,'',0,2100,4,'',0,5700,4,'',0,1500,4,'',0,1500,4,'',0,1500,4,'',0,5500,4,'',0,1500,4,'',0,1600,4,'',0,1500,4,'',0,5600,4,'',0,1500,4,'',0,1500,4,'',0,1500,4,'',0,5500,4,'',0,1500,4,'',0,1600,4,'',0,1500,4,'',0,5500,4,'',0,1500,4,'',0,1500,4,'',0,1400,4,'',0,5600,4,'',0,1500,4,'',0,1500,4,'',0,1500,4,'',0,5500,4,'',0,1500,4,'',0,1500,4,'',0,1500,4,'',0,5500,4,'',0,1500,4,'',0,1500,4,'',0,1500,4,'',0,5500,4,'',0,1300,4,'',0,1100,4,'',0,1700,4,'',0,5600,4,'',0,2300,4,'',0,3000,4,'',0,6800,4,'',0,3000,4,'',0,7000,4,'',0,3000,4,'',0,6900,4,'',0,10000,4,'',0,10000,4,'',0
'1merged13526202',668001,70000,,'',0,3000,,'',0,7000,,'',0,4000,,'',0,7000,,'',0,1500,,'',0,1300,,'',0,1700,,'',0,5500,,'',0,1500,,'',0,1500,,'',0,1500,,'',0,5500,,'',0,1500,,'',0,1500,,'',0,1700,,'',0,5500,,'',0,1500,,'',0,1500,,'',0,1400,,'',0,5600,,'',0,1500,,'',0,1500,,'',0,1500,,'',0,5500,,'',0,1500,,'',0,1500,,'',0,1400,,'',0,5600,,'',0,1500,,'',0,1500,,'',0,1500,,'',0,5500,,'',0,1500,,'',0,1500,,'',0,1500,,'',0,5500,,'',0,1500,,'',0,1500,,'',0,1500,,'',0,5500,,'',0,1700,,'',0,3000,,'',0,7500,,'',0,7000,,'',0,3000,,'',0,7000,,'',0,3000,,'',0,7000,,'',0,3000,,'',0,9800,,'',0,9800,,'',0
'2merged13526207',668000,65100,4,'',0,10000,4,'',0,10300,4,'',0,7000,4,'',0,1500,4,'',0,1500,4,'',0,5500,4,'',0,2000,4,'',0,1500,4,'',0,1500,4,'',0,5500,4,'',0,1600,4,'',0,1200,4,'',0,1500,4,'',0,5500,4,'',0,1600,4,'',0,1500,4,'',0,1500,4,'',0,5500,4,'',0,1500,4,'',0,1500,4,'',0,1500,4,'',0,5500,4,'',0,1400,4,'',0,1500,4,'',0,1500,4,'',0,5500,4,'',0,1700,4,'',0,1300,4,'',0,1500,4,'',0,5500,4,'',0,1500,4,'',0,1500,4,'',0,1500,4,'',0,5500,4,'',0,1500,4,'',0,1400,4,'',0,1500,4,'',0,5500,4,'',0,1500,4,'',0,1500,4,'',0,1600,4,'',0,7000,4,'',0,3100,4,'',0,6900,4,'',0,3000,4,'',0,7000,4,'',0,2800,4,'',0,6900,4,'',0,10000,4,'',0,10000,4,'',0
'2merged13526207',668001,63000,,'',0,10000,,'',0,9900,,'',0,3000,,'',0,7000,,'',0,1500,,'',0,1500,,'',0,5500,,'',0,1500,,'',0,1400,,'',0,1300,,'',0,5500,,'',0,1500,,'',0,1500,,'',0,1500,,'',0,5500,,'',0,1500,,'',0,1500,,'',0,1500,,'',0,5500,,'',0,1500,,'',0,1500,,'',0,1500,,'',0,5500,,'',0,1500,,'',0,1300,,'',0,1500,,'',0,5500,,'',0,1500,,'',0,1500,,'',0,1400,,'',0,5600,,'',0,1500,,'',0,1500,,'',0,1500,,'',0,5500,,'',0,1500,,'',0,1500,,'',0,1500,,'',0,5700,,'',0,1900,,'',0,7200,,'',0,3000,,'',0,7100,,'',0,3000,,'',0,7000,,'',0,3000,,'',0,7000,,'',0,3000,,'',0,10000,,'',0,10000,,'',0
'3merged13526206',668000,85500,4,'',0,7100,4,'',0,1500,4,'',0,1600,4,'',0,5500,4,'',0,1600,4,'',0,1500,4,'',0,1500,4,'',0,5500,4,'',0,1700,4,'',0,1500,4,'',0,5600,4,'',0,1500,4,'',0,1700,4,'',0,1500,4,'',0,5400,4,'',0,1500,4,'',0,1500,4,'',0,1500,4,'',0,5500,4,'',0,1500,4,'',0,1400,4,'',0,1500,4,'',0,5500,4,'',0,1500,4,'',0,1500,4,'',0,1500,4,'',0,5500,4,'',0,1500,4,'',0,1400,4,'',0,1500,4,'',0,5500,4,'',0,1500,4,'',0,1500,4,'',0,1500,4,'',0,5500,4,'',0,1500,4,'',0,1400,4,'',0,1500,4,'',0,1400,4,'',0,6900,4,'',0,2900,4,'',0,7000,4,'',0,3000,4,'',0,7000,4,'',0,3000,4,'',0,6900,4,'',0,9800,4,'',0
'3merged13526206',668001,90500,,'',0,2800,,'',0,1500,,'',0,5500,,'',0,1500,,'',0,1500,,'',0,1500,,'',0,5500,,'',0,1500,,'',0,1500,,'',0,1400,,'',0,5500,,'',0,1500,,'',0,1500,,'',0,1500,,'',0,5500,,'',0,1500,,'',0,1500,,'',0,1500,,'',0,5500,,'',0,1500,,'',0,1500,,'',0,1500,,'',0,5500,,'',0,1500,,'',0,1500,,'',0,1500,,'',0,5500,,'',0,1500,,'',0,1500,,'',0,1500,,'',0,5500,,'',0,1500,,'',0,1500,,'',0,1500,,'',0,5600,,'',0,1600,,'',0,1600,,'',0,6900,,'',0,3000,,'',0,7000,,'',0,3100,,'',0,6900,,'',0,3100,,'',0,6900,,'',0,3100,,'',0
'1merged13526202',668600,81300,4,'',0,81800,4,'',0,7600,4,'',0,4100,4,'',0,7700,4,'',0,2500,4,'',0
'1merged13526202',668601,63200,,'',0,1800,,'',0,9100,,'',0,8500,,'',0
