'1merged13785277',668201,54420,4,'',0,5700,4,'',0,1500,4,'',0,1400,4,'',0,1200,4,'',0,1200,4,'',0,5200,4,'',0,1200,4,'',0,1200,4,'',0,790,4,'',0,700,4,'',0,900,4,'',0,4900,4,'',0,900,4,'',0,800,4,'',0,1100,4,'',0,600,4,'',0,900,4,'',0,900,4,'',0,5500,4,'',0,1000,4,'',0,1700,4,'',0,1600,4,'',0,5500,4,'',0,1500,4,'',0,1500,4,'',0,1600,4,'',0,5500,4,'',0,1590,4,'',0,1500,4,'',0,1500,4,'',0,5500,4,'',0,1600,4,'',0,1500,4,'',0,1500,4,'',0,5500,4,'',0,1400,4,'',0,1500,4,'',0,1500,4,'',0,5500,4,'',0,1500,4,'',0,1500,4,'',0,1200,4,'',0,5200,4,'',0,1750,4,'',0,1200,4,'',0,1200,4,'',0,5580,4,'',0,900,4,'',0,1000,4,'',0,1710,4,'',0,900,4,'',0,700,4,'',0,4700,4,'',0,800,4,'',0,700,4,'',0,800,4,'',0,700,4,'',0,800,4,'',0,800,4,'',0,410,4,'',0,5000,4,'',0,1000,4,'',0,800,4,'',0,1100,4,'',0,900,4,'',0,1450,4,'',0,5600,4,'',0,1110,4,'',0,1400,4,'',0,1300,4,'',0,5500,4,'',0,1310,4,'',0,1500,4,'',0,1410,4,'',0,1500,4,'',0,6000,4,'',0,2000,4,'',0,2000,4,'',0,6000,4,'',0,2300,4,'',0,7000,4,'',0,2900,4,'',0,7000,4,'',0,2510,4,'',0
'2merged13785279',668201,62630,4,'',0,2000,4,'',0,6000,4,'',0,2000,4,'',0,2000,4,'',0,6000,4,'',0,1500,4,'',0,1500,4,'',0,1790,4,'',0,5500,4,'',0,1690,4,'',0,1800,4,'',0,1500,4,'',0,5500,4,'',0,1500,4,'',0,1500,4,'',0,1500,4,'',0,5500,4,'',0,1500,4,'',0,1840,4,'',0,5500,4,'',0,1800,4,'',0,1500,4,'',0,1590,4,'',0,5500,4,'',0,1400,4,'',0,1200,4,'',0,1200,4,'',0,1300,4,'',0,5200,4,'',0,1200,4,'',0,1200,4,'',0,1200,4,'',0,1000,4,'',0,5000,4,'',0,1000,4,'',0,1090,4,'',0,1000,4,'',0,1000,4,'',0,1000,4,'',0,5000,4,'',0,1000,4,'',0,910,4,'',0,1000,4,'',0,1000,4,'',0,1000,4,'',0,5000,4,'',0,1000,4,'',0,1000,4,'',0,1000,4,'',0,1000,4,'',0,710,4,'',0,5000,4,'',0,1000,4,'',0,1000,4,'',0,1100,4,'',0,1100,4,'',0,1100,4,'',0,5200,4,'',0,1200,4,'',0,1300,4,'',0,1150,4,'',0,1300,4,'',0,5300,4,'',0,910,4,'',0,1500,4,'',0,1500,4,'',0,5500,4,'',0,1110,4,'',0,1500,4,'',0,1790,4,'',0,6000,4,'',0,2000,4,'',0,1720,4,'',0,6000,4,'',0,2000,4,'',0,1800,4,'',0,7000,4,'',0,3000,4,'',0
'3merged13785278',668201,63330,4,'',0,2300,4,'',0,6000,4,'',0,2100,4,'',0,2000,4,'',0,6000,4,'',0,1800,4,'',0,2000,4,'',0,5400,4,'',0,1500,4,'',0,1590,4,'',0,1500,4,'',0,5600,4,'',0,1500,4,'',0,1500,4,'',0,1500,4,'',0,5990,4,'',0,1500,4,'',0,1690,4,'',0,5500,4,'',0,1650,4,'',0,1500,4,'',0,1500,4,'',0,5500,4,'',0,1700,4,'',0,1500,4,'',0,1600,4,'',0,5500,4,'',0,1500,4,'',0,1500,4,'',0,1500,4,'',0,5500,4,'',0,1500,4,'',0,1500,4,'',0,1500,4,'',0,5500,4,'',0,1400,4,'',0,1500,4,'',0,1500,4,'',0,5500,4,'',0,1500,4,'',0,1500,4,'',0,1300,4,'',0,5500,4,'',0,1500,4,'',0,1500,4,'',0,1260,4,'',0,5500,4,'',0,1200,4,'',0,1500,4,'',0,1500,4,'',0,1500,4,'',0,5500,4,'',0,1500,4,'',0,1500,4,'',0,1500,4,'',0,5700,4,'',0,2000,4,'',0,1910,4,'',0,6000,4,'',0,2000,4,'',0,2300,4,'',0
'59001merged13785272',668201,162740,4,'',0
'59101merged13785273',668201,162740,4,'',0
'1merged13785277',668301,71650,4,'',0,990,4,'',0,1000,4,'',0,1090,4,'',0,5700,4,'',0,900,4,'',0,1600,4,'',0,500,4,'',0,1000,4,'',0,1000,4,'',0,5010,4,'',0,1700,4,'',0
'1merged13785277',668501,64430,4,'',0,6200,4,'',0,1500,4,'',0,1600,4,'',0,1500,4,'',0,4900,4,'',0,1100,4,'',0,1590,4,'',0,1800,4,'',0,1110,4,'',0,6000,4,'',0,2990,4,'',0,6900,4,'',0,2900,4,'',0,5500,4,'',0,3690,4,'',0,7000,4,'',0,2600,4,'',0,7190,4,'',0,2810,4,'',0,6900,4,'',0,3000,4,'',0,7100,4,'',0,3240,4,'',0,1600,4,'',0,5600,4,'',0,3000,4,'',0,1800,4,'',0,5000,4,'',0,1900,4,'',0,1300,4,'',0,1400,4,'',0,5050,4,'',0,1610,4,'',0,1200,4,'',0,1710,4,'',0,1000,4,'',0,5500,4,'',0,1400,4,'',0,2910,4,'',0,9800,4,'',0,9900,4,'',0,9810,4,'',0,9900,4,'',0,9510,4,'',0
'2merged13785279',668501,64730,4,'',0,7100,4,'',0,3100,4,'',0,7000,4,'',0,3000,4,'',0,7100,4,'',0,3000,4,'',0,7190,4,'',0,3300,4,'',0,7280,4,'',0,3100,4,'',0,7200,4,'',0,7150,4,'',0,3200,4,'',0,6900,4,'',0,3000,4,'',0,7000,4,'',0,3200,4,'',0,6900,4,'',0,3100,4,'',0,6800,4,'',0,2850,4,'',0,7100,4,'',0,3000,4,'',0,6900,4,'',0,2700,4,'',0,2810,4,'',0,9810,4,'',0,9900,4,'',0,10000,4,'',0,10000,4,'',0,9800,4,'',0,18700,4,'',0
'3merged13785278',668501,75130,4,'',0,10100,4,'',0,10290,4,'',0,7000,4,'',0,3200,4,'',0,7000,4,'',0,2900,4,'',0,7190,4,'',0,3000,4,'',0,7000,4,'',0,3100,4,'',0,7290,4,'',0,7000,4,'',0,3050,4,'',0,7100,4,'',0,2900,4,'',0,7000,4,'',0,2850,4,'',0,7000,4,'',0,2710,4,'',0,2910,4,'',0,6900,4,'',0,2710,4,'',0,10100,4,'',0,9900,4,'',0,10000,4,'',0,10000,4,'',0
'1merged13785277',668601,70540,4,'',0,1900,4,'',0,9680,4,'',0,8890,4,'',0
'101merged13785289',668700,85950,4,'',0,69900,4,'',0,5100,4,'',0
'1merged13785277',668700,60050,4,'',0,2800,4,'',0,100,4,'',0,1000,4,'',0,700,4,'',0,800,4,'',0,400,4,'',0,4800,4,'',0,700,4,'',0,1100,4,'',0,1000,4,'',0,1400,4,'',0,800,4,'',0,4600,4,'',0,500,4,'',0,100,4,'',0,1200,4,'',0,600,4,'',0,1000,4,'',0,200,4,'',0,600,4,'',0,400,4,'',0,1000,4,'',0,4400,4,'',0,400,4,'',0,700,4,'',0,700,4,'',0,800,4,'',0,500,4,'',0,1000,4,'',0,1000,4,'',0,600,4,'',0,4400,4,'',0,1600,4,'',0,800,4,'',0,700,4,'',0,1500,4,'',0,800,4,'',0,4700,4,'',0,1500,4,'',0,900,4,'',0,700,4,'',0,1500,4,'',0,5000,4,'',0,700,4,'',0,1500,4,'',0,800,4,'',0,700,4,'',0,1500,4,'',0,4800,4,'',0,900,4,'',0,1500,4,'',0,600,4,'',0,900,4,'',0,1500,4,'',0,4600,4,'',0,900,4,'',0,1500,4,'',0,600,4,'',0,900,4,'',0,1500,4,'',0,4600,4,'',0,900,4,'',0,1800,4,'',0,600,4,'',0,900,4,'',0,1500,4,'',0,4600,4,'',0,1300,4,'',0,900,4,'',0,800,4,'',0,1300,4,'',0,900,4,'',0,4800,4,'',0,700,4,'',0,1200,4,'',0,900,4,'',0,200,4,'',0,1500,4,'',0,800,4,'',0,4700,4,'',0,900,4,'',0,1200,4,'',0,800,4,'',0,300,4,'',0,800,4,'',0,800,4,'',0,500,4,'',0,5300,4,'',0,1900,4,'',0,1500,4,'',0,1400,4,'',0,4700,4,'',0,2300,4,'',0,1100,4,'',0,1700,4,'',0,5000,4,'',0,1700,4,'',0,1500,4,'',0,1400,4,'',0,7000,4,'',0,3400,4,'',0,7000,4,'',0,3000,4,'',0,7400,4,'',0,7100,4,'',0
'201merged13785266',668700,85950,4,'',0,69900,4,'',0,5100,4,'',0
'2merged13785279',668700,55850,4,'',0,6900,4,'',0,3100,4,'',0,6300,4,'',0,3000,4,'',0,7000,4,'',0,3000,4,'',0,5700,4,'',0,600,4,'',0,1100,4,'',0,2300,4,'',0,700,4,'',0,4800,4,'',0,1200,4,'',0,1000,4,'',0,200,4,'',0,1200,4,'',0,1200,4,'',0,400,4,'',0,4800,4,'',0,1200,4,'',0,1000,4,'',0,200,4,'',0,1200,4,'',0,1700,4,'',0,4400,4,'',0,800,4,'',0,1400,4,'',0,700,4,'',0,800,4,'',0,1500,4,'',0,700,4,'',0,4800,4,'',0,1900,4,'',0,300,4,'',0,800,4,'',0,1500,4,'',0,700,4,'',0,4800,4,'',0,1100,4,'',0,1400,4,'',0,800,4,'',0,1100,4,'',0,5400,4,'',0,500,4,'',0,700,4,'',0,1200,4,'',0,1100,4,'',0,100,4,'',0,1200,4,'',0,5200,4,'',0,500,4,'',0,700,4,'',0,1000,4,'',0,1200,4,'',0,100,4,'',0,1100,4,'',0,100,4,'',0,5100,4,'',0,700,4,'',0,500,4,'',0,2100,4,'',0,1000,4,'',0,1000,4,'',0,4800,4,'',0,700,4,'',0,1500,4,'',0,700,4,'',0,700,4,'',0,500,4,'',0,1000,4,'',0,4800,4,'',0,700,4,'',0,1500,4,'',0,1000,4,'',0,500,4,'',0,700,4,'',0,1000,4,'',0,4300,4,'',0,2000,4,'',0,700,4,'',0,1300,4,'',0,1700,4,'',0,4300,4,'',0,2700,4,'',0,300,4,'',0,2600,4,'',0,5600,4,'',0,1200,4,'',0,1800,4,'',0,1700,4,'',0,7000,4,'',0,1300,4,'',0,1700,4,'',0,7100,4,'',0,7000,4,'',0
'3merged13785278',668700,65750,4,'',0,6800,4,'',0,2300,4,'',0,7000,4,'',0,3000,4,'',0,700,4,'',0,4700,4,'',0,1800,4,'',0,1700,4,'',0,1400,4,'',0,5200,4,'',0,1000,4,'',0,1200,4,'',0,3000,4,'',0,4700,4,'',0,1500,4,'',0,1000,4,'',0,500,4,'',0,1500,4,'',0,1000,4,'',0,4500,4,'',0,1500,4,'',0,1000,4,'',0,500,4,'',0,1500,4,'',0,1000,4,'',0,4600,4,'',0,1900,4,'',0,900,4,'',0,600,4,'',0,1500,4,'',0,4900,4,'',0,600,4,'',0,1500,4,'',0,900,4,'',0,600,4,'',0,1400,4,'',0,5000,4,'',0,500,4,'',0,1500,4,'',0,1000,4,'',0,500,4,'',0,1500,4,'',0,5000,4,'',0,500,4,'',0,1500,4,'',0,1000,4,'',0,800,4,'',0,1500,4,'',0,5000,4,'',0,500,4,'',0,1500,4,'',0,1000,4,'',0,500,4,'',0,1500,4,'',0,5000,4,'',0,400,4,'',0,1500,4,'',0,200,4,'',0,500,4,'',0,1500,4,'',0,1000,4,'',0,4500,4,'',0,1500,4,'',0,1200,4,'',0,1600,4,'',0,1200,4,'',0,7000,4,'',0,3000,4,'',0,7000,4,'',0,1300,4,'',0,1500,4,'',0,7000,4,'',0,3500,4,'',0,7000,4,'',0,3000,4,'',0,14300,4,'',0
'401merged13785281',668700,153650,4,'',0
'1merged13785277',669000,71550,4,'',0,3000,4,'',0,7300,4,'',0,2800,4,'',0,57800,4,'',0,8200,4,'',0,3300,4,'',0,7000,4,'',0,3000,4,'',0,7000,4,'',0,3000,4,'',0,10000,4,'',0,6500,4,'',0,3100,4,'',0
'1merged13785277',669101,75350,4,'',0,7000,4,'',0,3200,4,'',0,68000,4,'',0,7000,4,'',0,4000,4,'',0,8000,4,'',0,2600,4,'',0,7000,4,'',0
'2merged13785279',683701,62310,4,'',0
'3merged13785278',683701,64910,4,'',0,7400,4,'',0,3200,4,'',0,7200,4,'',0
