'1merged13993387',661200,51100,,'',0,1800,,'',0,1700,,'',0,6000,,'',0,1400,,'',0,1000,,'',0,900,,'',0,800,,'',0,900,,'',0,4600,,'',0,1500,,'',0,800,,'',0,1500,,'',0,1700,,'',0,5700,,'',0,1700,,'',0,2000,,'',0,6100,,'',0,2300,,'',0,2400,,'',0,6400,,'',0,2400,,'',0,6300,,'',0,2400,,'',0,2400,,'',0,6400,,'',0,2400,,'',0,6400,,'',0,2000,,'',0,2000,,'',0,6000,,'',0,1000,,'',0,1600,,'',0,1700,,'',0,5400,,'',0,900,,'',0,1700,,'',0,800,,'',0,1700,,'',0,5700,,'',0,1800,,'',0,1000,,'',0,6000,,'',0,2300,,'',0,1000,,'',0,2000,,'',0,5000,,'',0,2400,,'',0,1200,,'',0,1100,,'',0,5200,,'',0,1200,,'',0,1500,,'',0,1500,,'',0,5500,,'',0,1500,,'',0,1700,,'',0,1500,,'',0,5500,,'',0,1500,,'',0,1600,,'',0,1400,,'',0,5500,,'',0,1500,,'',0,1900,,'',0,1400,,'',0,5500,,'',0,1700,,'',0,1700,,'',0,7100,,'',0,3000,,'',0,7300,,'',0
'1merged13993387',661201,60500,4,'',0,2100,4,'',0,2000,4,'',0,6000,4,'',0,2700,4,'',0,7200,4,'',0,1700,4,'',0,1600,4,'',0,1800,4,'',0,4800,4,'',0,1700,4,'',0,1600,4,'',0,900,4,'',0,6000,4,'',0,2000,4,'',0,2200,4,'',0,6400,4,'',0,2400,4,'',0,6400,4,'',0,2500,4,'',0,2400,4,'',0,6500,4,'',0,2700,4,'',0,6400,4,'',0,2400,4,'',0,2000,4,'',0,5900,4,'',0,2000,4,'',0,1900,4,'',0,5700,4,'',0,1700,4,'',0,1700,4,'',0,800,4,'',0,900,4,'',0,5800,4,'',0,1700,4,'',0,900,4,'',0,1800,4,'',0,5000,4,'',0,1000,4,'',0,2000,4,'',0,800,4,'',0,1000,4,'',0,5000,4,'',0,800,4,'',0,1000,4,'',0,1000,4,'',0,900,4,'',0,1200,4,'',0,5100,4,'',0,1200,4,'',0,1200,4,'',0,1300,4,'',0,1500,4,'',0,5500,4,'',0,1500,4,'',0,1500,4,'',0,1500,4,'',0,5500,4,'',0,1500,4,'',0,1500,4,'',0,1600,4,'',0,5500,4,'',0,1500,4,'',0,1000,4,'',0,1800,4,'',0,5800,4,'',0,1700,4,'',0,6900,4,'',0,2900,4,'',0,3000,4,'',0
'2merged13993389',661200,54400,,'',0,6000,,'',0,2000,,'',0,2000,,'',0,6000,,'',0,1800,,'',0,2000,,'',0,6000,,'',0,1200,,'',0,1200,,'',0,1200,,'',0,1100,,'',0,900,,'',0,6400,,'',0,2400,,'',0,6200,,'',0,2400,,'',0,1800,,'',0,6400,,'',0,2700,,'',0,1200,,'',0,6400,,'',0,2200,,'',0,6100,,'',0,2000,,'',0,1000,,'',0,2000,,'',0,6000,,'',0,2000,,'',0,2000,,'',0,6000,,'',0,2100,,'',0,2000,,'',0,6000,,'',0,2000,,'',0,2000,,'',0,6000,,'',0,2000,,'',0,2200,,'',0,6000,,'',0,2200,,'',0,2400,,'',0,5400,,'',0,1500,,'',0,1500,,'',0,5900,,'',0,1500,,'',0,1600,,'',0,1500,,'',0,5500,,'',0,1500,,'',0,1500,,'',0,1500,,'',0,5500,,'',0,1500,,'',0,1500,,'',0,1500,,'',0,5500,,'',0,1500,,'',0,2000,,'',0,1500,,'',0,5500,,'',0,1500,,'',0,1000,,'',0,2000,,'',0,5000,,'',0
'2merged13993389',661201,62900,4,'',0,2000,4,'',0,6000,4,'',0,2200,4,'',0,2000,4,'',0,6000,4,'',0,2000,4,'',0,1500,4,'',0,5600,4,'',0,2400,4,'',0,2400,4,'',0,6600,4,'',0,2600,4,'',0,6400,4,'',0,2400,4,'',0,2600,4,'',0,6500,4,'',0,2400,4,'',0,6700,4,'',0,2400,4,'',0,6400,4,'',0,2300,4,'',0,1900,4,'',0,6000,4,'',0,2000,4,'',0,2000,4,'',0,6000,4,'',0,2400,4,'',0,2000,4,'',0,6000,4,'',0,1800,4,'',0,2000,4,'',0,6000,4,'',0,2000,4,'',0,2000,4,'',0,6000,4,'',0,1000,4,'',0,1000,4,'',0,1000,4,'',0,800,4,'',0,1200,4,'',0,5200,4,'',0,1100,4,'',0,1400,4,'',0,1400,4,'',0,5500,4,'',0,1500,4,'',0,1500,4,'',0,1500,4,'',0,5500,4,'',0,1500,4,'',0,1500,4,'',0,1500,4,'',0,5500,4,'',0,1500,4,'',0,1500,4,'',0,1200,4,'',0,1500,4,'',0,5500,4,'',0,1500,4,'',0,900,4,'',0,1500,4,'',0,5500,4,'',0,1500,4,'',0,1000,4,'',0,2000,4,'',0,5000,4,'',0
'3merged13993388',661200,61400,,'',0,1900,,'',0,2100,,'',0,5800,,'',0,1000,,'',0,1300,,'',0,1300,,'',0,5200,,'',0,900,,'',0,1200,,'',0,1300,,'',0,1300,,'',0,1200,,'',0,5200,,'',0,2500,,'',0,2300,,'',0,6300,,'',0,2400,,'',0,6200,,'',0,2300,,'',0,2400,,'',0,6400,,'',0,1000,,'',0,2000,,'',0,6000,,'',0,1000,,'',0,2000,,'',0,1800,,'',0,6000,,'',0,2100,,'',0,2000,,'',0,6000,,'',0,2000,,'',0,2000,,'',0,6000,,'',0,2000,,'',0,2100,,'',0,6000,,'',0,2000,,'',0,2000,,'',0,6000,,'',0,1500,,'',0,1500,,'',0,5500,,'',0,1500,,'',0,1500,,'',0,1500,,'',0,5500,,'',0,1500,,'',0,2100,,'',0,1500,,'',0,5500,,'',0,1500,,'',0,1500,,'',0,1500,,'',0,5500,,'',0,1500,,'',0,1700,,'',0,1500,,'',0,5500,,'',0,1500,,'',0,1600,,'',0,1500,,'',0,5800,,'',0,1500,,'',0,1600,,'',0,5500,,'',0,1700,,'',0
'3merged13993388',661201,71000,4,'',0,1900,4,'',0,2100,4,'',0,5800,4,'',0,1200,4,'',0,1300,4,'',0,1300,4,'',0,1200,4,'',0,5200,4,'',0,2700,4,'',0,6700,4,'',0,2400,4,'',0,2400,4,'',0,6600,4,'',0,2400,4,'',0,6400,4,'',0,2400,4,'',0,2400,4,'',0,6500,4,'',0,2200,4,'',0,6000,4,'',0,2000,4,'',0,2000,4,'',0,6000,4,'',0,2100,4,'',0,2000,4,'',0,6000,4,'',0,2000,4,'',0,2000,4,'',0,6000,4,'',0,2000,4,'',0,2000,4,'',0,6000,4,'',0,2000,4,'',0,1000,4,'',0,1000,4,'',0,1000,4,'',0,5000,4,'',0,1000,4,'',0,1000,4,'',0,1000,4,'',0,1500,4,'',0,5500,4,'',0,1500,4,'',0,1500,4,'',0,1500,4,'',0,5500,4,'',0,1500,4,'',0,1500,4,'',0,1100,4,'',0,1500,4,'',0,5500,4,'',0,1500,4,'',0,1500,4,'',0,1500,4,'',0,5500,4,'',0,1500,4,'',0,1300,4,'',0,1500,4,'',0,5500,4,'',0,1500,4,'',0,1500,4,'',0,1500,4,'',0,5800,4,'',0,1000,4,'',0,1500,4,'',0,1500,4,'',0,5700,4,'',0
'1merged13993387',683600,254000,,'',0,7000,,'',0,3000,,'',0
'1merged13993387',683601,263400,4,'',0,7000,4,'',0,3000,4,'',0
'2merged13993389',683600,253000,,'',0,7600,,'',0,3100,,'',0
'2merged13993389',683601,263500,4,'',0,7600,4,'',0,3000,4,'',0
'3merged13993388',683600,254000,,'',0,7000,,'',0,3000,,'',0
'3merged13993388',683601,263400,4,'',0,7000,4,'',0,3000,4,'',0
