'1merged13657233',672201,45430,4,'',0,6000,4,'',0,1800,4,'',0,7100,4,'',0,1500,4,'',0,1500,4,'',0,1600,4,'',0,5700,4,'',0,1500,4,'',0,1700,4,'',0,1700,4,'',0,5600,4,'',0,1600,4,'',0,1500,4,'',0,1500,4,'',0,5500,4,'',0,1600,4,'',0,1500,4,'',0,1500,4,'',0,5500,4,'',0,1500,4,'',0,1500,4,'',0,1500,4,'',0,5500,4,'',0,1500,4,'',0,1500,4,'',0,5700,4,'',0,1500,4,'',0,1500,4,'',0,1500,4,'',0,5500,4,'',0,1500,4,'',0,1500,4,'',0,1500,4,'',0,1400,4,'',0,5400,4,'',0,1400,4,'',0,1400,4,'',0,1700,4,'',0,5500,4,'',0,1500,4,'',0,1500,4,'',0,1500,4,'',0,5600,4,'',0,1600,4,'',0,1500,4,'',0,5500,4,'',0,1500,4,'',0,1500,4,'',0,1500,4,'',0,5600,4,'',0,1600,4,'',0,1600,4,'',0,1500,4,'',0,5300,4,'',0,1500,4,'',0,1300,4,'',0,1500,4,'',0,6700,4,'',0,3300,4,'',0,7000,4,'',0,3000,4,'',0,7000,4,'',0,3100,4,'',0,7000,4,'',0,10000,4,'',0,19800,4,'',0
'2merged13657234',672201,55530,4,'',0,7000,4,'',0,2900,4,'',0,7100,4,'',0,2200,4,'',0,6000,4,'',0,1600,4,'',0,1500,4,'',0,1700,4,'',0,5500,4,'',0,1500,4,'',0,1500,4,'',0,1600,4,'',0,5500,4,'',0,1500,4,'',0,1500,4,'',0,1500,4,'',0,5500,4,'',0,1500,4,'',0,1500,4,'',0,1500,4,'',0,5500,4,'',0,1700,4,'',0,1500,4,'',0,1500,4,'',0,5500,4,'',0,1500,4,'',0,1500,4,'',0,1500,4,'',0,5500,4,'',0,1500,4,'',0,1500,4,'',0,1500,4,'',0,5500,4,'',0,1600,4,'',0,1500,4,'',0,1500,4,'',0,5500,4,'',0,1500,4,'',0,1500,4,'',0,1500,4,'',0,5500,4,'',0,1500,4,'',0,1500,4,'',0,1400,4,'',0,5500,4,'',0,1500,4,'',0,1500,4,'',0,7600,4,'',0,2000,4,'',0,1800,4,'',0,6000,4,'',0,1900,4,'',0,2200,4,'',0,6200,4,'',0,2200,4,'',0,7000,4,'',0,3000,4,'',0,7000,4,'',0,9800,4,'',0,9700,4,'',0,10100,4,'',0
'3merged13657231',672201,55830,4,'',0,7000,4,'',0,3000,4,'',0,7200,4,'',0,7000,4,'',0,3000,4,'',0,2200,4,'',0,6000,4,'',0,2100,4,'',0,2000,4,'',0,6000,4,'',0,2000,4,'',0,2000,4,'',0,6000,4,'',0,2000,4,'',0,2500,4,'',0,6100,4,'',0,2000,4,'',0,2000,4,'',0,6000,4,'',0,2000,4,'',0,6200,4,'',0,2000,4,'',0,2000,4,'',0,5900,4,'',0,2000,4,'',0,2000,4,'',0,6000,4,'',0,2000,4,'',0,2000,4,'',0,6000,4,'',0,2000,4,'',0,2000,4,'',0,6000,4,'',0,2000,4,'',0,2000,4,'',0,1800,4,'',0,6000,4,'',0,2000,4,'',0,2000,4,'',0,6000,4,'',0,1900,4,'',0,8000,4,'',0,3000,4,'',0,7000,4,'',0,2700,4,'',0,7200,4,'',0,9900,4,'',0,10000,4,'',0,9710,4,'',0
'1merged13657233',672301,55030,,'',0,7000,,'',0,1700,,'',0,1300,,'',0,5500,,'',0,1500,,'',0,1700,,'',0,1500,,'',0,5700,,'',0,1500,,'',0,1600,,'',0,1500,,'',0,5600,,'',0,1500,,'',0,1500,,'',0,1500,,'',0,6100,,'',0,2500,,'',0,6500,,'',0,2600,,'',0,6800,,'',0,2900,,'',0,7090,,'',0,3000,,'',0,7000,,'',0,3200,,'',0,2000,,'',0,5900,,'',0,2200,,'',0,1700,,'',0,5500,,'',0,1200,,'',0,1500,,'',0,1500,,'',0,5500,,'',0,1500,,'',0,1700,,'',0,1500,,'',0,5500,,'',0,1500,,'',0,1300,,'',0,7000,,'',0,1500,,'',0,1310,,'',0,1600,,'',0,6000,,'',0,3000,,'',0,7000,,'',0,2900,,'',0,7000,,'',0,3000,,'',0,10700,,'',0,10400,,'',0,15800,,'',0
'2merged13657234',672301,62630,,'',0,21100,,'',0,7000,,'',0,93400,,'',0,7000,,'',0,3000,,'',0,36600,,'',0,4500,,'',0
'3merged13657231',672301,71030,,'',0,10000,,'',0,3200,,'',0,7000,,'',0,3190,,'',0,7000,,'',0,3000,,'',0,80110,,'',0,7000,,'',0,3000,,'',0,7000,,'',0,3000,,'',0,6790,,'',0,2810,,'',0,7000,,'',0,3000,,'',0,7000,,'',0,2800,,'',0,9500,,'',0
'1merged13657233',672701,71230,4,'',0,83090,4,'',0,29500,4,'',0,6200,4,'',0,4110,4,'',0,17700,4,'',0,13000,4,'',0
'2merged13657234',672701,75630,4,'',0,19200,4,'',0,7000,4,'',0,2990,4,'',0,6810,4,'',0,3390,4,'',0,7010,4,'',0,3090,4,'',0,6810,4,'',0,3190,4,'',0,7410,4,'',0,2790,4,'',0,7600,4,'',0,2300,4,'',0,7600,4,'',0,2300,4,'',0,7910,4,'',0,2090,4,'',0,7810,4,'',0,18900,4,'',0,3000,4,'',0,6800,4,'',0,3000,4,'',0,7000,4,'',0,21000,4,'',0
'3merged13657231',672701,111030,4,'',0,3100,4,'',0,6400,4,'',0,2990,4,'',0,6910,4,'',0,3390,4,'',0,7010,4,'',0,2990,4,'',0,7010,4,'',0,2990,4,'',0,7110,4,'',0,3090,4,'',0,7110,4,'',0,3090,4,'',0,7110,4,'',0
'1merged13657233',3454201,53130,4,'',0,198200,4,'',0
