'1merged13657233',668700,60300,,'',0,3000,,'',0,7000,,'',0,1200,,'',0,1800,,'',0,1200,,'',0,5800,,'',0,3000,,'',0,7200,,'',0,2800,,'',0,7000,,'',0,3000,,'',0,7000,,'',0,3000,,'',0,7000,,'',0,3000,,'',0,7000,,'',0,3000,,'',0,7000,,'',0,3000,,'',0,7000,,'',0,3000,,'',0,7000,,'',0,3000,,'',0,7000,,'',0,3000,,'',0,7000,,'',0,3200,,'',0,7000,,'',0,3000,,'',0,7000,,'',0,3000,,'',0,7000,,'',0,3000,,'',0,7500,,'',0,3000,,'',0,7000,,'',0,3000,,'',0,7000,,'',0
'1merged13657233',668701,60100,4,'',0,1700,4,'',0,3100,4,'',0,5800,4,'',0,1900,4,'',0,1000,4,'',0,2000,4,'',0,6700,4,'',0,3500,4,'',0,5500,4,'',0,3000,4,'',0,7100,4,'',0,3000,4,'',0,7000,4,'',0,3000,4,'',0,6900,4,'',0,3000,4,'',0,7100,4,'',0,3000,4,'',0,7000,4,'',0,2900,4,'',0,7000,4,'',0,3100,4,'',0,7000,4,'',0,1300,4,'',0,1600,4,'',0,1300,4,'',0,5700,4,'',0,1500,4,'',0,1500,4,'',0,6200,4,'',0,800,4,'',0,1300,4,'',0,1700,4,'',0,1500,4,'',0,5800,4,'',0,1000,4,'',0,1600,4,'',0,6800,4,'',0,3000,4,'',0,6800,4,'',0,2800,4,'',0,1500,4,'',0,7000,4,'',0,2900,4,'',0,7000,4,'',0,3000,4,'',0,10600,4,'',0
'2merged13657234',668700,63300,,'',0,7000,,'',0,3000,,'',0,7000,,'',0,1700,,'',0,1300,,'',0,7000,,'',0,3000,,'',0,7000,,'',0,3000,,'',0,7000,,'',0,3000,,'',0,7000,,'',0,3000,,'',0,7000,,'',0,3000,,'',0,7000,,'',0,3000,,'',0,7000,,'',0,3000,,'',0,1200,,'',0,5800,,'',0,3000,,'',0,1200,,'',0,5800,,'',0,3000,,'',0,1200,,'',0,5800,,'',0,3200,,'',0,7000,,'',0,3000,,'',0,7000,,'',0,3000,,'',0,7000,,'',0,3000,,'',0,7500,,'',0,3000,,'',0,7000,,'',0,3000,,'',0,7000,,'',0
'2merged13657234',668701,60900,4,'',0,3900,4,'',0,7000,4,'',0,3400,4,'',0,5500,4,'',0,1500,4,'',0,3200,4,'',0,5500,4,'',0,3000,4,'',0,7200,4,'',0,3100,4,'',0,7200,4,'',0,3000,4,'',0,7000,4,'',0,3000,4,'',0,7000,4,'',0,3000,4,'',0,7000,4,'',0,3000,4,'',0,7000,4,'',0,1300,4,'',0,1700,4,'',0,7000,4,'',0,1300,4,'',0,1500,4,'',0,7000,4,'',0,1500,4,'',0,1500,4,'',0,7000,4,'',0,1500,4,'',0,1500,4,'',0,6800,4,'',0,3200,4,'',0,6800,4,'',0,2900,4,'',0,7100,4,'',0,2800,4,'',0,1600,4,'',0,7600,4,'',0,2100,4,'',0,7000,4,'',0,2900,4,'',0,15200,4,'',0
'3merged13657231',668700,70300,,'',0,3000,,'',0,7000,,'',0,1200,,'',0,1800,,'',0,7000,,'',0,1200,,'',0,1800,,'',0,7000,,'',0,3000,,'',0,7000,,'',0,3000,,'',0,7000,,'',0,3000,,'',0,7000,,'',0,3000,,'',0,7000,,'',0,3000,,'',0,7000,,'',0,3000,,'',0,7000,,'',0,3000,,'',0,7000,,'',0,3000,,'',0,7000,,'',0,3200,,'',0,7000,,'',0,3000,,'',0,7000,,'',0,3000,,'',0,1500,,'',0,5500,,'',0,3000,,'',0,7500,,'',0,3000,,'',0,7000,,'',0,10000,,'',0
'3merged13657231',668701,72000,4,'',0,3100,4,'',0,7000,4,'',0,3300,4,'',0,4900,4,'',0,2000,4,'',0,3000,4,'',0,5600,4,'',0,1600,4,'',0,1700,4,'',0,7000,4,'',0,3000,4,'',0,7100,4,'',0,3100,4,'',0,7000,4,'',0,3000,4,'',0,7000,4,'',0,3000,4,'',0,7000,4,'',0,3000,4,'',0,7000,4,'',0,3100,4,'',0,7000,4,'',0,3000,4,'',0,7000,4,'',0,2800,4,'',0,7000,4,'',0,2800,4,'',0,6800,4,'',0,1500,4,'',0,1500,4,'',0,1500,4,'',0,6900,4,'',0,3000,4,'',0,7000,4,'',0,2800,4,'',0,7000,4,'',0,3000,4,'',0
'162503merged13657236',669300,151200,,'',0,20000,,'',0,14500,,'',0
'162503merged13657236',669301,150600,4,'',0,14000,4,'',0,19800,4,'',0
'162601merged13657228',669300,151300,,'',0,20000,,'',0,20000,,'',0,13200,,'',0
'162601merged13657228',669301,150300,4,'',0,14000,4,'',0,20400,4,'',0,18500,4,'',0
'1merged13657233',669300,55000,,'',0,7000,,'',0,3000,,'',0,6300,,'',0,1200,,'',0,1500,,'',0,6500,,'',0,1500,,'',0,2500,,'',0,6000,,'',0,1500,,'',0,2000,,'',0,6000,,'',0,2000,,'',0,2500,,'',0,6000,,'',0,1500,,'',0,2000,,'',0,6000,,'',0,2000,,'',0,2000,,'',0,6000,,'',0,2000,,'',0,2000,,'',0,6000,,'',0,2000,,'',0,2000,,'',0,6000,,'',0,2500,,'',0,2000,,'',0,6000,,'',0,1500,,'',0,2500,,'',0,5500,,'',0,2000,,'',0,2000,,'',0,6000,,'',0,2000,,'',0,2000,,'',0,6500,,'',0,1500,,'',0,2000,,'',0,7500,,'',0,3500,,'',0,7000,,'',0,8000,,'',0,10000,,'',0,10500,,'',0
'1merged13657233',669301,53300,4,'',0,2000,4,'',0,7000,4,'',0,2600,4,'',0,6000,4,'',0,2000,4,'',0,2000,4,'',0,6400,4,'',0,2500,4,'',0,1500,4,'',0,6000,4,'',0,1500,4,'',0,2000,4,'',0,6500,4,'',0,2000,4,'',0,2000,4,'',0,6000,4,'',0,2000,4,'',0,2000,4,'',0,6000,4,'',0,2000,4,'',0,1500,4,'',0,6100,4,'',0,1900,4,'',0,2000,4,'',0,6000,4,'',0,2000,4,'',0,2000,4,'',0,6000,4,'',0,2000,4,'',0,2000,4,'',0,6000,4,'',0,2000,4,'',0,2500,4,'',0,6000,4,'',0,2000,4,'',0,2000,4,'',0,6000,4,'',0,2000,4,'',0,1900,4,'',0,6000,4,'',0,2000,4,'',0,7000,4,'',0,3000,4,'',0,6800,4,'',0,4000,4,'',0,9800,4,'',0,9900,4,'',0
'2merged13657234',669300,54800,,'',0,7000,,'',0,3000,,'',0,6700,,'',0,2500,,'',0,6500,,'',0,2000,,'',0,2000,,'',0,5500,,'',0,1500,,'',0,1500,,'',0,1500,,'',0,5500,,'',0,1500,,'',0,1500,,'',0,1500,,'',0,5500,,'',0,1500,,'',0,1500,,'',0,1500,,'',0,5500,,'',0,1500,,'',0,1500,,'',0,1500,,'',0,5500,,'',0,1500,,'',0,1500,,'',0,1500,,'',0,5500,,'',0,1500,,'',0,1500,,'',0,1500,,'',0,5500,,'',0,1500,,'',0,1500,,'',0,1500,,'',0,5500,,'',0,1500,,'',0,1500,,'',0,1500,,'',0,5500,,'',0,1500,,'',0,1500,,'',0,1500,,'',0,5500,,'',0,1500,,'',0,1500,,'',0,1500,,'',0,5500,,'',0,1500,,'',0,1500,,'',0,2000,,'',0,6000,,'',0,2000,,'',0,2000,,'',0,7000,,'',0,8000,,'',0,10000,,'',0
'2merged13657234',669301,53500,4,'',0,7000,4,'',0,3000,4,'',0,7000,4,'',0,2500,4,'',0,2000,4,'',0,6000,4,'',0,2000,4,'',0,1500,4,'',0,5500,4,'',0,1500,4,'',0,1500,4,'',0,1500,4,'',0,5500,4,'',0,1500,4,'',0,1500,4,'',0,1700,4,'',0,5500,4,'',0,1500,4,'',0,1500,4,'',0,1500,4,'',0,5500,4,'',0,1600,4,'',0,1500,4,'',0,1600,4,'',0,5500,4,'',0,1500,4,'',0,1500,4,'',0,1500,4,'',0,5500,4,'',0,1500,4,'',0,1500,4,'',0,1500,4,'',0,5500,4,'',0,1500,4,'',0,1500,4,'',0,1500,4,'',0,5500,4,'',0,1700,4,'',0,1500,4,'',0,1500,4,'',0,5500,4,'',0,1500,4,'',0,1500,4,'',0,1200,4,'',0,5500,4,'',0,1500,4,'',0,1500,4,'',0,1500,4,'',0,5500,4,'',0,1900,4,'',0,1900,4,'',0,6000,4,'',0,2000,4,'',0,2000,4,'',0,6500,4,'',0,2900,4,'',0,10100,4,'',0
'3merged13657231',669300,55300,,'',0,9500,,'',0,7000,,'',0,3000,,'',0,7000,,'',0,2500,,'',0,6000,,'',0,2000,,'',0,2000,,'',0,6000,,'',0,1500,,'',0,2500,,'',0,6000,,'',0,2000,,'',0,2000,,'',0,6000,,'',0,2000,,'',0,2000,,'',0,6000,,'',0,2000,,'',0,2000,,'',0,1600,,'',0,5500,,'',0,1500,,'',0,1500,,'',0,1500,,'',0,5600,,'',0,1500,,'',0,1500,,'',0,5500,,'',0,1500,,'',0,1500,,'',0,1500,,'',0,5500,,'',0,1400,,'',0,1500,,'',0,1400,,'',0,1500,,'',0,5500,,'',0,1500,,'',0,1500,,'',0,1500,,'',0,5500,,'',0,2000,,'',0,2500,,'',0,5500,,'',0,2000,,'',0,2000,,'',0,6000,,'',0,2000,,'',0,6700,,'',0,3500,,'',0,6500,,'',0
'3merged13657231',669301,54400,4,'',0,9000,4,'',0,7500,4,'',0,2500,4,'',0,7000,4,'',0,2500,4,'',0,2000,4,'',0,6000,4,'',0,2000,4,'',0,2000,4,'',0,6000,4,'',0,2000,4,'',0,2000,4,'',0,6500,4,'',0,2000,4,'',0,2100,4,'',0,6000,4,'',0,2000,4,'',0,1500,4,'',0,6500,4,'',0,2000,4,'',0,1700,4,'',0,5500,4,'',0,1500,4,'',0,1500,4,'',0,1500,4,'',0,5500,4,'',0,1500,4,'',0,1800,4,'',0,1500,4,'',0,5500,4,'',0,1500,4,'',0,1300,4,'',0,1500,4,'',0,5500,4,'',0,1500,4,'',0,1500,4,'',0,1500,4,'',0,5500,4,'',0,1500,4,'',0,1100,4,'',0,1500,4,'',0,5500,4,'',0,1500,4,'',0,2000,4,'',0,2000,4,'',0,6000,4,'',0,2000,4,'',0,2000,4,'',0,6000,4,'',0,2000,4,'',0,7000,4,'',0,3000,4,'',0
'1201merged13657227',677900,201000,,'',0,10000,,'',0,10000,,'',0,10100,,'',0
'1201merged13657227',677901,204500,,'',0,10000,,'',0,10000,,'',0,10100,,'',0
'1merged13657233',677900,63400,,'',0,9100,,'',0,10000,,'',0,10000,,'',0,10000,,'',0,10000,,'',0,10000,,'',0,9500,,'',0,10000,,'',0,10000,,'',0,10000,,'',0,9800,,'',0,10200,,'',0,9500,,'',0
'1merged13657233',677901,70500,,'',0,9500,,'',0,10000,,'',0,10000,,'',0,10000,,'',0,10000,,'',0,10000,,'',0,5500,,'',0,10000,,'',0,10000,,'',0,10000,,'',0,9800,,'',0,10200,,'',0,9700,,'',0
'2merged13657234',677900,92500,,'',0,10000,,'',0,10000,,'',0,10000,,'',0,9500,,'',0,10000,,'',0,10000,,'',0,10000,,'',0,10000,,'',0,10000,4,'',0,3500,,'',0,10000,,'',0,10000,,'',0,10000,,'',0,10000,,'',0
'2merged13657234',677901,100100,,'',0,10000,,'',0,10000,,'',0,10000,,'',0,5500,,'',0,10000,,'',0,10000,,'',0,10000,,'',0,10000,,'',0,6600,,'',0,10900,,'',0,10000,,'',0,10000,,'',0,10000,,'',0,10000,,'',0
'3merged13657231',677900,102500,,'',0,10000,,'',0,10000,,'',0,9500,,'',0,10000,,'',0,10000,,'',0,10000,,'',0,10000,,'',0,10000,,'',0
'3merged13657231',677901,110000,,'',0,10000,,'',0,10000,,'',0,5500,,'',0,10000,,'',0,10000,,'',0,10000,,'',0,10000,,'',0,10000,,'',0
'63901',677900,132000,4,'',0
