'1merged13993387',669900,51000,4,'',0,2100,4,'',0,2000,4,'',0,6600,4,'',0,1800,4,'',0,2000,4,'',0,5500,4,'',0,1500,4,'',0,1500,4,'',0,1600,4,'',0,5800,4,'',0,1600,4,'',0,1300,4,'',0
'1merged13993387',671500,50400,4,'',0,2100,4,'',0,2000,4,'',0,6000,4,'',0,2200,4,'',0,1700,4,'',0,1000,4,'',0,5400,4,'',0,1200,4,'',0,1100,4,'',0,1100,4,'',0,1200,4,'',0,5000,4,'',0,1000,4,'',0,1000,4,'',0,1100,4,'',0,1000,4,'',0,1300,4,'',0,5300,4,'',0,1300,4,'',0,1400,4,'',0,1700,4,'',0,5400,4,'',0,1300,4,'',0,1500,4,'',0,1700,4,'',0,5500,4,'',0,1500,4,'',0,1500,4,'',0,1300,4,'',0,5500,4,'',0,1500,4,'',0,1500,4,'',0,1500,4,'',0,5500,4,'',0,1500,4,'',0,1400,4,'',0,1800,4,'',0,5500,4,'',0,1500,4,'',0,1600,4,'',0,1600,4,'',0,5600,4,'',0,1500,4,'',0,1600,4,'',0,1600,4,'',0,5400,4,'',0,1200,4,'',0,1200,4,'',0,1000,4,'',0,1200,4,'',0,5100,4,'',0,1200,4,'',0,1200,4,'',0,1400,4,'',0,900,4,'',0,5200,4,'',0,900,4,'',0,1200,4,'',0,1000,4,'',0,1200,4,'',0,5300,4,'',0,1200,4,'',0,1300,4,'',0,1400,4,'',0,1500,4,'',0,5500,4,'',0,1500,4,'',0,1700,4,'',0,6100,4,'',0,3000,4,'',0,6900,4,'',0,3000,4,'',0,6600,4,'',0,2800,4,'',0,2400,4,'',0,7000,4,'',0,3000,4,'',0,7100,4,'',0,2800,4,'',0
'2merged13993389',671500,50600,4,'',0,10100,4,'',0,4100,4,'',0,6200,4,'',0,2000,4,'',0,2000,4,'',0,6000,4,'',0,2000,4,'',0,1800,4,'',0,5500,4,'',0,1600,4,'',0,1500,4,'',0,1600,4,'',0,5500,4,'',0,1600,4,'',0,1500,4,'',0,1700,4,'',0,5500,4,'',0,1500,4,'',0,1500,4,'',0,1800,4,'',0,5500,4,'',0,1500,4,'',0,1500,4,'',0,1500,4,'',0,5500,4,'',0,1500,4,'',0,1500,4,'',0,1700,4,'',0,5500,4,'',0,1700,4,'',0,1500,4,'',0,5500,4,'',0,1500,4,'',0,1300,4,'',0,1500,4,'',0,1500,4,'',0,5500,4,'',0,1500,4,'',0,1500,4,'',0,1300,4,'',0,5500,4,'',0,1400,4,'',0,1500,4,'',0,1500,4,'',0,5500,4,'',0,1500,4,'',0,1500,4,'',0,1300,4,'',0,5500,4,'',0,1400,4,'',0,1500,4,'',0,1500,4,'',0,5500,4,'',0,1300,4,'',0,1500,4,'',0,1300,4,'',0,5500,4,'',0,1500,4,'',0,1500,4,'',0,1700,4,'',0,6000,4,'',0,2100,4,'',0,6900,4,'',0,3000,4,'',0,2800,4,'',0,8400,4,'',0,7000,4,'',0,3000,4,'',0
'3merged13993388',671500,50400,4,'',0,10000,4,'',0,4200,4,'',0,6300,4,'',0,2000,4,'',0,2000,4,'',0,6000,4,'',0,2000,4,'',0,1600,4,'',0,5500,4,'',0,1700,4,'',0,1500,4,'',0,1600,4,'',0,5500,4,'',0,1800,4,'',0,1500,4,'',0,1500,4,'',0,5500,4,'',0,1500,4,'',0,1500,4,'',0,1600,4,'',0,5500,4,'',0,1500,4,'',0,1500,4,'',0,1500,4,'',0,5500,4,'',0,1500,4,'',0,1500,4,'',0,1700,4,'',0,5500,4,'',0,1500,4,'',0,1500,4,'',0,1500,4,'',0,5500,4,'',0,1700,4,'',0,1500,4,'',0,1300,4,'',0,5500,4,'',0,1500,4,'',0,1500,4,'',0,1500,4,'',0,5500,4,'',0,1400,4,'',0,1500,4,'',0,1500,4,'',0,5500,4,'',0,1500,4,'',0,1500,4,'',0,1500,4,'',0,5500,4,'',0,1400,4,'',0,1500,4,'',0,1500,4,'',0,5500,4,'',0,1500,4,'',0,1500,4,'',0,1500,4,'',0,5500,4,'',0,1200,4,'',0,1500,4,'',0,1700,4,'',0,6000,4,'',0,2000,4,'',0,2800,4,'',0,7000,4,'',0,3000,4,'',0,8400,4,'',0,7000,4,'',0,3000,4,'',0
'1merged13993387',671600,52300,4,'',0,3100,4,'',0,7200,4,'',0,2200,4,'',0,6000,4,'',0,2300,4,'',0,2000,4,'',0,7000,4,'',0,3000,4,'',0,7000,4,'',0,3100,4,'',0
'1merged13993387',671700,61100,4,'',0,3000,4,'',0,6200,4,'',0,1400,4,'',0,1500,4,'',0,1500,4,'',0,1200,4,'',0,6000,4,'',0,2000,4,'',0
'1merged13993387',672400,50000,4,'',0,2400,4,'',0,2200,4,'',0,6200,4,'',0,2000,4,'',0,1500,4,'',0,1500,4,'',0,5500,4,'',0,1500,4,'',0,1500,4,'',0,1500,4,'',0,5600,4,'',0,1500,4,'',0,1500,4,'',0,5700,4,'',0,1500,4,'',0,1300,4,'',0,1500,4,'',0,1500,4,'',0,5700,4,'',0,2000,4,'',0,2100,4,'',0,6000,4,'',0,2000,4,'',0,2000,4,'',0,6000,4,'',0,2000,4,'',0,2000,4,'',0,6000,4,'',0,2000,4,'',0,2000,4,'',0,6000,4,'',0,2000,4,'',0,1600,4,'',0,5500,4,'',0,1500,4,'',0,1600,4,'',0,1600,4,'',0,5600,4,'',0,1400,4,'',0,1500,4,'',0,1500,4,'',0,5500,4,'',0,1500,4,'',0,1500,4,'',0,1500,4,'',0,5500,4,'',0,1500,4,'',0,1500,4,'',0,1500,4,'',0,5500,4,'',0,1600,4,'',0,1400,4,'',0,1500,4,'',0,5800,4,'',0,2200,4,'',0,7000,4,'',0,2400,4,'',0,3000,4,'',0,7000,4,'',0,3000,4,'',0,6800,4,'',0,3000,4,'',0,7000,4,'',0,3000,4,'',0,7000,4,'',0
'2merged13993389',672400,45600,4,'',0,7400,4,'',0,7200,4,'',0,3400,4,'',0,7400,4,'',0,2800,4,'',0,7000,4,'',0,3000,4,'',0,2000,4,'',0,6000,4,'',0,1500,4,'',0,1500,4,'',0,5700,4,'',0,1300,4,'',0,1500,4,'',0,1500,4,'',0,5500,4,'',0,1500,4,'',0,1500,4,'',0,1500,4,'',0,5600,4,'',0,1500,4,'',0,1600,4,'',0,1600,4,'',0,5600,4,'',0,1500,4,'',0,1600,4,'',0,1600,4,'',0,5600,4,'',0,1500,4,'',0,1500,4,'',0,1600,4,'',0,5500,4,'',0,1500,4,'',0,1600,4,'',0,1400,4,'',0,5500,4,'',0,1500,4,'',0,1700,4,'',0,1300,4,'',0,5600,4,'',0,1400,4,'',0,1500,4,'',0,1500,4,'',0,5600,4,'',0,1500,4,'',0,1500,4,'',0,6000,4,'',0,1900,4,'',0,1900,4,'',0,6000,4,'',0,2000,4,'',0,2900,4,'',0,6900,4,'',0,3000,4,'',0,7000,4,'',0,3000,4,'',0,7000,4,'',0,2500,4,'',0,6500,4,'',0,2500,4,'',0,8200,4,'',0,2500,4,'',0
'3merged13993388',672400,52100,4,'',0,3000,4,'',0,7000,4,'',0,3000,4,'',0,7000,4,'',0,2400,4,'',0,6400,4,'',0,2000,4,'',0,2000,4,'',0,6200,4,'',0,2100,4,'',0,2300,4,'',0,6000,4,'',0,2000,4,'',0,2000,4,'',0,6000,4,'',0,2000,4,'',0,2000,4,'',0,6000,4,'',0,2000,4,'',0,2000,4,'',0,6000,4,'',0,2000,4,'',0,2000,4,'',0,6000,4,'',0,2000,4,'',0,1700,4,'',0,5600,4,'',0,1500,4,'',0,1500,4,'',0,1500,4,'',0,5500,4,'',0,1500,4,'',0,1500,4,'',0,1500,4,'',0,5500,4,'',0,1500,4,'',0,1500,4,'',0,1500,4,'',0,5500,4,'',0,1500,4,'',0,1500,4,'',0,1500,4,'',0,5500,4,'',0,1600,4,'',0,1600,4,'',0,1800,4,'',0,5800,4,'',0,2000,4,'',0,6500,4,'',0,2600,4,'',0,3100,4,'',0,7200,4,'',0,7200,4,'',0,3200,4,'',0,7000,4,'',0,3000,4,'',0,7000,4,'',0,3000,4,'',0
'101merged13993397',674100,160600,4,'',0
'1merged13993387',674100,45600,4,'',0,7000,4,'',0,3200,4,'',0,5500,4,'',0,1600,4,'',0,1500,4,'',0,800,4,'',0,600,4,'',0,4700,4,'',0,600,4,'',0,500,4,'',0,1100,4,'',0,1500,4,'',0,900,4,'',0,5000,4,'',0,1000,4,'',0,1100,4,'',0,1800,4,'',0,1500,4,'',0,5100,4,'',0,1700,4,'',0,1500,4,'',0,900,4,'',0,6000,4,'',0,1300,4,'',0,1500,4,'',0,2000,4,'',0,6600,4,'',0,3000,4,'',0,7000,4,'',0,3000,4,'',0,7300,4,'',0,3300,4,'',0,7000,4,'',0,2800,4,'',0,5600,4,'',0,1400,4,'',0,1700,4,'',0,6100,4,'',0,900,4,'',0,1400,4,'',0,1500,4,'',0,1500,4,'',0,5300,4,'',0,1500,4,'',0,1400,4,'',0,1500,4,'',0,5600,4,'',0,1300,4,'',0,1800,4,'',0,1600,4,'',0,5500,4,'',0,2300,4,'',0,2100,4,'',0,5400,4,'',0,2000,4,'',0,2000,4,'',0,6000,4,'',0,2000,4,'',0,3000,4,'',0,6500,4,'',0,3000,4,'',0,7000,4,'',0,3000,4,'',0,9600,4,'',0,9600,4,'',0
'2merged13993389',674100,50200,4,'',0,10300,4,'',0,10400,4,'',0,3500,4,'',0,7200,4,'',0,3100,4,'',0,7100,4,'',0,3000,4,'',0,7100,4,'',0,3000,4,'',0,7000,4,'',0,3000,4,'',0,7200,4,'',0,2000,4,'',0,5900,4,'',0,2200,4,'',0,2000,4,'',0,6000,4,'',0,2000,4,'',0,2000,4,'',0,6000,4,'',0,2000,4,'',0,1800,4,'',0,6000,4,'',0,2000,4,'',0,1600,4,'',0,1400,4,'',0,5500,4,'',0,1500,4,'',0,1500,4,'',0,1500,4,'',0,5500,4,'',0,1500,4,'',0,1500,4,'',0,1400,4,'',0,5500,4,'',0,1500,4,'',0,2700,4,'',0,5500,4,'',0,1500,4,'',0,2900,4,'',0,7000,4,'',0,3000,4,'',0,7000,4,'',0,3000,4,'',0,7000,4,'',0,3400,4,'',0,10000,4,'',0,10500,4,'',0,16400,4,'',0
'3merged13993388',674100,50200,4,'',0,10300,4,'',0,10400,4,'',0,3500,4,'',0,7200,4,'',0,3100,4,'',0,7100,4,'',0,3000,4,'',0,7100,4,'',0,3000,4,'',0,7000,4,'',0,3000,4,'',0,7000,4,'',0,2000,4,'',0,2000,4,'',0,6000,4,'',0,2000,4,'',0,6100,4,'',0,2200,4,'',0,2000,4,'',0,6000,4,'',0,1800,4,'',0,2000,4,'',0,6000,4,'',0,2000,4,'',0,1500,4,'',0,1500,4,'',0,5500,4,'',0,1500,4,'',0,1500,4,'',0,1500,4,'',0,5500,4,'',0,1500,4,'',0,1500,4,'',0,1400,4,'',0,5500,4,'',0,1500,4,'',0,2000,4,'',0,2000,4,'',0,5000,4,'',0,900,4,'',0,2700,4,'',0,7000,4,'',0,3000,4,'',0,7000,4,'',0,3000,4,'',0,7000,4,'',0,3200,4,'',0,10000,4,'',0,10500,4,'',0,16400,4,'',0
'1merged13993387',674200,61600,4,'',0,4200,4,'',0,5800,4,'',0,3200,4,'',0,6900,4,'',0,3100,4,'',0,6600,4,'',0,1600,4,'',0
'1merged13993387',674300,64400,4,'',0,9100,4,'',0,7300,4,'',0,2800,4,'',0,1900,4,'',0
'1merged13993387',674400,72600,4,'',0,1900,4,'',0,5600,4,'',0,2100,4,'',0,1500,4,'',0
'169801merged13993400',674700,154500,4,'',0,10300,4,'',0,9200,4,'',0,10100,4,'',0,10700,4,'',0,9000,4,'',0,8800,4,'',0,18000,4,'',0,12500,4,'',0
'1merged13993387',674700,73500,4,'',0,8500,4,'',0,1500,4,'',0,10000,4,'',0,300,4,'',0,10100,4,'',0,200,4,'',0,9000,4,'',0,800,4,'',0,9200,4,'',0,800,4,'',0,9300,4,'',0,500,4,'',0,9500,4,'',0,800,4,'',0,9500,4,'',0,1200,4,'',0,9300,4,'',0,300,4,'',0,9500,4,'',0,800,4,'',0,500,4,'',0,9000,4,'',0,500,4,'',0,8400,4,'',0,500,4,'',0,500,4,'',0,8800,4,'',0,1500,4,'',0,9300,4,'',0,500,4,'',0,8500,4,'',0,10500,4,'',0,20500,4,'',0
'253403merged13993386',674700,184100,4,'',0,19000,4,'',0,19800,4,'',0
'2merged13993389',674700,73200,4,'',0,500,4,'',0,9500,4,'',0,500,4,'',0,9000,4,'',0,500,4,'',0,500,4,'',0,9000,4,'',0,700,4,'',0,500,4,'',0,9000,4,'',0,500,4,'',0,500,4,'',0,9000,4,'',0,500,4,'',0,500,4,'',0,9000,4,'',0,700,4,'',0,500,4,'',0,9200,4,'',0,500,4,'',0,500,4,'',0,9000,4,'',0,900,4,'',0,500,4,'',0,8400,4,'',0,500,4,'',0,500,4,'',0,9000,4,'',0,500,4,'',0,9500,4,'',0,400,4,'',0,9300,4,'',0,600,4,'',0,9500,4,'',0,1000,4,'',0,9500,4,'',0,300,4,'',0,9700,4,'',0,9500,4,'',0,500,4,'',0,1400,4,'',0
'3merged13993388',674700,73200,4,'',0,8500,4,'',0,11500,4,'',0,300,4,'',0,9800,4,'',0,300,4,'',0,200,4,'',0,9100,4,'',0,500,4,'',0,500,4,'',0,9300,4,'',0,200,4,'',0,300,4,'',0,9800,4,'',0,300,4,'',0,200,4,'',0,9500,4,'',0,300,4,'',0,200,4,'',0,9500,4,'',0,300,4,'',0,400,4,'',0,9300,4,'',0,300,4,'',0,200,4,'',0,9500,4,'',0,300,4,'',0,200,4,'',0,9400,4,'',0,300,4,'',0,200,4,'',0,9500,4,'',0,300,4,'',0,200,4,'',0,9000,4,'',0,500,4,'',0,500,4,'',0,8900,4,'',0,500,4,'',0,1000,4,'',0,8900,4,'',0,500,4,'',0,9500,4,'',0,10000,4,'',0,10500,4,'',0
'1merged13993387',682700,65000,4,'',0,5000,4,'',0,1600,4,'',0,1200,4,'',0,1200,4,'',0,1400,4,'',0,5200,4,'',0,1100,4,'',0,1200,4,'',0,1800,4,'',0,5900,4,'',0,1600,4,'',0,3500,4,'',0,7800,4,'',0,7400,4,'',0,3500,4,'',0,7500,4,'',0,3400,4,'',0,7500,4,'',0,7500,4,'',0,3500,4,'',0,1700,4,'',0,5600,4,'',0,2000,4,'',0,2000,4,'',0,5800,4,'',0,2000,4,'',0,2000,4,'',0,6000,4,'',0,2000,4,'',0,2000,4,'',0,6000,4,'',0,2200,4,'',0,2000,4,'',0,5900,4,'',0,2100,4,'',0
'2merged13993389',682700,92100,4,'',0,3000,4,'',0,7000,4,'',0,3000,4,'',0,7000,4,'',0,3000,4,'',0,7100,4,'',0,2900,4,'',0,6900,4,'',0,3000,4,'',0,7300,4,'',0,3000,4,'',0,7000,4,'',0,3000,4,'',0,7000,4,'',0,3000,4,'',0,7000,4,'',0,3000,4,'',0,7000,4,'',0,3000,4,'',0,7000,4,'',0
