'101merged13785289',661901,152120,0,'Granville',0
'1merged13785277',661901,51630,0,'Alma',0,2000,0,'Alma',0,2000,0,'Alma',0,5500,0,'Alma',0,1500,0,'Alma',0,1500,0,'Alma',0,1200,,'',0,4900,,'',0,1480,,'',0,1540,,'',0,900,0,'Granville',0,900,,'',0,800,0,'Granville',0,4900,,'',0,800,0,'Granville',0,850,,'',0,740,0,'Granville',0,800,,'',0,600,0,'Granville',0,700,,'',0,700,,'',0,5400,,'',0,180,0,'Granville',0,1800,,'',0,1500,0,'Alma',0,6200,0,'Alma',0,2400,0,'Alma',0,2430,0,'Alma',0,6400,0,'Alma',0,2300,0,'Alma',0,6400,0,'Alma',0,2300,0,'Alma',0,2500,0,'Alma',0,6500,0,'Alma',0,2500,,'',0,6300,,'',0,1800,,'',0,1800,,'',0,5600,,'',0,1400,,'',0,1000,,'',0,1600,,'',0,1500,,'',0,5200,,'',0,1300,,'',0,1300,,'',0,700,,'',0,600,0,'Granville',0,700,,'',0,4800,0,'Granville',0,700,,'',0,800,0,'Granville',0,700,0,'Alma',0,700,0,'Alma',0,600,0,'Granville',0,700,0,'Granville',0,700,0,'Alma',0,4900,0,'Alma',0,1000,0,'Alma',0,1100,0,'Alma',0,1000,0,'Alma',0,900,0,'Alma',0,1160,0,'Alma',0,5000,0,'Alma',0,1000,0,'Granville',0,1120,0,'Alma',0,3000,0,'Alma',0,7000,0,'Alma',0,3000,0,'Alma',0,7000,0,'Alma',0,3020,0,'Alma',0,7000,0,'Alma',0,3070,0,'Alma',0,7000,0,'Alma',0,2100,0,'Granville',0,1200,0,'Alma',0,7100,0,'Granville',0,2600,0,'Granville',0,7000,0,'Granville',0,3300,0,'Granville',0,7000,0,'Granville',0
'2merged13785279',661901,51850,0,'Alma',0,2000,0,'Alma',0,1900,0,'Alma',0,6100,0,'Alma',0,2000,0,'Alma',0,2000,0,'Alma',0,5400,0,'Alma',0,1500,0,'Alma',0,3000,0,'Alma',0,6960,0,'Alma',0,2800,0,'Alma',0,7000,0,'Alma',0,2700,0,'Alma',0,6400,0,'Alma',0,2400,0,'Alma',0,6340,0,'Alma',0,2200,0,'Alma',0,2300,0,'Alma',0,6400,0,'Alma',0,2300,0,'Alma',0,6500,0,'Alma',0,2400,0,'Alma',0,2200,0,'Alma',0,6000,0,'Alma',0,2000,0,'Alma',0,2000,0,'Alma',0,6100,0,'Alma',0,2000,0,'Alma',0,2000,0,'Alma',0,6000,0,'Alma',0,2000,0,'Alma',0,2060,0,'Alma',0,5900,0,'Alma',0,3000,0,'Alma',0,1000,0,'Granville',0,6200,0,'Alma',0,1520,0,'Alma',0,3000,0,'Alma',0,7000,0,'Alma',0,1500,0,'Alma',0,1500,0,'Alma',0,7000,0,'Alma',0,3020,0,'Alma',0,7000,0,'Alma',0,3000,0,'Alma',0,6700,0,'Alma',0,8000,0,'Alma',0,2900,0,'Alma',0,7100,0,'Alma',0,2600,0,'Granville',0,2800,0,'Granville',0,7000,0,'Granville',0,3300,0,'Granville',0,7000,0,'Granville',0
'3merged13785278',661901,54950,0,'Alma',0,6000,0,'Alma',0,2300,0,'Alma',0,2000,0,'Alma',0,6000,0,'Alma',0,2200,0,'Alma',0,1500,0,'Alma',0,5500,0,'Alma',0,1500,0,'Alma',0,1500,0,'Alma',0,1400,0,'Alma',0,7000,0,'Alma',0,2960,0,'Alma',0,7000,0,'Alma',0,2900,0,'Alma',0,6000,0,'Alma',0,2000,0,'Alma',0,2000,0,'Alma',0,6000,0,'Alma',0,2000,0,'Alma',0,2000,0,'Alma',0,6000,0,'Alma',0,1910,0,'Alma',0,2200,0,'Alma',0,6000,0,'Alma',0,1990,0,'Alma',0,2000,0,'Alma',0,6000,0,'Alma',0,2000,0,'Alma',0,2000,0,'Alma',0,5900,0,'Alma',0,2020,0,'Alma',0,2000,0,'Alma',0,6000,0,'Alma',0,2000,0,'Alma',0,2100,0,'Alma',0,6000,0,'Granville',0,2200,0,'Alma',0,900,0,'Granville',0,6300,0,'Alma',0,2920,0,'Alma',0,7000,0,'Alma',0,3000,0,'Alma',0,7000,0,'Alma',0,3000,0,'Alma',0,7000,0,'Alma',0,2900,0,'Alma',0,7000,0,'Alma',0,3000,0,'Alma',0,7200,0,'Alma',0,2700,0,'Granville',0,7300,0,'Granville',0,2300,0,'Granville',0,7700,0,'Granville',0,2300,0,'Granville',0
'1merged13785277',664101,53820,0,'Alma',0,800,,'',0,700,0,'Alma',0,4700,,'',0,700,,'',0,580,,'',0,600,,'',0,600,,'',0,600,,'',0,400,,'',0,300,,'',0,700,,'',0,400,,'',0,300,,'',0,400,,'',0,4600,,'',0,600,,'',0,300,,'',0,200,,'',0,300,,'',0,600,,'',0,300,,'',0,210,,'',0,600,,'',0,300,,'',0,300,,'',0,600,,'',0,400,,'',0,900,,'',0,5200,,'',0,51130,,'',0,2900,,'',0,5000,,'',0,1300,,'',0,700,,'',0,300,,'',0,600,,'',0,1200,,'',0,1100,,'',0,570,,'',0,4600,,'',0,600,,'',0,200,,'',0,700,,'',0,600,,'',0,630,,'',0,900,,'',0,900,,'',0,300,,'',0,4900,,'',0,900,,'',0
'2merged13785279',664101,53620,,'',0,1500,,'',0,5500,,'',0,1500,,'',0,1180,,'',0,900,,'',0,6000,,'',0,3000,,'',0,8700,,'',0,1700,,'',0,8000,,'',0,1500,,'',0,10000,,'',0,12600,,'',0,6500,,'',0,2600,,'',0
'3merged13785278',664101,65220,,'',0,6100,,'',0,1500,,'',0,1480,,'',0,1500,,'',0,7000,,'',0,10300,,'',0,7300,,'',0,4000,,'',0,8000,,'',0,12300,,'',0,9100,,'',0
'1merged13785277',684101,41650,,'',0,2900,,'',0,1250,,'',0,204350,,'',0,3000,,'',0,7500,,'',0,3000,,'',0,7000,,'',0,3500,,'',0
'2merged13785279',684101,41340,,'',0,3000,,'',0,7200,,'',0,2800,,'',0,6990,,'',0,189010,,'',0,3500,,'',0,8000,,'',0,2000,,'',0,7000,,'',0,3500,,'',0
'3merged13785278',684101,41540,,'',0,3000,,'',0,7000,,'',0,3000,,'',0,7000,,'',0,2500,,'',0,179300,,'',0,6960,,'',0,3000,,'',0,7000,,'',0,3000,,'',0,7600,,'',0,3200,,'',0
