'101merged13785289',682800,84000,,'',0
'1101merged13785294',682801,205800,4,'',0
'1201merged13785269',682800,210000,,'',0,10000,,'',0
'1201merged13785269',682801,205800,4,'',0,10000,4,'',0,10000,4,'',0
'1merged13785277',682800,80000,,'',0,12000,,'',0,8000,,'',0,4000,,'',0,8000,,'',0,8000,,'',0,4000,,'',0,8000,,'',0,8000,,'',0,4000,,'',0,8000,,'',0,8500,,'',0,3900,,'',0,7600,,'',0,8000,,'',0,4000,,'',0,9000,,'',0,7000,,'',0
'1merged13785277',682801,91000,4,'',0,4000,4,'',0,8200,4,'',0,7900,4,'',0,4000,4,'',0,8000,4,'',0,8000,4,'',0,4000,4,'',0,8000,4,'',0,8000,4,'',0,4000,4,'',0,8300,4,'',0,7800,4,'',0,4000,4,'',0,7600,4,'',0,8000,4,'',0,4000,4,'',0,8000,4,'',0
'201merged13785266',682800,84000,,'',0
'2merged13785279',682800,91000,,'',0,4000,,'',0,8000,,'',0,8000,,'',0,4000,,'',0,8000,,'',0,8000,,'',0,4000,,'',0,8000,,'',0,8000,,'',0,4000,,'',0,8000,,'',0,8000,,'',0,4000,,'',0,7500,,'',0,11000,,'',0,10100,,'',0,9600,,'',0,9800,,'',0
'2merged13785279',682801,93600,4,'',0,8100,4,'',0,4000,4,'',0,8000,4,'',0,8200,4,'',0,4000,4,'',0,8000,4,'',0,8000,4,'',0,8200,4,'',0,4000,4,'',0,8000,4,'',0,8000,4,'',0,3800,4,'',0,8000,4,'',0,4000,4,'',0,6800,4,'',0,10700,4,'',0,9700,4,'',0,9400,4,'',0,10000,4,'',0
'3merged13785278',682800,111000,,'',0,4000,,'',0,8000,,'',0,8000,,'',0,4000,,'',0,8000,,'',0,8000,,'',0,4000,,'',0,8000,,'',0,8000,,'',0,4000,,'',0,8000,,'',0,8000,,'',0
'3merged13785278',682801,113800,4,'',0,8000,4,'',0,8300,4,'',0,4000,4,'',0,8000,4,'',0,3700,4,'',0,8200,4,'',0,8100,4,'',0,7900,4,'',0,4000,4,'',0,7800,4,'',0,4000,4,'',0,8000,4,'',0
