'1merged13993387',679900,51100,4,'',0,19200,4,'',0,3000,4,'',0,7200,4,'',0,3100,4,'',0,6500,4,'',0,4000,4,'',0,8000,4,'',0,8100,4,'',0,4000,4,'',0,8000,4,'',0,8000,4,'',0,3800,4,'',0,8200,4,'',0,8300,4,'',0,3700,4,'',0,17100,4,'',0,3000,4,'',0,6700,4,'',0,4000,4,'',0,8100,4,'',0,2800,4,'',0,14600,4,'',0,10200,4,'',0,10000,4,'',0
'2merged13993389',679900,75700,4,'',0,20200,4,'',0,24100,4,'',0,20000,4,'',0,20100,4,'',0,15700,4,'',0,20000,4,'',0
'3merged13993388',679900,82700,4,'',0,8500,4,'',0,4500,4,'',0,8500,4,'',0,8500,4,'',0,8500,4,'',0,4500,4,'',0,8500,4,'',0,8500,4,'',0,8500,4,'',0,4500,4,'',0,8500,4,'',0,8500,4,'',0,8500,4,'',0,4500,4,'',0
'1merged13993387',680000,55700,4,'',0,7000,4,'',0,2900,4,'',0,7200,4,'',0,3100,4,'',0,7100,4,'',0,7900,4,'',0,4000,4,'',0,8000,4,'',0,7800,4,'',0,4000,4,'',0,8000,4,'',0,8000,4,'',0,4000,4,'',0,8000,4,'',0,8200,4,'',0,4000,4,'',0,8000,4,'',0,8200,4,'',0,2900,4,'',0,7000,4,'',0,12700,4,'',0,10000,4,'',0,10000,4,'',0,10000,4,'',0
'2merged13993389',680000,82300,4,'',0,10200,4,'',0,10000,4,'',0,10000,4,'',0,10000,4,'',0,9900,4,'',0,10000,4,'',0,10000,4,'',0,10000,4,'',0,9800,4,'',0,10000,4,'',0,10000,4,'',0
'1merged13993387',680401,64600,4,'',0,40300,4,'',0,20000,4,'',0,49800,4,'',0,17600,4,'',0
'2merged13993389',680401,85900,4,'',0,19500,4,'',0,19800,4,'',0,20300,4,'',0,20000,4,'',0,20000,4,'',0
'1merged13993387',680501,75500,4,'',0,19900,4,'',0,19900,4,'',0,20300,4,'',0,26800,4,'',0
'2merged13993389',680501,95300,4,'',0,20000,4,'',0,20200,4,'',0,20000,4,'',0,19800,4,'',0,20000,4,'',0
'101merged13993397',3182101,151400,4,'',0
'1merged13993387',3182100,50300,,'',0,3000,,'',0,7000,,'',0,3100,,'',0,7000,,'',0,2200,,'',0,7400,,'',0,5000,,'',0,8500,,'',0,8500,,'',0,8600,,'',0,4400,,'',0,8500,,'',0,8500,,'',0,8400,,'',0,4100,,'',0,8900,,'',0,8100,,'',0,3700,,'',0,7000,,'',0,3000,,'',0,8000,,'',0,9000,,'',0,8500,,'',0,4500,,'',0
'1merged13993387',3182101,53200,,'',0,7000,,'',0,3000,,'',0,7000,,'',0,3000,,'',0,2200,4,'',0,7800,4,'',0,8700,4,'',0,8500,4,'',0,4500,4,'',0,8600,4,'',0,8400,4,'',0,8500,4,'',0,4600,4,'',0,8500,4,'',0,8100,4,'',0,8800,4,'',0,11800,4,'',0,2800,4,'',0,7000,4,'',0,8000,4,'',0,5000,4,'',0,8500,4,'',0,8400,4,'',0
'2merged13993389',3182100,65700,,'',0,8500,,'',0,8500,,'',0,8500,,'',0,4500,,'',0,8500,,'',0,8500,,'',0,8500,,'',0,4500,,'',0,8500,,'',0,8400,,'',0,8500,,'',0,4500,,'',0,8500,,'',0,8500,,'',0,8500,,'',0,4500,,'',0,8500,,'',0,8500,,'',0,8500,,'',0
'2merged13993389',3182101,72500,4,'',0,8500,4,'',0,4500,4,'',0,8500,4,'',0,8500,4,'',0,8600,4,'',0,4500,4,'',0,17000,4,'',0,8500,4,'',0,4400,4,'',0,8500,4,'',0,8500,4,'',0,8500,4,'',0,4500,4,'',0,8500,4,'',0,8500,4,'',0,8500,4,'',0,4500,4,'',0,8500,4,'',0
'3merged13993388',3182100,74500,,'',0,8700,,'',0,8500,,'',0,8500,,'',0,4500,,'',0,8500,,'',0,8500,,'',0,8500,,'',0,4500,,'',0,8500,,'',0,8500,,'',0,8500,,'',0,4500,,'',0,8500,,'',0,8500,,'',0,8500,,'',0,4300,,'',0,8500,,'',0,8500,,'',0
'3merged13993388',3182101,81300,4,'',0,8700,4,'',0,4500,4,'',0,8700,4,'',0,8500,4,'',0,8400,4,'',0,4500,4,'',0,8500,4,'',0,8500,4,'',0,8600,4,'',0,4500,4,'',0,8400,4,'',0,8500,4,'',0,8500,4,'',0,4500,4,'',0,8500,4,'',0,8300,4,'',0,4500,4,'',0,8500,4,'',0
'401merged13993391',3182100,152100,,'',0
'401merged13993391',3182101,155100,4,'',0
'101merged13993397',3182200,152000,,'',0,8000,,'',0
'101merged13993397',3182201,155000,4,'',0
'1merged13993387',3182200,50100,,'',0,3000,,'',0,7100,,'',0,2900,,'',0,7000,,'',0,2700,,'',0,7200,,'',0,4500,,'',0,8500,,'',0,9000,,'',0,8200,,'',0,4300,,'',0,8500,,'',0,8500,,'',0,8700,,'',0,4300,,'',0,8500,,'',0,10000,,'',0,2200,,'',0,7000,,'',0,3000,,'',0,8000,,'',0,9000,,'',0,8500,,'',0,5000,,'',0
'1merged13993387',3182201,52800,,'',0,3000,,'',0,7100,,'',0,2900,,'',0,7000,,'',0,2900,4,'',0,7200,4,'',0,8500,4,'',0,4500,4,'',0,9000,4,'',0,8200,4,'',0,8300,4,'',0,4500,4,'',0,8500,4,'',0,8700,4,'',0,8400,4,'',0,8500,4,'',0,5900,4,'',0,6200,4,'',0,3000,4,'',0,6800,4,'',0,4000,4,'',0,9000,4,'',0,8500,4,'',0,9000,4,'',0
'2merged13993389',3182200,65600,,'',0,8500,,'',0,8700,,'',0,8300,,'',0,4500,,'',0,8500,,'',0,8500,,'',0,8500,,'',0,4500,,'',0,9000,,'',0,8000,,'',0,8500,,'',0,4500,,'',0,8500,,'',0,8500,,'',0,8500,,'',0,4500,,'',0,8500,,'',0,8500,,'',0,8500,,'',0
'2merged13993389',3182201,72300,4,'',0,8500,4,'',0,4800,4,'',0,8300,4,'',0,8500,4,'',0,8500,4,'',0,4500,4,'',0,8500,4,'',0,8500,4,'',0,9000,4,'',0,12500,4,'',0,8500,4,'',0,8500,4,'',0,4500,4,'',0,17000,4,'',0,8500,4,'',0,4400,4,'',0,9000,4,'',0
'3merged13993388',3182200,74000,,'',0,8500,,'',0,8500,,'',0,4500,,'',0,8500,,'',0,8500,,'',0,8500,,'',0,4600,,'',0,8400,,'',0,8500,,'',0,8500,,'',0,4500,,'',0,8600,,'',0,8400,,'',0,8500,,'',0,4500,,'',0,8500,,'',0,8500,,'',0,9000,,'',0
'3merged13993388',3182201,80800,4,'',0,4500,4,'',0,8500,4,'',0,8600,4,'',0,8500,4,'',0,4500,4,'',0,8500,4,'',0,8600,4,'',0,8400,4,'',0,4500,4,'',0,8500,4,'',0,8400,4,'',0,8600,4,'',0,4400,4,'',0,8500,4,'',0,8300,4,'',0,8500,4,'',0,4500,4,'',0,9000,4,'',0
'401merged13993391',3182201,151400,4,'',0
'101merged13993397',3404201,145400,4,'',0,100,4,'',0,200,4,'',0
'1merged13993387',3404201,161600,4,'',0,14200,4,'',0
'2merged13993389',3404201,94600,4,'',0,20000,4,'',0,20100,4,'',0,20000,4,'',0,19800,4,'',0,19500,4,'',0
'3merged13993388',3404201,94400,4,'',0,20000,4,'',0,19900,4,'',0,20000,4,'',0,20000,4,'',0,19900,4,'',0
'101merged13993397',3404301,74300,4,'',0,9200,4,'',0,71100,4,'',0
'1merged13993387',3404301,54500,4,'',0,7000,4,'',0,2800,4,'',0,6500,4,'',0,500,4,'',0,2500,4,'',0,7500,4,'',0,2900,4,'',0,9900,4,'',0,20000,4,'',0,10200,4,'',0,10000,4,'',0,10200,4,'',0,7100,4,'',0,4300,4,'',0,6500,4,'',0,3400,4,'',0,14600,4,'',0,3900,4,'',0,8200,4,'',0,9500,4,'',0
'2merged13993389',3404301,124800,4,'',0,59900,4,'',0
'3merged13993388',3404301,84000,4,'',0,20200,4,'',0,20200,4,'',0,19900,4,'',0,20000,4,'',0,20000,4,'',0
