'101merged13785289',661901,151900,0,'Granville',0
'1merged13785277',661901,51510,0,'Alma',0,2000,0,'Alma',0,2000,0,'Alma',0,5500,0,'Alma',0,1500,0,'Alma',0,1500,0,'Alma',0,1200,,'',0,4900,,'',0,1430,,'',0,1570,,'',0,900,0,'Granville',0,900,,'',0,800,0,'Granville',0,4900,,'',0,800,0,'Granville',0,800,,'',0,720,0,'Granville',0,800,,'',0,600,0,'Granville',0,700,,'',0,700,,'',0,5400,,'',0,210,0,'Granville',0,1800,,'',0,1500,0,'Alma',0,6200,0,'Alma',0,2400,0,'Alma',0,2470,0,'Alma',0,6400,0,'Alma',0,2300,0,'Alma',0,6400,0,'Alma',0,2300,0,'Alma',0,2500,0,'Alma',0,6500,0,'Alma',0,2500,,'',0,6300,,'',0,1800,,'',0,1800,,'',0,5600,,'',0,1400,,'',0,1000,,'',0,1600,,'',0,1500,,'',0,5200,,'',0,1300,,'',0,1300,,'',0,700,,'',0,600,0,'Granville',0,700,,'',0,4800,0,'Granville',0,700,,'',0,800,0,'Granville',0,700,0,'Alma',0,700,0,'Alma',0,600,0,'Granville',0,700,0,'Granville',0,700,0,'Alma',0,4900,0,'Alma',0,1000,0,'Alma',0,1100,0,'Alma',0,1000,0,'Alma',0,900,0,'Alma',0,1130,0,'Alma',0,5000,0,'Alma',0,1000,0,'Granville',0,1170,0,'Alma',0,3000,0,'Alma',0,7000,0,'Alma',0,3000,0,'Alma',0,7000,0,'Alma',0,3030,0,'Alma',0,7000,0,'Alma',0,3080,0,'Alma',0,7000,0,'Alma',0,2100,0,'Granville',0,1200,0,'Alma',0,7100,0,'Granville',0,2600,0,'Granville',0,7000,0,'Granville',0,3300,0,'Granville',0,7000,0,'Granville',0
'2merged13785279',661901,51740,0,'Alma',0,2000,0,'Alma',0,1900,0,'Alma',0,6100,0,'Alma',0,2000,0,'Alma',0,2000,0,'Alma',0,5400,0,'Alma',0,1500,0,'Alma',0,3000,0,'Alma',0,6900,0,'Alma',0,2800,0,'Alma',0,7000,0,'Alma',0,2700,0,'Alma',0,6400,0,'Alma',0,2400,0,'Alma',0,6370,0,'Alma',0,2200,0,'Alma',0,2300,0,'Alma',0,6400,0,'Alma',0,2300,0,'Alma',0,2500,0,'Alma',0,6400,0,'Alma',0,2200,0,'Alma',0,6000,0,'Alma',0,2000,0,'Alma',0,2000,0,'Alma',0,6100,0,'Alma',0,2000,0,'Alma',0,2000,0,'Alma',0,6000,0,'Alma',0,2000,0,'Alma',0,2030,0,'Alma',0,5900,0,'Alma',0,3000,0,'Alma',0,1000,0,'Granville',0,6200,0,'Alma',0,1570,0,'Alma',0,3000,0,'Alma',0,7000,0,'Alma',0,1500,0,'Alma',0,1500,0,'Alma',0,7000,0,'Alma',0,3030,0,'Alma',0,7000,0,'Alma',0,3000,0,'Alma',0,6700,0,'Alma',0,8000,0,'Alma',0,2900,0,'Alma',0,7100,0,'Alma',0,2600,0,'Granville',0,2800,0,'Granville',0,7000,0,'Granville',0,3300,0,'Granville',0,7000,0,'Granville',0
'3merged13785278',661901,54840,0,'Alma',0,6000,0,'Alma',0,2300,0,'Alma',0,2000,0,'Alma',0,6000,0,'Alma',0,2200,0,'Alma',0,1500,0,'Alma',0,5500,0,'Alma',0,1500,0,'Alma',0,1500,0,'Alma',0,1400,0,'Alma',0,7000,0,'Alma',0,2900,0,'Alma',0,7000,0,'Alma',0,2900,0,'Alma',0,6000,0,'Alma',0,2000,0,'Alma',0,2000,0,'Alma',0,6000,0,'Alma',0,2000,0,'Alma',0,2000,0,'Alma',0,6000,0,'Alma',0,1900,0,'Alma',0,2200,0,'Alma',0,6000,0,'Alma',0,2000,0,'Alma',0,2000,0,'Alma',0,6000,0,'Alma',0,2000,0,'Alma',0,2000,0,'Alma',0,5900,0,'Alma',0,2070,0,'Alma',0,2000,0,'Alma',0,6000,0,'Alma',0,2000,0,'Alma',0,2100,0,'Alma',0,6000,0,'Granville',0,2200,0,'Alma',0,900,0,'Granville',0,6300,0,'Alma',0,2930,0,'Alma',0,7000,0,'Alma',0,3000,0,'Alma',0,7000,0,'Alma',0,3000,0,'Alma',0,7000,0,'Alma',0,2900,0,'Alma',0,3000,0,'Alma',0,7000,0,'Alma',0,7200,0,'Alma',0,2700,0,'Granville',0,7300,0,'Granville',0,2300,0,'Granville',0,7700,0,'Granville',0,2300,0,'Granville',0
'1merged13785277',664101,53720,0,'Alma',0,800,,'',0,700,0,'Alma',0,700,,'',0,4700,,'',0,530,,'',0,600,,'',0,600,,'',0,600,,'',0,400,,'',0,300,,'',0,700,,'',0,400,,'',0,300,,'',0,400,,'',0,4600,,'',0,600,,'',0,300,,'',0,200,,'',0,300,,'',0,600,,'',0,300,,'',0,190,,'',0,600,,'',0,300,,'',0,300,,'',0,600,,'',0,400,,'',0,900,,'',0,5200,,'',0,51170,,'',0,2900,,'',0,1000,,'',0,5300,,'',0,700,,'',0,300,,'',0,600,,'',0,1200,,'',0,1100,,'',0,530,,'',0,4600,,'',0,600,,'',0,200,,'',0,700,,'',0,600,,'',0,670,,'',0,900,,'',0,900,,'',0,300,,'',0,4900,,'',0,900,,'',0
'2merged13785279',664101,53520,,'',0,1500,,'',0,5500,,'',0,1500,,'',0,1130,,'',0,900,,'',0,6000,,'',0,3000,,'',0,8700,,'',0,1700,,'',0,8000,,'',0,1500,,'',0,10000,,'',0,12600,,'',0,6500,,'',0,2600,,'',0
'3merged13785278',664101,65120,,'',0,6100,,'',0,1500,,'',0,1430,,'',0,1500,,'',0,7000,,'',0,10300,,'',0,7300,,'',0,4000,,'',0,8000,,'',0,12300,,'',0,9100,,'',0
'1merged13785277',684101,41600,,'',0,2900,,'',0,1220,,'',0,204380,,'',0,3000,,'',0,7500,,'',0,3000,,'',0,7000,,'',0,3500,,'',0
'2merged13785279',684101,41250,,'',0,3000,,'',0,7200,,'',0,2800,,'',0,6980,,'',0,189020,,'',0,3500,,'',0,8000,,'',0,2000,,'',0,7000,,'',0,3500,,'',0
'3merged13785278',684101,41450,,'',0,3000,,'',0,7000,,'',0,3000,,'',0,7000,,'',0,2500,,'',0,179350,,'',0,6920,,'',0,3000,,'',0,7000,,'',0,3000,,'',0,7600,,'',0,3200,,'',0
