'1',670000,52400,,'',0,1500,,'',0,6100,,'',0,2100,,'',0,2300,,'',0,6500,,'',0,2500,,'',0,6700,,'',0,2300,,'',0,2600,,'',0,7000,,'',0,3000,,'',0,7000,,'',0,3000,,'',0,7000,,'',0,3000,,'',0,7000,,'',0,3000,,'',0,7000,,'',0,3000,,'',0,6800,,'',0,8800,,'',0,2000,,'',0,2200,,'',0,6200,,'',0,1700,,'',0,1700,,'',0,5800,,'',0,2000,,'',0,2000,,'',0,7000,,'',0,3000,,'',0,7000,,'',0,3000,,'',0,7000,,'',0,2700,,'',0,6700,,'',0,2700,,'',0,7100,,'',0,3100,,'',0,7200,,'',0,3100,,'',0,7100,,'',0,9700,,'',0
'101',670000,144600,,'',0
'2',670000,53700,,'',0,7000,,'',0,3100,,'',0,7100,,'',0,2800,,'',0,6800,,'',0,2800,,'',0,6800,,'',0,3000,,'',0,7000,,'',0,3000,,'',0,7000,,'',0,3000,,'',0,7000,,'',0,3000,,'',0,7000,,'',0,3000,,'',0,7000,,'',0,3000,,'',0,7000,,'',0,3000,,'',0,7000,,'',0,3000,,'',0,7000,,'',0,3000,,'',0,7000,,'',0,3000,,'',0,7000,,'',0,3000,,'',0,7000,,'',0,3000,,'',0,7000,,'',0,3000,,'',0,7000,,'',0,3000,,'',0,7000,,'',0,3000,,'',0,7500,,'',0,3000,,'',0,7400,,'',0
'3',670000,80000,,'',0,3000,,'',0,7000,,'',0,3000,,'',0,7000,,'',0,3000,,'',0,7000,,'',0,3000,,'',0,7000,,'',0,3000,,'',0,7000,,'',0,3000,,'',0,7000,,'',0,3000,,'',0,7000,,'',0,3000,,'',0,7000,,'',0,3000,,'',0,7000,,'',0,3000,,'',0,7000,,'',0,3000,,'',0,7000,,'',0,3000,,'',0,7000,,'',0,3000,,'',0,7000,,'',0,3000,,'',0,7000,,'',0,10000,,'',0,10700,,'',0
'1',670201,51500,4,'',0,3800,4,'',0,6200,4,'',0,2900,4,'',0,7100,4,'',0,3300,4,'',0,7400,4,'',0,10000,4,'',0,3000,4,'',0,7000,4,'',0,3000,4,'',0,7000,4,'',0,3000,4,'',0,7000,4,'',0,3100,4,'',0,7100,4,'',0,3000,4,'',0,7100,4,'',0,3400,4,'',0,6900,4,'',0,9900,4,'',0,3000,4,'',0,7000,4,'',0,2900,4,'',0,6800,4,'',0,3100,4,'',0,6900,4,'',0,10000,4,'',0,9900,4,'',0,9800,4,'',0
'101',670201,85200,4,'',0,70500,4,'',0
'2',670201,65900,4,'',0,7400,4,'',0,7400,4,'',0,3200,4,'',0,7000,4,'',0,3000,4,'',0,7000,4,'',0,3000,4,'',0,7000,4,'',0,3000,4,'',0,7100,4,'',0,3000,4,'',0,7100,4,'',0,3200,4,'',0,7000,4,'',0,3000,4,'',0,7000,4,'',0,3200,4,'',0,7000,4,'',0,3000,4,'',0,7000,4,'',0,3000,4,'',0,7000,4,'',0,2900,4,'',0,7000,4,'',0,2900,4,'',0,6900,4,'',0,2900,4,'',0,7000,4,'',0,2900,4,'',0,7000,4,'',0,2800,4,'',0
'201',670201,85200,4,'',0,70500,4,'',0
'3',670201,90300,4,'',0,10000,4,'',0,10100,4,'',0,10000,4,'',0,10000,4,'',0,10100,4,'',0,10100,4,'',0,10000,4,'',0,10100,4,'',0,10000,4,'',0,9900,4,'',0,9900,4,'',0,9800,4,'',0,10000,4,'',0,9900,4,'',0
'1',671001,71800,4,'',0,3000,4,'',0,19400,4,'',0,10000,4,'',0,10100,4,'',0,10200,4,'',0,10100,4,'',0,10000,4,'',0,10100,4,'',0
'2',671001,92900,4,'',0,10000,4,'',0,10100,4,'',0,10400,4,'',0,10100,4,'',0,10000,4,'',0,9900,4,'',0,10000,4,'',0,9900,4,'',0
'1',682101,54100,4,'',0,6000,4,'',0,2000,4,'',0,2000,4,'',0,6100,4,'',0,2000,4,'',0,2000,4,'',0,6300,4,'',0,2100,4,'',0,2000,4,'',0,6000,4,'',0,2000,4,'',0,2000,4,'',0,6000,4,'',0,2400,4,'',0,7000,4,'',0,3000,4,'',0,7000,4,'',0,3100,4,'',0,7000,4,'',0,3000,4,'',0,7000,4,'',0,3000,4,'',0,7700,4,'',0,2000,4,'',0,2000,4,'',0,6000,4,'',0,2000,4,'',0,2000,4,'',0,5500,4,'',0,1500,4,'',0,1500,4,'',0,1500,4,'',0,5300,4,'',0,1500,4,'',0,1500,4,'',0,1500,4,'',0,5500,4,'',0,1300,4,'',0,1300,4,'',0,1500,4,'',0,6000,4,'',0,2000,4,'',0,1500,4,'',0,2000,4,'',0,7000,4,'',0,3000,4,'',0
'2',682101,81600,4,'',0,3000,4,'',0,7100,4,'',0,3100,4,'',0,7100,4,'',0,3000,4,'',0,7000,4,'',0,3200,4,'',0,6900,4,'',0,3000,4,'',0,7000,4,'',0,3000,4,'',0,7000,4,'',0,3000,4,'',0,7000,4,'',0,3000,4,'',0,7000,4,'',0,3000,4,'',0,7000,4,'',0,1500,4,'',0,2000,4,'',0,6000,4,'',0,1900,4,'',0,2000,4,'',0,6000,4,'',0,2000,4,'',0,2000,4,'',0,5600,4,'',0,3500,4,'',0,7000,4,'',0
'3',682101,84500,4,'',0,7200,4,'',0,3000,4,'',0,7100,4,'',0,3000,4,'',0,7000,4,'',0,3100,4,'',0,7000,4,'',0,3000,4,'',0,7000,4,'',0,3000,4,'',0,7200,4,'',0,2900,4,'',0,7000,4,'',0,3000,4,'',0,7000,4,'',0,3000,4,'',0,7000,4,'',0,2000,4,'',0,1800,4,'',0,6000,4,'',0,2000,4,'',0,6200,4,'',0,1700,4,'',0,2000,4,'',0,2000,4,'',0,6100,4,'',0,2800,4,'',0,7000,4,'',0
