'152201merged13993363',661700,214000,4,'',0,1900,4,'',0,6000,4,'',0,2000,4,'',0,1800,4,'',0,6000,4,'',0,2000,4,'',0,2000,4,'',0,6000,4,'',0,1500,4,'',0,2700,4,'',0,7300,4,'',0
'152201merged13993363',661701,203000,,'',0,2000,,'',0,6000,,'',0,2200,,'',0,2000,,'',0,6000,,'',0,2000,,'',0,2000,,'',0,6000,,'',0,2200,,'',0,2000,,'',0,5200,,'',0,3000,,'',0
'152301merged13993365',661700,214000,4,'',0,1900,4,'',0,6000,4,'',0,2000,4,'',0,1800,4,'',0,6000,4,'',0,2000,4,'',0,2000,4,'',0,6000,4,'',0,1500,4,'',0,2700,4,'',0,7300,4,'',0
'152301merged13993365',661701,203000,,'',0,2000,,'',0,6000,,'',0,2200,,'',0,2000,,'',0,6000,,'',0,2000,,'',0,2000,,'',0,6000,,'',0,2200,,'',0,2000,,'',0,5200,,'',0,3000,,'',0
'1merged13993356',661700,52500,4,'',0,9300,4,'',0,2700,4,'',0,6000,4,'',0,1600,4,'',0,1600,4,'',0,1300,4,'',0,5200,4,'',0,1300,4,'',0,1300,4,'',0,1000,4,'',0,900,4,'',0,900,4,'',0,5000,4,'',0,1000,4,'',0,1200,4,'',0,1200,4,'',0,1500,4,'',0,5500,4,'',0,1500,4,'',0,1500,4,'',0,1500,4,'',0,5500,4,'',0,1700,4,'',0,1500,4,'',0,1500,4,'',0,5500,4,'',0,1700,4,'',0,1500,4,'',0,5600,4,'',0,1500,4,'',0,1600,4,'',0,1500,4,'',0,5500,4,'',0,1500,4,'',0,1700,4,'',0,1500,4,'',0,5500,4,'',0,1500,4,'',0,1700,4,'',0,1500,4,'',0,5300,4,'',0,1200,4,'',0,1200,4,'',0,1300,4,'',0,1200,4,'',0,5200,4,'',0,1200,4,'',0,1200,4,'',0,1200,4,'',0,1200,4,'',0,5200,4,'',0,1300,4,'',0,1200,4,'',0,1500,4,'',0,5900,4,'',0,2000,4,'',0,2000,4,'',0,5900,4,'',0,2000,4,'',0,2000,4,'',0,5800,4,'',0,2000,4,'',0
'1merged13993356',661701,53200,0,'Hastings',0,2300,,'',0,6000,,'',0,1700,,'',0,1500,,'',0,1200,,'',0,5100,,'',0,1100,,'',0,1200,,'',0,1200,,'',0,1200,,'',0,5200,,'',0,1200,,'',0,1300,,'',0,1300,,'',0,5300,,'',0,1600,,'',0,1600,,'',0,1600,,'',0,5500,,'',0,1400,,'',0,1500,,'',0,1500,,'',0,5500,,'',0,1500,,'',0,1500,,'',0,1400,,'',0,5500,,'',0,1500,,'',0,1500,,'',0,1500,,'',0,5500,,'',0,1400,,'',0,1500,,'',0,1500,,'',0,5500,,'',0,1500,,'',0,1500,,'',0,1500,,'',0,1200,,'',0,5300,,'',0,1200,,'',0,1200,,'',0,1200,,'',0,1300,,'',0,5200,,'',0,1200,,'',0,1300,,'',0,1100,,'',0,1200,,'',0,5200,,'',0,1200,,'',0,1200,,'',0,1500,,'',0,5500,,'',0,2200,,'',0,2300,,'',0,5800,,'',0,2200,,'',0,2000,,'',0,6000,,'',0,49600,0,'Downtown',0
'2merged13993358',661700,61500,4,'',0,3000,4,'',0,6000,4,'',0,2000,4,'',0,1900,4,'',0,6000,4,'',0,2100,4,'',0,2200,4,'',0,5500,4,'',0,1600,4,'',0,1500,4,'',0,1800,4,'',0,5500,4,'',0,1600,4,'',0,1500,4,'',0,1700,4,'',0,5500,4,'',0,1600,4,'',0,1400,4,'',0,1500,4,'',0,5600,4,'',0,1600,4,'',0,1500,4,'',0,5900,4,'',0,1500,4,'',0,1400,4,'',0,1500,4,'',0,1500,4,'',0,5500,4,'',0,1500,4,'',0,1500,4,'',0,1500,4,'',0,5500,4,'',0,1500,4,'',0,1500,4,'',0,1500,4,'',0,5300,4,'',0,1200,4,'',0,1100,4,'',0,1200,4,'',0,1200,4,'',0,5200,4,'',0,1200,4,'',0,1200,4,'',0,1000,4,'',0,1200,4,'',0,5200,4,'',0,1200,4,'',0,1500,4,'',0,1500,4,'',0,5600,4,'',0,1500,4,'',0,1500,4,'',0,1400,4,'',0,5400,4,'',0,1700,4,'',0,2000,4,'',0,5900,4,'',0,1900,4,'',0,2000,4,'',0,1800,4,'',0,6000,4,'',0,2000,4,'',0,1800,4,'',0,6000,4,'',0,2000,4,'',0,2000,4,'',0,6000,4,'',0,1800,4,'',0,7000,4,'',0,3200,4,'',0
'2merged13993358',661701,53800,0,'Hastings',0,6300,,'',0,2100,,'',0,2000,,'',0,6000,,'',0,2000,,'',0,1300,,'',0,1600,,'',0,5500,,'',0,1400,,'',0,1500,,'',0,1400,,'',0,5300,,'',0,1500,,'',0,1500,,'',0,1500,,'',0,5500,,'',0,1500,,'',0,1400,,'',0,1500,,'',0,1300,,'',0,5500,,'',0,1600,,'',0,1400,,'',0,1500,,'',0,5300,,'',0,1400,,'',0,1500,,'',0,1500,,'',0,5500,,'',0,1400,,'',0,1500,,'',0,1600,,'',0,5500,,'',0,1300,,'',0,1200,,'',0,1000,,'',0,1200,,'',0,5200,,'',0,1200,,'',0,1200,,'',0,1200,,'',0,1200,,'',0,5100,,'',0,1200,,'',0,1300,,'',0,1200,,'',0,1200,,'',0,5200,,'',0,1200,,'',0,1500,,'',0,1500,,'',0,5500,,'',0,1500,,'',0,2400,,'',0,6000,,'',0,2200,,'',0,2200,,'',0,6100,,'',0,2000,,'',0,1900,,'',0,6000,,'',0,2000,,'',0,2000,,'',0,6000,,'',0,2000,,'',0,2000,,'',0,6000,,'',0,2000,,'',0,2100,,'',0,5500,,'',0,3300,,'',0,7000,0,'Downtown',0
'3merged13993357',661700,63700,4,'',0,7100,4,'',0,3200,4,'',0,7000,4,'',0,3000,4,'',0,7400,4,'',0,2500,4,'',0,6500,4,'',0,2300,4,'',0,2100,4,'',0,6300,4,'',0,2000,4,'',0,1700,4,'',0,5500,4,'',0,1500,4,'',0,1500,4,'',0,1500,4,'',0,5500,4,'',0,1600,4,'',0,1500,4,'',0,1500,4,'',0,5500,4,'',0,1600,4,'',0,1500,4,'',0,1500,4,'',0,5500,4,'',0,1500,4,'',0,1500,4,'',0,1500,4,'',0,5500,4,'',0,1500,4,'',0,1500,4,'',0,1400,4,'',0,5600,4,'',0,1500,4,'',0,1500,4,'',0,1400,4,'',0,5500,4,'',0,1500,4,'',0,1500,4,'',0,1500,4,'',0,5500,4,'',0,1600,4,'',0,1900,4,'',0,2000,4,'',0,6000,4,'',0,1900,4,'',0,2000,4,'',0,6000,4,'',0,1800,4,'',0,2000,4,'',0,6000,4,'',0,2000,4,'',0,2000,4,'',0,6000,4,'',0,2000,4,'',0,2000,4,'',0,6000,4,'',0,1800,4,'',0,6900,4,'',0,3000,4,'',0
'3merged13993357',661701,61200,,'',0,3400,,'',0,6700,,'',0,3200,,'',0,7000,,'',0,2200,,'',0,1900,,'',0,6100,,'',0,2000,,'',0,1900,,'',0,6000,,'',0,1600,,'',0,1500,,'',0,5500,,'',0,1500,,'',0,1300,,'',0,1500,,'',0,5500,,'',0,1500,,'',0,1300,,'',0,1500,,'',0,1500,,'',0,5500,,'',0,1500,,'',0,1500,,'',0,1500,,'',0,5500,,'',0,1500,,'',0,1500,,'',0,1500,,'',0,5400,,'',0,1500,,'',0,1500,,'',0,1500,,'',0,5600,,'',0,1500,,'',0,1500,,'',0,1500,,'',0,5500,,'',0,1600,,'',0,1500,,'',0,5800,,'',0,2200,,'',0,2000,,'',0,6300,,'',0,2000,,'',0,2000,,'',0,6000,,'',0,2000,,'',0,2200,,'',0,6000,,'',0,2200,,'',0,2000,,'',0,6000,,'',0,2000,,'',0,2000,,'',0,6000,,'',0,2000,,'',0,2000,,'',0,5800,,'',0,3000,,'',0,8400,0,'Downtown',0
