'1',672600,61000,4,'',0,3000,4,'',0,7000,4,'',0,3100,4,'',0,7200,4,'',0,3100,4,'',0,7200,4,'',0,2300,4,'',0,7500,4,'',0,3000,4,'',0,7000,4,'',0,3000,4,'',0,7000,4,'',0,3100,4,'',0,7000,4,'',0,3200,4,'',0,7000,4,'',0,3200,4,'',0,7200,4,'',0,3000,4,'',0,7600,4,'',0,7300,4,'',0,3200,4,'',0,6800,4,'',0,2600,4,'',0,2300,4,'',0,6700,4,'',0,2700,4,'',0,6700,4,'',0,2800,4,'',0,6900,4,'',0,2700,4,'',0,7000,4,'',0,3000,4,'',0,9800,4,'',0
'1',672601,61900,,'',0,2800,,'',0,6900,,'',0,3000,,'',0,7200,,'',0,3100,,'',0,7200,,'',0,3300,,'',0,7000,,'',0,3000,,'',0,7000,,'',0,2900,,'',0,7000,,'',0,2900,,'',0,7100,,'',0,3000,,'',0,6900,,'',0,2600,,'',0,6400,,'',0,2700,,'',0,7000,,'',0,3000,,'',0,6600,,'',0,3500,,'',0,8000,,'',0,3500,,'',0,7200,,'',0,3200,,'',0,7000,0,'Brighouse Sta',0,7200,0,'Brighouse Sta',0,3400,0,'Brighouse Sta',0,10900,0,'Brighouse Sta',0,11200,0,'Brighouse Sta',0
'2',672600,63600,4,'',0,8800,4,'',0,9000,4,'',0,9000,4,'',0,4000,4,'',0,7300,4,'',0,3000,4,'',0,7100,4,'',0,3000,4,'',0,7000,4,'',0,3200,4,'',0,6900,4,'',0,2900,4,'',0,7200,4,'',0,3000,4,'',0,6900,4,'',0,3100,4,'',0,7200,4,'',0,3100,4,'',0,7000,4,'',0,2800,4,'',0,6700,4,'',0,3000,4,'',0,6800,4,'',0,2700,4,'',0,6900,4,'',0,2400,4,'',0,9700,4,'',0,10000,4,'',0,10000,4,'',0
'2',672601,64100,,'',0,9800,,'',0,6900,,'',0,3100,,'',0,6800,,'',0,2900,,'',0,6800,,'',0,2900,,'',0,6900,,'',0,2800,,'',0,2800,,'',0,7000,,'',0,3000,,'',0,7000,,'',0,3000,,'',0,7000,,'',0,3000,,'',0,7000,,'',0,3100,,'',0,7200,,'',0,7000,,'',0,3100,,'',0,7100,,'',0,3000,,'',0,7400,,'',0,3000,,'',0,10400,0,'Brighouse Sta',0,9900,0,'Brighouse Sta',0,10100,0,'Brighouse Sta',0,10500,0,'Brighouse Sta',0
'3',672600,82200,4,'',0,10200,4,'',0,8500,4,'',0,3000,4,'',0,7400,4,'',0,3400,4,'',0,7300,4,'',0,3300,4,'',0,7000,4,'',0,3000,4,'',0,7000,4,'',0,3000,4,'',0,7200,4,'',0,3000,4,'',0,6900,4,'',0,2900,4,'',0,6900,4,'',0,2700,4,'',0,6800,4,'',0,2800,4,'',0,6700,4,'',0,3100,4,'',0,9500,4,'',0,9700,4,'',0,9800,4,'',0,9700,4,'',0
'3',672601,75900,,'',0,7700,,'',0,7200,,'',0,3400,,'',0,7200,,'',0,3000,,'',0,6800,,'',0,3100,,'',0,7100,,'',0,3000,,'',0,7000,,'',0,2800,,'',0,6800,,'',0,2800,,'',0,6600,,'',0,2800,,'',0,7000,,'',0,3000,,'',0,7400,,'',0,3000,,'',0,7500,,'',0,3900,0,'Brighouse Sta',0,9800,0,'Brighouse Sta',0,9700,0,'Brighouse Sta',0,10000,0,'Brighouse Sta',0,9700,0,'Brighouse Sta',0,10600,0,'Brighouse Sta',0
'1',672700,62000,4,'',0,2000,4,'',0,6200,4,'',0,2400,4,'',0,2200,4,'',0,6200,4,'',0,1800,4,'',0,2200,4,'',0,6600,4,'',0,4000,4,'',0,6500,4,'',0,10000,4,'',0,10200,4,'',0,10000,4,'',0,9700,4,'',0,9000,4,'',0,3100,4,'',0,6200,4,'',0,2200,4,'',0,7700,4,'',0,1800,4,'',0,1900,4,'',0,1900,4,'',0,5700,4,'',0,1500,4,'',0,7000,4,'',0,2500,4,'',0,2600,4,'',0,6800,4,'',0,3100,4,'',0,7100,4,'',0,3200,4,'',0,8400,4,'',0,6800,4,'',0,3200,4,'',0,9400,4,'',0,10200,4,'',0
'1',672701,61100,,'',0,1700,,'',0,2200,,'',0,6200,,'',0,1900,,'',0,2200,,'',0,6200,,'',0,2000,,'',0,2200,,'',0,7100,,'',0,7300,,'',0,2900,,'',0,10000,,'',0,10000,,'',0,10000,,'',0,10000,,'',0,1300,,'',0,6300,,'',0,1400,,'',0,1400,,'',0,2100,,'',0,5900,,'',0,1900,,'',0,2000,,'',0,5700,,'',0,1700,,'',0,2200,,'',0,6400,,'',0,2500,,'',0,6800,,'',0,2600,,'',0,2500,,'',0,6900,,'',0,3000,,'',0,7000,,'',0,7400,,'',0,4200,,'',0,6900,,'',0,3500,,'',0,9600,,'',0,10000,,'',0
'101',672700,164400,4,'',0
'2',672700,80300,4,'',0,9900,4,'',0,11100,4,'',0,10000,4,'',0,10600,4,'',0,10000,4,'',0,10400,4,'',0,10000,4,'',0,9900,4,'',0,10100,4,'',0,10000,4,'',0,9800,4,'',0,9500,4,'',0,2700,4,'',0,6900,4,'',0,2800,4,'',0,7000,4,'',0,2600,4,'',0,6500,4,'',0,3600,4,'',0,10300,4,'',0,9600,4,'',0
'2',672701,71300,,'',0,11000,,'',0,10800,,'',0,9600,,'',0,9900,,'',0,9800,,'',0,10300,,'',0,9800,,'',0,9900,,'',0,10300,,'',0,10100,,'',0,9700,,'',0,10200,,'',0,3200,,'',0,7100,,'',0,7000,,'',0,3000,,'',0,7200,,'',0,10400,,'',0,3800,,'',0,10100,,'',0,9700,0,'Lansdowne Sta',0
'201',672700,164400,4,'',0
'3',672700,81900,4,'',0,10300,4,'',0,9500,4,'',0,9000,4,'',0,9500,4,'',0,5200,4,'',0,10100,4,'',0,14500,4,'',0,10000,4,'',0,5900,4,'',0,9100,4,'',0,6800,4,'',0,3000,4,'',0,6900,4,'',0,3000,4,'',0,6800,4,'',0,2800,4,'',0,6900,4,'',0,3000,4,'',0,6800,4,'',0,3000,4,'',0,6800,4,'',0,2000,4,'',0,9900,4,'',0,10400,4,'',0
'3',672701,73700,,'',0,10200,,'',0,10000,,'',0,8900,,'',0,9100,,'',0,9600,,'',0,10000,,'',0,9900,,'',0,10100,,'',0,10200,,'',0,10200,,'',0,3600,,'',0,7000,,'',0,3100,,'',0,6800,,'',0,3000,,'',0,7100,,'',0,3000,,'',0,7000,,'',0,3000,,'',0,9100,,'',0,9700,,'',0,9900,,'',0,10000,0,'Lansdowne Sta',0
