'101merged13526185',664901,164300,4,'',0
'1merged13526174',664900,43500,,'',0,6600,,'',0,2100,,'',0,1400,,'',0,1400,,'',0,5500,,'',0,1500,,'',0,1500,,'',0,1500,,'',0,5500,,'',0,1500,,'',0,1500,,'',0,1500,,'',0,5500,,'',0,1500,,'',0,1500,,'',0,1500,,'',0,5500,,'',0,1500,,'',0,1500,,'',0,1500,,'',0,5400,,'',0,1500,,'',0,1500,,'',0,1500,,'',0,5500,,'',0,1400,,'',0,1500,,'',0,1500,,'',0,5500,,'',0,1500,,'',0,1500,,'',0,1500,,'',0,5500,,'',0,1500,,'',0,1500,,'',0,1500,,'',0,5500,,'',0,1500,,'',0,1500,,'',0,1400,,'',0,5600,,'',0,1500,,'',0,1500,,'',0,1500,,'',0,5500,,'',0,1500,,'',0,1500,,'',0,1500,,'',0,5500,,'',0,1500,,'',0,1500,,'',0,1500,,'',0,5400,,'',0,1600,,'',0,1500,,'',0,1400,,'',0,5400,,'',0,1500,,'',0,1500,,'',0,1600,,'',0,5600,,'',0,1300,,'',0,1400,,'',0,1500,,'',0,5500,,'',0,1500,,'',0,2700,,'',0,7200,,'',0,3400,,'',0,7200,,'',0,3000,,'',0,7200,,'',0,3100,,'',0,7300,,'',0
'1merged13526174',664901,54500,4,'',0,1000,4,'',0,5000,4,'',0,1500,4,'',0,1700,4,'',0,1700,4,'',0,5700,4,'',0,1500,4,'',0,1600,4,'',0,1200,4,'',0,5200,4,'',0,1300,4,'',0,1300,4,'',0,1600,4,'',0,5700,4,'',0,1300,4,'',0,1200,4,'',0,1300,4,'',0,1500,4,'',0,5400,4,'',0,1500,4,'',0,1500,4,'',0,1500,4,'',0,5500,4,'',0,1500,4,'',0,1500,4,'',0,1500,4,'',0,5500,4,'',0,1500,4,'',0,1500,4,'',0,1500,4,'',0,5500,4,'',0,1500,4,'',0,1500,4,'',0,1500,4,'',0,5500,4,'',0,1500,4,'',0,1500,4,'',0,1500,4,'',0,5600,4,'',0,1300,4,'',0,1400,4,'',0,1600,4,'',0,5700,4,'',0,1500,4,'',0,3000,4,'',0,5500,4,'',0,1500,4,'',0,1500,4,'',0,1200,4,'',0,5300,4,'',0,1400,4,'',0,1500,4,'',0,1500,4,'',0,5400,4,'',0,1500,4,'',0,2100,4,'',0,1600,4,'',0,5300,4,'',0,1400,4,'',0,1500,4,'',0,1500,4,'',0,5500,4,'',0,1400,4,'',0,1300,4,'',0,7100,4,'',0,3500,4,'',0,7000,4,'',0,3200,4,'',0,7200,4,'',0,3100,4,'',0,7200,4,'',0,3000,4,'',0,7000,4,'',0
'201',664901,164300,4,'',0
'2merged13526179',664900,43900,,'',0,8900,,'',0,7200,,'',0,3200,,'',0,6900,,'',0,3400,,'',0,7000,,'',0,1300,,'',0,1800,,'',0,1200,,'',0,5500,,'',0,1500,,'',0,1500,,'',0,1500,,'',0,5700,,'',0,1700,,'',0,1500,,'',0,1700,,'',0,5500,,'',0,1500,,'',0,1500,,'',0,1500,,'',0,5500,,'',0,1500,,'',0,1500,,'',0,1700,,'',0,5500,,'',0,1600,,'',0,1500,,'',0,1600,,'',0,5600,,'',0,1500,,'',0,1500,,'',0,1300,,'',0,5400,,'',0,1400,,'',0,1400,,'',0,1400,,'',0,5500,,'',0,1600,,'',0,1600,,'',0,1500,,'',0,5500,,'',0,1300,,'',0,1500,,'',0,1500,,'',0,5500,,'',0,1500,,'',0,1500,,'',0,1400,,'',0,5500,,'',0,1400,,'',0,1500,,'',0,1400,,'',0,5500,,'',0,1500,,'',0,1400,,'',0,1500,,'',0,5500,,'',0,1500,,'',0,2800,,'',0,7000,,'',0,3000,,'',0,7000,,'',0,3000,,'',0,7000,,'',0,2000,,'',0,7300,,'',0
'2merged13526179',664901,62700,4,'',0,2900,4,'',0,7400,4,'',0,7000,4,'',0,3100,4,'',0,1200,4,'',0,1500,4,'',0,5500,4,'',0,1500,4,'',0,1500,4,'',0,1500,4,'',0,5700,4,'',0,1500,4,'',0,1500,4,'',0,5500,4,'',0,1500,4,'',0,1500,4,'',0,1500,4,'',0,5500,4,'',0,1900,4,'',0,1500,4,'',0,1400,4,'',0,5500,4,'',0,1600,4,'',0,1500,4,'',0,1500,4,'',0,5600,4,'',0,1500,4,'',0,1400,4,'',0,1300,4,'',0,5500,4,'',0,1400,4,'',0,1500,4,'',0,1500,4,'',0,5500,4,'',0,1500,4,'',0,1600,4,'',0,1500,4,'',0,5500,4,'',0,1300,4,'',0,1500,4,'',0,1500,4,'',0,5600,4,'',0,1600,4,'',0,1500,4,'',0,1500,4,'',0,5500,4,'',0,1400,4,'',0,1500,4,'',0,1200,4,'',0,1500,4,'',0,5500,4,'',0,1300,4,'',0,1300,4,'',0,1500,4,'',0,5500,4,'',0,1500,4,'',0,1500,4,'',0,7000,4,'',0,3000,4,'',0,7000,4,'',0,3000,4,'',0,7000,4,'',0,2300,4,'',0,7300,4,'',0,2600,4,'',0,8100,4,'',0
'3merged13526178',664900,55800,,'',0,7000,,'',0,3000,,'',0,7000,,'',0,3000,,'',0,7200,,'',0,7000,,'',0,1500,,'',0,1300,,'',0,1500,,'',0,1500,,'',0,5500,,'',0,1500,,'',0,1500,,'',0,1500,,'',0,5500,,'',0,1500,,'',0,1500,,'',0,1500,,'',0,5500,,'',0,1500,,'',0,1500,,'',0,1500,,'',0,5600,,'',0,1500,,'',0,1500,,'',0,1500,,'',0,5500,,'',0,1500,,'',0,1500,,'',0,1500,,'',0,5500,,'',0,1500,,'',0,1500,,'',0,1500,,'',0,5500,,'',0,1500,,'',0,1500,,'',0,1500,,'',0,5500,,'',0,1500,,'',0,1400,,'',0,1500,,'',0,5400,,'',0,1500,,'',0,1500,,'',0,1500,,'',0,5500,,'',0,1500,,'',0,1500,,'',0,1500,,'',0,5500,,'',0,1500,,'',0,1500,,'',0,1500,,'',0,5300,,'',0,3000,,'',0,7000,,'',0,3000,,'',0,7000,,'',0,3000,,'',0,7000,,'',0,3000,,'',0,7000,,'',0
'3merged13526178',664901,62500,4,'',0,3000,4,'',0,7100,4,'',0,3000,4,'',0,7200,4,'',0,3000,4,'',0,6500,4,'',0,1500,4,'',0,1500,4,'',0,5600,4,'',0,1500,4,'',0,1600,4,'',0,1500,4,'',0,5500,4,'',0,1500,4,'',0,1500,4,'',0,1500,4,'',0,5500,4,'',0,1500,4,'',0,1500,4,'',0,1500,4,'',0,5700,4,'',0,1500,4,'',0,1500,4,'',0,1500,4,'',0,5500,4,'',0,1500,4,'',0,1500,4,'',0,1500,4,'',0,5500,4,'',0,1500,4,'',0,1400,4,'',0,1600,4,'',0,5500,4,'',0,1500,4,'',0,1500,4,'',0,1500,4,'',0,5500,4,'',0,1500,4,'',0,1300,4,'',0,1500,4,'',0,5500,4,'',0,1500,4,'',0,1500,4,'',0,1500,4,'',0,5300,4,'',0,1500,4,'',0,1500,4,'',0,1500,4,'',0,5500,4,'',0,1500,4,'',0,1500,4,'',0,1500,4,'',0,5500,4,'',0,1500,4,'',0,1500,4,'',0,7000,4,'',0,2900,4,'',0,7000,4,'',0,2800,4,'',0,7000,4,'',0,3000,4,'',0,7500,4,'',0
'1merged13526174',665201,155900,4,'',0,6800,4,'',0,19900,4,'',0
'1merged13526174',665401,152700,4,'',0
