'1',683800,265500,4,'',0,6000,4,'',0,2000,4,'',0,9100,4,'',0,2500,4,'',0,7000,4,'',0,3800,4,'',0
'1',683801,245500,,'',0,6900,,'',0,3000,,'',0,7000,,'',0,8200,,'',0,1800,,'',0,2900,,'',0,8000,,'',0,7000,,'',0
'1101',683800,275500,4,'',0
'1201',683800,275500,4,'',0
'2',683800,265700,4,'',0,5400,4,'',0,2000,4,'',0,2600,4,'',0,7000,4,'',0,3000,4,'',0,6700,4,'',0,2700,4,'',0
'2',683801,252400,,'',0,3000,,'',0,6800,,'',0,2000,,'',0,6600,,'',0,1400,,'',0,2000,,'',0,7000,,'',0,3000,,'',0,6900,,'',0
'3',683800,264900,4,'',0,7000,4,'',0,3000,4,'',0,8000,4,'',0,2000,4,'',0,7100,4,'',0,3000,4,'',0
'3',683801,252200,,'',0,3000,,'',0,7000,,'',0,8000,,'',0,1700,,'',0,3400,,'',0,7000,,'',0,8000,,'',0
'1',3780700,51600,4,'',0,2600,4,'',0,7300,4,'',0,1200,4,'',0,1100,4,'',0,900,4,'',0,1000,4,'',0,200,4,'',0,5000,4,'',0,600,4,'',0,600,4,'',0,500,4,'',0,400,4,'',0,600,4,'',0,900,4,'',0,200,4,'',0,900,4,'',0,4600,4,'',0,700,4,'',0,600,4,'',0,600,4,'',0,600,4,'',0,600,4,'',0,600,4,'',0,800,4,'',0,600,4,'',0,4700,4,'',0,600,4,'',0,600,4,'',0,500,4,'',0,600,4,'',0,600,4,'',0,600,4,'',0,700,4,'',0,700,4,'',0,800,4,'',0,4900,4,'',0,700,4,'',0,800,4,'',0,900,4,'',0,1200,4,'',0,1400,4,'',0,5200,4,'',0,1300,4,'',0,1200,4,'',0,1200,4,'',0,1200,4,'',0,5200,4,'',0,1200,4,'',0,1200,4,'',0,1500,4,'',0,5200,4,'',0,1200,4,'',0,1100,4,'',0,1200,4,'',0,1200,4,'',0,1200,4,'',0,5200,4,'',0,1400,4,'',0,1200,4,'',0,1200,4,'',0,5300,4,'',0,1200,4,'',0,1000,4,'',0,1000,4,'',0,1000,4,'',0,800,4,'',0,4800,4,'',0,800,4,'',0,800,4,'',0,800,4,'',0,700,4,'',0,600,4,'',0,600,4,'',0,600,4,'',0,600,4,'',0,4600,4,'',0,600,4,'',0,600,4,'',0,600,4,'',0,600,4,'',0,600,4,'',0,600,4,'',0,600,4,'',0,600,4,'',0,600,4,'',0,4700,4,'',0,800,4,'',0,700,4,'',0,600,4,'',0,700,4,'',0,800,4,'',0,700,4,'',0,800,4,'',0,4700,4,'',0,1000,4,'',0,1000,4,'',0,1000,4,'',0,1300,4,'',0,1200,4,'',0,5500,4,'',0,1700,4,'',0,1300,4,'',0,1500,4,'',0,5500,4,'',0,1500,4,'',0,1500,4,'',0,1200,4,'',0,5500,4,'',0,1500,4,'',0,1500,4,'',0,1300,4,'',0,5500,4,'',0,1500,4,'',0,1500,4,'',0,1400,4,'',0,5500,4,'',0,1500,4,'',0,1500,4,'',0,1400,4,'',0,6000,4,'',0,2000,4,'',0,2000,4,'',0,6400,4,'',0
'1',3780701,52100,,'',0,3000,,'',0,6900,,'',0,1200,,'',0,1200,,'',0,1000,,'',0,4800,,'',0,600,,'',0,600,,'',0,600,,'',0,600,,'',0,800,,'',0,600,,'',0,600,,'',0,600,,'',0,600,,'',0,4600,,'',0,600,,'',0,600,,'',0,600,,'',0,600,,'',0,600,,'',0,600,,'',0,600,,'',0,700,,'',0,4700,,'',0,1000,,'',0,1000,,'',0,1000,,'',0,1000,,'',0,1000,,'',0,5200,,'',0,1200,,'',0,1200,,'',0,1200,,'',0,1200,,'',0,5200,,'',0,1200,,'',0,1200,,'',0,1200,,'',0,1200,,'',0,5200,,'',0,1200,,'',0,1200,,'',0,1200,,'',0,1200,,'',0,5200,,'',0,1200,,'',0,1200,,'',0,1100,,'',0,1100,,'',0,1100,,'',0,5400,,'',0,1000,,'',0,1400,,'',0,1200,,'',0,5200,,'',0,1200,,'',0,1200,,'',0,800,,'',0,800,,'',0,800,,'',0,800,,'',0,4800,,'',0,800,,'',0,800,,'',0,800,,'',0,800,,'',0,700,,'',0,700,,'',0,800,,'',0,4700,,'',0,800,,'',0,500,,'',0,1000,,'',0,700,,'',0,800,,'',0,700,,'',0,800,,'',0,4800,,'',0,1500,,'',0,1500,,'',0,1500,,'',0,5500,,'',0,1500,,'',0,1500,,'',0,1500,,'',0,5500,,'',0,1500,,'',0,1500,,'',0,1500,,'',0,5500,,'',0,1500,,'',0,1500,,'',0,1500,,'',0,5500,,'',0,1500,,'',0,1500,,'',0,1500,,'',0,5500,,'',0,1700,,'',0,2000,,'',0,6000,,'',0,2000,,'',0,2000,,'',0
'2',3780700,50800,4,'',0,9500,4,'',0,2500,4,'',0,3000,4,'',0,4900,4,'',0,1800,4,'',0,1600,4,'',0,1600,4,'',0,5500,4,'',0,1500,4,'',0,1600,4,'',0,300,4,'',0,5500,4,'',0,1500,4,'',0,1500,4,'',0,1900,4,'',0,5500,4,'',0,1600,4,'',0,1500,4,'',0,1500,4,'',0,5500,4,'',0,1600,4,'',0,1500,4,'',0,1500,4,'',0,5500,4,'',0,1900,4,'',0,1500,4,'',0,1500,4,'',0,5500,4,'',0,1500,4,'',0,1500,4,'',0,1600,4,'',0,5500,4,'',0,1500,4,'',0,1500,4,'',0,1500,4,'',0,5500,4,'',0,1500,4,'',0,1500,4,'',0,1300,4,'',0,300,4,'',0,5500,4,'',0,1100,4,'',0,1200,4,'',0,1200,4,'',0,5200,4,'',0,1200,4,'',0,1100,4,'',0,1200,4,'',0,1200,4,'',0,1200,4,'',0,5200,4,'',0,1200,4,'',0,1200,4,'',0,1200,4,'',0,1000,4,'',0,5100,4,'',0,1100,4,'',0,1200,4,'',0,1200,4,'',0,1200,4,'',0,5200,4,'',0,1200,4,'',0,1200,4,'',0,1200,4,'',0,700,4,'',0,5200,4,'',0,1200,4,'',0,1200,4,'',0,1200,4,'',0,1200,4,'',0,5200,4,'',0,1500,4,'',0,1200,4,'',0,1000,4,'',0,1200,4,'',0,5200,4,'',0,1200,4,'',0,1200,4,'',0,1400,4,'',0,1600,4,'',0,5500,4,'',0,1500,4,'',0,1300,4,'',0,1500,4,'',0,5500,4,'',0,1500,4,'',0,1500,4,'',0,1600,4,'',0,6900,4,'',0
'2',3780701,51300,,'',0,9500,,'',0,2500,,'',0,7000,,'',0,1500,,'',0,1500,,'',0,1500,,'',0,5500,,'',0,1500,,'',0,1500,,'',0,1500,,'',0,5500,,'',0,1500,,'',0,1500,,'',0,1500,,'',0,5500,,'',0,1500,,'',0,1500,,'',0,1500,,'',0,5500,,'',0,1500,,'',0,1500,,'',0,1500,,'',0,5500,,'',0,1500,,'',0,1500,,'',0,1500,,'',0,5500,,'',0,1500,,'',0,1500,,'',0,1500,,'',0,5500,,'',0,1500,,'',0,1500,,'',0,1500,,'',0,5500,,'',0,1500,,'',0,1500,,'',0,1500,,'',0,5500,,'',0,1200,,'',0,1200,,'',0,1200,,'',0,1200,,'',0,5200,,'',0,1200,,'',0,1200,,'',0,1200,,'',0,1200,,'',0,5200,,'',0,1200,,'',0,1300,,'',0,1100,,'',0,1200,,'',0,5200,,'',0,1200,,'',0,1200,,'',0,1200,,'',0,1200,,'',0,5200,,'',0,1200,,'',0,1200,,'',0,1200,,'',0,1200,,'',0,5200,,'',0,1200,,'',0,1200,,'',0,1200,,'',0,1200,,'',0,5200,,'',0,1500,,'',0,1500,,'',0,1500,,'',0,5500,,'',0,1800,,'',0,1800,,'',0,1700,,'',0,5700,,'',0,1700,,'',0,1800,,'',0,5700,,'',0
'3',3780700,50800,4,'',0,9200,4,'',0,2800,4,'',0,2200,4,'',0,5400,4,'',0,1800,4,'',0,1500,4,'',0,400,4,'',0,1500,4,'',0,5500,4,'',0,1700,4,'',0,1500,4,'',0,5700,4,'',0,1500,4,'',0,1500,4,'',0,1500,4,'',0,5500,4,'',0,1900,4,'',0,1500,4,'',0,1400,4,'',0,5500,4,'',0,1600,4,'',0,1500,4,'',0,1400,4,'',0,500,4,'',0,5500,4,'',0,1500,4,'',0,1500,4,'',0,1400,4,'',0,5500,4,'',0,1700,4,'',0,1500,4,'',0,1500,4,'',0,5500,4,'',0,1500,4,'',0,1500,4,'',0,1500,4,'',0,5500,4,'',0,1400,4,'',0,1500,4,'',0,1500,4,'',0,5500,4,'',0,1500,4,'',0,1500,4,'',0,1200,4,'',0,5100,4,'',0,1200,4,'',0,1200,4,'',0,1200,4,'',0,1200,4,'',0,5100,4,'',0,1200,4,'',0,1200,4,'',0,1100,4,'',0,1200,4,'',0,1200,4,'',0,5200,4,'',0,2300,4,'',0,1100,4,'',0,5500,4,'',0,1500,4,'',0,1500,4,'',0,1600,4,'',0,5500,4,'',0,1400,4,'',0,1500,4,'',0,1500,4,'',0,5500,4,'',0,1500,4,'',0,1500,4,'',0,1200,4,'',0,1500,4,'',0,5500,4,'',0,1500,4,'',0,1500,4,'',0,1500,4,'',0,5500,4,'',0,1500,4,'',0,1000,4,'',0,1500,4,'',0,5500,4,'',0,1500,4,'',0,1500,4,'',0,1800,4,'',0,6700,4,'',0
'3',3780701,51300,,'',0,9200,,'',0,2800,,'',0,2400,,'',0,5500,,'',0,1500,,'',0,1500,,'',0,1500,,'',0,5500,,'',0,1500,,'',0,1500,,'',0,1500,,'',0,5500,,'',0,1500,,'',0,1500,,'',0,1500,,'',0,5500,,'',0,1500,,'',0,1400,,'',0,1300,,'',0,5500,,'',0,1500,,'',0,1500,,'',0,1500,,'',0,5400,,'',0,1500,,'',0,1500,,'',0,1500,,'',0,5500,,'',0,1500,,'',0,1500,,'',0,1500,,'',0,5500,,'',0,1500,,'',0,1500,,'',0,1500,,'',0,5500,,'',0,1500,,'',0,1500,,'',0,1500,,'',0,5500,,'',0,1200,,'',0,1200,,'',0,1200,,'',0,1200,,'',0,5200,,'',0,1200,,'',0,1200,,'',0,1200,,'',0,1200,,'',0,5200,,'',0,1200,,'',0,1200,,'',0,1200,,'',0,1200,,'',0,5300,,'',0,1500,,'',0,1500,,'',0,1500,,'',0,5500,,'',0,1500,,'',0,1500,,'',0,1500,,'',0,5500,,'',0,1400,,'',0,1500,,'',0,1500,,'',0,5500,,'',0,1500,,'',0,1500,,'',0,1500,,'',0,5500,,'',0,1500,,'',0,1500,,'',0,2000,,'',0,6000,,'',0,2000,,'',0,2000,,'',0
