'1merged13993356',672201,45500,4,'',0,6000,4,'',0,1800,4,'',0,7100,4,'',0,1500,4,'',0,1500,4,'',0,1600,4,'',0,5700,4,'',0,1500,4,'',0,1700,4,'',0,1700,4,'',0,5600,4,'',0,1600,4,'',0,1500,4,'',0,1500,4,'',0,5500,4,'',0,1600,4,'',0,1500,4,'',0,1500,4,'',0,5500,4,'',0,1500,4,'',0,1500,4,'',0,1500,4,'',0,5500,4,'',0,1500,4,'',0,1500,4,'',0,5700,4,'',0,1500,4,'',0,1500,4,'',0,1500,4,'',0,5500,4,'',0,1500,4,'',0,1500,4,'',0,1500,4,'',0,5400,4,'',0,1400,4,'',0,1400,4,'',0,1400,4,'',0,1700,4,'',0,5500,4,'',0,1500,4,'',0,1500,4,'',0,1500,4,'',0,5600,4,'',0,1600,4,'',0,1500,4,'',0,5500,4,'',0,1500,4,'',0,1500,4,'',0,1500,4,'',0,5600,4,'',0,1600,4,'',0,1600,4,'',0,1500,4,'',0,5300,4,'',0,1500,4,'',0,1300,4,'',0,1500,4,'',0,6700,4,'',0,3300,4,'',0,7000,4,'',0,3000,4,'',0,7000,4,'',0,3100,4,'',0,7000,4,'',0,10000,4,'',0,19800,4,'',0
'2merged13993358',672201,55600,4,'',0,7000,4,'',0,2900,4,'',0,7100,4,'',0,2200,4,'',0,6000,4,'',0,1600,4,'',0,1500,4,'',0,1700,4,'',0,5500,4,'',0,1500,4,'',0,1500,4,'',0,1600,4,'',0,5500,4,'',0,1500,4,'',0,1500,4,'',0,1500,4,'',0,5500,4,'',0,1500,4,'',0,1500,4,'',0,1500,4,'',0,5500,4,'',0,1700,4,'',0,1500,4,'',0,1500,4,'',0,5500,4,'',0,1500,4,'',0,1500,4,'',0,1500,4,'',0,5500,4,'',0,1500,4,'',0,1500,4,'',0,1500,4,'',0,5500,4,'',0,1600,4,'',0,1500,4,'',0,5500,4,'',0,1500,4,'',0,1500,4,'',0,1500,4,'',0,5500,4,'',0,1500,4,'',0,1500,4,'',0,1500,4,'',0,1400,4,'',0,5500,4,'',0,1500,4,'',0,1500,4,'',0,7600,4,'',0,2000,4,'',0,1800,4,'',0,6000,4,'',0,1900,4,'',0,2200,4,'',0,6200,4,'',0,2200,4,'',0,7000,4,'',0,3000,4,'',0,7000,4,'',0,9800,4,'',0,9700,4,'',0,10100,4,'',0
'3merged13993357',672201,55900,4,'',0,7000,4,'',0,3000,4,'',0,7200,4,'',0,7000,4,'',0,3000,4,'',0,2200,4,'',0,6000,4,'',0,2100,4,'',0,2000,4,'',0,6000,4,'',0,2000,4,'',0,2000,4,'',0,6000,4,'',0,2000,4,'',0,2500,4,'',0,6100,4,'',0,2000,4,'',0,6000,4,'',0,2000,4,'',0,2000,4,'',0,6200,4,'',0,2000,4,'',0,2000,4,'',0,5900,4,'',0,2000,4,'',0,2000,4,'',0,6000,4,'',0,2000,4,'',0,2000,4,'',0,6000,4,'',0,2000,4,'',0,2000,4,'',0,6000,4,'',0,2000,4,'',0,2000,4,'',0,1800,4,'',0,6000,4,'',0,2000,4,'',0,2000,4,'',0,6000,4,'',0,1900,4,'',0,8000,4,'',0,3000,4,'',0,7000,4,'',0,2700,4,'',0,7200,4,'',0,9900,4,'',0,10000,4,'',0,9700,4,'',0
'1merged13993356',672301,55100,4,'',0,7000,4,'',0,1700,4,'',0,1300,4,'',0,5500,4,'',0,1500,4,'',0,1700,4,'',0,1500,4,'',0,5700,4,'',0,1500,4,'',0,1600,4,'',0,1500,4,'',0,5600,4,'',0,1500,4,'',0,1500,4,'',0,1500,4,'',0,6100,4,'',0,2500,4,'',0,6500,4,'',0,2600,4,'',0,6800,4,'',0,2900,4,'',0,7100,4,'',0,3000,4,'',0,7000,4,'',0,3200,4,'',0,2000,4,'',0,5900,4,'',0,2200,4,'',0,1700,4,'',0,5500,4,'',0,1200,4,'',0,1500,4,'',0,1500,4,'',0,5500,4,'',0,1500,4,'',0,1700,4,'',0,1500,4,'',0,5500,4,'',0,1500,4,'',0,1300,4,'',0,7000,4,'',0,1500,4,'',0,1300,4,'',0,1600,4,'',0,6000,4,'',0,3000,4,'',0,7000,4,'',0,2900,4,'',0,7000,4,'',0,3000,4,'',0,10700,4,'',0,10400,4,'',0,15800,4,'',0
'2merged13993358',672301,62700,4,'',0,21100,4,'',0,7000,4,'',0,93400,4,'',0,7000,4,'',0,3000,4,'',0,36600,4,'',0,4500,4,'',0
'3merged13993357',672301,71100,4,'',0,10000,4,'',0,3200,4,'',0,7000,4,'',0,3200,4,'',0,7000,4,'',0,3000,4,'',0,80100,4,'',0,7000,4,'',0,3000,4,'',0,7000,4,'',0,3000,4,'',0,6800,4,'',0,2800,4,'',0,7000,4,'',0,3000,4,'',0,7000,4,'',0,2800,4,'',0,9500,4,'',0
'1merged13993356',672701,71300,4,'',0,83100,4,'',0,29500,4,'',0,6200,4,'',0,4100,4,'',0,17700,4,'',0,13000,4,'',0
'2merged13993358',672701,75700,4,'',0,19200,4,'',0,7000,4,'',0,3000,4,'',0,6800,4,'',0,3400,4,'',0,7000,4,'',0,3100,4,'',0,6800,4,'',0,3200,4,'',0,7400,4,'',0,2800,4,'',0,7600,4,'',0,2300,4,'',0,7600,4,'',0,2300,4,'',0,7900,4,'',0,2100,4,'',0,7800,4,'',0,18900,4,'',0,3000,4,'',0,6800,4,'',0,3000,4,'',0,7000,4,'',0,21000,4,'',0
'3merged13993357',672701,111100,4,'',0,3100,4,'',0,6400,4,'',0,3000,4,'',0,6900,4,'',0,3400,4,'',0,7000,4,'',0,3000,4,'',0,7000,4,'',0,3000,4,'',0,7100,4,'',0,3100,4,'',0,7100,4,'',0,3100,4,'',0,7100,4,'',0
'1merged13993356',3454201,53200,4,'',0,198200,4,'',0
