'1',670900,63220,4,'',0,7000,4,'',0,2000,4,'',0,2100,4,'',0,6000,4,'',0,2200,4,'',0,1800,4,'',0,6000,4,'',0,10200,4,'',0,10000,4,'',0,10000,4,'',0,10100,4,'',0,10000,4,'',0,10400,4,'',0,3300,4,'',0,7000,4,'',0,3000,4,'',0,7000,4,'',0,2900,4,'',0,6900,4,'',0,2900,4,'',0,6900,4,'',0,10000,4,'',0,10700,4,'',0
'2',670900,83520,4,'',0,9800,4,'',0,10300,4,'',0,10100,4,'',0,10190,4,'',0,10000,4,'',0,10200,4,'',0,10100,4,'',0,10000,4,'',0,9810,4,'',0,10000,4,'',0,10000,4,'',0,9900,4,'',0
'3',670900,110420,4,'',0,9900,4,'',0,9800,4,'',0,5800,4,'',0,14200,4,'',0,10100,4,'',0,10200,4,'',0,10200,4,'',0,10300,4,'',0,10000,4,'',0,9900,4,'',0
'1',671201,44700,,'',0,6100,,'',0,2000,,'',0,1000,,'',0,1000,,'',0,900,,'',0,5100,,'',0,900,,'',0,900,,'',0,900,,'',0,900,,'',0,800,,'',0,4800,,'',0,2200,,'',0,1000,,'',0,1210,,'',0,1000,,'',0,4700,,'',0,1000,,'',0,800,,'',0,900,,'',0,900,,'',0,1100,,'',0,1000,,'',0,5390,,'',0,1500,,'',0,1200,,'',0,1500,,'',0,5400,,'',0,1500,,'',0,1500,,'',0,1500,,'',0,5500,,'',0,1500,,'',0,1500,,'',0,1500,,'',0,5500,,'',0,1500,,'',0,1500,,'',0,1500,,'',0,5600,,'',0,1500,,'',0,1510,,'',0,1500,,'',0,5700,,'',0,1500,,'',0,1700,,'',0,1500,,'',0,5500,,'',0,1100,,'',0,1200,,'',0,1200,,'',0,800,,'',0,4700,,'',0,700,,'',0,600,,'',0,900,,'',0,700,,'',0,790,,'',0,900,,'',0,5500,,'',0,800,,'',0,800,,'',0,800,,'',0,800,,'',0,900,,'',0,900,,'',0,4900,,'',0,800,,'',0,900,,'',0,1000,,'',0,800,,'',0,1000,,'',0,5400,,'',0,1500,,'',0,1500,,'',0,1500,,'',0,5500,,'',0,1500,,'',0,1600,,'',0,2000,,'',0,5900,,'',0,2000,,'',0,1850,,'',0,6000,,'',0,2000,,'',0,1700,,'',0,6000,,'',0,2000,,'',0,1900,,'',0,6800,,'',0,2700,,'',0
'101',671201,70800,,'',0,80300,,'',0,3010,,'',0,11490,,'',0
'2',671201,63950,,'',0,7000,,'',0,3950,,'',0,6400,,'',0,2200,,'',0,2000,,'',0,6000,,'',0,2100,,'',0,2000,,'',0,6100,,'',0,2100,,'',0,2000,,'',0,6000,,'',0,2010,,'',0,2000,,'',0,6000,,'',0,1990,,'',0,2000,,'',0,6100,,'',0,2000,,'',0,1500,,'',0,5510,,'',0,1500,,'',0,1500,,'',0,1500,,'',0,5500,,'',0,1500,,'',0,1500,,'',0,1500,,'',0,5500,,'',0,1500,,'',0,1390,,'',0,1500,,'',0,5500,,'',0,1500,,'',0,1500,,'',0,1200,,'',0,5000,,'',0,1200,,'',0,1200,,'',0,1200,,'',0,1200,,'',0,5200,,'',0,1100,,'',0,1200,,'',0,1200,,'',0,1500,,'',0,5400,,'',0,1500,,'',0,1500,,'',0,1500,,'',0,5500,,'',0,2000,,'',0,1850,,'',0,6000,,'',0,2000,,'',0,1600,,'',0,2000,,'',0,6000,,'',0,2100,,'',0,2000,,'',0,6000,,'',0,3390,,'',0
'3',671201,80250,,'',0,2000,,'',0,2150,,'',0,6000,,'',0,2000,,'',0,1900,,'',0,6200,,'',0,2000,,'',0,2000,,'',0,6200,,'',0,2000,,'',0,2100,,'',0,6000,,'',0,2000,,'',0,2000,,'',0,6000,,'',0,2000,,'',0,2000,,'',0,6010,,'',0,2000,,'',0,2000,,'',0,6100,,'',0,2000,,'',0,2100,,'',0,5990,,'',0,2000,,'',0,2000,,'',0,5800,,'',0,2000,,'',0,2000,,'',0,5600,,'',0,1500,,'',0,1500,,'',0,1400,,'',0,5500,,'',0,1500,,'',0,1700,,'',0,2000,,'',0,6000,,'',0,2000,,'',0,2000,,'',0,5950,,'',0,1900,,'',0,2000,,'',0,6000,,'',0,1800,,'',0,2000,,'',0,6200,,'',0,2500,,'',0
'1',732100,70510,4,'',0,3500,4,'',0,7300,4,'',0,3100,4,'',0,7100,4,'',0,3100,4,'',0,7100,4,'',0,3200,4,'',0,7100,4,'',0,3100,4,'',0,7000,4,'',0,3500,4,'',0,7000,4,'',0,3200,4,'',0,7200,4,'',0,7300,4,'',0,3000,4,'',0,7400,4,'',0,3200,4,'',0,7000,4,'',0,2800,4,'',0,6600,4,'',0,2900,4,'',0,2200,4,'',0,6400,4,'',0,2700,4,'',0,9710,4,'',0,10400,4,'',0
'2',732100,70620,4,'',0,2000,4,'',0,3200,4,'',0,7000,4,'',0,3090,4,'',0,7000,4,'',0,7300,4,'',0,3100,4,'',0,7000,4,'',0,3200,4,'',0,7100,4,'',0,2200,4,'',0,2500,4,'',0,6100,4,'',0,2000,4,'',0,2000,4,'',0,5900,4,'',0,2100,4,'',0,2000,4,'',0,6100,4,'',0,2000,4,'',0,2000,4,'',0,6100,4,'',0,1900,4,'',0,1900,4,'',0,6000,4,'',0,1800,4,'',0,2000,4,'',0,6000,4,'',0,2000,4,'',0,2000,4,'',0,5700,4,'',0,2000,4,'',0,2000,4,'',0,10000,4,'',0,10000,4,'',0,9710,4,'',0
'3',732100,73620,4,'',0,7000,4,'',0,3000,4,'',0,7100,4,'',0,3000,4,'',0,7200,4,'',0,3200,4,'',0,7290,4,'',0,3000,4,'',0,7000,4,'',0,3400,4,'',0,6800,4,'',0,2000,4,'',0,1900,4,'',0,6000,4,'',0,1900,4,'',0,1900,4,'',0,6100,4,'',0,2000,4,'',0,1700,4,'',0,5900,4,'',0,2000,4,'',0,2200,4,'',0,6100,4,'',0,2000,4,'',0,2000,4,'',0,5900,4,'',0,2000,4,'',0,1900,4,'',0,6000,4,'',0,2900,4,'',0,7100,4,'',0,2810,4,'',0,10000,4,'',0
