'1merged13526174',661901,54350,0,'Alma',0,6000,0,'Alma',0,2000,0,'Alma',0,1500,0,'Alma',0,1500,0,'Alma',0,5670,,'',0,1200,0,'Alma',0,800,,'',0,1700,,'',0,5630,,'',0,1500,,'',0,1500,,'',0,1480,,'',0,5400,,'',0,1600,,'',0,800,,'',0,1200,,'',0,1200,,'',0,5290,,'',0,1400,,'',0,2830,0,'Alma',0,6000,0,'Alma',0,2000,0,'Alma',0,2000,0,'Alma',0,6000,0,'Alma',0,2000,0,'Alma',0,2000,0,'Alma',0,6000,0,'Alma',0,2000,0,'Alma',0,2000,0,'Alma',0,6400,0,'Alma',0,1800,,'',0,2000,,'',0,5890,,'',0,1900,,'',0,1500,,'',0,700,,'',0,5400,,'',0,700,,'',0,1200,,'',0,1200,,'',0,1200,,'',0,1210,,'',0,5300,,'',0,1300,,'',0,1400,,'',0,1400,,'',0,5400,0,'Alma',0,1260,0,'Alma',0,1100,0,'Alma',0,1640,0,'Alma',0,670,0,'Alma',0,800,0,'Alma',0,4800,0,'Alma',0,800,0,'Alma',0,1600,0,'Alma',0,800,0,'Alma',0,1710,0,'Alma',0,6000,0,'Alma',0,1100,0,'Alma',0,1500,0,'Alma',0,1500,0,'Alma',0,5500,0,'Alma',0,1370,0,'Alma',0,1500,0,'Alma',0,1500,0,'Alma',0,5500,0,'Alma',0,1420,0,'Alma',0,1500,0,'Alma',0,1500,0,'Alma',0,5500,0,'Alma',0,1300,0,'Alma',0,1500,0,'Alma',0,1500,0,'Alma',0,5500,0,'Alma',0,1400,0,'Alma',0,1130,0,'Alma',0
'2merged13526179',661901,54720,0,'Alma',0,6000,0,'Alma',0,1900,0,'Alma',0,2100,0,'Alma',0,6000,0,'Alma',0,2000,0,'Alma',0,1400,0,'Alma',0,1500,0,'Alma',0,5500,0,'Alma',0,1700,0,'Alma',0,1500,0,'Alma',0,5710,0,'Alma',0,1500,0,'Alma',0,1500,0,'Alma',0,1500,0,'Alma',0,5590,0,'Alma',0,1500,0,'Alma',0,1300,0,'Alma',0,1000,0,'Alma',0,1000,0,'Alma',0,1000,0,'Alma',0,5000,0,'Alma',0,1000,0,'Alma',0,1130,0,'Alma',0,1000,0,'Alma',0,1000,0,'Alma',0,5200,0,'Alma',0,1000,0,'Alma',0,1000,0,'Alma',0,1000,0,'Alma',0,1000,0,'Alma',0,1000,0,'Alma',0,5000,0,'Alma',0,1000,0,'Alma',0,1000,0,'Alma',0,1000,0,'Alma',0,1000,0,'Alma',0,1000,0,'Alma',0,5000,0,'Alma',0,1000,0,'Alma',0,1000,0,'Alma',0,1000,0,'Alma',0,900,0,'Alma',0,800,0,'Alma',0,900,0,'Alma',0,4800,0,'Alma',0,900,0,'Alma',0,800,0,'Alma',0,890,0,'Alma',0,800,0,'Alma',0,900,0,'Alma',0,800,0,'Alma',0,4900,0,'Alma',0,800,0,'Alma',0,900,0,'Alma',0,700,0,'Alma',0,900,0,'Alma',0,800,0,'Alma',0,900,0,'Alma',0,4800,0,'Alma',0,760,0,'Alma',0,800,0,'Alma',0,900,0,'Alma',0,900,0,'Alma',0,900,0,'Alma',0,820,0,'Alma',0,4900,0,'Alma',0,1200,0,'Alma',0,1110,0,'Alma',0,1200,0,'Alma',0,1200,0,'Alma',0,5200,0,'Alma',0,1200,0,'Alma',0,1400,0,'Alma',0,1500,0,'Alma',0,1370,0,'Alma',0,5500,0,'Alma',0,1300,0,'Alma',0,1500,0,'Alma',0,1500,0,'Alma',0,5500,0,'Alma',0,1500,0,'Alma',0,1500,0,'Alma',0,1500,0,'Alma',0,5500,0,'Alma',0,1320,0,'Alma',0,1500,0,'Alma',0,1200,0,'Alma',0,6500,0,'Alma',0,1200,0,'Alma',0,1400,0,'Alma',0,1500,0,'Alma',0,5600,0,'Alma',0,1500,0,'Alma',0,1600,0,'Alma',0
'3merged13526178',661901,53210,0,'Alma',0,2300,0,'Alma',0,6020,0,'Alma',0,2000,0,'Alma',0,2300,0,'Alma',0,6190,0,'Alma',0,2000,0,'Alma',0,6200,0,'Alma',0,1500,0,'Alma',0,1500,0,'Alma',0,1580,0,'Alma',0,5500,0,'Alma',0,1550,0,'Alma',0,1500,0,'Alma',0,1700,0,'Alma',0,5500,0,'Alma',0,1580,0,'Alma',0,1500,0,'Alma',0,1300,0,'Alma',0,5500,0,'Alma',0,1100,0,'Alma',0,1290,0,'Alma',0,800,0,'Alma',0,900,0,'Alma',0,800,0,'Alma',0,4900,0,'Alma',0,800,0,'Alma',0,900,0,'Alma',0,800,0,'Alma',0,900,0,'Alma',0,800,0,'Alma',0,900,0,'Alma',0,4800,0,'Alma',0,900,0,'Alma',0,800,0,'Alma',0,980,0,'Alma',0,900,0,'Alma',0,800,0,'Alma',0,900,0,'Alma',0,4800,0,'Alma',0,900,0,'Alma',0,800,0,'Alma',0,900,0,'Alma',0,800,0,'Alma',0,900,0,'Alma',0,800,0,'Alma',0,4900,0,'Alma',0,800,0,'Alma',0,900,0,'Alma',0,800,0,'Alma',0,900,0,'Alma',0,800,0,'Alma',0,900,0,'Alma',0,4800,0,'Alma',0,900,0,'Alma',0,900,0,'Alma',0,900,0,'Alma',0,800,0,'Alma',0,900,0,'Alma',0,800,0,'Alma',0,4800,0,'Alma',0,800,0,'Alma',0,900,0,'Alma',0,800,0,'Alma',0,900,0,'Alma',0,800,0,'Alma',0,900,0,'Alma',0,620,0,'Alma',0,4900,0,'Alma',0,1200,0,'Alma',0,1330,0,'Alma',0,1500,0,'Alma',0,5700,0,'Alma',0,1500,0,'Alma',0,1700,0,'Alma',0,1400,0,'Alma',0,5300,0,'Alma',0,1500,0,'Alma',0,1270,0,'Alma',0,1400,0,'Alma',0,5600,0,'Alma',0,1400,0,'Alma',0,1410,0,'Alma',0,1500,0,'Alma',0,1500,0,'Alma',0,5500,0,'Alma',0,1320,0,'Alma',0,1400,0,'Alma',0,1480,0,'Alma',0,5520,0,'Alma',0,1400,0,'Alma',0,1500,0,'Alma',0,1480,0,'Alma',0,5520,0,'Alma',0,1500,0,'Alma',0,1650,0,'Alma',0
'1merged13526174',683301,262530,,'',0,1700,,'',0,5800,,'',0,3300,,'',0
'2merged13526179',683301,262530,,'',0,2000,,'',0,6000,,'',0,2000,,'',0
'3merged13526178',683301,262450,,'',0,3000,,'',0,7000,,'',0
'152201merged13526182',1671801,212600,,'',0,1330,,'',0,1500,,'',0,5500,,'',0,1500,,'',0,1410,,'',0,2000,,'',0,6000,,'',0,1910,,'',0,2000,,'',0,7000,,'',0,1500,,'',0,1500,,'',0,5500,,'',0,1500,,'',0,3000,,'',0,4800,,'',0
'152301merged13526184',1671801,212600,,'',0,1330,,'',0,1500,,'',0,5500,,'',0,1500,,'',0,1410,,'',0,2000,,'',0,6000,,'',0,1910,,'',0,2000,,'',0,7000,,'',0,1500,,'',0,1500,,'',0,5500,,'',0,1500,,'',0,3000,,'',0,4800,,'',0
'152302',1671801,34750,,'',0
'152303',1671801,34550,,'',0
'1merged13526174',1671801,34550,,'',0,7000,,'',0,3500,,'',0,7000,,'',0,3000,,'',0,6200,,'',0,1400,,'',0,1400,,'',0,1100,,'',0,5400,,'',0,1660,,'',0,1300,,'',0,1400,,'',0,5500,,'',0,1920,,'',0,1600,,'',0,1700,,'',0,5420,,'',0,1500,,'',0,1300,,'',0,1300,,'',0,5500,,'',0,1500,,'',0,1500,,'',0,1580,,'',0,5500,,'',0,1680,,'',0,1500,,'',0,1600,,'',0,5500,,'',0,1500,,'',0,1500,,'',0,1540,,'',0,5500,,'',0,1800,,'',0,1500,,'',0,1370,,'',0,5500,,'',0,1600,,'',0,1630,,'',0,1500,,'',0,5400,,'',0,1400,,'',0,1200,,'',0,1200,,'',0,5300,,'',0,1100,,'',0,1000,,'',0,1000,,'',0,1000,,'',0,1000,,'',0,5100,,'',0,1000,,'',0,1000,,'',0,1000,,'',0,1100,,'',0,1100,,'',0,5000,,'',0,1000,,'',0,1070,,'',0,1200,,'',0,1300,,'',0,5200,,'',0,810,,'',0,1200,,'',0,1200,,'',0,670,,'',0,1100,,'',0,5500,,'',0,1500,,'',0,1500,,'',0,1500,,'',0,5500,,'',0
'2merged13526179',1671801,41750,,'',0,3500,,'',0,8200,,'',0,7060,,'',0,1900,,'',0,1630,,'',0,1500,,'',0,5500,,'',0,1500,,'',0,1700,,'',0,1500,,'',0,5500,,'',0,1670,,'',0,1700,,'',0,5700,,'',0,1500,,'',0,1690,,'',0,1630,,'',0,5500,,'',0,1700,,'',0,1500,,'',0,1780,,'',0,5300,,'',0,1400,,'',0,1200,,'',0,1300,,'',0,5200,,'',0,1240,,'',0,1200,,'',0,1200,,'',0,1400,,'',0,5200,,'',0,1190,,'',0,1000,,'',0,1000,,'',0,1200,,'',0,1000,,'',0,5000,,'',0,1000,,'',0,1000,,'',0,1000,,'',0,1000,,'',0,1000,,'',0,5000,,'',0,1000,,'',0,1000,,'',0,1000,,'',0,1000,,'',0,1000,,'',0,5000,,'',0,1000,,'',0,1000,,'',0,1000,,'',0,1000,,'',0,1000,,'',0,5000,,'',0,870,,'',0,1000,,'',0,1000,,'',0,1000,,'',0,1000,,'',0,5000,,'',0,800,,'',0,1100,,'',0,1200,,'',0,1100,,'',0,5300,,'',0,1200,,'',0,820,,'',0,1400,,'',0,1300,,'',0,1100,,'',0,5500,,'',0,1500,,'',0,1600,,'',0,1370,,'',0,5600,,'',0,1230,,'',0,1600,,'',0,1500,,'',0,5500,,'',0,1500,,'',0,1610,,'',0,6000,,'',0,2000,,'',0,2000,,'',0,6100,,'',0,2100,,'',0,3000,,'',0,7000,,'',0,3000,,'',0,4900,,'',0
'32501merged13526177',1671801,235450,,'',0,6800,,'',0,3200,,'',0,6900,,'',0,3200,,'',0
'3merged13526178',1671801,41550,,'',0,3500,,'',0,7400,,'',0,3000,,'',0,8660,,'',0,6400,,'',0,1840,,'',0,2000,,'',0,5800,,'',0,1700,,'',0,1500,,'',0,1880,,'',0,5880,,'',0,1500,,'',0,1700,,'',0,1500,,'',0,5500,,'',0,1400,,'',0,1700,,'',0,1500,,'',0,5640,,'',0,1500,,'',0,1770,,'',0,5600,,'',0,1500,,'',0,1500,,'',0,1500,,'',0,5300,,'',0,1500,,'',0,1200,,'',0,1430,,'',0,1200,,'',0,5200,,'',0,1200,,'',0,1200,,'',0,1070,,'',0,1200,,'',0,5200,,'',0,1200,,'',0,1200,,'',0,1200,,'',0,1200,,'',0,5200,,'',0,1200,,'',0,1200,,'',0,1200,,'',0,1200,,'',0,5200,,'',0,1300,,'',0,1200,,'',0,1200,,'',0,1200,,'',0,5200,,'',0,1300,,'',0,1300,,'',0,1110,,'',0,1500,,'',0,5320,,'',0,1500,,'',0,1900,,'',0,660,,'',0,5500,,'',0,1500,,'',0,1500,,'',0,1500,,'',0,5500,,'',0,1500,,'',0,1330,,'',0,1500,,'',0,5500,,'',0,1500,,'',0,1770,,'',0,2000,,'',0,6200,,'',0,1800,,'',0,2000,,'',0,6400,,'',0,3000,,'',0,7000,,'',0,3000,,'',0,4900,,'',0
