'1merged13719059',677600,61100,4,'',0,3300,4,'',0,7000,4,'',0,3000,4,'',0,7000,4,'',0,3000,4,'',0,10000,4,'',0,10000,4,'',0,10000,4,'',0,10000,4,'',0,10000,4,'',0,10000,4,'',0,7000,4,'',0,3000,4,'',0,7000,4,'',0,3000,4,'',0,7000,4,'',0,3000,4,'',0,7000,4,'',0,3000,4,'',0,9900,4,'',0,10000,4,'',0,10000,4,'',0
'1merged13719059',677601,63100,,'',0,7300,,'',0,3000,,'',0,7100,,'',0,3100,,'',0,7000,,'',0,9800,,'',0,10000,,'',0,10000,,'',0,10200,,'',0,10000,,'',0,10000,,'',0,3100,,'',0,7000,,'',0,3000,,'',0,7000,,'',0,3000,,'',0,7000,,'',0,2900,,'',0,6900,,'',0,9800,,'',0,9800,,'',0,5800,,'',0
'2merged13719060',677600,74000,4,'',0,10200,4,'',0,10000,4,'',0,10000,4,'',0,10000,4,'',0,10000,4,'',0,10000,4,'',0,10200,4,'',0,10200,4,'',0,10100,4,'',0,10100,4,'',0,9900,4,'',0,9500,4,'',0,10000,4,'',0,10000,4,'',0
'2merged13719060',677601,75900,,'',0,14300,,'',0,10000,,'',0,10200,,'',0,10000,,'',0,10100,,'',0,10000,,'',0,10500,,'',0,10200,,'',0,10100,,'',0,10000,,'',0,9700,,'',0,9200,,'',0,10000,,'',0,9800,,'',0
'3merged13719057',677600,84300,4,'',0,10000,4,'',0,10000,4,'',0,10000,4,'',0,10000,4,'',0,10000,4,'',0,10000,4,'',0,10000,4,'',0,10000,4,'',0,10000,4,'',0,9800,4,'',0,10000,4,'',0,10000,4,'',0,10000,4,'',0
'3merged13719057',677601,90200,,'',0,10000,,'',0,10100,,'',0,10100,,'',0,10100,,'',0,9900,,'',0,10000,,'',0,10000,,'',0,10000,,'',0,9900,,'',0,9700,,'',0,10000,,'',0,10000,,'',0,10000,,'',0
'1merged13719059',732200,61100,,'',0,3300,,'',0,7000,,'',0,3000,,'',0,7000,,'',0,3000,,'',0,10000,,'',0,10000,,'',0,10000,,'',0,10000,,'',0,10000,,'',0,10000,,'',0,7000,,'',0,3000,,'',0,7000,,'',0,3000,,'',0,7000,,'',0,3000,,'',0,7000,,'',0,3000,,'',0,9900,,'',0,10000,,'',0,10000,,'',0
'1merged13719059',732201,63100,4,'',0,7300,4,'',0,3000,4,'',0,7100,4,'',0,3100,4,'',0,7000,4,'',0,9800,4,'',0,10000,4,'',0,10000,4,'',0,10200,4,'',0,10000,4,'',0,10000,4,'',0,3100,4,'',0,7000,4,'',0,3000,4,'',0,7000,4,'',0,3000,4,'',0,7000,4,'',0,2900,4,'',0,6900,4,'',0,9800,4,'',0,9800,4,'',0,5800,4,'',0
'2merged13719060',732200,74000,,'',0,10200,,'',0,10000,,'',0,10000,,'',0,10000,,'',0,10000,,'',0,10000,,'',0,10200,,'',0,10200,,'',0,10100,,'',0,10100,,'',0,9900,,'',0,9500,,'',0,10000,,'',0,10000,,'',0
'2merged13719060',732201,75900,4,'',0,14300,4,'',0,10000,4,'',0,10200,4,'',0,10000,4,'',0,10100,4,'',0,10000,4,'',0,10500,4,'',0,10200,4,'',0,10100,4,'',0,10000,4,'',0,9700,4,'',0,9200,4,'',0,10000,4,'',0,9800,4,'',0
'3merged13719057',732200,84300,,'',0,10000,,'',0,10000,,'',0,10000,,'',0,10000,,'',0,10000,,'',0,10000,,'',0,10000,,'',0,10000,,'',0,10000,,'',0,9800,,'',0,10000,,'',0,10000,,'',0,10000,,'',0
'3merged13719057',732201,90200,4,'',0,10000,4,'',0,10100,4,'',0,10100,4,'',0,10100,4,'',0,9900,4,'',0,10000,4,'',0,10000,4,'',0,10000,4,'',0,9900,4,'',0,9700,4,'',0,10000,4,'',0,10000,4,'',0,10000,4,'',0
