'1',674900,60700,4,'',0,1500,4,'',0,1500,4,'',0,1700,4,'',0,5700,4,'',0,1600,4,'',0,1700,4,'',0,6600,4,'',0,4500,4,'',0,6900,4,'',0,2900,4,'',0,7200,4,'',0,3100,4,'',0,7300,4,'',0,2500,4,'',0,7600,4,'',0,2700,4,'',0,7300,4,'',0,2800,4,'',0,7100,4,'',0,9800,4,'',0,1400,4,'',0,1500,4,'',0,5500,4,'',0,1500,4,'',0,3000,4,'',0,5400,4,'',0,1400,4,'',0,1100,4,'',0,1500,4,'',0,5500,4,'',0,1400,4,'',0,1500,4,'',0,1500,4,'',0,5300,4,'',0,1400,4,'',0,1100,4,'',0,1700,4,'',0,1300,4,'',0,5500,4,'',0,1300,4,'',0,2900,4,'',0,5500,4,'',0,1500,4,'',0,2900,4,'',0,7000,4,'',0,2800,4,'',0,7000,4,'',0,2800,4,'',0,7000,4,'',0,2500,4,'',0,7000,4,'',0
'1',674901,44400,,'',0,6800,,'',0,3000,,'',0,7000,,'',0,1500,,'',0,1500,,'',0,1300,,'',0,5500,,'',0,1500,,'',0,1300,,'',0,1500,,'',0,7000,,'',0,1500,,'',0,7200,,'',0,3000,,'',0,7000,,'',0,3000,,'',0,7000,,'',0,3000,,'',0,7000,,'',0,3000,,'',0,7000,,'',0,3000,,'',0,7000,,'',0,3800,,'',0,5400,,'',0,1700,,'',0,1600,,'',0,1500,,'',0,5500,,'',0,1500,,'',0,1500,,'',0,1500,,'',0,5400,,'',0,1500,,'',0,1500,,'',0,1500,,'',0,5500,,'',0,1500,,'',0,1600,,'',0,1500,,'',0,5600,,'',0,1500,,'',0,1500,,'',0,1600,,'',0,5400,,'',0,2800,,'',0,7000,,'',0,3600,,'',0,6200,,'',0,4000,,'',0,6500,,'',0,3000,,'',0,7000,,'',0,3000,,'',0,7000,,'',0
'101',674900,82200,4,'',0
'101',674901,145500,0,'Haney Pl',0
'2',674900,64800,4,'',0,7000,4,'',0,2800,4,'',0,5500,4,'',0,3200,4,'',0,2500,4,'',0,7400,4,'',0,7300,4,'',0,3000,4,'',0,7200,4,'',0,3000,4,'',0,7000,4,'',0,3000,4,'',0,7100,4,'',0,2900,4,'',0,7300,4,'',0,3100,4,'',0,6900,4,'',0,3000,4,'',0,7200,4,'',0,2900,4,'',0,7000,4,'',0,3100,4,'',0,6900,4,'',0,2800,4,'',0,6800,4,'',0,1500,4,'',0,1500,4,'',0,2000,4,'',0,5500,4,'',0,1700,4,'',0,2000,4,'',0,5800,4,'',0,2400,4,'',0,2400,4,'',0,7000,4,'',0,2600,4,'',0,7000,4,'',0,2700,4,'',0,7000,4,'',0,2900,4,'',0,7000,4,'',0
'2',674901,51700,,'',0,9300,,'',0,4300,,'',0,7000,,'',0,2900,,'',0,6900,,'',0,2900,,'',0,6700,,'',0,3000,,'',0,7000,,'',0,3000,,'',0,7000,,'',0,3000,,'',0,7000,,'',0,3000,,'',0,6800,,'',0,3100,,'',0,7400,,'',0,3100,,'',0,7100,,'',0,3100,,'',0,7200,,'',0,3000,,'',0,7100,,'',0,2900,,'',0,7100,,'',0,3000,,'',0,7600,,'',0,1500,,'',0,6000,,'',0,3000,,'',0,7000,,'',0,3000,,'',0,6900,,'',0,2900,,'',0,7000,,'',0,3000,,'',0,7000,,'',0,3000,,'',0,7000,,'',0
'201',674900,75400,4,'',0
'3',674900,64800,4,'',0,7200,4,'',0,2500,4,'',0,7200,4,'',0,3100,4,'',0,7400,4,'',0,3000,4,'',0,7000,4,'',0,3400,4,'',0,6900,4,'',0,2700,4,'',0,7000,4,'',0,3000,4,'',0,7000,4,'',0,3100,4,'',0,7200,4,'',0,3000,4,'',0,7000,4,'',0,2900,4,'',0,7000,4,'',0,2900,4,'',0,7100,4,'',0,2800,4,'',0,7000,4,'',0,3400,4,'',0,7000,4,'',0,3000,4,'',0,6700,4,'',0,3000,4,'',0,6500,4,'',0,2100,4,'',0,2000,4,'',0,7100,4,'',0,7100,4,'',0,3000,4,'',0,7000,4,'',0,2800,4,'',0,2800,4,'',0
'3',674901,70900,,'',0,2900,,'',0,7000,,'',0,2900,,'',0,7000,,'',0,3000,,'',0,7100,,'',0,3100,,'',0,6900,,'',0,3000,,'',0,7000,,'',0,3000,,'',0,6900,,'',0,3000,,'',0,7000,,'',0,3000,,'',0,7000,,'',0,3000,,'',0,7000,,'',0,3000,,'',0,7100,,'',0,3000,,'',0,7000,,'',0,3000,,'',0,7200,,'',0,3000,,'',0,7200,,'',0,3500,,'',0,7000,,'',0,3000,,'',0,7100,,'',0,3000,,'',0,7200,,'',0,3200,,'',0,6700,,'',0,2900,,'',0
'701',674900,150800,4,'',0
'75301',674900,164100,4,'',0
'75401',674900,164100,4,'',0
'801',674900,150500,4,'',0
'1',680501,64900,,'',0,9700,,'',0,19900,,'',0,19900,,'',0,20300,,'',0,26900,,'',0,13730,,'',0,19500,,'',0
'2',680501,94400,,'',0,20000,,'',0,20200,,'',0,20000,,'',0,19800,,'',0,20130,,'',0
