'1',661901,54320,0,'Alma',0,6000,0,'Alma',0,2000,0,'Alma',0,1500,0,'Alma',0,1500,0,'Alma',0,5620,,'',0,1200,0,'Alma',0,800,,'',0,1700,,'',0,5670,,'',0,1500,,'',0,1500,,'',0,1440,,'',0,5400,,'',0,1600,,'',0,800,,'',0,1200,,'',0,1200,,'',0,5280,,'',0,1400,,'',0,2870,0,'Alma',0,6000,0,'Alma',0,2000,0,'Alma',0,2000,0,'Alma',0,6000,0,'Alma',0,2000,0,'Alma',0,2000,0,'Alma',0,6000,0,'Alma',0,2000,0,'Alma',0,2000,0,'Alma',0,6400,0,'Alma',0,1800,,'',0,2000,,'',0,5840,,'',0,1900,,'',0,1500,,'',0,700,,'',0,5400,,'',0,700,,'',0,1200,,'',0,1200,,'',0,1200,,'',0,1260,,'',0,5300,,'',0,1300,,'',0,1400,,'',0,1400,,'',0,5400,0,'Alma',0,1230,0,'Alma',0,1100,0,'Alma',0,1670,0,'Alma',0,630,0,'Alma',0,800,0,'Alma',0,4800,0,'Alma',0,800,0,'Alma',0,1600,0,'Alma',0,800,0,'Alma',0,1720,0,'Alma',0,6000,0,'Alma',0,1100,0,'Alma',0,1500,0,'Alma',0,1500,0,'Alma',0,5500,0,'Alma',0,1380,0,'Alma',0,1500,0,'Alma',0,1500,0,'Alma',0,5500,0,'Alma',0,1410,0,'Alma',0,1500,0,'Alma',0,1500,0,'Alma',0,5500,0,'Alma',0,1300,0,'Alma',0,1500,0,'Alma',0,1500,0,'Alma',0,5500,0,'Alma',0,1400,0,'Alma',0,1180,0,'Alma',0
'2',661901,54640,0,'Alma',0,6000,0,'Alma',0,1900,0,'Alma',0,2100,0,'Alma',0,6000,0,'Alma',0,2000,0,'Alma',0,1400,0,'Alma',0,1500,0,'Alma',0,5500,0,'Alma',0,1700,0,'Alma',0,1500,0,'Alma',0,1710,0,'Alma',0,5500,0,'Alma',0,1500,0,'Alma',0,1500,0,'Alma',0,5580,0,'Alma',0,1500,0,'Alma',0,1300,0,'Alma',0,1000,0,'Alma',0,1000,0,'Alma',0,1000,0,'Alma',0,5000,0,'Alma',0,1000,0,'Alma',0,1170,0,'Alma',0,1000,0,'Alma',0,1000,0,'Alma',0,5200,0,'Alma',0,1000,0,'Alma',0,1000,0,'Alma',0,1000,0,'Alma',0,1000,0,'Alma',0,1000,0,'Alma',0,5000,0,'Alma',0,1000,0,'Alma',0,1000,0,'Alma',0,1000,0,'Alma',0,1000,0,'Alma',0,1000,0,'Alma',0,5000,0,'Alma',0,1000,0,'Alma',0,1000,0,'Alma',0,1000,0,'Alma',0,900,0,'Alma',0,800,0,'Alma',0,900,0,'Alma',0,4800,0,'Alma',0,900,0,'Alma',0,800,0,'Alma',0,840,0,'Alma',0,800,0,'Alma',0,900,0,'Alma',0,800,0,'Alma',0,4900,0,'Alma',0,800,0,'Alma',0,900,0,'Alma',0,700,0,'Alma',0,900,0,'Alma',0,800,0,'Alma',0,900,0,'Alma',0,4800,0,'Alma',0,780,0,'Alma',0,800,0,'Alma',0,900,0,'Alma',0,900,0,'Alma',0,900,0,'Alma',0,810,0,'Alma',0,4900,0,'Alma',0,1200,0,'Alma',0,1120,0,'Alma',0,1200,0,'Alma',0,1200,0,'Alma',0,5200,0,'Alma',0,1200,0,'Alma',0,1400,0,'Alma',0,1500,0,'Alma',0,1380,0,'Alma',0,5500,0,'Alma',0,1300,0,'Alma',0,1500,0,'Alma',0,1500,0,'Alma',0,5500,0,'Alma',0,1500,0,'Alma',0,1500,0,'Alma',0,1500,0,'Alma',0,5500,0,'Alma',0,1310,0,'Alma',0,1500,0,'Alma',0,1200,0,'Alma',0,6500,0,'Alma',0,1200,0,'Alma',0,1400,0,'Alma',0,1500,0,'Alma',0,5600,0,'Alma',0,1500,0,'Alma',0,1600,0,'Alma',0
'3',661901,53130,0,'Alma',0,2300,0,'Alma',0,6070,0,'Alma',0,2000,0,'Alma',0,2300,0,'Alma',0,6140,0,'Alma',0,2000,0,'Alma',0,6200,0,'Alma',0,1500,0,'Alma',0,1500,0,'Alma',0,1590,0,'Alma',0,5500,0,'Alma',0,1580,0,'Alma',0,1500,0,'Alma',0,1700,0,'Alma',0,5500,0,'Alma',0,1540,0,'Alma',0,1500,0,'Alma',0,1300,0,'Alma',0,5500,0,'Alma',0,1100,0,'Alma',0,1280,0,'Alma',0,800,0,'Alma',0,900,0,'Alma',0,800,0,'Alma',0,4900,0,'Alma',0,800,0,'Alma',0,900,0,'Alma',0,800,0,'Alma',0,900,0,'Alma',0,800,0,'Alma',0,900,0,'Alma',0,4800,0,'Alma',0,900,0,'Alma',0,800,0,'Alma',0,990,0,'Alma',0,900,0,'Alma',0,800,0,'Alma',0,900,0,'Alma',0,4800,0,'Alma',0,900,0,'Alma',0,800,0,'Alma',0,900,0,'Alma',0,800,0,'Alma',0,900,0,'Alma',0,800,0,'Alma',0,4900,0,'Alma',0,800,0,'Alma',0,900,0,'Alma',0,800,0,'Alma',0,900,0,'Alma',0,800,0,'Alma',0,900,0,'Alma',0,4800,0,'Alma',0,900,0,'Alma',0,900,0,'Alma',0,900,0,'Alma',0,800,0,'Alma',0,900,0,'Alma',0,800,0,'Alma',0,4800,0,'Alma',0,800,0,'Alma',0,900,0,'Alma',0,800,0,'Alma',0,900,0,'Alma',0,800,0,'Alma',0,900,0,'Alma',0,610,0,'Alma',0,4900,0,'Alma',0,1200,0,'Alma',0,1380,0,'Alma',0,1500,0,'Alma',0,5700,0,'Alma',0,1500,0,'Alma',0,1700,0,'Alma',0,1400,0,'Alma',0,5300,0,'Alma',0,1500,0,'Alma',0,1230,0,'Alma',0,1400,0,'Alma',0,5600,0,'Alma',0,1400,0,'Alma',0,1460,0,'Alma',0,1500,0,'Alma',0,1500,0,'Alma',0,5500,0,'Alma',0,1320,0,'Alma',0,1400,0,'Alma',0,1480,0,'Alma',0,5520,0,'Alma',0,1400,0,'Alma',0,1500,0,'Alma',0,1480,0,'Alma',0,5520,0,'Alma',0,1500,0,'Alma',0,1620,0,'Alma',0
'1',683301,262500,,'',0,1700,,'',0,5800,,'',0,3300,,'',0
'2',683301,262500,,'',0,2000,,'',0,6000,,'',0,2000,,'',0
'3',683301,262420,,'',0,3000,,'',0,7000,,'',0
'1',1671801,34530,,'',0,7000,,'',0,3500,,'',0,7000,,'',0,3000,,'',0,6200,,'',0,1400,,'',0,1400,,'',0,1100,,'',0,5400,,'',0,1610,,'',0,1300,,'',0,1400,,'',0,5500,,'',0,1910,,'',0,1600,,'',0,1700,,'',0,5460,,'',0,1500,,'',0,1300,,'',0,1300,,'',0,5500,,'',0,1500,,'',0,1500,,'',0,1540,,'',0,5500,,'',0,1670,,'',0,1500,,'',0,1600,,'',0,5500,,'',0,1500,,'',0,1500,,'',0,1580,,'',0,5500,,'',0,1800,,'',0,1500,,'',0,1330,,'',0,5500,,'',0,1600,,'',0,1670,,'',0,1500,,'',0,5400,,'',0,1400,,'',0,1200,,'',0,1200,,'',0,5300,,'',0,1100,,'',0,1000,,'',0,1000,,'',0,1000,,'',0,1000,,'',0,5100,,'',0,1000,,'',0,1000,,'',0,1000,,'',0,1100,,'',0,1100,,'',0,5000,,'',0,1000,,'',0,1030,,'',0,1200,,'',0,1300,,'',0,5200,,'',0,820,,'',0,1200,,'',0,1200,,'',0,670,,'',0,1100,,'',0,5500,,'',0,1500,,'',0,1500,,'',0,1500,,'',0,5500,,'',0
'152201',1671801,212520,,'',0,1380,,'',0,1500,,'',0,5500,,'',0,1500,,'',0,1410,,'',0,2000,,'',0,6000,,'',0,1920,,'',0,2000,,'',0,7000,,'',0,1500,,'',0,1500,,'',0,5500,,'',0,1500,,'',0,3000,,'',0,4800,,'',0
'152301',1671801,212520,,'',0,1380,,'',0,1500,,'',0,5500,,'',0,1500,,'',0,1410,,'',0,2000,,'',0,6000,,'',0,1920,,'',0,2000,,'',0,7000,,'',0,1500,,'',0,1500,,'',0,5500,,'',0,1500,,'',0,3000,,'',0,4800,,'',0
'152302',1671801,34730,,'',0
'152303',1671801,34530,,'',0
'2',1671801,41730,,'',0,3500,,'',0,8200,,'',0,7010,,'',0,1900,,'',0,1670,,'',0,1500,,'',0,5500,,'',0,1500,,'',0,1700,,'',0,1500,,'',0,5500,,'',0,1630,,'',0,1700,,'',0,5700,,'',0,1500,,'',0,1680,,'',0,1630,,'',0,5500,,'',0,1700,,'',0,1500,,'',0,1770,,'',0,5300,,'',0,1400,,'',0,1200,,'',0,1300,,'',0,1200,,'',0,5280,,'',0,1200,,'',0,1200,,'',0,1400,,'',0,5200,,'',0,1140,,'',0,1000,,'',0,1000,,'',0,1200,,'',0,1000,,'',0,5000,,'',0,1000,,'',0,1000,,'',0,1000,,'',0,1000,,'',0,1000,,'',0,5000,,'',0,1000,,'',0,1000,,'',0,1000,,'',0,1000,,'',0,1000,,'',0,5000,,'',0,1000,,'',0,1000,,'',0,1000,,'',0,1000,,'',0,1000,,'',0,5000,,'',0,880,,'',0,1000,,'',0,1000,,'',0,1000,,'',0,1000,,'',0,5000,,'',0,800,,'',0,1100,,'',0,1200,,'',0,1100,,'',0,1300,,'',0,5200,,'',0,830,,'',0,1400,,'',0,1300,,'',0,1100,,'',0,5500,,'',0,1500,,'',0,1600,,'',0,1370,,'',0,5600,,'',0,1280,,'',0,1600,,'',0,1500,,'',0,5500,,'',0,1500,,'',0,1610,,'',0,6000,,'',0,2000,,'',0,2000,,'',0,6100,,'',0,2100,,'',0,3000,,'',0,7000,,'',0,3000,,'',0,4900,,'',0
'3',1671801,41530,,'',0,3500,,'',0,7400,,'',0,3000,,'',0,8610,,'',0,6400,,'',0,1890,,'',0,2000,,'',0,5800,,'',0,1700,,'',0,1500,,'',0,1870,,'',0,5840,,'',0,1500,,'',0,1700,,'',0,1500,,'',0,5500,,'',0,1400,,'',0,1700,,'',0,1500,,'',0,5670,,'',0,1500,,'',0,1720,,'',0,5600,,'',0,1500,,'',0,1500,,'',0,1500,,'',0,5300,,'',0,1500,,'',0,1200,,'',0,1470,,'',0,1200,,'',0,5200,,'',0,1200,,'',0,1200,,'',0,1030,,'',0,1200,,'',0,5200,,'',0,1200,,'',0,1200,,'',0,1200,,'',0,1200,,'',0,5200,,'',0,1200,,'',0,1200,,'',0,1200,,'',0,1200,,'',0,5200,,'',0,1300,,'',0,1200,,'',0,1200,,'',0,1200,,'',0,5200,,'',0,1300,,'',0,1300,,'',0,1120,,'',0,1500,,'',0,5360,,'',0,1500,,'',0,1900,,'',0,630,,'',0,5500,,'',0,1500,,'',0,1500,,'',0,1500,,'',0,5500,,'',0,1500,,'',0,1370,,'',0,1500,,'',0,5500,,'',0,1500,,'',0,1730,,'',0,2000,,'',0,6200,,'',0,1800,,'',0,2000,,'',0,6400,,'',0,3000,,'',0,7000,,'',0,3000,,'',0,4900,,'',0
'32501',1671801,235430,,'',0,6800,,'',0,3200,,'',0,6900,,'',0,3200,,'',0
