'1',663001,60900,,'',0
'3',663001,65100,,'',0,7200,,'',0
'1',665100,63600,4,'',0,7000,4,'',0,2600,4,'',0,1500,4,'',0,5700,4,'',0,1600,4,'',0,1600,4,'',0,1500,4,'',0,5400,4,'',0,1400,4,'',0,1300,4,'',0,1500,4,'',0,5500,4,'',0,1500,4,'',0,1600,4,'',0,1500,4,'',0,6000,4,'',0,2000,4,'',0,2000,4,'',0,6000,4,'',0,1000,4,'',0,2000,4,'',0,1000,4,'',0,6000,4,'',0,1000,4,'',0,2000,4,'',0,1000,4,'',0,5800,4,'',0,700,4,'',0,1500,4,'',0,800,4,'',0,1500,4,'',0,800,4,'',0,5500,4,'',0,800,4,'',0,1700,4,'',0,900,4,'',0,5500,4,'',0,700,4,'',0,1500,4,'',0,700,4,'',0,1500,4,'',0,800,4,'',0,5500,4,'',0,700,4,'',0,1600,4,'',0,800,4,'',0,1500,4,'',0,4400,4,'',0,1900,4,'',0,900,4,'',0,2000,4,'',0,800,4,'',0,6200,4,'',0,2600,4,'',0,7000,4,'',0,2900,4,'',0,7000,4,'',0,4500,4,'',0,6800,4,'',0,7500,4,'',0,2900,4,'',0,7000,4,'',0,2800,4,'',0,2500,4,'',0,7000,4,'',0,3000,4,'',0
'1',665101,53100,,'',0,1600,,'',0,5600,,'',0,1200,,'',0,1500,,'',0,2700,,'',0,6500,,'',0,2200,,'',0,5700,,'',0,1500,,'',0,1500,,'',0,1500,,'',0,5500,,'',0,1500,,'',0,1800,,'',0,2000,,'',0,6000,,'',0,1000,,'',0,2000,,'',0,1000,,'',0,5900,,'',0,1000,,'',0,2000,,'',0,6900,,'',0,1000,,'',0,2000,,'',0,1000,,'',0,5700,,'',0,800,,'',0,1500,,'',0,700,,'',0,1500,,'',0,4600,,'',0,1500,,'',0,700,,'',0,1500,,'',0,800,,'',0,1400,,'',0,4700,,'',0,1500,,'',0,800,,'',0,2200,,'',0,5600,,'',0,800,,'',0,1600,,'',0,700,,'',0,1500,,'',0,4800,,'',0,1500,,'',0,700,,'',0,2100,,'',0,1000,,'',0,6100,,'',0,1200,,'',0,3100,,'',0,7100,,'',0,7200,,'',0,3200,,'',0,7300,,'',0,2600,,'',0,8000,,'',0,2700,,'',0,7500,,'',0,2500,,'',0,7000,,'',0,2800,,'',0,6500,,'',0
'101',665101,154400,,'',0
'2',665100,61700,4,'',0,2000,4,'',0,2200,4,'',0,6100,4,'',0,1100,4,'',0,7400,4,'',0,93400,4,'',0,6400,4,'',0,2600,4,'',0,2900,4,'',0,7000,4,'',0,2800,4,'',0,6700,4,'',0,3400,4,'',0,5500,4,'',0,1500,4,'',0,1700,4,'',0,6000,4,'',0,2000,4,'',0,2800,4,'',0,7000,4,'',0,3100,4,'',0,7000,4,'',0,2800,4,'',0,7100,4,'',0,3600,4,'',0
'2',665101,54700,,'',0,6000,,'',0,2000,,'',0,2000,,'',0,5800,,'',0,2000,,'',0,1600,,'',0,1500,,'',0,104400,,'',0,2300,,'',0,2600,,'',0,6400,,'',0,2300,,'',0,9300,,'',0,8500,,'',0,1700,,'',0,2500,,'',0,7000,,'',0,3200,,'',0,7000,,'',0,3100,,'',0,7000,,'',0,3000,,'',0
'201',665101,154400,,'',0
'3',665100,61300,4,'',0,2000,4,'',0,2000,4,'',0,6000,4,'',0,2300,4,'',0,2000,4,'',0,6000,4,'',0,1500,4,'',0,1500,4,'',0,5600,4,'',0,1600,4,'',0,13400,4,'',0,5600,4,'',0,2900,4,'',0,1500,4,'',0,7000,4,'',0,1500,4,'',0,7200,4,'',0,4500,4,'',0,8100,4,'',0,1900,4,'',0,6900,4,'',0,8400,4,'',0,1600,4,'',0,2800,4,'',0,5600,4,'',0,3100,4,'',0,1800,4,'',0,7000,4,'',0,2800,4,'',0,6800,4,'',0,2500,4,'',0,5600,4,'',0,1600,4,'',0,1600,4,'',0,1500,4,'',0,5500,4,'',0,1600,4,'',0,2800,4,'',0,7000,4,'',0,2800,4,'',0,7000,4,'',0,3000,4,'',0,7000,4,'',0,2800,4,'',0,7000,4,'',0,3000,4,'',0
'3',665101,61100,,'',0,2000,,'',0,1800,,'',0,6000,,'',0,2000,,'',0,1900,,'',0,6000,,'',0,1800,,'',0,1400,,'',0,1500,,'',0,5300,,'',0,1500,,'',0,1500,,'',0,16500,,'',0,1500,,'',0,3000,,'',0,5500,,'',0,3000,,'',0,1500,,'',0,6800,,'',0,8500,,'',0,4600,,'',0,5500,,'',0,3000,,'',0,8500,,'',0,1500,,'',0,7100,,'',0,1500,,'',0,3100,,'',0,5500,,'',0,4600,,'',0,7000,,'',0,3200,,'',0,7400,,'',0,3000,,'',0,7000,,'',0,3300,,'',0,7000,,'',0,3000,,'',0,7000,,'',0,7200,,'',0,3000,,'',0,7000,,'',0
