'152201merged13993503',1671800,211700,4,'',0,1500,4,'',0,1500,4,'',0,5500,4,'',0,1300,4,'',0,2000,4,'',0,2100,4,'',0,5900,4,'',0,2000,4,'',0,7000,4,'',0,1500,4,'',0,1500,4,'',0,1500,4,'',0,5500,4,'',0,3000,4,'',0
'152201merged13993503',1671801,210100,,'',0,1600,,'',0,1500,,'',0,1500,,'',0,5500,,'',0,1300,,'',0,2000,,'',0,2100,,'',0,5900,,'',0,2000,,'',0,7000,,'',0,1500,,'',0,1500,,'',0,1500,,'',0,5500,,'',0,3000,,'',0,700,,'',0
'152301merged13993505',1671800,211700,4,'',0,1500,4,'',0,1500,4,'',0,5500,4,'',0,1300,4,'',0,2000,4,'',0,2100,4,'',0,5900,4,'',0,2000,4,'',0,7000,4,'',0,1500,4,'',0,1500,4,'',0,1500,4,'',0,5500,4,'',0,3000,4,'',0
'152301merged13993505',1671801,210100,,'',0,1600,,'',0,1500,,'',0,1500,,'',0,5500,,'',0,1300,,'',0,2000,,'',0,2100,,'',0,5900,,'',0,2000,,'',0,7000,,'',0,1500,,'',0,1500,,'',0,1500,,'',0,5500,,'',0,3000,,'',0,700,,'',0
'1merged13993496',1671800,33000,4,'',0,7000,4,'',0,3600,4,'',0,149400,4,'',0,1500,4,'',0,5500,4,'',0,1500,4,'',0,1500,4,'',0,1500,4,'',0,5600,4,'',0
'1merged13993496',1671801,33000,,'',0,7000,,'',0,3600,,'',0,6900,,'',0,3000,,'',0,139500,,'',0,1500,,'',0,5500,,'',0,1500,,'',0,1500,,'',0,1500,,'',0
'2merged13993498',1671800,33100,4,'',0,7000,4,'',0,3600,4,'',0,149300,4,'',0,1500,4,'',0,5500,4,'',0,1700,4,'',0,1400,4,'',0,1600,4,'',0,5400,4,'',0,1400,4,'',0,1700,4,'',0,1500,4,'',0,5500,4,'',0,1700,4,'',0,2000,4,'',0,2000,4,'',0,6000,4,'',0,2100,4,'',0,6400,4,'',0,3000,4,'',0,7000,4,'',0,3000,4,'',0
'2merged13993498',1671801,33100,,'',0,7000,,'',0,3600,,'',0,8000,,'',0,141300,,'',0,1500,,'',0,5500,,'',0,1700,,'',0,1400,,'',0,1600,,'',0,5400,,'',0,1400,,'',0,1700,,'',0,1500,,'',0,5500,,'',0,1700,,'',0,2000,,'',0,2000,,'',0,6000,,'',0,2100,,'',0,6400,,'',0,3000,,'',0,7000,,'',0,3000,,'',0,900,,'',0
'3merged13993497',1671800,33000,4,'',0,7000,4,'',0,3600,4,'',0,7000,4,'',0,142400,4,'',0,1500,4,'',0,5500,4,'',0,1500,4,'',0,1500,4,'',0,1500,4,'',0,5500,4,'',0,1500,4,'',0,1500,4,'',0,1500,4,'',0,5500,4,'',0,1900,4,'',0,2000,4,'',0,2000,4,'',0,6000,4,'',0,2000,4,'',0,6400,4,'',0,3000,4,'',0,7000,4,'',0,3000,4,'',0
'3merged13993497',1671801,33000,,'',0,7000,,'',0,3600,,'',0,7500,,'',0,2800,,'',0,139100,,'',0,1500,,'',0,5500,,'',0,1500,,'',0,1500,,'',0,1500,,'',0,5500,,'',0,1500,,'',0,1500,,'',0,1500,,'',0,5500,,'',0,1900,,'',0,2000,,'',0,2000,,'',0,6000,,'',0,2000,,'',0,6400,,'',0,3000,,'',0,7000,,'',0,3000,,'',0,800,,'',0
