'1merged13993496',663000,53700,4,'',0,500,4,'',0,1200,4,'',0,4600,4,'',0,900,4,'',0,800,4,'',0,1200,4,'',0,1500,4,'',0,1300,4,'',0,5600,4,'',0,1400,4,'',0,1800,4,'',0,5500,4,'',0,1600,4,'',0,1600,4,'',0,1400,4,'',0,5600,4,'',0,1300,4,'',0,1600,4,'',0,1600,4,'',0,5600,4,'',0,1200,4,'',0,1300,4,'',0,1600,4,'',0,5600,4,'',0,1500,4,'',0,1500,4,'',0,1500,4,'',0,5500,4,'',0,1500,4,'',0,1500,4,'',0,1600,4,'',0,5500,4,'',0,1500,4,'',0,1500,4,'',0,1500,4,'',0,5500,4,'',0,1700,4,'',0,1500,4,'',0,1500,4,'',0,5200,4,'',0,1400,4,'',0,1500,4,'',0,1700,4,'',0,5700,4,'',0,1600,4,'',0,1400,4,'',0,1500,4,'',0,5500,4,'',0,1800,4,'',0,1600,4,'',0,1600,4,'',0,5300,4,'',0,1500,4,'',0,1400,4,'',0,1700,4,'',0,5400,4,'',0,1300,4,'',0,1400,4,'',0,1600,4,'',0,5800,4,'',0,1200,4,'',0,3100,4,'',0,6700,4,'',0,3000,4,'',0,6800,4,'',0,2900,4,'',0,7100,4,'',0,2900,4,'',0,7200,4,'',0,3000,4,'',0
'2merged13993498',663000,61300,4,'',0,3000,4,'',0,7000,4,'',0,3000,4,'',0,7000,4,'',0,3100,4,'',0,7100,4,'',0,2700,4,'',0,6000,4,'',0,2000,4,'',0,2000,4,'',0,6000,4,'',0,2000,4,'',0,1900,4,'',0,6000,4,'',0,2300,4,'',0,2000,4,'',0,6000,4,'',0,2000,4,'',0,2100,4,'',0,6000,4,'',0,2000,4,'',0,2000,4,'',0,6000,4,'',0,2000,4,'',0,1900,4,'',0,6000,4,'',0,2100,4,'',0,2000,4,'',0,6000,4,'',0,1500,4,'',0,2400,4,'',0,5700,4,'',0,2000,4,'',0,2000,4,'',0,6000,4,'',0,1900,4,'',0,2400,4,'',0,6900,4,'',0,3000,4,'',0,7000,4,'',0,3000,4,'',0,7000,4,'',0,2900,4,'',0,7000,4,'',0,2900,4,'',0,7600,4,'',0,3000,4,'',0
'3merged13993497',663000,61200,4,'',0,3000,4,'',0,7100,4,'',0,3300,4,'',0,7000,4,'',0,3100,4,'',0,6900,4,'',0,3000,4,'',0,7000,4,'',0,2400,4,'',0,500,4,'',0,6700,4,'',0,2100,4,'',0,2100,4,'',0,6000,4,'',0,2000,4,'',0,2000,4,'',0,6300,4,'',0,2000,4,'',0,2000,4,'',0,6000,4,'',0,2000,4,'',0,2000,4,'',0,6000,4,'',0,2000,4,'',0,2000,4,'',0,6000,4,'',0,2000,4,'',0,2000,4,'',0,6000,4,'',0,2000,4,'',0,2000,4,'',0,6400,4,'',0,2700,4,'',0,7000,4,'',0,2900,4,'',0,7100,4,'',0,3100,4,'',0,7000,4,'',0,2900,4,'',0,7000,4,'',0,3000,4,'',0,7000,4,'',0,2900,4,'',0,8400,4,'',0,2800,4,'',0
'1merged13993496',665100,62800,4,'',0,7400,4,'',0,3300,4,'',0,1900,4,'',0,5300,4,'',0,1800,4,'',0,1500,4,'',0,6000,4,'',0,1200,4,'',0,1600,4,'',0,1100,4,'',0,1700,4,'',0,5300,4,'',0,1300,4,'',0,1400,4,'',0,1500,4,'',0,6300,4,'',0,2000,4,'',0,1900,4,'',0,5800,4,'',0,3000,4,'',0,6900,4,'',0,3100,4,'',0,6900,4,'',0,2200,4,'',0,2200,4,'',0,6500,4,'',0,2300,4,'',0,6500,4,'',0,2100,4,'',0,2300,4,'',0,6300,4,'',0,2200,4,'',0,6400,4,'',0,2000,4,'',0,3400,4,'',0,7000,4,'',0,1800,4,'',0,6500,4,'',0,3000,4,'',0,7500,4,'',0,3700,4,'',0
'2merged13993498',665100,75300,4,'',0,5000,4,'',0,2700,4,'',0,2100,4,'',0,6500,4,'',0,1600,4,'',0,2500,4,'',0,6000,4,'',0,2900,4,'',0,5600,4,'',0,2700,4,'',0,1600,4,'',0,6800,4,'',0,1600,4,'',0,2800,4,'',0,5400,4,'',0,2100,4,'',0,1100,4,'',0,1600,4,'',0,5200,4,'',0,1800,4,'',0,1200,4,'',0,6000,4,'',0,1200,4,'',0,1700,4,'',0,1100,4,'',0,1500,4,'',0,5000,4,'',0,2000,4,'',0,1000,4,'',0,1700,4,'',0,5000,4,'',0,2100,4,'',0,3400,4,'',0,6000,4,'',0,1000,4,'',0,2500,4,'',0,6300,4,'',0,1200,4,'',0,2600,4,'',0,6900,4,'',0,2200,4,'',0
'3merged13993497',665100,94200,4,'',0,7100,4,'',0,2300,4,'',0,8400,4,'',0,9000,4,'',0,4500,4,'',0,7500,4,'',0,9100,4,'',0,9200,4,'',0,3100,4,'',0,10000,4,'',0,8400,4,'',0,9300,4,'',0,2900,4,'',0,6900,4,'',0,2500,4,'',0
'1merged13993496',667401,64400,4,'',0,6900,4,'',0,2700,4,'',0,6900,4,'',0,3200,4,'',0,7100,4,'',0,2800,4,'',0,7100,4,'',0,3100,4,'',0,7000,4,'',0,3000,4,'',0,7100,4,'',0,3000,4,'',0,7300,4,'',0,2400,4,'',0,7000,4,'',0,3000,4,'',0,7100,4,'',0,2500,4,'',0,7600,4,'',0,3300,4,'',0,6800,4,'',0,3000,4,'',0,7100,4,'',0,1600,4,'',0,1200,4,'',0,7000,4,'',0,2500,4,'',0,7700,4,'',0,10100,4,'',0,10000,4,'',0,10300,4,'',0,9900,4,'',0
'2merged13993498',667401,71800,4,'',0,9500,4,'',0,9900,4,'',0,9900,4,'',0,3000,4,'',0,7000,4,'',0,3000,4,'',0,7000,4,'',0,3000,4,'',0,7000,4,'',0,3200,4,'',0,6900,4,'',0,3000,4,'',0,7000,4,'',0,3000,4,'',0,7000,4,'',0,3400,4,'',0,6500,4,'',0,3000,4,'',0,7000,4,'',0,3000,4,'',0,7000,4,'',0,3300,4,'',0,7000,4,'',0,3000,4,'',0,7000,4,'',0,2500,4,'',0,7000,4,'',0,3000,4,'',0,7000,4,'',0,3000,4,'',0,7000,4,'',0
'3merged13993497',667401,90900,4,'',0,3000,4,'',0,7000,4,'',0,3500,4,'',0,7000,4,'',0,3000,4,'',0,7000,4,'',0,3000,4,'',0,7000,4,'',0,3000,4,'',0,7000,4,'',0,3000,4,'',0,7000,4,'',0,3000,4,'',0,7000,4,'',0,3000,4,'',0,7600,4,'',0,3000,4,'',0,7000,4,'',0,2600,4,'',0,7000,4,'',0,3000,4,'',0,7000,4,'',0,2500,4,'',0,6500,4,'',0,3500,4,'',0,7000,4,'',0,3000,4,'',0,8500,4,'',0
'1merged13993496',667501,61400,4,'',0,3700,4,'',0,6900,4,'',0,19600,4,'',0,3300,4,'',0,5800,4,'',0,3500,4,'',0,6500,4,'',0,2800,4,'',0,7500,4,'',0,3100,4,'',0,6900,4,'',0,2500,4,'',0,7500,4,'',0,3400,4,'',0,6400,4,'',0,4200,4,'',0,7500,4,'',0,2300,4,'',0,7500,4,'',0,2100,4,'',0,1200,4,'',0,5600,4,'',0,3200,4,'',0,6900,4,'',0,2500,4,'',0,7100,4,'',0,3000,4,'',0,6400,4,'',0,3600,4,'',0,7400,4,'',0,2700,4,'',0,7400,4,'',0
'2merged13993498',667501,61100,4,'',0,9800,4,'',0,10000,4,'',0,3000,4,'',0,7000,4,'',0,3000,4,'',0,7000,4,'',0,3000,4,'',0,7100,4,'',0,3000,4,'',0,7000,4,'',0,3000,4,'',0,6900,4,'',0,3000,4,'',0,7000,4,'',0,3000,4,'',0,7000,4,'',0,3000,4,'',0,7000,4,'',0,3000,4,'',0,6900,4,'',0,3000,4,'',0,7000,4,'',0,3000,4,'',0,7000,4,'',0,2800,4,'',0,6700,4,'',0,3700,4,'',0,6400,4,'',0,3600,4,'',0,7400,4,'',0,2700,4,'',0,7000,4,'',0
'3merged13993497',667501,81300,4,'',0,10000,4,'',0,3000,4,'',0,6900,4,'',0,3000,4,'',0,7000,4,'',0,3000,4,'',0,6600,4,'',0,3000,4,'',0,6800,4,'',0,3400,4,'',0,7000,4,'',0,2500,4,'',0,7100,4,'',0,3200,4,'',0,7000,4,'',0,2800,4,'',0,6800,4,'',0,2400,4,'',0,8000,4,'',0,3000,4,'',0,7000,4,'',0,2600,4,'',0,7400,4,'',0,2400,4,'',0,7000,4,'',0,3600,4,'',0,7100,4,'',0,3300,4,'',0,7100,4,'',0
'1merged13993496',678001,64200,4,'',0,1500,4,'',0,5000,4,'',0,1500,4,'',0,1500,4,'',0,1500,4,'',0,5500,4,'',0,1100,4,'',0,2000,4,'',0,1500,4,'',0,5500,4,'',0,1500,4,'',0,1300,4,'',0,7000,4,'',0,3000,4,'',0,6700,4,'',0,3300,4,'',0,7000,4,'',0,3000,4,'',0,7000,4,'',0,3200,4,'',0,6800,4,'',0,3000,4,'',0,7100,4,'',0,3000,4,'',0,1500,4,'',0,5500,4,'',0,1500,4,'',0,1500,4,'',0,1500,4,'',0,5400,4,'',0,1500,4,'',0,1500,4,'',0,1600,4,'',0,5500,4,'',0,1500,4,'',0,1500,4,'',0,1500,4,'',0,5400,4,'',0,3000,4,'',0,6700,4,'',0,11100,4,'',0,10300,4,'',0,9900,4,'',0
'2merged13993498',678001,73200,4,'',0,6900,4,'',0,3000,4,'',0,7400,4,'',0,3000,4,'',0,7000,4,'',0,3000,4,'',0,7000,4,'',0,3000,4,'',0,6800,4,'',0,3000,4,'',0,7300,4,'',0,3000,4,'',0,6900,4,'',0,3000,4,'',0,7000,4,'',0,3000,4,'',0,7000,4,'',0,2700,4,'',0,6900,4,'',0,3100,4,'',0,7000,4,'',0,3000,4,'',0,7000,4,'',0,3000,4,'',0,7000,4,'',0,11200,4,'',0,9400,4,'',0,10400,4,'',0
'3merged13993497',678001,90500,4,'',0,2700,4,'',0,7000,4,'',0,3000,4,'',0,7100,4,'',0,2900,4,'',0,7000,4,'',0,3100,4,'',0,7000,4,'',0,3000,4,'',0,7000,4,'',0,3000,4,'',0,7100,4,'',0,3000,4,'',0,6900,4,'',0,3000,4,'',0,2600,4,'',0,7400,4,'',0,7000,4,'',0,3000,4,'',0,7000,4,'',0,3000,4,'',0,7700,4,'',0,10500,4,'',0,9400,4,'',0,10500,4,'',0
'1merged13993496',3930500,62400,4,'',0,1200,4,'',0,1300,4,'',0,5200,4,'',0,1000,4,'',0,1000,4,'',0,800,4,'',0,600,4,'',0,900,4,'',0,600,4,'',0,600,4,'',0,4800,4,'',0,600,4,'',0,600,4,'',0,600,4,'',0,600,4,'',0,600,4,'',0,600,4,'',0,600,4,'',0,600,4,'',0,600,4,'',0,4700,4,'',0,700,4,'',0,600,4,'',0,500,4,'',0,600,4,'',0,900,4,'',0,57000,4,'',0,2000,4,'',0,1700,4,'',0,900,4,'',0,4700,4,'',0,900,4,'',0,800,4,'',0,800,4,'',0,700,4,'',0,800,4,'',0,700,4,'',0,800,4,'',0,4700,4,'',0,900,4,'',0,700,4,'',0,800,4,'',0,600,4,'',0,1100,4,'',0,300,4,'',0,900,4,'',0,4600,4,'',0,800,4,'',0,600,4,'',0,1000,4,'',0,900,4,'',0,1000,4,'',0
