'101merged13526185',666200,153600,4,'',0
'1merged13526174',666200,60000,4,'',0,2300,4,'',0,1500,4,'',0,1500,4,'',0,5500,4,'',0,1500,4,'',0,1500,4,'',0,2000,4,'',0,5300,4,'',0,1500,4,'',0,700,4,'',0,800,4,'',0,1500,4,'',0,5700,4,'',0,1300,4,'',0,1400,4,'',0,1400,4,'',0,6300,4,'',0,2000,4,'',0,2000,4,'',0,6000,4,'',0,2000,4,'',0,2000,4,'',0,6000,4,'',0,2000,4,'',0,2000,4,'',0,6000,4,'',0,2000,4,'',0,2000,4,'',0,6000,4,'',0,2300,4,'',0,1900,4,'',0,6100,4,'',0,1400,4,'',0,1400,4,'',0,5500,4,'',0,1600,4,'',0,1500,4,'',0,1500,4,'',0,5500,4,'',0,1500,4,'',0,1300,4,'',0,1500,4,'',0,5800,4,'',0,1700,4,'',0,2000,4,'',0,6900,4,'',0,3200,4,'',0,6900,4,'',0,3000,4,'',0,7400,4,'',0,3300,4,'',0,10100,4,'',0,10000,4,'',0,9600,4,'',0,6700,4,'',0,4000,4,'',0
'1merged13526174',666201,54500,,'',0,6400,,'',0,2100,,'',0,1500,,'',0,5500,,'',0,1500,,'',0,1500,,'',0,1500,,'',0,5800,,'',0,1300,,'',0,1500,,'',0,800,,'',0,700,,'',0,5500,,'',0,1700,,'',0,1300,,'',0,1500,,'',0,5900,,'',0,2000,,'',0,2000,,'',0,6000,,'',0,2000,,'',0,2000,,'',0,6000,,'',0,2000,,'',0,2000,,'',0,6000,,'',0,2000,,'',0,2000,,'',0,6000,,'',0,2000,,'',0,2000,,'',0,6200,,'',0,1800,,'',0,1500,,'',0,1500,,'',0,5500,,'',0,1500,,'',0,1500,,'',0,1500,,'',0,5500,,'',0,1500,,'',0,1500,,'',0,1500,,'',0,5600,,'',0,1800,,'',0,2200,,'',0,6500,,'',0,3200,,'',0,7000,,'',0,3000,,'',0,9100,,'',0,9800,,'',0,10000,,'',0,10000,,'',0,8100,,'',0
'2merged13526179',666200,61000,4,'',0,3000,4,'',0,7000,4,'',0,3100,4,'',0,7100,4,'',0,3200,4,'',0,7000,4,'',0,3000,4,'',0,7000,4,'',0,3000,4,'',0,7200,4,'',0,3000,4,'',0,7000,4,'',0,2900,4,'',0,7100,4,'',0,3100,4,'',0,7000,4,'',0,2900,4,'',0,7000,4,'',0,3000,4,'',0,7000,4,'',0,3000,4,'',0,7000,4,'',0,3000,4,'',0,6900,4,'',0,3000,4,'',0,7000,4,'',0,3000,4,'',0,6800,4,'',0,3000,4,'',0,7000,4,'',0,3500,4,'',0,10000,4,'',0,9900,4,'',0,16000,4,'',0,10000,4,'',0
'2merged13526179',666201,55500,,'',0,6900,,'',0,3100,,'',0,7000,,'',0,3000,,'',0,7000,,'',0,3000,,'',0,7000,,'',0,3000,,'',0,7000,,'',0,3000,,'',0,7000,,'',0,3000,,'',0,7000,,'',0,3000,,'',0,7000,,'',0,3000,,'',0,7000,,'',0,3000,,'',0,7000,,'',0,3000,,'',0,7000,,'',0,3000,,'',0,7000,,'',0,3000,,'',0,7000,,'',0,3000,,'',0,7000,,'',0,3000,,'',0,7000,,'',0,3000,,'',0,7000,,'',0,10500,,'',0,10000,,'',0,10000,,'',0,10000,,'',0
'3merged13526178',666200,91200,4,'',0,3000,4,'',0,7000,4,'',0,3000,4,'',0,7000,4,'',0,3000,4,'',0,7200,4,'',0,3000,4,'',0,7000,4,'',0,3000,4,'',0,7100,4,'',0,3000,4,'',0,7300,4,'',0,3000,4,'',0,7000,4,'',0,3000,4,'',0,6900,4,'',0,3000,4,'',0,6700,4,'',0,3000,4,'',0,7000,4,'',0,3000,4,'',0,7000,4,'',0,3000,4,'',0,7000,4,'',0,3500,4,'',0,10000,4,'',0,10000,4,'',0,9900,4,'',0
'3merged13526178',666201,82500,,'',0,3000,,'',0,7000,,'',0,3000,,'',0,7000,,'',0,3000,,'',0,7000,,'',0,3000,,'',0,7000,,'',0,3000,,'',0,7000,,'',0,3000,,'',0,7000,,'',0,3000,,'',0,7000,,'',0,3000,,'',0,7000,,'',0,3000,,'',0,7000,,'',0,3000,,'',0,7000,,'',0,3000,,'',0,7000,,'',0,3000,,'',0,7000,,'',0,3000,,'',0,7000,,'',0,10500,,'',0,10000,,'',0,10000,,'',0
'101merged13526185',666301,155000,,'',0
'1merged13526174',666300,62900,4,'',0,2100,4,'',0,6100,4,'',0,2300,4,'',0,1800,4,'',0,5800,4,'',0,1800,4,'',0,2200,4,'',0,5800,4,'',0,2200,4,'',0,7000,4,'',0,3100,4,'',0,7200,4,'',0,3000,4,'',0,7100,4,'',0,3000,4,'',0,6900,4,'',0,3000,4,'',0,7100,4,'',0,3200,4,'',0,7300,4,'',0,1600,4,'',0,3200,4,'',0,5900,4,'',0,1900,4,'',0,2000,4,'',0,6000,4,'',0,2000,4,'',0,1400,4,'',0,6100,4,'',0,2000,4,'',0,2000,4,'',0,6200,4,'',0,2200,4,'',0,6600,4,'',0,3000,4,'',0,2900,4,'',0,7000,4,'',0,9300,4,'',0,9800,4,'',0,10000,4,'',0
'1merged13526174',666301,51300,,'',0,2900,,'',0,6000,,'',0,2000,,'',0,2000,,'',0,1700,,'',0,6000,,'',0,2200,,'',0,6400,,'',0,2000,,'',0,1500,,'',0,1800,,'',0,5700,,'',0,2300,,'',0,7200,,'',0,3000,,'',0,7000,,'',0,3000,,'',0,7000,,'',0,3000,,'',0,7000,,'',0,3000,,'',0,7000,,'',0,3200,,'',0,7300,,'',0,1700,,'',0,7600,,'',0,2000,,'',0,2000,,'',0,6100,,'',0,2000,,'',0,2300,,'',0,6600,,'',0,2100,,'',0,6200,,'',0,3200,,'',0,7200,,'',0,3000,,'',0,7000,,'',0,10000,,'',0,10000,,'',0,9900,,'',0
'201',666301,155000,,'',0
'2merged13526179',666300,55700,4,'',0,7000,4,'',0,3000,4,'',0,7200,4,'',0,7100,4,'',0,3000,4,'',0,7000,4,'',0,3000,4,'',0,7000,4,'',0,3100,4,'',0,7200,4,'',0,3000,4,'',0,7000,4,'',0,3100,4,'',0,7000,4,'',0,3000,4,'',0,7000,4,'',0,3000,4,'',0,7000,4,'',0,3000,4,'',0,7000,4,'',0,3000,4,'',0,7000,4,'',0,3000,4,'',0,7000,4,'',0,3000,4,'',0,6800,4,'',0,2900,4,'',0,7000,4,'',0,3000,4,'',0,7000,4,'',0,2000,4,'',0,10000,4,'',0,9900,4,'',0,10000,4,'',0
'2merged13526179',666301,54000,,'',0,7000,,'',0,3000,,'',0,7000,,'',0,3000,,'',0,7000,,'',0,3000,,'',0,7000,,'',0,3000,,'',0,7000,,'',0,3000,,'',0,7000,,'',0,3000,,'',0,7000,,'',0,3000,,'',0,7000,,'',0,3000,,'',0,7000,,'',0,3000,,'',0,7000,,'',0,3000,,'',0,7000,,'',0,3000,,'',0,7000,,'',0,3000,,'',0,7000,,'',0,3200,,'',0,6800,,'',0,2600,,'',0,7000,,'',0,3000,,'',0,7000,,'',0,9900,,'',0,10000,,'',0,10000,,'',0
'3merged13526178',666300,85800,4,'',0,7000,4,'',0,3100,4,'',0,7100,4,'',0,7100,4,'',0,3100,4,'',0,7000,4,'',0,3000,4,'',0,7000,4,'',0,3000,4,'',0,7000,4,'',0,3000,4,'',0,7300,4,'',0,3000,4,'',0,7000,4,'',0,3000,4,'',0,7000,4,'',0,2900,4,'',0,7000,4,'',0,3000,4,'',0,6900,4,'',0,2900,4,'',0,7000,4,'',0,3000,4,'',0,6900,4,'',0,1900,4,'',0,10000,4,'',0,10000,4,'',0,10000,4,'',0
'3merged13526178',666301,81000,,'',0,3000,,'',0,7000,,'',0,3000,,'',0,7000,,'',0,3000,,'',0,7000,,'',0,3000,,'',0,7000,,'',0,3000,,'',0,7000,,'',0,3000,,'',0,7000,,'',0,3000,,'',0,7000,,'',0,3000,,'',0,7000,,'',0,3000,,'',0,7000,,'',0,3000,,'',0,7000,,'',0,3000,,'',0,7000,,'',0,2700,,'',0,7000,,'',0,3000,,'',0,7000,,'',0,9800,,'',0,10000,,'',0,10000,,'',0
