'1merged13592254',3004400,221400,4,'',0,10000,4,'',0,10000,4,'',0
'1merged13592254',3004401,221400,,'',0,10000,,'',0
'2merged13592256',3004400,231200,4,'',0,10100,4,'',0
'2merged13592256',3004401,231200,,'',0
'3merged13592255',3004400,231400,4,'',0,9900,4,'',0
'3merged13592255',3004401,231400,,'',0
'1merged13592254',3004500,62400,4,'',0,7900,4,'',0,2800,4,'',0,2500,4,'',0,6700,4,'',0,2900,4,'',0,6700,4,'',0,3000,4,'',0,7300,4,'',0,3000,4,'',0,6700,4,'',0,2900,4,'',0,7400,4,'',0,3300,4,'',0,6500,4,'',0,3300,4,'',0,7000,4,'',0,2800,4,'',0,7600,4,'',0,2800,4,'',0,6700,4,'',0,7800,4,'',0,3000,4,'',0,2900,4,'',0,7700,4,'',0,2000,4,'',0,7200,4,'',0,8300,4,'',0,10000,4,'',0
'1merged13592254',3004501,53000,,'',0,7000,,'',0,2400,,'',0,7900,,'',0,2800,,'',0,2500,,'',0,6700,,'',0,2900,,'',0,6700,,'',0,3000,,'',0,7300,,'',0,3000,,'',0,6700,,'',0,2900,,'',0,7400,,'',0,3300,,'',0,6500,,'',0,3300,,'',0,7000,,'',0,2800,,'',0,7600,,'',0,2800,,'',0,6700,,'',0,7800,,'',0,3000,,'',0,2900,,'',0,7700,,'',0,2000,,'',0,7200,,'',0,8300,,'',0,10000,,'',0
'2merged13592256',3004500,84400,4,'',0,7000,4,'',0,3000,4,'',0,7000,4,'',0,3000,4,'',0,7000,4,'',0,3000,4,'',0,7000,4,'',0,3400,4,'',0,7200,4,'',0,3000,4,'',0,7000,4,'',0,2800,4,'',0,7000,4,'',0,3000,4,'',0,7000,4,'',0,3000,4,'',0,7000,4,'',0,3100,4,'',0,6700,4,'',0,3000,4,'',0,7000,4,'',0,3000,4,'',0,7400,4,'',0,2700,4,'',0
'2merged13592256',3004501,84400,,'',0,7000,,'',0,3000,,'',0,7000,,'',0,3000,,'',0,7000,,'',0,3000,,'',0,7000,,'',0,3400,,'',0,7200,,'',0,3000,,'',0,7000,,'',0,2800,,'',0,7000,,'',0,3000,,'',0,7000,,'',0,3000,,'',0,7000,,'',0,3100,,'',0,6700,,'',0,3000,,'',0,7000,,'',0,3000,,'',0,7400,,'',0,2700,,'',0
'3merged13592255',3004500,84600,4,'',0,7000,4,'',0,3000,4,'',0,7000,4,'',0,3000,4,'',0,7000,4,'',0,3000,4,'',0,7000,4,'',0,3500,4,'',0,7000,4,'',0,3000,4,'',0,7000,4,'',0,3000,4,'',0,7000,4,'',0,3000,4,'',0,7000,4,'',0,3000,4,'',0,7000,4,'',0,3000,4,'',0,7000,4,'',0,3000,4,'',0,7000,4,'',0,2900,4,'',0,7000,4,'',0,3000,4,'',0
'3merged13592255',3004501,84600,,'',0,7000,,'',0,3000,,'',0,7000,,'',0,3000,,'',0,7000,,'',0,3000,,'',0,7000,,'',0,3500,,'',0,7000,,'',0,3000,,'',0,7000,,'',0,3000,,'',0,7000,,'',0,3000,,'',0,7000,,'',0,3000,,'',0,7000,,'',0,3000,,'',0,7000,,'',0,3000,,'',0,7000,,'',0,2900,,'',0,7000,,'',0,3000,,'',0
