'101',665200,153500,,'',0
'1merged13719059',665200,51500,,'',0,9000,,'',0,3000,,'',0,7000,,'',0,3100,,'',0,6900,,'',0,3000,,'',0,7000,,'',0,3000,,'',0,7000,,'',0,3000,,'',0,7000,,'',0,3000,,'',0,7000,,'',0,3000,,'',0,7000,,'',0,3100,,'',0,6900,,'',0,3000,,'',0,7000,,'',0,10000,,'',0,3000,,'',0,7000,,'',0,3300,,'',0,6700,,'',0,3000,,'',0,7000,,'',0,3000,,'',0,7000,,'',0,3000,,'',0,7000,,'',0,3000,,'',0,10100,,'',0,9900,,'',0,10000,,'',0
'201',665200,153500,,'',0
'2merged13719060',665200,61500,,'',0,3000,,'',0,7000,,'',0,2800,,'',0,7200,,'',0,3000,,'',0,7000,,'',0,3000,,'',0,7000,,'',0,3000,,'',0,7000,,'',0,3000,,'',0,7000,,'',0,3000,,'',0,7000,,'',0,3000,,'',0,7000,,'',0,2900,,'',0,7100,,'',0,3000,,'',0,7000,,'',0,2800,,'',0,7100,,'',0,3100,,'',0,7000,,'',0,3000,,'',0,7000,,'',0,3000,,'',0,7000,,'',0,3000,,'',0,7000,,'',0,3000,,'',0,9200,,'',0,9400,,'',0,10000,,'',0
'3merged13719057',665200,71500,,'',0,3000,,'',0,7000,,'',0,3000,,'',0,7000,,'',0,3000,,'',0,7000,,'',0,3000,,'',0,7000,,'',0,3000,,'',0,7000,,'',0,3000,,'',0,7000,,'',0,3000,,'',0,7000,,'',0,3000,,'',0,7000,,'',0,3000,,'',0,7000,,'',0,3000,,'',0,7000,,'',0,3000,,'',0,7000,,'',0,3000,,'',0,7000,,'',0,3000,,'',0,7000,,'',0,3000,,'',0,7000,,'',0,2800,,'',0,9400,,'',0,8400,,'',0,10000,,'',0
'1merged13719059',665401,55800,4,'',0,7100,4,'',0,3000,4,'',0,7200,4,'',0,2800,4,'',0,6900,4,'',0,3000,4,'',0,7100,4,'',0,7100,4,'',0,3000,4,'',0,7000,4,'',0,3000,4,'',0,7000,4,'',0,3000,4,'',0,7000,4,'',0,3100,4,'',0,2800,4,'',0,6900,4,'',0,3000,4,'',0,14200,4,'',0,3000,4,'',0,7000,4,'',0,3300,4,'',0,6700,4,'',0,2900,4,'',0,3000,4,'',0,7000,4,'',0,3000,4,'',0,7000,4,'',0,3000,4,'',0,6800,4,'',0,7400,4,'',0,2900,4,'',0,2900,4,'',0,6800,4,'',0,10000,4,'',0,8700,4,'',0
'2merged13719060',665401,70300,4,'',0,3000,4,'',0,7200,4,'',0,3000,4,'',0,7000,4,'',0,3000,4,'',0,7000,4,'',0,3000,4,'',0,7100,4,'',0,3100,4,'',0,7000,4,'',0,3000,4,'',0,7000,4,'',0,3100,4,'',0,7000,4,'',0,3000,4,'',0,7000,4,'',0,3000,4,'',0,7000,4,'',0,2900,4,'',0,7100,4,'',0,3000,4,'',0,7000,4,'',0,3000,4,'',0,7000,4,'',0,3000,4,'',0,6800,4,'',0,3400,4,'',0,6400,4,'',0,3000,4,'',0,7000,4,'',0,2800,4,'',0,7200,4,'',0,10000,4,'',0,9800,4,'',0
'3merged13719057',665401,80500,4,'',0,3000,4,'',0,7000,4,'',0,3100,4,'',0,7000,4,'',0,3000,4,'',0,7000,4,'',0,3100,4,'',0,7000,4,'',0,3100,4,'',0,7100,4,'',0,3000,4,'',0,7000,4,'',0,3000,4,'',0,7000,4,'',0,3000,4,'',0,7000,4,'',0,3100,4,'',0,6900,4,'',0,3000,4,'',0,7000,4,'',0,3000,4,'',0,7000,4,'',0,2700,4,'',0,7000,4,'',0,3200,4,'',0,6700,4,'',0,3000,4,'',0,6500,4,'',0,3200,4,'',0,6800,4,'',0,10000,4,'',0,10400,4,'',0
'1merged13719059',684101,41110,,'',0,2900,,'',0,1220,,'',0,200380,,'',0,7000,,'',0,7500,,'',0,3000,,'',0,7000,,'',0,3500,,'',0
'2merged13719060',684101,40720,,'',0,3000,,'',0,7200,,'',0,2800,,'',0,6910,,'',0,185090,,'',0,7500,,'',0,8000,,'',0,2000,,'',0,7000,,'',0,3500,,'',0
'3merged13719057',684101,40920,,'',0,3000,,'',0,7000,,'',0,3000,,'',0,6910,,'',0,2500,,'',0,179500,,'',0,2900,,'',0,7000,,'',0,3000,,'',0,7000,,'',0,7600,,'',0,3200,,'',0
