'259701',677700,44500,,'',0,10000,,'',0,10500,,'',0,10500,,'',0,14500,,'',0,11000,,'',0,21500,,'',0,19000,,'',0,10500,,'',0,10500,,'',0,11000,,'',0,10500,,'',0,16000,,'',0
'259701',677701,54000,4,'',0,10000,4,'',0,10500,4,'',0,10500,4,'',0,10500,4,'',0,25500,4,'',0,19000,4,'',0,11000,4,'',0,10500,4,'',0,10500,4,'',0,11000,4,'',0,10500,4,'',0,16500,4,'',0
'259702',677700,75500,,'',0,25500,,'',0,22000,,'',0,18500,,'',0,21000,,'',0,21500,,'',0
'259702',677701,100000,4,'',0,21000,4,'',0,19000,4,'',0,21500,4,'',0,21500,4,'',0,10500,4,'',0
'259703',677700,75500,,'',0,25500,,'',0,22000,,'',0,18500,,'',0,21000,,'',0,21500,,'',0
'259703',677701,100000,4,'',0,21000,4,'',0,19000,4,'',0,21500,4,'',0,21500,4,'',0,10500,4,'',0
'4901merged13993351',677700,44500,,'',0,10000,,'',0,10500,,'',0,10500,,'',0,14500,,'',0,11000,,'',0,21500,,'',0,19000,,'',0,10500,,'',0,10500,,'',0,11000,,'',0,10500,,'',0,10000,,'',0
'4901merged13993351',677701,54000,4,'',0,10000,4,'',0,10500,4,'',0,10500,4,'',0,10500,4,'',0,25500,4,'',0,19000,4,'',0,11000,4,'',0,10500,4,'',0,10500,4,'',0,11000,4,'',0,10500,4,'',0,10500,4,'',0
'4902merged13993353',677700,75500,,'',0,25500,,'',0,22000,,'',0,18500,,'',0,21000,,'',0,21500,,'',0
'4902merged13993353',677701,100000,4,'',0,21000,4,'',0,19000,4,'',0,21500,4,'',0,21500,4,'',0,10500,4,'',0
'4903merged13993352',677700,75500,,'',0,25500,,'',0,22000,,'',0,18500,,'',0,21000,,'',0,21500,,'',0
'4903merged13993352',677701,100000,4,'',0,21000,4,'',0,19000,4,'',0,21500,4,'',0,21500,4,'',0,10500,4,'',0
