'1201merged13785237',677900,202800,4,'',0,10000,4,'',0,10000,4,'',0,10100,4,'',0
'1201merged13785237',677901,202900,,'',0,10000,,'',0,10000,,'',0,10100,,'',0
'1merged13785245',677900,64800,4,'',0,9500,4,'',0,10000,4,'',0,10000,4,'',0,10000,4,'',0,10000,4,'',0,10000,4,'',0,9500,4,'',0,10000,4,'',0,10000,4,'',0,10000,4,'',0,9800,4,'',0,10200,4,'',0,9500,4,'',0
'1merged13785245',677901,64900,,'',0,9500,,'',0,10000,,'',0,10000,,'',0,10000,,'',0,10000,,'',0,10000,,'',0,9500,,'',0,10000,,'',0,10000,,'',0,10000,,'',0,9800,,'',0,10200,,'',0,9700,,'',0
'2merged13785247',677900,94300,4,'',0,10000,4,'',0,10000,4,'',0,10000,4,'',0,9500,4,'',0,10000,4,'',0,10000,4,'',0,10000,4,'',0,10000,4,'',0,17500,4,'',0,10000,4,'',0,10000,4,'',0,10000,4,'',0,10000,4,'',0
'2merged13785247',677901,94400,,'',0,10000,,'',0,10000,,'',0,10000,,'',0,9500,,'',0,10000,,'',0,10000,,'',0,10000,,'',0,10000,,'',0,17500,,'',0,10000,,'',0,10000,,'',0,10000,,'',0,10000,,'',0
'35303',677900,193800,4,'',0,10000,4,'',0,10000,4,'',0,10000,4,'',0,10000,4,'',0,10000,4,'',0
'35303',677901,193900,,'',0,10000,,'',0,10000,,'',0,10000,,'',0,10000,,'',0,10000,,'',0
'3merged13785246',677900,104300,4,'',0,10000,4,'',0,10000,4,'',0,9500,4,'',0,10000,4,'',0,10000,4,'',0,10000,4,'',0,10000,4,'',0,10000,4,'',0
'3merged13785246',677901,104400,,'',0,10000,,'',0,10000,,'',0,9500,,'',0,10000,,'',0,10000,,'',0,10000,,'',0,10000,,'',0,10000,,'',0
