'152201merged13526182',1671800,203500,0,'Downtown',0,1500,0,'Downtown',0,5500,0,'Downtown',0,1500,0,'Downtown',0,1900,0,'Downtown',0,2000,0,'Downtown',0,6000,0,'Downtown',0,2100,0,'Downtown',0,6000,0,'Downtown',0,3000,0,'Downtown',0,1600,0,'Downtown',0,5500,0,'Downtown',0,1500,0,'Downtown',0,1500,0,'Downtown',0,7000,0,'Downtown',0
'152201merged13526182',1671801,214100,4,'',0,1300,4,'',0,5500,4,'',0,1500,4,'',0,1500,4,'',0,1300,4,'',0,6000,4,'',0,2000,4,'',0,1900,4,'',0,6000,4,'',0,3000,4,'',0,1500,4,'',0,5500,4,'',0,1500,4,'',0,1500,4,'',0,7000,4,'',0,800,4,'',0
'152301merged13526184',1671800,203500,0,'Downtown',0,1500,0,'Downtown',0,5500,0,'Downtown',0,1500,0,'Downtown',0,1900,0,'Downtown',0,2000,0,'Downtown',0,6000,0,'Downtown',0,2100,0,'Downtown',0,6000,0,'Downtown',0,3000,0,'Downtown',0,1600,0,'Downtown',0,5500,0,'Downtown',0,1500,0,'Downtown',0,1500,0,'Downtown',0,7000,0,'Downtown',0
'152301merged13526184',1671801,214100,4,'',0,1300,4,'',0,5500,4,'',0,1500,4,'',0,1500,4,'',0,1300,4,'',0,6000,4,'',0,2000,4,'',0,1900,4,'',0,6000,4,'',0,3000,4,'',0,1500,4,'',0,5500,4,'',0,1500,4,'',0,1500,4,'',0,7000,4,'',0,800,4,'',0
'152302',1671800,30000,0,'Downtown',0,3000,0,'Downtown',0
'152302',1671801,35900,4,'',0
'152303',1671800,30000,0,'Downtown',0,3000,0,'Downtown',0
'152303',1671801,35700,4,'',0
'1merged13526174',1671800,30000,0,'Downtown',0,3000,0,'Downtown',0,7500,0,'Downtown',0,3000,,'',0,7200,,'',0,2500,,'',0,2500,,'',0,5500,,'',0,1500,,'',0,1400,,'',0,1600,,'',0,5500,,'',0,1300,,'',0,1200,,'',0,1200,,'',0,5300,,'',0,1100,,'',0,1300,,'',0,1300,,'',0,1300,,'',0,5500,,'',0,1500,,'',0,1500,,'',0,1500,,'',0,5500,,'',0,1500,,'',0,1500,,'',0,1500,,'',0,5500,,'',0,1500,,'',0,1500,,'',0,1500,,'',0,5500,,'',0,1500,,'',0,1500,,'',0,1500,,'',0,5500,,'',0,1500,,'',0,1300,,'',0,1200,,'',0,1200,,'',0,5100,,'',0,1200,,'',0,1200,,'',0,1200,,'',0,1200,,'',0,5100,,'',0,1000,,'',0,1000,,'',0,1000,,'',0,1000,,'',0,1000,,'',0,5000,,'',0,1000,,'',0,1100,,'',0,1000,,'',0,1000,,'',0,5000,,'',0,1000,,'',0,1000,,'',0,1300,,'',0,1200,,'',0,1200,,'',0,5400,,'',0,1200,,'',0,1200,,'',0,1200,0,'Downtown',0,5600,0,'Downtown',0,1500,0,'Downtown',0,1500,0,'Downtown',0,1500,0,'Downtown',0,5500,0,'Downtown',0,1500,0,'Downtown',0
'1merged13526174',1671801,35700,4,'',0,7000,4,'',0,7500,4,'',0,3000,4,'',0,7000,4,'',0,2300,4,'',0,1400,4,'',0,1400,4,'',0,5100,4,'',0,1400,4,'',0,1800,4,'',0,1300,4,'',0,5400,4,'',0,1600,4,'',0,2000,4,'',0,1600,4,'',0,5900,4,'',0,1200,4,'',0,1500,4,'',0,1300,4,'',0,5300,4,'',0,1500,4,'',0,1500,4,'',0,1500,4,'',0,5600,4,'',0,1500,4,'',0,1700,4,'',0,1500,4,'',0,5600,4,'',0,1500,4,'',0,1500,4,'',0,1500,4,'',0,5600,4,'',0,1500,4,'',0,1800,4,'',0,5500,4,'',0,1300,4,'',0,1500,4,'',0,1800,4,'',0,5700,4,'',0,1500,4,'',0,1400,4,'',0,1400,4,'',0,1200,4,'',0,5200,4,'',0,1300,4,'',0,1100,4,'',0,1000,4,'',0,1000,4,'',0,5000,4,'',0,1000,4,'',0,1100,4,'',0,1000,4,'',0,1000,4,'',0,1000,4,'',0,5100,4,'',0,1100,4,'',0,1000,4,'',0,800,4,'',0,1000,4,'',0,1200,4,'',0,5300,4,'',0,1200,4,'',0,800,4,'',0,1200,4,'',0,1200,4,'',0,4600,4,'',0,1100,4,'',0,1500,4,'',0,1500,4,'',0,1500,4,'',0,5500,4,'',0,1500,4,'',0
'2merged13526179',1671800,40500,0,'Downtown',0,3000,,'',0,7400,,'',0,3000,,'',0,1500,,'',0,5600,,'',0,1600,,'',0,1600,,'',0,1600,,'',0,5500,,'',0,1500,,'',0,1500,,'',0,1300,,'',0,5400,,'',0,1500,,'',0,1500,,'',0,1500,,'',0,5500,,'',0,1500,,'',0,1500,,'',0,1400,,'',0,5400,,'',0,1300,,'',0,1300,,'',0,1200,,'',0,1200,,'',0,5000,,'',0,1200,,'',0,1200,,'',0,1200,,'',0,1200,,'',0,5200,,'',0,1000,,'',0,1000,,'',0,1000,,'',0,1000,,'',0,1000,,'',0,4800,,'',0,1000,,'',0,1000,,'',0,1000,,'',0,1000,,'',0,1000,,'',0,4800,,'',0,1000,,'',0,1000,,'',0,1000,,'',0,1000,,'',0,1000,,'',0,5000,,'',0,1100,,'',0,1000,,'',0,1000,,'',0,1000,,'',0,1000,,'',0,5000,,'',0,1000,,'',0,1000,,'',0,1000,,'',0,1100,,'',0,1000,,'',0,5200,,'',0,1100,,'',0,1100,,'',0,1200,,'',0,1200,,'',0,5200,,'',0,1200,,'',0,1300,,'',0,1400,0,'Downtown',0,5600,0,'Downtown',0,1500,0,'Downtown',0,1700,0,'Downtown',0,1500,0,'Downtown',0,5600,0,'Downtown',0,1400,0,'Downtown',0,1500,0,'Downtown',0,1500,0,'Downtown',0,5500,0,'Downtown',0,1500,0,'Downtown',0,2000,0,'Downtown',0,2000,0,'Downtown',0,6000,0,'Downtown',0,2200,0,'Downtown',0,6100,0,'Downtown',0,2400,0,'Downtown',0,3100,0,'Downtown',0,7000,0,'Downtown',0,3000,0,'Downtown',0
'2merged13526179',1671801,42900,4,'',0,7500,4,'',0,4200,4,'',0,6900,4,'',0,1900,4,'',0,1900,4,'',0,5500,4,'',0,1500,4,'',0,1500,4,'',0,1700,4,'',0,5500,4,'',0,1500,4,'',0,1700,4,'',0,1700,4,'',0,5700,4,'',0,1500,4,'',0,1700,4,'',0,5700,4,'',0,1500,4,'',0,1700,4,'',0,1500,4,'',0,5900,4,'',0,1300,4,'',0,1400,4,'',0,1200,4,'',0,5400,4,'',0,1200,4,'',0,1500,4,'',0,1200,4,'',0,1200,4,'',0,5400,4,'',0,1200,4,'',0,1200,4,'',0,1000,4,'',0,1000,4,'',0,5200,4,'',0,1000,4,'',0,1000,4,'',0,1100,4,'',0,1000,4,'',0,1000,4,'',0,5000,4,'',0,1000,4,'',0,1000,4,'',0,1000,4,'',0,1000,4,'',0,1000,4,'',0,5000,4,'',0,1000,4,'',0,1000,4,'',0,1000,4,'',0,1000,4,'',0,1000,4,'',0,5000,4,'',0,1000,4,'',0,1000,4,'',0,800,4,'',0,1000,4,'',0,1000,4,'',0,5000,4,'',0,1000,4,'',0,1000,4,'',0,800,4,'',0,1100,4,'',0,1200,4,'',0,5100,4,'',0,1300,4,'',0,1200,4,'',0,600,4,'',0,1400,4,'',0,5300,4,'',0,1100,4,'',0,1500,4,'',0,1500,4,'',0,5600,4,'',0,1300,4,'',0,1600,4,'',0,1100,4,'',0,1600,4,'',0,5500,4,'',0,1500,4,'',0,1500,4,'',0,1600,4,'',0,6000,4,'',0,2000,4,'',0,2000,4,'',0,6100,4,'',0,2100,4,'',0,7000,4,'',0,3000,4,'',0,7000,4,'',0,900,4,'',0
'32501merged13526177',1671800,213500,0,'Granville',0,10500,0,'Granville',0,9600,0,'Granville',0
'32501merged13526177',1671801,240800,4,'',0,2800,4,'',0,7200,4,'',0,2900,4,'',0,7200,4,'',0
'3merged13526178',1671800,40500,0,'Downtown',0,2900,0,'Downtown',0,7400,,'',0,2700,,'',0,1800,,'',0,5900,,'',0,2600,,'',0,2000,,'',0,5800,,'',0,1700,,'',0,1000,,'',0,1100,,'',0,5500,,'',0,1500,,'',0,1400,,'',0,1500,,'',0,5200,,'',0,1500,,'',0,1500,,'',0,1500,,'',0,5400,,'',0,1500,,'',0,1400,,'',0,1400,,'',0,5500,,'',0,1500,,'',0,1400,,'',0,1400,,'',0,1300,,'',0,5100,,'',0,1100,,'',0,1200,,'',0,1000,,'',0,1200,,'',0,5200,,'',0,1200,,'',0,1200,,'',0,1300,,'',0,1200,,'',0,5200,,'',0,1200,,'',0,1200,,'',0,1200,,'',0,1200,,'',0,5200,,'',0,1200,,'',0,1200,,'',0,1200,,'',0,1100,,'',0,5300,,'',0,1100,,'',0,1200,,'',0,1200,,'',0,1200,,'',0,5200,,'',0,1200,,'',0,1200,,'',0,1400,,'',0,1500,,'',0,5700,,'',0,1800,,'',0,1800,0,'Downtown',0,5500,0,'Downtown',0,1500,0,'Downtown',0,1500,0,'Downtown',0,1500,0,'Downtown',0,5600,0,'Downtown',0,1500,0,'Downtown',0,1600,0,'Downtown',0,1500,0,'Downtown',0,5500,0,'Downtown',0,1500,0,'Downtown',0,1900,0,'Downtown',0,6000,0,'Downtown',0,2200,0,'Downtown',0,1900,0,'Downtown',0,6000,0,'Downtown',0,2400,0,'Downtown',0,7200,0,'Downtown',0,3000,0,'Downtown',0,7000,0,'Downtown',0
'3merged13526178',1671801,42700,4,'',0,7500,4,'',0,3400,4,'',0,7000,4,'',0,4700,4,'',0,6400,4,'',0,1900,4,'',0,2000,4,'',0,5800,4,'',0,1700,4,'',0,1500,4,'',0,5900,4,'',0,1900,4,'',0,1500,4,'',0,1700,4,'',0,5500,4,'',0,1500,4,'',0,1400,4,'',0,1700,4,'',0,5500,4,'',0,1700,4,'',0,1500,4,'',0,5800,4,'',0,1600,4,'',0,1500,4,'',0,1500,4,'',0,5500,4,'',0,1300,4,'',0,1500,4,'',0,1200,4,'',0,1500,4,'',0,5200,4,'',0,1200,4,'',0,1200,4,'',0,1200,4,'',0,1200,4,'',0,5200,4,'',0,1200,4,'',0,1200,4,'',0,1200,4,'',0,1200,4,'',0,5200,4,'',0,1200,4,'',0,1200,4,'',0,1200,4,'',0,1200,4,'',0,5200,4,'',0,1200,4,'',0,1300,4,'',0,1200,4,'',0,1200,4,'',0,5200,4,'',0,1200,4,'',0,1300,4,'',0,1300,4,'',0,5100,4,'',0,1500,4,'',0,1300,4,'',0,1500,4,'',0,5900,4,'',0,600,4,'',0,1500,4,'',0,1500,4,'',0,1500,4,'',0,5500,4,'',0,1500,4,'',0,1500,4,'',0,1100,4,'',0,5500,4,'',0,1500,4,'',0,1500,4,'',0,1700,4,'',0,6000,4,'',0,2200,4,'',0,1800,4,'',0,6000,4,'',0,2400,4,'',0,7000,4,'',0,3000,4,'',0,7000,4,'',0,900,4,'',0
