'259701',677800,53500,4,'',0,10000,4,'',0,10500,4,'',0,10500,4,'',0,25500,4,'',0,22000,4,'',0,9500,4,'',0,9000,4,'',0,10500,4,'',0,10500,4,'',0,11000,4,'',0,10500,4,'',0,12500,4,'',0
'259701',677801,45500,,'',0,10000,,'',0,14500,,'',0,10500,,'',0,10500,,'',0,22000,,'',0,20500,,'',0,9000,,'',0,10500,,'',0,11000,,'',0,10500,,'',0,10500,,'',0,16500,,'',0
'259702',677800,85000,4,'',0,25500,4,'',0,21500,4,'',0,18500,4,'',0,21000,4,'',0,21500,4,'',0
'259702',677801,85000,,'',0,25500,,'',0,21500,,'',0,19000,,'',0,21500,,'',0
'259703',677800,85000,4,'',0,25500,4,'',0,21500,4,'',0,18500,4,'',0,21000,4,'',0,21500,4,'',0
'259703',677801,85000,,'',0,25500,,'',0,21500,,'',0,19000,,'',0,21500,,'',0
'4901',677800,53500,4,'',0,10000,4,'',0,10500,4,'',0,10500,4,'',0,25500,4,'',0,22000,4,'',0,9500,4,'',0,9000,4,'',0,10500,4,'',0,11000,4,'',0,10500,4,'',0,11000,4,'',0,10500,4,'',0
'4901',677801,45500,,'',0,10000,,'',0,14500,,'',0,10500,,'',0,10500,,'',0,22000,,'',0,20500,,'',0,9000,,'',0,10500,,'',0,11000,,'',0,10500,,'',0,11000,,'',0,14500,,'',0
'4902',677800,85000,4,'',0,25500,4,'',0,21500,4,'',0,18500,4,'',0,21000,4,'',0,22000,4,'',0
'4902',677801,85000,,'',0,26000,,'',0,21000,,'',0,19000,,'',0,21500,,'',0
'4903',677800,85000,4,'',0,25500,4,'',0,21500,4,'',0,18500,4,'',0,21000,4,'',0,22000,4,'',0
'4903',677801,85000,,'',0,26000,,'',0,21000,,'',0,19000,,'',0,21500,,'',0
