'1merged13592254',678000,63500,,'',0,1500,,'',0,5500,,'',0,1500,,'',0,1500,,'',0,1000,,'',0,6000,,'',0,1500,,'',0,1500,,'',0,1500,,'',0,5500,,'',0,3000,,'',0,7000,,'',0,2700,,'',0,7300,,'',0,3000,,'',0,7000,,'',0,3000,,'',0,7200,,'',0,2800,,'',0,7000,,'',0,3000,,'',0,7000,,'',0,1500,,'',0,1500,,'',0,1500,,'',0,5500,,'',0,1500,,'',0,1500,,'',0,1500,,'',0,5500,,'',0,1500,,'',0,1500,,'',0,1500,,'',0,5500,,'',0,1500,,'',0,1500,,'',0,7000,,'',0,3000,,'',0,11100,,'',0,10000,,'',0,9900,,'',0
'1merged13592254',678001,64200,4,'',0,1500,4,'',0,5400,4,'',0,1500,4,'',0,1100,4,'',0,1900,4,'',0,5500,4,'',0,1500,4,'',0,1500,4,'',0,1600,4,'',0,5500,4,'',0,1600,4,'',0,1000,4,'',0,7500,4,'',0,2300,4,'',0,6700,4,'',0,3600,4,'',0,6700,4,'',0,3200,4,'',0,6800,4,'',0,3500,4,'',0,7000,4,'',0,2700,4,'',0,7300,4,'',0,3000,4,'',0,1500,4,'',0,5500,4,'',0,1500,4,'',0,1500,4,'',0,1500,4,'',0,5600,4,'',0,1500,4,'',0,1500,4,'',0,1500,4,'',0,5500,4,'',0,1500,4,'',0,1500,4,'',0,1100,4,'',0,5900,4,'',0,3000,4,'',0,6800,4,'',0,10400,4,'',0,10300,4,'',0,10000,4,'',0
'2merged13592256',678000,70500,,'',0,3000,,'',0,7000,,'',0,3000,,'',0,7000,,'',0,3000,,'',0,7000,,'',0,3000,,'',0,7000,,'',0,3000,,'',0,7000,,'',0,3000,,'',0,7000,,'',0,3000,,'',0,7000,,'',0,3000,,'',0,7000,,'',0,3000,,'',0,7000,,'',0,3000,,'',0,7000,,'',0,3000,,'',0,7000,,'',0,3000,,'',0,7000,,'',0,3000,,'',0,11200,,'',0,9600,,'',0,10400,,'',0
'2merged13592256',678001,73300,4,'',0,7000,4,'',0,3000,4,'',0,7200,4,'',0,3000,4,'',0,7000,4,'',0,3000,4,'',0,7000,4,'',0,3200,4,'',0,7000,4,'',0,2800,4,'',0,7100,4,'',0,3000,4,'',0,7000,4,'',0,2900,4,'',0,7100,4,'',0,3300,4,'',0,6700,4,'',0,2700,4,'',0,7200,4,'',0,3100,4,'',0,7000,4,'',0,3000,4,'',0,7000,4,'',0,2800,4,'',0,7700,4,'',0,10500,4,'',0,9200,4,'',0,10400,4,'',0
'3merged13592255',678000,83500,,'',0,7000,,'',0,3000,,'',0,7000,,'',0,3000,,'',0,7000,,'',0,3000,,'',0,7000,,'',0,3000,,'',0,7000,,'',0,3000,,'',0,7000,,'',0,3000,,'',0,7000,,'',0,3000,,'',0,7000,,'',0,2600,,'',0,7400,,'',0,3000,,'',0,7000,,'',0,3000,,'',0,7000,,'',0,3000,,'',0,11200,,'',0,9300,,'',0,10700,,'',0
'3merged13592255',678001,90600,4,'',0,2900,4,'',0,7000,4,'',0,3000,4,'',0,7000,4,'',0,3000,4,'',0,7000,4,'',0,2800,4,'',0,7200,4,'',0,3000,4,'',0,6800,4,'',0,3000,4,'',0,7300,4,'',0,2900,4,'',0,6900,4,'',0,3000,4,'',0,2500,4,'',0,7600,4,'',0,7000,4,'',0,3000,4,'',0,6800,4,'',0,3500,4,'',0,7200,4,'',0,10500,4,'',0,9400,4,'',0,10500,4,'',0
'1merged13592254',2263900,54700,,'',0,7000,,'',0,3000,,'',0,7000,,'',0,3000,,'',0,7000,,'',0,3000,,'',0,7000,,'',0,3000,,'',0,7000,,'',0,3000,,'',0,7000,,'',0,3000,,'',0,7000,,'',0,3000,,'',0,7000,,'',0,3000,,'',0,7000,,'',0,3000,,'',0,7000,,'',0,3000,,'',0,7000,,'',0,3000,,'',0,7000,,'',0,3000,,'',0,7000,,'',0,3000,,'',0
'1merged13592254',2263901,62800,4,'',0,3000,4,'',0,7000,4,'',0,3000,4,'',0,7200,4,'',0,2700,4,'',0,7000,4,'',0,3000,4,'',0,7000,4,'',0,3000,4,'',0,7000,4,'',0,3000,4,'',0,7000,4,'',0,3000,4,'',0,7000,4,'',0,3000,4,'',0,7000,4,'',0,3000,4,'',0,7000,4,'',0,3100,4,'',0,7000,4,'',0,3000,4,'',0,7300,4,'',0,2700,4,'',0,6800,4,'',0,3000,4,'',0,7000,4,'',0
'2merged13592256',2263900,61700,,'',0,3000,,'',0,7300,,'',0,2700,,'',0,7000,,'',0,3300,,'',0,7000,,'',0,3000,,'',0,7100,,'',0,2900,,'',0,7000,,'',0,3000,,'',0,5500,,'',0,1500,,'',0,1500,,'',0,1500,,'',0,5500,,'',0,1500,,'',0,1500,,'',0,1200,,'',0,5800,,'',0,1500,,'',0,1500,,'',0,1500,,'',0,5500,,'',0,1500,,'',0,1500,,'',0,1500,,'',0,5500,,'',0,1200,,'',0,1800,,'',0,1500,,'',0,5500,,'',0,1500,,'',0,1500,,'',0,1500,,'',0,5500,,'',0,1500,,'',0,1500,,'',0,1500,,'',0
'2merged13592256',2263901,65800,4,'',0,7000,4,'',0,3000,4,'',0,6700,4,'',0,3000,4,'',0,7000,4,'',0,3000,4,'',0,7300,4,'',0,3100,4,'',0,6900,4,'',0,3000,4,'',0,7000,4,'',0,1500,4,'',0,1400,4,'',0,5500,4,'',0,1500,4,'',0,1500,4,'',0,1500,4,'',0,5500,4,'',0,1500,4,'',0,1500,4,'',0,1500,4,'',0,5500,4,'',0,1500,4,'',0,1500,4,'',0,1500,4,'',0,5600,4,'',0,1600,4,'',0,1500,4,'',0,1500,4,'',0,5500,4,'',0,1500,4,'',0,1500,4,'',0,1500,4,'',0,5400,4,'',0,1500,4,'',0,1500,4,'',0,1500,4,'',0,5500,4,'',0,1500,4,'',0
'3merged13592255',2263900,75000,,'',0,7000,,'',0,3000,,'',0,7000,,'',0,3000,,'',0,7000,,'',0,3000,,'',0,7000,,'',0,3000,,'',0,5200,,'',0,1800,,'',0,1500,,'',0,1500,,'',0,5500,,'',0,1500,,'',0,1500,,'',0,1500,,'',0,5500,,'',0,1500,,'',0,1500,,'',0,1500,,'',0,5500,,'',0,1500,,'',0,1500,,'',0,1500,,'',0,5500,,'',0,1500,,'',0,1500,,'',0,1500,,'',0,5500,,'',0,1500,,'',0,1500,,'',0,1200,,'',0,5800,,'',0,1500,,'',0,1500,,'',0,1500,,'',0
'3merged13592255',2263901,82700,4,'',0,3000,4,'',0,7000,4,'',0,3000,4,'',0,6900,4,'',0,3000,4,'',0,7000,4,'',0,3000,4,'',0,7000,4,'',0,1500,4,'',0,1500,4,'',0,5500,4,'',0,1500,4,'',0,1500,4,'',0,1500,4,'',0,5500,4,'',0,1500,4,'',0,1500,4,'',0,1500,4,'',0,5500,4,'',0,1500,4,'',0,1500,4,'',0,1500,4,'',0,5500,4,'',0,1500,4,'',0,1500,4,'',0,1500,4,'',0,5500,4,'',0,1500,4,'',0,1500,4,'',0,1500,4,'',0,5500,4,'',0,1500,4,'',0,1600,4,'',0,1500,4,'',0,5500,4,'',0,1500,4,'',0
