'1',669901,154500,4,'',0,6100,4,'',0,2000,4,'',0,1800,4,'',0,6100,4,'',0,2000,4,'',0,2300,4,'',0,5700,4,'',0,1800,4,'',0,2000,4,'',0,6200,4,'',0,3500,4,'',0
'1',670001,55400,4,'',0,5700,4,'',0,2600,4,'',0,6600,4,'',0,2200,4,'',0,2200,4,'',0,5900,4,'',0,1900,4,'',0,2000,4,'',0,6100,4,'',0,3000,4,'',0,7000,4,'',0,3000,4,'',0,7100,4,'',0,3100,4,'',0,7100,4,'',0,3100,4,'',0,7000,4,'',0,3000,4,'',0,7000,4,'',0,3000,4,'',0,7000,4,'',0,3000,4,'',0,9000,4,'',0,2100,4,'',0,6100,4,'',0,2100,4,'',0,2100,4,'',0,6100,4,'',0,2100,4,'',0,2300,4,'',0,6300,4,'',0,2200,4,'',0,6000,4,'',0,2000,4,'',0,3200,4,'',0,7200,4,'',0,3100,4,'',0,7100,4,'',0,7200,4,'',0,3100,4,'',0,7100,4,'',0,3100,4,'',0,6600,4,'',0,2400,4,'',0,3300,4,'',0
'101',670001,161000,4,'',0
'2',670001,63300,4,'',0,7300,4,'',0,3200,4,'',0,7300,4,'',0,3300,4,'',0,7200,4,'',0,3200,4,'',0,6900,4,'',0,3000,4,'',0,7000,4,'',0,2800,4,'',0,7000,4,'',0,3000,4,'',0,7000,4,'',0,3000,4,'',0,7200,4,'',0,3200,4,'',0,6800,4,'',0,3000,4,'',0,7000,4,'',0,3000,4,'',0,7000,4,'',0,3000,4,'',0,6800,4,'',0,3000,4,'',0,6900,4,'',0,3000,4,'',0,7100,4,'',0,3000,4,'',0,7000,4,'',0,3000,4,'',0,7000,4,'',0,3000,4,'',0,6700,4,'',0,2500,4,'',0,6400,4,'',0,3000,4,'',0,7400,4,'',0
'201',670001,161000,4,'',0
'3',670001,84000,4,'',0,7000,4,'',0,3000,4,'',0,7000,4,'',0,3000,4,'',0,7100,4,'',0,3100,4,'',0,7100,4,'',0,3100,4,'',0,7000,4,'',0,3000,4,'',0,7000,4,'',0,3000,4,'',0,7000,4,'',0,3000,4,'',0,7000,4,'',0,3000,4,'',0,7000,4,'',0,3000,4,'',0,7000,4,'',0,3000,4,'',0,7000,4,'',0,3000,4,'',0,7000,4,'',0,3000,4,'',0,7000,4,'',0,2900,4,'',0,9800,4,'',0,16100,4,'',0,10400,4,'',0
'1',671300,51200,4,'',0,1500,4,'',0,1500,4,'',0,1500,4,'',0,5500,4,'',0,1500,4,'',0,1400,4,'',0,1400,4,'',0,5500,4,'',0,1600,4,'',0,1500,4,'',0,1600,4,'',0,5800,4,'',0,1800,4,'',0,1600,4,'',0,5800,4,'',0,2100,4,'',0,2700,4,'',0,6800,4,'',0,3200,4,'',0,6400,4,'',0,3000,4,'',0,7000,4,'',0,3000,4,'',0,7000,4,'',0,3000,4,'',0,7000,4,'',0,3100,4,'',0,6000,4,'',0,1500,4,'',0,1500,4,'',0,1400,4,'',0,5500,4,'',0,1500,4,'',0,1400,4,'',0,1500,4,'',0,5400,4,'',0,1400,4,'',0,1300,4,'',0,1500,4,'',0,5300,4,'',0,1300,4,'',0,1400,4,'',0,1400,4,'',0,1500,4,'',0,5500,4,'',0,1500,4,'',0,1400,4,'',0,1500,4,'',0,5500,4,'',0,1500,4,'',0,1900,4,'',0,6000,4,'',0,2000,4,'',0,2000,4,'',0,6000,4,'',0,2000,4,'',0,2000,4,'',0,6000,4,'',0,2000,4,'',0,3000,4,'',0,7300,4,'',0,3000,4,'',0
'2',671300,53500,4,'',0,2000,4,'',0,6000,4,'',0,1900,4,'',0,2000,4,'',0,6000,4,'',0,2000,4,'',0,2000,4,'',0,6000,4,'',0,2000,4,'',0,2000,4,'',0,6000,4,'',0,3000,4,'',0,7000,4,'',0,3300,4,'',0,7200,4,'',0,3200,4,'',0,7200,4,'',0,3200,4,'',0,7200,4,'',0,3200,4,'',0,7300,4,'',0,7300,4,'',0,2000,4,'',0,2000,4,'',0,6200,4,'',0,2200,4,'',0,2000,4,'',0,6200,4,'',0,2200,4,'',0,2000,4,'',0,6200,4,'',0,2200,4,'',0,2000,4,'',0,6600,4,'',0,3000,4,'',0,7000,4,'',0,3100,4,'',0,7200,4,'',0,3000,4,'',0,6800,4,'',0,3000,4,'',0,10000,4,'',0,10000,4,'',0
'3',671300,54300,4,'',0,6700,4,'',0,2400,4,'',0,2000,4,'',0,6000,4,'',0,2000,4,'',0,2000,4,'',0,6000,4,'',0,1900,4,'',0,1900,4,'',0,6200,4,'',0,3200,4,'',0,6800,4,'',0,3200,4,'',0,7200,4,'',0,3200,4,'',0,7200,4,'',0,3200,4,'',0,7200,4,'',0,3200,4,'',0,7200,4,'',0,7200,4,'',0,3400,4,'',0,7200,4,'',0,3300,4,'',0,7300,4,'',0,3300,4,'',0,7200,4,'',0,3000,4,'',0,7000,4,'',0,3200,4,'',0,7200,4,'',0,3200,4,'',0,7000,4,'',0,3000,4,'',0,6900,4,'',0,3000,4,'',0,10000,4,'',0,10000,4,'',0
'1',671801,164600,4,'',0,7600,4,'',0,3600,4,'',0,7800,4,'',0
'101',671801,161600,4,'',0
'201',671801,161600,4,'',0
'1',682100,54000,,'',0,6000,,'',0,2000,,'',0,2000,,'',0,6000,,'',0,2000,,'',0,2000,,'',0,6000,,'',0,2000,,'',0,2000,,'',0,7000,,'',0,3000,,'',0,7000,,'',0,3000,,'',0,7000,,'',0,3000,,'',0,7000,,'',0,3000,,'',0,7000,,'',0,3000,,'',0,7000,,'',0,3000,,'',0,6000,,'',0,2000,,'',0,2000,,'',0,6000,,'',0,1500,,'',0,1500,,'',0,1500,,'',0,5500,,'',0,1500,,'',0,1500,,'',0,1500,,'',0,5500,,'',0,2000,,'',0,2000,,'',0,6000,,'',0,2000,,'',0,2000,,'',0,7000,,'',0,3000,,'',0,7000,,'',0,3000,,'',0
'2',682100,83000,,'',0,7000,,'',0,3000,,'',0,7000,,'',0,3000,,'',0,7000,,'',0,3000,,'',0,7000,,'',0,3000,,'',0,7000,,'',0,3000,,'',0,7000,,'',0,3000,,'',0,7000,,'',0,3000,,'',0,7000,,'',0,3000,,'',0,2000,,'',0,6000,,'',0,2000,,'',0,2000,,'',0,6000,,'',0,2000,,'',0,2000,,'',0,6000,,'',0,2000,,'',0,2000,,'',0,6000,,'',0,2000,,'',0,7000,,'',0,3000,,'',0
'3',682100,83000,,'',0,7000,,'',0,3000,,'',0,7000,,'',0,3000,,'',0,7000,,'',0,3000,,'',0,7000,,'',0,3000,,'',0,7000,,'',0,3000,,'',0,7000,,'',0,3000,,'',0,7000,,'',0,3000,,'',0,7000,,'',0,3000,,'',0,2000,,'',0,6000,,'',0,2000,,'',0,2000,,'',0,6000,,'',0,2000,,'',0,2000,,'',0,6000,,'',0,2000,,'',0,2000,,'',0,6000,,'',0,2000,,'',0,7000,,'',0,3000,,'',0
'1',682200,64700,4,'',0,6000,4,'',0,1700,4,'',0,500,4,'',0,2200,4,'',0,6000,4,'',0,2000,4,'',0,2100,4,'',0,6000,4,'',0,3100,4,'',0,6400,4,'',0,3000,4,'',0,7000,4,'',0,3000,4,'',0,7000,4,'',0,3100,4,'',0,7000,4,'',0,3000,4,'',0,7000,4,'',0,3000,4,'',0,7300,4,'',0,700,4,'',0,2400,4,'',0,1100,4,'',0,4900,4,'',0,2000,4,'',0,2000,4,'',0,6000,4,'',0,2100,4,'',0,1300,4,'',0,500,4,'',0,1700,4,'',0,5800,4,'',0,1900,4,'',0,1700,4,'',0,5900,4,'',0,2000,4,'',0,7000,4,'',0,2700,4,'',0,3000,4,'',0,7000,4,'',0
'1',682201,53900,,'',0,2000,,'',0,4300,,'',0,1600,,'',0,2000,,'',0,2000,,'',0,6000,,'',0,2000,,'',0,2000,,'',0,7000,,'',0,2500,,'',0,7000,,'',0,3000,,'',0,7000,,'',0,3000,,'',0,6900,,'',0,3000,,'',0,7000,,'',0,3000,,'',0,7000,,'',0,2800,,'',0,7000,,'',0,500,,'',0,1500,,'',0,6000,,'',0,2000,,'',0,2000,,'',0,6000,,'',0,1000,,'',0,800,,'',0,1700,,'',0,2000,,'',0,6000,,'',0,2000,,'',0,2000,,'',0,6200,,'',0,3000,,'',0,7000,,'',0,3000,,'',0,7000,,'',0
'2',682200,75500,4,'',0,7000,4,'',0,2700,4,'',0,4800,4,'',0,3000,4,'',0,7200,4,'',0,3000,4,'',0,7000,4,'',0,3000,4,'',0,7000,4,'',0,3000,4,'',0,7000,4,'',0,3000,4,'',0,7200,4,'',0,3000,4,'',0,2500,4,'',0,4500,4,'',0,3000,4,'',0,7000,4,'',0,3000,4,'',0,2400,4,'',0,4600,4,'',0,2800,4,'',0,7000,4,'',0,3000,4,'',0,2700,4,'',0,7000,4,'',0,3000,4,'',0,7000,4,'',0,3000,4,'',0,6500,4,'',0
'2',682201,64100,,'',0,7400,,'',0,1800,,'',0,1700,,'',0,7000,,'',0,2900,,'',0,7000,,'',0,3000,,'',0,7000,,'',0,3000,,'',0,6900,,'',0,3000,,'',0,7000,,'',0,3000,,'',0,6800,,'',0,1300,,'',0,1700,,'',0,7000,,'',0,3000,,'',0,7000,,'',0,500,,'',0,2500,,'',0,7000,,'',0,3200,,'',0,7000,,'',0,3000,,'',0,7000,,'',0,3000,,'',0,7000,,'',0,3000,,'',0,6500,,'',0
'3',682200,82200,4,'',0,2600,4,'',0,1000,4,'',0,7200,4,'',0,2900,4,'',0,7000,4,'',0,3000,4,'',0,7000,4,'',0,3000,4,'',0,7100,4,'',0,7000,4,'',0,3200,4,'',0,7000,4,'',0,3000,4,'',0,2500,4,'',0,4500,4,'',0,3000,4,'',0,7200,4,'',0,3000,4,'',0,1500,4,'',0,5200,4,'',0,3000,4,'',0,7000,4,'',0,2900,4,'',0,7000,4,'',0,2700,4,'',0,3000,4,'',0,7000,4,'',0,3000,4,'',0,6700,4,'',0
'3',682201,71500,,'',0,2000,,'',0,1600,,'',0,7000,,'',0,2800,,'',0,7000,,'',0,3000,,'',0,7000,,'',0,3000,,'',0,7000,,'',0,3000,,'',0,6900,,'',0,3000,,'',0,7000,,'',0,300,,'',0,2700,,'',0,7000,,'',0,3000,,'',0,7000,,'',0,400,,'',0,2600,,'',0,7000,,'',0,3000,,'',0,7000,,'',0,3000,,'',0,7000,,'',0,3000,,'',0,7000,,'',0,3000,,'',0,6700,,'',0
'1',1169201,65000,4,'',0,6100,4,'',0,2000,4,'',0,2300,4,'',0,6300,4,'',0,1900,4,'',0,1900,4,'',0,5600,4,'',0,2000,4,'',0,2100,4,'',0,6100,4,'',0,1800,4,'',0,1900,4,'',0,6000,4,'',0,2000,4,'',0,2000,4,'',0,6000,4,'',0,2300,4,'',0,2000,4,'',0,5900,4,'',0,2000,4,'',0,1900,4,'',0,6000,4,'',0,2100,4,'',0,1900,4,'',0,6500,4,'',0,2300,4,'',0,6400,4,'',0,2400,4,'',0,2400,4,'',0,6200,4,'',0,2300,4,'',0,2000,4,'',0,5800,4,'',0,1700,4,'',0,1900,4,'',0,5600,4,'',0,1700,4,'',0,1900,4,'',0,5900,4,'',0,2200,4,'',0,3000,4,'',0,6800,4,'',0,3300,4,'',0
'2',1169201,74600,4,'',0,6300,4,'',0,2000,4,'',0,2000,4,'',0,5900,4,'',0,2300,4,'',0,2800,4,'',0,6200,4,'',0,2100,4,'',0,5800,4,'',0,2000,4,'',0,2200,4,'',0,5800,4,'',0,2000,4,'',0,2200,4,'',0,6000,4,'',0,2000,4,'',0,2100,4,'',0,6000,4,'',0,2000,4,'',0,2100,4,'',0,6100,4,'',0,2000,4,'',0,2000,4,'',0,6000,4,'',0,2000,4,'',0,2000,4,'',0,6000,4,'',0,1900,4,'',0,1700,4,'',0,1800,4,'',0,6000,4,'',0,2200,4,'',0,6000,4,'',0,2600,4,'',0,2800,4,'',0,6800,4,'',0
'3',1169201,84400,4,'',0,7600,4,'',0,3500,4,'',0,7600,4,'',0,7200,4,'',0,3100,4,'',0,7100,4,'',0,3100,4,'',0,7100,4,'',0,3000,4,'',0,7100,4,'',0,3000,4,'',0,7000,4,'',0,3100,4,'',0,7000,4,'',0,3000,4,'',0,7000,4,'',0,3000,4,'',0,6900,4,'',0,2900,4,'',0,6800,4,'',0,2400,4,'',0,2500,4,'',0,6200,4,'',0
