'1',667300,53200,,'',0,2600,,'',0,6100,,'',0,1500,,'',0,2000,,'',0,6500,,'',0,3000,,'',0,5500,,'',0,1500,,'',0,1500,,'',0,1500,,'',0,6500,,'',0,2600,,'',0,6500,,'',0,2800,,'',0,7200,,'',0,3000,,'',0,7000,,'',0,3000,,'',0,6700,,'',0,3000,,'',0,7000,,'',0,3000,,'',0,2500,,'',0,6500,,'',0,2500,,'',0,5600,,'',0,1900,,'',0,1500,,'',0,1600,,'',0,5500,,'',0,1500,,'',0,900,,'',0,1500,,'',0,5500,,'',0,1500,,'',0,2900,,'',0,7300,,'',0,10000,,'',0,10000,,'',0,10100,,'',0,10300,,'',0,9900,,'',0,9600,,'',0
'1',667301,54000,4,'',0,7600,4,'',0,3000,4,'',0,1300,4,'',0,5600,4,'',0,800,4,'',0,1300,4,'',0,1800,4,'',0,5500,4,'',0,1800,4,'',0,1500,4,'',0,1600,4,'',0,5500,4,'',0,1500,4,'',0,1100,4,'',0,6900,4,'',0,2500,4,'',0,6800,4,'',0,3000,4,'',0,7000,4,'',0,3000,4,'',0,7000,4,'',0,3000,4,'',0,7000,4,'',0,3000,4,'',0,7000,4,'',0,3700,4,'',0,6500,4,'',0,400,4,'',0,2100,4,'',0,7200,4,'',0,3100,4,'',0,1000,4,'',0,6500,4,'',0,1100,4,'',0,2700,4,'',0,1400,4,'',0,8300,4,'',0,10000,4,'',0,9700,4,'',0,10100,4,'',0,10100,4,'',0,10100,4,'',0,7000,4,'',0,4700,4,'',0
'2',667300,61600,,'',0,10200,,'',0,10200,,'',0,9800,,'',0,3000,,'',0,7000,,'',0,2000,,'',0,2000,,'',0,6000,,'',0,2000,,'',0,2000,,'',0,6000,,'',0,2000,,'',0,2000,,'',0,6000,,'',0,2000,,'',0,2000,,'',0,6000,,'',0,2000,,'',0,2000,,'',0,6000,,'',0,2000,,'',0,2000,,'',0,6000,,'',0,2000,,'',0,2000,,'',0,6000,,'',0,2000,,'',0,2000,,'',0,6000,,'',0,2900,,'',0,7100,,'',0,3000,,'',0,7000,,'',0,3000,,'',0,7000,,'',0,3000,,'',0,7000,,'',0,3000,,'',0,7000,,'',0,10000,,'',0,10300,,'',0
'2',667301,64100,4,'',0,7000,4,'',0,10400,4,'',0,11600,4,'',0,7300,4,'',0,3000,4,'',0,7000,4,'',0,2900,4,'',0,2000,4,'',0,6000,4,'',0,2000,4,'',0,2000,4,'',0,6000,4,'',0,2000,4,'',0,2000,4,'',0,5900,4,'',0,2000,4,'',0,2000,4,'',0,6100,4,'',0,2000,4,'',0,2000,4,'',0,6000,4,'',0,2000,4,'',0,2000,4,'',0,6000,4,'',0,2000,4,'',0,2000,4,'',0,6000,4,'',0,2000,4,'',0,2000,4,'',0,6000,4,'',0,2800,4,'',0,7000,4,'',0,2800,4,'',0,7000,4,'',0,3000,4,'',0,7000,4,'',0,3000,4,'',0,7000,4,'',0,3000,4,'',0,9900,4,'',0,7600,4,'',0,9600,4,'',0
'3',667300,65600,,'',0,9400,,'',0,7400,,'',0,2000,,'',0,7200,,'',0,3800,,'',0,6000,,'',0,2000,,'',0,2000,,'',0,6000,,'',0,2000,,'',0,2000,,'',0,6000,,'',0,2000,,'',0,2000,,'',0,6000,,'',0,2000,,'',0,2000,,'',0,6000,,'',0,2000,,'',0,2000,,'',0,6000,,'',0,2000,,'',0,2000,,'',0,6000,,'',0,2000,,'',0,2000,,'',0,6000,,'',0,2000,,'',0,2000,,'',0,6600,,'',0,3000,,'',0,7000,,'',0,3000,,'',0,7000,,'',0,3000,,'',0,7000,,'',0,3000,,'',0,7000,,'',0,3000,,'',0,7000,,'',0,10000,,'',0,10000,,'',0
'3',667301,74200,4,'',0,10000,4,'',0,7000,4,'',0,2000,4,'',0,2000,4,'',0,6000,4,'',0,2000,4,'',0,2000,4,'',0,6100,4,'',0,2000,4,'',0,2000,4,'',0,5900,4,'',0,2000,4,'',0,2000,4,'',0,6000,4,'',0,2000,4,'',0,2000,4,'',0,6000,4,'',0,2000,4,'',0,2000,4,'',0,6000,4,'',0,2000,4,'',0,2000,4,'',0,6000,4,'',0,2000,4,'',0,2000,4,'',0,6000,4,'',0,2000,4,'',0,1100,4,'',0,7000,4,'',0,1200,4,'',0,1800,4,'',0,7000,4,'',0,3000,4,'',0,7000,4,'',0,3000,4,'',0,7000,4,'',0,3000,4,'',0,7000,4,'',0,3000,4,'',0,7000,4,'',0,3000,4,'',0,7000,4,'',0,10000,4,'',0,9400,4,'',0
'1',667500,54700,,'',0,7000,,'',0,2200,,'',0,6300,,'',0,2900,,'',0,1500,,'',0,7000,,'',0,2900,,'',0,7400,,'',0,2400,,'',0,7400,,'',0,2500,,'',0,6800,,'',0,3500,,'',0,7100,,'',0,2900,,'',0,6500,,'',0,3500,,'',0,7400,,'',0,2400,,'',0,7500,,'',0,3800,,'',0,6300,,'',0,3500,,'',0,6100,,'',0,1200,,'',0,1800,,'',0,7300,,'',0,2900,,'',0,6800,,'',0,3100,,'',0,7000,,'',0,2400,,'',0,7600,,'',0,3400,,'',0,6700,,'',0,3000,,'',0
'2',667500,54700,,'',0,10000,,'',0,10000,,'',0,7000,,'',0,3000,,'',0,6900,,'',0,3000,,'',0,7000,,'',0,3000,,'',0,7000,,'',0,3000,,'',0,7000,,'',0,2900,,'',0,7000,,'',0,3000,,'',0,7000,,'',0,3000,,'',0,7000,,'',0,3000,,'',0,7000,,'',0,3000,,'',0,7000,,'',0,3000,,'',0,7000,,'',0,3000,,'',0,7000,,'',0,2500,,'',0,7600,,'',0,2400,,'',0,7600,,'',0,3400,,'',0,6700,,'',0,3000,,'',0
'3',667500,74700,,'',0,10000,,'',0,7000,,'',0,2900,,'',0,7000,,'',0,3000,,'',0,7000,,'',0,3000,,'',0,7000,,'',0,2600,,'',0,7400,,'',0,3000,,'',0,6500,,'',0,3100,,'',0,7400,,'',0,3000,,'',0,6800,,'',0,2800,,'',0,6400,,'',0,4000,,'',0,7000,,'',0,3000,,'',0,6600,,'',0,3400,,'',0,6400,,'',0,3000,,'',0,7600,,'',0,3100,,'',0,7300,,'',0,3100,,'',0
'1',2263901,62800,4,'',0,3000,4,'',0,7000,4,'',0,3000,4,'',0,7200,4,'',0,2700,4,'',0,7000,4,'',0,3000,4,'',0,7000,4,'',0,3000,4,'',0,7000,4,'',0,3000,4,'',0,7000,4,'',0,3000,4,'',0,7000,4,'',0,3000,4,'',0,7000,4,'',0,3000,4,'',0,7000,4,'',0,3100,4,'',0,7000,4,'',0,3000,4,'',0,7300,4,'',0,2700,4,'',0,6800,4,'',0,3000,4,'',0,7000,4,'',0
'2',2263901,65800,4,'',0,7000,4,'',0,3000,4,'',0,6700,4,'',0,3000,4,'',0,7000,4,'',0,3000,4,'',0,7300,4,'',0,3100,4,'',0,6900,4,'',0,3000,4,'',0,7000,4,'',0,1500,4,'',0,1400,4,'',0,5500,4,'',0,1500,4,'',0,1500,4,'',0,1500,4,'',0,5500,4,'',0,1500,4,'',0,1500,4,'',0,1500,4,'',0,5500,4,'',0,1500,4,'',0,1500,4,'',0,1500,4,'',0,5600,4,'',0,1600,4,'',0,1500,4,'',0,1500,4,'',0,5500,4,'',0,1500,4,'',0,1500,4,'',0,1500,4,'',0,5400,4,'',0,1500,4,'',0,1500,4,'',0,1500,4,'',0,5500,4,'',0,1500,4,'',0
'3',2263901,82700,4,'',0,3000,4,'',0,7000,4,'',0,3000,4,'',0,6900,4,'',0,3000,4,'',0,7000,4,'',0,3000,4,'',0,7000,4,'',0,1500,4,'',0,1500,4,'',0,5500,4,'',0,1500,4,'',0,1500,4,'',0,1500,4,'',0,5500,4,'',0,1500,4,'',0,1500,4,'',0,1500,4,'',0,5500,4,'',0,1500,4,'',0,1500,4,'',0,1500,4,'',0,5500,4,'',0,1500,4,'',0,1500,4,'',0,1500,4,'',0,5500,4,'',0,1500,4,'',0,1500,4,'',0,1500,4,'',0,5500,4,'',0,1500,4,'',0,1600,4,'',0,1500,4,'',0,5500,4,'',0,1500,4,'',0
