'1',663000,53900,4,'',0,300,4,'',0,1100,4,'',0,5000,4,'',0,700,4,'',0,700,4,'',0,1000,4,'',0,1600,4,'',0,1500,4,'',0,5400,4,'',0,1400,4,'',0,1700,4,'',0,1600,4,'',0,5700,4,'',0,1400,4,'',0,1400,4,'',0,5600,4,'',0,1600,4,'',0,1600,4,'',0,1200,4,'',0,1500,4,'',0,5400,4,'',0,1400,4,'',0,1600,4,'',0,1500,4,'',0,5500,4,'',0,1500,4,'',0,1500,4,'',0,1500,4,'',0,5500,4,'',0,1500,4,'',0,1600,4,'',0,1500,4,'',0,5500,4,'',0,1500,4,'',0,1500,4,'',0,1500,4,'',0,5500,4,'',0,1500,4,'',0,1500,4,'',0,1500,4,'',0,5500,4,'',0,1500,4,'',0,1600,4,'',0,1400,4,'',0,5500,4,'',0,1600,4,'',0,1500,4,'',0,5500,4,'',0,1500,4,'',0,1700,4,'',0,1400,4,'',0,5500,4,'',0,1500,4,'',0,1500,4,'',0,2000,4,'',0,5400,4,'',0,1400,4,'',0,1400,4,'',0,1600,4,'',0,5500,4,'',0,1300,4,'',0,3100,4,'',0,6700,4,'',0,3000,4,'',0,6900,4,'',0,3000,4,'',0,7000,4,'',0,3000,4,'',0,7200,4,'',0,3000,4,'',0
'2',663000,61300,4,'',0,3000,4,'',0,6800,4,'',0,3000,4,'',0,7000,4,'',0,3200,4,'',0,7000,4,'',0,2500,4,'',0,2100,4,'',0,6000,4,'',0,2000,4,'',0,2000,4,'',0,6000,4,'',0,2000,4,'',0,2000,4,'',0,6000,4,'',0,2000,4,'',0,2000,4,'',0,6000,4,'',0,2100,4,'',0,6000,4,'',0,2000,4,'',0,2000,4,'',0,6000,4,'',0,2000,4,'',0,2000,4,'',0,6000,4,'',0,2000,4,'',0,2000,4,'',0,6000,4,'',0,2000,4,'',0,2000,4,'',0,6000,4,'',0,2000,4,'',0,2100,4,'',0,6100,4,'',0,2100,4,'',0,2100,4,'',0,6900,4,'',0,3000,4,'',0,7000,4,'',0,3000,4,'',0,7000,4,'',0,3000,4,'',0,7100,4,'',0,3000,4,'',0,7300,4,'',0,3000,4,'',0
'3',663000,61200,4,'',0,2900,4,'',0,7000,4,'',0,3300,4,'',0,7000,4,'',0,2900,4,'',0,7000,4,'',0,3000,4,'',0,7000,4,'',0,2600,4,'',0,400,4,'',0,7000,4,'',0,2100,4,'',0,2000,4,'',0,6000,4,'',0,2000,4,'',0,2000,4,'',0,6300,4,'',0,2000,4,'',0,2000,4,'',0,6000,4,'',0,2000,4,'',0,2000,4,'',0,6000,4,'',0,2000,4,'',0,2000,4,'',0,6000,4,'',0,2000,4,'',0,2000,4,'',0,6000,4,'',0,2000,4,'',0,2000,4,'',0,6000,4,'',0,3000,4,'',0,6900,4,'',0,3000,4,'',0,7000,4,'',0,3000,4,'',0,7000,4,'',0,2900,4,'',0,7000,4,'',0,3000,4,'',0,7000,4,'',0,3100,4,'',0,7600,4,'',0,3400,4,'',0
'1',665100,63000,4,'',0,7100,4,'',0,3300,4,'',0,1900,4,'',0,5400,4,'',0,1700,4,'',0,1500,4,'',0,1700,4,'',0,5400,4,'',0,1300,4,'',0,1300,4,'',0,1500,4,'',0,5500,4,'',0,1400,4,'',0,1500,4,'',0,1600,4,'',0,6200,4,'',0,1900,4,'',0,1800,4,'',0,6000,4,'',0,3000,4,'',0,7000,4,'',0,3000,4,'',0,6900,4,'',0,2200,4,'',0,2300,4,'',0,6500,4,'',0,2400,4,'',0,6200,4,'',0,2100,4,'',0,2300,4,'',0,6300,4,'',0,2300,4,'',0,2200,4,'',0,6400,4,'',0,3000,4,'',0,6900,4,'',0,2100,4,'',0,6600,4,'',0,3000,4,'',0,7200,4,'',0,3500,4,'',0
'2',665100,75100,4,'',0,5200,4,'',0,2700,4,'',0,2100,4,'',0,6500,4,'',0,1600,4,'',0,2500,4,'',0,5800,4,'',0,2900,4,'',0,5600,4,'',0,2800,4,'',0,1600,4,'',0,6600,4,'',0,1600,4,'',0,3000,4,'',0,5400,4,'',0,2200,4,'',0,1000,4,'',0,1600,4,'',0,5300,4,'',0,1800,4,'',0,1200,4,'',0,6000,4,'',0,1200,4,'',0,1700,4,'',0,1100,4,'',0,1400,4,'',0,5000,4,'',0,2000,4,'',0,1000,4,'',0,1800,4,'',0,5000,4,'',0,2100,4,'',0,7600,4,'',0,2400,4,'',0,2900,4,'',0,7200,4,'',0,2700,4,'',0,7100,4,'',0,2600,4,'',0
'3',665100,94300,4,'',0,7200,4,'',0,2700,4,'',0,8200,4,'',0,8900,4,'',0,4400,4,'',0,8700,4,'',0,8200,4,'',0,8400,4,'',0,4500,4,'',0,8600,4,'',0,8500,4,'',0,9100,4,'',0,2900,4,'',0,7000,4,'',0,2900,4,'',0
'1',667200,55000,,'',0,5000,,'',0,1700,,'',0,1000,,'',0,1800,,'',0,1400,,'',0,5600,,'',0,1500,,'',0,1500,,'',0,1400,,'',0,5700,,'',0,1500,,'',0,1500,,'',0,5500,,'',0,1600,,'',0,3000,,'',0,7000,,'',0,3000,,'',0,7000,,'',0,3000,,'',0,7000,,'',0,3000,,'',0,7000,,'',0,2800,,'',0,6800,,'',0,2800,,'',0,7400,,'',0,2700,,'',0,5900,,'',0,1400,,'',0,1400,,'',0,1600,,'',0,1400,,'',0,5800,,'',0,1500,,'',0,1500,,'',0,5400,,'',0,1600,,'',0,1500,,'',0,800,4,'',0,900,,'',0,5300,,'',0,1500,,'',0,1500,,'',0,1500,,'',0,7000,,'',0
'2',667200,55000,,'',0,7000,,'',0,3100,,'',0,6600,,'',0,3000,,'',0,7000,,'',0,3000,,'',0,7000,,'',0,3000,,'',0,7000,,'',0,3000,,'',0,7000,,'',0,3000,,'',0,7000,,'',0,3000,,'',0,7000,,'',0,3000,,'',0,7000,,'',0,2000,,'',0,2000,,'',0,6000,,'',0,2000,,'',0,2000,,'',0,6000,,'',0,2000,,'',0,2000,,'',0,6000,,'',0,2000,,'',0,2000,,'',0,6000,,'',0,2000,,'',0,2000,,'',0,6400,,'',0,3000,,'',0,7500,,'',0
'3',667200,71700,,'',0,3000,,'',0,7000,,'',0,3000,,'',0,7000,,'',0,3000,,'',0,7000,,'',0,3000,,'',0,7000,,'',0,3000,,'',0,7000,,'',0,3000,,'',0,7000,,'',0,3000,,'',0,7000,,'',0,3000,,'',0,7000,,'',0,3000,,'',0,7000,,'',0,3000,,'',0,7000,,'',0,3000,,'',0,7000,,'',0,3000,,'',0,7000,,'',0,3000,,'',0,7000,,'',0
'1',667401,64300,4,'',0,6900,4,'',0,2800,4,'',0,7000,4,'',0,3000,4,'',0,6900,4,'',0,3100,4,'',0,7000,4,'',0,3100,4,'',0,7000,4,'',0,3000,4,'',0,7000,4,'',0,3000,4,'',0,7000,4,'',0,3000,4,'',0,7000,4,'',0,3000,4,'',0,7000,4,'',0,2500,4,'',0,7500,4,'',0,3200,4,'',0,7000,4,'',0,3000,4,'',0,7000,4,'',0,1900,4,'',0,1200,4,'',0,7000,4,'',0,2400,4,'',0,7600,4,'',0,10000,4,'',0,10100,4,'',0,10300,4,'',0,9900,4,'',0
'2',667401,71200,4,'',0,9900,4,'',0,10000,4,'',0,10000,4,'',0,3000,4,'',0,7000,4,'',0,3000,4,'',0,7000,4,'',0,3100,4,'',0,7000,4,'',0,3000,4,'',0,7000,4,'',0,3000,4,'',0,7000,4,'',0,3000,4,'',0,7000,4,'',0,3000,4,'',0,7000,4,'',0,3000,4,'',0,7000,4,'',0,3000,4,'',0,7000,4,'',0,3000,4,'',0,7000,4,'',0,3000,4,'',0,7000,4,'',0,3000,4,'',0,6700,4,'',0,3000,4,'',0,7000,4,'',0,3000,4,'',0,7000,4,'',0
'3',667401,91100,4,'',0,3000,4,'',0,7000,4,'',0,3200,4,'',0,6700,4,'',0,2900,4,'',0,6800,4,'',0,3000,4,'',0,7000,4,'',0,3000,4,'',0,7000,4,'',0,3000,4,'',0,7000,4,'',0,3200,4,'',0,7200,4,'',0,3200,4,'',0,7000,4,'',0,3100,4,'',0,7100,4,'',0,3000,4,'',0,7000,4,'',0,3000,4,'',0,6500,4,'',0,3000,4,'',0,7000,4,'',0,3500,4,'',0,7000,4,'',0,2700,4,'',0,7000,4,'',0,1300,4,'',0
'1',667501,61100,4,'',0,3100,4,'',0,7800,4,'',0,19600,4,'',0,3100,4,'',0,6200,4,'',0,3300,4,'',0,6600,4,'',0,2700,4,'',0,7500,4,'',0,3100,4,'',0,6900,4,'',0,2600,4,'',0,7400,4,'',0,3400,4,'',0,6600,4,'',0,4000,4,'',0,7600,4,'',0,2200,4,'',0,7400,4,'',0,2100,4,'',0,1100,4,'',0,5800,4,'',0,3200,4,'',0,6900,4,'',0,2900,4,'',0,7000,4,'',0,2700,4,'',0,6400,4,'',0,3600,4,'',0,7400,4,'',0,2700,4,'',0,7400,4,'',0
'2',667501,61100,4,'',0,9800,4,'',0,10000,4,'',0,3000,4,'',0,7200,4,'',0,3000,4,'',0,6800,4,'',0,3000,4,'',0,7300,4,'',0,3000,4,'',0,6800,4,'',0,3200,4,'',0,6900,4,'',0,2800,4,'',0,7000,4,'',0,3200,4,'',0,7000,4,'',0,2800,4,'',0,7000,4,'',0,3000,4,'',0,7100,4,'',0,3000,4,'',0,7000,4,'',0,2800,4,'',0,7500,4,'',0,3000,4,'',0,6000,4,'',0,3700,4,'',0,6400,4,'',0,3600,4,'',0,7500,4,'',0,2600,4,'',0,7400,4,'',0
'3',667501,81400,4,'',0,10000,4,'',0,3000,4,'',0,6800,4,'',0,3200,4,'',0,6800,4,'',0,3000,4,'',0,6700,4,'',0,2900,4,'',0,6800,4,'',0,3400,4,'',0,7000,4,'',0,2500,4,'',0,7100,4,'',0,3200,4,'',0,7000,4,'',0,2800,4,'',0,6800,4,'',0,2400,4,'',0,8000,4,'',0,3200,4,'',0,7200,4,'',0,2200,4,'',0,7400,4,'',0,2700,4,'',0,6700,4,'',0,3600,4,'',0,7400,4,'',0,3100,4,'',0,7000,4,'',0
'1',678001,64200,4,'',0,1500,4,'',0,5400,4,'',0,1500,4,'',0,1100,4,'',0,1900,4,'',0,5500,4,'',0,1500,4,'',0,1500,4,'',0,1600,4,'',0,5500,4,'',0,1600,4,'',0,1000,4,'',0,7500,4,'',0,2300,4,'',0,6700,4,'',0,3600,4,'',0,6700,4,'',0,3200,4,'',0,6800,4,'',0,3500,4,'',0,7000,4,'',0,2700,4,'',0,7300,4,'',0,3000,4,'',0,1500,4,'',0,5500,4,'',0,1500,4,'',0,1500,4,'',0,1500,4,'',0,5600,4,'',0,1500,4,'',0,1500,4,'',0,1500,4,'',0,5500,4,'',0,1500,4,'',0,1500,4,'',0,1100,4,'',0,5900,4,'',0,3000,4,'',0,6800,4,'',0,10400,4,'',0,10300,4,'',0,10000,4,'',0
'2',678001,73300,4,'',0,7000,4,'',0,3000,4,'',0,7200,4,'',0,3000,4,'',0,7000,4,'',0,3000,4,'',0,7000,4,'',0,3200,4,'',0,7000,4,'',0,2800,4,'',0,7100,4,'',0,3000,4,'',0,7000,4,'',0,2900,4,'',0,7100,4,'',0,3300,4,'',0,6700,4,'',0,2700,4,'',0,7200,4,'',0,3100,4,'',0,7000,4,'',0,3000,4,'',0,7000,4,'',0,2800,4,'',0,7700,4,'',0,10500,4,'',0,9200,4,'',0,10400,4,'',0
'3',678001,90600,4,'',0,2900,4,'',0,7000,4,'',0,3000,4,'',0,7000,4,'',0,3000,4,'',0,7000,4,'',0,2800,4,'',0,7200,4,'',0,3000,4,'',0,6800,4,'',0,3000,4,'',0,7300,4,'',0,2900,4,'',0,6900,4,'',0,3000,4,'',0,2500,4,'',0,7600,4,'',0,7000,4,'',0,3000,4,'',0,6800,4,'',0,3500,4,'',0,7200,4,'',0,10500,4,'',0,9400,4,'',0,10500,4,'',0
'1',1671700,204900,,'',0,7100,,'',0,3000,,'',0,7000,,'',0,3000,,'',0,7000,,'',0,3000,,'',0,6700,,'',0,3000,,'',0,6900,,'',0
'2',1671700,204700,,'',0,7100,,'',0,3000,,'',0,6900,,'',0,3000,,'',0,7000,,'',0,3000,,'',0,7000,,'',0,10000,,'',0
'3',1671700,204700,,'',0,7000,,'',0,3000,,'',0,7000,,'',0,3000,,'',0,7000,,'',0,3000,,'',0,7000,,'',0,3000,,'',0,6900,,'',0
'1',3930500,62400,4,'',0,1000,4,'',0,1100,4,'',0,1000,4,'',0,5000,4,'',0,800,4,'',0,800,4,'',0,1000,4,'',0,800,4,'',0,900,4,'',0,900,4,'',0,4800,4,'',0,700,4,'',0,800,4,'',0,700,4,'',0,1000,4,'',0,700,4,'',0,800,4,'',0,700,4,'',0,4700,4,'',0,700,4,'',0,800,4,'',0,700,4,'',0,800,4,'',0,57200,4,'',0,2000,4,'',0,1500,4,'',0,1000,4,'',0,4900,4,'',0,800,4,'',0,700,4,'',0,800,4,'',0,900,4,'',0,800,4,'',0,700,4,'',0,800,4,'',0,4700,4,'',0,800,4,'',0,700,4,'',0,800,4,'',0,500,4,'',0,800,4,'',0,700,4,'',0,800,4,'',0,4600,4,'',0,800,4,'',0,700,4,'',0,1000,4,'',0,1000,4,'',0,1000,4,'',0
