'101',664601,90400,4,'',0,63000,4,'',0
'1merged13719059',664601,51800,4,'',0,2700,4,'',0,7400,4,'',0,2000,4,'',0,6700,4,'',0,2000,4,'',0,1800,4,'',0,6700,4,'',0,2200,4,'',0,2100,4,'',0,6400,4,'',0,1300,4,'',0,2700,4,'',0,7000,4,'',0,7200,4,'',0,2400,4,'',0,3100,4,'',0,7000,4,'',0,3000,4,'',0,7000,4,'',0,3100,4,'',0,7000,4,'',0,3300,4,'',0,7300,4,'',0,7100,4,'',0,3000,4,'',0,1100,4,'',0,6100,4,'',0,2500,4,'',0,1400,4,'',0,6300,4,'',0,1600,4,'',0,1900,4,'',0,6200,4,'',0,2700,4,'',0,2700,4,'',0,7100,4,'',0,2900,4,'',0,6800,4,'',0,2900,4,'',0,7100,4,'',0,8100,4,'',0,9800,4,'',0,10300,4,'',0,9700,4,'',0
'201',664601,90400,4,'',0
'2merged13719060',664601,65500,4,'',0,7000,4,'',0,2900,4,'',0,7100,4,'',0,3200,4,'',0,7100,4,'',0,2900,4,'',0,7100,4,'',0,2700,4,'',0,7200,4,'',0,3000,4,'',0,7400,4,'',0,7200,4,'',0,2800,4,'',0,7100,4,'',0,3000,4,'',0,7300,4,'',0,2700,4,'',0,7000,4,'',0,2800,4,'',0,7000,4,'',0,3000,4,'',0,2900,4,'',0,7000,4,'',0,2800,4,'',0,7100,4,'',0,2700,4,'',0,6900,4,'',0,3000,4,'',0,7000,4,'',0,2800,4,'',0,7000,4,'',0,8900,4,'',0,9800,4,'',0,10300,4,'',0,9900,4,'',0
'3merged13719057',664601,80000,4,'',0,10100,4,'',0,3000,4,'',0,2500,4,'',0,7100,4,'',0,3000,4,'',0,7000,4,'',0,3000,4,'',0,7000,4,'',0,3000,4,'',0,7100,4,'',0,3100,4,'',0,7000,4,'',0,3000,4,'',0,7000,4,'',0,3000,4,'',0,7200,4,'',0,6900,4,'',0,2900,4,'',0,2900,4,'',0,7000,4,'',0,3000,4,'',0,6700,4,'',0,3000,4,'',0,7000,4,'',0,2800,4,'',0,7000,4,'',0,3000,4,'',0,7000,4,'',0,9100,4,'',0,9600,4,'',0,9600,4,'',0,10300,4,'',0
'1merged13719059',664801,92300,4,'',0,71100,4,'',0,8100,4,'',0,2000,4,'',0,12300,4,'',0,7500,4,'',0,2100,4,'',0,26500,4,'',0,3000,4,'',0
'3merged13719057',664801,131900,4,'',0
'101',665101,161800,4,'',0
'1merged13719059',665101,54900,4,'',0,5600,4,'',0,1600,4,'',0,1600,4,'',0,1400,4,'',0,100,4,'',0,600,4,'',0,5000,4,'',0,400,4,'',0,900,4,'',0,100,4,'',0,700,4,'',0,600,4,'',0,300,4,'',0,800,4,'',0,400,4,'',0,300,4,'',0,4900,4,'',0,300,4,'',0,300,4,'',0,500,4,'',0,1000,4,'',0,500,4,'',0,700,4,'',0,400,4,'',0,400,4,'',0,1000,4,'',0,500,4,'',0,5000,4,'',0,500,4,'',0,1400,4,'',0,300,4,'',0,1100,4,'',0,600,4,'',0,1200,4,'',0,4800,4,'',0,1200,4,'',0,800,4,'',0,1100,4,'',0,800,4,'',0,900,4,'',0,5200,4,'',0,800,4,'',0,1000,4,'',0,1300,4,'',0,800,4,'',0,1000,4,'',0,5000,4,'',0,800,4,'',0,1300,4,'',0,1000,4,'',0,900,4,'',0,1000,4,'',0,5000,4,'',0,800,4,'',0,900,4,'',0,1000,4,'',0,600,4,'',0,800,4,'',0,800,4,'',0,4600,4,'',0,800,4,'',0,900,4,'',0,500,4,'',0,200,4,'',0,800,4,'',0,700,4,'',0,800,4,'',0,400,4,'',0,300,4,'',0,4700,4,'',0,700,4,'',0,900,4,'',0,200,4,'',0,200,4,'',0,1200,4,'',0,700,4,'',0,800,4,'',0,800,4,'',0,4700,4,'',0,700,4,'',0,1400,4,'',0,900,4,'',0,600,4,'',0,800,4,'',0,800,4,'',0,4500,4,'',0,800,4,'',0,800,4,'',0,800,4,'',0,800,4,'',0,900,4,'',0,900,4,'',0,600,4,'',0,4800,4,'',0,800,4,'',0,1200,4,'',0,1400,4,'',0,600,4,'',0,1400,4,'',0,5500,4,'',0,1300,4,'',0,1500,4,'',0,1500,4,'',0,5600,4,'',0,1500,4,'',0,2100,4,'',0,1000,4,'',0,5900,4,'',0,1200,4,'',0,2800,4,'',0,7200,4,'',0,7000,4,'',0,3500,4,'',0,6500,4,'',0,3000,4,'',0,2700,4,'',0,6600,4,'',0
'201',665101,161800,4,'',0
'2merged13719060',665101,61100,4,'',0,2000,4,'',0,2000,4,'',0,6000,4,'',0,2000,4,'',0,2000,4,'',0,5600,4,'',0,1500,4,'',0,1500,4,'',0,1600,4,'',0,5600,4,'',0,1500,4,'',0,1500,4,'',0,1500,4,'',0,5500,4,'',0,1500,4,'',0,1500,4,'',0,1500,4,'',0,5500,4,'',0,1600,4,'',0,1500,4,'',0,1500,4,'',0,5500,4,'',0,1500,4,'',0,1500,4,'',0,1500,4,'',0,5300,4,'',0,1000,4,'',0,1000,4,'',0,1000,4,'',0,1000,4,'',0,1000,4,'',0,5000,4,'',0,1100,4,'',0,900,4,'',0,1000,4,'',0,1000,4,'',0,1000,4,'',0,5000,4,'',0,1000,4,'',0,1000,4,'',0,1000,4,'',0,1000,4,'',0,1000,4,'',0,5000,4,'',0,1000,4,'',0,1000,4,'',0,1000,4,'',0,1000,4,'',0,1000,4,'',0,5000,4,'',0,1000,4,'',0,1000,4,'',0,1300,4,'',0,900,4,'',0,800,4,'',0,5000,4,'',0,1100,4,'',0,1200,4,'',0,1400,4,'',0,1000,4,'',0,5200,4,'',0,1100,4,'',0,1600,4,'',0,800,4,'',0,1100,4,'',0,5100,4,'',0,900,4,'',0,1200,4,'',0,1600,4,'',0,1600,4,'',0,5600,4,'',0,1600,4,'',0,1200,4,'',0,1600,4,'',0,6500,4,'',0,3000,4,'',0,7200,4,'',0,3000,4,'',0,7000,4,'',0,3000,4,'',0,6800,4,'',0
'3merged13719057',665101,63000,4,'',0,2000,4,'',0,6000,4,'',0,2000,4,'',0,2000,4,'',0,6100,4,'',0,2000,4,'',0,1800,4,'',0,5500,4,'',0,1500,4,'',0,1500,4,'',0,1500,4,'',0,5400,4,'',0,1100,4,'',0,1600,4,'',0,1400,4,'',0,5600,4,'',0,2100,4,'',0,1100,4,'',0,1500,4,'',0,5800,4,'',0,1200,4,'',0,1500,4,'',0,2100,4,'',0,4900,4,'',0,1500,4,'',0,2000,4,'',0,800,4,'',0,5500,4,'',0,2100,4,'',0,900,4,'',0,1500,4,'',0,6500,4,'',0,500,4,'',0,1500,4,'',0,2000,4,'',0,5100,4,'',0,1500,4,'',0,2100,4,'',0,900,4,'',0,5500,4,'',0,2200,4,'',0,800,4,'',0,1500,4,'',0,6200,4,'',0,1000,4,'',0,1500,4,'',0,1400,4,'',0,5500,4,'',0,1400,4,'',0,1600,4,'',0,1400,4,'',0,5600,4,'',0,1800,4,'',0,1400,4,'',0,1800,4,'',0,7000,4,'',0,3000,4,'',0,6900,4,'',0,3000,4,'',0,7000,4,'',0,3000,4,'',0,7000,4,'',0,3000,4,'',0,7000,4,'',0
'101',665701,154500,4,'',0
'1merged13719059',665701,61100,4,'',0,2300,4,'',0,2400,4,'',0,6400,4,'',0,2300,4,'',0,5900,4,'',0,1700,4,'',0,1600,4,'',0,1500,4,'',0,5600,4,'',0,1600,4,'',0,1300,4,'',0,1500,4,'',0,5700,4,'',0,1200,4,'',0,1300,4,'',0,1500,4,'',0,5200,4,'',0,1600,4,'',0,1600,4,'',0,1400,4,'',0,5400,4,'',0,1500,4,'',0,1500,4,'',0,1500,4,'',0,5500,4,'',0,1500,4,'',0,1500,4,'',0,1500,4,'',0,5500,4,'',0,1500,4,'',0,1500,4,'',0,1500,4,'',0,6000,4,'',0,1500,4,'',0,1100,4,'',0,1000,4,'',0,1700,4,'',0,5700,4,'',0,900,4,'',0,1200,4,'',0,1700,4,'',0,5500,4,'',0,1600,4,'',0,1600,4,'',0,1400,4,'',0,5800,4,'',0,900,4,'',0,1500,4,'',0,1400,4,'',0,5500,4,'',0,2000,4,'',0,2500,4,'',0,6500,4,'',0,3100,4,'',0,6700,4,'',0,2900,4,'',0,6500,4,'',0,3000,4,'',0,7000,4,'',0,3000,4,'',0,6900,4,'',0,3200,4,'',0,7500,4,'',0
'2merged13719060',665701,72400,4,'',0,10500,4,'',0,7200,4,'',0,3400,4,'',0,7900,4,'',0,3000,4,'',0,7200,4,'',0,2800,4,'',0,6300,4,'',0,2000,4,'',0,2000,4,'',0,6000,4,'',0,2000,4,'',0,2000,4,'',0,6000,4,'',0,2000,4,'',0,2000,4,'',0,6100,4,'',0,2000,4,'',0,2000,4,'',0,5800,4,'',0,1900,4,'',0,2000,4,'',0,6000,4,'',0,1900,4,'',0,2200,4,'',0,6100,4,'',0,1800,4,'',0,2100,4,'',0,5700,4,'',0,1900,4,'',0,2000,4,'',0,6000,4,'',0,2000,4,'',0,2100,4,'',0,7000,4,'',0,2800,4,'',0,7100,4,'',0,3000,4,'',0,6800,4,'',0,3000,4,'',0,7000,4,'',0,2600,4,'',0,7000,4,'',0
'3merged13719057',665701,75700,4,'',0,7200,4,'',0,2800,4,'',0,8400,4,'',0,7000,4,'',0,3100,4,'',0,7000,4,'',0,3200,4,'',0,7000,4,'',0,3000,4,'',0,7000,4,'',0,3100,4,'',0,7200,4,'',0,3000,4,'',0,6900,4,'',0,3000,4,'',0,7000,4,'',0,2800,4,'',0,7100,4,'',0,3000,4,'',0,7200,4,'',0,2900,4,'',0,7000,4,'',0,2500,4,'',0,7000,4,'',0,3000,4,'',0,6700,4,'',0,3000,4,'',0,7000,4,'',0,3000,4,'',0,6200,4,'',0,3000,4,'',0,7000,4,'',0,3000,4,'',0,7000,4,'',0
'101',673000,165700,4,'',0
'1merged13719059',673000,54400,4,'',0,1200,4,'',0,5200,4,'',0,1200,4,'',0,1200,4,'',0,1300,4,'',0,1300,4,'',0,5500,4,'',0,1100,4,'',0,1400,4,'',0,1200,4,'',0,5400,4,'',0,1200,4,'',0,1400,4,'',0,1600,4,'',0,5400,4,'',0,1500,4,'',0,1600,4,'',0,1600,4,'',0,5700,4,'',0,2000,4,'',0,2000,4,'',0,6100,4,'',0,2000,4,'',0,2000,4,'',0,6000,4,'',0,2400,4,'',0,2000,4,'',0,6000,4,'',0,2000,4,'',0,2100,4,'',0,6000,4,'',0,1700,4,'',0,1600,4,'',0,6300,4,'',0,1500,4,'',0,1700,4,'',0,1500,4,'',0,5400,4,'',0,1200,4,'',0,1300,4,'',0,1200,4,'',0,6500,4,'',0,1200,4,'',0,1200,4,'',0,1200,4,'',0,1100,4,'',0,5200,4,'',0,1200,4,'',0,1200,4,'',0,600,4,'',0,1200,4,'',0,5300,4,'',0,1500,4,'',0,1100,4,'',0,2600,4,'',0,6900,4,'',0,3000,4,'',0,7000,4,'',0,3500,4,'',0
'201',673000,165700,4,'',0
'2merged13719060',673000,73200,4,'',0,2500,4,'',0,6000,4,'',0,2000,4,'',0,2000,4,'',0,6500,4,'',0,2000,4,'',0,6600,4,'',0,2000,4,'',0,2000,4,'',0,6200,4,'',0,2000,4,'',0,2000,4,'',0,6000,4,'',0,1500,4,'',0,1600,4,'',0,1500,4,'',0,5500,4,'',0,1500,4,'',0,1900,4,'',0,5500,4,'',0,1500,4,'',0,1500,4,'',0,1700,4,'',0,5500,4,'',0,1500,4,'',0,1500,4,'',0,1700,4,'',0,5500,4,'',0,1500,4,'',0,1400,4,'',0,1500,4,'',0,5500,4,'',0,1500,4,'',0,1500,4,'',0,1500,4,'',0,5500,4,'',0,1500,4,'',0,1800,4,'',0,2000,4,'',0,5100,4,'',0,2000,4,'',0,2000,4,'',0,6300,4,'',0,2800,4,'',0,7000,4,'',0,3200,4,'',0
'3merged13719057',673000,83400,4,'',0,2000,4,'',0,6400,4,'',0,2000,4,'',0,6200,4,'',0,2300,4,'',0,2000,4,'',0,6200,4,'',0,2200,4,'',0,2000,4,'',0,6300,4,'',0,2000,4,'',0,2000,4,'',0,6000,4,'',0,2000,4,'',0,2000,4,'',0,6300,4,'',0,2300,4,'',0,2000,4,'',0,5700,4,'',0,1500,4,'',0,1500,4,'',0,1500,4,'',0,5500,4,'',0,1300,4,'',0,1500,4,'',0,1300,4,'',0,5500,4,'',0,1500,4,'',0,1300,4,'',0,1500,4,'',0,5500,4,'',0,1500,4,'',0,1000,4,'',0,1500,4,'',0,5900,4,'',0,1800,4,'',0,2000,4,'',0,5900,4,'',0,1900,4,'',0,2000,4,'',0,7000,4,'',0
'1merged13719059',681100,62100,4,'',0,3000,4,'',0,7000,4,'',0,3200,4,'',0,7100,4,'',0,3000,4,'',0,7000,4,'',0,3000,4,'',0,6900,4,'',0,3000,4,'',0,7000,4,'',0,3000,4,'',0,7000,4,'',0,3000,4,'',0,7000,4,'',0,3000,4,'',0,7000,4,'',0,3000,4,'',0,7100,4,'',0,3000,4,'',0,7000,4,'',0,3000,4,'',0,7200,4,'',0,3000,4,'',0,7100,4,'',0,2900,4,'',0,7000,4,'',0,2900,4,'',0,7000,4,'',0,3000,4,'',0,6700,4,'',0,3000,4,'',0,6900,4,'',0,3000,4,'',0,6900,4,'',0,3000,4,'',0,7000,4,'',0
'2merged13719060',681100,84600,4,'',0,7000,4,'',0,3000,4,'',0,7000,4,'',0,3100,4,'',0,7000,4,'',0,3100,4,'',0,7000,4,'',0,3000,4,'',0,7000,4,'',0,3100,4,'',0,7400,4,'',0,3000,4,'',0,7000,4,'',0,2700,4,'',0,7000,4,'',0,3000,4,'',0,6900,4,'',0,2900,4,'',0,7000,4,'',0,2700,4,'',0,7000,4,'',0,3000,4,'',0,7000,4,'',0,3000,4,'',0,7000,4,'',0,3000,4,'',0,7000,4,'',0,3000,4,'',0
'3merged13719057',681100,91700,4,'',0,3000,4,'',0,7000,4,'',0,3000,4,'',0,7000,4,'',0,3000,4,'',0,7100,4,'',0,3100,4,'',0,7000,4,'',0,3100,4,'',0,7000,4,'',0,3000,4,'',0,7000,4,'',0,2900,4,'',0,7000,4,'',0,3000,4,'',0,7400,4,'',0,2500,4,'',0,7000,4,'',0,3000,4,'',0,7000,4,'',0,3000,4,'',0,7000,4,'',0,3000,4,'',0,7000,4,'',0,3000,4,'',0,6800,4,'',0,3000,4,'',0
'1merged13719059',681701,60600,4,'',0,1500,4,'',0,1500,4,'',0,1500,4,'',0,5500,4,'',0,1500,4,'',0,1500,4,'',0,1700,4,'',0,5500,4,'',0,1700,4,'',0,1500,4,'',0,1500,4,'',0,5500,4,'',0,1400,4,'',0,1500,4,'',0,7000,4,'',0,2900,4,'',0,7000,4,'',0,3200,4,'',0,7000,4,'',0,3000,4,'',0,7000,4,'',0,3000,4,'',0,7000,4,'',0,3100,4,'',0,1500,4,'',0,5600,4,'',0,1700,4,'',0,1400,4,'',0,1500,4,'',0,5300,4,'',0,1500,4,'',0,1500,4,'',0,1500,4,'',0,5500,4,'',0,1500,4,'',0,1500,4,'',0,1500,4,'',0,5400,4,'',0,1500,4,'',0,1500,4,'',0,6800,4,'',0,1800,4,'',0,2000,4,'',0,6000,4,'',0,3000,4,'',0,7500,4,'',0,2500,4,'',0,7000,4,'',0,3000,4,'',0,7000,4,'',0,2800,4,'',0,7000,4,'',0
'2merged13719060',681701,83600,4,'',0,7000,4,'',0,3100,4,'',0,7000,4,'',0,3000,4,'',0,7000,4,'',0,2000,4,'',0,2000,4,'',0,6000,4,'',0,2000,4,'',0,2000,4,'',0,6000,4,'',0,2000,4,'',0,2100,4,'',0,6000,4,'',0,2600,4,'',0,2000,4,'',0,6000,4,'',0,1900,4,'',0,2000,4,'',0,6000,4,'',0,1800,4,'',0,1900,4,'',0,6000,4,'',0,2000,4,'',0,1700,4,'',0,6000,4,'',0,1800,4,'',0,2200,4,'',0,6000,4,'',0,1900,4,'',0,2000,4,'',0,6000,4,'',0,2800,4,'',0,7000,4,'',0,3000,4,'',0,7000,4,'',0,3000,4,'',0
'3merged13719057',681701,84000,4,'',0,7000,4,'',0,3000,4,'',0,7000,4,'',0,3000,4,'',0,7000,4,'',0,3000,4,'',0,7200,4,'',0,3000,4,'',0,7000,4,'',0,3000,4,'',0,7000,4,'',0,3000,4,'',0,7000,4,'',0,3000,4,'',0,7000,4,'',0,1800,4,'',0,2000,4,'',0,6000,4,'',0,2100,4,'',0,2000,4,'',0,6000,4,'',0,1900,4,'',0,2000,4,'',0,6000,4,'',0,2000,4,'',0,2000,4,'',0,6000,4,'',0,2900,4,'',0,6800,4,'',0,3000,4,'',0,7000,4,'',0,3000,4,'',0
'1merged13719059',3279901,54500,4,'',0,6300,4,'',0,1500,4,'',0,1400,4,'',0,1700,4,'',0,5600,4,'',0,1500,4,'',0,1700,4,'',0,1400,4,'',0,5900,4,'',0,1700,4,'',0,1100,4,'',0,1600,4,'',0,5600,4,'',0,1400,4,'',0,1500,4,'',0,1200,4,'',0,5400,4,'',0,1600,4,'',0,1500,4,'',0,1500,4,'',0,5500,4,'',0,1600,4,'',0,1500,4,'',0,1500,4,'',0,5500,4,'',0,1600,4,'',0,1500,4,'',0,1500,4,'',0,5500,4,'',0,1500,4,'',0,1500,4,'',0,1600,4,'',0,5500,4,'',0,1500,4,'',0,1400,4,'',0,1600,4,'',0,5200,4,'',0,1200,4,'',0,1200,4,'',0,1200,4,'',0,1100,4,'',0,5200,4,'',0,1200,4,'',0,1200,4,'',0,1200,4,'',0,1200,4,'',0,5200,4,'',0,1200,4,'',0,1200,4,'',0,1200,4,'',0,1200,4,'',0,5200,4,'',0,1400,4,'',0,1600,4,'',0,1500,4,'',0,5200,4,'',0,1500,4,'',0,1500,4,'',0,1500,4,'',0,5600,4,'',0,1400,4,'',0,1500,4,'',0,1300,4,'',0,5500,4,'',0,1500,4,'',0,1500,4,'',0,1500,4,'',0,5500,4,'',0,1600,4,'',0,2600,4,'',0,6900,4,'',0,2700,4,'',0,7000,4,'',0,3300,4,'',0,6600,4,'',0,2800,4,'',0,8000,4,'',0
'2merged13719060',3279901,54500,4,'',0,7100,4,'',0,2100,4,'',0,2100,4,'',0,6300,4,'',0,2200,4,'',0,1500,4,'',0,5300,4,'',0,1900,4,'',0,1600,4,'',0,5500,4,'',0,1800,4,'',0,1300,4,'',0,1600,4,'',0,5500,4,'',0,1600,4,'',0,1700,4,'',0,1600,4,'',0,5500,4,'',0,1500,4,'',0,1600,4,'',0,1600,4,'',0,5500,4,'',0,1500,4,'',0,1600,4,'',0,1400,4,'',0,5600,4,'',0,1500,4,'',0,1500,4,'',0,1600,4,'',0,5500,4,'',0,1500,4,'',0,1500,4,'',0,1500,4,'',0,5500,4,'',0,1500,4,'',0,1500,4,'',0,1500,4,'',0,5500,4,'',0,1500,4,'',0,1400,4,'',0,1500,4,'',0,5500,4,'',0,1500,4,'',0,1500,4,'',0,1500,4,'',0,5700,4,'',0,1600,4,'',0,1200,4,'',0,1500,4,'',0,5500,4,'',0,1400,4,'',0,1500,4,'',0,1300,4,'',0,5500,4,'',0,1500,4,'',0,1500,4,'',0,1500,4,'',0,5500,4,'',0,1300,4,'',0,1500,4,'',0,1500,4,'',0,5500,4,'',0,1500,4,'',0,2700,4,'',0,6800,4,'',0,2800,4,'',0,7100,4,'',0,2800,4,'',0,7100,4,'',0,2700,4,'',0,7700,4,'',0
'3merged13719057',3279901,61300,4,'',0,2200,4,'',0,2200,4,'',0,6200,4,'',0,2200,4,'',0,6000,4,'',0,2200,4,'',0,2000,4,'',0,1500,4,'',0,5500,4,'',0,1600,4,'',0,1500,4,'',0,5800,4,'',0,1500,4,'',0,1500,4,'',0,1500,4,'',0,5600,4,'',0,1500,4,'',0,1600,4,'',0,1500,4,'',0,5600,4,'',0,1500,4,'',0,1500,4,'',0,1500,4,'',0,5500,4,'',0,1500,4,'',0,1500,4,'',0,1500,4,'',0,5500,4,'',0,1500,4,'',0,1500,4,'',0,1500,4,'',0,5500,4,'',0,1500,4,'',0,1500,4,'',0,1400,4,'',0,5500,4,'',0,1500,4,'',0,1500,4,'',0,1500,4,'',0,5500,4,'',0,1500,4,'',0,1500,4,'',0,1500,4,'',0,5500,4,'',0,1500,4,'',0,1300,4,'',0,1500,4,'',0,5500,4,'',0,1500,4,'',0,1500,4,'',0,1500,4,'',0,5400,4,'',0,1500,4,'',0,1400,4,'',0,1500,4,'',0,5500,4,'',0,1500,4,'',0,1500,4,'',0,1700,4,'',0,7000,4,'',0,2700,4,'',0,6900,4,'',0,3000,4,'',0,7000,4,'',0,3000,4,'',0,7000,4,'',0,3200,4,'',0
'1merged13719059',3930400,62300,4,'',0,2000,4,'',0,6100,4,'',0,2200,4,'',0,2000,4,'',0,6000,4,'',0,2000,4,'',0,2100,4,'',0,6000,4,'',0,2000,4,'',0,3000,4,'',0,7000,4,'',0,3000,4,'',0,7000,4,'',0,3000,4,'',0,7200,4,'',0,3000,4,'',0,7000,4,'',0,3000,4,'',0,7000,4,'',0,7100,4,'',0,3100,4,'',0,2000,4,'',0,6000,4,'',0,2000,4,'',0,2000,4,'',0,6000,4,'',0,2100,4,'',0,2000,4,'',0,6000,4,'',0,1800,4,'',0,2000,4,'',0,6000,4,'',0,1800,4,'',0,2800,4,'',0,6800,4,'',0,3000,4,'',0,7000,4,'',0,3000,4,'',0,7000,4,'',0
'2merged13719060',3930400,73600,4,'',0,8000,4,'',0,4000,4,'',0,7100,4,'',0,3000,4,'',0,7000,4,'',0,3000,4,'',0,7000,4,'',0,2000,4,'',0,6200,4,'',0,2100,4,'',0,2000,4,'',0,6000,4,'',0,2100,4,'',0,2000,4,'',0,6000,4,'',0,2000,4,'',0,2300,4,'',0,6000,4,'',0,1900,4,'',0,2000,4,'',0,6000,4,'',0,1900,4,'',0,2000,4,'',0,6000,4,'',0,1800,4,'',0,7000,4,'',0,2700,4,'',0,3000,4,'',0,6800,4,'',0,2900,4,'',0,6900,4,'',0,3000,4,'',0,6900,4,'',0,3000,4,'',0,7000,4,'',0
'3merged13719057',3930400,81700,4,'',0,4000,4,'',0,7000,4,'',0,3000,4,'',0,7000,4,'',0,2900,4,'',0,7200,4,'',0,3000,4,'',0,7000,4,'',0,3000,4,'',0,7000,4,'',0,3000,4,'',0,7200,4,'',0,7000,4,'',0,3000,4,'',0,7000,4,'',0,3000,4,'',0,7000,4,'',0,3000,4,'',0,7000,4,'',0,3000,4,'',0,2800,4,'',0,7000,4,'',0,3000,4,'',0,7000,4,'',0,2800,4,'',0,7000,4,'',0,3000,4,'',0,7000,4,'',0
'101',3930501,162000,4,'',0,3000,4,'',0
'1merged13719059',3930501,62400,4,'',0,1200,4,'',0,1200,4,'',0,5300,4,'',0,1200,4,'',0,1400,4,'',0,1000,4,'',0,900,4,'',0,900,4,'',0,5000,4,'',0,900,4,'',0,700,4,'',0,700,4,'',0,700,4,'',0,600,4,'',0,600,4,'',0,700,4,'',0,4600,4,'',0,600,4,'',0,900,4,'',0,900,4,'',0,58300,4,'',0,900,4,'',0,800,4,'',0,900,4,'',0,900,4,'',0,800,4,'',0,700,4,'',0,4800,4,'',0,700,4,'',0,1500,4,'',0,800,4,'',0,700,4,'',0,1400,4,'',0,5100,4,'',0,500,4,'',0,800,4,'',0,600,4,'',0,900,4,'',0,600,4,'',0,800,4,'',0,800,4,'',0,4700,4,'',0,800,4,'',0,1000,4,'',0,700,4,'',0,1500,4,'',0
'201',3930501,162000,4,'',0,3000,4,'',0
