'101',667200,152000,4,'',0,400,4,'',0
'101',667201,153300,,'',0
'1merged13592254',667200,60600,4,'',0,1200,4,'',0,1700,4,'',0,1000,4,'',0,5800,4,'',0,1600,4,'',0,1500,4,'',0,1500,4,'',0,5600,4,'',0,1500,4,'',0,1600,4,'',0,1500,4,'',0,5500,4,'',0,1400,4,'',0,1600,4,'',0,7000,4,'',0,3000,4,'',0,7000,4,'',0,3100,4,'',0,7100,4,'',0,3000,4,'',0,7000,4,'',0,3100,4,'',0,6800,4,'',0,2900,4,'',0,6900,4,'',0,3400,4,'',0,6700,4,'',0,1800,4,'',0,1600,4,'',0,1500,4,'',0,5500,4,'',0,1500,4,'',0,1500,4,'',0,1500,4,'',0,5500,4,'',0,1500,4,'',0,1500,4,'',0,1500,4,'',0,5700,4,'',0,900,4,'',0,1500,4,'',0,1500,4,'',0,5500,4,'',0,3000,4,'',0
'1merged13592254',667201,52700,,'',0,2900,,'',0,5500,,'',0,1400,,'',0,1500,,'',0,1000,,'',0,5000,,'',0,1100,,'',0,1300,,'',0,1000,,'',0,1000,,'',0,1300,,'',0,5400,,'',0,1400,,'',0,1400,,'',0,1600,,'',0,5500,,'',0,1500,,'',0,2800,,'',0,7000,,'',0,3000,,'',0,7000,,'',0,3000,,'',0,6700,,'',0,2600,,'',0,7700,,'',0,3100,,'',0,6900,,'',0,2800,,'',0,7300,,'',0,2500,,'',0,5500,,'',0,1500,,'',0,1700,,'',0,1600,,'',0,5600,,'',0,1700,,'',0,1600,,'',0,1600,,'',0,5700,,'',0,1600,,'',0,1900,0,'Phibbs Exch',0,5500,,'',0
'2merged13592256',667200,60600,4,'',0,3000,4,'',0,7100,4,'',0,2500,4,'',0,7000,4,'',0,3000,4,'',0,7300,4,'',0,3000,4,'',0,7000,4,'',0,3000,4,'',0,7000,4,'',0,3000,4,'',0,7400,4,'',0,3000,4,'',0,7000,4,'',0,3000,4,'',0,7000,4,'',0,2800,4,'',0,2000,4,'',0,6000,4,'',0,2000,4,'',0,2000,4,'',0,6000,4,'',0,2000,4,'',0,2000,4,'',0,6000,4,'',0,1900,4,'',0,2000,4,'',0,6000,4,'',0,2000,4,'',0,2000,4,'',0,6000,4,'',0,2400,4,'',0,7000,4,'',0,3500,4,'',0
'2merged13592256',667201,62700,,'',0,3000,,'',0,7000,,'',0,2900,,'',0,7000,,'',0,3000,,'',0,7000,,'',0,3000,,'',0,6900,,'',0,3000,,'',0,7000,,'',0,3000,,'',0,7000,,'',0,2900,,'',0,7000,,'',0,2000,,'',0,6000,,'',0,2000,,'',0,2000,,'',0,6000,,'',0,2000,,'',0,2100,,'',0,6000,,'',0,2000,,'',0,1900,,'',0,6000,,'',0,2000,,'',0,2100,,'',0,6000,,'',0,2000,,'',0,2000,,'',0,6000,,'',0
'3merged13592255',667200,73400,4,'',0,7000,4,'',0,3200,4,'',0,7000,4,'',0,3000,4,'',0,7000,4,'',0,3000,4,'',0,7100,4,'',0,3000,4,'',0,7000,4,'',0,3000,4,'',0,7000,4,'',0,3000,4,'',0,7000,4,'',0,3000,4,'',0,7000,4,'',0,3000,4,'',0,7000,4,'',0,3000,4,'',0,7000,4,'',0,3000,4,'',0,7000,4,'',0,3000,4,'',0,7000,4,'',0,2900,4,'',0,7000,4,'',0,3000,4,'',0
'3merged13592255',667201,65600,,'',0,7000,,'',0,3000,,'',0,7000,,'',0,3000,,'',0,7000,,'',0,2900,,'',0,7000,,'',0,2900,,'',0,7000,,'',0,3000,,'',0,7000,,'',0,3000,,'',0,7000,,'',0,3000,,'',0,7000,,'',0,3000,,'',0,7000,,'',0,3000,,'',0,7000,,'',0,3000,,'',0,7000,,'',0,3000,,'',0,7100,,'',0,3000,,'',0
'101',667601,80000,,'',0,74200,,'',0
'1merged13592254',667600,50900,4,'',0,3500,4,'',0,6000,4,'',0,2000,4,'',0,1200,4,'',0,2100,4,'',0,5000,4,'',0,1400,4,'',0,1500,4,'',0,1400,4,'',0,5400,4,'',0,2100,4,'',0,1500,4,'',0,6900,4,'',0,3000,4,'',0,6900,4,'',0,3000,4,'',0,7000,4,'',0,3100,4,'',0,7100,4,'',0,2900,4,'',0,7000,4,'',0,3200,4,'',0,7000,4,'',0,3200,4,'',0,7100,4,'',0,3100,4,'',0,5500,4,'',0,1500,4,'',0,1400,4,'',0,1500,4,'',0,1500,4,'',0,5600,4,'',0,1700,4,'',0,1800,4,'',0,5000,4,'',0,1400,4,'',0,1400,4,'',0,1500,4,'',0,1400,4,'',0,5400,4,'',0,1500,4,'',0,3000,4,'',0,7100,4,'',0,2900,4,'',0,7000,4,'',0,3000,4,'',0,6800,4,'',0,3000,4,'',0,7000,4,'',0,3000,4,'',0,6900,4,'',0,2700,4,'',0,7000,4,'',0,3600,4,'',0
'1merged13592254',667601,51600,,'',0,3400,,'',0,5900,,'',0,2400,,'',0,1600,,'',0,5300,,'',0,1200,,'',0,1800,,'',0,1500,,'',0,6900,,'',0,2200,,'',0,900,,'',0,6900,,'',0,3000,,'',0,7000,,'',0,3000,,'',0,6900,,'',0,3000,,'',0,6900,,'',0,3100,,'',0,7000,,'',0,3000,,'',0,7000,,'',0,2800,,'',0,6900,,'',0,4700,,'',0,5500,,'',0,1500,,'',0,1600,,'',0,5500,,'',0,1600,,'',0,1500,,'',0,1700,,'',0,5500,,'',0,1600,,'',0,1600,,'',0,1600,,'',0,5400,,'',0,1700,,'',0,1300,,'',0,7000,,'',0,3000,,'',0,7000,,'',0,3000,,'',0,7100,,'',0,3000,,'',0,7200,,'',0,3000,,'',0,7000,,'',0,3000,,'',0,7000,,'',0,2000,0,'Grand Blvd & 15th St',0,7600,0,'Grand Blvd & 15th St',0
'2merged13592256',667600,52800,4,'',0,3000,4,'',0,6700,4,'',0,3000,4,'',0,7000,4,'',0,3000,4,'',0,7000,4,'',0,3000,4,'',0,7700,4,'',0,8000,4,'',0,3500,4,'',0,7000,4,'',0,3000,4,'',0,7000,4,'',0,3000,4,'',0,7200,4,'',0,3000,4,'',0,7000,4,'',0,3000,4,'',0,7000,4,'',0,3100,4,'',0,7000,4,'',0,3000,4,'',0,7000,4,'',0,3000,4,'',0,6900,4,'',0,2800,4,'',0,5700,4,'',0,2200,4,'',0,2800,4,'',0,7200,4,'',0,3000,4,'',0,6900,4,'',0,3000,4,'',0,7000,4,'',0,3000,4,'',0,7000,4,'',0,3000,4,'',0,6900,4,'',0,3100,4,'',0,7200,4,'',0,3100,4,'',0
'2merged13592256',667601,53400,,'',0,7000,,'',0,3000,,'',0,7000,,'',0,2900,,'',0,7000,,'',0,3000,,'',0,7000,,'',0,2900,,'',0,6900,,'',0,3000,,'',0,7000,,'',0,2800,,'',0,2900,,'',0,6900,,'',0,3000,,'',0,7000,,'',0,3000,,'',0,7000,,'',0,3000,,'',0,7000,,'',0,3000,,'',0,7100,,'',0,3100,,'',0,7100,,'',0,7000,,'',0,3200,,'',0,7200,,'',0,3000,,'',0,7000,,'',0,3000,,'',0,7100,,'',0,3000,,'',0,7000,,'',0,3000,,'',0,7000,,'',0,3000,,'',0,7000,,'',0,3000,,'',0,7000,,'',0
'3merged13592255',667600,65500,4,'',0,9800,4,'',0,10000,4,'',0,10200,4,'',0,10000,4,'',0,7000,4,'',0,3000,4,'',0,7000,4,'',0,3000,4,'',0,7000,4,'',0,3100,4,'',0,7000,4,'',0,3000,4,'',0,7000,4,'',0,3000,4,'',0,7100,4,'',0,3100,4,'',0,7000,4,'',0,3000,4,'',0,7000,4,'',0,3000,4,'',0,7000,4,'',0,3000,4,'',0,6900,4,'',0,3000,4,'',0,7000,4,'',0,3000,4,'',0,6800,4,'',0,3000,4,'',0,6900,4,'',0,3000,4,'',0
'3merged13592255',667601,70500,,'',0,10000,,'',0,9900,,'',0,9900,,'',0,10000,,'',0,3100,,'',0,6800,,'',0,3000,,'',0,7000,,'',0,3000,,'',0,6900,,'',0,3000,,'',0,7200,,'',0,3000,,'',0,7000,,'',0,3000,,'',0,7000,,'',0,3000,,'',0,7000,,'',0,3200,,'',0,7000,,'',0,3000,,'',0,7000,,'',0,3000,,'',0,7000,,'',0,3000,,'',0,7000,,'',0,3000,,'',0,7000,,'',0,2400,0,'Grand Blvd & 15th St',0,3000,0,'Grand Blvd & 15th St',0
'1merged13592254',1671700,210800,4,'',0,2900,4,'',0,7000,4,'',0,3000,4,'',0,7000,4,'',0,2900,4,'',0,7000,4,'',0,2600,4,'',0,7400,4,'',0,2900,4,'',0
'1merged13592254',1671701,192800,,'',0,2900,,'',0,7000,,'',0,3000,,'',0,7000,,'',0,3100,,'',0,7000,,'',0,2700,,'',0,7400,,'',0,3000,,'',0,7100,0,'Phibbs Exch',0,700,0,'Phibbs Exch',0,10300,0,'Phibbs Exch',0
'2merged13592256',1671700,210600,4,'',0,3000,4,'',0,7000,4,'',0,3000,4,'',0,7000,4,'',0,3000,4,'',0,7000,4,'',0,3000,4,'',0,10000,4,'',0
'2merged13592256',1671701,192500,,'',0,3000,,'',0,7000,,'',0,3000,,'',0,7000,,'',0,3000,,'',0,7000,,'',0,3000,,'',0,7000,,'',0,3100,,'',0,5500,0,'Phibbs Exch',0,3100,0,'Phibbs Exch',0,10000,0,'Phibbs Exch',0
'3merged13592255',1671700,210600,4,'',0,3000,4,'',0,7000,4,'',0,3000,4,'',0,7000,4,'',0,3000,4,'',0,7000,4,'',0,2800,4,'',0,7000,4,'',0,2800,4,'',0
'3merged13592255',1671701,192700,,'',0,3100,,'',0,6800,,'',0,3000,,'',0,7000,,'',0,3000,,'',0,7000,,'',0,3000,,'',0,7000,,'',0,3000,,'',0,7000,0,'Phibbs Exch',0,1600,0,'Phibbs Exch',0,9500,,'',0
