'101',674500,150000,0,'Ladner Ring',0
'101',674501,150000,4,'',0
'1merged13591983',674500,164800,0,'Ladner Ring',0,8000,0,'Ladner Ring',0,2900,0,'Ladner Ring',0,7100,0,'Ladner Ring',0,7900,0,'Ladner Ring',0
'1merged13591983',674501,164800,4,'',0,8000,4,'',0,2900,4,'',0,7100,4,'',0,7900,4,'',0
'1merged13591983',682300,75100,,'',0,7100,,'',0,3000,,'',0,7000,,'',0,2900,,'',0,7000,,'',0,3000,,'',0,7000,,'',0,3000,,'',0,7000,,'',0,3100,,'',0,7000,,'',0,3000,,'',0,7000,,'',0,3000,,'',0,7000,,'',0,3000,,'',0,7000,,'',0,3000,,'',0,7000,,'',0,2900,,'',0,7000,,'',0,3000,,'',0
'1merged13591983',682301,75100,4,'',0,7100,4,'',0,3000,4,'',0,7000,4,'',0,2900,4,'',0,7000,4,'',0,3000,4,'',0,7000,4,'',0,3000,4,'',0,7000,4,'',0,3100,4,'',0,7000,4,'',0,3000,4,'',0,7000,4,'',0,3000,4,'',0,7000,4,'',0,3000,4,'',0,7000,4,'',0,3000,4,'',0,7000,4,'',0,2900,4,'',0,7000,4,'',0,3000,4,'',0
'2merged13591985',682300,85100,,'',0,7100,,'',0,3000,,'',0,6900,,'',0,3000,,'',0,7000,,'',0,3000,,'',0,7000,,'',0,3000,,'',0,7000,,'',0,3100,,'',0,6900,,'',0,3000,,'',0,7000,,'',0,3000,,'',0,7100,,'',0,3000,,'',0,7000,,'',0,3000,,'',0,7000,,'',0,3000,,'',0
'2merged13591985',682301,85100,4,'',0,7100,4,'',0,3000,4,'',0,6900,4,'',0,3000,4,'',0,7000,4,'',0,3000,4,'',0,7000,4,'',0,3000,4,'',0,7000,4,'',0,3100,4,'',0,6900,4,'',0,3000,4,'',0,7000,4,'',0,3000,4,'',0,7100,4,'',0,3000,4,'',0,7000,4,'',0,3000,4,'',0,7000,4,'',0,3000,4,'',0
'3merged13591984',682300,85200,,'',0,8000,,'',0,7900,,'',0,4000,,'',0,8000,,'',0,8000,,'',0,4100,,'',0,8000,,'',0,7900,,'',0,4000,,'',0,8000,,'',0,8000,,'',0,4000,,'',0,8000,,'',0,8000,,'',0,4000,,'',0
'3merged13591984',682301,85200,4,'',0,8000,4,'',0,7900,4,'',0,4000,4,'',0,8000,4,'',0,8000,4,'',0,4100,4,'',0,8000,4,'',0,7900,4,'',0,4000,4,'',0,8000,4,'',0,8000,4,'',0,4000,4,'',0,8000,4,'',0,8000,4,'',0,4000,4,'',0
