'1merged13526174',661901,54510,0,'Alma',0,6000,0,'Alma',0,2000,0,'Alma',0,1500,0,'Alma',0,1500,0,'Alma',0,5640,,'',0,1200,0,'Alma',0,800,,'',0,1700,,'',0,5700,,'',0,1500,,'',0,1500,,'',0,1490,,'',0,5400,,'',0,1600,,'',0,800,,'',0,1200,,'',0,1200,,'',0,5290,,'',0,1400,,'',0,2890,0,'Alma',0,6000,0,'Alma',0,2000,0,'Alma',0,2000,0,'Alma',0,6000,0,'Alma',0,2000,0,'Alma',0,2000,0,'Alma',0,6000,0,'Alma',0,2000,0,'Alma',0,2000,0,'Alma',0,6400,0,'Alma',0,1800,,'',0,2000,,'',0,5900,,'',0,1900,,'',0,1500,,'',0,700,,'',0,5400,,'',0,700,,'',0,1200,,'',0,1200,,'',0,1200,,'',0,1200,,'',0,5300,,'',0,1300,,'',0,1400,,'',0,1400,,'',0,5400,0,'Alma',0,1210,0,'Alma',0,1100,0,'Alma',0,1690,0,'Alma',0,610,0,'Alma',0,4800,0,'Alma',0,800,0,'Alma',0,800,0,'Alma',0,1600,0,'Alma',0,800,0,'Alma',0,1710,0,'Alma',0,6000,0,'Alma',0,1100,0,'Alma',0,1500,0,'Alma',0,1500,0,'Alma',0,5500,0,'Alma',0,1310,0,'Alma',0,1500,0,'Alma',0,1500,0,'Alma',0,5500,0,'Alma',0,1400,0,'Alma',0,1500,0,'Alma',0,1500,0,'Alma',0,5500,0,'Alma',0,1300,0,'Alma',0,1500,0,'Alma',0,1500,0,'Alma',0,5500,0,'Alma',0,1400,0,'Alma',0,1160,0,'Alma',0
'2merged13526179',661901,54850,0,'Alma',0,6000,0,'Alma',0,1900,0,'Alma',0,2100,0,'Alma',0,6000,0,'Alma',0,2000,0,'Alma',0,1400,0,'Alma',0,1500,0,'Alma',0,5500,0,'Alma',0,1700,0,'Alma',0,1500,0,'Alma',0,5790,0,'Alma',0,1500,0,'Alma',0,1500,0,'Alma',0,1500,0,'Alma',0,5590,0,'Alma',0,1500,0,'Alma',0,1300,0,'Alma',0,1000,0,'Alma',0,1000,0,'Alma',0,5000,0,'Alma',0,1000,0,'Alma',0,1000,0,'Alma',0,1190,0,'Alma',0,1000,0,'Alma',0,1000,0,'Alma',0,5200,0,'Alma',0,1000,0,'Alma',0,1000,0,'Alma',0,1000,0,'Alma',0,1000,0,'Alma',0,1000,0,'Alma',0,5000,0,'Alma',0,1000,0,'Alma',0,1000,0,'Alma',0,1000,0,'Alma',0,1000,0,'Alma',0,1000,0,'Alma',0,5000,0,'Alma',0,1000,0,'Alma',0,1000,0,'Alma',0,1000,0,'Alma',0,900,0,'Alma',0,800,0,'Alma',0,4900,0,'Alma',0,800,0,'Alma',0,900,0,'Alma',0,800,0,'Alma',0,900,0,'Alma',0,800,0,'Alma',0,900,0,'Alma',0,4800,0,'Alma',0,900,0,'Alma',0,800,0,'Alma',0,900,0,'Alma',0,700,0,'Alma',0,900,0,'Alma',0,800,0,'Alma',0,900,0,'Alma',0,4800,0,'Alma',0,710,0,'Alma',0,800,0,'Alma',0,900,0,'Alma',0,900,0,'Alma',0,900,0,'Alma',0,800,0,'Alma',0,4900,0,'Alma',0,1200,0,'Alma',0,1110,0,'Alma',0,1200,0,'Alma',0,1200,0,'Alma',0,5200,0,'Alma',0,1200,0,'Alma',0,1400,0,'Alma',0,1500,0,'Alma',0,1310,0,'Alma',0,5500,0,'Alma',0,1300,0,'Alma',0,1500,0,'Alma',0,1500,0,'Alma',0,5500,0,'Alma',0,1500,0,'Alma',0,1500,0,'Alma',0,1500,0,'Alma',0,5500,0,'Alma',0,1300,0,'Alma',0,1500,0,'Alma',0,1200,0,'Alma',0,6500,0,'Alma',0,1200,0,'Alma',0,1400,0,'Alma',0,1500,0,'Alma',0,5600,0,'Alma',0,1500,0,'Alma',0,1600,0,'Alma',0
'3merged13526178',661901,53350,0,'Alma',0,2300,0,'Alma',0,6050,0,'Alma',0,2000,0,'Alma',0,6300,0,'Alma',0,2150,0,'Alma',0,2000,0,'Alma',0,6200,0,'Alma',0,1500,0,'Alma',0,1500,0,'Alma',0,1600,0,'Alma',0,5500,0,'Alma',0,1600,0,'Alma',0,1500,0,'Alma',0,1700,0,'Alma',0,5500,0,'Alma',0,1590,0,'Alma',0,1500,0,'Alma',0,1300,0,'Alma',0,5500,0,'Alma',0,1100,0,'Alma',0,1290,0,'Alma',0,800,0,'Alma',0,900,0,'Alma',0,800,0,'Alma',0,4900,0,'Alma',0,800,0,'Alma',0,900,0,'Alma',0,800,0,'Alma',0,900,0,'Alma',0,800,0,'Alma',0,900,0,'Alma',0,4800,0,'Alma',0,900,0,'Alma',0,800,0,'Alma',0,1000,0,'Alma',0,900,0,'Alma',0,800,0,'Alma',0,900,0,'Alma',0,4800,0,'Alma',0,900,0,'Alma',0,800,0,'Alma',0,900,0,'Alma',0,800,0,'Alma',0,900,0,'Alma',0,800,0,'Alma',0,4900,0,'Alma',0,800,0,'Alma',0,900,0,'Alma',0,800,0,'Alma',0,900,0,'Alma',0,800,0,'Alma',0,900,0,'Alma',0,4800,0,'Alma',0,900,0,'Alma',0,900,0,'Alma',0,900,0,'Alma',0,800,0,'Alma',0,900,0,'Alma',0,800,0,'Alma',0,4800,0,'Alma',0,800,0,'Alma',0,900,0,'Alma',0,800,0,'Alma',0,900,0,'Alma',0,800,0,'Alma',0,900,0,'Alma',0,4600,0,'Alma',0,900,0,'Alma',0,1200,0,'Alma',0,1320,0,'Alma',0,1500,0,'Alma',0,5700,0,'Alma',0,1500,0,'Alma',0,1700,0,'Alma',0,1400,0,'Alma',0,5300,0,'Alma',0,1500,0,'Alma',0,1200,0,'Alma',0,1400,0,'Alma',0,5600,0,'Alma',0,1400,0,'Alma',0,1450,0,'Alma',0,1500,0,'Alma',0,5500,0,'Alma',0,1500,0,'Alma',0,1310,0,'Alma',0,1400,0,'Alma',0,1490,0,'Alma',0,5510,0,'Alma',0,1400,0,'Alma',0,1500,0,'Alma',0,1490,0,'Alma',0,5510,0,'Alma',0,1500,0,'Alma',0,1600,0,'Alma',0
'1merged13526174',683301,262700,,'',0,1700,,'',0,5800,,'',0,3300,,'',0
'2merged13526179',683301,262700,,'',0,2000,,'',0,6000,,'',0,2000,,'',0
'3merged13526178',683301,262610,,'',0,3000,,'',0,7000,,'',0
'152201merged13526182',1671801,212750,,'',0,1350,,'',0,1500,,'',0,5500,,'',0,1500,,'',0,1410,,'',0,6000,,'',0,2000,,'',0,1900,,'',0,2000,,'',0,7000,,'',0,1500,,'',0,1500,,'',0,5500,,'',0,1500,,'',0,3000,,'',0,4800,,'',0
'152301merged13526184',1671801,212750,,'',0,1350,,'',0,1500,,'',0,5500,,'',0,1500,,'',0,1410,,'',0,6000,,'',0,2000,,'',0,1900,,'',0,2000,,'',0,7000,,'',0,1500,,'',0,1500,,'',0,5500,,'',0,1500,,'',0,3000,,'',0,4800,,'',0
'152302',1671801,34910,,'',0
'152303',1671801,34710,,'',0
'1merged13526174',1671801,34710,,'',0,7000,,'',0,3500,,'',0,7000,,'',0,3000,,'',0,6200,,'',0,1400,,'',0,1400,,'',0,1100,,'',0,5400,,'',0,1640,,'',0,1300,,'',0,1400,,'',0,5500,,'',0,1990,,'',0,1600,,'',0,1700,,'',0,5400,,'',0,1500,,'',0,1300,,'',0,1300,,'',0,5500,,'',0,1500,,'',0,1500,,'',0,1600,,'',0,5500,,'',0,1690,,'',0,1500,,'',0,1600,,'',0,5500,,'',0,1500,,'',0,1500,,'',0,1590,,'',0,5500,,'',0,1800,,'',0,1500,,'',0,1310,,'',0,5500,,'',0,1600,,'',0,1690,,'',0,5500,,'',0,1400,,'',0,1400,,'',0,1200,,'',0,1200,,'',0,5300,,'',0,1100,,'',0,1000,,'',0,1000,,'',0,1000,,'',0,1000,,'',0,5100,,'',0,1000,,'',0,1000,,'',0,1000,,'',0,1100,,'',0,5100,,'',0,1000,,'',0,1000,,'',0,1010,,'',0,1200,,'',0,1300,,'',0,5200,,'',0,810,,'',0,1200,,'',0,1200,,'',0,610,,'',0,1100,,'',0,5500,,'',0,1500,,'',0,1500,,'',0,1500,,'',0,5500,,'',0
'2merged13526179',1671801,41910,,'',0,3500,,'',0,8200,,'',0,7000,,'',0,1900,,'',0,1700,,'',0,1500,,'',0,5500,,'',0,1500,,'',0,1700,,'',0,1500,,'',0,5500,,'',0,1640,,'',0,1700,,'',0,5700,,'',0,1500,,'',0,1700,,'',0,1690,,'',0,5500,,'',0,1700,,'',0,1500,,'',0,1790,,'',0,5300,,'',0,1400,,'',0,1200,,'',0,1300,,'',0,5200,,'',0,1290,,'',0,1200,,'',0,1200,,'',0,1400,,'',0,5200,,'',0,1200,,'',0,1000,,'',0,1000,,'',0,1200,,'',0,1000,,'',0,5000,,'',0,1000,,'',0,1000,,'',0,1000,,'',0,1000,,'',0,1000,,'',0,5000,,'',0,1000,,'',0,1000,,'',0,1000,,'',0,1000,,'',0,1000,,'',0,5000,,'',0,1000,,'',0,1000,,'',0,1000,,'',0,1000,,'',0,1000,,'',0,5000,,'',0,810,,'',0,1000,,'',0,1000,,'',0,1000,,'',0,1000,,'',0,5000,,'',0,800,,'',0,1100,,'',0,1200,,'',0,1100,,'',0,5300,,'',0,1200,,'',0,810,,'',0,1400,,'',0,1300,,'',0,5100,,'',0,1500,,'',0,1500,,'',0,1600,,'',0,1310,,'',0,5600,,'',0,1250,,'',0,1600,,'',0,1500,,'',0,5500,,'',0,1500,,'',0,1610,,'',0,6000,,'',0,2000,,'',0,2000,,'',0,6100,,'',0,2100,,'',0,3000,,'',0,7000,,'',0,3000,,'',0,4900,,'',0
'32501merged13526177',1671801,235610,,'',0,6800,,'',0,3200,,'',0,6900,,'',0,3200,,'',0
'3merged13526178',1671801,41710,,'',0,3500,,'',0,7400,,'',0,3000,,'',0,8600,,'',0,6400,,'',0,1900,,'',0,2000,,'',0,5800,,'',0,1700,,'',0,1500,,'',0,1890,,'',0,5850,,'',0,1500,,'',0,1700,,'',0,1500,,'',0,5500,,'',0,1400,,'',0,1700,,'',0,5500,,'',0,1690,,'',0,1500,,'',0,1790,,'',0,5600,,'',0,1500,,'',0,1500,,'',0,1500,,'',0,5300,,'',0,1500,,'',0,1200,,'',0,1490,,'',0,1200,,'',0,5200,,'',0,1200,,'',0,1200,,'',0,1010,,'',0,1200,,'',0,5200,,'',0,1200,,'',0,1200,,'',0,1200,,'',0,1200,,'',0,5200,,'',0,1200,,'',0,1200,,'',0,1200,,'',0,1200,,'',0,5200,,'',0,1300,,'',0,1200,,'',0,1200,,'',0,1200,,'',0,5200,,'',0,1300,,'',0,1300,,'',0,1110,,'',0,5500,,'',0,1300,,'',0,1500,,'',0,1900,,'',0,610,,'',0,5500,,'',0,1500,,'',0,1500,,'',0,1500,,'',0,5500,,'',0,1500,,'',0,1360,,'',0,1500,,'',0,5500,,'',0,1500,,'',0,1700,,'',0,6000,,'',0,2200,,'',0,1800,,'',0,6000,,'',0,2400,,'',0,3000,,'',0,7000,,'',0,3000,,'',0,4900,,'',0
