'1merged13993496',683000,260400,4,'',0,3000,4,'',0,7000,4,'',0,5200,4,'',0,7300,4,'',0
'1merged13993496',683001,260900,,'',0,3000,,'',0,7000,,'',0,3000,,'',0,7000,,'',0,3000,,'',0
'2merged13993498',683000,260600,4,'',0,3600,4,'',0,6800,4,'',0,4600,4,'',0,7600,4,'',0,6800,4,'',0,4300,4,'',0
'2merged13993498',683001,261100,,'',0,3600,,'',0,6800,,'',0,3700,,'',0,6000,,'',0,2700,,'',0
'3merged13993497',683000,260400,4,'',0,3000,4,'',0,7000,4,'',0,5200,4,'',0,7300,4,'',0
'3merged13993497',683001,260900,,'',0,3000,,'',0,7000,,'',0,3000,,'',0,7000,,'',0,3000,,'',0
'1merged13993496',684100,45000,,'',0,7000,,'',0,900,,'',0,200600,,'',0,7000,,'',0,2000,,'',0,2000,,'',0,6200,,'',0,3000,,'',0,7500,,'',0
'1merged13993496',684101,43900,4,'',0,6900,4,'',0,1200,4,'',0,200400,4,'',0,3000,4,'',0,7500,4,'',0,3000,4,'',0,7000,4,'',0,7500,4,'',0
'2merged13993498',684100,44700,,'',0,7100,,'',0,3000,,'',0,7400,,'',0,2900,,'',0,188400,,'',0,7000,,'',0,2000,,'',0,2000,,'',0,6000,,'',0,3000,,'',0,8000,,'',0
'2merged13993498',684101,43600,4,'',0,7000,4,'',0,3200,4,'',0,7000,4,'',0,3000,4,'',0,188600,4,'',0,3500,4,'',0,8000,4,'',0,2000,4,'',0,7000,4,'',0,7500,4,'',0
'3merged13993497',684100,44700,,'',0,7000,,'',0,3000,,'',0,7000,,'',0,1400,,'',0,1600,,'',0,5400,,'',0,1500,,'',0,178900,,'',0,3000,,'',0,7200,,'',0,3000,,'',0,7000,,'',0,3500,,'',0,7500,,'',0
'3merged13993497',684101,43700,4,'',0,7000,4,'',0,3100,4,'',0,7000,4,'',0,1400,4,'',0,1600,4,'',0,1500,4,'',0,5300,4,'',0,175000,4,'',0,6900,4,'',0,3000,4,'',0,7000,4,'',0,3000,4,'',0,7600,4,'',0,7200,4,'',0
