'1',661901,51740,0,'Alma',0,2000,0,'Alma',0,2000,0,'Alma',0,5500,0,'Alma',0,1500,0,'Alma',0,1500,,'',0,1200,0,'Alma',0,4800,,'',0,1400,,'',0,1380,,'',0,680,0,'Granville',0,800,,'',0,700,0,'Granville',0,4800,,'',0,700,0,'Granville',0,700,,'',0,530,0,'Granville',0,800,,'',0,790,0,'Granville',0,800,,'',0,600,,'',0,5200,,'',0,600,0,'Granville',0,600,,'',0,1230,,'',0,1400,,'',0,900,0,'Granville',0,5800,0,'Alma',0,2000,0,'Alma',0,2050,0,'Alma',0,6000,0,'Alma',0,2000,0,'Alma',0,1900,0,'Alma',0,6000,0,'Alma',0,2000,0,'Alma',0,2000,0,'Alma',0,6000,0,'Alma',0,2000,0,'Alma',0,2000,,'',0,6000,,'',0,1800,,'',0,1900,,'',0,5800,,'',0,700,,'',0,1400,,'',0,700,,'',0,1200,,'',0,1200,,'',0,5200,,'',0,1300,,'',0,1300,,'',0,1300,,'',0,700,0,'Granville',0,700,,'',0,4700,0,'Granville',0,700,,'',0,700,0,'Granville',0,700,0,'Alma',0,700,0,'Granville',0,700,0,'Alma',0,700,0,'Granville',0,700,0,'Alma',0,4700,0,'Granville',0,800,0,'Alma',0,800,0,'Alma',0,800,0,'Alma',0,800,0,'Alma',0,800,0,'Alma',0,920,0,'Granville',0,800,0,'Alma',0,4800,0,'Alma',0,800,0,'Granville',0,1120,0,'Alma',0,880,0,'Granville',0,2220,0,'Alma',0,7000,0,'Alma',0,3000,0,'Alma',0,7000,0,'Alma',0,3110,0,'Alma',0,7000,0,'Alma',0,3060,0,'Alma',0,7000,0,'Alma',0,2100,0,'Granville',0,1000,0,'Alma',0,7100,0,'Granville',0,2600,0,'Granville',0,7000,0,'Granville',0,3100,0,'Granville',0,7000,0,'Granville',0
'101',661901,152300,0,'Granville',0
'2',661901,51950,0,'Alma',0,2000,0,'Alma',0,1900,0,'Alma',0,6100,0,'Alma',0,2000,0,'Alma',0,2000,0,'Alma',0,5400,0,'Alma',0,1500,0,'Alma',0,3000,0,'Alma',0,6970,0,'Alma',0,2800,0,'Alma',0,7000,0,'Alma',0,2800,0,'Alma',0,6000,0,'Alma',0,2000,0,'Alma',0,1980,0,'Alma',0,6000,0,'Alma',0,1800,0,'Alma',0,1900,0,'Alma',0,6000,0,'Alma',0,1900,0,'Alma',0,2100,0,'Alma',0,6000,0,'Alma',0,2000,0,'Alma',0,2000,0,'Alma',0,5700,0,'Alma',0,1700,0,'Alma',0,1700,0,'Alma',0,1600,0,'Alma',0,5900,0,'Alma',0,1700,0,'Alma',0,1700,0,'Alma',0,5700,0,'Alma',0,1700,0,'Alma',0,1720,0,'Alma',0,5800,0,'Alma',0,1800,0,'Alma',0,300,0,'Granville',0,1800,0,'Alma',0,6600,0,'Alma',0,600,0,'Granville',0,1820,0,'Alma',0,2600,0,'Alma',0,7000,0,'Alma',0,800,0,'Granville',0,2200,0,'Alma',0,7000,0,'Alma',0,3010,0,'Alma',0,7000,0,'Alma',0,3000,0,'Alma',0,6700,0,'Alma',0,8000,0,'Alma',0,2900,0,'Alma',0,7100,0,'Alma',0,2600,0,'Granville',0,2800,0,'Granville',0,7000,0,'Granville',0,3300,0,'Granville',0,7000,0,'Granville',0
'3',661901,55050,0,'Alma',0,6000,0,'Alma',0,2300,0,'Alma',0,2000,0,'Alma',0,6000,0,'Alma',0,2200,0,'Alma',0,1500,0,'Alma',0,5500,0,'Alma',0,1500,0,'Alma',0,1500,0,'Alma',0,1400,0,'Alma',0,7000,0,'Alma',0,2970,0,'Alma',0,6800,0,'Alma',0,2600,0,'Alma',0,5900,0,'Alma',0,1700,0,'Alma',0,1700,0,'Alma',0,1700,0,'Alma',0,5700,0,'Alma',0,1700,0,'Alma',0,1700,0,'Alma',0,5800,0,'Alma',0,1630,0,'Alma',0,1700,0,'Alma',0,1700,0,'Alma',0,5700,0,'Alma',0,1670,0,'Alma',0,1700,0,'Alma',0,5700,0,'Alma',0,1700,0,'Alma',0,1700,0,'Alma',0,1800,0,'Alma',0,5700,0,'Alma',0,1720,0,'Alma',0,1700,0,'Alma',0,5700,0,'Alma',0,1700,0,'Alma',0,1700,0,'Alma',0,6700,0,'Alma',0,700,0,'Granville',0,2300,0,'Alma',0,900,0,'Granville',0,6300,0,'Alma',0,2910,0,'Alma',0,7000,0,'Alma',0,3000,0,'Alma',0,7000,0,'Alma',0,3000,0,'Alma',0,7000,0,'Alma',0,2900,0,'Alma',0,7000,0,'Alma',0,3000,0,'Alma',0,7200,0,'Alma',0,2700,0,'Granville',0,7300,0,'Granville',0,2300,0,'Granville',0,7700,0,'Granville',0,2300,0,'Granville',0
'1',664101,53930,0,'Alma',0,780,,'',0,620,0,'Alma',0,480,,'',0,4500,,'',0,500,,'',0,500,,'',0,500,,'',0,500,,'',0,400,,'',0,400,,'',0,300,,'',0,300,,'',0,300,,'',0,600,,'',0,300,,'',0,300,,'',0,300,,'',0,200,,'',0,4400,,'',0,300,,'',0,600,,'',0,300,,'',0,600,,'',0,500,,'',0,290,,'',0,230,,'',0,900,,'',0,900,,'',0,600,,'',0,600,,'',0,4300,,'',0,55510,,'',0,4400,,'',0,900,,'',0,300,,'',0,600,,'',0,1500,,'',0,1200,,'',0,600,,'',0,5300,,'',0,600,,'',0,1100,,'',0,300,,'',0,800,,'',0,300,,'',0,2100,,'',0
'2',664101,53730,,'',0,1500,,'',0,5500,,'',0,1300,,'',0,1200,,'',0,1100,,'',0,6970,,'',0,4000,,'',0,6600,,'',0,2300,,'',0,1300,,'',0,6000,,'',0,1300,,'',0,1900,,'',0,17100,,'',0,23600,,'',0
'3',664101,65330,,'',0,5200,,'',0,1200,,'',0,1200,,'',0,1100,,'',0,1170,,'',0,5200,,'',0,10300,,'',0,2600,,'',0,2500,,'',0,6600,,'',0,19000,,'',0,21000,,'',0
'1',684101,41730,,'',0,3000,,'',0,5300,,'',0,200100,,'',0,3000,,'',0,7500,,'',0,3000,,'',0,7000,,'',0,3500,,'',0
'2',684101,41420,,'',0,3000,,'',0,7000,,'',0,3000,,'',0,7000,,'',0,189000,,'',0,3500,,'',0,8000,,'',0,2000,,'',0,7000,,'',0,3500,,'',0
'3',684101,41420,,'',0,3000,,'',0,7000,,'',0,3000,,'',0,7190,,'',0,2500,,'',0,179320,,'',0,6900,,'',0,3000,,'',0,7000,,'',0,3000,,'',0,7600,,'',0,3200,,'',0
