'1',674100,41600,,'',0,2900,,'',0,7000,,'',0,1500,,'',0,1300,,'',0,1500,,'',0,18500,,'',0,1400,,'',0,7000,,'',0,1500,,'',0,7100,,'',0,1300,,'',0,1400,,'',0,6000,,'',0,2600,,'',0,3000,,'',0,6800,,'',0,3000,,'',0,7100,,'',0,3300,,'',0,7000,,'',0,3100,,'',0,5600,,'',0,1500,,'',0,1100,,'',0,1300,,'',0,4900,,'',0,2000,,'',0,1400,,'',0,1500,,'',0,5500,,'',0,1500,,'',0,1500,,'',0,1500,,'',0,5700,,'',0,3500,,'',0,5600,,'',0,4200,,'',0,6400,,'',0,1400,,'',0,2000,,'',0,6000,,'',0,2000,,'',0,2000,,'',0,7000,,'',0,3100,,'',0,7000,,'',0,3200,,'',0,7000,,'',0,9700,,'',0,9600,,'',0,13200,0,'Steveston Hwy',0
'1',674101,50800,4,'',0,23000,4,'',0,1900,4,'',0,5700,4,'',0,1700,4,'',0,6900,4,'',0,1500,4,'',0,1500,4,'',0,1200,4,'',0,1700,4,'',0,6000,4,'',0,2900,4,'',0,7100,4,'',0,3000,4,'',0,7100,4,'',0,3000,4,'',0,7100,4,'',0,3200,4,'',0,7100,4,'',0,2100,4,'',0,5600,4,'',0,1500,4,'',0,1600,4,'',0,1500,4,'',0,5500,4,'',0,3000,4,'',0,1500,4,'',0,8000,4,'',0,1300,4,'',0,9600,4,'',0,6900,4,'',0,1500,4,'',0,1300,4,'',0,2200,4,'',0,6000,4,'',0,1800,4,'',0,2000,4,'',0,6000,4,'',0,2200,4,'',0,2000,4,'',0,7100,4,'',0,3200,4,'',0,14700,4,'',0,4700,4,'',0,18100,4,'',0
'101',674100,145700,,'',0
'2',674100,42000,,'',0,10300,,'',0,10400,,'',0,7400,,'',0,3000,,'',0,2800,,'',0,7100,,'',0,2800,,'',0,6900,,'',0,2900,,'',0,7000,,'',0,3000,,'',0,7100,,'',0,2000,,'',0,6000,,'',0,2000,,'',0,2000,,'',0,5800,,'',0,2000,,'',0,2000,,'',0,6000,,'',0,2000,,'',0,2000,,'',0,6000,,'',0,2100,,'',0,1600,,'',0,1400,,'',0,5500,,'',0,1500,,'',0,1500,,'',0,1500,,'',0,5500,,'',0,1800,,'',0,1500,,'',0,1500,,'',0,5500,,'',0,1500,,'',0,2700,,'',0,5500,,'',0,1500,,'',0,3000,,'',0,7000,,'',0,3000,,'',0,7000,,'',0,3200,,'',0,7000,,'',0,7500,,'',0,10000,,'',0,10800,,'',0,12400,,'',0
'2',674101,60400,4,'',0,5000,4,'',0,9200,4,'',0,7000,4,'',0,3300,4,'',0,7000,4,'',0,3000,4,'',0,7200,4,'',0,2800,4,'',0,6500,4,'',0,2000,4,'',0,2000,4,'',0,6000,4,'',0,2100,4,'',0,2000,4,'',0,6000,4,'',0,1900,4,'',0,2100,4,'',0,6000,4,'',0,2000,4,'',0,2000,4,'',0,5700,4,'',0,1500,4,'',0,1500,4,'',0,1500,4,'',0,5500,4,'',0,1500,4,'',0,1500,4,'',0,1500,4,'',0,5500,4,'',0,1500,4,'',0,1500,4,'',0,1500,4,'',0,5500,4,'',0,1500,4,'',0,1500,4,'',0,1400,4,'',0,5500,4,'',0,1300,4,'',0,2000,4,'',0,7200,4,'',0,3000,4,'',0,7000,4,'',0,3000,4,'',0,7500,4,'',0,3700,4,'',0,10000,4,'',0,14800,4,'',0,12400,4,'',0
'3',674100,42100,,'',0,10300,,'',0,10300,,'',0,7400,,'',0,2900,,'',0,7000,,'',0,3000,,'',0,7000,,'',0,3000,,'',0,2700,,'',0,7000,,'',0,3000,,'',0,7000,,'',0,2000,,'',0,5900,,'',0,2100,,'',0,2000,,'',0,6000,,'',0,1800,,'',0,2000,,'',0,6000,,'',0,2100,,'',0,2000,,'',0,6000,,'',0,2000,,'',0,1500,,'',0,1500,,'',0,5600,,'',0,1500,,'',0,1700,,'',0,1500,,'',0,5500,,'',0,1500,,'',0,1500,,'',0,1300,,'',0,5500,,'',0,1500,,'',0,2000,,'',0,6000,,'',0,1000,,'',0,1200,,'',0,2700,,'',0,7200,,'',0,3100,,'',0,7000,,'',0,3000,,'',0,7000,,'',0,7300,,'',0,10200,,'',0,10700,,'',0,12400,,'',0
'3',674101,60000,4,'',0,5000,4,'',0,9300,4,'',0,7000,4,'',0,3000,4,'',0,7300,4,'',0,3000,4,'',0,7000,4,'',0,3100,4,'',0,6600,4,'',0,2000,4,'',0,2000,4,'',0,6000,4,'',0,2000,4,'',0,2100,4,'',0,6000,4,'',0,2000,4,'',0,2400,4,'',0,6000,4,'',0,2000,4,'',0,2000,4,'',0,6000,4,'',0,1800,4,'',0,1500,4,'',0,5600,4,'',0,1500,4,'',0,1300,4,'',0,1500,4,'',0,5500,4,'',0,1500,4,'',0,1500,4,'',0,1500,4,'',0,5500,4,'',0,1500,4,'',0,1500,4,'',0,1500,4,'',0,5300,4,'',0,1900,4,'',0,2000,4,'',0,6000,4,'',0,2000,4,'',0,2600,4,'',0,7000,4,'',0,2800,4,'',0,7500,4,'',0,3500,4,'',0,10000,4,'',0,15000,4,'',0,12400,4,'',0
'1',674200,54300,,'',0,8000,,'',0,1800,,'',0,7000,,'',0,2600,,'',0,7300,,'',0,2600,,'',0,1600,,'',0
'1',674201,145100,4,'',0,6700,4,'',0,2000,4,'',0,1700,4,'',0,5700,4,'',0,8900,4,'',0,2900,4,'',0,8100,4,'',0,3500,4,'',0
'101',674201,162800,4,'',0
