'101',667201,152900,4,'',0,2800,,'',0
'1merged13591983',667201,54700,,'',0,7000,,'',0,1600,,'',0,1400,,'',0,5500,,'',0,1000,,'',0,1000,,'',0,1200,,'',0,1300,,'',0,1000,,'',0,5000,,'',0,1300,,'',0,1400,,'',0,1400,,'',0,5400,,'',0,1600,,'',0,1500,,'',0,1500,,'',0,6900,,'',0,3000,,'',0,7000,,'',0,3000,,'',0,7000,,'',0,2700,,'',0,6600,,'',0,3700,,'',0,7000,,'',0,3000,,'',0,7000,,'',0,3100,,'',0,6500,,'',0,1500,,'',0,1500,,'',0,1600,,'',0,5600,,'',0,1600,,'',0,1600,,'',0,5600,,'',0,1600,,'',0,1600,,'',0,1500,,'',0,5800,4,'',0,1500,,'',0
'2merged13591985',667201,61700,,'',0,3000,,'',0,7000,,'',0,3000,,'',0,7000,,'',0,3000,,'',0,7000,,'',0,3000,,'',0,7000,,'',0,3000,,'',0,7000,,'',0,3000,,'',0,7000,,'',0,3000,,'',0,7000,,'',0,3000,,'',0,6000,,'',0,2000,,'',0,2000,,'',0,6000,,'',0,2000,,'',0,2000,,'',0,6000,,'',0,2000,,'',0,2000,,'',0,6000,,'',0,2000,,'',0,2000,,'',0,6000,,'',0,2000,,'',0,2000,,'',0,6000,,'',0,2000,,'',0
'3merged13591984',667201,64700,,'',0,7000,,'',0,3000,,'',0,7000,,'',0,3000,,'',0,7000,,'',0,3000,,'',0,7000,,'',0,3000,,'',0,7000,,'',0,3000,,'',0,7000,,'',0,3000,,'',0,7000,,'',0,3000,,'',0,7000,,'',0,3000,,'',0,7000,,'',0,3000,,'',0,7000,,'',0,3000,,'',0,7000,,'',0,3000,,'',0,7000,,'',0,3000,,'',0,7000,,'',0
'101',667301,72400,,'',0,79700,4,'',0,8600,4,'',0
'1merged13591983',667301,54000,4,'',0,7600,4,'',0,3100,,'',0,5300,,'',0,1600,,'',0,2200,,'',0,1800,,'',0,5600,,'',0,1800,,'',0,1300,4,'',0,5700,,'',0,1300,4,'',0,1600,,'',0,1100,,'',0,6900,,'',0,2500,,'',0,6800,,'',0,3000,,'',0,7000,,'',0,3000,,'',0,7000,,'',0,3000,,'',0,7000,,'',0,3000,,'',0,7000,,'',0,3700,,'',0,6500,,'',0,2700,,'',0,7000,,'',0,3100,,'',0,1000,,'',0,6500,,'',0,1000,4,'',0,2700,4,'',0,1400,4,'',0,8300,4,'',0,10000,4,'',0,9700,4,'',0,10100,4,'',0,10100,4,'',0,10100,4,'',0,7000,4,'',0,4600,4,'',0
'2merged13591985',667301,64100,4,'',0,7000,4,'',0,10400,4,'',0,11700,,'',0,7300,,'',0,3000,,'',0,7000,,'',0,2700,,'',0,7000,,'',0,2900,,'',0,6900,,'',0,3000,,'',0,2900,,'',0,6900,,'',0,3000,,'',0,7400,,'',0,7000,,'',0,1000,4,'',0,2000,,'',0,7000,,'',0,1200,,'',0,2600,,'',0,6600,4,'',0,2900,4,'',0,2100,4,'',0,5700,4,'',0,2800,4,'',0,6800,4,'',0,3000,4,'',0,7000,4,'',0,3000,4,'',0,7000,4,'',0,3000,4,'',0,7000,4,'',0,3000,4,'',0,9900,4,'',0,7600,4,'',0,9700,4,'',0
'3merged13591984',667301,74200,4,'',0,10000,4,'',0,8800,,'',0,7400,,'',0,3000,,'',0,6900,,'',0,2900,,'',0,7000,,'',0,3000,,'',0,7000,,'',0,3000,,'',0,7000,,'',0,3000,,'',0,7000,,'',0,3000,,'',0,7000,,'',0,3000,,'',0,7000,,'',0,1100,4,'',0,3000,4,'',0,7000,4,'',0,3200,4,'',0,6900,4,'',0,3000,4,'',0,6900,4,'',0,3000,4,'',0,7000,4,'',0,3000,4,'',0,7000,4,'',0,3000,4,'',0,7000,4,'',0,3000,4,'',0,7000,4,'',0,10000,4,'',0,9400,4,'',0
'1merged13591983',667501,61100,4,'',0,3100,4,'',0,6400,,'',0,1400,4,'',0,1400,,'',0,7000,,'',0,1500,,'',0,3200,,'',0,6500,4,'',0,3100,4,'',0,6200,4,'',0,3300,4,'',0,6600,4,'',0,2700,4,'',0,7500,4,'',0,3100,4,'',0,6900,4,'',0,2600,4,'',0,7400,4,'',0,3400,4,'',0,6600,4,'',0,4000,4,'',0,7600,4,'',0,2200,4,'',0,7400,4,'',0,2000,4,'',0,1200,4,'',0,5800,4,'',0,3200,4,'',0,6900,4,'',0,2900,4,'',0,7000,4,'',0,2700,4,'',0,6400,4,'',0,3600,4,'',0,7400,4,'',0,2700,4,'',0,7400,4,'',0
'2merged13591985',667501,61100,4,'',0,9800,4,'',0,10000,4,'',0,3000,4,'',0,7200,4,'',0,3000,4,'',0,6800,4,'',0,3000,4,'',0,7300,4,'',0,3000,4,'',0,6800,4,'',0,3200,4,'',0,6900,4,'',0,2800,4,'',0,7000,4,'',0,3200,4,'',0,7000,4,'',0,2800,4,'',0,7000,4,'',0,3000,4,'',0,7100,4,'',0,3000,4,'',0,7000,4,'',0,2800,4,'',0,7500,4,'',0,3000,4,'',0,6000,4,'',0,3700,4,'',0,6400,4,'',0,3600,4,'',0,7500,4,'',0,2600,4,'',0,7400,4,'',0
'3merged13591984',667501,81400,4,'',0,10000,4,'',0,3000,4,'',0,6800,4,'',0,3200,4,'',0,6800,4,'',0,3000,4,'',0,6700,4,'',0,2900,4,'',0,6800,4,'',0,3400,4,'',0,7000,4,'',0,2500,4,'',0,7100,4,'',0,3200,4,'',0,7000,4,'',0,2800,4,'',0,6800,4,'',0,2400,4,'',0,8000,4,'',0,3200,4,'',0,7200,4,'',0,2200,4,'',0,7400,4,'',0,2700,4,'',0,6700,4,'',0,3600,4,'',0,7400,4,'',0,3100,4,'',0,7000,4,'',0
'1merged13591983',1671701,194900,,'',0,6800,,'',0,3000,,'',0,7000,,'',0,3000,,'',0,7000,,'',0,3000,,'',0,6600,,'',0,3400,,'',0,7000,,'',0,3000,4,'',0,700,4,'',0,8300,,'',0,1900,4,'',0
'2merged13591985',1671701,194500,,'',0,7000,,'',0,3000,,'',0,7000,,'',0,3000,,'',0,6900,,'',0,3000,,'',0,7000,,'',0,3000,,'',0,7000,,'',0,1400,4,'',0,3100,4,'',0,8300,,'',0,1600,4,'',0
'3merged13591984',1671701,194700,,'',0,6900,,'',0,3000,,'',0,7000,,'',0,3000,,'',0,7000,,'',0,3000,,'',0,7000,,'',0,3000,,'',0,6900,,'',0,2800,4,'',0,1600,4,'',0,6700,,'',0,2900,,'',0
