'1merged13993356',667900,60600,,'',0,2600,,'',0,7000,,'',0,2800,,'',0,7200,,'',0,3200,,'',0,7100,,'',0,2700,,'',0,7200,,'',0,2900,,'',0,7000,,'',0,2800,,'',0,2800,,'',0,6500,,'',0,2900,,'',0,7000,,'',0,3000,,'',0,7000,,'',0,2800,,'',0,7000,,'',0,3000,,'',0,7000,,'',0,3000,,'',0,7000,,'',0,3700,,'',0,7800,,'',0,6900,,'',0,2800,,'',0,7000,,'',0,3000,,'',0,7000,,'',0,3000,,'',0,7000,,'',0,3000,,'',0
'1merged13993356',667901,55900,4,'',0,6800,4,'',0,2900,4,'',0,6900,4,'',0,3000,4,'',0,7400,4,'',0,7300,4,'',0,2800,4,'',0,2800,4,'',0,6900,4,'',0,3100,4,'',0,7000,4,'',0,7700,4,'',0,3100,4,'',0,7000,4,'',0,3000,4,'',0,7000,4,'',0,3000,4,'',0,6700,4,'',0,3200,4,'',0,7000,4,'',0,3200,4,'',0,7000,4,'',0,2700,4,'',0,6900,4,'',0,2800,4,'',0,6900,4,'',0,2800,4,'',0,2900,4,'',0,7000,4,'',0,2900,4,'',0,7000,4,'',0,2800,4,'',0,7000,4,'',0
'2merged13993358',667900,70300,,'',0,10000,,'',0,2700,,'',0,7100,,'',0,2400,,'',0,3300,,'',0,7300,,'',0,7100,,'',0,3000,,'',0,7000,,'',0,2800,,'',0,2900,,'',0,6900,,'',0,3000,,'',0,7000,,'',0,3000,,'',0,7000,,'',0,3000,,'',0,7000,,'',0,3000,,'',0,7000,,'',0,7400,,'',0,3000,,'',0,7100,,'',0,3000,,'',0,7000,,'',0,3000,,'',0,7100,,'',0,3000,,'',0,7000,,'',0,3000,,'',0
'2merged13993358',667901,71900,4,'',0,10500,4,'',0,3000,4,'',0,7000,4,'',0,2900,4,'',0,7300,4,'',0,3100,4,'',0,7000,4,'',0,3100,4,'',0,7000,4,'',0,7300,4,'',0,3000,4,'',0,7000,4,'',0,3000,4,'',0,2800,4,'',0,7000,4,'',0,3000,4,'',0,7000,4,'',0,2800,4,'',0,7000,4,'',0,3000,4,'',0,7000,4,'',0,3000,4,'',0,7000,4,'',0,2900,4,'',0,7000,4,'',0,3000,4,'',0,6700,4,'',0,3000,4,'',0,7000,4,'',0
'3merged13993357',667900,80500,,'',0,3000,,'',0,7000,,'',0,3000,,'',0,7000,,'',0,3000,,'',0,6900,,'',0,2600,,'',0,7200,,'',0,3100,,'',0,7200,,'',0,3000,,'',0,7000,,'',0,3000,,'',0,7000,,'',0,3000,,'',0,7000,,'',0,3000,,'',0,7000,,'',0,3000,,'',0,7000,,'',0,3000,,'',0,7000,,'',0,3100,,'',0,7000,,'',0,3000,,'',0,7000,,'',0,3000,,'',0,7000,,'',0,2800,,'',0
'3merged13993357',667901,75300,4,'',0,7100,4,'',0,3000,4,'',0,7000,4,'',0,3100,4,'',0,7200,4,'',0,2900,4,'',0,7000,4,'',0,3000,4,'',0,7200,4,'',0,3100,4,'',0,7100,4,'',0,7000,4,'',0,3000,4,'',0,7000,4,'',0,3000,4,'',0,7000,4,'',0,3000,4,'',0,7000,4,'',0,2700,4,'',0,2900,4,'',0,7100,4,'',0,3000,4,'',0,7000,4,'',0,3000,4,'',0,7100,4,'',0,3000,4,'',0,6500,4,'',0,3000,4,'',0,7000,4,'',0
'1merged13993356',668000,65700,4,'',0,9900,4,'',0,6600,4,'',0,7900,4,'',0,2500,4,'',0,2100,4,'',0,7200,4,'',0,3000,4,'',0,7000,4,'',0,3100,4,'',0,7300,4,'',0,2700,4,'',0,7000,4,'',0,3000,4,'',0,7100,4,'',0,2900,4,'',0,7100,4,'',0,1500,4,'',0,1500,4,'',0,5800,4,'',0,1300,4,'',0,1800,4,'',0,1200,4,'',0,5700,4,'',0,1300,4,'',0,1700,4,'',0,1400,4,'',0,5500,4,'',0,1200,4,'',0,1100,4,'',0,1700,4,'',0,5900,4,'',0,2000,4,'',0,9900,4,'',0,9900,4,'',0,10000,4,'',0,9900,4,'',0,10000,4,'',0
'1merged13993356',668001,70100,,'',0,2800,,'',0,7100,,'',0,4000,,'',0,7000,,'',0,1500,,'',0,3000,,'',0,7000,,'',0,3000,,'',0,6900,,'',0,3300,,'',0,7100,,'',0,2800,,'',0,7100,,'',0,3000,,'',0,7000,,'',0,2800,,'',0,5700,,'',0,1500,,'',0,1500,,'',0,1400,,'',0,5800,,'',0,1300,,'',0,1500,,'',0,1500,,'',0,5500,,'',0,1500,,'',0,1700,,'',0,1400,,'',0,5500,,'',0,1600,,'',0,3000,,'',0,7400,,'',0,10100,,'',0,10000,,'',0,10000,,'',0,9800,,'',0,9800,,'',0
'2merged13993358',668000,65400,4,'',0,10100,4,'',0,10100,4,'',0,6300,4,'',0,2100,4,'',0,1500,4,'',0,5500,4,'',0,2000,4,'',0,1500,4,'',0,5500,4,'',0,1500,4,'',0,1500,4,'',0,1200,4,'',0,1500,4,'',0,5500,4,'',0,1600,4,'',0,1500,4,'',0,1500,4,'',0,5500,4,'',0,1500,4,'',0,1500,4,'',0,1500,4,'',0,5500,4,'',0,1800,4,'',0,1500,4,'',0,5500,4,'',0,1500,4,'',0,1700,4,'',0,1300,4,'',0,5400,4,'',0,1500,4,'',0,1500,4,'',0,1500,4,'',0,5500,4,'',0,1500,4,'',0,1500,4,'',0,1400,4,'',0,1500,4,'',0,5500,4,'',0,1500,4,'',0,1500,4,'',0,1400,4,'',0,7000,4,'',0,10000,4,'',0,10100,4,'',0,9500,4,'',0,10000,4,'',0,10000,4,'',0
'2merged13993358',668001,63000,,'',0,10000,,'',0,9900,,'',0,3000,,'',0,7000,,'',0,1600,,'',0,5500,,'',0,1400,,'',0,1400,,'',0,1400,,'',0,1500,,'',0,5500,,'',0,1500,,'',0,1500,,'',0,1500,,'',0,5500,,'',0,1500,,'',0,1500,,'',0,1500,,'',0,5500,,'',0,1500,,'',0,1500,,'',0,1500,,'',0,5500,,'',0,1500,,'',0,1500,,'',0,1500,,'',0,5500,,'',0,1500,,'',0,1500,,'',0,1500,,'',0,5500,,'',0,1500,,'',0,1500,,'',0,1500,,'',0,5500,,'',0,1500,,'',0,1500,,'',0,1500,,'',0,5500,,'',0,1800,,'',0,7300,,'',0,2900,,'',0,10100,,'',0,10000,,'',0,10000,,'',0,10000,,'',0,10000,,'',0
'3merged13993357',668000,85700,4,'',0,6900,4,'',0,1500,4,'',0,1600,4,'',0,5500,4,'',0,1600,4,'',0,1500,4,'',0,1500,4,'',0,5500,4,'',0,1600,4,'',0,1500,4,'',0,5600,4,'',0,1500,4,'',0,1700,4,'',0,1500,4,'',0,5400,4,'',0,1500,4,'',0,1500,4,'',0,1500,4,'',0,5500,4,'',0,1700,4,'',0,1200,4,'',0,1500,4,'',0,5500,4,'',0,1500,4,'',0,1500,4,'',0,1500,4,'',0,5500,4,'',0,1500,4,'',0,1500,4,'',0,1500,4,'',0,5500,4,'',0,1500,4,'',0,1600,4,'',0,1400,4,'',0,5500,4,'',0,1500,4,'',0,1200,4,'',0,1700,4,'',0,1300,4,'',0,7400,4,'',0,9800,4,'',0,9700,4,'',0,10000,4,'',0,10000,4,'',0
'3merged13993357',668001,90200,,'',0,3100,,'',0,1500,,'',0,5500,,'',0,1500,,'',0,1500,,'',0,1500,,'',0,5500,,'',0,1500,,'',0,1500,,'',0,1300,,'',0,5500,,'',0,1500,,'',0,1500,,'',0,1500,,'',0,5500,,'',0,1500,,'',0,1500,,'',0,1500,,'',0,5500,,'',0,1500,,'',0,1500,,'',0,1500,,'',0,5500,,'',0,1500,,'',0,1500,,'',0,1500,,'',0,5500,,'',0,1500,,'',0,1500,,'',0,1500,,'',0,5400,,'',0,1600,,'',0,1500,,'',0,1600,,'',0,5400,,'',0,1600,,'',0,1500,,'',0,7000,,'',0,3100,,'',0,10100,,'',0,10000,,'',0,10100,,'',0
'1merged13993356',668600,81600,4,'',0,82200,4,'',0,7100,4,'',0,4400,4,'',0,7400,4,'',0,2500,4,'',0
'1merged13993356',668601,63200,,'',0,1800,,'',0,9100,,'',0,8500,,'',0
