'1merged13526504',664300,54800,4,'',0,6000,4,'',0,2000,4,'',0,2100,4,'',0,6200,4,'',0,2300,4,'',0,2000,4,'',0,6200,4,'',0,2500,4,'',0,1800,4,'',0,5900,4,'',0,2700,4,'',0,7300,4,'',0,3100,4,'',0,6900,4,'',0,3000,4,'',0,7000,4,'',0,3200,4,'',0,7000,4,'',0,3000,4,'',0,7200,4,'',0,3100,4,'',0,7400,4,'',0,1500,4,'',0,6100,4,'',0,2200,4,'',0,2100,4,'',0,6600,4,'',0,1900,4,'',0,1800,4,'',0,5900,4,'',0,2100,4,'',0,1500,4,'',0,1400,4,'',0,5700,4,'',0,2100,4,'',0,7600,4,'',0,2600,4,'',0,9200,4,'',0,10000,4,'',0,9900,4,'',0,9900,4,'',0,10200,4,'',0
'2merged13526508',664300,64100,4,'',0,7300,4,'',0,3000,4,'',0,7000,4,'',0,3000,4,'',0,7200,4,'',0,3200,4,'',0,7000,4,'',0,3000,4,'',0,7200,4,'',0,3000,4,'',0,7000,4,'',0,3000,4,'',0,7000,4,'',0,3000,4,'',0,7200,4,'',0,3000,4,'',0,7000,4,'',0,2800,4,'',0,7000,4,'',0,3000,4,'',0,7000,4,'',0,3000,4,'',0,7000,4,'',0,2900,4,'',0,6800,4,'',0,3000,4,'',0,6900,4,'',0,2900,4,'',0,6900,4,'',0,10500,4,'',0,9600,4,'',0,10000,4,'',0,10400,4,'',0
'3merged13526507',664300,81300,4,'',0,3000,4,'',0,7000,4,'',0,3100,4,'',0,7200,4,'',0,3000,4,'',0,7000,4,'',0,3200,4,'',0,7000,4,'',0,3000,4,'',0,7300,4,'',0,3000,4,'',0,7000,4,'',0,2900,4,'',0,7000,4,'',0,3000,4,'',0,7000,4,'',0,3000,4,'',0,7000,4,'',0,2900,4,'',0,7000,4,'',0,3000,4,'',0,7000,4,'',0,2800,4,'',0,7000,4,'',0,2800,4,'',0,6600,4,'',0,10000,4,'',0,10000,4,'',0,10600,4,'',0,10200,4,'',0
'101merged13526514',664600,80200,4,'',0
'1merged13526504',664600,60800,4,'',0,1400,4,'',0,3300,4,'',0,7000,4,'',0,2800,4,'',0,5800,4,'',0,2000,4,'',0,2300,4,'',0,6000,4,'',0,1600,4,'',0,2700,4,'',0,6900,4,'',0,3000,4,'',0,7000,4,'',0,2900,4,'',0,6600,4,'',0,3500,4,'',0,7000,4,'',0,3000,4,'',0,7000,4,'',0,3300,4,'',0,7600,4,'',0,7100,4,'',0,2000,4,'',0,2000,4,'',0,6000,4,'',0,2000,4,'',0,2000,4,'',0,5800,4,'',0,1900,4,'',0,2200,4,'',0,6500,4,'',0,2600,4,'',0,6800,4,'',0,2300,4,'',0,3000,4,'',0,7000,4,'',0,2800,4,'',0,6800,4,'',0,3000,4,'',0,7000,4,'',0,2800,4,'',0,7400,4,'',0,9800,4,'',0
'2merged13526508',664600,63900,4,'',0,7000,4,'',0,3000,4,'',0,7200,4,'',0,3000,4,'',0,8100,4,'',0,7900,4,'',0,3000,4,'',0,7200,4,'',0,3000,4,'',0,7000,4,'',0,3000,4,'',0,7100,4,'',0,3000,4,'',0,7300,4,'',0,2700,4,'',0,6800,4,'',0,3000,4,'',0,7000,4,'',0,3000,4,'',0,7000,4,'',0,3000,4,'',0,7000,4,'',0,3300,4,'',0,7000,4,'',0,2700,4,'',0,6900,4,'',0,3100,4,'',0,7000,4,'',0,3000,4,'',0,2300,4,'',0,7000,4,'',0,2800,4,'',0,7000,4,'',0,10300,4,'',0,9900,4,'',0
'3merged13526507',664600,81100,4,'',0,3000,4,'',0,7800,4,'',0,3500,4,'',0,7500,4,'',0,3000,4,'',0,7200,4,'',0,7100,4,'',0,3000,4,'',0,7100,4,'',0,3000,4,'',0,7000,4,'',0,3000,4,'',0,7000,4,'',0,3200,4,'',0,7000,4,'',0,3000,4,'',0,6900,4,'',0,3000,4,'',0,7000,4,'',0,3000,4,'',0,6900,4,'',0,3000,4,'',0,6900,4,'',0,3000,4,'',0,2300,4,'',0,7100,4,'',0,2900,4,'',0,7000,4,'',0,2800,4,'',0,7000,4,'',0,10200,4,'',0,10000,4,'',0
'1merged13526504',665400,60700,4,'',0,2200,4,'',0,7200,4,'',0,3100,4,'',0,7400,4,'',0,3200,4,'',0,7000,4,'',0,3000,4,'',0,6700,4,'',0,2700,4,'',0,6800,4,'',0,3000,4,'',0,7000,4,'',0,3000,4,'',0,7100,4,'',0,3100,4,'',0,7000,4,'',0,3000,4,'',0,7300,4,'',0,3500,4,'',0,7400,4,'',0,2700,4,'',0,7200,4,'',0,2900,4,'',0,6800,4,'',0,2700,4,'',0,6800,4,'',0,2800,4,'',0,2200,4,'',0,7000,4,'',0,2900,4,'',0,6800,4,'',0,2900,4,'',0,7000,4,'',0,10500,4,'',0,10400,4,'',0
'2merged13526508',665400,62700,4,'',0,2900,4,'',0,6900,4,'',0,2700,4,'',0,6700,4,'',0,3300,4,'',0,7000,4,'',0,3000,4,'',0,7100,4,'',0,3200,4,'',0,6700,4,'',0,2700,4,'',0,7300,4,'',0,3100,4,'',0,7700,4,'',0,2700,4,'',0,6600,4,'',0,3300,4,'',0,7000,4,'',0,3000,4,'',0,6400,4,'',0,3700,4,'',0,6700,4,'',0,2800,4,'',0,7300,4,'',0,3000,4,'',0,7300,4,'',0,2500,4,'',0,6700,4,'',0,3300,4,'',0,7000,4,'',0,2900,4,'',0,7100,4,'',0,9400,4,'',0,9400,4,'',0
'3merged13526507',665400,72600,4,'',0,2600,4,'',0,7000,4,'',0,3300,4,'',0,7200,4,'',0,3000,4,'',0,7000,4,'',0,3000,4,'',0,7100,4,'',0,3100,4,'',0,7000,4,'',0,3000,4,'',0,7000,4,'',0,3000,4,'',0,7000,4,'',0,3000,4,'',0,7000,4,'',0,2800,4,'',0,7000,4,'',0,3000,4,'',0,7000,4,'',0,3000,4,'',0,7000,4,'',0,2800,4,'',0,6900,4,'',0,3000,4,'',0,7100,4,'',0,2800,4,'',0,7100,4,'',0,2900,4,'',0,7000,4,'',0,8800,4,'',0,10000,4,'',0
'101merged13526514',666001,91000,4,'',0,63500,4,'',0
'1merged13526504',666001,54600,4,'',0,5900,4,'',0,1900,4,'',0,1700,4,'',0,1700,4,'',0,5500,4,'',0,1500,4,'',0,1000,4,'',0,1600,4,'',0,5800,4,'',0,2200,4,'',0,1300,4,'',0,7200,4,'',0,3000,4,'',0,7000,4,'',0,2900,4,'',0,7100,4,'',0,3000,4,'',0,7200,4,'',0,3000,4,'',0,7000,4,'',0,3100,4,'',0,7000,4,'',0,2500,4,'',0,7500,4,'',0,3200,4,'',0,5800,4,'',0,1600,4,'',0,1500,4,'',0,1500,4,'',0,5400,4,'',0,1500,4,'',0,1500,4,'',0,1400,4,'',0,5400,4,'',0,1500,4,'',0,1500,4,'',0,6400,4,'',0,2000,4,'',0,1600,4,'',0,7000,4,'',0,3000,4,'',0,7000,4,'',0,9800,4,'',0,9800,4,'',0,10100,4,'',0
'2merged13526508',666001,65700,4,'',0,9900,4,'',0,7000,4,'',0,3200,4,'',0,7000,4,'',0,3000,4,'',0,7000,4,'',0,3100,4,'',0,7000,4,'',0,3000,4,'',0,7000,4,'',0,7100,4,'',0,3300,4,'',0,6900,4,'',0,3000,4,'',0,7000,4,'',0,3000,4,'',0,6900,4,'',0,3000,4,'',0,7000,4,'',0,3000,4,'',0,7000,4,'',0,2900,4,'',0,2900,4,'',0,7000,4,'',0,3000,4,'',0,7000,4,'',0,9200,4,'',0,10100,4,'',0,9800,4,'',0,9900,4,'',0
'3merged13526507',666001,72700,4,'',0,10000,4,'',0,10500,4,'',0,7000,4,'',0,2800,4,'',0,7000,4,'',0,3000,4,'',0,7200,4,'',0,3000,4,'',0,7000,4,'',0,3000,4,'',0,7000,4,'',0,3000,4,'',0,6900,4,'',0,2900,4,'',0,7000,4,'',0,3000,4,'',0,7000,4,'',0,2900,4,'',0,3000,4,'',0,7000,4,'',0,3000,4,'',0,6900,4,'',0,3000,4,'',0,7000,4,'',0,9200,4,'',0,10000,4,'',0,10000,4,'',0,10000,4,'',0
'701merged13526499',666001,150700,4,'',0
'801merged13526520',666001,150700,4,'',0
'1merged13526504',666401,62000,4,'',0,3300,4,'',0,6900,4,'',0,3300,4,'',0,7200,4,'',0,3100,4,'',0,7200,4,'',0,2400,4,'',0,6900,4,'',0,3000,4,'',0,7000,4,'',0,3000,4,'',0,7200,4,'',0,3000,4,'',0,7000,4,'',0,3000,4,'',0,7000,4,'',0,3000,4,'',0,7400,4,'',0,3000,4,'',0,7000,4,'',0,3000,4,'',0,7000,4,'',0,2900,4,'',0,6500,4,'',0,3100,4,'',0,7600,4,'',0,7100,4,'',0,3100,4,'',0,7300,4,'',0,4000,4,'',0,8000,4,'',0,7800,4,'',0,4000,4,'',0,8000,4,'',0,8000,4,'',0,4000,4,'',0
'2merged13526508',666401,60000,4,'',0,3000,4,'',0,2500,4,'',0,6600,4,'',0,3100,4,'',0,7000,4,'',0,3400,4,'',0,7000,4,'',0,3100,4,'',0,7000,4,'',0,3000,4,'',0,7200,4,'',0,2700,4,'',0,7300,4,'',0,7200,4,'',0,3000,4,'',0,7000,4,'',0,3000,4,'',0,7100,4,'',0,3000,4,'',0,6900,4,'',0,3000,4,'',0,7000,4,'',0,3100,4,'',0,7000,4,'',0,2900,4,'',0,7000,4,'',0,3100,4,'',0,7000,4,'',0,2900,4,'',0,9900,4,'',0,10000,4,'',0,9800,4,'',0,9800,4,'',0,11500,4,'',0
'3merged13526507',666401,70100,4,'',0,4500,4,'',0,10100,4,'',0,10100,4,'',0,10300,4,'',0,10000,4,'',0,10100,4,'',0,10000,4,'',0,10100,4,'',0,10000,4,'',0,10000,4,'',0,10000,4,'',0,9900,4,'',0,9800,4,'',0,10000,4,'',0,10000,4,'',0,9700,4,'',0,17500,4,'',0,12100,4,'',0
'1merged13526504',666501,61500,4,'',0,3100,4,'',0,7000,4,'',0,2700,4,'',0,7300,4,'',0,3100,4,'',0,7000,4,'',0,2800,4,'',0,7000,4,'',0,2900,4,'',0,7000,4,'',0,3100,4,'',0,7000,4,'',0,3100,4,'',0,6900,4,'',0,3000,4,'',0,7000,4,'',0,3000,4,'',0,7100,4,'',0,3200,4,'',0,7000,4,'',0,3100,4,'',0,6700,4,'',0,2900,4,'',0,6900,4,'',0,2800,4,'',0,6800,4,'',0,2000,4,'',0,7000,4,'',0,3000,4,'',0,2500,4,'',0,7100,4,'',0,3000,4,'',0,7100,4,'',0,3000,4,'',0,7200,4,'',0,7500,4,'',0
'2merged13526508',666501,60900,4,'',0,3000,4,'',0,7000,4,'',0,3100,4,'',0,7000,4,'',0,3000,4,'',0,7200,4,'',0,3000,4,'',0,7200,4,'',0,3000,4,'',0,7200,4,'',0,3000,4,'',0,7000,4,'',0,3100,4,'',0,7000,4,'',0,3000,4,'',0,7000,4,'',0,3000,4,'',0,7000,4,'',0,3000,4,'',0,7000,4,'',0,3000,4,'',0,7000,4,'',0,3000,4,'',0,7000,4,'',0,2800,4,'',0,7000,4,'',0,2000,4,'',0,6700,4,'',0,5100,4,'',0,10200,4,'',0,10100,4,'',0,10100,4,'',0
'3merged13526507',666501,64000,4,'',0,7000,4,'',0,3000,4,'',0,7000,4,'',0,3000,4,'',0,7000,4,'',0,3200,4,'',0,7100,4,'',0,3000,4,'',0,7000,4,'',0,3000,4,'',0,7000,4,'',0,3000,4,'',0,7000,4,'',0,3000,4,'',0,7000,4,'',0,3100,4,'',0,7000,4,'',0,3000,4,'',0,7000,4,'',0,3000,4,'',0,7000,4,'',0,3000,4,'',0,7000,4,'',0,2800,4,'',0,7000,4,'',0,2500,4,'',0,6500,4,'',0,5500,4,'',0,9800,4,'',0,10000,4,'',0,10000,4,'',0
'101merged13526514',675301,153900,4,'',0
'1merged13526504',1671900,52400,4,'',0,9600,4,'',0,10300,4,'',0,3000,4,'',0,6900,4,'',0,3000,4,'',0,7000,4,'',0,10100,4,'',0,10200,4,'',0,10000,4,'',0,10000,4,'',0,10000,4,'',0,10200,4,'',0,3000,4,'',0,7600,4,'',0,7000,4,'',0,3500,4,'',0,6700,4,'',0,3300,4,'',0,6800,4,'',0,4000,4,'',0,7400,4,'',0,9800,4,'',0,10000,4,'',0,10000,4,'',0,10000,4,'',0,9800,4,'',0,10000,4,'',0
'2merged13526508',1671900,51600,4,'',0,10200,4,'',0,10000,4,'',0,10100,4,'',0,10100,4,'',0,10000,4,'',0,10300,4,'',0,10100,4,'',0,10000,4,'',0,10100,4,'',0,10000,4,'',0,10000,4,'',0,9800,4,'',0,10000,4,'',0,9700,4,'',0,10000,4,'',0,9900,4,'',0,10000,4,'',0,9900,4,'',0,9900,4,'',0,10000,4,'',0
'3merged13526507',1671900,71900,4,'',0,10000,4,'',0,10000,4,'',0,10000,4,'',0,10000,4,'',0,10200,4,'',0,10100,4,'',0,10000,4,'',0,9900,4,'',0,10000,4,'',0,10000,4,'',0,9900,4,'',0,10000,4,'',0,10000,4,'',0,10000,4,'',0,9800,4,'',0,9900,4,'',0,9900,4,'',0
'1merged13526504',3004300,51000,,'',0,2000,,'',0,2000,,'',0,5200,,'',0,1300,,'',0,1500,,'',0,1500,,'',0,5500,,'',0,1500,,'',0,1500,,'',0,1500,,'',0,5700,,'',0,1700,,'',0,1600,,'',0,1500,,'',0,5500,,'',0,1500,,'',0,1500,,'',0,1500,,'',0,5500,,'',0,1500,,'',0,1500,,'',0,1500,,'',0,5500,,'',0,1500,,'',0,1500,,'',0,1500,,'',0,5500,,'',0,1500,,'',0,1500,,'',0,1500,,'',0,5500,,'',0,1500,,'',0,1500,,'',0,1500,,'',0,5500,,'',0,1500,,'',0,1600,,'',0,1600,,'',0,5700,,'',0,1600,,'',0,1500,,'',0,1500,,'',0,5500,,'',0,1500,,'',0,1500,,'',0,1500,,'',0,5500,,'',0,1500,,'',0,1500,,'',0,1500,,'',0,5500,,'',0,1500,,'',0,1500,,'',0,6000,,'',0,2000,,'',0,2500,,'',0,6300,,'',0,1700,,'',0,2000,,'',0,6500,,'',0,2900,,'',0,7100,,'',0,3000,,'',0,7000,,'',0,3000,,'',0,7000,,'',0,3000,,'',0
'1merged13526504',3004301,50500,4,'',0,1900,4,'',0,2000,4,'',0,6000,4,'',0,2000,4,'',0,1500,4,'',0,1500,4,'',0,5500,4,'',0,1600,4,'',0,1400,4,'',0,1700,4,'',0,5600,4,'',0,1600,4,'',0,1600,4,'',0,5600,4,'',0,1700,4,'',0,1600,4,'',0,1600,4,'',0,5500,4,'',0,1900,4,'',0,1200,4,'',0,1500,4,'',0,5500,4,'',0,1500,4,'',0,1700,4,'',0,1500,4,'',0,5500,4,'',0,1500,4,'',0,1500,4,'',0,1500,4,'',0,5500,4,'',0,1500,4,'',0,1500,4,'',0,1500,4,'',0,5500,4,'',0,1500,4,'',0,1500,4,'',0,2200,4,'',0,7000,4,'',0,1700,4,'',0,5600,4,'',0,1400,4,'',0,1600,4,'',0,1600,4,'',0,5400,4,'',0,1300,4,'',0,1500,4,'',0,1700,4,'',0,1200,4,'',0,5500,4,'',0,1500,4,'',0,1500,4,'',0,1500,4,'',0,5500,4,'',0,1200,4,'',0,1900,4,'',0,6000,4,'',0,2000,4,'',0,2000,4,'',0,5700,4,'',0,2000,4,'',0,3000,4,'',0,7000,4,'',0,3000,4,'',0,6900,4,'',0,3000,4,'',0,7100,4,'',0
'2merged13526508',3004300,60000,,'',0,3300,,'',0,7200,,'',0,3000,,'',0,7000,,'',0,3100,,'',0,7000,,'',0,3000,,'',0,7000,,'',0,3000,,'',0,6900,,'',0,2000,,'',0,2000,,'',0,6000,,'',0,2000,,'',0,2000,,'',0,6000,,'',0,2000,,'',0,2000,,'',0,6000,,'',0,2000,,'',0,2000,,'',0,6000,,'',0,2000,,'',0,2000,,'',0,6000,,'',0,1900,,'',0,2100,,'',0,6000,,'',0,2000,,'',0,2000,,'',0,5900,,'',0,3100,,'',0,7000,,'',0,3000,,'',0,7500,,'',0,2500,,'',0,7000,,'',0,3000,,'',0,7500,,'',0,2500,,'',0,7500,,'',0,2500,,'',0
'2merged13526508',3004301,62600,4,'',0,3200,4,'',0,7000,4,'',0,3000,4,'',0,7100,4,'',0,3000,4,'',0,7000,4,'',0,3000,4,'',0,7200,4,'',0,2000,4,'',0,6100,4,'',0,2000,4,'',0,2000,4,'',0,5900,4,'',0,2000,4,'',0,2000,4,'',0,6100,4,'',0,2200,4,'',0,2000,4,'',0,6000,4,'',0,1900,4,'',0,2000,4,'',0,6000,4,'',0,2000,4,'',0,2000,4,'',0,6000,4,'',0,2000,4,'',0,2000,4,'',0,5800,4,'',0,1500,4,'',0,2500,4,'',0,5800,4,'',0,2000,4,'',0,3000,4,'',0,7000,4,'',0,3000,4,'',0,7000,4,'',0,3000,4,'',0,7000,4,'',0,3000,4,'',0,7000,4,'',0,2500,4,'',0,7500,4,'',0
'3merged13526507',3004300,63500,,'',0,7000,,'',0,3000,,'',0,7000,,'',0,3000,,'',0,7000,,'',0,3000,,'',0,7200,,'',0,2900,,'',0,6900,,'',0,2000,,'',0,2000,,'',0,6000,,'',0,2000,,'',0,2000,,'',0,6000,,'',0,2000,,'',0,2000,,'',0,6000,,'',0,2000,,'',0,2000,,'',0,6000,,'',0,2000,,'',0,2000,,'',0,6000,,'',0,2000,,'',0,2000,,'',0,6000,,'',0,2000,,'',0,2000,,'',0,5900,,'',0,3000,,'',0,7500,,'',0,2600,,'',0,7400,,'',0,2600,,'',0,7400,,'',0,2600,,'',0,7400,,'',0,3000,,'',0,7000,,'',0,3000,,'',0
'3merged13526507',3004301,72700,4,'',0,3100,4,'',0,7100,4,'',0,3000,4,'',0,7000,4,'',0,3000,4,'',0,7200,4,'',0,2000,4,'',0,6000,4,'',0,2100,4,'',0,2000,4,'',0,5500,4,'',0,2000,4,'',0,2200,4,'',0,6100,4,'',0,2000,4,'',0,2000,4,'',0,6100,4,'',0,1800,4,'',0,2000,4,'',0,5600,4,'',0,2000,4,'',0,2100,4,'',0,6000,4,'',0,1900,4,'',0,2100,4,'',0,5900,4,'',0,2000,4,'',0,2400,4,'',0,6000,4,'',0,2000,4,'',0,3000,4,'',0,7000,4,'',0,3000,4,'',0,7000,4,'',0,2800,4,'',0,7000,4,'',0,3000,4,'',0,6800,4,'',0,3000,4,'',0,7000,4,'',0
