'101merged13526185',664501,162100,4,'',0
'1merged13526174',664501,51700,4,'',0,2000,4,'',0,2000,4,'',0,6000,4,'',0,1200,4,'',0,1200,4,'',0,1200,4,'',0,5200,4,'',0,1500,4,'',0,1000,4,'',0,1100,4,'',0,1000,4,'',0,5000,4,'',0,1000,4,'',0,1000,4,'',0,1100,4,'',0,1000,4,'',0,1000,4,'',0,5000,4,'',0,1000,4,'',0,1000,4,'',0,1000,4,'',0,1000,4,'',0,1600,4,'',0,5500,4,'',0,1500,4,'',0,1500,4,'',0,1500,4,'',0,5500,4,'',0,1500,4,'',0,1500,4,'',0,1500,4,'',0,5500,4,'',0,1600,4,'',0,1500,4,'',0,1500,4,'',0,5500,4,'',0,1500,4,'',0,1500,4,'',0,1500,4,'',0,5500,4,'',0,1500,4,'',0,1500,4,'',0,1500,4,'',0,5300,4,'',0,1500,4,'',0,1100,4,'',0,1100,4,'',0,5100,4,'',0,1300,4,'',0,1700,4,'',0,900,4,'',0,900,4,'',0,800,4,'',0,4800,4,'',0,900,4,'',0,800,4,'',0,900,4,'',0,800,4,'',0,900,4,'',0,800,4,'',0,4700,4,'',0,800,4,'',0,900,4,'',0,800,4,'',0,900,4,'',0,1200,4,'',0,5300,4,'',0,1500,4,'',0,1400,4,'',0,1500,4,'',0,1200,4,'',0,5500,4,'',0,1400,4,'',0,1500,4,'',0,1500,4,'',0,5500,4,'',0,1500,4,'',0,1500,4,'',0,1500,4,'',0,5500,4,'',0,1000,4,'',0,1700,4,'',0,7000,4,'',0,2800,4,'',0,6800,4,'',0,3000,4,'',0,7000,4,'',0,3100,4,'',0,7400,4,'',0
'201',664501,162100,4,'',0
'2merged13526179',664501,52900,4,'',0,3000,4,'',0,6600,4,'',0,2000,4,'',0,6000,4,'',0,2100,4,'',0,1500,4,'',0,1600,4,'',0,5500,4,'',0,1500,4,'',0,1500,4,'',0,5800,4,'',0,1200,4,'',0,1300,4,'',0,1200,4,'',0,1200,4,'',0,5200,4,'',0,1200,4,'',0,1400,4,'',0,1200,4,'',0,1200,4,'',0,5300,4,'',0,1200,4,'',0,1200,4,'',0,1200,4,'',0,1200,4,'',0,5200,4,'',0,1200,4,'',0,900,4,'',0,1400,4,'',0,1200,4,'',0,5200,4,'',0,1200,4,'',0,1200,4,'',0,1200,4,'',0,1200,4,'',0,5200,4,'',0,1200,4,'',0,1300,4,'',0,1200,4,'',0,1200,4,'',0,5200,4,'',0,1200,4,'',0,1200,4,'',0,1100,4,'',0,1200,4,'',0,5200,4,'',0,1200,4,'',0,1200,4,'',0,1200,4,'',0,1200,4,'',0,5200,4,'',0,1200,4,'',0,1200,4,'',0,1300,4,'',0,1300,4,'',0,5200,4,'',0,1200,4,'',0,1200,4,'',0,1500,4,'',0,1400,4,'',0,5500,4,'',0,1500,4,'',0,1500,4,'',0,1300,4,'',0,5500,4,'',0,1500,4,'',0,1500,4,'',0,1500,4,'',0,5500,4,'',0,1500,4,'',0,1500,4,'',0,1500,4,'',0,5500,4,'',0,1400,4,'',0,1500,4,'',0,6700,4,'',0,2900,4,'',0,7000,4,'',0,2900,4,'',0,7000,4,'',0,3000,4,'',0,7000,4,'',0
'3merged13526178',664501,55900,4,'',0,5900,4,'',0,2000,4,'',0,6300,4,'',0,2000,4,'',0,2000,4,'',0,6000,4,'',0,1500,4,'',0,1700,4,'',0,1500,4,'',0,5500,4,'',0,1500,4,'',0,1600,4,'',0,1500,4,'',0,5600,4,'',0,1500,4,'',0,1600,4,'',0,1500,4,'',0,5600,4,'',0,1500,4,'',0,1500,4,'',0,1500,4,'',0,5600,4,'',0,1500,4,'',0,1500,4,'',0,1500,4,'',0,5500,4,'',0,1500,4,'',0,1500,4,'',0,1500,4,'',0,5500,4,'',0,1500,4,'',0,1500,4,'',0,1500,4,'',0,5500,4,'',0,1500,4,'',0,1500,4,'',0,1500,4,'',0,5500,4,'',0,1500,4,'',0,1500,4,'',0,1500,4,'',0,5400,4,'',0,1500,4,'',0,1500,4,'',0,1500,4,'',0,5500,4,'',0,1500,4,'',0,1400,4,'',0,1500,4,'',0,5300,4,'',0,1500,4,'',0,1500,4,'',0,1500,4,'',0,5500,4,'',0,1500,4,'',0,1500,4,'',0,1500,4,'',0,5400,4,'',0,1500,4,'',0,1500,4,'',0,7000,4,'',0,3000,4,'',0,7000,4,'',0,2800,4,'',0,2800,4,'',0,7000,4,'',0,3000,4,'',0,7400,4,'',0
'101merged13526185',3329200,152800,4,'',0
'101merged13526185',3329201,151000,,'',0,10000,,'',0
'1merged13526174',3329200,62000,4,'',0,2900,4,'',0,6300,4,'',0,1600,4,'',0,2000,4,'',0,5900,4,'',0,1600,4,'',0,1800,4,'',0,1500,4,'',0,5500,4,'',0,1300,4,'',0,1400,4,'',0,1600,4,'',0,5700,4,'',0,2400,4,'',0,7000,4,'',0,2900,4,'',0,7000,4,'',0,3000,4,'',0,7300,4,'',0,2800,4,'',0,7100,4,'',0,3500,4,'',0,7000,4,'',0,3300,4,'',0,7200,4,'',0,1200,4,'',0,1800,4,'',0,1300,4,'',0,5600,4,'',0,1500,4,'',0,1600,4,'',0,5400,4,'',0,1500,4,'',0,1000,4,'',0,1200,4,'',0,2200,4,'',0,4700,4,'',0,2600,4,'',0,2700,4,'',0,7400,4,'',0,2200,4,'',0,7000,4,'',0,2900,4,'',0,6800,4,'',0,2800,4,'',0,7000,4,'',0,3000,4,'',0,10000,4,'',0
'1merged13526174',3329201,54200,,'',0,1000,,'',0,5500,,'',0,1500,,'',0,1500,,'',0,1300,,'',0,5400,,'',0,1700,,'',0,1600,,'',0,1300,,'',0,5500,,'',0,1500,,'',0,1500,,'',0,1600,,'',0,5800,,'',0,3200,,'',0,7000,,'',0,3200,,'',0,7000,,'',0,3100,,'',0,7000,,'',0,3000,,'',0,7100,,'',0,2900,,'',0,7000,,'',0,1300,,'',0,1000,,'',0,1800,,'',0,7000,,'',0,1700,,'',0,1300,,'',0,7000,,'',0,1400,,'',0,1800,,'',0,5300,,'',0,1500,,'',0,1800,,'',0,5900,,'',0,2100,,'',0,2800,,'',0,7200,,'',0,2800,,'',0,7000,,'',0,3000,,'',0,7200,,'',0,3000,,'',0,7000,,'',0,2800,,'',0,7200,,'',0,10000,,'',0
'201',3329201,151000,,'',0,10000,,'',0
'2merged13526179',3329200,65100,4,'',0,7000,4,'',0,3000,4,'',0,7000,4,'',0,3200,4,'',0,7200,4,'',0,3000,4,'',0,7000,4,'',0,3000,4,'',0,7200,4,'',0,3000,4,'',0,7100,4,'',0,7200,4,'',0,3000,4,'',0,7000,4,'',0,3000,4,'',0,7300,4,'',0,3000,4,'',0,6900,4,'',0,3000,4,'',0,7000,4,'',0,2700,4,'',0,7100,4,'',0,3000,4,'',0,2800,4,'',0,6900,4,'',0,2900,4,'',0,6900,4,'',0,3100,4,'',0,6800,4,'',0,3000,4,'',0,7000,4,'',0,2900,4,'',0,6600,4,'',0,3000,4,'',0,10000,4,'',0
'2merged13526179',3329201,61800,,'',0,3200,,'',0,6900,,'',0,3000,,'',0,7000,,'',0,3000,,'',0,7000,,'',0,3000,,'',0,7000,,'',0,3000,,'',0,7000,,'',0,3000,,'',0,7000,,'',0,3000,,'',0,7000,,'',0,3100,,'',0,7000,,'',0,3000,,'',0,6900,,'',0,3100,,'',0,7000,,'',0,3000,,'',0,7200,,'',0,3000,,'',0,7100,,'',0,2900,,'',0,7000,,'',0,3100,,'',0,7000,,'',0,3000,,'',0,7000,,'',0,3000,,'',0,7000,,'',0,2900,,'',0,7200,,'',0,9800,,'',0
'3merged13526178',3329200,75000,4,'',0,7000,4,'',0,3200,4,'',0,7000,4,'',0,3000,4,'',0,7000,4,'',0,3000,4,'',0,7100,4,'',0,3000,4,'',0,7000,4,'',0,3100,4,'',0,7100,4,'',0,2900,4,'',0,7000,4,'',0,3000,4,'',0,7200,4,'',0,3000,4,'',0,6800,4,'',0,3000,4,'',0,7000,4,'',0,3000,4,'',0,7000,4,'',0,2900,4,'',0,6900,4,'',0,3000,4,'',0,6900,4,'',0,3000,4,'',0,6900,4,'',0,3000,4,'',0,7000,4,'',0,2900,4,'',0,7000,4,'',0,3000,4,'',0,10200,4,'',0
'3merged13526178',3329201,71400,,'',0,3500,,'',0,7000,,'',0,3000,,'',0,7000,,'',0,3000,,'',0,7000,,'',0,3000,,'',0,7000,,'',0,3000,,'',0,7000,,'',0,3000,,'',0,7000,,'',0,3000,,'',0,7000,,'',0,3000,,'',0,7000,,'',0,3000,,'',0,7000,,'',0,3000,,'',0,7000,,'',0,3000,,'',0,7400,,'',0,3000,,'',0,7000,,'',0,3000,,'',0,7000,,'',0,3000,,'',0,7000,,'',0,3000,,'',0,7000,,'',0,2500,,'',0,10400,,'',0
