'1merged13993496',3004300,53100,4,'',0,2000,4,'',0,6100,4,'',0,1200,4,'',0,1200,4,'',0,1800,4,'',0,5500,4,'',0,1700,4,'',0,1500,4,'',0,1600,4,'',0,5500,4,'',0,1900,4,'',0,1600,4,'',0,5700,4,'',0,1500,4,'',0,1100,4,'',0,1500,4,'',0,5500,4,'',0,1500,4,'',0,1500,4,'',0,1500,4,'',0,5500,4,'',0,1500,4,'',0,1500,4,'',0,1700,4,'',0,5500,4,'',0,1500,4,'',0,1500,4,'',0,1500,4,'',0,5500,4,'',0,1500,4,'',0,1500,4,'',0,1500,4,'',0,5500,4,'',0,1600,4,'',0,1500,4,'',0,1500,4,'',0,6100,4,'',0,1600,4,'',0,1300,4,'',0,1600,4,'',0,5500,4,'',0,1500,4,'',0,1500,4,'',0,1500,4,'',0,5600,4,'',0,1700,4,'',0,1500,4,'',0,1500,4,'',0,5500,4,'',0,1300,4,'',0,1400,4,'',0,1500,4,'',0,5300,4,'',0,2000,4,'',0,2000,4,'',0,6500,4,'',0,2300,4,'',0,1700,4,'',0,6000,4,'',0,2500,4,'',0,6800,4,'',0,2900,4,'',0,6800,4,'',0,3000,4,'',0,2700,4,'',0,7000,4,'',0,3000,4,'',0
'2merged13993498',3004300,62100,4,'',0,3300,4,'',0,7300,4,'',0,3000,4,'',0,7000,4,'',0,7300,4,'',0,3000,4,'',0,7000,4,'',0,3000,4,'',0,7100,4,'',0,3000,4,'',0,2000,4,'',0,6000,4,'',0,2000,4,'',0,2000,4,'',0,6000,4,'',0,2000,4,'',0,2000,4,'',0,6000,4,'',0,2100,4,'',0,2000,4,'',0,6100,4,'',0,2000,4,'',0,2000,4,'',0,6000,4,'',0,2000,4,'',0,1900,4,'',0,6100,4,'',0,2000,4,'',0,2000,4,'',0,5900,4,'',0,1800,4,'',0,2500,4,'',0,7700,4,'',0,2500,4,'',0,8000,4,'',0,6300,4,'',0,2900,4,'',0,3000,4,'',0,7400,4,'',0,2500,4,'',0,7400,4,'',0,2500,4,'',0
'3merged13993497',3004300,65600,4,'',0,7000,4,'',0,3100,4,'',0,7000,4,'',0,3000,4,'',0,7000,4,'',0,3000,4,'',0,7500,4,'',0,6900,4,'',0,2900,4,'',0,2000,4,'',0,6000,4,'',0,2200,4,'',0,2000,4,'',0,6000,4,'',0,2000,4,'',0,2000,4,'',0,6000,4,'',0,2000,4,'',0,2000,4,'',0,5800,4,'',0,2000,4,'',0,2000,4,'',0,6000,4,'',0,2100,4,'',0,2000,4,'',0,6000,4,'',0,2100,4,'',0,2000,4,'',0,6000,4,'',0,1500,4,'',0,3000,4,'',0,7000,4,'',0,2900,4,'',0,7000,4,'',0,3000,4,'',0,6800,4,'',0,3000,4,'',0,6700,4,'',0,3000,4,'',0,7000,4,'',0,3000,4,'',0
'1merged13993496',3004401,60800,4,'',0,3000,4,'',0,7000,4,'',0,3100,4,'',0,7000,4,'',0,2900,4,'',0,7000,4,'',0,4000,4,'',0,8000,4,'',0,8000,4,'',0,3900,4,'',0,8000,4,'',0,8000,4,'',0,4000,4,'',0,8000,4,'',0,8100,4,'',0,2900,4,'',0,7300,4,'',0,4100,4,'',0,7000,4,'',0,3000,4,'',0,8000,4,'',0,1600,4,'',0,6900,4,'',0,9500,4,'',0,10200,4,'',0,12400,4,'',0,9900,4,'',0
'2merged13993498',3004401,80300,4,'',0,3000,4,'',0,7000,4,'',0,3000,4,'',0,7000,4,'',0,3000,4,'',0,7000,4,'',0,3000,4,'',0,7000,4,'',0,3000,4,'',0,7000,4,'',0,3000,4,'',0,7000,4,'',0,3200,4,'',0,7000,4,'',0,3000,4,'',0,7000,4,'',0,3000,4,'',0,7000,4,'',0,3000,4,'',0,7000,4,'',0,3000,4,'',0,7000,4,'',0,2800,4,'',0,7500,4,'',0,10200,4,'',0,10000,4,'',0,12700,4,'',0
'3merged13993497',3004401,90200,4,'',0,3000,4,'',0,7000,4,'',0,3000,4,'',0,7000,4,'',0,3000,4,'',0,7000,4,'',0,3000,4,'',0,7000,4,'',0,3400,4,'',0,7000,4,'',0,3000,4,'',0,7000,4,'',0,3000,4,'',0,7000,4,'',0,3000,4,'',0,7000,4,'',0,3000,4,'',0,7000,4,'',0,3000,4,'',0,7000,4,'',0,2900,4,'',0,7500,4,'',0,10200,4,'',0,10000,4,'',0,12500,4,'',0
'1merged13993496',3004501,60400,4,'',0,3000,4,'',0,6600,4,'',0,4000,4,'',0,6800,4,'',0,2500,4,'',0,6900,4,'',0,2900,4,'',0,2400,4,'',0,7100,4,'',0,3300,4,'',0,6900,4,'',0,2700,4,'',0,6900,4,'',0,3400,4,'',0,7300,4,'',0,2500,4,'',0,7200,4,'',0,3000,4,'',0,6900,4,'',0,7600,4,'',0,2700,4,'',0,2500,4,'',0,8000,4,'',0,6900,4,'',0,2900,4,'',0,7700,4,'',0,1700,4,'',0,3200,4,'',0,8000,4,'',0,10100,4,'',0
'2merged13993498',3004501,91900,4,'',0,3000,4,'',0,7000,4,'',0,3000,4,'',0,7100,4,'',0,3000,4,'',0,7000,4,'',0,3000,4,'',0,7400,4,'',0,2700,4,'',0,7000,4,'',0,3100,4,'',0,7100,4,'',0,3000,4,'',0,6900,4,'',0,3000,4,'',0,7000,4,'',0,2900,4,'',0,6900,4,'',0,2900,4,'',0,7000,4,'',0,3000,4,'',0,7000,4,'',0,3000,4,'',0,7100,4,'',0
'3merged13993497',3004501,92200,4,'',0,3000,4,'',0,7000,4,'',0,3000,4,'',0,7000,4,'',0,3000,4,'',0,7000,4,'',0,3000,4,'',0,7700,4,'',0,3000,4,'',0,7000,4,'',0,3000,4,'',0,7000,4,'',0,2800,4,'',0,6900,4,'',0,3000,4,'',0,6900,4,'',0,2900,4,'',0,7000,4,'',0,2900,4,'',0,7000,4,'',0,3000,4,'',0,6900,4,'',0,2800,4,'',0,7000,4,'',0
'101merged13993506',3004601,160000,4,'',0
'1merged13993496',3004601,50600,4,'',0,2400,4,'',0,2000,4,'',0,5800,4,'',0,1500,4,'',0,1500,4,'',0,1500,4,'',0,5600,4,'',0,1400,4,'',0,1600,4,'',0,1900,4,'',0,5100,4,'',0,1200,4,'',0,1500,4,'',0,2000,4,'',0,6400,4,'',0,2500,4,'',0,6900,4,'',0,3000,4,'',0,7000,4,'',0,3000,4,'',0,7100,4,'',0,3100,4,'',0,7200,4,'',0,3000,4,'',0,7200,4,'',0,3000,4,'',0,7300,4,'',0,1700,4,'',0,7800,4,'',0,2100,4,'',0,1500,4,'',0,5400,4,'',0,1400,4,'',0,1500,4,'',0,1500,4,'',0,5500,4,'',0,1500,4,'',0,1900,4,'',0,6400,4,'',0,2500,4,'',0,2100,4,'',0,6200,4,'',0,2800,4,'',0,6900,4,'',0,3000,4,'',0,7000,4,'',0,3000,4,'',0,7000,4,'',0,3000,4,'',0,7000,4,'',0,3000,4,'',0,7000,4,'',0,2800,4,'',0,7000,4,'',0
'2merged13993498',3004601,54600,4,'',0,7200,4,'',0,3000,4,'',0,7000,4,'',0,3000,4,'',0,7000,4,'',0,3000,4,'',0,7400,4,'',0,3000,4,'',0,7000,4,'',0,3000,4,'',0,7200,4,'',0,3000,4,'',0,7000,4,'',0,3000,4,'',0,7000,4,'',0,3200,4,'',0,7000,4,'',0,3000,4,'',0,7000,4,'',0,3000,4,'',0,7000,4,'',0,3100,4,'',0,7000,4,'',0,2800,4,'',0,7000,4,'',0,2800,4,'',0,6800,4,'',0,3000,4,'',0,7000,4,'',0,3000,4,'',0,7000,4,'',0,3000,4,'',0,7000,4,'',0,3000,4,'',0,7000,4,'',0,3000,4,'',0,7000,4,'',0,2800,4,'',0,7000,4,'',0,2800,4,'',0
'3merged13993497',3004601,54600,4,'',0,7000,4,'',0,3000,4,'',0,7200,4,'',0,3000,4,'',0,7000,4,'',0,3000,4,'',0,7000,4,'',0,3100,4,'',0,7000,4,'',0,3000,4,'',0,7200,4,'',0,3000,4,'',0,7100,4,'',0,3200,4,'',0,7000,4,'',0,3000,4,'',0,7000,4,'',0,3000,4,'',0,7000,4,'',0,3100,4,'',0,7000,4,'',0,3300,4,'',0,6700,4,'',0,3300,4,'',0,6700,4,'',0,3000,4,'',0,6800,4,'',0,2900,4,'',0,7000,4,'',0,2900,4,'',0,7000,4,'',0,3000,4,'',0,7000,4,'',0,2600,4,'',0,7000,4,'',0,3000,4,'',0,7000,4,'',0,2900,4,'',0,7000,4,'',0
'1merged13993496',3004701,55400,4,'',0,5500,4,'',0,1500,4,'',0,1500,4,'',0,1300,4,'',0,5900,4,'',0,1500,4,'',0,1700,4,'',0,6100,4,'',0,1400,4,'',0,1400,4,'',0,1500,4,'',0,5600,4,'',0,1500,4,'',0,2300,4,'',0,7000,4,'',0,3000,4,'',0,7000,4,'',0,3000,4,'',0,7000,4,'',0,2900,4,'',0,7000,4,'',0,3000,4,'',0,6700,4,'',0,3300,4,'',0,7100,4,'',0,2600,4,'',0,1500,4,'',0,5600,4,'',0,1400,4,'',0,1500,4,'',0,1500,4,'',0,5600,4,'',0,1500,4,'',0,1500,4,'',0,1500,4,'',0,5200,4,'',0,1600,4,'',0,1000,4,'',0,1800,4,'',0,5100,4,'',0,2000,4,'',0,2000,4,'',0,6900,4,'',0,3000,4,'',0,7000,4,'',0,3000,4,'',0,7000,4,'',0,3000,4,'',0,7000,4,'',0,3000,4,'',0,7000,4,'',0
'2merged13993498',3004701,73800,4,'',0,7100,4,'',0,3000,4,'',0,7000,4,'',0,2800,4,'',0,7000,4,'',0,3000,4,'',0,7200,4,'',0,3100,4,'',0,7000,4,'',0,3000,4,'',0,6900,4,'',0,3000,4,'',0,7000,4,'',0,3100,4,'',0,7000,4,'',0,3000,4,'',0,6900,4,'',0,3000,4,'',0,6900,4,'',0,2900,4,'',0,7100,4,'',0,2800,4,'',0,7100,4,'',0,3100,4,'',0,7000,4,'',0,3000,4,'',0,7000,4,'',0,2900,4,'',0,7000,4,'',0,2800,4,'',0,7100,4,'',0,2900,4,'',0,7000,4,'',0
'3merged13993497',3004701,80700,4,'',0,3000,4,'',0,7000,4,'',0,3000,4,'',0,7200,4,'',0,3100,4,'',0,6800,4,'',0,3000,4,'',0,7000,4,'',0,3000,4,'',0,7000,4,'',0,3000,4,'',0,7000,4,'',0,3000,4,'',0,7000,4,'',0,3100,4,'',0,7100,4,'',0,2900,4,'',0,7000,4,'',0,3000,4,'',0,7100,4,'',0,3000,4,'',0,6900,4,'',0,3000,4,'',0,7500,4,'',0,2400,4,'',0,7000,4,'',0,3000,4,'',0,7000,4,'',0
