'1merged13591983',667500,54700,,'',0,7000,,'',0,2200,,'',0,6300,,'',0,2900,,'',0,1500,,'',0,7000,,'',0,2900,,'',0,7400,,'',0,2400,,'',0,7400,,'',0,2500,,'',0,6800,,'',0,3500,,'',0,7100,,'',0,2900,,'',0,6500,,'',0,3500,,'',0,7400,,'',0,2400,,'',0,7500,,'',0,3800,,'',0,6300,,'',0,3500,,'',0,6000,,'',0,1300,,'',0,1800,,'',0,7300,,'',0,2900,,'',0,6800,,'',0,3100,,'',0,7000,,'',0,2400,,'',0,7600,,'',0,3400,,'',0,6700,,'',0,3000,,'',0
'2merged13591985',667500,54700,,'',0,10000,,'',0,10000,,'',0,7000,,'',0,3000,,'',0,6900,,'',0,3000,,'',0,7000,,'',0,3000,,'',0,7000,,'',0,3000,,'',0,7000,,'',0,2900,,'',0,7000,,'',0,3000,,'',0,7000,,'',0,3000,,'',0,7000,,'',0,3000,,'',0,7000,,'',0,3000,,'',0,7000,,'',0,3000,,'',0,7000,,'',0,3000,,'',0,7000,,'',0,2500,,'',0,7600,,'',0,2400,,'',0,7600,,'',0,3400,,'',0,6700,,'',0,3000,,'',0
'3merged13591984',667500,74700,,'',0,10000,,'',0,7000,,'',0,2900,,'',0,7000,,'',0,3000,,'',0,7000,,'',0,3000,,'',0,7000,,'',0,2600,,'',0,7400,,'',0,3000,,'',0,6500,,'',0,3100,,'',0,7400,,'',0,3000,,'',0,6800,,'',0,2800,,'',0,6400,,'',0,4000,,'',0,7000,,'',0,3000,,'',0,6600,,'',0,3400,,'',0,6400,,'',0,3000,,'',0,7600,,'',0,3100,,'',0,7300,,'',0,3100,,'',0
'101',667900,155900,4,'',0,4500,4,'',0
'1merged13591983',667900,61200,4,'',0,2600,4,'',0,6800,4,'',0,3500,4,'',0,7100,4,'',0,3000,4,'',0,7000,4,'',0,3100,4,'',0,6900,4,'',0,3100,4,'',0,7000,4,'',0,2900,4,'',0,7200,4,'',0,2700,4,'',0,6600,4,'',0,3000,4,'',0,7000,4,'',0,2900,4,'',0,7300,4,'',0,3300,4,'',0,6800,4,'',0,2600,4,'',0,6800,4,'',0,2800,4,'',0,7000,4,'',0,3800,4,'',0,7000,4,'',0,2800,4,'',0,7000,4,'',0,3000,4,'',0,6700,4,'',0,3000,4,'',0,7000,4,'',0,2900,4,'',0,7000,4,'',0
'2merged13591985',667900,73600,4,'',0,7400,4,'',0,2600,4,'',0,7100,4,'',0,3000,4,'',0,7000,4,'',0,2700,4,'',0,7400,4,'',0,3000,4,'',0,7100,4,'',0,3300,4,'',0,6800,4,'',0,3000,4,'',0,7100,4,'',0,3000,4,'',0,7000,4,'',0,3000,4,'',0,7000,4,'',0,3000,4,'',0,7000,4,'',0,2800,4,'',0,7000,4,'',0,3100,4,'',0,6800,4,'',0,3000,4,'',0,7000,4,'',0,2900,4,'',0,6900,4,'',0,3200,4,'',0,7000,4,'',0,2800,4,'',0,7000,4,'',0
'3merged13591984',667900,83600,4,'',0,7000,4,'',0,3200,4,'',0,7000,4,'',0,3100,4,'',0,7100,4,'',0,3000,4,'',0,7000,4,'',0,3100,4,'',0,7000,4,'',0,3000,4,'',0,7000,4,'',0,3000,4,'',0,7100,4,'',0,3000,4,'',0,7000,4,'',0,3000,4,'',0,6900,4,'',0,2900,4,'',0,7000,4,'',0,3000,4,'',0,6900,4,'',0,3000,4,'',0,7000,4,'',0,2800,4,'',0,6800,4,'',0,3000,4,'',0,7000,4,'',0,3000,4,'',0,7000,4,'',0
'101',3930701,155900,4,'',0
'1merged13591983',3930701,60800,4,'',0,2000,4,'',0,1600,4,'',0,1500,4,'',0,5400,4,'',0,1300,4,'',0,1300,4,'',0,1300,4,'',0,5300,4,'',0,1300,4,'',0,1300,4,'',0,1300,4,'',0,1300,4,'',0,5300,4,'',0,1300,4,'',0,1300,4,'',0,1300,4,'',0,5300,4,'',0,1300,4,'',0,1500,4,'',0,1500,4,'',0,5500,4,'',0,1500,4,'',0,1500,4,'',0,1500,4,'',0,5500,4,'',0,1500,4,'',0,1500,4,'',0,1500,4,'',0,5500,4,'',0,1500,4,'',0,1500,4,'',0,1500,4,'',0,5500,4,'',0,1600,4,'',0,1500,4,'',0,1500,4,'',0,5500,4,'',0,1500,4,'',0,1500,4,'',0,1400,4,'',0,6600,4,'',0,1200,4,'',0,1200,4,'',0,1200,4,'',0,1200,4,'',0,5200,4,'',0,1200,4,'',0,1200,4,'',0,1100,4,'',0,1200,4,'',0,5200,4,'',0,1200,4,'',0,1200,4,'',0,1200,4,'',0,1300,4,'',0,5500,4,'',0,1500,4,'',0,1500,4,'',0,1500,4,'',0,5500,4,'',0,1500,4,'',0,1500,4,'',0,1500,4,'',0,5500,4,'',0,1500,4,'',0,1500,4,'',0,1500,4,'',0,5500,4,'',0,1500,4,'',0,1500,4,'',0,6800,4,'',0,3000,4,'',0,7000,4,'',0,3000,4,'',0,7000,4,'',0,3000,4,'',0
'2merged13591985',3930701,64500,4,'',0,7000,4,'',0,3000,4,'',0,7000,4,'',0,3000,4,'',0,7100,4,'',0,3000,4,'',0,7000,4,'',0,3000,4,'',0,7000,4,'',0,3000,4,'',0,7000,4,'',0,3000,4,'',0,7000,4,'',0,3000,4,'',0,7000,4,'',0,3000,4,'',0,7000,4,'',0,3000,4,'',0,7000,4,'',0,3000,4,'',0,7000,4,'',0,3000,4,'',0,7000,4,'',0,3000,4,'',0,7000,4,'',0,3000,4,'',0,7000,4,'',0,3000,4,'',0,7000,4,'',0,3000,4,'',0,7000,4,'',0,3000,4,'',0,7000,4,'',0,3000,4,'',0,7000,4,'',0,3000,4,'',0,7000,4,'',0,3000,4,'',0
'3merged13591984',3930701,81500,4,'',0,3000,4,'',0,7000,4,'',0,3000,4,'',0,7000,4,'',0,3000,4,'',0,7000,4,'',0,3000,4,'',0,7000,4,'',0,3000,4,'',0,7000,4,'',0,3000,4,'',0,7000,4,'',0,3000,4,'',0,7000,4,'',0,3000,4,'',0,7000,4,'',0,3000,4,'',0,7000,4,'',0,3000,4,'',0,7000,4,'',0,3000,4,'',0,7000,4,'',0,3000,4,'',0,7000,4,'',0,3000,4,'',0,7000,4,'',0,3000,4,'',0,7000,4,'',0,3000,4,'',0,7000,4,'',0,3000,4,'',0,7000,4,'',0,3000,4,'',0,7000,4,'',0,3000,4,'',0
