664901,'1_merged_15291795',527,,72306,1,,,0,28,,72304,1,,,0,55,,72250,1,,,0,16,,72280,1,,,0,14,,72293,1,,,0,13,,72315,1,,,0,52,,72249,1,,,0,12,,72274,1,,,0,12,,72275,1,,,0,12,,72311,1,,,0,12,,72248,1,,,0,55,,72273,1,,,0,15,,72295,1,,,0,15,,72268,1,,,0,15,,72308,1,,,0,55,,72267,1,,,0,14,,72257,1,,,0,15,,72296,1,,,0,15,,72276,1,,,0,55,,72312,1,,,0,15,,72251,1,,,0,15,,72307,1,,,0,14,,72292,1,,,0,55,,72258,1,,,0,15,,72244,1,,,0,15,,72309,1,,,0,15,,72298,1,,,0,56,,72245,1,,,0,14,,72294,1,,,0,15,,72281,1,,,0,15,,72252,1,,,0,55,,72297,1,,,0,16,,72277,1,,,0,16,,72259,1,,,0,16,,72242,1,,,0,55,,72305,1,,,0,14,,72287,1,,,0,12,,72299,1,,,0,13,,72278,1,,,0,52,,72241,1,,,0,7,,72321,1,0,108 14,0,9,,72260,1,,,0,6,,72319,1,0,108 14,0,9,,72300,1,,,0,5,,72327,1,0,108 14,0,10,,72318,1,,,0,5,,72320,1,0,108 14,0,8,,72331,1,,,0,47,,72322,1,0,108 14,0,10,,72279,1,,,0,5,,72272,1,0,108 14,0,9,,72301,1,,,0,6,,72310,1,0,108 14,0,9,,72240,1,,,0,7,,72323,1,0,108 14,0,50,,72246,1,,,0,4,,72261,1,0,108 14,0,10,,72256,1,,,0,7,,72328,1,0,108 14,0,9,,72290,1,,,0,6,,72302,1,0,108 14,0,6,,72324,1,,,0,8,,72291,1,0,108 14,0,49,,72303,1,,,0,7,,72317,1,0,108 14,0,7,,72330,1,,,0,7,,72325,1,,,0,5,,72269,1,0,108 14,0,8,,72316,1,,,0,6,,72329,1,0,108 14,0,9,,72326,1,,,0,6,,72270,1,0,108 14,0,48,,72266,1,,,0,17,,72271,1,,,0,16,,72314,1,,,0,15,,72255,1,,,0,55,,72265,1,,,0,16,,72254,1,,,0,14,,72247,1,,,0,15,,72253,1,,,0,52,,72285,1,,,0,33,,72286,1,,,0,81,,72313,1,,,0,29,,72282,1,,,0,75,,72283,1,,,0,78,,72284,1,,,0,31,,72243,1,,,0,77,,72262,1,,,0,34,,72263,1,,,0,70,,72264,1,,,0
664901,'2_merged_15291797',556,,72378,1,,,0,72,,72380,1,,,0,72,,72400,1,,,0,15,,72381,1,,,0,15,,72399,1,,,0,15,,72382,1,,,0,55,,72383,1,,,0,15,,72346,1,,,0,15,,72372,1,,,0,15,,72375,1,,,0,55,,72342,1,,,0,15,,72343,1,,,0,15,,72365,1,,,0,15,,72373,1,,,0,55,,72341,1,,,0,15,,72391,1,,,0,15,,72344,1,,,0,15,,72370,1,,,0,55,,72389,1,,,0,15,,72368,1,,,0,15,,72340,1,,,0,16,,72356,1,,,0,55,,72393,1,,,0,14,,72364,1,,,0,15,,72363,1,,,0,15,,72366,1,,,0,55,,72361,1,,,0,16,,72359,1,,,0,14,,72351,1,,,0,15,,72352,1,,,0,14,,72339,1,,,0,56,,72362,1,,,0,15,,72337,1,,,0,15,,72354,1,,,0,55,,72358,1,,,0,15,,72392,1,,,0,15,,72367,1,,,0,14,,72347,1,,,0,15,,72397,1,,,0,55,,72336,1,,,0,15,,72360,1,,,0,15,,72371,1,,,0,56,,72338,1,,,0,15,,72353,1,,,0,15,,72349,1,,,0,15,,72377,1,,,0,55,,72388,1,,,0,16,,72357,1,,,0,16,,72348,1,,,0,14,,72345,1,,,0,55,,72387,1,,,0,14,,72355,1,,,0,15,,72384,1,,,0,15,,72394,1,,,0,55,,72385,1,,,0,15,,72395,1,,,0,15,,72379,1,,,0,15,,72398,1,,,0,55,,72386,1,,,0,15,,72332,1,,,0,20,,72333,1,,,0,73,,72334,1,,,0,27,,72335,1,,,0,70,,72369,1,,,0,32,,72350,1,,,0,73,,72376,1,,,0,25,,72390,1,,,0,75,,72396,1,,,0,43,,72374,1,,,0
664901,'3_merged_15291796',545,,72406,1,,,0,72,,72464,1,,,0,28,,72407,1,,,0,70,,72408,1,,,0,30,,72409,1,,,0,55,,72465,1,,,0,15,,72410,1,,,0,15,,72466,1,,,0,15,,72411,1,,,0,55,,72412,1,,,0,15,,72403,1,,,0,15,,72413,1,,,0,15,,72401,1,,,0,55,,72434,1,,,0,15,,72404,1,,,0,15,,72435,1,,,0,15,,72446,1,,,0,55,,72458,1,,,0,15,,72454,1,,,0,15,,72428,1,,,0,15,,72455,1,,,0,55,,72431,1,,,0,15,,72456,1,,,0,15,,72419,1,,,0,15,,72457,1,,,0,55,,72459,1,,,0,15,,72444,1,,,0,15,,72452,1,,,0,15,,72445,1,,,0,55,,72402,1,,,0,15,,72462,1,,,0,15,,72438,1,,,0,15,,72463,1,,,0,55,,72433,1,,,0,15,,72437,1,,,0,15,,72415,1,,,0,15,,72440,1,,,0,55,,72453,1,,,0,15,,72441,1,,,0,15,,72405,1,,,0,15,,72442,1,,,0,55,,72429,1,,,0,15,,72443,1,,,0,15,,72430,1,,,0,15,,72451,1,,,0,55,,72448,1,,,0,15,,72414,1,,,0,15,,72417,1,,,0,15,,72449,1,,,0,55,,72421,1,,,0,15,,72450,1,,,0,15,,72422,1,,,0,15,,72432,1,,,0,55,,72423,1,,,0,15,,72447,1,,,0,15,,72424,1,,,0,15,,72418,1,,,0,55,,72425,1,,,0,30,,72420,1,,,0,70,,72426,1,,,0,30,,72427,1,,,0,70,,72436,1,,,0,30,,72416,1,,,0,70,,72460,1,,,0,30,,72461,1,,,0,70,,72439,1,,,0
670501,'3_merged_15291796',718,,83828,1,0,76 77 57,0
683400,'1201_merged_15291788',2651,,95503,81,,,0,62,,95506,81,,,0,25,,95504,81,4,,0,104,,95505,81,,,0
683400,'1_merged_15291795',2636,,95513,81,,,0,67,,95511,81,,,0,21,,95508,81,4,,0,28,,95512,81,,,0,55,,95510,81,,,0,19,,95509,81,,,0,31,,95507,81,,,0,65,,95514,81,,,0
683400,'2_merged_15291797',532,,95524,81,,,0,14,,95523,81,,,0,73,,95527,81,,,0,21,,95522,81,,,0,70,,95521,81,,,0,1904,,95528,81,,,0,19,,95529,81,,,0,20,,95526,81,,,0,60,,95530,81,,,0,15,,95519,81,,,0,15,,95516,81,,,0,15,,95518,81,,,0,60,,95517,81,,,0,21,,95520,81,4,,0,20,,95515,81,4,,0,64,,95525,81,,,0
683400,'3_merged_15291796',537,,95540,81,,,0,70,,95541,81,,,0,15,,95542,81,,,0,15,,95548,81,,,0,15,,95547,81,,,0,56,,95543,81,,,0,26,,95531,81,,,0,19,,95549,81,,,0,54,,95544,81,,,0,1739,,95546,81,,,0,60,,95545,81,,,0,22,,95535,81,,,0,78,,95532,81,,,0,21,,95537,81,4,,0,19,,95533,81,,,0,62,,95534,81,,,0,21,,95536,81,4,,0,20,,95538,81,4,,0,60,,95539,81,,,0
683401,'1_merged_15291795',2509,,95552,11,,,0,28,,95551,11,,,0,72,,95550,11,,,0
683401,'2_merged_15291797',2424,,95556,11,,,0,81,,95555,11,,,0,30,,95554,11,,,0,71,,95553,11,,,0
683401,'3_merged_15291796',2508,,95557,11,,,0,30,,95558,11,,,0,70,,95559,11,,,0
