674901,'101_merged_15288070',1458,,91187,6,0,58 59,0,56,,91185,6,,,0
674901,'1_merged_15288063',445,,91229,6,,,0,68,,91230,6,,,0,30,,91188,6,,,0,72,,91233,6,,,0,11,,91234,6,,,0,19,,91235,6,,,0,8,,91195,6,,,0,57,,91236,6,,,0,11,,91237,6,,,0,18,,91238,6,,,0,17,,91239,6,,,0,73,,91241,6,,,0,15,,91242,6,,,0,68,,91196,6,,,0,31,,91245,6,,,0,70,,91247,6,,,0,29,,91249,6,,,0,65,,91251,6,,,0,33,,91253,6,,,0,70,,91255,6,,,0,30,,91257,6,,,0,72,,91259,6,,,0,30,,91261,6,,,0,68,,91218,6,,,0,20,,91194,6,,,0,22,,91219,6,,,0,68,,91220,6,,,0,18,,91221,6,,,0,12,,91223,6,,,0,59,,91224,6,,,0,15,,91225,6,,,0,15,,91226,6,,,0,18,,91227,6,,,0,54,,91190,6,,,0,13,,91193,6,,,0,13,,91215,6,,,0,15,,91202,6,,,0,55,,91203,6,,,0,18,,91204,6,,,0,12,,91205,6,,,0,15,,91206,6,,,0,55,,91207,6,,,0,15,,91197,6,,,0,17,,91189,6,,,0,14,,91201,6,,,0,55,,91208,6,,,0,30,,91209,6,,,0,70,,91210,6,,,0,33,,91191,6,,,0,64,,91216,6,,,0,40,,91212,6,,,0,65,,91213,6,,,0,30,,91192,6,,,0,70,,91214,6,,,0,30,,91198,6,,,0,70,,91262,6,,,0
674901,'2_merged_15288065',518,,91263,6,,,0,95,,91265,6,,,0,46,,91267,6,,,0,67,,91269,6,,,0,30,,91271,6,,,0,70,,91273,6,,,0,29,,91275,6,,,0,70,,91277,6,,,0,30,,91279,6,,,0,69,,91281,6,,,0,30,,91283,6,,,0,67,,91285,6,,,0,34,,91287,6,,,0,70,,91289,6,,,0,30,,91291,6,,,0,69,,91293,6,,,0,31,,91295,6,,,0,70,,91297,6,,,0,29,,91299,6,,,0,70,,91301,6,,,0,30,,91303,6,,,0,75,,91305,6,,,0,30,,91307,6,,,0,71,,91309,6,,,0,70,,91311,6,,,0,31,,91313,6,,,0,70,,91315,6,,,0,15,,91316,6,,,0,14,,91317,6,,,0,15,,91318,6,,,0,63,,91319,6,,,0,32,,91320,6,,,0,70,,91321,6,,,0,30,,91322,6,,,0,70,,91323,6,,,0,30,,91324,6,,,0,70,,91325,6,,,0,30,,91326,6,,,0,70,,91327,6,,,0,30,,91328,6,,,0,68,,91329,6,,,0
674901,'3_merged_15288064',712,,91354,6,,,0,29,,91353,6,,,0,70,,91351,6,,,0,29,,91387,6,,,0,70,,91385,6,,,0,30,,91383,6,,,0,71,,91381,6,,,0,31,,91337,6,,,0,69,,91379,6,,,0,30,,91377,6,,,0,70,,91375,6,,,0,30,,91373,6,,,0,69,,91371,6,,,0,29,,91369,6,,,0,70,,91349,6,,,0,22,,91347,6,,,0,78,,91345,6,,,0,31,,91343,6,,,0,70,,91341,6,,,0,30,,91362,6,,,0,69,,91360,6,,,0,31,,91358,6,,,0,70,,91356,6,,,0,31,,91336,6,,,0,72,,91334,6,,,0,29,,91333,6,,,0,73,,91330,6,,,0,35,,91391,6,,,0,70,,91368,6,,,0,30,,91390,6,,,0,71,,91389,6,,,0,30,,91364,6,,,0,72,,91365,6,,,0,32,,91366,6,,,0,67,,91393,6,,,0,29,,91367,6,,,0
680501,'1_merged_15288063',652,,92738,6,,,0,101,,92742,34,,,0,199,,92741,34,,,0,199,,92740,34,,,0,205,,92737,29,,,0,269,,92739,29,,,0,175,,92736,29,,,0,154,,92735,29,,,0
680501,'2_merged_15288065',947,,92744,34,,,0,202,,92743,34,,,0,204,,92745,29,,,0,196,,92746,29,,,0,198,,92747,29,,,0,201,,92748,29,,,0
828901,'101_merged_15288070',1501,,96559,11,,,0,5,,96560,11,,,0
3404201,'1_merged_15288063',603,,107323,16,,,0,102,,107322,16,,,0,34,,107327,16,,,0,67,,107321,16,,,0,31,,107326,16,,,0,70,,107320,16,,,0,98,,107319,16,,,0,35,,107328,16,,,0,67,,107318,16,,,0,30,,107329,16,,,0,72,,107317,16,,,0,100,,107316,16,,,0,100,,107315,16,,,0,102,,107314,16,,,0,100,,107313,16,,,0,30,,107306,16,,,0,79,,107312,16,,,0,3,,107325,16,,,0,26,,107305,16,,,0,3,,107324,16,,,0,66,,107311,16,,,0,2,,107304,16,,,0,37,,107310,16,,,0,92,,107309,16,,,0,94,,107308,16,,,0,102,,107307,16,,,0
3404201,'2_merged_15288065',939,,107335,16,,,0,100,,107336,16,,,0,100,,107334,16,,,0,100,,107337,16,,,0,102,,107333,16,,,0,99,,107338,16,,,0,101,,107332,16,,,0,100,,107339,16,,,0,100,,107331,16,,,0,98,,107340,16,,,0,93,,107330,16,,,0
3404201,'3_merged_15288064',934,,107346,16,,,0,101,,107347,16,,,0,100,,107345,16,,,0,101,,107348,16,,,0,100,,107344,16,,,0,100,,107349,16,,,0,99,,107343,16,,,0,100,,107350,16,,,0,100,,107342,16,,,0,99,,107351,16,,,0,100,,107341,16,,,0
3404301,'101_merged_15288070',836,,107402,18,,,0
3404301,'1_merged_15288063',810,,107406,18,,,0
