667200,'1_merged_15288063',549,,76945,3,,,0,51,,76946,3,,,0,17,,76951,15,,,0,7,,76956,15,,,0,15,,76929,15,,,0,15,,76950,15,,,0,58,,76936,15,,,0,19,,76972,15,,,0,15,,76959,15,,,0,55,,76960,15,,,0,23,,76971,15,,,0,12,,76949,15,,,0,13,,76930,15,,,0,59,,76937,15,,,0,15,,76952,15,,,0,26,,76934,15,,,0,70,,76939,15,,,0,30,,76935,15,,,0,69,,76967,15,,,0,30,,76941,15,,,0,71,,76963,15,,,0,29,,76973,15,,,0,70,,76970,15,,,0,30,,76942,15,,,0,68,,76964,15,,,0,28,,76948,15,,,0,69,,76947,15,,,0,30,,76931,15,,,0,66,,76966,15,,,0,5,,76944,15,,,0,15,,76961,15,,,0,15,,76974,15,,,0,59,,76957,15,,,0,18,,76933,15,,,0,23,,76940,15,,,0,12,,76943,15,,,0,58,,76955,15,,,0,4,,76958,15,,,0,21,,76953,15,,,0,18,,76969,15,,,0,50,,76938,15,,,0,17,,76932,15,,,0,12,,76968,15,,,0,17,,76962,15,,,0,71,,76954,15,,,0
667200,'2_merged_15288065',546,,76994,3,,,0,70,,76985,3,,,0,30,,76984,3,,,0,70,,76997,15,,,0,30,,76983,15,,,0,71,,76995,15,,,0,30,,76981,15,,,0,70,,76993,15,,,0,30,,76989,15,,,0,70,,76986,15,,,0,30,,76990,15,,,0,70,,76976,15,,,0,30,,76998,15,,,0,71,,76999,15,,,0,31,,77000,15,,,0,68,,77001,15,,,0,30,,77002,15,,,0,69,,77003,15,,,0,20,,76979,15,,,0,20,,76996,15,,,0,61,,76978,15,,,0,19,,77004,15,,,0,21,,77005,15,,,0,60,,77006,15,,,0,21,,77007,15,,,0,20,,76980,15,,,0,60,,76977,15,,,0,20,,76982,15,,,0,21,,76991,15,,,0,59,,77010,15,,,0,20,,76987,15,,,0,18,,77009,15,,,0,69,,76992,15,,,0,30,,76988,15,,,0,74,,77008,15,,,0
667200,'3_merged_15288064',718,,77029,3,,,0,30,,77023,15,,,0,70,,77016,15,,,0,31,,77014,15,,,0,70,,77019,15,,,0,30,,77018,15,,,0,70,,77033,15,,,0,30,,77022,15,,,0,70,,77021,15,,,0,30,,77030,15,,,0,70,,77028,15,,,0,30,,77027,15,,,0,70,,77020,15,,,0,32,,77025,15,,,0,70,,77011,15,,,0,30,,77017,15,,,0,71,,77036,15,,,0,30,,77035,15,,,0,69,,77026,15,,,0,29,,77024,15,,,0,70,,77013,15,,,0,29,,77032,15,,,0,70,,77015,15,,,0,34,,77031,15,,,0,68,,77012,15,,,0,28,,77034,15,,,0,70,,77037,15,,,0
667300,'101_merged_15288070',814,,77144,3,,,0,824,,77143,15,,,0,90,,77142,15,,,0
667300,'1_merged_15288063',526,,77175,3,,,0,74,,77183,3,,,0,20,,77174,3,,,0,12,,77184,3,,,0,27,,77173,3,,,0,62,,77172,3,,,0,220,,77169,3,,,0,66,,77168,3,,,0,29,,77167,15,,,0,70,,77159,15,,,0,30,,77158,15,,,0,67,,77157,15,,,0,31,,77156,15,,,0,70,,77155,15,,,0,30,,77176,15,,,0,24,,77154,15,,,0,75,,77153,15,,,0,26,,77152,15,,,0,69,,77171,15,,,0,28,,77162,15,,,0,46,,77170,15,,,0,15,,77166,15,,,0,36,,77161,15,,,0,61,,77160,15,,,0,28,,77165,15,,,0,16,,77179,15,,,0,53,,77164,15,,,0,15,,77150,15,,,0,27,,77163,15,,,0,73,,77178,3,,,0,30,,77187,3,,,0,70,,77181,3,,,0,31,,77188,3,,,0,69,,77151,3,,,0,99,,77180,3,,,0,100,,77182,3,,,0,100,,77149,3,,,0,96,,77177,3,,,0
667300,'2_merged_15288065',617,,77189,3,,,0,102,,77190,3,,,0,102,,77191,3,,,0,100,,77192,3,,,0,31,,77193,3,,,0,70,,77194,3,,,0,15,,77195,15,,,0,65,,77196,15,,,0,35,,77211,15,,,0,72,,77197,15,,,0,25,,77212,15,,,0,70,,77198,15,,,0,33,,77213,15,,,0,69,,77199,15,,,0,35,,77200,15,,,0,72,,77214,15,,,0,29,,77201,15,,,0,72,,77215,15,,,0,33,,77202,15,,,0,75,,77216,15,,,0,28,,77217,15,,,0,70,,77218,15,,,0,30,,77210,3,,,0,70,,77203,3,,,0,30,,77219,3,,,0,70,,77204,3,,,0,30,,77220,3,,,0,71,,77205,3,,,0,30,,77222,3,,,0,70,,77206,3,,,0,30,,77221,3,,,0,69,,77207,3,,,0,100,,77208,3,,,0,103,,77209,3,,,0
667300,'3_merged_15288064',655,,77223,3,,,0,94,,77224,3,,,0,92,,77252,3,,,0,80,,77243,3,,,0,23,,77245,3,,,0,72,,77225,3,,,0,21,,77226,15,,,0,71,,77242,15,,,0,28,,77227,15,,,0,71,,77251,15,,,0,28,,77228,15,,,0,74,,77250,15,,,0,29,,77229,15,,,0,72,,77249,15,,,0,32,,77230,15,,,0,70,,77248,15,,,0,31,,77231,15,,,0,72,,77247,15,,,0,28,,77232,15,,,0,70,,77246,15,,,0,30,,77233,15,,,0,70,,77234,15,,,0,17,,77244,3,,,0,27,,77255,3,,,0,70,,77235,3,,,0,30,,77253,3,,,0,71,,77236,3,,,0,30,,77254,3,,,0,68,,77237,3,,,0,30,,77256,3,,,0,70,,77238,3,,,0,30,,77257,3,,,0,70,,77239,3,,,0,107,,77240,3,,,0,97,,77241,3,,,0
1671700,'1_merged_15288063',2056,,98135,25,,,0,68,,98134,25,,,0,26,,98133,25,,,0,70,,98132,25,,,0,30,,98131,25,,,0,69,,98130,25,,,0,30,,98129,25,,,0,69,,98128,25,,,0,30,,98126,25,,,0,69,,98127,25,,,0
1671700,'2_merged_15288065',2048,,98144,25,,,0,70,,98143,25,,,0,31,,98142,25,,,0,71,,98141,25,,,0,30,,98140,25,,,0,68,,98136,25,,,0,30,,98139,25,,,0,72,,98138,25,,,0,99,,98137,25,,,0
1671700,'3_merged_15288064',2053,,98152,25,,,0,70,,98151,25,,,0,28,,98150,25,,,0,70,,98149,25,,,0,31,,98148,25,,,0,69,,98147,25,,,0,30,,98146,25,,,0,65,,98145,25,,,0,30,,98154,25,,,0,69,,98153,25,,,0
2263900,'1_merged_15288063',547,,100101,3,,,0,70,,100102,3,,,0,30,,100103,3,,,0,70,,100104,3,,,0,30,,100105,3,,,0,70,,100106,3,,,0,30,,100107,3,,,0,70,,100108,3,,,0,30,,100109,3,,,0,70,,100110,3,,,0,30,,100111,3,,,0,70,,100112,3,,,0,30,,100113,3,,,0,70,,100114,3,,,0,30,,100115,3,,,0,70,,100116,3,,,0,30,,100117,3,,,0,70,,100118,3,,,0,30,,100119,3,,,0,70,,100120,3,,,0,30,,100121,3,,,0,70,,100122,3,,,0,30,,100123,3,,,0,70,,100124,3,,,0,30,,100125,3,,,0,70,,100126,3,,,0,30,,100127,3,,,0,70,,100128,3,,,0,100,,100129,3,,,0
2263900,'2_merged_15288065',617,,100130,3,,,0,30,,100131,3,,,0,70,,100132,3,,,0,30,,100133,3,,,0,70,,100134,3,,,0,30,,100135,3,,,0,70,,100136,3,,,0,30,,100137,3,,,0,70,,100138,3,,,0,30,,100139,3,,,0,70,,100140,3,,,0,30,,100141,3,,,0,55,,100142,3,,,0,15,,100143,3,,,0,15,,100144,3,,,0,15,,100145,3,,,0,55,,100146,3,,,0,15,,100147,3,,,0,15,,100148,3,,,0,15,,100149,3,,,0,55,,100150,3,,,0,15,,100151,3,,,0,15,,100152,3,,,0,15,,100153,3,,,0,55,,100154,3,,,0,15,,100155,3,,,0,15,,100156,3,,,0,15,,100157,3,,,0,55,,100158,3,,,0,15,,100159,3,,,0,15,,100160,3,,,0,15,,100161,3,,,0,55,,100162,3,,,0,15,,100163,3,,,0,15,,100164,3,,,0,15,,100165,3,,,0,55,,100166,3,,,0,15,,100167,3,,,0,15,,100168,3,,,0,15,,100169,3,,,0,55,,100170,3,,,0,15,,100171,3,,,0,15,,100172,3,,,0,85,,100173,3,,,0
2263900,'3_merged_15288064',747,,100174,3,,,0,70,,100175,3,,,0,30,,100176,3,,,0,70,,100177,3,,,0,30,,100178,3,,,0,70,,100179,3,,,0,30,,100180,3,,,0,70,,100181,3,,,0,30,,100182,3,,,0,55,,100183,3,,,0,15,,100184,3,,,0,15,,100185,3,,,0,15,,100186,3,,,0,55,,100187,3,,,0,15,,100188,3,,,0,15,,100189,3,,,0,15,,100190,3,,,0,55,,100191,3,,,0,15,,100192,3,,,0,15,,100193,3,,,0,15,,100194,3,,,0,55,,100195,3,,,0,15,,100196,3,,,0,15,,100197,3,,,0,15,,100198,3,,,0,55,,100199,3,,,0,15,,100200,3,,,0,15,,100201,3,,,0,15,,100202,3,,,0,55,,100203,3,,,0,15,,100204,3,,,0,15,,100205,3,,,0,15,,100206,3,,,0,55,,100207,3,,,0,15,,100208,3,,,0,15,,100209,3,,,0,15,,100210,3,,,0,55,,100211,3,,,0,15,,100212,3,,,0,15,,100213,3,,,0,85,,100214,3,,,0
3930700,'1_merged_15288063',545,,112395,3,,,0,55,,112396,3,,,0,11,,112397,3,,,0,18,,112398,3,,,0,16,,112399,3,,,0,55,,112400,3,,,0,9,,112401,3,,,0,9,,112402,3,,,0,9,,112403,3,,,0,10,,112404,3,,,0,9,,112405,3,,,0,5,,112406,3,,,0,5,,112407,3,,,0,45,,112408,3,,,0,5,,112409,3,,,0,5,,112496,3,,,0,5,,112410,3,,,0,6,,112411,3,,,0,5,,112412,3,,,0,5,,112413,3,,,0,6,,112414,3,,,0,9,,112415,3,,,0,6,,112416,3,,,0,5,,112417,3,,,0,45,,112418,3,,,0,11,,112419,3,,,0,9,,112420,3,,,0,10,,112421,3,,,0,11,,112422,3,,,0,10,,112423,3,,,0,50,,112424,3,,,0,10,,112425,3,,,0,10,,112426,3,,,0,10,,112427,3,,,0,9,,112428,3,,,0,10,,112429,3,,,0,50,,112430,3,,,0,11,,112431,3,,,0,10,,112432,3,,,0,10,,112433,3,,,0,9,,112434,3,,,0,10,,112435,3,,,0,50,,112436,3,,,0,10,,112437,3,,,0,10,,112438,3,,,0,10,,112439,3,,,0,10,,112440,3,,,0,10,,112441,3,,,0,50,,112442,3,,,0,10,,112443,3,,,0,10,,112444,3,,,0,10,,112445,3,,,0,10,,112446,3,,,0,10,,112447,3,,,0,50,,112448,3,,,0,11,,112449,3,,,0,10,,112450,3,,,0,10,,112451,3,,,0,9,,112452,3,,,0,12,,112453,3,,,0,49,,112454,3,,,0,11,,112455,3,,,0,10,,112456,3,,,0,10,,112457,3,,,0,10,,112458,3,,,0,10,,112459,3,,,0,50,,112460,3,,,0,10,,112461,3,,,0,11,,112462,3,,,0,10,,112463,3,,,0,10,,112464,3,,,0,10,,112465,3,,,0,50,,112466,3,,,0,10,,112467,3,,,0,9,,112468,3,,,0,10,,112469,3,,,0,10,,112470,3,,,0,9,,112471,3,,,0,51,,112472,3,,,0,11,,112473,3,,,0,18,,112474,3,,,0,16,,112475,3,,,0,54,,112476,3,,,0,15,,112477,3,,,0,15,,112478,3,,,0,15,,112479,3,,,0,55,,112480,3,,,0,15,,112481,3,,,0,15,,112482,3,,,0,14,,112483,3,,,0,56,,112484,3,,,0,14,,112485,3,,,0,15,,112486,3,,,0,14,,112487,3,,,0,56,,112488,3,,,0,15,,112489,3,,,0,30,,112490,3,,,0,69,,112491,3,,,0,30,,112492,3,,,0,70,,112493,3,,,0,30,,112494,3,,,0,70,,112495,3,,,0
3930700,'2_merged_15288065',619,,112497,3,,,0,30,,112498,3,,,0,71,,112499,3,,,0,30,,112500,3,,,0,70,,112501,3,,,0,30,,112502,3,,,0,70,,112503,3,,,0,30,,112504,3,,,0,70,,112505,3,,,0,31,,112506,3,,,0,69,,112507,3,,,0,29,,112508,3,,,0,72,,112509,3,,,0,30,,112510,3,,,0,69,,112511,3,,,0,31,,112512,3,,,0,70,,112513,3,,,0,29,,112514,3,,,0,69,,112515,3,,,0,31,,112516,3,,,0,72,,112517,3,,,0,29,,112518,3,,,0,70,,112519,3,,,0,30,,112520,3,,,0,70,,112521,3,,,0,29,,112522,3,,,0,71,,112523,3,,,0,29,,112524,3,,,0,70,,112525,3,,,0,30,,112526,3,,,0,70,,112527,3,,,0,30,,112528,3,,,0,70,,112529,3,,,0,29,,112530,3,,,0,71,,112531,3,,,0,30,,112532,3,,,0,71,,112533,3,,,0,31,,112534,3,,,0,67,,112535,3,,,0
3930700,'3_merged_15288064',749,,112536,3,,,0,69,,112537,3,,,0,30,,112538,3,,,0,72,,112539,3,,,0,30,,112540,3,,,0,70,,112541,3,,,0,28,,112542,3,,,0,73,,112543,3,,,0,30,,112544,3,,,0,70,,112545,3,,,0,30,,112546,3,,,0,70,,112547,3,,,0,30,,112548,3,,,0,70,,112549,3,,,0,30,,112550,3,,,0,68,,112551,3,,,0,32,,112552,3,,,0,70,,112553,3,,,0,30,,112554,3,,,0,67,,112555,3,,,0,30,,112556,3,,,0,70,,112557,3,,,0,29,,112558,3,,,0,71,,112559,3,,,0,30,,112560,3,,,0,70,,112561,3,,,0,31,,112562,3,,,0,70,,112563,3,,,0,31,,112564,3,,,0,72,,112565,3,,,0,27,,112566,3,,,0,74,,112567,3,,,0,25,,112568,3,,,0,71,,112569,3,,,0,30,,112570,3,,,0,68,,112571,3,,,0
