666101,'1_merged_15524980',515,,134749,1,,,0,13,,134750,1,,,0,17,,134719,1,,,0,55,,134720,1,,,0,15,,134721,1,,,0,15,,134722,1,,,0,15,,134723,1,,,0,13,,134724,1,,,0,57,,134725,1,,,0,15,,134726,1,,,0,13,,134727,1,,,0,13,,134728,1,,,0,59,,134729,1,,,0,15,,134730,1,,,0,16,,134731,1,,,0,54,,134732,1,,,0,20,,134733,1,,,0,20,,134734,1,,,0,70,,134735,1,,,0,30,,134736,1,,,0,70,,134737,1,,,0,30,,134738,1,,,0,69,,134739,1,,,0,30,,134740,1,,,0,70,,134741,1,,,0,30,,134742,1,,,0,68,,134743,1,,,0,30,,134744,1,,,0,65,,134745,1,,,0,13,,134746,1,,,0,15,,134767,1,,,0,15,,134747,1,,,0,58,,134748,1,,,0,13,,134751,1,,,0,15,,134752,1,,,0,13,,134769,1,,,0,56,,134753,1,,,0,16,,134754,1,,,0,13,,134755,1,,,0,12,,134756,1,,,0,17,,134757,1,,,0,58,,134758,1,,,0,25,,134759,1,,,0,64,,134760,1,,,0,30,,134761,1,,,0,68,,134762,1,,,0,31,,134763,1,,,0,73,,134764,1,,,0,23,,134765,1,,,0,74,,134766,1,,,0,100,,134768,1,,,0
666101,'2_merged_15524982',530,,134782,1,,,0,70,,134781,1,,,0,30,,134776,1,,,0,70,,134780,1,,,0,30,,134799,1,,,0,70,,134774,1,,,0,30,,134773,1,,,0,70,,134772,1,,,0,30,,134800,1,,,0,70,,134771,1,,,0,30,,134778,1,,,0,70,,134777,1,,,0,30,,134779,1,,,0,70,,134784,1,,,0,30,,134775,1,,,0,70,,134796,1,,,0,30,,134795,1,,,0,70,,134794,1,,,0,30,,134793,1,,,0,70,,134792,1,,,0,30,,134791,1,,,0,70,,134798,1,,,0,30,,134770,1,,,0,70,,134790,1,,,0,30,,134789,1,,,0,70,,134788,1,,,0,30,,134787,1,,,0,70,,134786,1,,,0,30,,134801,1,,,0,75,,134785,1,,,0,30,,134802,1,,,0,70,,134797,1,,,0,30,,134803,1,,,0,70,,134783,1,,,0,100,,134804,1,,,0
666101,'3_merged_15524981',700,,134822,1,,,0,30,,134809,1,,,0,70,,134823,1,,,0,30,,134810,1,,,0,70,,134824,1,,,0,30,,134811,1,,,0,70,,134821,1,,,0,30,,134812,1,,,0,70,,134825,1,,,0,30,,134813,1,,,0,70,,134805,1,,,0,30,,134814,1,,,0,70,,134806,1,,,0,30,,134815,1,,,0,70,,134826,1,,,0,30,,134816,1,,,0,70,,134827,1,,,0,30,,134817,1,,,0,70,,134828,1,,,0,30,,134818,1,,,0,70,,134829,1,,,0,30,,134819,1,,,0,70,,134830,1,,,0,30,,134820,1,,,0,70,,134831,1,,,0,30,,134833,1,,,0,70,,134832,1,,,0,33,,134834,1,,,0,67,,134807,1,,,0,100,,134808,1,,,0,100,,134835,1,,,0
750900,'1_merged_15524980',950,,156227,1,,,0,75,,156228,1,,,0,75,,156229,1,,,0,35,,156230,1,,,0,75,,156231,1,,,0,35,,156232,1,,,0,75,,156233,1,,,0,35,,156234,1,,,0,75,,156235,1,,,0,75,,156236,1,,,0,35,,156237,1,,,0,75,,156238,1,,,0,35,,156239,1,,,0,75,,156240,1,,,0,75,,156241,1,,,0,35,,156242,1,,,0,75,,156243,1,,,0,35,,156244,1,,,0,70,,156245,1,,,0
750900,'2_merged_15524982',800,,156246,1,,,0,30,,156247,1,,,0,70,,156248,1,,,0,25,,156249,1,,,0,20,,156250,1,,,0,60,,156251,1,,,0,20,,156252,1,,,0,20,,156253,1,,,0,60,,156254,1,,,0,20,,156255,1,,,0,20,,156256,1,,,0,60,,156257,1,,,0,20,,156258,1,,,0,20,,156259,1,,,0,60,,156260,1,,,0,20,,156261,1,,,0,20,,156262,1,,,0,60,,156263,1,,,0,20,,156264,1,,,0,20,,156265,1,,,0,60,,156266,1,,,0,20,,156267,1,,,0,20,,156268,1,,,0,60,,156269,1,,,0,20,,156270,1,,,0,20,,156271,1,,,0,60,,156272,1,,,0,20,,156273,1,,,0,20,,156274,1,,,0,60,,156275,1,,,0,23,,156276,1,,,0,17,,156277,1,,,0,60,,156278,1,,,0,20,,156279,1,,,0,20,,156280,1,,,0,60,,156281,1,,,0
750900,'3_merged_15524981',800,,156282,1,,,0,30,,156283,1,,,0,70,,156284,1,,,0,25,,156285,1,,,0,20,,156286,1,,,0,60,,156287,1,,,0,20,,156288,1,,,0,22,,156289,1,,,0,60,,156290,1,,,0,20,,156291,1,,,0,20,,156292,1,,,0,60,,156293,1,,,0,20,,156294,1,,,0,20,,156295,1,,,0,60,,156296,1,,,0,20,,156297,1,,,0,20,,156298,1,,,0,60,,156299,1,,,0,20,,156300,1,,,0,22,,156301,1,,,0,60,,156302,1,,,0,20,,156303,1,,,0,20,,156304,1,,,0,60,,156305,1,,,0,20,,156306,1,,,0,20,,156307,1,,,0,60,,156308,1,,,0,20,,156309,1,,,0,20,,156310,1,,,0,60,,156311,1,,,0,20,,156312,1,,,0,20,,156313,1,,,0,60,,156314,1,,,0,20,,156315,1,,,0,20,,156316,1,,,0,60,,156317,1,,,0
3004100,'101_merged_15524987',1518,,162431,1,,,0,15,,162433,1,,,0,81,,162432,1,,,0
3004100,'1_merged_15524980',551,,162439,1,,,0,55,,162445,1,,,0,15,,162440,1,,,0,13,,162446,1,,,0,15,,162441,1,,,0,55,,162447,1,,,0,15,,162442,1,,,0,15,,162448,1,,,0,15,,162443,1,,,0,59,,162449,1,,,0,15,,162444,1,,,0,627,,162434,1,,,0,53,,162450,1,,,0,47,,162435,1,,,0,50,,162453,1,,,0,20,,162436,1,,,0,13,,162451,1,,,0,16,,162437,1,,,0,80,,162438,1,,,0,92,,162452,1,,,0
3004100,'201',1518,,162456,1,,,0,15,,162454,1,,,0,81,,162455,1,,,0
3004200,'2_merged_15524982',800,,162480,1,,,0,35,,162481,1,,,0,75,,162482,1,,,0,35,,162483,1,,,0,75,,162484,1,,,0,34,,162485,1,,,0,75,,162486,1,,,0,75,,162487,1,,,0,35,,162488,1,,,0,75,,162489,1,,,0,35,,162490,1,,,0,75,,162491,1,,,0,35,,162492,1,,,0,75,,162493,1,,,0,76,,162494,1,,,0,35,,162495,1,,,0,74,,162496,1,,,0,33,,162497,1,,,0,74,,162498,1,,,0
3004200,'3_merged_15524981',800,,162499,1,,,0,35,,162500,1,,,0,75,,162501,1,,,0,35,,162502,1,,,0,75,,162503,1,,,0,35,,162504,1,,,0,75,,162505,1,,,0,75,,162506,1,,,0,35,,162507,1,,,0,75,,162508,1,,,0,35,,162509,1,,,0,75,,162510,1,,,0,75,,162511,1,,,0,35,,162512,1,,,0,75,,162513,1,,,0,35,,162514,1,,,0,75,,162515,1,,,0,32,,162516,1,,,0,74,,162517,1,,,0
