'101merged14607542',671201,152900,4,'',0,8900,4,'',0,10300,4,'',0
'1merged14607533',671201,50100,4,'',0,2100,4,'',0,1900,4,'',0,1100,4,'',0,5000,4,'',0,900,4,'',0,1100,4,'',0,900,4,'',0,900,4,'',0,1000,4,'',0,700,4,'',0,4800,4,'',0,700,4,'',0,1100,4,'',0,700,4,'',0,1000,4,'',0,900,4,'',0,800,4,'',0,4900,4,'',0,900,4,'',0,900,4,'',0,1100,4,'',0,1300,4,'',0,800,4,'',0,4900,4,'',0,900,4,'',0,1200,4,'',0,1300,4,'',0,1300,4,'',0,5300,4,'',0,1500,4,'',0,1300,4,'',0,1500,4,'',0,5500,4,'',0,1500,4,'',0,1600,4,'',0,1500,4,'',0,5500,4,'',0,1500,4,'',0,1500,4,'',0,1500,4,'',0,5600,4,'',0,1500,4,'',0,1600,4,'',0,1500,4,'',0,5700,4,'',0,1500,4,'',0,1700,4,'',0,1500,4,'',0,5800,4,'',0,1500,4,'',0,800,4,'',0,1000,4,'',0,1200,4,'',0,5200,4,'',0,1700,4,'',0,600,4,'',0,900,4,'',0,900,4,'',0,700,4,'',0,4800,4,'',0,900,4,'',0,1400,4,'',0,800,4,'',0,700,4,'',0,800,4,'',0,700,4,'',0,4600,4,'',0,1000,4,'',0,1000,4,'',0,700,4,'',0,1000,4,'',0,1000,4,'',0,700,4,'',0,5000,4,'',0,1000,4,'',0,1000,4,'',0,1000,4,'',0,1000,4,'',0,1000,4,'',0,5200,4,'',0,1200,4,'',0,1200,4,'',0,1500,4,'',0,5300,4,'',0,1500,4,'',0,1400,4,'',0,1500,4,'',0,5500,4,'',0,1500,4,'',0,1500,4,'',0,1500,4,'',0,1100,4,'',0,5500,4,'',0,1500,4,'',0,1500,4,'',0,5800,4,'',0,2000,4,'',0,2000,4,'',0,5900,4,'',0
'201merged14607521',671201,161800,4,'',0,10300,4,'',0
'2merged14607535',671201,65700,4,'',0,7000,4,'',0,2400,4,'',0,6000,4,'',0,2000,4,'',0,2200,4,'',0,5500,4,'',0,1700,4,'',0,1500,4,'',0,1500,4,'',0,5500,4,'',0,1500,4,'',0,1500,4,'',0,1600,4,'',0,5500,4,'',0,1500,4,'',0,1500,4,'',0,1700,4,'',0,5500,4,'',0,1500,4,'',0,1500,4,'',0,1600,4,'',0,5500,4,'',0,1600,4,'',0,1500,4,'',0,1400,4,'',0,5500,4,'',0,1500,4,'',0,1500,4,'',0,1500,4,'',0,5500,4,'',0,1500,4,'',0,1500,4,'',0,1500,4,'',0,5500,4,'',0,1500,4,'',0,1400,4,'',0,1500,4,'',0,5300,4,'',0,1200,4,'',0,1100,4,'',0,1200,4,'',0,900,4,'',0,5000,4,'',0,1000,4,'',0,800,4,'',0,1000,4,'',0,1000,4,'',0,1000,4,'',0,5000,4,'',0,1200,4,'',0,1200,4,'',0,1200,4,'',0,1400,4,'',0,5500,4,'',0,1400,4,'',0,1500,4,'',0,1300,4,'',0,5500,4,'',0,1400,4,'',0,2000,4,'',0,2000,4,'',0,6000,4,'',0,2000,4,'',0,1600,4,'',0,6000,4,'',0,2000,4,'',0,1800,4,'',0,6000,4,'',0,2500,4,'',0,6900,4,'',0
'3merged14607534',671201,82000,4,'',0,2000,4,'',0,1800,4,'',0,5500,4,'',0,1500,4,'',0,1500,4,'',0,1500,4,'',0,5500,4,'',0,1800,4,'',0,1500,4,'',0,5400,4,'',0,1400,4,'',0,1500,4,'',0,1500,4,'',0,1500,4,'',0,5500,4,'',0,1600,4,'',0,1500,4,'',0,5500,4,'',0,1500,4,'',0,1500,4,'',0,1500,4,'',0,5500,4,'',0,1500,4,'',0,1600,4,'',0,1500,4,'',0,5600,4,'',0,1500,4,'',0,1600,4,'',0,1500,4,'',0,5600,4,'',0,1500,4,'',0,1500,4,'',0,1500,4,'',0,5100,4,'',0,1200,4,'',0,1100,4,'',0,1000,4,'',0,1100,4,'',0,1200,4,'',0,5300,4,'',0,1200,4,'',0,1000,4,'',0,1200,4,'',0,1100,4,'',0,5200,4,'',0,1200,4,'',0,1200,4,'',0,1200,4,'',0,1200,4,'',0,5500,4,'',0,1500,4,'',0,1500,4,'',0,1400,4,'',0,5500,4,'',0,1500,4,'',0,1500,4,'',0,1300,4,'',0,5500,4,'',0,1500,4,'',0,1500,4,'',0,1100,4,'',0,5500,4,'',0,1500,4,'',0,1500,4,'',0,1800,4,'',0,7200,4,'',0
'101merged14607542',681800,81900,4,'',0
'1101merged14607547',681800,212700,4,'',0,10300,4,'',0
'1201merged14607523',681800,212700,4,'',0,10300,4,'',0,10500,4,'',0
'1201merged14607523',681801,224500,,'',0
'1merged14607533',681800,62800,4,'',0,2000,4,'',0,6000,4,'',0,2000,4,'',0,2000,4,'',0,7000,4,'',0,1500,4,'',0,7000,4,'',0,3000,4,'',0,7000,4,'',0,3000,4,'',0,7000,4,'',0,3000,4,'',0,7000,4,'',0,3100,4,'',0,7000,4,'',0,2900,4,'',0,7000,4,'',0,3100,4,'',0,7000,4,'',0,2600,4,'',0,7500,4,'',0,3100,4,'',0,7000,4,'',0,3000,4,'',0,7000,4,'',0,2900,4,'',0,6900,4,'',0,3000,4,'',0,9800,4,'',0
'1merged14607533',681801,60700,,'',0,3000,,'',0,2000,,'',0,6000,,'',0,2000,,'',0,2000,,'',0,6800,,'',0,3000,,'',0,7000,,'',0,3000,,'',0,7000,,'',0,3000,,'',0,7000,,'',0,3000,,'',0,7000,,'',0,3000,,'',0,7000,,'',0,3000,,'',0,7000,,'',0,7500,,'',0,3000,,'',0,7000,,'',0,3000,,'',0,7000,,'',0,3000,,'',0,7000,,'',0,3000,,'',0,8000,,'',0,3000,,'',0,9500,,'',0,10500,,'',0
'2merged14607535',681800,83400,4,'',0,7000,4,'',0,2900,4,'',0,7000,4,'',0,3100,4,'',0,7000,4,'',0,3000,4,'',0,7000,4,'',0,3000,4,'',0,7000,4,'',0,3000,4,'',0,7000,4,'',0,3000,4,'',0,7000,4,'',0,3000,4,'',0,7000,4,'',0,2900,4,'',0,7000,4,'',0,3000,4,'',0,7000,4,'',0,2800,4,'',0,7200,4,'',0,2600,4,'',0,10000,4,'',0,10000,4,'',0,10000,4,'',0,9800,4,'',0
'2merged14607535',681801,84000,,'',0,7000,,'',0,3000,,'',0,7000,,'',0,3000,,'',0,7000,,'',0,3000,,'',0,7000,,'',0,3100,,'',0,6900,,'',0,3000,,'',0,7000,,'',0,3000,,'',0,7000,,'',0,3000,,'',0,7000,,'',0,3000,,'',0,7000,,'',0,2800,,'',0,7200,,'',0,2600,,'',0,7400,,'',0,2600,,'',0,10000,,'',0,10200,,'',0,10000,,'',0
'3merged14607534',681800,93200,4,'',0,10100,4,'',0,9900,4,'',0,10000,4,'',0,7000,4,'',0,3000,4,'',0,7000,4,'',0,3000,4,'',0,7000,4,'',0,2900,4,'',0,7000,4,'',0,3000,4,'',0,7000,4,'',0,3000,4,'',0,10000,4,'',0,10000,4,'',0,10000,4,'',0,10000,4,'',0
'3merged14607534',681801,94000,,'',0,10000,,'',0,10000,,'',0,7000,,'',0,3000,,'',0,7000,,'',0,3000,,'',0,7000,,'',0,3000,,'',0,7000,,'',0,3000,,'',0,7000,,'',0,3000,,'',0,10000,,'',0,10000,,'',0,10000,,'',0,10000,,'',0,9800,,'',0
'101merged14607542',681900,73400,0,'Kindersley Dr',0,69000,0,'Kindersley Dr',0
'101merged14607542',681901,82300,4,'',0,69000,4,'',0
'1201merged14607523',681900,213300,,'',0,10200,,'',0
'1201merged14607523',681901,224000,4,'',0,9900,4,'',0
'1merged14607533',681900,52500,,'',0,1500,,'',0,1500,,'',0,5500,,'',0,1500,,'',0,1500,,'',0,1500,,'',0,5500,,'',0,1500,,'',0,1500,,'',0,1200,,'',0,5200,,'',0,2000,,'',0,2000,,'',0,6000,,'',0,2000,,'',0,2000,,'',0,6000,,'',0,2000,,'',0,2000,,'',0,6000,,'',0,2000,,'',0,2000,,'',0,6000,,'',0,2000,,'',0,2000,,'',0,6000,,'',0,2000,,'',0,2000,,'',0,6000,,'',0,2000,,'',0,2000,,'',0,5600,,'',0,1200,,'',0,1200,,'',0,1200,,'',0,1200,0,'Gladstone Dr',0,5200,,'',0,700,0,'Gladstone Dr',0,800,,'',0,800,0,'Gladstone Dr',0,700,,'',0,800,0,'Gladstone Dr',0,700,,'',0,800,0,'Gladstone Dr',0,4700,,'',0,800,0,'Gladstone Dr',0,700,,'',0,800,0,'Gladstone Dr',0,700,,'',0,800,0,'Gladstone Dr',0,700,,'',0,800,0,'Gladstone Dr',0,4700,,'',0,800,0,'Gladstone Dr',0,700,,'',0,900,0,'Gladstone Dr',0,600,,'',0,700,0,'Gladstone Dr',0,800,,'',0,5500,,'',0,1500,,'',0,1500,,'',0,1500,,'',0,5500,,'',0,2000,,'',0,2000,,'',0,6000,,'',0
'1merged14607533',681901,51700,4,'',0,1500,4,'',0,800,4,'',0,700,4,'',0,800,4,'',0,4700,4,'',0,800,4,'',0,700,4,'',0,1000,4,'',0,700,4,'',0,800,4,'',0,800,4,'',0,700,4,'',0,4900,4,'',0,700,4,'',0,700,4,'',0,800,4,'',0,700,4,'',0,900,4,'',0,600,4,'',0,800,4,'',0,4800,4,'',0,700,4,'',0,1200,4,'',0,1300,4,'',0,1200,4,'',0,5200,4,'',0,1200,4,'',0,1200,4,'',0,2000,4,'',0,6000,4,'',0,2000,4,'',0,1800,4,'',0,6000,4,'',0,2000,4,'',0,2000,4,'',0,6200,4,'',0,2000,4,'',0,2000,4,'',0,6000,4,'',0,2000,4,'',0,2000,4,'',0,6300,4,'',0,2000,4,'',0,2000,4,'',0,6000,4,'',0,2000,4,'',0,2000,4,'',0,6000,4,'',0,1500,4,'',0,1400,4,'',0,1500,4,'',0,5400,4,'',0,1500,4,'',0,1500,4,'',0,1300,4,'',0,5300,4,'',0,1500,4,'',0,1500,4,'',0,1300,4,'',0,5500,4,'',0,1500,4,'',0,1500,4,'',0,1500,4,'',0,1200,4,'',0,5300,4,'',0,1800,4,'',0,1900,4,'',0,6000,4,'',0,2900,4,'',0
'2merged14607535',681900,83000,,'',0,2000,,'',0,6000,,'',0,2000,,'',0,2000,,'',0,6000,,'',0,2000,,'',0,2000,,'',0,6000,,'',0,2000,,'',0,2000,,'',0,5500,,'',0,1500,,'',0,1500,,'',0,1500,,'',0,5500,,'',0,1500,,'',0,1500,,'',0,1500,,'',0,5500,,'',0,1500,,'',0,1500,,'',0,1500,,'',0,5500,,'',0,1500,,'',0,1500,,'',0,1500,,'',0,5500,,'',0,1500,,'',0,1500,,'',0,1500,,'',0,5500,,'',0,1500,,'',0,1500,,'',0,1500,,'',0,5500,,'',0,1500,,'',0,1500,,'',0,1500,,'',0,5500,,'',0,1500,,'',0,1500,,'',0,1500,,'',0,5500,,'',0,1500,,'',0,1500,,'',0,1500,,'',0,6000,,'',0,2000,,'',0,7000,,'',0,3000,,'',0,7000,,'',0,3000,,'',0
'2merged14607535',681901,94800,4,'',0,6000,4,'',0,2000,4,'',0,2000,4,'',0,6000,4,'',0,2000,4,'',0,1500,4,'',0,1500,4,'',0,6000,4,'',0,2000,4,'',0,1500,4,'',0,5500,4,'',0,1500,4,'',0,1500,4,'',0,1500,4,'',0,5700,4,'',0,1500,4,'',0,1500,4,'',0,1500,4,'',0,5300,4,'',0,1500,4,'',0,1500,4,'',0,1500,4,'',0,5400,4,'',0,1500,4,'',0,1500,4,'',0,1500,4,'',0,5600,4,'',0,1500,4,'',0,1500,4,'',0,1600,4,'',0,5500,4,'',0,1500,4,'',0,1500,4,'',0,1500,4,'',0,5500,4,'',0,1500,4,'',0,1500,4,'',0,1500,4,'',0,5500,4,'',0,1500,4,'',0,1500,4,'',0,2000,4,'',0,6000,4,'',0,1700,4,'',0,2000,4,'',0,6100,4,'',0,2800,4,'',0,7000,4,'',0,2900,4,'',0,7000,4,'',0
'3merged14607534',681900,83000,,'',0,2000,,'',0,6000,,'',0,2000,,'',0,2000,,'',0,6000,,'',0,2000,,'',0,2000,,'',0,6000,,'',0,2000,,'',0,2000,,'',0,6000,,'',0,2000,,'',0,2000,,'',0,6000,,'',0,2000,,'',0,2000,,'',0,6000,,'',0,2000,,'',0,2000,,'',0,6000,,'',0,2000,,'',0,2000,,'',0,6000,,'',0,2000,,'',0,1500,,'',0,5500,,'',0,1500,,'',0,1500,,'',0,1500,,'',0,5500,,'',0,1500,,'',0,1500,,'',0,1500,,'',0,5500,,'',0,1500,,'',0,1500,,'',0,1500,,'',0,5500,,'',0,2000,,'',0,2000,,'',0,6000,,'',0,2000,,'',0,2000,,'',0
'3merged14607534',681901,94200,4,'',0,6000,4,'',0,2000,4,'',0,2000,4,'',0,6200,4,'',0,2000,4,'',0,2000,4,'',0,5900,4,'',0,2100,4,'',0,2400,4,'',0,6000,4,'',0,2000,4,'',0,2200,4,'',0,6000,4,'',0,1900,4,'',0,2000,4,'',0,6200,4,'',0,2000,4,'',0,2000,4,'',0,6200,4,'',0,1900,4,'',0,2000,4,'',0,6000,4,'',0,2000,4,'',0,1800,4,'',0,5500,4,'',0,1500,4,'',0,1500,4,'',0,1500,4,'',0,5500,4,'',0,1500,4,'',0,1500,4,'',0,1500,4,'',0,5500,4,'',0,1500,4,'',0,1300,4,'',0,1500,4,'',0,5500,4,'',0,1400,4,'',0,1900,4,'',0,1800,4,'',0,6000,4,'',0,2000,4,'',0,2000,4,'',0
