3004201,'2_merged_15288065',840,,102312,2,,,0,74,,102313,2,,,0,36,,102314,2,,,0,75,,102315,2,,,0,75,,102316,2,,,0,35,,102317,2,,,0,75,,102318,2,,,0,35,,102319,2,,,0,76,,102320,2,,,0,35,,102321,2,,,0,75,,102322,2,,,0,75,,102323,2,,,0,35,,102324,2,,,0,74,,102325,2,,,0,34,,102326,2,,,0,75,,102327,2,,,0,34,,102328,2,,,0,73,,102329,2,,,0,73,,102330,2,,,0
3004201,'3_merged_15288064',839,,102331,2,,,0,75,,102332,2,,,0,35,,102333,2,,,0,75,,102334,2,,,0,35,,102335,2,,,0,75,,102336,2,,,0,76,,102337,2,,,0,35,,102338,2,,,0,75,,102339,2,,,0,35,,102340,2,,,0,75,,102341,2,,,0,75,,102342,2,,,0,35,,102343,2,,,0,75,,102344,2,,,0,35,,102345,2,,,0,75,,102346,2,,,0,33,,102347,2,,,0,72,,102348,2,,,0,75,,102349,2,,,0
3004400,'1_merged_15288063',2201,,102667,24,,,0,100,,102668,24,,,0,100,,102669,24,,,0
3004400,'2_merged_15288065',2258,,102684,24,,,0,143,,102683,24,,,0
3004400,'3_merged_15288064',2258,,102713,24,,,0,100,,102712,24,,,0
3004500,'1_merged_15288063',1242,,102827,28,,,0,70,,102842,28,,,0,31,,102828,28,,,0,70,,102843,28,,,0,25,,102829,28,,,0,70,,102844,28,,,0,30,,102830,28,,,0,66,,102831,28,,,0,41,,102832,28,,,0,70,,102833,28,,,0,32,,102837,28,,,0,76,,102838,28,,,0,17,,102848,28,,,0,72,,102834,28,,,0,40,,102835,28,,,0,98,,102836,28,,,0
3004500,'2_merged_15288065',1230,,102858,28,,,0,75,,102867,28,,,0,31,,102857,28,,,0,70,,102868,28,,,0,30,,102856,28,,,0,70,,102869,28,,,0,31,,102855,28,,,0,70,,102870,28,,,0,30,,102854,28,,,0,70,,102871,28,,,0,30,,102853,28,,,0,70,,102872,28,,,0,29,,102852,28,,,0,70,,102873,28,,,0,30,,102851,28,,,0,70,,102874,28,,,0,30,,102850,28,,,0
3004500,'3_merged_15288064',1235,,102883,28,,,0,71,,102892,28,,,0,30,,102882,28,,,0,70,,102893,28,,,0,30,,102881,28,,,0,70,,102894,28,,,0,30,,102880,28,,,0,70,,102895,28,,,0,30,,102879,28,,,0,70,,102896,28,,,0,30,,102878,28,,,0,70,,102897,28,,,0,30,,102877,28,,,0,70,,102898,28,,,0,30,,102876,28,,,0,70,,102899,28,,,0,30,,102875,28,,,0
3004501,'1_merged_15288063',544,,102916,15,,,0,69,,102917,15,,,0,30,,102918,15,,,0,72,,102919,15,,,0,25,,102920,15,,,0,74,,102930,15,,,0,23,,102921,15,,,0,71,,102922,15,,,0,28,,102923,15,,,0,69,,102924,15,,,0,33,,102910,15,,,0,69,,102925,15,,,0,30,,102911,15,,,0,70,,102926,15,,,0,30,,102912,15,,,0,74,,102927,15,,,0,30,,102913,15,,,0
3004501,'2_merged_15288065',901,,102943,15,,,0,30,,102944,15,,,0,70,,102942,15,,,0,30,,102945,15,,,0,71,,102941,15,,,0,30,,102946,15,,,0,70,,102940,15,,,0,30,,102947,15,,,0,69,,102939,15,,,0
3004501,'3_merged_15288064',901,,102968,15,,,0,30,,102969,15,,,0,70,,102967,15,,,0,30,,102970,15,,,0,70,,102966,15,,,0,30,,102971,15,,,0,70,,102965,15,,,0,30,,102972,15,,,0,76,,102964,15,,,0
