665900,'101_merged_15291802',1630,,74434,26,,,0
665900,'1_merged_15291795',524,,74437,26,,,0,95,,74438,26,,,0,32,,74436,26,,,0,72,,74439,26,,,0,30,,74441,26,,,0,70,,74442,26,,,0,31,,74443,26,,,0,69,,74444,26,,,0,29,,74445,26,,,0,70,,74440,26,,,0,30,,74446,26,,,0,70,,74447,26,,,0,30,,74448,26,,,0,70,,74449,26,,,0,30,,74450,26,,,0,71,,74451,26,,,0,29,,74452,26,,,0,74,,74453,26,,,0,75,,74455,26,,,0,29,,74456,26,,,0,25,,74457,26,,,0,68,,74476,26,,,0,33,,74458,26,,,0,70,,74459,26,,,0,28,,74460,26,,,0,71,,74461,26,,,0,28,,74462,26,,,0,68,,74463,26,,,0,32,,74464,26,,,0,70,,74465,26,,,0,30,,74466,26,,,0,68,,74467,26,,,0,30,,74468,26,,,0,69,,74469,26,,,0,30,,74470,26,,,0,68,,74471,26,,,0,30,,74472,26,,,0,70,,74473,26,,,0,30,,74474,26,,,0,69,,74475,26,,,0,30,,74435,26,,,0,66,,74454,26,,,0
665900,'2_merged_15291797',643,,74477,26,,,0,69,,74478,26,,,0,31,,74479,26,,,0,72,,74480,26,,,0,31,,74481,26,,,0,71,,74482,26,,,0,30,,74483,26,,,0,65,,74484,26,,,0,29,,74485,26,,,0,71,,74486,26,,,0,32,,74487,26,,,0,70,,74488,26,,,0,30,,74489,26,,,0,69,,74490,26,,,0,30,,74491,26,,,0,69,,74492,26,,,0,31,,74493,26,,,0,69,,74494,26,,,0,31,,74495,26,,,0,68,,74496,26,,,0,33,,74497,26,,,0,69,,74498,26,,,0,31,,74499,26,,,0,67,,74500,26,,,0,33,,74501,26,,,0,69,,74502,26,,,0,32,,74503,26,,,0,76,,74504,26,,,0,29,,74505,26,,,0,71,,74506,26,,,0,30,,74516,26,,,0,72,,74507,26,,,0,22,,74515,26,,,0,70,,74508,26,,,0,30,,74514,26,,,0,69,,74509,26,,,0,30,,74513,26,,,0,70,,74510,26,,,0,27,,74512,26,,,0,73,,74511,26,,,0
665900,'3_merged_15291796',740,,74546,26,,,0,71,,74538,26,,,0,30,,74539,26,,,0,70,,74540,26,,,0,31,,74526,26,,,0,69,,74527,26,,,0,32,,74528,26,,,0,70,,74547,26,,,0,30,,74541,26,,,0,70,,74542,26,,,0,30,,74524,26,,,0,70,,74550,26,,,0,31,,74551,26,,,0,70,,74552,26,,,0,30,,74521,26,,,0,70,,74525,26,,,0,30,,74548,26,,,0,69,,74549,26,,,0,31,,74535,26,,,0,70,,74517,26,,,0,30,,74529,26,,,0,70,,74537,26,,,0,28,,74531,26,,,0,70,,74523,26,,,0,30,,74544,26,,,0,70,,74543,26,,,0,30,,74522,26,,,0,70,,74545,26,,,0,28,,74530,26,,,0,70,,74532,26,,,0,30,,74518,26,,,0,70,,74533,26,,,0,30,,74519,26,,,0,70,,74520,26,,,0,28,,74534,26,,,0,70,,74536,26,,,0
666000,'101_merged_15291802',1552,,74674,43,,,0,66,,74676,40,,,0
666000,'1_merged_15291795',616,,74688,40,,,0,37,,74681,40,,,0,81,,74692,40,,,0,75,,74679,40,,,0,33,,74686,40,,,0,71,,74677,40,,,0,730,,74707,40,,,0,72,,74705,40,,,0,27,,74703,40,,,0,73,,74701,40,,,0,25,,74699,40,,,0,67,,74698,40,,,0
666001,'101_merged_15291802',837,,74792,3,0,55 56 57,0,678,,74793,3,0,55 56 57,0
666001,'1_merged_15291795',522,,74826,3,,,0,35,,74824,3,,,0,73,,74822,3,,,0,72,,74820,3,,,0,28,,74818,3,,,0,75,,74828,3,,,0,121,,74815,3,,,0,30,,74814,3,,,0,69,,74813,3,,,0,30,,74812,3,,,0,70,,74811,3,,,0,75,,74810,3,,,0,30,,74809,3,,,0,70,,74808,3,,,0,29,,74807,3,,,0,30,,74806,3,,,0,65,,74805,3,,,0,14,,74840,3,,,0,107,,74804,3,,,0,70,,74803,3,,,0,29,,74801,3,,,0,68,,74799,3,,,0,31,,74797,3,,,0,70,,74795,3,,,0,21,,74839,3,,,0,24,,74833,3,,,0,56,,74838,3,,,0,30,,74837,3,,,0,69,,74794,3,,,0,29,,74827,3,,,0,100,,74836,3,,,0,99,,74835,3,,,0,108,,74832,3,,,0
666001,'2_merged_15291797',630,,74841,3,,,0,97,,74842,3,,,0,30,,74843,3,,,0,70,,74844,3,,,0,30,,74845,3,,,0,71,,74846,3,,,0,30,,74847,3,,,0,70,,74848,3,,,0,30,,74849,3,,,0,60,,74850,3,,,0,20,,74872,3,,,0,20,,74851,3,,,0,60,,74852,3,,,0,20,,74873,3,,,0,20,,74853,3,,,0,60,,74854,3,,,0,20,,74874,3,,,0,20,,74855,3,,,0,60,,74856,3,,,0,20,,74875,3,,,0,20,,74857,3,,,0,60,,74858,3,,,0,20,,74876,3,,,0,20,,74859,3,,,0,60,,74860,3,,,0,20,,74877,3,,,0,20,,74861,3,,,0,60,,74862,3,,,0,20,,74878,3,,,0,20,,74863,3,,,0,70,,74864,3,,,0,30,,74865,3,,,0,70,,74866,3,,,0,29,,74867,3,,,0,71,,74879,3,,,0,29,,74868,3,,,0,100,,74869,3,,,0,100,,74870,3,,,0,100,,74871,3,,,0
666001,'3_merged_15291796',702,,74887,3,,,0,100,,74888,3,,,0,30,,74889,3,,,0,70,,74890,3,,,0,30,,74886,3,,,0,71,,74891,3,,,0,30,,74893,3,,,0,70,,74894,3,,,0,30,,74895,3,,,0,70,,74896,3,,,0,30,,74897,3,,,0,70,,74898,3,,,0,30,,74899,3,,,0,70,,74900,3,,,0,30,,74901,3,,,0,70,,74902,3,,,0,30,,74903,3,,,0,70,,74904,3,,,0,30,,74905,3,,,0,70,,74906,3,,,0,30,,74907,3,,,0,70,,74908,3,,,0,30,,74880,3,,,0,70,,74892,3,,,0,29,,74881,3,,,0,70,,74882,3,,,0,31,,74910,3,,,0,69,,74883,3,,,0,100,,74885,3,,,0,57,,74909,3,,,0,141,,74884,3,,,0
666101,'1_merged_15291795',517,,75057,3,,,0,13,,75058,3,,,0,17,,75027,3,,,0,55,,75028,3,,,0,15,,75029,3,,,0,15,,75030,3,,,0,15,,75031,3,,,0,53,,75032,3,,,0,17,,75033,3,,,0,15,,75034,3,,,0,13,,75035,3,,,0,14,,75036,3,,,0,59,,75037,3,,,0,14,,75038,3,,,0,16,,75039,3,,,0,54,,75040,3,,,0,20,,75041,3,,,0,20,,75042,3,,,0,70,,75043,3,,,0,30,,75044,3,,,0,70,,75045,3,,,0,30,,75046,3,,,0,69,,75047,3,,,0,30,,75048,3,,,0,70,,75049,3,,,0,31,,75050,3,,,0,68,,75051,3,,,0,30,,75052,3,,,0,65,,75053,3,,,0,13,,75054,3,,,0,15,,75075,3,,,0,15,,75055,3,,,0,58,,75056,3,,,0,13,,75059,3,,,0,15,,75060,3,,,0,13,,75077,3,,,0,56,,75061,3,,,0,15,,75062,3,,,0,13,,75063,3,,,0,12,,75064,3,,,0,57,,75065,3,,,0,18,,75066,3,,,0,25,,75067,3,,,0,64,,75068,3,,,0,30,,75069,3,,,0,68,,75070,3,,,0,31,,75071,3,,,0,73,,75072,3,,,0,23,,75073,3,,,0,74,,75074,3,,,0,100,,75076,3,,,0
666101,'2_merged_15291797',532,,75090,3,,,0,70,,75089,3,,,0,30,,75084,3,,,0,70,,75088,3,,,0,30,,75107,3,,,0,70,,75082,3,,,0,30,,75081,3,,,0,70,,75080,3,,,0,30,,75108,3,,,0,70,,75079,3,,,0,30,,75086,3,,,0,70,,75085,3,,,0,30,,75087,3,,,0,70,,75092,3,,,0,30,,75083,3,,,0,70,,75104,3,,,0,30,,75103,3,,,0,70,,75102,3,,,0,30,,75101,3,,,0,70,,75100,3,,,0,30,,75099,3,,,0,70,,75106,3,,,0,30,,75078,3,,,0,70,,75098,3,,,0,30,,75097,3,,,0,70,,75096,3,,,0,30,,75095,3,,,0,70,,75094,3,,,0,30,,75109,3,,,0,75,,75093,3,,,0,30,,75110,3,,,0,70,,75105,3,,,0,30,,75111,3,,,0,70,,75091,3,,,0,100,,75112,3,,,0
666101,'3_merged_15291796',702,,75130,3,,,0,30,,75117,3,,,0,70,,75131,3,,,0,30,,75118,3,,,0,70,,75132,3,,,0,30,,75119,3,,,0,70,,75129,3,,,0,30,,75120,3,,,0,70,,75133,3,,,0,30,,75121,3,,,0,70,,75113,3,,,0,30,,75122,3,,,0,70,,75114,3,,,0,30,,75123,3,,,0,70,,75134,3,,,0,30,,75124,3,,,0,70,,75135,3,,,0,30,,75125,3,,,0,70,,75136,3,,,0,30,,75126,3,,,0,70,,75137,3,,,0,30,,75127,3,,,0,70,,75138,3,,,0,30,,75128,3,,,0,70,,75139,3,,,0,30,,75141,3,,,0,70,,75140,3,,,0,33,,75142,3,,,0,67,,75115,3,,,0,100,,75116,3,,,0,100,,75143,3,,,0
666800,'1_merged_15291795',605,,76694,17,,,0,30,,76726,17,,,0,71,,76695,17,,,0,32,,76727,17,,,0,72,,76696,17,,,0,33,,76728,17,,,0,70,,76697,17,,,0,30,,76729,17,,,0,66,,76698,17,,,0,30,,76730,17,,,0,69,,76699,17,,,0,30,,76731,17,,,0,70,,76700,17,,,0,32,,76732,17,,,0,70,,76701,17,,,0,31,,76704,17,,,0,71,,76702,17,,,0,30,,76705,17,,,0,70,,76703,17,,,0,30,,76706,17,,,0,81,,76715,17,,,0,25,,76707,17,,,0,66,,76716,17,,,0,30,,76708,17,,,0,68,,76717,17,,,0,27,,76709,17,,,0,19,,76718,17,,,0,64,,76710,17,,,0,29,,76719,17,,,0,70,,76711,17,,,0,30,,76720,17,,,0,70,,76712,17,,,0,30,,76721,17,,,0,68,,76713,17,,,0,30,,76722,17,,,0,68,,76714,17,,,0,100,,76723,17,,,0,100,,76724,17,,,0,100,,76725,17,,,0
666800,'2_merged_15291797',608,,76733,17,,,0,36,,76734,17,,,0,66,,76735,17,,,0,30,,76736,17,,,0,70,,76737,17,,,0,30,,76738,17,,,0,72,,76739,17,,,0,31,,76740,17,,,0,70,,76741,17,,,0,32,,76742,17,,,0,70,,76743,17,,,0,30,,76744,17,,,0,71,,76745,17,,,0,30,,76746,17,,,0,71,,76747,17,,,0,30,,76748,17,,,0,70,,76749,17,,,0,30,,76750,17,,,0,70,,76751,17,,,0,30,,76752,17,,,0,69,,76753,17,,,0,30,,76754,17,,,0,70,,76755,17,,,0,29,,76756,17,,,0,70,,76757,17,,,0,28,,76758,17,,,0,70,,76759,17,,,0,28,,76760,17,,,0,70,,76761,17,,,0,30,,76762,17,,,0,70,,76763,17,,,0,29,,76764,17,,,0,70,,76765,17,,,0,34,,76766,17,,,0,75,,76767,17,,,0,30,,76768,17,,,0,69,,76769,17,,,0,30,,76770,17,,,0,70,,76771,17,,,0,30,,76772,17,,,0,70,,76773,17,,,0
666800,'3_merged_15291796',611,,76775,17,,,0,30,,76776,17,,,0,71,,76809,17,,,0,30,,76810,17,,,0,72,,76777,17,,,0,31,,76778,17,,,0,70,,76779,17,,,0,32,,76780,17,,,0,70,,76781,17,,,0,30,,76782,17,,,0,72,,76783,17,,,0,30,,76784,17,,,0,70,,76785,17,,,0,30,,76786,17,,,0,70,,76787,17,,,0,31,,76788,17,,,0,70,,76789,17,,,0,30,,76790,17,,,0,71,,76791,17,,,0,30,,76792,17,,,0,69,,76793,17,,,0,30,,76794,17,,,0,70,,76795,17,,,0,30,,76796,17,,,0,67,,76797,17,,,0,30,,76798,17,,,0,70,,76799,17,,,0,30,,76800,17,,,0,69,,76801,17,,,0,30,,76802,17,,,0,69,,76803,17,,,0,31,,76804,17,,,0,65,,76805,17,,,0,33,,76806,17,,,0,69,,76807,17,,,0,27,,76808,17,,,0,73,,76774,17,,,0
3003901,'101_merged_15291802',1553,,101915,31,,,0
3003901,'1_merged_15291795',534,,101948,31,,,0,24,,101937,31,,,0,47,,101949,31,,,0,23,,101947,31,,,0,10,,101950,31,,,0,20,,101946,31,,,0,50,,101951,31,,,0,20,,101945,31,,,0,11,,101952,31,,,0,20,,101944,31,,,0,50,,101953,31,,,0,23,,101938,31,,,0,17,,101954,31,,,0,68,,101955,31,,,0,30,,101956,31,,,0,66,,101957,31,,,0,31,,101958,31,,,0,74,,101959,31,,,0,28,,101960,31,,,0,71,,101961,31,,,0,28,,101916,31,,,0,71,,101917,31,,,0,29,,101918,31,,,0,75,,101919,31,,,0,30,,101920,31,,,0,77,,101921,31,,,0,28,,101922,31,,,0,70,,101923,31,,,0,30,,101924,31,,,0,71,,101925,31,,,0,12,,101943,31,,,0,17,,101926,31,,,0,49,,101942,31,,,0,19,,101927,31,,,0,9,,101941,31,,,0,68,,101928,31,,,0,9,,101940,31,,,0,10,,101929,31,,,0,25,,101930,31,,,0,10,,101939,31,,,0,59,,101931,31,,,0,34,,101932,31,,,0,96,,101933,31,,,0,100,,101934,31,,,0,98,,101935,31,,,0,98,,101936,31,,,0
3003901,'2_merged_15291797',639,,101976,31,,,0,71,,101965,31,,,0,30,,101977,31,,,0,71,,101962,31,,,0,30,,101978,31,,,0,73,,101963,31,,,0,31,,101979,31,,,0,69,,101966,31,,,0,33,,101980,31,,,0,70,,101967,31,,,0,30,,101981,31,,,0,70,,101968,31,,,0,30,,101982,31,,,0,70,,101969,31,,,0,31,,101983,31,,,0,70,,101970,31,,,0,30,,101984,31,,,0,69,,101971,31,,,0,30,,101985,31,,,0,70,,101972,31,,,0,28,,101986,31,,,0,70,,101973,31,,,0,30,,101987,31,,,0,70,,101974,31,,,0,30,,101990,31,,,0,69,,101975,31,,,0,28,,101988,31,,,0,99,,101989,31,,,0,100,,101991,31,,,0,100,,101992,31,,,0,100,,101993,31,,,0,100,,101964,31,,,0
3003901,'3_merged_15291796',638,,101995,31,,,0,100,,101996,31,,,0,102,,101997,31,,,0,101,,101998,31,,,0,104,,101999,31,,,0,100,,102000,31,,,0,71,,102013,31,,,0,30,,102001,31,,,0,70,,102014,31,,,0,30,,102002,31,,,0,70,,102015,31,,,0,30,,102003,31,,,0,70,,102016,31,,,0,30,,102004,31,,,0,68,,102017,31,,,0,33,,102005,31,,,0,67,,102018,31,,,0,30,,102006,31,,,0,70,,102019,31,,,0,30,,102007,31,,,0,101,,102008,31,,,0,99,,102009,31,,,0,96,,102010,31,,,0,99,,102011,31,,,0,99,,102012,31,,,0,100,,101994,31,,,0
3004001,'101_merged_15291802',803,,102125,37,,,0
3004001,'1_merged_15291795',535,,102138,37,,,0,21,,102153,37,,,0,49,,102139,37,,,0,24,,102152,37,,,0,10,,102140,37,,,0,20,,102151,37,,,0,49,,102141,37,,,0,18,,102150,37,,,0,11,,102155,37,,,0,70,,102156,37,,,0,24,,102142,37,,,0,20,,102157,37,,,0,81,,102158,37,,,0,68,,102159,37,,,0,30,,102160,37,,,0,70,,102161,37,,,0,28,,102162,37,,,0,73,,102163,37,,,0,34,,102164,37,,,0,70,,102165,37,,,0,30,,102148,37,,,0,68,,102149,37,,,0,33,,102166,37,,,0,76,,102167,37,,,0,29,,102154,37,,,0,67,,102168,37,,,0,29,,102169,37,,,0,72,,102170,37,,,0,18,,102126,37,,,0,10,,102147,37,,,0,17,,102127,37,,,0,51,,102146,37,,,0,19,,102128,37,,,0,8,,102145,37,,,0,69,,102129,37,,,0,6,,102144,37,,,0,12,,102130,37,,,0,24,,102131,37,,,0,12,,102143,37,,,0,58,,102132,37,,,0,93,,102133,37,,,0,104,,102134,37,,,0,101,,102135,37,,,0,96,,102136,37,,,0,100,,102137,37,,,0
3004001,'2_merged_15291797',725,,102178,37,,,0,30,,102196,37,,,0,71,,102179,37,,,0,31,,102197,37,,,0,72,,102180,37,,,0,73,,102200,37,,,0,29,,102181,37,,,0,70,,102171,37,,,0,33,,102182,37,,,0,68,,102172,37,,,0,30,,102183,37,,,0,70,,102173,37,,,0,30,,102184,37,,,0,70,,102174,37,,,0,30,,102185,37,,,0,70,,102198,37,,,0,30,,102186,37,,,0,70,,102199,37,,,0,30,,102187,37,,,0,69,,102175,37,,,0,29,,102188,37,,,0,70,,102176,37,,,0,30,,102189,37,,,0,70,,102177,37,,,0,30,,102190,37,,,0,86,,102191,37,,,0,96,,102192,37,,,0,100,,102193,37,,,0,98,,102194,37,,,0,102,,102195,37,,,0
3004001,'3_merged_15291796',725,,102202,37,,,0,104,,102203,37,,,0,100,,102204,37,,,0,100,,102205,37,,,0,71,,102219,37,,,0,30,,102206,37,,,0,70,,102220,37,,,0,30,,102207,37,,,0,70,,102221,37,,,0,31,,102208,37,,,0,71,,102222,37,,,0,30,,102209,37,,,0,70,,102223,37,,,0,29,,102210,37,,,0,70,,102224,37,,,0,31,,102211,37,,,0,70,,102225,37,,,0,29,,102212,37,,,0,70,,102226,37,,,0,28,,102213,37,,,0,30,,102227,37,,,0,60,,102215,37,,,0,100,,102201,37,,,0,98,,102214,37,,,0,100,,102216,37,,,0,100,,102217,37,,,0,98,,102218,37,,,0
3004101,'1_merged_15291795',632,,102251,17,,,0,15,,102263,17,,,0,55,,102252,17,,,0,16,,102264,17,,,0,15,,102262,17,,,0,15,,102265,17,,,0,55,,102253,17,,,0,15,,102266,17,,,0,15,,102254,17,,,0,14,,102267,17,,,0,56,,102255,17,,,0,630,,102256,17,,,0,15,,102268,17,,,0,55,,102257,17,,,0,15,,102269,17,,,0,21,,102258,17,,,0,17,,102270,17,,,0,46,,102273,17,,,0,10,,102259,17,,,0,10,,102271,17,,,0,16,,102260,17,,,0,80,,102261,17,,,0,87,,102272,17,,,0
