661401,'152301_merged_15288069',2111,,58094,5,,,0,21,,58085,5,,,0,20,,58086,5,,,0,59,,58087,5,,,0,19,,58088,5,,,0,20,,58089,5,,,0,60,,58090,5,,,0,20,,58091,5,,,0,21,,58092,5,,,0,64,,58093,5,,,0
661401,'2_merged_15288065',2109,,58218,5,,,0,20,,58173,5,,,0,20,,58171,5,,,0,61,,58172,5,,,0,20,,58200,5,,,0,20,,58197,5,,,0,60,,58184,5,,,0,20,,58193,5,,,0,20,,58189,5,,,0,62,,58191,5,,,0
661401,'3_merged_15288064',2103,,58243,5,,,0,20,,58237,5,,,0,20,,58272,5,,,0,64,,58273,5,,,0,22,,58248,5,,,0,20,,58233,5,,,0,60,,58249,5,,,0,19,,58250,5,,,0,21,,58235,5,,,0,64,,58236,5,,,0
661701,'152201_merged_15288067',2505,,59824,34,,,0
661701,'152301_merged_15288069',2102,,59825,33,,,0,20,,59826,33,,,0,20,,59827,33,,,0,58,,59828,33,,,0,19,,59829,33,,,0,20,,59830,33,,,0,20,,59831,33,,,0,60,,59832,32,,,0,20,,59833,32,,,0,61,,59834,32,,,0,20,,59835,32,,,0,15,,59836,34,,,0,70,,59837,34,,,0
661701,'2_merged_15288065',2059,,59960,33,,,0,60,,59961,33,,,0,20,,59962,33,,,0,20,,59963,33,,,0,60,,59964,33,,,0,20,,59965,33,,,0,20,,59966,33,,,0,60,,59967,32,,,0,20,,59968,32,,,0,61,,59969,32,,,0,20,,59970,32,,,0,20,,59971,34,,,0,69,,59972,34,,,0
661701,'3_merged_15288064',2057,,60023,33,,,0,60,,60024,33,,,0,20,,60025,33,,,0,21,,60026,33,,,0,60,,60027,33,,,0,20,,60028,33,,,0,19,,60029,33,,,0,60,,60030,32,,,0,19,,60031,32,,,0,20,,60032,32,,,0,62,,60033,32,,,0,20,,60034,34,,,0,70,,60035,34,,,0
662001,'152301_merged_15288069',2102,,61476,4,,,0,16,,61477,4,,,0,15,,61478,4,,,0,15,,61479,4,,,0,55,,61480,4,,,0,20,,61481,4,,,0,20,,61482,4,,,0,59,,61483,4,,,0,20,,61484,4,,,0,20,,61485,4,,,0,70,,61486,4,,,0,30,,61487,4,,,0,70,,61488,4,0,18 17,0,30,,61489,4,0,18 17,0
662001,'2_merged_15288065',2102,,61623,4,,,0,19,,61624,4,,,0,20,,61625,4,,,0,60,,61626,4,,,0,20,,61627,4,,,0,20,,61628,4,,,0,60,,61629,4,,,0,22,,61630,4,,,0,20,,61631,4,,,0,69,,61632,4,,,0,30,,61633,4,,,0,70,,61634,4,0,18 17,0,30,,61635,4,0,18 17,0
662001,'3_merged_15288064',2112,,61695,4,,,0,20,,61696,4,,,0,20,,61697,4,,,0,60,,61698,4,,,0,20,,61699,4,,,0,20,,61700,4,,,0,60,,61701,4,,,0,20,,61702,4,,,0,20,,61703,4,,,0,60,,61704,4,,,0,30,,61705,4,,,0,70,,61706,4,0,18 17,0,30,,61707,4,0,18 17,0
662201,'152301_merged_15288069',2111,,62418,43,,,0,16,,62419,43,,,0,16,,62420,43,,,0,60,,62421,43,,,0,20,,62422,43,,,0,20,,62423,43,,,0,60,,62424,43,,,0,21,,62425,43,,,0,19,,62426,43,,,0,70,,62427,43,,,0,29,,62428,43,,,0,70,,62429,43,,,0,30,,62430,43,,,0
662201,'2_merged_15288065',2115,,62531,43,,,0,15,,62591,43,,,0,17,,62522,43,,,0,60,,62518,43,,,0,20,,62576,43,,,0,19,,62586,43,,,0,61,,62590,43,,,0,22,,62574,43,,,0,19,,62587,43,,,0,66,,62517,43,,,0,30,,62580,43,,,0,70,,62584,43,,,0,28,,62589,43,,,0
662201,'3_merged_15288064',2103,,62662,43,,,0,20,,62663,43,,,0,19,,62664,43,,,0,60,,62665,43,,,0,20,,62666,43,,,0,20,,62667,43,,,0,60,,62668,43,,,0,20,,62669,43,,,0,18,,62670,43,,,0,69,,62671,43,,,0,32,,62672,43,,,0,70,,62673,43,,,0,30,,62674,48,,,0
663701,'152301_merged_15288069',2057,,68143,8,,,0,62,,68144,8,,,0,23,,68145,8,,,0,60,,68146,8,,,0,20,,68147,8,,,0,22,,68149,8,,,0,58,,68150,8,,,0,25,,68148,8,,,0,22,,68151,8,,,0,62,,68152,8,,,0,34,,68153,8,,,0,65,,68154,8,,,0,28,,68155,8,,,0
663701,'2_merged_15288065',2106,,68272,8,,,0,19,,68273,8,,,0,20,,68274,8,,,0,60,,68275,8,,,0,23,,68276,8,,,0,21,,68277,8,,,0,70,,68278,8,,,0,29,,68279,8,,,0,68,,68280,8,,,0,31,,68281,8,,,0,70,,68282,8,,,0,28,,68283,8,,,0
663701,'3_merged_15288064',2122,,68343,8,,,0,22,,68344,8,,,0,61,,68345,8,,,0,20,,68346,8,,,0,21,,68347,8,,,0,70,,68348,8,,,0,30,,68349,8,,,0,70,,68350,8,,,0,30,,68351,8,,,0,71,,68352,8,,,0,26,,68353,8,,,0
683001,'1_merged_15288063',2612,,95446,3,,,0,31,,95447,3,,,0,70,,95448,3,,,0,30,,95449,3,,,0,70,,95450,3,,,0,29,,95451,3,,,0
683001,'2_merged_15288065',2613,,95457,3,,,0,34,,95453,3,,,0,70,,95452,3,,,0,30,,95456,3,,,0,72,,95455,3,,,0,34,,95454,3,,,0
683001,'3_merged_15288064',2612,,95459,3,,,0,30,,95458,3,,,0,70,,95463,3,,,0,30,,95462,3,,,0,70,,95461,3,,,0,40,,95460,3,,,0
683301,'1_merged_15288063',2612,,95492,3,,,0,14,,95495,3,,,0,19,,95493,3,,,0,72,,95494,3,,,0
683301,'2_merged_15288065',2616,,95498,3,,,0,13,,95499,3,,,0,20,,95497,3,,,0,61,,95496,3,,,0
683301,'3_merged_15288064',2613,,95502,3,,,0,30,,95501,3,,,0,70,,95500,3,,,0
684100,'1_merged_15288063',452,,95751,3,,,0,70,,95752,3,,,0,9,,95759,3,,,0,2006,,95760,3,,,0,70,,95754,3,,,0,20,,95756,3,,,0,20,,95753,3,,,0,62,,95755,3,,,0,30,,95757,3,,,0,75,,95758,3,,,0
684100,'2_merged_15288065',450,,95763,3,,,0,69,,95770,3,,,0,31,,95771,3,,,0,74,,95772,3,,,0,30,,95768,3,,,0,1883,,95774,3,,,0,74,,95765,3,,,0,17,,95769,3,,,0,20,,95773,3,,,0,60,,95766,3,,,0,30,,95767,3,,,0,80,,95775,3,,,0
684100,'3_merged_15288064',447,,95786,3,,,0,71,,95787,3,,,0,30,,95788,3,,,0,71,,95789,3,,,0,16,,95790,3,,,0,14,,95782,3,,,0,56,,95791,3,,,0,13,,95783,3,,,0,1789,,95776,3,,,0,30,,95777,3,,,0,72,,95780,3,,,0,30,,95779,3,,,0,70,,95778,3,,,0,35,,95781,3,,,0,75,,95785,3,,,0
1671801,'152301_merged_15288069',2104,,98516,5,,,0,16,,98517,5,,,0,16,,98518,5,,,0,15,,98519,5,,,0,55,,98520,5,,,0,15,,98521,5,,,0,20,,98522,5,,,0,61,,98523,5,,,0,18,,98524,5,,,0,20,,98513,5,,,0,70,,98508,5,,,0,15,,98515,5,,,0,15,,98509,5,,,0,15,,98514,5,,,0,54,,98510,5,,,0,30,,98511,5,,,0,5,,98512,5,,,0
1671801,'2_merged_15288065',2104,,98678,5,,,0,14,,98679,5,,,0,15,,98680,5,,,0,15,,98681,5,,,0,55,,98682,5,,,0,21,,98683,5,,,0,20,,98684,5,,,0,60,,98595,5,,,0,20,,98596,5,,,0,21,,98597,5,,,0,64,,98598,5,,,0,30,,98599,5,,,0,70,,98600,5,,,0,29,,98603,5,,,0,11,,98604,5,,,0
1671801,'3_merged_15288064',2122,,98730,5,,,0,15,,98731,5,,,0,15,,98732,5,,,0,55,,98740,5,,,0,17,,98733,5,,,0,20,,98734,5,,,0,60,,98699,5,,,0,19,,98700,5,,,0,21,,98701,5,,,0,64,,98735,5,,,0,30,,98736,5,,,0,70,,98737,5,,,0,30,,98738,5,,,0,8,,98743,5,,,0
