669901,'1_merged_15524980',1545,,141550,10,,,0,56,,141551,10,,,0,20,,141558,10,,,0,23,,141552,10,,,0,70,,141553,10,,,0,13,,141554,10,,,0,31,,141555,10,,,0,61,,141556,10,,,0,25,,141557,10,,,0,14,,141547,10,,,0,53,,141548,10,,,0,30,,141549,10,,,0
671300,'1_merged_15524980',508,,145554,9,,,0,15,,145553,9,,,0,15,,145552,9,,,0,14,,145551,9,,,0,55,,145547,9,,,0,15,,145550,9,,,0,15,,145505,9,,,0,17,,145543,9,,,0,56,,145506,9,,,0,15,,145542,9,,,0,16,,145507,9,,,0,15,,145544,9,,,0,55,,145508,9,,,0,15,,145509,9,,,0,15,,145545,9,,,0,60,,145510,9,,,0,20,,145546,9,,,0,25,,145528,9,,,0,70,,145529,9,,,0,30,,145530,9,,,0,69,,145531,9,,,0,30,,145532,9,,,0,71,,145533,9,,,0,30,,145535,9,,,0,70,,145536,9,,,0,31,,145538,9,,,0,71,,145539,9,,,0,27,,145540,9,,,0,58,,145549,9,,,0,17,,145541,9,,,0,15,,145548,9,,,0,15,,145498,9,,,0,55,,145527,9,,,0,17,,145511,9,,,0,17,,145534,9,,,0,15,,145512,9,,,0,55,,145513,9,,,0,15,,145514,9,,,0,14,,145515,9,,,0,14,,145516,9,,,0,53,,145517,9,,,0,14,,145518,9,,,0,11,,145519,9,,,0,18,,145499,9,,,0,9,,145520,9,,,0,55,,145500,9,,,0,14,,145521,9,,,0,15,,145501,9,,,0,15,,145522,9,,,0,54,,145555,9,,,0,16,,145502,9,,,0,20,,145556,9,,,0,60,,145503,9,,,0,19,,145537,9,,,0,20,,145557,9,,,0,60,,145523,9,,,0,20,,145504,9,,,0,20,,145558,9,,,0,58,,145524,9,,,0,21,,145559,9,,,0,31,,145525,9,,,0,72,,145560,9,,,0,30,,145526,9,,,0
671300,'2_merged_15524982',529,,145604,9,,,0,21,,145603,9,,,0,60,,145601,9,,,0,20,,145580,9,,,0,21,,145577,9,,,0,61,,145581,9,,,0,20,,145564,9,,,0,21,,145576,9,,,0,63,,145563,9,,,0,21,,145571,9,,,0,21,,145575,9,,,0,63,,145570,9,,,0,21,,145579,9,,,0,68,,145569,9,,,0,28,,145561,9,,,0,70,,145568,9,,,0,32,,145578,9,,,0,70,,145598,9,,,0,30,,145597,9,,,0,71,,145596,9,,,0,30,,145595,9,,,0,70,,145594,9,,,0,30,,145593,9,,,0,70,,145602,9,,,0,30,,145592,9,,,0,62,,145591,9,,,0,20,,145590,9,,,0,21,,145574,9,,,0,60,,145589,9,,,0,20,,145588,9,,,0,20,,145573,9,,,0,60,,145587,9,,,0,20,,145586,9,,,0,29,,145572,9,,,0,70,,145585,9,,,0,31,,145584,9,,,0,70,,145567,9,,,0,30,,145566,9,,,0,70,,145582,9,,,0,30,,145565,9,,,0,70,,145583,9,,,0,29,,145562,9,,,0,147,,145600,9,,,0,105,,145599,9,,,0
671300,'3_merged_15524981',534,,145640,9,,,0,70,,145639,9,,,0,27,,145610,9,,,0,20,,145643,9,,,0,60,,145609,9,,,0,20,,145614,9,,,0,20,,145641,9,,,0,60,,145615,9,,,0,20,,145616,9,,,0,20,,145642,9,,,0,61,,145617,9,,,0,26,,145611,9,,,0,72,,145618,9,,,0,30,,145612,9,,,0,70,,145619,9,,,0,30,,145613,9,,,0,72,,145625,9,,,0,30,,145626,9,,,0,70,,145627,9,,,0,29,,145628,9,,,0,70,,145629,9,,,0,30,,145630,9,,,0,72,,145631,9,,,0,30,,145632,9,,,0,70,,145633,9,,,0,30,,145644,9,,,0,70,,145634,9,,,0,30,,145635,9,,,0,70,,145637,9,,,0,31,,145638,9,,,0,70,,145636,9,,,0,28,,145605,9,,,0,70,,145620,9,,,0,30,,145621,9,,,0,70,,145608,9,,,0,30,,145622,9,,,0,70,,145607,9,,,0,47,,145623,9,,,0,144,,145624,9,,,0,99,,145606,9,,,0
682200,'1_merged_15524980',649,,154583,29,,,0,60,,154560,29,,,0,16,,154555,30,,,0,5,,154572,29,,,0,21,,154584,29,,,0,61,,154561,29,,,0,19,,154573,29,,,0,22,,154585,29,,,0,63,,154562,29,,,0,25,,154574,29,,,0,67,,154563,29,,,0,30,,154579,29,,,0,70,,154564,29,,,0,26,,154580,29,,,0,24,,154565,29,,,0,72,,154575,29,,,0,71,,154566,29,,,0,37,,154576,29,,,0,71,,154567,29,,,0,35,,154577,29,,,0,59,,154596,29,,,0,14,,154557,24,,,0,6,,154568,29,,,0,24,,154578,29,,,0,5,,154595,29,,,0,63,,154586,29,,,0,20,,154569,29,,,0,20,,154559,29,,,0,60,,154587,29,,,0,19,,154581,29,,,0,5,,154556,30,,,0,19,,154558,29,,,0,58,,154588,29,,,0,14,,154570,29,,,0,19,,154582,29,,,0,58,,154589,29,,,0,20,,154571,29,,,0,22,,154590,29,,,0,62,,154591,29,,,0,29,,154592,29,,,0,79,,154593,29,,,0,39,,154594,29,,,0
682200,'2_merged_15524982',755,,154608,29,,,0,74,,154609,29,,,0,25,,154625,30,,,0,46,,154600,29,,,0,30,,154610,29,,,0,70,,154601,29,,,0,32,,154611,29,,,0,70,,154602,29,,,0,32,,154612,29,,,0,70,,154603,29,,,0,30,,154613,29,,,0,70,,154604,29,,,0,31,,154614,29,,,0,70,,154607,29,,,0,30,,154615,29,,,0,22,,154626,30,,,0,53,,154605,29,,,0,29,,154616,29,,,0,71,,154606,29,,,0,32,,154617,29,,,0,13,,154627,30,,,0,55,,154597,29,,,0,32,,154618,29,,,0,70,,154598,29,,,0,32,,154619,29,,,0,67,,154599,29,,,0,27,,154620,29,,,0,70,,154621,29,,,0,27,,154622,29,,,0,67,,154623,29,,,0,31,,154624,29,,,0,100,,154628,29,,,0
682200,'3_merged_15524981',819,,154640,29,,,0,38,,154629,29,,,0,0,,154656,30,,,0,70,,154641,29,,,0,32,,154634,29,,,0,71,,154642,29,,,0,71,,154635,29,,,0,31,,154643,29,,,0,71,,154636,29,,,0,30,,154644,29,,,0,70,,154637,29,,,0,30,,154645,29,,,0,70,,154638,29,,,0,30,,154646,29,,,0,23,,154657,30,,,0,48,,154639,29,,,0,30,,154647,29,,,0,70,,154630,29,,,0,31,,154648,29,,,0,10,,154658,30,,,0,62,,154631,29,,,0,30,,154649,29,,,0,71,,154632,29,,,0,28,,154650,29,,,0,69,,154633,29,,,0,31,,154651,29,,,0,68,,154652,29,,,0,29,,154653,29,,,0,69,,154654,29,,,0,29,,154655,29,,,0,98,,154659,29,,,0
1169201,'101_merged_15524987',1654,,157490,44,,,0
1169201,'1_merged_15524980',645,,157517,44,,,0,61,,157516,44,,,0,21,,157521,44,,,0,23,,157515,44,,,0,61,,157514,44,,,0,18,,157536,44,,,0,17,,157513,44,,,0,56,,157522,44,,,0,15,,157512,44,,,0,15,,157537,44,,,0,15,,157523,44,,,0,55,,157511,44,,,0,18,,157510,44,,,0,20,,157525,44,,,0,60,,157509,44,,,0,20,,157508,44,,,0,21,,157524,44,,,0,61,,157507,44,,,0,20,,157526,44,,,0,20,,157506,44,,,0,61,,157505,44,,,0,20,,157527,44,,,0,20,,157504,44,,,0,60,,157503,44,,,0,20,,157528,44,,,0,22,,157502,44,,,0,63,,157501,44,,,0,20,,157529,44,,,0,20,,157500,44,,,0,64,,157499,44,,,0,20,,157530,44,,,0,83,,157519,44,,,0,16,,157533,44,,,0,13,,157498,44,,,0,15,,157534,44,,,0,54,,157497,44,,,0,13,,157496,44,,,0,15,,157531,44,,,0,13,,157535,44,,,0,52,,157518,44,,,0,16,,157532,44,,,0,15,,157495,44,,,0,69,,157494,44,,,0,30,,157493,44,,,0,70,,157491,44,,,0,29,,157492,44,,,0,72,,157520,44,,,0,93,,157538,44,,,0,101,,157539,44,,,0,58,,157540,44,,,0
1169201,'201',1654,,157541,44,,,0
1169201,'2_merged_15524982',737,,157542,44,,,0,66,,157568,44,,,0,21,,157543,44,,,0,20,,157544,44,,,0,60,,157569,44,,,0,20,,157567,44,,,0,20,,157545,44,,,0,61,,157570,44,,,0,21,,157546,44,,,0,20,,157547,44,,,0,61,,157571,44,,,0,20,,157548,44,,,0,19,,157549,44,,,0,61,,157572,44,,,0,21,,157550,44,,,0,19,,157551,44,,,0,60,,157573,44,,,0,21,,157552,44,,,0,20,,157553,44,,,0,60,,157574,44,,,0,21,,157554,44,,,0,20,,157555,44,,,0,61,,157575,44,,,0,20,,157556,44,,,0,20,,157557,44,,,0,62,,157576,44,,,0,20,,157560,44,,,0,20,,157558,44,,,0,60,,157577,44,,,0,18,,157559,44,,,0,20,,157561,44,,,0,60,,157578,44,,,0,19,,157562,44,,,0,20,,157563,44,,,0,60,,157583,44,,,0,20,,157564,44,,,0,30,,157565,44,,,0,69,,157566,44,,,0,100,,157579,44,,,0,96,,157580,44,,,0,97,,157581,44,,,0,97,,157582,44,,,0
1169201,'3_merged_15524981',836,,157585,44,,,0,70,,157586,44,,,0,32,,157587,44,,,0,71,,157588,44,,,0,30,,157589,44,,,0,71,,157590,44,,,0,32,,157591,44,,,0,70,,157592,44,,,0,32,,157593,44,,,0,70,,157607,44,,,0,31,,157594,44,,,0,70,,157595,44,,,0,31,,157596,44,,,0,67,,157584,44,,,0,21,,157608,44,,,0,20,,157597,44,,,0,58,,157598,44,,,0,20,,157609,44,,,0,20,,157599,44,,,0,60,,157600,44,,,0,20,,157610,44,,,0,20,,157601,44,,,0,66,,157602,44,,,0,30,,157611,44,,,0,70,,157603,44,,,0,27,,157604,44,,,0,70,,157605,44,,,0,96,,157606,44,,,0,100,,157612,44,,,0,100,,157613,44,,,0,98,,157614,44,,,0
