667200,'1_merged_15288063',552,,76951,1,,,0,7,,76956,1,,,0,54,,76929,1,,,0,14,,76950,1,,,0,18,,76936,1,,,0,57,,76972,1,,,0,14,,76959,1,,,0,15,,76960,1,,,0,12,,76975,1,0,11 12,0,9,,76971,1,,,0,51,,76949,1,,,0,13,,76930,1,,,0,20,,76937,1,,,0,15,,76952,1,,,0,66,,76934,1,,,0,31,,76939,1,,,0,70,,76935,1,,,0,28,,76967,1,,,0,69,,76941,1,,,0,30,,76963,1,,,0,69,,76973,1,,,0,29,,76970,1,,,0,69,,76942,1,,,0,26,,76964,1,,,0,69,,76948,1,,,0,30,,76947,1,,,0,70,,76931,1,,,0,26,,76966,1,,,0,5,,76944,1,,,0,15,,76961,1,,,0,53,,76974,1,,,0,16,,76957,1,,,0,18,,76933,1,,,0,63,,76940,1,,,0,12,,76943,1,,,0,23,,76955,1,,,0,6,,76958,1,,,0,63,,76953,1,,,0,4,,76965,1,0,11 12,0,14,,76969,1,,,0,13,,76938,1,,,0,17,,76932,1,,,0,52,,76968,1,,,0,17,,76962,1,,,0,31,,76954,1,,,0
667200,'2_merged_15288065',652,,76997,1,,,0,70,,76983,1,,,0,28,,76995,1,,,0,71,,76981,1,,,0,29,,76993,1,,,0,70,,76989,1,,,0,30,,76986,1,,,0,69,,76990,1,,,0,30,,76976,1,,,0,69,,76998,1,,,0,30,,76999,1,,,0,69,,77000,1,,,0,27,,77001,1,,,0,70,,77002,1,,,0,29,,77003,1,,,0,59,,76979,1,,,0,20,,76996,1,,,0,21,,76978,1,,,0,58,,77004,1,,,0,21,,77005,1,,,0,22,,77006,1,,,0,62,,77007,1,,,0,19,,76980,1,,,0,22,,76977,1,,,0,59,,76982,1,,,0,21,,76991,1,,,0,18,,77010,1,,,0,61,,76987,1,,,0,18,,77009,1,,,0,32,,76992,1,,,0,71,,76988,1,,,0,74,,77008,1,,,0
667200,'3_merged_15288064',723,,77023,1,,,0,30,,77016,1,,,0,70,,77014,1,,,0,30,,77019,1,,,0,70,,77018,1,,,0,29,,77033,1,,,0,70,,77022,1,,,0,29,,77021,1,,,0,69,,77030,1,,,0,30,,77028,1,,,0,70,,77027,1,,,0,30,,77020,1,,,0,69,,77025,1,,,0,30,,77011,1,,,0,70,,77017,1,,,0,31,,77036,1,,,0,70,,77035,1,,,0,30,,77026,1,,,0,70,,77024,1,,,0,30,,77013,1,,,0,70,,77032,1,,,0,30,,77015,1,,,0,74,,77031,1,,,0,28,,77012,1,,,0,69,,77034,1,,,0,29,,77037,1,,,0
667201,'101_merged_15288070',1635,,77038,37,4,,0
667201,'1_merged_15288063',606,,77059,37,4,,0,32,,77050,37,4,,0,18,,77058,37,4,,0,55,,77045,37,4,,0,15,,77055,37,4,,0,9,,77082,37,4,,0,11,,77078,37,4,,0,11,,77074,37,4,,0,53,,77071,37,4,,0,15,,77076,37,4,,0,14,,77077,37,4,,0,15,,77073,37,4,,0,55,,77043,37,4,,0,17,,77041,37,4,,0,9,,77070,37,4,,0,11,,77040,37,4,,0,12,,77068,37,4,,0,60,,77047,37,4,,0,25,,77042,37,4,,0,70,,77044,37,4,,0,31,,77064,37,4,,0,69,,77072,37,4,,0,29,,77067,37,4,,0,69,,77054,37,4,,0,26,,77053,37,4,,0,78,,77052,37,4,,0,31,,77046,37,4,,0,68,,77051,37,4,,0,34,,77048,37,4,,0,69,,77081,37,4,,0,10,,77080,37,4,,0,29,,77079,37,4,,0,56,,77060,37,4,,0,21,,77066,37,4,,0,12,,77065,37,4,,0,60,,77069,37,4,,0,14,,77057,37,4,,0,14,,77063,37,4,,0,16,,77062,37,4,,0,51,,77061,37,4,,0,19,,77056,37,4,,0,31,,77075,37,4,,0
667201,'2_merged_15288065',641,,77088,14,4,,0,69,,77093,37,4,,0,31,,77092,37,4,,0,71,,77087,37,4,,0,30,,77090,37,4,,0,70,,77085,37,4,,0,30,,77096,37,4,,0,71,,77083,37,4,,0,30,,77100,37,4,,0,70,,77099,37,4,,0,30,,77095,37,4,,0,69,,77106,37,4,,0,33,,77094,37,4,,0,71,,77105,37,4,,0,31,,77098,37,4,,0,70,,77089,37,4,,0,19,,77104,37,4,,0,20,,77110,37,4,,0,59,,77111,37,4,,0,21,,77112,37,4,,0,20,,77086,37,4,,0,60,,77103,37,4,,0,22,,77097,37,4,,0,20,,77107,37,4,,0,60,,77108,37,4,,0,22,,77109,37,4,,0,61,,77102,37,4,,0,18,,77084,37,4,,0,18,,77113,37,4,,0,20,,77091,37,4,,0,60,,77114,37,4,,0,19,,77101,37,4,,0,17,,77115,37,4,,0
667201,'3_merged_15288064',709,,77117,14,4,,0,30,,77141,37,4,,0,71,,77140,37,4,,0,30,,77121,37,4,,0,70,,77123,37,4,,0,30,,77134,37,4,,0,70,,77124,37,4,,0,30,,77130,37,4,,0,70,,77126,37,4,,0,33,,77133,37,4,,0,69,,77128,37,4,,0,31,,77119,37,4,,0,71,,77129,37,4,,0,30,,77137,37,4,,0,69,,77127,37,4,,0,32,,77122,37,4,,0,70,,77118,37,4,,0,30,,77136,37,4,,0,70,,77135,37,4,,0,30,,77131,37,4,,0,69,,77139,37,4,,0,30,,77132,37,4,,0,69,,77120,37,4,,0,30,,77125,37,4,,0,69,,77138,37,4,,0,30,,77116,37,4,,0
667300,'101_merged_15288070',1600,,77143,1,,,0,46,,77142,1,,,0
667300,'1_merged_15288063',718,,77146,1,,,0,89,,77186,1,,,0,199,,77167,1,,,0,29,,77159,1,,,0,70,,77158,1,,,0,25,,77157,1,,,0,71,,77156,1,,,0,29,,77155,1,,,0,28,,77176,1,,,0,64,,77154,1,,,0,34,,77153,1,,,0,66,,77152,1,,,0,29,,77171,1,,,0,68,,77162,1,,,0,6,,77170,1,,,0,14,,77166,1,,,0,74,,77161,1,,,0,19,,77160,1,,,0,68,,77165,1,,,0,19,,77179,1,,,0,16,,77164,1,,,0,15,,77150,1,,,0,70,,77163,1,,,0
667300,'2_merged_15288065',1006,,77195,1,,,0,24,,77196,1,,,0,75,,77211,1,,,0,32,,77197,1,,,0,65,,77212,1,,,0,30,,77198,1,,,0,73,,77213,1,,,0,29,,77199,1,,,0,72,,77200,1,,,0,32,,77214,1,,,0,71,,77201,1,,,0,31,,77215,1,,,0,76,,77202,1,,,0,34,,77216,1,,,0,68,,77217,1,,,0,29,,77218,1,,,0
667300,'3_merged_15288064',1006,,77226,1,,,0,31,,77242,1,,,0,69,,77227,1,,,0,31,,77251,1,,,0,67,,77228,1,,,0,33,,77250,1,,,0,69,,77229,1,,,0,31,,77249,1,,,0,72,,77230,1,,,0,31,,77248,1,,,0,71,,77231,1,,,0,31,,77247,1,,,0,70,,77232,1,,,0,31,,77246,1,,,0,70,,77233,1,,,0,32,,77234,1,,,0
667301,'1_merged_15288063',713,,77272,42,4,,0,9,,77286,42,4,,0,9,,77298,42,4,,0,16,,77304,42,4,,0,54,,77292,42,4,,0,19,,77263,42,4,,0,22,,77285,42,4,,0,58,,77281,42,4,,0,28,,77302,42,4,,0,77,,77303,42,4,,0,10,,77267,42,4,,0,26,,77266,42,4,,0,62,,77265,42,4,,0,27,,77289,42,4,,0,70,,77290,42,4,,0,32,,77288,42,4,,0,68,,77279,42,4,,0,28,,77287,42,4,,0,73,,77291,42,4,,0,31,,77271,42,4,,0,72,,77276,42,4,,0,24,,77268,42,4,,0,80,,77293,42,4,,0,24,,77299,42,4,,0,26,,77284,42,4,,0,74,,77277,42,4,,0,75,,77295,42,4,,0,8,,77264,42,4,,0,24,,77300,42,4,,0
667301,'2_merged_15288065',955,,77310,42,4,,0,69,,77311,42,4,,0,76,,77312,42,4,,0,32,,77335,42,4,,0,25,,77313,42,4,,0,70,,77331,42,4,,0,78,,77314,42,4,,0,33,,77315,42,4,,0,63,,77337,42,4,,0,32,,77332,42,4,,0,71,,77316,42,4,,0,31,,77336,42,4,,0,73,,77317,42,4,,0,37,,77333,42,4,,0,66,,77318,42,4,,0,31,,77319,42,4,,0,69,,77320,42,4,,0
667301,'3_merged_15288064',955,,77358,42,4,,0,77,,77362,42,4,,0,69,,77344,42,4,,0,31,,77363,42,4,,0,27,,77345,42,4,,0,73,,77364,42,4,,0,69,,77346,42,4,,0,31,,77365,42,4,,0,72,,77347,42,4,,0,31,,77366,42,4,,0,69,,77348,42,4,,0,33,,77367,42,4,,0,70,,77349,42,4,,0,29,,77368,42,4,,0,71,,77350,42,4,,0,30,,77359,42,4,,0
667500,'1_merged_15288063',1639,,77581,1,,,0,67,,77582,1,,,0
667501,'1_merged_15288063',734,,77681,27,4,,0,24,,77683,27,4,,0,73,,77692,27,4,,0,24,,77688,27,4,,0,68,,77693,27,4,,0
1671700,'1_merged_15288063',2025,,98135,1,,,0,28,,98134,1,,,0,66,,98133,1,,,0,30,,98132,1,,,0,70,,98131,1,,,0,31,,98130,1,,,0,70,,98129,1,,,0,31,,98128,1,,,0,70,,98126,1,,,0,30,,98127,1,,,0
1671700,'2_merged_15288065',2017,,98144,1,,,0,31,,98143,1,,,0,71,,98142,1,,,0,31,,98141,1,,,0,70,,98140,1,,,0,29,,98136,1,,,0,70,,98139,1,,,0,33,,98138,1,,,0,101,,98137,1,,,0
1671700,'3_merged_15288064',2023,,98152,1,,,0,29,,98151,1,,,0,68,,98150,1,,,0,31,,98149,1,,,0,71,,98148,1,,,0,29,,98147,1,,,0,70,,98146,1,,,0,27,,98145,1,,,0,70,,98154,1,,,0,30,,98153,1,,,0
1671701,'1_merged_15288063',2020,,98157,49,4,,0,28,,98156,49,4,,0,66,,98155,49,4,,0,30,,98168,49,4,,0,70,,98167,49,4,,0,27,,98166,49,4,,0,70,,98165,48,4,,0,26,,98164,48,4,,0,74,,98163,48,4,,0,29,,98162,48,4,,0,117,,98159,25,4,,0
1671701,'2_merged_15288065',2010,,98171,49,4,,0,29,,98170,49,4,,0,69,,98169,49,4,,0,30,,98181,49,4,,0,71,,98180,49,4,,0,30,,98179,49,4,,0,72,,98178,48,4,,0,27,,98177,48,4,,0,70,,98176,48,4,,0,29,,98175,48,4,,0,169,,98172,25,4,,0
1671701,'3_merged_15288064',2012,,98183,49,4,,0,30,,98196,49,4,,0,70,,98195,49,4,,0,30,,98194,49,4,,0,70,,98193,49,4,,0,28,,98192,49,4,,0,68,,98191,48,4,,0,30,,98190,48,4,,0,70,,98189,48,4,,0,29,,98188,48,4,,0,113,,98184,25,4,,0,67,,98185,48,4,,0
