3182101,'101_merged_15524987',759,,166773,8,0,58 59,0,743,,166771,8,0,58 59,0,31,,166772,8,0,58 59,0
3182101,'1_merged_15524980',523,,166774,8,,,0,30,,166798,8,,,0,70,,166797,8,,,0,30,,166796,8,,,0,70,,166795,8,,,0,23,,166794,8,0,58 59,0,74,,166793,8,0,58 59,0,89,,166792,8,0,58 59,0,45,,166791,8,0,58 59,0,85,,166790,8,0,58 59,0,89,,166789,8,0,58 59,0,84,,166788,8,0,58 59,0,45,,166787,8,0,58 59,0,85,,166786,8,0,58 59,0,87,,166785,8,0,58 59,0,81,,166784,8,0,58 59,0,47,,166783,8,0,58 59,0,81,,166782,8,0,58 59,0,76,,166781,8,0,58 59,0,29,,166780,8,0,58 59,0,70,,166779,8,0,58 59,0,40,,166778,8,0,58 59,0,89,,166777,8,0,58 59,0,82,,166776,8,0,58 59,0,86,,166775,8,0,58 59,0
3182101,'2_merged_15524982',715,,166818,8,0,58 59,0,43,,166817,8,0,58 59,0,88,,166816,8,0,58 59,0,85,,166815,8,0,58 59,0,85,,166814,8,0,58 59,0,86,,166813,8,0,58 59,0,45,,166812,8,0,58 59,0,85,,166811,8,0,58 59,0,85,,166810,8,0,58 59,0,85,,166809,8,0,58 59,0,44,,166808,8,0,58 59,0,87,,166807,8,0,58 59,0,85,,166806,8,0,58 59,0,85,,166805,8,0,58 59,0,45,,166804,8,0,58 59,0,85,,166803,8,0,58 59,0,83,,166802,8,0,58 59,0,85,,166801,8,0,58 59,0,45,,166800,8,0,58 59,0,85,,166799,8,0,58 59,0
3182101,'3_merged_15524981',804,,166819,8,0,58 59,0,47,,166837,8,0,58 59,0,85,,166836,8,0,58 59,0,85,,166835,8,0,58 59,0,85,,166834,8,0,58 59,0,45,,166833,8,0,58 59,0,85,,166832,8,0,58 59,0,86,,166831,8,0,58 59,0,85,,166830,8,0,58 59,0,46,,166829,8,0,58 59,0,85,,166828,8,0,58 59,0,85,,166827,8,0,58 59,0,84,,166826,8,0,58 59,0,45,,166825,8,0,58 59,0,85,,166824,8,0,58 59,0,85,,166823,8,0,58 59,0,83,,166822,8,0,58 59,0,45,,166821,8,0,58 59,0,85,,166820,8,0,58 59,0
3182101,'401',1546,,166838,8,0,58 59,0
3182201,'101_merged_15524987',725,,166914,7,0,58 59,0,816,,166912,7,0,58 59,0,70,,166913,7,0,58 59,0
3182201,'1_merged_15524980',521,,166926,7,,,0,30,,166927,7,,,0,71,,166928,7,,,0,29,,166929,7,,,0,70,,166930,7,,,0,15,,166941,7,0,58 59,0,13,,166932,7,0,58 59,0,72,,166933,7,0,58 59,0,18,,166942,7,0,58 59,0,67,,166934,7,0,58 59,0,45,,166935,7,0,58 59,0,90,,166936,7,0,58 59,0,82,,166937,7,0,58 59,0,83,,166938,7,0,58 59,0,45,,166939,7,0,58 59,0,85,,166940,7,0,58 59,0,87,,166915,7,0,58 59,0,85,,166916,7,0,58 59,0,43,,166917,7,0,58 59,0,70,,166918,7,0,58 59,0,30,,166931,7,0,58 59,0,62,,166919,7,0,58 59,0,30,,166920,7,0,58 59,0,69,,166921,7,0,58 59,0,40,,166922,7,0,58 59,0,90,,166925,7,0,58 59,0,96,,166923,7,0,58 59,0,79,,166924,7,0,58 59,0
3182201,'2_merged_15524982',716,,166962,7,0,58 59,0,85,,166943,7,0,58 59,0,47,,166944,7,0,58 59,0,83,,166945,7,0,58 59,0,85,,166946,7,0,58 59,0,85,,166947,7,0,58 59,0,45,,166948,7,0,58 59,0,85,,166949,7,0,58 59,0,85,,166950,7,0,58 59,0,89,,166951,7,0,58 59,0,41,,166952,7,0,58 59,0,85,,166953,7,0,58 59,0,85,,166954,7,0,58 59,0,85,,166955,7,0,58 59,0,45,,166956,7,0,58 59,0,85,,166957,7,0,58 59,0,85,,166958,7,0,58 59,0,85,,166959,7,0,58 59,0,45,,166960,7,0,58 59,0,85,,166961,7,0,58 59,0
3182201,'3_merged_15524981',800,,166981,7,0,58 59,0,45,,166980,7,0,58 59,0,85,,166979,7,0,58 59,0,86,,166978,7,0,58 59,0,85,,166977,7,0,58 59,0,45,,166976,7,0,58 59,0,85,,166975,7,0,58 59,0,86,,166974,7,0,58 59,0,84,,166973,7,0,58 59,0,45,,166972,7,0,58 59,0,85,,166971,7,0,58 59,0,85,,166970,7,0,58 59,0,86,,166969,7,0,58 59,0,44,,166968,7,0,58 59,0,85,,166967,7,0,58 59,0,85,,166966,7,0,58 59,0,85,,166965,7,0,58 59,0,45,,166964,7,0,58 59,0,89,,166963,7,0,58 59,0
3182201,'401',1505,,166982,7,0,58 59,0
5312601,'2_merged_15524982',808,,181148,4,,,0,30,,181149,4,,,0,70,,181150,4,,,0,30,,181151,4,,,0,70,,181152,4,,,0,30,,181153,4,,,0,70,,181154,4,,,0,30,,181155,4,,,0,70,,181156,4,,,0,30,,181157,4,,,0,70,,181158,4,,,0,30,,181159,4,,,0,70,,181160,4,,,0,30,,181161,4,,,0,70,,181162,4,,,0,30,,181163,4,,,0,70,,181164,4,,,0,30,,181165,4,,,0,70,,181166,4,,,0,30,,181167,4,,,0,70,,181168,4,,,0,30,,181169,4,,,0,70,,181170,4,,,0,30,,181171,4,,,0,70,,181172,4,,,0,30,,181173,4,,,0,15,,181175,4,,,0,55,,181176,4,,,0
5312601,'3_merged_15524981',808,,181177,4,,,0,30,,181178,4,,,0,70,,181179,4,,,0,30,,181180,4,,,0,70,,181181,4,,,0,30,,181182,4,,,0,70,,181183,4,,,0,30,,181184,4,,,0,70,,181185,4,,,0,30,,181186,4,,,0,70,,181187,4,,,0,30,,181188,4,,,0,70,,181189,4,,,0,30,,181190,4,,,0,70,,181191,4,,,0,30,,181192,4,,,0,70,,181193,4,,,0,30,,181194,4,,,0,70,,181195,4,,,0,30,,181196,4,,,0,70,,181197,4,,,0,30,,181198,4,,,0,70,,181199,4,,,0,30,,181200,4,,,0,70,,181201,4,,,0,30,,181202,4,,,0,15,,181205,4,,,0,55,,181203,4,,,0
