670000,'101_merged_15524987',707,,141559,1,,,0
670000,'1_merged_15524980',520,,141572,1,,,0,15,,141581,1,,,0,15,,141596,1,,,0,55,,141606,1,,,0,15,,141565,1,,,0,15,,141597,1,,,0,15,,141583,1,,,0,70,,141605,1,,,0,19,,141576,1,,,0,20,,141574,1,,,0,60,,141591,1,,,0,20,,141607,1,,,0,20,,141563,1,,,0,60,,141566,1,,,0,27,,141584,1,,,0,70,,141594,1,,,0,30,,141564,1,,,0,70,,141560,1,,,0,30,,141592,1,,,0,70,,141586,1,,,0,30,,141593,1,,,0,70,,141578,1,,,0,30,,141562,1,,,0,70,,141598,1,,,0,30,,141604,1,,,0,60,,141573,1,,,0,20,,141590,1,,,0,20,,141588,1,,,0,60,,141585,1,,,0,20,,141571,1,,,0,20,,141570,1,,,0,60,,141569,1,,,0,20,,141568,1,,,0,30,,141575,1,,,0,70,,141595,1,,,0,30,,141587,1,,,0,70,,141577,1,,,0,30,,141599,1,,,0,70,,141580,1,,,0,30,,141600,1,,,0,70,,141579,1,,,0,30,,141601,1,,,0,70,,141567,1,,,0,30,,141602,1,,,0,70,,141582,1,,,0,32,,141603,1,,,0,76,,141561,1,,,0,76,,141589,1,,,0
670000,'201',707,,141608,1,,,0
670000,'2_merged_15524982',531,,141642,1,,,0,28,,141643,1,,,0,58,,141649,1,,,0,18,,141644,1,,,0,70,,141629,1,,,0,30,,141613,1,,,0,70,,141628,1,,,0,30,,141612,1,,,0,68,,141627,1,,,0,28,,141626,1,,,0,70,,141625,1,,,0,30,,141624,1,,,0,70,,141623,1,,,0,30,,141622,1,,,0,70,,141621,1,,,0,30,,141630,1,,,0,70,,141620,1,,,0,30,,141619,1,,,0,70,,141618,1,,,0,30,,141617,1,,,0,70,,141616,1,,,0,30,,141615,1,,,0,70,,141614,1,,,0,30,,141641,1,,,0,70,,141640,1,,,0,30,,141639,1,,,0,70,,141638,1,,,0,30,,141611,1,,,0,70,,141637,1,,,0,30,,141610,1,,,0,70,,141636,1,,,0,30,,141609,1,,,0,70,,141635,1,,,0,30,,141645,1,,,0,70,,141634,1,,,0,30,,141646,1,,,0,70,,141633,1,,,0,35,,141647,1,,,0,74,,141632,1,,,0,32,,141648,1,,,0,77,,141631,1,,,0
670000,'3_merged_15524981',730,,141681,1,,,0,70,,141664,1,,,0,30,,141677,1,,,0,70,,141668,1,,,0,30,,141660,1,,,0,70,,141665,1,,,0,30,,141661,1,,,0,70,,141654,1,,,0,30,,141666,1,,,0,70,,141657,1,,,0,30,,141658,1,,,0,70,,141659,1,,,0,30,,141667,1,,,0,70,,141656,1,,,0,30,,141676,1,,,0,70,,141670,1,,,0,30,,141671,1,,,0,70,,141675,1,,,0,30,,141672,1,,,0,70,,141673,1,,,0,30,,141663,1,,,0,70,,141669,1,,,0,30,,141650,1,,,0,70,,141651,1,,,0,30,,141678,1,,,0,70,,141652,1,,,0,30,,141679,1,,,0,70,,141655,1,,,0,30,,141680,1,,,0,70,,141653,1,,,0,57,,141674,1,,,0,152,,141662,1,,,0
670201,'1_merged_15524980',516,,142041,20,4,,0,28,,142044,20,4,,0,68,,142048,34,4,,0,30,,142033,34,4,,0,66,,142026,34,4,,0,24,,142058,34,4,,0,20,,142027,34,4,,0,60,,142055,34,4,,0,20,,142037,34,4,,0,20,,142057,34,4,,0,60,,142054,34,4,,0,20,,142056,34,4,,0,20,,142025,34,4,,0,67,,142051,34,4,,0,30,,142023,34,4,,0,70,,142024,34,4,,0,32,,142032,34,4,,0,70,,142049,34,4,,0,30,,142040,34,4,,0,70,,142045,34,4,,0,30,,142043,34,4,,0,71,,142042,34,4,,0,32,,142038,34,4,,0,73,,142039,34,4,,0,30,,142035,34,4,,0,73,,142053,34,4,,0,70,,142052,34,4,,0,30,,142036,34,4,,0,29,,142046,34,4,,0,69,,142029,34,4,,0,29,,142030,34,4,,0,67,,142050,34,4,,0,29,,142034,34,4,,0,75,,142028,34,4,,0,102,,142031,34,4,,0,101,,142047,34,4,,0
670201,'2_merged_15524982',702,,142059,34,4,,0,29,,142060,34,4,,0,71,,142061,34,4,,0,30,,142062,34,4,,0,70,,142063,34,4,,0,30,,142064,34,4,,0,71,,142065,34,4,,0,30,,142066,34,4,,0,71,,142067,34,4,,0,30,,142068,34,4,,0,71,,142069,34,4,,0,30,,142070,34,4,,0,71,,142071,34,4,,0,31,,142072,34,4,,0,70,,142073,34,4,,0,31,,142074,34,4,,0,70,,142075,34,4,,0,32,,142076,34,4,,0,70,,142077,34,4,,0,31,,142078,34,4,,0,70,,142079,34,4,,0,30,,142080,34,4,,0,68,,142081,34,4,,0,30,,142082,34,4,,0,70,,142083,34,4,,0,30,,142084,34,4,,0,69,,142085,34,4,,0,29,,142086,34,4,,0,70,,142087,34,4,,0,30,,142088,34,4,,0,80,,142089,34,4,,0,41,,142090,34,4,,0
670201,'3_merged_15524981',905,,142092,34,4,,0,102,,142094,34,4,,0,100,,142096,34,4,,0,100,,142105,34,4,,0,33,,142106,34,4,,0,70,,142104,34,4,,0,30,,142107,34,4,,0,70,,142093,34,4,,0,30,,142108,34,4,,0,71,,142100,34,4,,0,30,,142109,34,4,,0,70,,142102,34,4,,0,30,,142110,34,4,,0,71,,142095,34,4,,0,30,,142111,34,4,,0,70,,142097,34,4,,0,30,,142112,34,4,,0,70,,142091,34,4,,0,30,,142113,34,4,,0,69,,142098,34,4,,0,100,,142099,34,4,,0,100,,142103,34,4,,0,100,,142101,34,4,,0
671001,'1_merged_15524980',722,,144962,16,4,,0,28,,144964,16,4,,0,184,,144965,32,4,,0,106,,144963,32,4,,0,101,,144966,32,4,,0,100,,144967,32,4,,0,103,,144968,32,4,,0,102,,144969,32,4,,0,104,,144961,32,4,,0
671001,'2_merged_15524982',944,,144971,32,4,,0,100,,144972,32,4,,0,100,,144970,32,4,,0,100,,144978,32,4,,0,101,,144977,32,4,,0,101,,144974,32,4,,0,100,,144976,32,4,,0,100,,144975,32,4,,0,100,,144973,32,4,,0
682101,'1_merged_15524980',518,,154411,40,4,,0,23,,154356,40,4,,0,15,,154357,40,4,,0,55,,154358,40,4,,0,15,,154430,40,4,,0,17,,154359,40,4,,0,15,,154360,40,4,,0,55,,154412,40,4,,0,15,,154361,40,4,,0,16,,154362,40,4,,0,56,,154363,40,4,,0,15,,154413,40,4,,0,16,,154364,40,4,,0,15,,154365,40,4,,0,55,,154366,40,4,,0,15,,154414,40,4,,0,15,,154367,40,4,,0,14,,154368,40,4,,0,55,,154369,40,4,,0,16,,154419,40,4,,0,15,,154370,40,4,,0,15,,154371,40,4,,0,55,,154372,40,4,,0,15,,154420,40,4,,0,15,,154373,40,4,,0,15,,154374,40,4,,0,55,,154375,40,4,,0,16,,154421,40,4,,0,15,,154376,40,4,,0,15,,154377,40,4,,0,55,,154378,40,4,,0,14,,154422,40,4,,0,15,,154379,40,4,,0,15,,154380,40,4,,0,55,,154381,40,4,,0,15,,154423,40,4,,0,15,,154382,40,4,,0,15,,154383,40,4,,0,55,,154384,40,4,,0,21,,154424,40,4,,0,15,,154385,40,4,,0,15,,154386,40,4,,0,55,,154387,40,4,,0,13,,154425,40,4,,0,15,,154388,40,4,,0,15,,154389,40,4,,0,52,,154390,40,4,,0,12,,154391,40,4,,0,12,,154415,40,4,,0,12,,154392,40,4,,0,12,,154393,40,4,,0,50,,154394,40,4,,0,10,,154395,40,4,,0,10,,154431,40,4,,0,10,,154416,40,4,,0,9,,154396,40,4,,0,10,,154397,40,4,,0,10,,154398,40,4,,0,49,,154399,40,4,,0,10,,154432,40,4,,0,10,,154417,40,4,,0,8,,154400,40,4,,0,10,,154401,40,4,,0,12,,154402,40,4,,0,50,,154410,40,4,,0,12,,154418,40,4,,0,12,,154403,40,4,,0,12,,154404,40,4,,0,60,,154405,40,4,,0,20,,154406,40,4,,0,20,,154407,40,4,,0,60,,154408,40,4,,0,20,,154409,40,4,,0,30,,154426,40,4,,0,70,,154427,40,4,,0,30,,154428,40,4,,0,70,,154429,40,4,,0
682101,'2_merged_15524982',711,,154493,40,4,,0,30,,154492,40,4,,0,60,,154479,40,4,,0,20,,154433,40,4,,0,20,,154434,40,4,,0,61,,154435,40,4,,0,20,,154436,40,4,,0,21,,154437,40,4,,0,61,,154438,40,4,,0,20,,154439,40,4,,0,20,,154440,40,4,,0,60,,154441,40,4,,0,15,,154442,40,4,,0,17,,154480,40,4,,0,15,,154443,40,4,,0,55,,154444,40,4,,0,15,,154481,40,4,,0,15,,154445,40,4,,0,15,,154446,40,4,,0,55,,154447,40,4,,0,15,,154482,40,4,,0,15,,154448,40,4,,0,15,,154449,40,4,,0,55,,154450,40,4,,0,15,,154483,40,4,,0,15,,154451,40,4,,0,15,,154452,40,4,,0,55,,154453,40,4,,0,15,,154484,40,4,,0,16,,154454,40,4,,0,15,,154455,40,4,,0,55,,154456,40,4,,0,15,,154485,40,4,,0,15,,154457,40,4,,0,15,,154458,40,4,,0,55,,154459,40,4,,0,15,,154486,40,4,,0,15,,154460,40,4,,0,14,,154461,40,4,,0,50,,154494,40,4,,0,12,,154462,40,4,,0,12,,154463,40,4,,0,11,,154475,40,4,,0,12,,154464,40,4,,0,54,,154495,40,4,,0,14,,154465,40,4,,0,10,,154466,40,4,,0,11,,154476,40,4,,0,13,,154467,40,4,,0,56,,154468,40,4,,0,15,,154469,40,4,,0,14,,154477,40,4,,0,15,,154470,40,4,,0,55,,154471,40,4,,0,15,,154472,40,4,,0,15,,154478,40,4,,0,15,,154473,40,4,,0,55,,154474,40,4,,0,29,,154487,40,4,,0,70,,154488,40,4,,0,28,,154489,40,4,,0,70,,154490,40,4,,0,30,,154491,40,4,,0
682101,'3_merged_15524981',815,,154551,40,4,,0,32,,154496,40,4,,0,70,,154497,40,4,,0,26,,154498,40,4,,0,60,,154537,40,4,,0,20,,154499,40,4,,0,20,,154500,40,4,,0,60,,154501,40,4,,0,15,,154502,40,4,,0,15,,154503,40,4,,0,15,,154538,40,4,,0,56,,154504,40,4,,0,15,,154505,40,4,,0,15,,154539,40,4,,0,15,,154506,40,4,,0,55,,154507,40,4,,0,15,,154508,40,4,,0,15,,154540,40,4,,0,15,,154509,40,4,,0,55,,154510,40,4,,0,15,,154511,40,4,,0,17,,154541,40,4,,0,15,,154512,40,4,,0,55,,154513,40,4,,0,15,,154514,40,4,,0,15,,154542,40,4,,0,15,,154515,40,4,,0,55,,154516,40,4,,0,15,,154517,40,4,,0,15,,154543,40,4,,0,15,,154518,40,4,,0,55,,154519,40,4,,0,15,,154520,40,4,,0,15,,154544,40,4,,0,12,,154521,40,4,,0,52,,154552,40,4,,0,12,,154522,40,4,,0,12,,154523,40,4,,0,11,,154533,40,4,,0,12,,154524,40,4,,0,12,,154553,40,4,,0,52,,154525,40,4,,0,12,,154526,40,4,,0,12,,154534,40,4,,0,12,,154527,40,4,,0,12,,154554,40,4,,0,51,,154528,40,4,,0,12,,154529,40,4,,0,12,,154535,40,4,,0,15,,154530,40,4,,0,55,,154531,40,4,,0,15,,154532,40,4,,0,15,,154536,40,4,,0,70,,154545,40,4,,0,27,,154546,40,4,,0,70,,154547,40,4,,0,30,,154548,40,4,,0,70,,154549,40,4,,0,30,,154550,40,4,,0
