684300,'1_merged_15291795',1005,,95835,25,4,,0,104,,95834,25,4,,0,98,,95832,25,4,,0,100,,95828,25,4,,0,100,,95827,25,4,,0,100,,95836,25,4,,0,99,,95833,25,4,,0,99,,95831,25,4,,0,98,,95830,25,4,,0,99,,95829,25,4,,0,100,,95839,25,4,,0,100,,95838,25,4,,0,105,,95837,25,4,,0
684300,'2_merged_15291797',1002,,95843,25,4,,0,101,,95842,25,4,,0,101,,95841,25,4,,0,100,,95840,25,4,,0,100,,95851,25,4,,0,102,,95850,25,4,,0,100,,95849,25,4,,0,99,,95848,25,4,,0,100,,95847,25,4,,0,102,,95846,25,4,,0,100,,95845,25,4,,0,100,,95844,25,4,,0
684300,'3_merged_15291796',1003,,95862,25,4,,0,100,,95861,25,4,,0,100,,95860,25,4,,0,100,,95856,25,4,,0,100,,95859,25,4,,0,100,,95858,25,4,,0,100,,95857,25,4,,0,102,,95854,25,4,,0,98,,95852,25,4,,0,55,,95855,25,4,,0,100,,95853,25,4,,0
684301,'1_merged_15291795',935,,95875,1,,,0,102,,95874,1,,,0,98,,95873,1,,,0,100,,95872,1,,,0,100,,95871,1,,,0,100,,95870,1,,,0,101,,95869,1,,,0,100,,95868,1,,,0,99,,95867,1,,,0,100,,95866,1,,,0,100,,95865,1,,,0,100,,95864,1,,,0,105,,95863,1,,,0
684301,'2_merged_15291797',935,,95881,1,,,0,100,,95878,1,,,0,100,,95887,1,,,0,100,,95877,1,,,0,100,,95876,1,,,0,100,,95886,1,,,0,100,,95885,1,,,0,100,,95884,1,,,0,100,,95883,1,,,0,102,,95882,1,,,0,100,,95880,1,,,0,100,,95879,1,,,0
684301,'3_merged_15291796',935,,95891,1,,,0,100,,95890,1,,,0,100,,95889,1,,,0,100,,95888,1,,,0,100,,95898,1,,,0,100,,95897,1,,,0,100,,95892,1,,,0,100,,95896,1,,,0,100,,95895,1,,,0,95,,95894,1,,,0,100,,95893,1,,,0
684400,'1_merged_15291795',938,,95903,16,4,,0,100,,95902,16,4,,0,100,,95901,16,4,,0,100,,95900,16,4,,0,100,,95899,16,4,,0,100,,95911,16,4,,0,100,,95910,16,4,,0,101,,95909,16,4,,0,103,,95908,16,4,,0,96,,95907,16,4,,0,99,,95906,16,4,,0,100,,95905,16,4,,0,99,,95904,16,4,,0
684400,'2_merged_15291797',929,,95912,16,4,,0,100,,95914,16,4,,0,100,,95913,16,4,,0,100,,95924,16,4,,0,101,,95923,16,4,,0,100,,95922,16,4,,0,98,,95921,16,4,,0,101,,95920,16,4,,0,100,,95919,16,4,,0,99,,95918,16,4,,0,98,,95917,16,4,,0,105,,95916,16,4,,0,100,,95915,16,4,,0
684400,'3_merged_15291796',926,,95934,16,4,,0,101,,95931,16,4,,0,100,,95930,16,4,,0,100,,95927,16,4,,0,102,,95926,16,4,,0,100,,95925,16,4,,0,99,,95936,16,4,,0,100,,95935,16,4,,0,100,,95933,16,4,,0,100,,95929,16,4,,0,100,,95932,16,4,,0,100,,95928,16,4,,0
684401,'1_merged_15291795',915,,95948,1,,,0,100,,95947,1,,,0,100,,95946,1,,,0,100,,95945,1,,,0,100,,95944,1,,,0,100,,95943,1,,,0,100,,95942,1,,,0,100,,95941,1,,,0,103,,95940,1,,,0,97,,95939,1,,,0,100,,95949,1,,,0,100,,95938,1,,,0,100,,95937,1,,,0
684401,'2_merged_15291797',905,,95958,1,,,0,100,,95957,1,,,0,100,,95956,1,,,0,100,,95955,1,,,0,100,,95954,1,,,0,100,,95953,1,,,0,100,,95952,1,,,0,100,,95951,1,,,0,100,,95962,1,,,0,100,,95950,1,,,0,100,,95961,1,,,0,105,,95960,1,,,0,100,,95959,1,,,0
684401,'3_merged_15291796',905,,95963,1,,,0,100,,95964,1,,,0,100,,95972,1,,,0,100,,95971,1,,,0,100,,95970,1,,,0,100,,95969,1,,,0,100,,95968,1,,,0,100,,95967,1,,,0,100,,95966,1,,,0,100,,95965,1,,,0,100,,95974,1,,,0,100,,95973,1,,,0
1169600,'1_merged_15291795',530,,97635,1,,,0,70,,97636,1,,,0,30,,97637,1,,,0,70,,97638,1,,,0,30,,97639,1,,,0,70,,97640,1,,,0,31,,97641,1,,,0,70,,97642,1,,,0,29,,97661,1,,,0,70,,97643,1,,,0,30,,97662,1,,,0,70,,97644,1,,,0,30,,97663,1,,,0,70,,97645,1,,,0,30,,97664,1,,,0,70,,97646,1,,,0,30,,97665,1,,,0,70,,97647,1,,,0,30,,97666,1,,,0,70,,97648,1,,,0,30,,97667,1,,,0,70,,97649,1,,,0,30,,97650,1,,,0,70,,97651,1,,,0,30,,97652,1,,,0,70,,97653,1,,,0,30,,97654,1,,,0,70,,97655,1,,,0,30,,97668,1,,,0,20,,97656,1,,,0,80,,97669,1,,,0,70,,97657,1,,,0,30,,97670,1,,,0,70,,97658,1,,,0,30,,97671,1,,,0,70,,97659,1,,,0,30,,97672,1,,,0,70,,97660,1,,,0
1169600,'2_merged_15291797',650,,97673,1,,,0,71,,97700,1,,,0,30,,97674,1,,,0,72,,97675,1,,,0,27,,97676,1,,,0,70,,97699,1,,,0,30,,97677,1,,,0,70,,97678,1,,,0,30,,97679,1,,,0,70,,97680,1,,,0,30,,97681,1,,,0,70,,97682,1,,,0,30,,97683,1,,,0,70,,97684,1,,,0,30,,97685,1,,,0,70,,97686,1,,,0,30,,97687,1,,,0,71,,97688,1,,,0,29,,97689,1,,,0,70,,97690,1,,,0,30,,97691,1,,,0,70,,97692,1,,,0,30,,97693,1,,,0,70,,97694,1,,,0,30,,97701,1,,,0,70,,97695,1,,,0,30,,97696,1,,,0,70,,97702,1,,,0,30,,97697,1,,,0,70,,97703,1,,,0,30,,97698,1,,,0
1169600,'3_merged_15291796',725,,97727,1,,,0,30,,97704,1,,,0,70,,97705,1,,,0,30,,97728,1,,,0,70,,97706,1,,,0,30,,97707,1,,,0,65,,97708,1,,,0,30,,97709,1,,,0,70,,97710,1,,,0,30,,97711,1,,,0,70,,97712,1,,,0,30,,97713,1,,,0,70,,97714,1,,,0,30,,97715,1,,,0,70,,97716,1,,,0,30,,97717,1,,,0,70,,97718,1,,,0,30,,97719,1,,,0,70,,97720,1,,,0,30,,97721,1,,,0,70,,97722,1,,,0,30,,97723,1,,,0,70,,97729,1,,,0,30,,97724,1,,,0,70,,97730,1,,,0,30,,97725,1,,,0,70,,97731,1,,,0,30,,97726,1,,,0
1169601,'1_merged_15291795',520,,97732,40,4,,0,31,,97733,40,4,,0,70,,97734,40,4,,0,32,,97735,40,4,,0,72,,97736,40,4,,0,30,,97737,40,4,,0,71,,97738,40,4,,0,30,,97739,40,4,,0,70,,97740,40,4,,0,33,,97760,40,4,,0,70,,97741,40,4,,0,30,,97761,40,4,,0,70,,97742,40,4,,0,30,,97762,40,4,,0,69,,97743,40,4,,0,30,,97763,40,4,,0,72,,97744,40,4,,0,70,,97764,40,4,,0,30,,97745,40,4,,0,29,,97765,40,4,,0,72,,97746,40,4,,0,70,,97757,40,4,,0,30,,97747,40,4,,0,70,,97748,40,4,,0,29,,97749,40,4,,0,70,,97750,40,4,,0,27,,97751,40,4,,0,29,,97752,40,4,,0,69,,97753,40,4,,0,30,,97766,40,4,,0,69,,97754,40,4,,0,30,,97767,40,4,,0,70,,97755,40,4,,0,30,,97768,40,4,,0,70,,97756,40,4,,0,29,,97769,40,4,,0,70,,97758,40,4,,0,30,,97770,40,4,,0,70,,97759,40,4,,0
1169601,'2_merged_15291797',644,,97771,40,4,,0,72,,97772,40,4,,0,30,,97799,40,4,,0,72,,97773,40,4,,0,30,,97774,40,4,,0,72,,97800,40,4,,0,32,,97775,40,4,,0,70,,97776,40,4,,0,31,,97777,40,4,,0,69,,97778,40,4,,0,30,,97779,40,4,,0,70,,97780,40,4,,0,30,,97781,40,4,,0,71,,97782,40,4,,0,30,,97783,40,4,,0,72,,97784,40,4,,0,30,,97785,40,4,,0,72,,97786,40,4,,0,28,,97787,40,4,,0,68,,97788,40,4,,0,30,,97789,40,4,,0,70,,97790,40,4,,0,30,,97791,40,4,,0,69,,97792,40,4,,0,30,,97793,40,4,,0,70,,97794,40,4,,0,30,,97795,40,4,,0,68,,97796,40,4,,0,30,,97801,40,4,,0,70,,97797,40,4,,0,30,,97802,40,4,,0,70,,97798,40,4,,0
1169601,'3_merged_15291796',720,,97803,40,4,,0,26,,97827,40,4,,0,70,,97804,40,4,,0,34,,97805,40,4,,0,70,,97828,40,4,,0,33,,97806,40,4,,0,70,,97807,40,4,,0,30,,97808,40,4,,0,71,,97809,40,4,,0,30,,97810,40,4,,0,70,,97811,40,4,,0,30,,97812,40,4,,0,70,,97813,40,4,,0,30,,97814,40,4,,0,70,,97815,40,4,,0,30,,97816,40,4,,0,68,,97817,40,4,,0,33,,97818,40,4,,0,68,,97819,40,4,,0,31,,97820,40,4,,0,67,,97821,40,4,,0,30,,97822,40,4,,0,70,,97823,40,4,,0,30,,97824,40,4,,0,70,,97825,40,4,,0,30,,97829,40,4,,0,68,,97826,40,4,,0,30,,97830,40,4,,0,68,,97831,40,4,,0
