661401,'152301_merged_15288069',2111,,58094,4,,,0,21,,58085,4,,,0,19,,58086,4,,,0,59,,58087,4,,,0,19,,58088,4,,,0,20,,58089,4,,,0,60,,58090,4,,,0,20,,58091,4,,,0,21,,58092,4,,,0,65,2,58093,4,,,0
661401,'2_merged_15288065',2108,,58218,4,,,0,20,,58173,4,,,0,20,,58171,4,,,0,61,,58172,4,,,0,20,,58200,4,,,0,20,,58197,4,,,0,60,,58184,4,,,0,20,,58193,4,,,0,20,,58189,4,,,0,63,2,58191,4,,,0
661401,'3_merged_15288064',2102,,58243,4,,,0,20,,58237,4,,,0,20,,58272,4,,,0,64,,58273,4,,,0,22,,58248,4,,,0,20,,58233,4,,,0,60,,58249,4,,,0,19,,58250,4,,,0,21,,58235,4,,,0,65,2,58236,4,,,0
661701,'152201_merged_15288067',2505,4,59824,33,,,0
661701,'152301_merged_15288069',2101,,59825,32,,,0,20,,59826,32,,,0,20,,59827,32,,,0,18,,59828,32,,,0,59,,59829,32,,,0,20,,59830,32,,,0,20,,59831,32,,,0,60,,59832,31,,,0,20,,59833,31,,,0,21,,59834,31,,,0,60,,59835,31,,,0,16,4,59836,33,,,0,70,4,59837,33,,,0
661701,'1_merged_15288063',2534,,59898,31,4,,0
661701,'2_merged_15288065',2058,,59960,32,,,0,60,,59961,32,,,0,20,,59962,32,,,0,20,,59963,32,,,0,60,,59964,32,,,0,20,,59965,32,,,0,20,,59966,32,,,0,60,,59967,31,,,0,20,,59968,31,,,0,21,,59969,31,,,0,60,,59970,31,,,0,21,4,59971,33,,,0,69,4,59972,33,,,0,29,,59973,31,4,,0
661701,'3_merged_15288064',2056,,60023,32,,,0,60,,60024,32,,,0,20,,60025,32,,,0,21,,60026,32,,,0,60,,60027,32,,,0,20,,60028,32,,,0,19,,60029,32,,,0,60,,60030,31,,,0,19,,60031,31,,,0,20,,60032,31,,,0,62,,60033,31,,,0,21,4,60034,33,,,0,70,4,60035,33,,,0,43,,60036,31,4,,0
662001,'152301_merged_15288069',2101,,61476,3,,,0,16,,61477,3,,,0,15,,61478,3,,,0,15,,61479,3,,,0,55,,61480,3,,,0,20,,61481,3,,,0,20,,61482,3,,,0,60,,61483,3,,,0,20,,61484,3,,,0,20,,61485,3,,,0,70,3,61486,3,,,0,30,3,61487,3,,,0,70,3,61488,3,0,18 17,0,30,3,61489,3,0,18 17,0
662001,'2_merged_15288065',2101,,61623,3,,,0,19,,61624,3,,,0,20,,61625,3,,,0,60,,61626,3,,,0,20,,61627,3,,,0,20,,61628,3,,,0,60,,61629,3,,,0,22,,61630,3,,,0,20,,61631,3,,,0,70,3,61632,3,,,0,30,3,61633,3,,,0,70,3,61634,3,0,18 17,0,30,3,61635,3,0,18 17,0
662001,'3_merged_15288064',2111,,61695,3,,,0,20,,61696,3,,,0,20,,61697,3,,,0,60,,61698,3,,,0,20,,61699,3,,,0,20,,61700,3,,,0,60,,61701,3,,,0,20,,61702,3,,,0,20,,61703,3,,,0,61,3,61704,3,,,0,30,3,61705,3,,,0,70,3,61706,3,0,18 17,0,30,3,61707,3,0,18 17,0
662201,'152301_merged_15288069',2110,,62418,42,,,0,16,,62419,42,,,0,16,,62420,42,,,0,60,,62421,42,,,0,20,,62422,42,,,0,21,,62423,42,,,0,60,,62424,42,,,0,21,,62425,42,,,0,19,,62426,42,,,0,70,2,62427,42,,,0,29,2,62428,42,,,0,70,2,62429,42,,,0,30,2,62430,42,,,0
662201,'2_merged_15288065',2114,,62531,42,,,0,15,,62591,42,,,0,17,,62522,42,,,0,60,,62518,42,,,0,20,,62576,42,,,0,19,,62586,42,,,0,61,,62590,42,,,0,22,,62574,42,,,0,19,,62587,42,,,0,67,2,62517,42,,,0,30,2,62580,42,,,0,70,2,62584,42,,,0,28,2,62589,42,,,0
662201,'3_merged_15288064',2103,,62662,42,,,0,20,,62663,42,,,0,19,,62664,42,,,0,60,,62665,42,,,0,20,,62666,42,,,0,20,,62667,42,,,0,60,,62668,42,,,0,20,,62669,42,,,0,18,,62670,42,,,0,69,2,62671,42,,,0,32,2,62672,42,,,0,70,2,62673,42,,,0,30,2,62674,47,,,0
663701,'152301_merged_15288069',2056,,68143,7,,,0,62,,68144,7,,,0,23,,68145,7,,,0,60,,68146,7,,,0,20,,68147,7,,,0,22,,68149,7,,,0,58,,68150,7,,,0,25,,68148,7,,,0,23,,68151,7,,,0,62,,68152,7,,,0,34,,68153,7,,,0,65,,68154,7,,,0,28,,68155,7,,,0
663701,'2_merged_15288065',2105,,68272,7,,,0,19,,68273,7,,,0,20,,68274,7,,,0,60,,68275,7,,,0,23,,68276,7,,,0,21,,68277,7,,,0,70,,68278,7,,,0,29,,68279,7,,,0,68,,68280,7,,,0,31,,68281,7,,,0,70,,68282,7,,,0,28,,68283,7,,,0
663701,'3_merged_15288064',2122,,68343,7,,,0,21,,68344,7,,,0,61,,68345,7,,,0,20,,68346,7,,,0,21,,68347,7,,,0,70,,68348,7,,,0,30,,68349,7,,,0,70,,68350,7,,,0,30,,68351,7,,,0,71,,68352,7,,,0,26,,68353,7,,,0
1671801,'152301_merged_15288069',2104,,98516,4,,,0,16,,98517,4,,,0,16,,98518,4,,,0,15,,98519,4,,,0,55,,98520,4,,,0,15,,98521,4,,,0,20,,98522,4,,,0,61,,98523,4,,,0,18,,98524,4,,,0,20,,98513,4,,,0,70,,98508,4,,,0,15,,98515,4,,,0,15,,98509,4,,,0,15,,98514,4,,,0,54,,98510,4,,,0,30,,98511,4,,,0,5,,98512,4,,,0
1671801,'2_merged_15288065',2104,,98678,4,,,0,14,,98679,4,,,0,15,,98680,4,,,0,15,,98681,4,,,0,55,,98682,4,,,0,21,,98683,4,,,0,20,,98684,4,,,0,60,,98595,4,,,0,20,,98596,4,,,0,21,,98597,4,,,0,64,,98598,4,,,0,30,,98599,4,,,0,70,,98600,4,,,0,29,,98603,4,,,0,11,,98604,4,,,0
1671801,'3_merged_15288064',2122,,98730,4,,,0,15,,98731,4,,,0,15,,98732,4,,,0,55,,98740,4,,,0,17,,98733,4,,,0,20,,98734,4,,,0,60,,98699,4,,,0,19,,98700,4,,,0,21,,98701,4,,,0,64,,98735,4,,,0,30,,98736,4,,,0,70,,98737,4,,,0,30,,98738,4,,,0,8,,98743,4,,,0
