664601,'101_merged_15291802',838,,71270,12,,,0,682,,71269,12,0,41 8,0,84,,71268,12,,,0
664601,'1_merged_15291795',450,,71285,1,,,0,70,,71288,1,,,0,25,,71312,12,,,0,60,,71296,12,,,0,21,,71295,12,,,0,20,,71294,12,,,0,61,,71306,12,,,0,20,,71300,12,,,0,21,,71282,12,,,0,55,,71302,12,,,0,20,,71316,12,,,0,30,,71274,12,,,0,70,,71280,12,,,0,30,,71277,12,,,0,70,,71310,12,,,0,30,,71305,12,,,0,70,,71298,12,,,0,30,,71293,12,,,0,70,,71292,12,,,0,30,,71299,12,,,0,70,,71303,12,,,0,30,,71272,12,,,0,70,,71290,12,,,0,22,,71289,12,,,0,59,,71315,12,,,0,20,,71278,12,,,0,20,,71314,12,,,0,80,,71291,12,,,0,20,,71276,12,,,0,60,,71286,12,,,0,20,,71275,12,,,0,19,,71301,12,,,0,60,,71281,12,,,0,25,,71279,12,,,0,29,,71313,12,,,0,70,,71283,12,,,0,30,,71311,12,,,0,70,,71273,12,,,0,30,,71287,12,,,0,69,,71304,12,,,0,30,,71309,12,,,0,80,,71308,12,,,0,103,,71307,12,,,0,100,,71297,12,,,0,100,,71284,12,,,0
664601,'2_merged_15291797',625,,71330,12,,,0,30,,71323,12,,,0,69,,71321,12,,,0,32,,71336,12,,,0,76,,71337,12,,,0,71,,71338,12,,,0,18,,71317,12,,,0,30,,71327,12,,,0,68,,71340,12,,,0,36,,71333,12,,,0,70,,71342,12,,,0,30,,71343,12,,,0,72,,71344,12,,,0,28,,71346,12,,,0,71,,71341,12,,,0,30,,71318,12,,,0,72,,71319,12,,,0,30,,71320,12,,,0,68,,71352,12,,,0,30,,71347,12,,,0,69,,71350,12,,,0,29,,71348,12,,,0,70,,71349,12,,,0,28,,71351,12,,,0,70,,71334,12,,,0,31,,71328,12,,,0,70,,71329,12,,,0,28,,71335,12,,,0,70,,71324,12,,,0,30,,71339,12,,,0,70,,71345,12,,,0,32,,71325,12,,,0,90,,71326,12,,,0,98,,71322,12,,,0,100,,71331,12,,,0,98,,71332,12,,,0
664601,'3_merged_15291796',745,,71367,12,,,0,70,,71364,12,,,0,30,,71369,12,,,0,70,,71360,12,,,0,32,,71361,12,,,0,70,,71359,12,,,0,30,,71383,12,,,0,70,,71380,12,,,0,30,,71381,12,,,0,70,,71362,12,,,0,30,,71363,12,,,0,70,,71382,12,,,0,30,,71353,12,,,0,70,,71368,12,,,0,30,,71370,12,,,0,70,,71371,12,,,0,30,,71372,12,,,0,70,,71373,12,,,0,30,,71374,12,,,0,69,,71375,12,,,0,30,,71376,12,,,0,70,,71377,12,,,0,30,,71385,12,,,0,70,,71355,12,,,0,30,,71356,12,,,0,70,,71379,12,,,0,30,,71378,12,,,0,70,,71366,12,,,0,30,,71384,12,,,0,98,,71357,12,,,0,105,,71358,12,,,0,87,,71354,12,,,0,108,,71365,12,,,0
665400,'101_merged_15291802',927,,73476,33,,,0,802,,73477,33,,,0
665400,'1_merged_15291795',557,,73481,33,,,0,64,,73480,33,,,0,33,,73497,33,,,0,71,,73499,33,,,0,33,,73483,33,,,0,70,,73500,33,,,0,30,,73482,33,,,0,143,,73490,33,,,0,29,,73491,33,,,0,70,,73492,33,,,0,27,,73489,33,,,0,30,,73493,33,,,0,70,,73494,33,,,0,30,,73495,33,,,0,70,,73496,33,,,0,30,,73504,33,,,0,71,,73505,33,,,0,31,,73506,33,,,0,73,,73507,33,,,0,72,,73508,33,,,0,30,,73501,33,,,0,71,,73478,33,,,0,53,,73485,33,,,0,69,,73486,33,,,0,74,,73498,33,,,0,27,,73502,33,,,0,26,,73509,33,,,0,66,,73510,33,,,0,28,,73484,33,,,0,68,,73503,33,,,0,30,,73511,33,,,0,70,,73479,33,,,0,104,,73487,33,,,0,105,,73488,33,,,0
665400,'2_merged_15291797',623,,73531,33,,,0,35,,73545,33,,,0,70,,73521,33,,,0,30,,73546,33,,,0,70,,73538,33,,,0,72,,73537,33,,,0,31,,73520,33,,,0,70,,73535,33,,,0,30,,73534,33,,,0,71,,73524,33,,,0,30,,73522,33,,,0,70,,73527,33,,,0,30,,73526,33,,,0,70,,73525,33,,,0,30,,73512,33,,,0,70,,73514,33,,,0,35,,73529,33,,,0,70,,73528,33,,,0,30,,73530,33,,,0,69,,73541,33,,,0,30,,73540,33,,,0,70,,73519,33,,,0,30,,73513,33,,,0,70,,73532,33,,,0,30,,73533,33,,,0,70,,73523,33,,,0,30,,73536,33,,,0,69,,73543,33,,,0,30,,73542,33,,,0,70,,73518,33,,,0,30,,73517,33,,,0,70,,73516,33,,,0,28,,73515,33,,,0,90,,73544,33,,,0,35,,73539,33,,,0
665400,'3_merged_15291796',721,,73556,33,,,0,35,,73555,33,,,0,70,,73578,33,,,0,33,,73564,33,,,0,72,,73563,33,,,0,70,,73562,33,,,0,30,,73561,33,,,0,70,,73560,33,,,0,31,,73571,33,,,0,70,,73548,33,,,0,31,,73572,33,,,0,70,,73558,33,,,0,30,,73557,33,,,0,70,,73565,33,,,0,30,,73553,33,,,0,70,,73552,33,,,0,30,,73551,33,,,0,70,,73550,33,,,0,30,,73549,33,,,0,70,,73570,33,,,0,30,,73569,33,,,0,70,,73547,33,,,0,30,,73579,33,,,0,70,,73554,33,,,0,28,,73568,33,,,0,70,,73577,33,,,0,30,,73576,33,,,0,69,,73566,33,,,0,30,,73575,33,,,0,70,,73574,33,,,0,30,,73573,33,,,0,79,,73559,33,,,0,100,,73567,33,,,0
684100,'1_merged_15291795',538,,95751,47,,,0,71,,95752,47,,,0,9,,95759,47,,,0,2003,,95760,47,,,0,30,,95754,47,,,0,60,,95756,47,,,0,20,,95753,47,,,0,22,,95755,47,,,0,70,,95757,47,,,0,35,,95758,47,,,0
684100,'2_merged_15291797',532,,95763,47,,,0,73,,95770,47,,,0,31,,95771,47,,,0,74,,95772,47,,,0,30,,95768,47,,,0,1883,,95774,47,,,0,34,,95765,47,,,0,57,,95769,47,,,0,20,,95773,47,,,0,20,,95766,47,,,0,70,,95767,47,,,0,80,,95775,47,,,0
684100,'3_merged_15291796',533,,95786,47,,,0,72,,95787,47,,,0,30,,95788,47,,,0,70,,95789,47,,,0,16,,95790,47,,,0,14,,95782,47,,,0,16,,95791,47,,,0,53,,95783,47,,,0,1746,,95776,47,,,0,70,,95777,47,,,0,32,,95780,47,,,0,70,,95779,47,,,0,30,,95778,47,,,0,75,,95781,47,,,0,75,,95785,47,,,0
