674101,'1_merged_15288063',618,,90127,6,0,88 49,0,16,,90128,6,0,89 90 12,0,13,,90129,6,0,88 49,0,57,,90130,6,,,0,19,,90131,6,,,0,21,,90132,6,,,0,56,,90133,6,,,0,6,,90134,6,0,89 90 12,0,18,,90135,6,,,0,16,,90136,6,,,0,15,,90137,6,,,0,54,,90138,6,,,0,17,,90139,6,,,0,22,,90140,6,,,0,66,,90141,6,,,0,19,,90142,6,,,0,20,,90182,6,,,0,59,,90143,6,,,0,20,,90183,6,,,0,22,,90144,6,,,0,60,,90145,6,,,0,19,,90184,6,,,0,20,,90146,6,,,0,60,,90147,6,,,0,19,,90185,6,,,0,18,,90148,6,,,0,57,,90149,6,,,0,15,,90150,6,,,0,15,,90151,6,,,0,15,,90152,6,,,0,55,,90153,6,,,0,15,,90154,6,,,0,15,,90155,6,0,89 90 12,0,17,,90156,6,,,0,56,,90157,6,,,0,32,,90159,6,0,88 49,0,11,,90160,6,,,0,49,,90161,6,,,0,26,,90163,6,0,88 49,0,31,,90165,6,,,0,73,,90167,6,,,0,15,,90168,6,,,0,12,,90169,6,,,0,60,,90170,6,,,0,20,,90171,6,,,0,20,,90172,6,,,0,60,,90173,6,,,0,20,,90174,6,,,0,20,,90175,6,,,0,63,,90176,6,,,0,31,,90177,6,,,0,70,,90178,6,,,0,110,,90179,6,,,0,94,,90180,6,,,0,180,,90181,6,,,0
674101,'2_merged_15288065',538,,90206,6,,,0,90,,90205,6,,,0,90,,90204,6,,,0,21,,90235,6,,,0,20,,90203,6,,,0,60,,90202,6,,,0,20,,90236,6,,,0,20,,90201,6,,,0,60,,90195,6,,,0,20,,90237,6,,,0,20,,90200,6,,,0,60,,90199,6,,,0,20,,90198,6,,,0,20,,90187,6,,,0,63,,90197,6,,,0,19,,90196,6,,,0,61,,90186,6,,,0,19,,90194,6,,,0,20,,90193,6,,,0,60,,90229,6,,,0,20,,90192,6,,,0,20,,90191,6,,,0,60,,90228,6,,,0,20,,90190,6,,,0,20,,90189,6,,,0,15,,90234,6,,,0,55,,90227,6,,,0,15,,90188,6,,,0,15,,90223,6,,,0,15,,90226,6,,,0,55,,90230,6,,,0,15,,90222,6,,,0,15,,90221,6,,,0,15,,90225,6,,,0,54,,90231,6,,,0,15,,90220,6,,,0,15,,90219,6,,,0,15,,90224,6,,,0,55,,90232,6,,,0,15,,90218,6,,,0,15,,90217,6,,,0,13,,90233,6,,,0,60,,90216,6,,,0,32,,90215,6,,,0,70,,90214,6,,,0,31,,90213,6,,,0,70,,90212,6,,,0,34,,90211,6,,,0,77,,90210,6,,,0,100,,90209,6,,,0,110,,90208,6,,,0,166,,90207,6,,,0
674101,'3_merged_15288064',536,,90258,6,,,0,88,,90257,6,,,0,90,,90256,6,,,0,30,,90255,6,,,0,70,,90254,6,,,0,22,,90287,6,,,0,19,,90253,6,,,0,60,,90247,6,,,0,20,,90288,6,,,0,20,,90252,6,,,0,60,,90251,6,,,0,20,,90250,6,,,0,20,,90239,6,,,0,60,,90249,6,,,0,21,,90248,6,,,0,20,,90238,6,,,0,60,,90246,6,,,0,20,,90245,6,,,0,20,,90281,6,,,0,60,,90244,6,,,0,20,,90243,6,,,0,20,,90280,6,,,0,60,,90242,6,,,0,22,,90241,6,,,0,20,,90279,6,,,0,57,,90240,6,,,0,14,,90282,6,,,0,15,,90275,6,,,0,15,,90278,6,,,0,57,,90274,6,,,0,15,,90283,6,,,0,15,,90273,6,,,0,55,,90277,6,,,0,15,,90272,6,,,0,14,,90284,6,,,0,15,,90271,6,,,0,55,,90276,6,,,0,15,,90270,6,,,0,16,,90285,6,,,0,19,,90269,6,,,0,60,,90268,6,,,0,20,,90286,6,,,0,19,,90267,6,,,0,67,,90266,6,,,0,30,,90265,6,,,0,70,,90264,6,,,0,34,,90263,6,,,0,77,,90262,6,,,0,100,,90261,6,,,0,110,,90260,6,,,0,164,,90259,6,,,0
674601,'1_merged_15288063',535,,90375,2,0,91 92,0,70,,90376,2,0,91 92,0,18,,90377,2,0,91 92,0,16,,90378,2,0,91 92,0,18,,90379,2,0,91 92,0,75,,90380,2,0,91 92,0
682201,'1_merged_15288063',603,,94844,30,,,0,20,,94855,30,,,0,15,,94834,31,,,0,5,,94860,30,,,0,15,,94845,30,,,0,60,,94861,30,,,0,23,,94864,30,,,0,59,,94865,30,,,0,26,,94846,30,,,0,23,,94862,30,,,0,70,,94847,30,,,0,28,,94839,30,,,0,69,,94848,30,,,0,30,,94840,30,,,0,64,,94849,30,,,0,30,,94841,30,,,0,71,,94850,30,,,0,35,,94842,30,,,0,71,,94851,30,,,0,30,,94843,30,,,0,77,,94852,30,,,0,26,,94859,30,,,0,51,,94836,31,,,0,10,,94866,30,,,0,20,,94853,30,,,0,22,,94863,30,,,0,62,,94867,30,,,0,22,,94856,30,,,0,9,,94835,31,,,0,55,,94837,30,,,0,18,,94868,30,,,0,18,,94857,30,,,0,20,,94838,30,,,0,60,,94869,30,,,0,20,,94858,30,,,0,63,,94854,30,,,0,23,,94870,30,,,0,30,,94871,30,,,0,80,,94872,30,,,0,78,,94873,30,,,0,100,,94874,30,,,0
682201,'2_merged_15288065',714,,94888,30,,,0,35,,94889,30,,,0,60,,94903,31,,,0,11,,94885,30,,,0,30,,94876,30,,,0,69,,94875,30,,,0,30,,94887,30,,,0,70,,94890,30,,,0,30,,94877,30,,,0,70,,94891,30,,,0,30,,94878,30,,,0,70,,94892,30,,,0,31,,94879,30,,,0,70,,94893,30,,,0,30,,94880,30,,,0,55,,94904,31,,,0,17,,94894,30,,,0,29,,94881,30,,,0,71,,94895,30,,,0,33,,94882,30,,,0,48,,94905,31,,,0,21,,94896,30,,,0,32,,94883,30,,,0,71,,94897,30,,,0,32,,94884,30,,,0,69,,94898,30,,,0,27,,94886,30,,,0,70,,94899,30,,,0,28,,94900,30,,,0,67,,94901,30,,,0,31,,94902,30,,,0,100,,94906,30,,,0
682201,'3_merged_15288064',742,,94919,30,,,0,71,,94934,31,,,0,6,,94908,30,,,0,30,,94909,30,,,0,69,,94907,30,,,0,30,,94910,30,,,0,70,,94921,30,,,0,30,,94911,30,,,0,70,,94922,30,,,0,30,,94912,30,,,0,70,,94923,30,,,0,30,,94913,30,,,0,70,,94924,30,,,0,29,,94914,30,,,0,7,,94935,31,,,0,64,,94925,30,,,0,30,,94915,30,,,0,70,,94926,30,,,0,31,,94916,30,,,0,8,,94936,31,,,0,65,,94927,30,,,0,30,,94917,30,,,0,71,,94928,30,,,0,29,,94918,30,,,0,68,,94929,30,,,0,31,,94920,30,,,0,69,,94930,30,,,0,29,,94931,30,,,0,70,,94932,30,,,0,32,,94933,30,,,0,100,,94937,30,,,0
682500,'1_merged_15288063',809,,95060,2,,,0,26,,95061,2,,,0,70,,95062,2,,,0,30,,95063,2,,,0,70,,95065,2,,,0,30,,95066,2,,,0,70,,95067,2,,,0,30,,95064,2,,,0,70,,95068,2,,,0,30,,95069,2,,,0,70,,95070,2,,,0,30,,95071,2,,,0,70,,95072,2,,,0,30,,95073,2,,,0,70,,95075,2,,,0,30,,95076,2,,,0,70,,95077,2,,,0,30,,95078,2,,,0,70,,95080,2,,,0,30,,95079,2,,,0,70,,95058,2,,,0,30,,95074,2,,,0,70,,95059,2,,,0
682500,'2_merged_15288065',910,,95087,2,,,0,30,,95086,2,,,0,70,,95085,2,,,0,30,,95084,2,,,0,70,,95083,2,,,0,30,,95082,2,,,0,70,,95081,2,,,0,30,,95101,2,,,0,70,,95100,2,,,0,30,,95099,2,,,0,70,,95098,2,,,0,30,,95097,2,,,0,70,,95096,2,,,0,30,,95095,2,,,0,70,,95094,2,,,0,30,,95093,2,,,0,70,,95092,2,,,0,30,,95091,2,,,0,70,,95090,2,,,0,30,,95089,2,,,0,70,,95088,2,,,0
682500,'3_merged_15288064',940,,95102,2,,,0,80,,95103,2,,,0,80,,95104,2,,,0,40,,95105,2,,,0,80,,95106,2,,,0,80,,95107,2,,,0,40,,95108,2,,,0,80,,95109,2,,,0,80,,95110,2,,,0,40,,95111,2,,,0,80,,95112,2,,,0,80,,95113,2,,,0,40,,95114,2,,,0,80,,95115,2,,,0
1169601,'1_merged_15288063',450,,97732,2,,,0,70,,97733,2,,,0,30,,97734,2,,,0,70,,97735,2,,,0,30,,97736,2,,,0,70,,97737,2,,,0,30,,97738,2,,,0,70,,97739,2,,,0,30,,97740,2,,,0,70,,97760,2,,,0,30,,97741,2,,,0,70,,97761,2,,,0,30,,97742,2,,,0,70,,97762,2,,,0,30,,97743,2,,,0,70,,97763,2,,,0,30,,97744,2,,,0,70,,97764,2,,,0,30,,97745,2,,,0,70,,97765,2,,,0,30,,97746,2,,,0,70,,97757,2,,,0,30,,97747,2,,,0,70,,97748,2,,,0,30,,97749,2,,,0,70,,97750,2,,,0,30,,97751,2,,,0,70,,97752,2,,,0,30,,97753,2,,,0,70,,97766,2,,,0,30,,97754,2,,,0,70,,97767,2,,,0,30,,97755,2,,,0,70,,97768,2,,,0,30,,97756,2,,,0,70,,97769,2,,,0,30,,97758,2,,,0,70,,97770,2,,,0,30,,97759,2,,,0
1169601,'2_merged_15288065',615,,97771,2,,,0,30,,97772,2,,,0,70,,97799,2,,,0,30,,97773,2,,,0,70,,97774,2,,,0,30,,97800,2,,,0,70,,97775,2,,,0,30,,97776,2,,,0,70,,97777,2,,,0,30,,97778,2,,,0,70,,97779,2,,,0,30,,97780,2,,,0,70,,97781,2,,,0,30,,97782,2,,,0,70,,97783,2,,,0,30,,97784,2,,,0,70,,97785,2,,,0,30,,97786,2,,,0,68,,97787,2,,,0,32,,97788,2,,,0,70,,97789,2,,,0,30,,97790,2,,,0,70,,97791,2,,,0,30,,97792,2,,,0,70,,97793,2,,,0,30,,97794,2,,,0,70,,97795,2,,,0,30,,97796,2,,,0,70,,97801,2,,,0,30,,97797,2,,,0,70,,97802,2,,,0,30,,97798,2,,,0
1169601,'3_merged_15288064',645,,97803,2,,,0,70,,97827,2,,,0,30,,97804,2,,,0,70,,97805,2,,,0,30,,97828,2,,,0,70,,97806,2,,,0,30,,97807,2,,,0,70,,97808,2,,,0,30,,97809,2,,,0,70,,97810,2,,,0,30,,97811,2,,,0,70,,97812,2,,,0,30,,97813,2,,,0,70,,97814,2,,,0,30,,97815,2,,,0,70,,97816,2,,,0,28,,97817,2,,,0,73,,97818,2,,,0,29,,97819,2,,,0,71,,97820,2,,,0,29,,97821,2,,,0,70,,97822,2,,,0,30,,97823,2,,,0,70,,97824,2,,,0,30,,97825,2,,,0,70,,97829,2,,,0,30,,97826,2,,,0,70,,97830,2,,,0,30,,97831,2,,,0
