672201,'1_merged_15291795',545,,86854,29,,,0,1410,,86910,29,,,0,70,,86912,29,,,0,321,,86919,29,,,0,99,,86921,29,,,0,205,,86923,29,,,0
672201,'2_merged_15291797',1859,,86976,29,,,0,786,,86943,29,,,0
672201,'3_merged_15291796',2056,,87000,29,,,0,589,,87028,29,,,0
672701,'1_merged_15291795',627,,88190,56,,,0,29,,88191,56,,,0,84,,88211,60,,,0,63,,88212,60,,,0,23,,88213,60,,,0,21,,88214,60,,,0,66,,88215,60,,,0,28,,88216,60,,,0,69,,88217,60,,,0,28,,88218,56,,,0,70,,88219,56,,,0,28,,88220,56,,,0,69,,88221,56,,,0,28,,88222,56,,,0,68,,88223,56,,,0,27,,88224,56,,,0,20,,88225,56,,,0,93,,88226,61,,,0,14,,88227,56,,,0,76,,88228,56,,,0,81,,88192,61,,,0,9,,88193,56,,,0,28,,88194,60,,,0,54,,88195,60,,,0,23,,88196,61,,,0,31,,88198,60,,,0,51,,88197,60,,,0,15,,88199,60,,,0,104,,88202,56,,,0,79,,88204,56,,,0,21,,88205,56,,,0,22,,88206,56,,,0,92,,88208,56,,,0,73,,88209,56,,,0,116,,88185,56,,,0,26,,88186,56,,,0,79,,88189,56,,,0,91,,88187,61,,,0,95,,88188,56,,,0
672701,'2_merged_15291797',638,,88235,56,,,0,200,,88234,56,,,0,1003,,88249,56,,,0,70,,88242,56,,,0,30,,88251,56,,,0,302,,88240,56,,,0,100,,88238,56,,,0,186,,88260,56,,,0
672701,'3_merged_15291796',709,,88269,56,,,0,101,,88275,56,,,0,103,,88272,56,,,0,103,,88288,56,,,0,30,,88293,56,,,0,801,,88266,56,,,0,73,,88265,56,,,0,32,,88295,56,,,0,69,,88285,56,,,0,30,,88287,56,,,0,68,,88268,56,,,0,30,,88289,56,,,0,70,,88290,56,,,0,26,,88291,56,,,0,88,,88292,56,,,0,95,,88273,56,,,0,95,,88296,56,,,0
3454201,'101_merged_15291802',1619,,108155,39,,,0
3454201,'1_merged_15291795',516,,108156,39,,,0,30,,108158,39,,,0,55,,108159,39,,,0,15,,108160,39,,,0,14,,108161,39,,,0,15,,108162,39,,,0,14,,108163,39,,,0,55,,108164,39,,,0,14,,108165,39,,,0,15,,108166,39,,,0,14,,108167,39,,,0,52,,108168,39,,,0,13,,108169,39,,,0,14,,108170,39,,,0,12,,108171,39,,,0,52,,108172,39,,,0,12,,108173,39,,,0,12,,108174,39,,,0,9,,108175,39,,,0,12,,108176,39,,,0,12,,108177,39,,,0,52,,108178,39,,,0,12,,108179,39,,,0,13,,108180,39,,,0,12,,108181,39,,,0,12,,108182,39,,,0,56,,108183,39,,,0,14,,108184,39,,,0,15,,108185,39,,,0,15,,108186,39,,,0,55,,108187,39,,,0,17,,108188,39,,,0,15,,108189,39,,,0,55,,108190,39,,,0,15,,108191,39,,,0,15,,108192,39,,,0,15,,108193,39,,,0,55,,108194,39,,,0,15,,108195,39,,,0,17,,108196,39,,,0,15,,108197,39,,,0,57,,108198,39,,,0,15,,108199,39,,,0,15,,108200,39,,,0,16,,108201,39,,,0,54,,108202,39,,,0,30,,108203,39,,,0,13,,108204,39,,,0,12,,108205,39,,,0,52,,108206,39,,,0,12,,108207,39,,,0,12,,108208,39,,,0,12,,108209,39,,,0,12,,108210,39,,,0,48,,108211,39,,,0,12,,108212,39,,,0,12,,108213,39,,,0,12,,108214,39,,,0,12,,108215,39,,,0,52,,108216,39,,,0,15,,108217,39,,,0,15,,108218,39,,,0,15,,108219,39,,,0,53,,108220,39,,,0,15,,108221,39,,,0,15,,108222,39,,,0,15,,108223,39,,,0,52,,108224,39,,,0,15,,108225,39,,,0,15,,108226,39,,,0,15,,108227,39,,,0,55,,108228,39,,,0,15,,108229,39,,,0,14,,108230,39,,,0,15,,108231,39,,,0,55,,108232,39,,,0,15,,108233,39,,,0,20,,108234,39,,,0,20,,108235,39,,,0,60,,108236,39,,,0,18,,108237,39,,,0,21,,108238,39,,,0,80,,108240,39,,,0,70,,108241,39,,,0
3454201,'2_merged_15291797',539,,108297,39,,,0,70,,108296,39,,,0,20,,108295,39,,,0,21,,108294,39,,,0,60,,108293,39,,,0,22,,108292,39,,,0,20,,108291,39,,,0,60,,108290,39,,,0,20,,108289,39,,,0,20,,108268,39,,,0,58,,108267,39,,,0,16,,108288,39,,,0,15,,108287,39,,,0,15,,108286,39,,,0,55,,108285,39,,,0,17,,108284,39,,,0,15,,108283,39,,,0,15,,108282,39,,,0,55,,108281,39,,,0,16,,108280,39,,,0,15,,108279,39,,,0,57,,108278,39,,,0,13,,108277,39,,,0,15,,108276,39,,,0,14,,108275,39,,,0,15,,108274,39,,,0,55,,108273,39,,,0,15,,108272,39,,,0,15,,108271,39,,,0,57,,108270,39,,,0,15,,108269,39,,,0,15,,108298,39,,,0,15,,108299,39,,,0,55,,108300,39,,,0,15,,108301,39,,,0,16,,108302,39,,,0,15,,108303,39,,,0,55,,108304,39,,,0,14,,108305,39,,,0,15,,108306,39,,,0,15,,108307,39,,,0,55,,108308,39,,,0,15,,108309,39,,,0,15,,108310,39,,,0,15,,108311,39,,,0,55,,108312,39,,,0,15,,108313,39,,,0,13,,108314,39,,,0,15,,108315,39,,,0,15,,108266,39,,,0,55,,108265,39,,,0,15,,108264,39,,,0,15,,108263,39,,,0,15,,108262,39,,,0,55,,108261,39,,,0,15,,108260,39,,,0,15,,108259,39,,,0,15,,108258,39,,,0,55,,108257,39,,,0,13,,108256,39,,,0,15,,108255,39,,,0,17,,108254,39,,,0,60,,108253,39,,,0,20,,108252,39,,,0,20,,108251,39,,,0,60,,108250,39,,,0,17,,108249,39,,,0,20,,108248,39,,,0,60,,108247,39,,,0,20,,108246,39,,,0,20,,108245,39,,,0,60,,108244,39,,,0,19,,108243,39,,,0,73,,108242,39,,,0
3454201,'3_merged_15291796',538,,108371,39,,,0,70,,108370,39,,,0,20,,108369,39,,,0,21,,108368,39,,,0,60,,108367,39,,,0,23,,108366,39,,,0,20,,108365,39,,,0,60,,108364,39,,,0,20,,108363,39,,,0,20,,108342,39,,,0,55,,108341,39,,,0,18,,108362,39,,,0,15,,108361,39,,,0,15,,108360,39,,,0,55,,108359,39,,,0,15,,108358,39,,,0,15,,108357,39,,,0,16,,108356,39,,,0,55,,108355,39,,,0,15,,108354,39,,,0,15,,108353,39,,,0,15,,108352,39,,,0,55,,108351,39,,,0,15,,108350,39,,,0,15,,108349,39,,,0,17,,108348,39,,,0,55,,108347,39,,,0,15,,108346,39,,,0,15,,108345,39,,,0,15,,108344,39,,,0,55,,108343,39,,,0,15,,108372,39,,,0,15,,108373,39,,,0,15,,108374,39,,,0,55,,108375,39,,,0,15,,108376,39,,,0,16,,108377,39,,,0,15,,108378,39,,,0,55,,108379,39,,,0,14,,108380,39,,,0,15,,108381,39,,,0,15,,108382,39,,,0,55,,108383,39,,,0,15,,108384,39,,,0,15,,108385,39,,,0,15,,108386,39,,,0,55,,108387,39,,,0,15,,108388,39,,,0,15,,108389,39,,,0,13,,108340,39,,,0,55,,108339,39,,,0,15,,108338,39,,,0,15,,108337,39,,,0,15,,108336,39,,,0,55,,108335,39,,,0,15,,108334,39,,,0,15,,108333,39,,,0,14,,108332,39,,,0,55,,108331,39,,,0,15,,108330,39,,,0,15,,108329,39,,,0,15,,108328,39,,,0,60,,108327,39,,,0,20,,108326,39,,,0,20,,108325,39,,,0,60,,108324,39,,,0,18,,108323,39,,,0,20,,108322,39,,,0,60,,108321,39,,,0,19,,108320,39,,,0,20,,108319,39,,,0,60,,108318,39,,,0,19,,108317,39,,,0,80,,108316,39,,,0
