674900,'101_merged_15288070',754,,90976,53,0,62 63 64,0
680401,'1_merged_15288063',619,,92715,9,,,0,201,,92714,9,,,0,203,,92709,9,,,0,202,,92713,9,,,0,226,,92712,9,,,0,271,,92711,9,,,0,178,,92710,9,,,0
680401,'2_merged_15288065',834,,92716,9,,,0,197,,92717,9,,,0,198,,92718,9,,,0,201,,92719,9,,,0,202,,92720,9,,,0,200,,92721,9,,,0
3404201,'1_merged_15288063',552,,107323,1,,,0,100,,107322,1,,,0,74,,107327,1,,,0,26,,107321,1,,,0,71,,107326,1,,,0,30,,107320,1,,,0,98,,107319,1,,,0,75,,107328,1,,,0,25,,107318,1,,,0,70,,107329,1,,,0,32,,107317,1,,,0,100,,107316,1,,,0,100,,107315,1,,,0,102,,107314,1,,,0,100,,107313,1,,,0,70,,107306,1,,,0,81,,107312,1,,,0,3,,107325,1,,,0,27,,107305,1,,,0,3,,107324,1,,,0,68,,107311,1,,,0,2,,107304,1,,,0,37,,107310,1,,,0,92,,107309,1,,,0,94,,107308,1,,,0,102,,107307,1,,,0
3404201,'2_merged_15288065',926,,107335,1,,,0,100,,107336,1,,,0,100,,107334,1,,,0,99,,107337,1,,,0,102,,107333,1,,,0,100,,107338,1,,,0,101,,107332,1,,,0,100,,107339,1,,,0,100,,107331,1,,,0,98,,107340,1,,,0,95,,107330,1,,,0
3404201,'3_merged_15288064',922,,107346,1,,,0,100,,107347,1,,,0,100,,107345,1,,,0,100,,107348,1,,,0,100,,107344,1,,,0,100,,107349,1,,,0,100,,107343,1,,,0,100,,107350,1,,,0,100,,107342,1,,,0,100,,107351,1,,,0,100,,107341,1,,,0
3404300,'101_merged_15288070',1625,,107352,22,4,,0
3404300,'1_merged_15288063',552,,107372,23,4,,0,100,,107371,23,4,,0,74,,107354,23,4,,0,26,,107370,23,4,,0,71,,107375,22,4,,0,30,,107369,22,4,,0,98,,107368,22,4,,0,75,,107376,22,4,,0,25,,107367,22,4,,0,70,,107377,22,4,,0,32,,107366,22,4,,0,100,,107365,22,4,,0,100,,107364,22,4,,0,102,,107363,22,4,,0,100,,107362,22,4,,0,151,,107361,23,4,,0,3,,107374,23,4,,0,27,,107355,23,4,,0,3,,107373,23,4,,0,68,,107360,23,4,,0,2,,107353,23,4,,0,37,,107359,23,4,,0,92,,107358,23,4,,0,94,,107357,22,4,,0,102,,107356,22,4,,0
3404300,'2_merged_15288065',926,,107383,22,4,,0,100,,107384,22,4,,0,100,,107382,22,4,,0,99,,107385,22,4,,0,102,,107381,22,4,,0,100,,107386,22,4,,0,101,,107380,22,4,,0,100,,107387,22,4,,0,100,,107379,22,4,,0,98,,107388,22,4,,0,95,,107378,22,4,,0
3404300,'3_merged_15288064',922,,107394,22,4,,0,100,,107395,22,4,,0,100,,107393,22,4,,0,100,,107396,22,4,,0,100,,107392,22,4,,0,100,,107397,22,4,,0,100,,107391,22,4,,0,100,,107398,22,4,,0,100,,107390,22,4,,0,100,,107399,22,4,,0,100,,107389,22,4,,0
