674900,'101_merged_15288070',742,,90976,39,0,62 63 64,0,69,,90977,21,,,0,3,,90976,59,0,62 63 64,0
674900,'1_merged_15288063',555,,91041,39,,,0,53,,91042,39,,,0,17,,91043,39,,,0,17,,91044,39,,,0,59,,91045,39,,,0,14,,91046,39,,,0,17,,91047,39,,,0,75,,91048,39,,,0,43,,90987,39,,,0,68,,91033,39,,,0,29,,91035,39,,,0,67,,91038,39,,,0,33,,91040,39,,,0,71,,91013,39,,,0,28,,91015,39,,,0,72,,91017,39,,,0,32,,91019,39,,,0,70,,91021,39,,,0,30,,91023,39,,,0,68,,91025,39,,,0,100,,91027,39,,,0,15,,91028,39,,,0,15,,91029,39,,,0,52,,91030,39,,,0,17,,91031,39,,,0,15,,90979,39,,,0,16,,90985,39,,,0,63,,91007,39,,,0,6,,90989,39,,,0,21,,90978,39,,,0,5,,91008,39,,,0,62,,91009,39,,,0,7,,91010,39,,,0,15,,91011,39,,,0,16,,91012,39,,,0,7,,90986,39,,,0,59,,90980,39,,,0,9,,90990,39,,,0,16,,90991,39,,,0,15,,91002,39,,,0,56,,91003,39,,,0,13,,91004,39,,,0,30,,91006,39,,,0,55,,90984,39,,,0,15,,90981,39,,,0,28,,90995,39,,,0,70,,90996,39,,,0,27,,90997,39,,,0,70,,90982,39,,,0,29,,90999,39,,,0,70,,90993,39,,,0,25,,90998,39,,,0,70,,90983,39,,,0
674900,'2_merged_15288065',640,,91053,39,,,0,70,,91054,39,,,0,30,,91055,39,,,0,15,,91056,39,,,0,70,,91058,39,,,0,26,,91060,39,,,0,71,,91062,39,,,0,34,,91064,39,,,0,72,,91066,39,,,0,28,,91068,39,,,0,73,,91070,39,,,0,30,,91072,39,,,0,71,,91074,39,,,0,72,,91076,39,,,0,27,,91078,39,,,0,71,,91080,39,,,0,28,,91082,39,,,0,30,,91084,39,,,0,72,,91086,39,,,0,71,,91088,39,,,0,32,,91090,39,,,0,26,,91092,39,,,0,67,,91094,39,,,0,29,,91096,39,,,0,71,,91098,39,,,0,31,,91100,39,,,0,55,,91101,39,,,0,12,,91102,39,,,0,20,,91103,39,,,0,60,,91104,39,,,0,17,,91105,39,,,0,22,,91106,39,,,0,60,,91107,39,,,0,19,,91108,39,,,0,25,,91109,39,,,0,70,,91110,39,,,0,29,,91111,39,,,0,70,,91112,39,,,0,26,,91113,39,,,0,70,,91114,39,,,0,28,,91115,39,,,0,70,,91116,39,,,0
674900,'3_merged_15288064',644,,91147,39,,,0,72,,91146,39,,,0,23,,91152,39,,,0,72,,91151,39,,,0,31,,91162,39,,,0,71,,91160,39,,,0,34,,91158,39,,,0,72,,91181,39,,,0,30,,91156,39,,,0,69,,91154,39,,,0,24,,91150,39,,,0,73,,91148,39,,,0,32,,91122,39,,,0,71,,91120,39,,,0,28,,91118,39,,,0,64,,91179,39,,,0,36,,91177,39,,,0,70,,91175,39,,,0,29,,91172,39,,,0,70,,91170,39,,,0,30,,91168,39,,,0,71,,91166,39,,,0,29,,91164,39,,,0,70,,91145,39,,,0,35,,91143,39,,,0,70,,91141,39,,,0,25,,91139,39,,,0,70,,91137,39,,,0,30,,91134,39,,,0,66,,91132,39,,,0,20,,91131,39,,,0,20,,91130,39,,,0,71,,91129,39,,,0,31,,91128,39,,,0,70,,91127,39,,,0,28,,91126,39,,,0,70,,91125,39,,,0,29,,91124,39,,,0
674900,'701_merged_15288057',1503,,91183,39,,,0
674900,'801_merged_15288075',1458,,91184,39,,,0
680500,'1_merged_15288063',658,,92727,6,,,0,200,,92726,6,,,0,199,,92725,6,,,0,202,,92724,6,,,0,269,,92723,6,,,0,175,,92722,6,,,0,197,,92728,6,,,0
680500,'2_merged_15288065',857,,92731,6,,,0,200,,92732,6,,,0,201,,92733,6,,,0,200,,92734,6,,,0,198,,92729,6,,,0,202,,92730,6,,,0
3404200,'101_merged_15288070',801,,107249,8,,,0,658,,107251,8,,,0,48,,107250,8,,,0,94,,107252,8,,,0
3404200,'1_merged_15288063',508,,107275,8,,,0,30,,107265,8,,,0,63,,107264,8,,,0,5,,107274,8,,,0,25,,107256,8,,,0,5,,107255,8,,,0,65,,107273,8,,,0,5,,107276,8,,,0,31,,107263,8,,,0,69,,107272,8,,,0,30,,107262,8,,,0,70,,107271,8,,,0,100,,107270,8,,,0,100,,107269,8,,,0,103,,107268,8,,,0,98,,107267,8,,,0,94,,107266,8,,,0,36,,107277,8,,,0,84,,107261,8,,,0,26,,107278,8,,,0,68,,107260,8,,,0,111,,107259,16,,,0,78,,107254,8,,,0,42,,107253,8,,,0,102,,107258,8,,,0,100,,107257,8,,,0
3404200,'2_merged_15288065',810,,107284,8,,,0,100,,107285,8,,,0,100,,107283,8,,,0,101,,107286,8,,,0,100,,107282,8,,,0,100,,107287,8,,,0,100,,107281,8,,,0,100,,107288,8,,,0,101,,107280,8,,,0,99,,107289,8,,,0,100,,107279,8,,,0
3404200,'3_merged_15288064',805,,107295,8,,,0,100,,107296,8,,,0,100,,107294,8,,,0,100,,107297,8,,,0,100,,107293,8,,,0,101,,107298,8,,,0,100,,107292,8,,,0,100,,107299,8,,,0,100,,107291,8,,,0,100,,107300,8,,,0,100,,107290,8,,,0
