662001,'152201_merged_15288067',2128,,61462,22,,,0,16,,61469,22,,,0,15,,61470,22,,,0,55,,61471,22,,,0,15,,61472,22,,,0,20,,61474,22,,,0,60,,61473,22,,,0,16,,61467,22,,,0,20,,61475,22,,,0,60,,61463,22,,,0,27,,61468,22,,,0,70,,61465,22,,,0,30,,61464,22,0,18 17,0,70,,61466,22,0,18 17,0
662001,'152301_merged_15288069',2128,,61476,21,,,0,16,,61477,21,,,0,15,,61478,21,,,0,55,,61479,21,,,0,15,,61480,21,,,0,20,,61481,21,,,0,60,,61482,21,,,0,16,,61483,21,,,0,20,,61484,21,,,0,60,,61485,21,,,0,27,,61486,21,,,0,70,,61487,21,,,0,30,,61488,21,0,18 17,0,70,,61489,21,0,18 17,0
662001,'1_merged_15288063',501,,61515,22,,,0,20,,61516,22,,,0,20,,61517,22,,,0,60,,61518,22,,,0,17,,61551,22,,,0,14,,61534,22,,,0,15,,61507,22,,,0,54,,61508,22,,,0,12,,61509,22,,,0,12,,61510,22,,,0,12,,61511,22,,,0,13,,61512,22,,,0,53,,61519,22,,,0,12,,61520,22,,,0,10,,61521,22,,,0,10,,61522,22,,,0,10,,61523,22,,,0,10,,61524,22,,,0,50,,61525,22,,,0,10,,61526,22,,,0,10,,61527,22,,,0,10,,61528,22,,,0,12,,61545,22,,,0,54,,61549,22,,,0,15,,61548,22,,,0,17,,61550,22,,,0,15,,61529,22,,,0,55,,61530,22,,,0,15,,61533,22,,,0,17,,61531,22,,,0,15,,61532,22,,,0,55,,61535,22,,,0,15,,61536,22,,,0,15,,61537,22,,,0,15,,61538,22,,,0,55,,61539,22,,,0,15,,61540,22,,,0,15,,61541,22,,,0,15,,61542,22,,,0,55,,61546,22,,,0,15,,61544,22,,,0,16,,61506,22,,,0,15,,61547,22,,,0,55,,61552,22,,,0,15,,61513,22,,,0,14,,61493,22,,,0,16,,61543,22,,,0,55,,61558,22,,,0,15,,61559,22,,,0,12,,61560,22,,,0,13,,61490,22,,,0,13,,61491,22,,,0,53,,61492,22,,,0,12,,61494,22,,,0,13,,61495,22,,,0,12,,61496,22,,,0,52,,61497,22,,,0,12,,61498,22,,,0,13,,61499,22,,,0,12,,61557,22,,,0,13,,61500,22,,,0,54,,61501,22,,,0,13,,61502,22,,,0,15,,61503,22,,,0,14,,61514,22,,,0,55,,61553,22,,,0,14,,61504,22,,,0,15,,61505,22,,,0,15,,61554,22,,,0,55,,61555,22,,,0,12,,61556,22,,,0
662001,'2_merged_15288065',528,,61561,22,,,0,20,,61562,22,,,0,59,,61563,22,,,0,21,,61564,22,,,0,21,,61565,22,,,0,61,,61566,22,,,0,17,,61567,22,,,0,15,,61568,22,,,0,14,,61569,22,,,0,54,,61570,22,,,0,15,,61571,22,,,0,17,,61572,22,,,0,17,,61573,22,,,0,55,,61574,22,,,0,15,,61575,22,,,0,15,,61576,22,,,0,15,,61577,22,,,0,55,,61578,22,,,0,15,,61579,22,,,0,15,,61580,22,,,0,15,,61581,22,,,0,55,,61582,22,,,0,16,,61583,22,,,0,15,,61584,22,,,0,57,,61585,22,,,0,15,,61586,22,,,0,17,,61587,22,,,0,15,,61588,22,,,0,55,,61589,22,,,0,15,,61590,22,,,0,16,,61591,22,,,0,15,,61592,22,,,0,55,,61593,22,,,0,15,,61594,22,,,0,15,,61595,22,,,0,15,,61596,22,,,0,55,,61597,22,,,0,15,,61598,22,,,0,15,,61599,22,,,0,15,,61600,22,,,0,55,,61601,22,,,0,15,,61602,22,,,0,14,,61603,22,,,0,15,,61604,22,,,0,55,,61605,22,,,0,15,,61606,22,,,0,15,,61607,22,,,0,15,,61608,22,,,0,55,,61609,22,,,0,15,,61610,22,,,0,15,,61611,22,,,0,15,,61612,22,,,0,55,,61613,22,,,0,15,,61614,22,,,0,15,,61615,22,,,0,15,,61616,22,,,0,55,,61617,22,,,0,15,,61618,22,,,0,13,,61619,22,,,0,15,,61620,22,,,0,12,,61621,22,,,0,54,,61622,22,,,0,14,,61623,21,,,0,19,,61624,21,,,0,60,,61625,21,,,0,20,,61626,21,,,0,20,,61627,21,,,0,60,,61628,21,,,0,20,,61629,21,,,0,22,,61630,21,,,0,60,,61631,21,,,0,25,,61632,21,,,0,70,,61633,21,,,0,28,,61634,21,0,18 17,0,70,,61635,21,0,18 17,0
662001,'3_merged_15288064',615,,61636,22,,,0,20,,61637,22,,,0,20,,61638,22,,,0,60,,61639,22,,,0,20,,61640,22,,,0,21,,61641,22,,,0,60,,61642,22,,,0,15,,61643,22,,,0,16,,61644,22,,,0,55,,61645,22,,,0,16,,61646,22,,,0,15,,61647,22,,,0,15,,61648,22,,,0,56,,61649,22,,,0,15,,61650,22,,,0,16,,61651,22,,,0,13,,61652,22,,,0,54,,61653,22,,,0,15,,61654,22,,,0,16,,61655,22,,,0,15,,61656,22,,,0,55,,61657,22,,,0,15,,61658,22,,,0,15,,61659,22,,,0,15,,61660,22,,,0,57,,61661,22,,,0,15,,61662,22,,,0,15,,61663,22,,,0,15,,61664,22,,,0,55,,61665,22,,,0,15,,61666,22,,,0,15,,61667,22,,,0,15,,61668,22,,,0,58,,61669,22,,,0,15,,61670,22,,,0,15,,61671,22,,,0,15,,61672,22,,,0,56,,61673,22,,,0,15,,61674,22,,,0,15,,61675,22,,,0,15,,61676,22,,,0,53,,61677,22,,,0,15,,61678,22,,,0,13,,61679,22,,,0,15,,61680,22,,,0,55,,61681,22,,,0,15,,61682,22,,,0,15,,61683,22,,,0,15,,61684,22,,,0,54,,61685,22,,,0,15,,61686,22,,,0,15,,61687,22,,,0,15,,61688,22,,,0,55,,61689,22,,,0,16,,61690,22,,,0,15,,61691,22,,,0,15,,61692,22,,,0,55,,61693,22,,,0,15,,61694,22,,,0,18,,61695,21,,,0,20,,61696,21,,,0,60,,61697,21,,,0,18,,61698,21,,,0,20,,61699,21,,,0,60,,61700,21,,,0,20,,61701,21,,,0,20,,61702,21,,,0,60,,61703,21,,,0,14,,61704,21,,,0,70,,61705,21,,,0,30,,61706,21,0,18 17,0,70,,61707,21,0,18 17,0
663601,'1_merged_15288063',2153,,67713,39,4,,0,70,,67715,39,4,,0,187,,67720,39,4,,0,29,,67721,39,4,,0
663601,'2_merged_15288065',2404,,67748,39,4,,0,20,,67754,39,4,,0
663601,'3_merged_15288064',2054,,67849,39,4,,0,68,,67852,39,4,,0,30,,67853,39,4,,0,248,,67839,39,4,,0,30,,67840,39,4,,0
683001,'1_merged_15288063',2628,,95446,20,,,0,31,,95447,20,,,0,70,,95448,20,,,0,30,,95449,20,,,0,70,,95450,20,,,0,29,,95451,20,,,0
683001,'2_merged_15288065',2633,,95457,20,,,0,74,,95453,20,,,0,30,,95452,20,,,0,70,,95456,20,,,0,32,,95455,20,,,0,74,,95454,20,,,0
683001,'3_merged_15288064',2630,,95459,20,,,0,70,,95458,20,,,0,30,,95463,20,,,0,70,,95462,20,,,0,30,,95461,20,,,0,80,,95460,20,,,0
