665201,'1_merged_15291795',529,,73386,20,,,0,77,,73385,20,,,0,28,,73378,20,,,0,68,,73377,20,,,0,32,,73379,20,,,0,70,,73404,20,,,0,31,,73397,20,,,0,73,,73398,20,,,0,28,,73400,20,,,0,70,,73401,20,,,0,27,,73402,20,,,0,70,,73383,20,,,0,30,,73390,20,,,0,70,,73391,20,,,0,30,,73381,20,,,0,70,,73376,20,,,0,31,,73396,20,,,0,70,,73399,20,,,0,33,,73373,20,,,0,72,,73374,20,,,0,30,,73380,20,,,0,72,,73384,20,,,0,30,,73392,20,,,0,71,,73393,20,,,0,30,,73372,20,,,0,67,,73382,20,,,0,31,,73395,20,,,0,67,,73389,20,,,0,26,,73394,20,,,0,69,,73403,20,,,0,29,,73375,20,,,0,69,,73388,20,,,0,30,,73387,20,,,0,99,,73405,20,,,0,101,,73406,20,,,0,100,,73407,20,,,0
665201,'2_merged_15291797',613,,73442,12,,,0,35,,73413,20,,,0,70,,73432,20,,,0,30,,73420,20,,,0,69,,73415,20,,,0,30,,73435,20,,,0,68,,73434,20,,,0,30,,73418,20,,,0,70,,73433,20,,,0,29,,73426,20,,,0,70,,73421,20,,,0,30,,73422,20,,,0,70,,73408,20,,,0,30,,73425,20,,,0,70,,73440,20,,,0,30,,73414,20,,,0,70,,73412,20,,,0,30,,73411,20,,,0,70,,73410,20,,,0,30,,73419,20,,,0,70,,73431,20,,,0,30,,73430,20,,,0,70,,73429,20,,,0,31,,73428,20,,,0,70,,73427,20,,,0,30,,73423,20,,,0,71,,73409,20,,,0,31,,73436,20,,,0,70,,73424,20,,,0,30,,73441,20,,,0,70,,73417,20,,,0,30,,73416,20,,,0,91,,73439,20,,,0,80,,73438,20,,,0,99,,73437,20,,,0
665201,'3_merged_15291796',717,,73452,12,,,0,29,,73455,20,,,0,70,,73465,20,,,0,30,,73464,20,,,0,69,,73463,20,,,0,30,,73443,20,,,0,70,,73444,20,,,0,30,,73475,20,,,0,70,,73474,20,,,0,30,,73473,20,,,0,69,,73472,20,,,0,30,,73471,20,,,0,70,,73459,20,,,0,30,,73445,20,,,0,70,,73466,20,,,0,30,,73456,20,,,0,70,,73449,20,,,0,30,,73448,20,,,0,70,,73447,20,,,0,30,,73453,20,,,0,70,,73461,20,,,0,30,,73460,20,,,0,71,,73468,20,,,0,31,,73469,20,,,0,71,,73467,20,,,0,29,,73446,20,,,0,70,,73457,20,,,0,30,,73462,20,,,0,70,,73451,20,,,0,30,,73450,20,,,0,70,,73458,20,,,0,106,,73470,20,,,0,96,,73454,20,,,0
666701,'101_merged_15291802',903,,76491,43,,,0
666701,'1_merged_15291795',513,,76519,43,,,0,18,,76559,43,,,0,22,,76492,43,,,0,63,,76493,43,,,0,22,,76494,43,,,0,18,,76495,43,,,0,48,,76496,43,,,0,8,,76497,43,,,0,12,,76498,43,,,0,14,,76563,43,,,0,16,,76564,43,,,0,57,,76499,43,,,0,15,,76500,43,,,0,20,,76501,43,,,0,72,,76502,43,,,0,14,,76503,43,,,0,12,,76504,43,,,0,14,,76562,43,,,0,59,,76520,43,,,0,11,,76521,43,,,0,15,,76558,43,,,0,15,,76505,43,,,0,55,,76506,43,,,0,15,,76507,43,,,0,16,,76508,43,,,0,14,,76509,43,,,0,57,,76510,43,,,0,15,,76511,43,,,0,17,,76561,43,,,0,55,,76522,43,,,0,16,,76523,43,,,0,15,,76557,43,,,0,14,,76512,43,,,0,55,,76513,43,,,0,14,,76514,43,,,0,15,,76515,43,,,0,19,,76516,43,,,0,56,,76517,43,,,0,15,,76518,43,,,0,15,,76560,43,,,0,17,,76524,43,,,0,53,,76525,43,,,0,13,,76556,43,,,0,15,,76526,43,,,0,14,,76527,43,,,0,55,,76528,43,,,0,15,,76529,43,,,0,16,,76530,43,,,0,15,,76531,43,,,0,51,,76532,43,,,0,16,,76533,43,,,0,15,,76555,43,,,0,15,,76540,43,,,0,55,,76552,43,,,0,13,,76553,43,,,0,15,,76534,43,,,0,14,,76535,43,,,0,15,,76536,43,,,0,56,,76537,43,,,0,15,,76538,43,,,0,14,,76539,43,,,0,15,,76554,43,,,0,59,,76541,43,,,0,18,,76551,43,,,0,19,,76542,43,,,0,67,,76543,43,,,0,27,,76544,43,,,0,72,,76545,43,,,0,31,,76546,43,,,0,70,,76547,43,,,0,26,,76548,43,,,0,70,,76549,43,,,0,30,,76550,43,,,0
666701,'2_merged_15291797',625,,76573,43,,,0,29,,76574,43,,,0,60,,76591,43,,,0,21,,76592,43,,,0,19,,76588,43,,,0,55,,76593,43,,,0,16,,76594,43,,,0,14,,76595,43,,,0,16,,76596,43,,,0,55,,76597,43,,,0,11,,76565,43,,,0,10,,76598,43,,,0,14,,76599,43,,,0,14,,76600,43,,,0,53,,76601,43,,,0,16,,76602,43,,,0,21,,76603,43,,,0,55,,76604,43,,,0,15,,76605,43,,,0,16,,76606,43,,,0,16,,76608,43,,,0,55,,76609,43,,,0,15,,76610,43,,,0,17,,76607,43,,,0,12,,76611,43,,,0,54,,76587,43,,,0,13,,76612,43,,,0,16,,76613,43,,,0,14,,76614,43,,,0,55,,76616,43,,,0,15,,76617,43,,,0,15,,76618,43,,,0,19,,76619,43,,,0,55,,76620,43,,,0,17,,76621,43,,,0,15,,76622,43,,,0,16,,76623,43,,,0,55,,76624,43,,,0,13,,76625,43,,,0,15,,76626,43,,,0,16,,76627,43,,,0,55,,76628,43,,,0,13,,76629,43,,,0,15,,76630,43,,,0,14,,76631,43,,,0,55,,76566,43,,,0,14,,76567,43,,,0,22,,76568,43,,,0,14,,76569,43,,,0,49,,76590,43,,,0,14,,76570,43,,,0,15,,76571,43,,,0,15,,76589,43,,,0,54,,76572,43,,,0,17,,76576,43,,,0,19,,76575,43,,,0,17,,76577,43,,,0,62,,76578,43,,,0,30,,76615,43,,,0,73,,76579,43,,,0,31,,76580,43,,,0,75,,76581,43,,,0,26,,76582,43,,,0,69,,76583,43,,,0,32,,76584,43,,,0,70,,76585,43,,,0,25,,76586,43,,,0
666701,'3_merged_15291796',734,,76647,43,,,0,20,,76648,43,,,0,57,,76633,43,,,0,16,,76649,43,,,0,15,,76650,43,,,0,14,,76646,43,,,0,52,,76632,43,,,0,13,,76651,43,,,0,16,,76652,43,,,0,12,,76653,43,,,0,52,,76654,43,,,0,9,,76655,43,,,0,19,,76656,43,,,0,17,,76657,43,,,0,55,,76658,43,,,0,14,,76659,43,,,0,17,,76660,43,,,0,15,,76661,43,,,0,55,,76662,43,,,0,16,,76641,43,,,0,15,,76642,43,,,0,17,,76643,43,,,0,54,,76663,43,,,0,14,,76664,43,,,0,15,,76665,43,,,0,16,,76666,43,,,0,55,,76667,43,,,0,16,,76668,43,,,0,14,,76669,43,,,0,15,,76670,43,,,0,56,,76671,43,,,0,14,,76672,43,,,0,17,,76640,43,,,0,13,,76673,43,,,0,54,,76674,43,,,0,16,,76675,43,,,0,16,,76676,43,,,0,15,,76677,43,,,0,53,,76678,43,,,0,18,,76679,43,,,0,12,,76680,43,,,0,16,,76681,43,,,0,55,,76682,43,,,0,13,,76683,43,,,0,16,,76684,43,,,0,15,,76685,43,,,0,55,,76645,43,,,0,16,,76686,43,,,0,11,,76687,43,,,0,14,,76644,43,,,0,15,,76688,43,,,0,55,,76689,43,,,0,20,,76690,43,,,0,21,,76691,43,,,0,67,,76692,43,,,0,29,,76693,43,,,0,69,,76634,43,,,0,35,,76635,43,,,0,67,,76636,43,,,0,28,,76637,43,,,0,70,,76638,43,,,0,31,,76639,43,,,0
683801,'1_merged_15291795',2507,,95696,10,,,0,29,,95692,10,,,0,70,,95691,10,,,0,30,,95690,10,,,0,73,,95693,10,,,0,27,,95694,10,,,0,69,,95695,10,,,0,40,,95688,10,,,0,70,,95689,10,,,0
683801,'2_merged_15291797',2536,,95698,10,,,0,77,,95700,10,,,0,21,,95699,10,,,0,20,,95701,10,,,0,63,,95702,10,,,0,20,,95703,10,,,0,20,,95704,10,,,0,67,,95705,10,,,0,30,,95706,10,,,0,69,,95697,10,,,0
683801,'3_merged_15291796',2533,,95708,10,,,0,70,,95707,10,,,0,31,,95709,10,,,0,79,,95710,10,,,0,17,,95711,10,,,0,74,,95712,10,,,0,30,,95713,10,,,0,80,,95714,10,,,0
