674901,'101_merged_15529707',1513,,150981,3,,,0,10,,150980,17,,,0
674901,'1_merged_15529700',401,,150994,3,,,0,30,,151023,3,,,0,22,,151024,17,,,0,68,,151025,17,,,0,9,,151026,3,,,0,21,,150983,17,,,0,49,,151027,3,,,0,22,,151028,17,,,0,10,,151029,17,,,0,20,,151030,17,,,0,48,,150990,17,,,0,18,,151031,17,,,0,10,,151032,17,,,0,20,,151033,17,,,0,57,,151034,17,,,0,16,,151035,3,,,0,17,,151036,17,,,0,15,,151037,17,,,0,54,,151038,3,,,0,14,,150991,17,,,0,15,,151039,3,,,0,15,,151040,17,,,0,55,,151041,3,,,0,15,,151042,17,,,0,15,,151043,3,,,0,15,,151044,17,,,0,8,,151045,4,,,0,57,,151046,17,,,0,17,,151047,3,,,0,16,,151048,17,,,0,55,,151049,3,,,0,15,,151050,17,,,0,15,,151051,3,,,0,15,,151052,17,,,0,54,,151053,3,,,0,18,,151054,17,,,0,15,,151055,3,,,0,15,,151056,17,,,0,55,,151012,3,,,0,14,,151013,17,,,0,19,,150989,17,,,0,63,,151014,17,,,0,27,,151015,17,,,0,18,,151016,17,,,0,7,,151017,4,,,0,5,,151018,17,,,0,58,,151019,17,,,0,15,,151020,17,,,0,15,,151021,17,,,0,58,,151022,17,,,0,14,,150985,17,,,0,13,,150988,17,,,0,13,,151010,17,,,0,55,,150997,17,,,0,15,,150998,17,,,0,18,,150999,17,,,0,12,,151000,17,,,0,55,,151001,17,,,0,15,,151002,17,,,0,15,,150992,17,,,0,17,,150984,17,,,0,54,,150996,17,,,0,15,,151003,17,,,0,30,,151004,17,,,0,70,,151005,17,,,0,16,,151006,4,,,0,17,,150986,17,,,0,62,,151011,17,,,0,21,,150995,4,,,0,19,,151007,17,,,0,65,,151008,17,,,0,30,,150987,17,,,0,70,,151009,17,,,0,30,,150993,17,,,0,70,,151057,17,,,0
674901,'201',1513,,151059,3,,,0,10,,151058,17,,,0
674901,'2_merged_15529702',525,,151060,17,,,0,29,,151061,3,,,0,66,,151062,17,,,0,28,,151063,3,,,0,57,,151064,17,,,0,15,,151065,3,,,0,15,,151066,17,,,0,13,,151067,3,,,0,55,,151068,17,,,0,15,,151069,3,,,0,15,,151070,17,,,0,15,,151071,3,,,0,55,,151072,17,,,0,15,,151073,3,,,0,15,,151074,17,,,0,15,,151075,3,,,0,55,,151076,17,,,0,15,,151077,3,,,0,14,,151078,17,,,0,15,,151079,3,,,0,55,,151080,17,,,0,14,,151081,3,,,0,14,,151082,17,,,0,18,,151083,3,,,0,55,,151084,17,,,0,15,,151085,3,,,0,15,,151086,17,,,0,15,,151087,3,,,0,55,,151088,17,,,0,15,,151089,3,,,0,15,,151090,17,,,0,15,,151091,3,,,0,55,,151092,17,,,0,15,,151093,3,,,0,15,,151094,17,,,0,15,,151095,3,,,0,55,,151096,17,,,0,15,,151097,3,,,0,15,,151098,17,,,0,15,,151099,3,,,0,55,,151100,17,,,0,20,,151101,3,,,0,15,,151102,17,,,0,15,,151103,3,,,0,55,,151104,17,,,0,15,,151105,3,,,0,15,,151106,17,,,0,15,,151107,3,,,0,55,,151108,17,,,0,15,,151109,3,,,0,15,,151110,17,,,0,11,,151111,3,,,0,59,,151112,17,,,0,15,,151113,17,,,0,15,,151114,17,,,0,15,,151115,17,,,0,63,,151116,17,,,0,30,,151117,17,,,0,70,,151118,17,,,0,30,,151119,17,,,0,70,,151120,17,,,0,30,,151121,17,,,0,70,,151122,17,,,0,30,,151123,17,,,0,70,,151124,17,,,0,30,,151125,17,,,0,68,,151126,17,,,0
674901,'3_merged_15529701',619,,151160,3,,,0,30,,151152,3,,,0,70,,151151,17,,,0,29,,151150,17,,,0,55,,151149,3,,,0,15,,151148,17,,,0,15,,151185,3,,,0,15,,151184,17,,,0,55,,151183,3,,,0,15,,151182,17,,,0,15,,151181,3,,,0,15,,151180,17,,,0,57,,151179,3,,,0,14,,151178,17,,,0,16,,151135,3,,,0,15,,151134,17,,,0,56,,151177,3,,,0,13,,151176,17,,,0,15,,151175,3,,,0,15,,151174,17,,,0,55,,151173,3,,,0,15,,151172,17,,,0,12,,151171,3,,,0,18,,151170,17,,,0,55,,151169,3,,,0,14,,151168,17,,,0,16,,151167,3,,,0,14,,151166,17,,,0,56,,151147,3,,,0,14,,151146,17,,,0,17,,151145,3,,,0,5,,151144,17,,,0,64,,151143,3,,,0,14,,151142,17,,,0,17,,151141,3,,,0,13,,151140,17,,,0,57,,151139,3,,,0,13,,151138,17,,,0,15,,151137,3,,,0,15,,151159,17,,,0,55,,151158,3,,,0,14,,151157,17,,,0,14,,151156,3,,,0,17,,151155,17,,,0,54,,151154,3,,,0,16,,151153,17,,,0,15,,151136,3,,,0,15,,151133,17,,,0,58,,151132,3,,,0,14,,151131,17,,,0,15,,151129,3,,,0,14,,151130,17,,,0,57,,151128,3,,,0,15,,151127,17,,,0,15,,151189,3,,,0,20,,151188,17,,,0,70,,151165,17,,,0,30,,151187,17,,,0,71,,151186,17,,,0,30,,151161,17,,,0,72,,151162,17,,,0,72,,151163,17,,,0,27,,151190,17,,,0,29,,151164,17,,,0
722401,'101_merged_15529707',1522,,155848,3,,,0
722401,'1_merged_15529700',421,,155871,3,,,0,20,,155870,3,,,0,60,,155869,3,,,0,20,,155873,3,,,0,15,,155868,3,,,0,71,,155867,3,,,0,22,,155882,3,,,0,24,,155866,3,,,0,58,,155865,3,,,0,14,,155874,3,,,0,15,,155883,3,,,0,17,,155864,3,,,0,62,,155863,3,,,0,18,,155875,3,,,0,69,,155862,3,,,0,32,,155861,3,,,0,68,,155860,3,,,0,30,,155859,3,,,0,70,,155858,3,,,0,30,,155857,3,,,0,70,,155856,3,,,0,30,,155855,3,,,0,70,,155854,3,,,0,30,,155853,3,,,0,70,,155852,3,,,0,20,,155851,3,,,0,18,,155850,3,,,0,59,,155884,3,,,0,36,,155849,3,,,0,17,,155876,3,,,0,60,,155872,3,,,0,20,,155880,3,,,0,20,,155885,3,,,0,60,,155877,3,,,0,20,,155879,3,,,0,65,,155878,3,,,0,30,,155881,3,,,0,25,,155886,3,,,0,101,,155887,3,,,0,99,,155888,3,,,0
722401,'201',1522,,155891,3,,,0
3182101,'1_merged_15529700',533,,166774,22,,,0,70,,166798,22,,,0,31,,166797,22,,,0,70,,166796,22,,,0,30,,166795,22,,,0
3182201,'1_merged_15529700',530,,166926,18,,,0,70,,166927,18,,,0,31,,166928,18,,,0,69,,166929,18,,,0,30,,166930,18,,,0
3404200,'1_merged_15529700',1712,,168092,3,,,0
3404300,'101_merged_15529707',1601,,168186,3,,,0
3404300,'1_merged_15529700',531,,168206,3,,,0,100,,168205,3,,,0,74,,168188,3,,,0,26,,168204,3,,,0,70,,168209,3,,,0,30,,168203,3,,,0,100,,168202,3,,,0,75,,168210,3,,,0,25,,168201,3,,,0,70,,168211,3,,,0,30,,168200,3,,,0,100,,168199,3,,,0,100,,168198,3,,,0,100,,168197,3,,,0,100,,168196,3,,,0,111,,168208,3,,,0,68,,168189,3,,,0,3,,168207,3,,,0,29,,168187,3,,,0,80,,168193,3,,,0,93,,168192,3,,,0,99,,168191,3,,,0,102,,168190,3,,,0
3404300,'201',1601,,168212,3,,,0
3404300,'2_merged_15529702',906,,168218,3,,,0,100,,168219,3,,,0,100,,168217,3,,,0,98,,168220,3,,,0,102,,168216,3,,,0,100,,168221,3,,,0,100,,168215,3,,,0,100,,168222,3,,,0,100,,168214,3,,,0,100,,168223,3,,,0,95,,168213,3,,,0
3404300,'3_merged_15529701',901,,168229,3,,,0,100,,168230,3,,,0,100,,168228,3,,,0,100,,168231,3,,,0,100,,168227,3,,,0,100,,168232,3,,,0,100,,168226,3,,,0,100,,168233,3,,,0,100,,168225,3,,,0,100,,168234,3,,,0,100,,168224,3,,,0
