664601,'101_merged_15524987',858,,130947,29,,,0,766,,130945,29,,,0
664601,'1_merged_15524980',505,,130962,18,,,0,30,,130965,18,,,0,67,,130989,29,,,0,20,,130973,29,,,0,22,,130972,29,,,0,60,,130971,29,,,0,21,,130983,29,,,0,21,,130977,29,,,0,61,,130959,29,,,0,15,,130979,29,,,0,20,,130993,29,,,0,72,,130951,29,,,0,29,,130957,29,,,0,70,,130954,29,,,0,29,,130987,29,,,0,70,,130982,29,,,0,30,,130975,29,,,0,70,,130970,29,,,0,30,,130969,29,,,0,70,,130976,29,,,0,31,,130980,29,,,0,70,,130949,29,,,0,30,,130967,29,,,0,62,,130966,29,,,0,19,,130992,29,,,0,20,,130955,29,,,0,60,,130991,29,,,0,40,,130968,29,,,0,60,,130953,29,,,0,20,,130963,29,,,0,19,,130952,29,,,0,60,,130978,29,,,0,20,,130958,29,,,0,23,,130956,29,,,0,68,,130990,29,,,0,30,,130960,29,,,0,70,,130988,29,,,0,30,,130950,29,,,0,68,,130964,29,,,0,28,,130981,29,,,0,70,,130986,29,,,0,40,,130985,29,,,0,103,,130984,29,,,0,100,,130974,29,,,0,100,,130961,29,,,0
664601,'201',858,,130994,29,,,0,766,,130995,29,,,0
664601,'2_merged_15524982',641,,131009,29,,,0,70,,131002,29,,,0,29,,131000,29,,,0,72,,131015,29,,,0,36,,131016,29,,,0,71,,131017,29,,,0,20,,130996,29,,,0,71,,131006,29,,,0,26,,131019,29,,,0,77,,131012,29,,,0,30,,131021,29,,,0,71,,131022,29,,,0,32,,131023,29,,,0,68,,131025,29,,,0,31,,131020,29,,,0,70,,130997,29,,,0,32,,130998,29,,,0,69,,130999,29,,,0,27,,131031,29,,,0,70,,131026,29,,,0,29,,131029,29,,,0,69,,131027,29,,,0,31,,131028,29,,,0,68,,131030,29,,,0,30,,131013,29,,,0,71,,131007,29,,,0,29,,131008,29,,,0,68,,131014,29,,,0,30,,131003,29,,,0,70,,131018,29,,,0,29,,131024,29,,,0,72,,131004,29,,,0,50,,131005,29,,,0,95,,131001,29,,,0,99,,131010,29,,,0,100,,131011,29,,,0
664601,'3_merged_15524981',801,,131046,29,,,0,30,,131043,29,,,0,70,,131048,29,,,0,31,,131039,29,,,0,73,,131040,29,,,0,30,,131038,29,,,0,70,,131062,29,,,0,30,,131059,29,,,0,70,,131060,29,,,0,30,,131041,29,,,0,70,,131042,29,,,0,30,,131061,29,,,0,71,,131032,29,,,0,30,,131047,29,,,0,69,,131049,29,,,0,30,,131050,29,,,0,70,,131051,29,,,0,30,,131052,29,,,0,70,,131053,29,,,0,29,,131054,29,,,0,69,,131055,29,,,0,30,,131056,29,,,0,70,,131064,29,,,0,30,,131034,29,,,0,69,,131035,29,,,0,30,,131058,29,,,0,70,,131057,29,,,0,30,,131045,29,,,0,70,,131063,29,,,0,57,,131036,29,,,0,144,,131037,29,,,0,47,,131033,29,,,0,108,,131044,29,,,0
665701,'1_merged_15524980',551,,133651,19,,,0,64,,133641,26,,,0,31,,133635,26,,,0,60,,133595,26,,,0,20,,133614,26,,,0,17,,133632,26,,,0,15,,133640,26,,,0,56,,133643,26,,,0,15,,133631,26,,,0,14,,133611,26,,,0,15,,133630,26,,,0,57,,133610,26,,,0,15,,133644,26,,,0,15,,133625,26,,,0,55,,133633,26,,,0,14,,133649,26,,,0,15,,133597,26,,,0,14,,133626,26,,,0,15,,133592,26,,,0,55,,133598,26,,,0,14,,133621,26,,,0,15,,133627,26,,,0,15,,133637,26,,,0,55,,133599,26,,,0,15,,133636,26,,,0,15,,133628,26,,,0,15,,133648,26,,,0,55,,133600,26,,,0,15,,133645,26,,,0,15,,133629,26,,,0,15,,133646,26,,,0,55,,133601,26,,,0,17,,133620,26,,,0,15,,133608,26,,,0,14,,133617,26,,,0,55,,133602,26,,,0,13,,133591,26,,,0,14,,133609,26,,,0,16,,133604,26,,,0,54,,133596,26,,,0,17,,133612,26,,,0,16,,133603,26,,,0,15,,133605,26,,,0,55,,133634,26,,,0,15,,133619,26,,,0,15,,133616,26,,,0,14,,133652,26,,,0,53,,133606,26,,,0,14,,133613,26,,,0,15,,133593,26,,,0,15,,133607,26,,,0,54,,133654,26,,,0,25,,133622,26,,,0,69,,133653,26,,,0,28,,133615,26,,,0,29,,133647,26,,,0,67,,133642,26,,,0,27,,133638,26,,,0,69,,133618,26,,,0,30,,133594,26,,,0,70,,133623,26,,,0,30,,133639,26,,,0,73,,133624,26,,,0,33,,133650,26,,,0
665701,'2_merged_15524982',708,,133678,26,,,0,101,,133665,26,,,0,33,,133657,26,,,0,76,,133675,26,,,0,35,,133661,26,,,0,75,,133667,26,,,0,29,,133658,26,,,0,60,,133693,26,,,0,21,,133679,26,,,0,20,,133694,26,,,0,65,,133671,26,,,0,19,,133688,26,,,0,60,,133695,26,,,0,20,,133670,26,,,0,20,,133674,26,,,0,60,,133696,26,,,0,20,,133676,26,,,0,20,,133689,26,,,0,60,,133697,26,,,0,20,,133690,26,,,0,20,,133666,26,,,0,60,,133698,26,,,0,20,,133663,26,,,0,20,,133687,26,,,0,60,,133656,26,,,0,22,,133659,26,,,0,20,,133684,26,,,0,60,,133691,26,,,0,20,,133683,26,,,0,20,,133686,26,,,0,60,,133664,26,,,0,20,,133672,26,,,0,20,,133685,26,,,0,58,,133660,26,,,0,23,,133662,26,,,0,30,,133681,26,,,0,67,,133680,26,,,0,32,,133669,26,,,0,70,,133668,26,,,0,29,,133655,26,,,0,70,,133673,26,,,0,30,,133677,26,,,0,70,,133692,26,,,0,30,,133682,26,,,0
665701,'3_merged_15524981',833,,133727,26,,,0,101,,133728,26,,,0,70,,133699,26,,,0,30,,133707,26,,,0,69,,133732,26,,,0,30,,133700,26,,,0,70,,133709,26,,,0,30,,133706,26,,,0,70,,133708,26,,,0,30,,133713,26,,,0,70,,133722,26,,,0,30,,133721,26,,,0,70,,133711,26,,,0,30,,133719,26,,,0,70,,133718,26,,,0,30,,133717,26,,,0,71,,133716,26,,,0,30,,133704,26,,,0,70,,133720,26,,,0,30,,133723,26,,,0,69,,133715,26,,,0,30,,133731,26,,,0,70,,133730,26,,,0,30,,133729,26,,,0,70,,133714,26,,,0,30,,133712,26,,,0,70,,133705,26,,,0,28,,133703,26,,,0,70,,133702,26,,,0,29,,133701,26,,,0,70,,133710,26,,,0,19,,133725,26,,,0,35,,133724,26,,,0
3329200,'1_merged_15524980',1920,,167476,10,,,0,29,,167486,10,,,0,71,,167485,10,,,0,30,,167484,10,,,0,72,,167483,10,,,0,25,,167479,10,,,0,70,,167478,10,,,0,25,,167482,10,,,0,72,,167481,10,,,0,27,,167480,10,,,0,104,,167474,10,,,0
3329200,'2_merged_15524982',1924,,167533,10,,,0,30,,167532,10,,,0,68,,167531,10,,,0,28,,167523,10,,,0,73,,167530,10,,,0,28,,167529,10,,,0,70,,167528,10,,,0,26,,167527,10,,,0,71,,167526,10,,,0,30,,167525,10,,,0,90,,167524,10,,,0
3329200,'3_merged_15524981',1910,,167575,10,,,0,31,,167574,10,,,0,68,,167573,10,,,0,34,,167572,10,,,0,70,,167571,10,,,0,29,,167570,10,,,0,69,,167569,10,,,0,29,,167568,10,,,0,67,,167567,10,,,0,32,,167566,10,,,0,100,,167565,10,,,0
3329201,'1_merged_15524980',1840,,167632,18,,,0,69,,167619,18,,,0,33,,167618,18,,,0,66,,167617,18,,,0,29,,167616,18,,,0,71,,167615,18,,,0,32,,167614,18,,,0,69,,167612,18,,,0,28,,167611,18,,,0,69,,167610,18,,,0,33,,167609,18,,,0,98,,167608,18,,,0
3329201,'2_merged_15524982',1909,,167672,18,,,0,32,,167671,18,,,0,72,,167670,18,,,0,31,,167669,18,,,0,70,,167649,18,,,0,30,,167647,18,,,0,72,,167655,18,,,0,28,,167654,18,,,0,65,,167653,18,,,0,32,,167652,18,,,0,98,,167651,18,,,0
3329201,'3_merged_15524981',1905,,167692,18,,,0,34,,167691,18,,,0,70,,167690,18,,,0,30,,167689,18,,,0,71,,167688,18,,,0,29,,167687,18,,,0,71,,167686,18,,,0,29,,167685,18,,,0,69,,167684,18,,,0,100,,167683,18,,,0
