667200,'101_merged_15288070',1519,,76927,13,4,,0,9,,76928,19,4,,0
667200,'1_merged_15288063',605,,76945,23,4,,0,11,,76946,23,4,,0,17,,76951,35,4,,0,7,,76956,35,4,,0,15,,76929,35,4,,0,55,,76950,35,4,,0,20,,76936,35,4,,0,19,,76972,35,4,,0,55,,76959,35,4,,0,16,,76960,35,4,,0,24,,76971,35,4,,0,12,,76949,35,4,,0,53,,76930,35,4,,0,18,,76937,35,4,,0,15,,76952,35,4,,0,65,,76934,35,4,,0,30,,76939,35,4,,0,70,,76935,35,4,,0,30,,76967,35,4,,0,70,,76941,35,4,,0,32,,76963,35,4,,0,70,,76973,35,4,,0,30,,76970,35,4,,0,70,,76942,35,4,,0,28,,76964,35,4,,0,69,,76948,35,4,,0,29,,76947,35,4,,0,70,,76931,35,4,,0,26,,76966,35,4,,0,5,,76944,35,4,,0,15,,76961,35,4,,0,55,,76974,35,4,,0,19,,76957,35,4,,0,18,,76933,35,4,,0,62,,76940,35,4,,0,12,,76943,35,4,,0,16,,76955,35,4,,0,4,,76958,35,4,,0,21,,76953,35,4,,0,58,,76969,35,4,,0,10,,76938,35,4,,0,17,,76932,35,4,,0,12,,76968,35,4,,0,57,,76962,35,4,,0,31,,76954,35,4,,0
667200,'2_merged_15288065',601,,76994,23,4,,0,31,,76985,23,4,,0,70,,76984,23,4,,0,30,,76997,35,4,,0,71,,76983,35,4,,0,31,,76995,35,4,,0,70,,76981,35,4,,0,30,,76993,35,4,,0,71,,76989,35,4,,0,30,,76986,35,4,,0,71,,76990,35,4,,0,30,,76976,35,4,,0,70,,76998,35,4,,0,31,,76999,35,4,,0,71,,77000,35,4,,0,28,,77001,35,4,,0,70,,77002,35,4,,0,29,,77003,35,4,,0,20,,76979,35,4,,0,60,,76996,35,4,,0,21,,76978,35,4,,0,19,,77004,35,4,,0,61,,77005,35,4,,0,20,,77006,35,4,,0,21,,77007,35,4,,0,60,,76980,35,4,,0,20,,76977,35,4,,0,20,,76982,35,4,,0,61,,76991,35,4,,0,19,,77010,35,4,,0,20,,76987,35,4,,0,58,,77009,35,4,,0,28,,76992,35,4,,0,70,,76988,35,4,,0,33,,77008,35,4,,0
667200,'3_merged_15288064',734,,77029,23,4,,0,70,,77023,35,4,,0,30,,77016,35,4,,0,71,,77014,35,4,,0,31,,77019,35,4,,0,70,,77018,35,4,,0,31,,77033,35,4,,0,70,,77022,35,4,,0,30,,77021,35,4,,0,71,,77030,35,4,,0,30,,77028,35,4,,0,70,,77027,35,4,,0,30,,77020,35,4,,0,72,,77025,35,4,,0,30,,77011,35,4,,0,70,,77017,35,4,,0,31,,77036,35,4,,0,70,,77035,35,4,,0,29,,77026,35,4,,0,69,,77024,35,4,,0,30,,77013,35,4,,0,69,,77032,35,4,,0,30,,77015,35,4,,0,73,,77031,35,4,,0,27,,77012,35,4,,0,68,,77034,35,4,,0,30,,77037,35,4,,0
667201,'101_merged_15288070',1537,,77038,1,,,0
667201,'1_merged_15288063',524,,77059,1,,,0,31,,77050,1,,,0,57,,77058,1,,,0,15,,77045,1,,,0,15,,77055,1,,,0,9,,77082,1,,,0,49,,77078,1,,,0,9,,77074,1,,,0,13,,77071,1,,,0,11,,77076,1,,,0,12,,77077,1,,,0,13,,77073,1,,,0,55,,77043,1,,,0,16,,77041,1,,,0,12,,77070,1,,,0,11,,77040,1,,,0,56,,77068,1,,,0,20,,77047,1,,,0,26,,77042,1,,,0,70,,77044,1,,,0,30,,77064,1,,,0,69,,77072,1,,,0,29,,77067,1,,,0,69,,77054,1,,,0,26,,77053,1,,,0,78,,77052,1,,,0,26,,77046,1,,,0,68,,77051,1,,,0,32,,77048,1,,,0,67,,77081,1,,,0,10,,77080,1,,,0,72,,77079,1,,,0,15,,77060,1,,,0,22,,77066,1,,,0,12,,77065,1,,,0,60,,77069,1,,,0,18,,77057,1,,,0,15,,77063,1,,,0,16,,77062,1,,,0,55,,77061,1,,,0,19,,77056,1,,,0,20,,77049,1,0,11 12,0,52,,77075,1,,,0
667201,'2_merged_15288065',627,,77093,1,,,0,30,,77092,1,,,0,70,,77087,1,,,0,29,,77090,1,,,0,70,,77085,1,,,0,30,,77096,1,,,0,70,,77083,1,,,0,28,,77100,1,,,0,69,,77099,1,,,0,29,,77095,1,,,0,68,,77106,1,,,0,32,,77094,1,,,0,70,,77105,1,,,0,32,,77098,1,,,0,69,,77089,1,,,0,20,,77104,1,,,0,60,,77110,1,,,0,21,,77111,1,,,0,21,,77112,1,,,0,60,,77086,1,,,0,20,,77103,1,,,0,22,,77097,1,,,0,59,,77107,1,,,0,18,,77108,1,,,0,21,,77109,1,,,0,61,,77102,1,,,0,18,,77084,1,,,0,23,,77113,1,,,0,60,,77091,1,,,0,20,,77114,1,,,0,21,,77101,1,,,0,57,,77115,1,,,0
667201,'3_merged_15288064',657,,77141,1,,,0,70,,77140,1,,,0,30,,77121,1,,,0,69,,77123,1,,,0,29,,77134,1,,,0,69,,77124,1,,,0,30,,77130,1,,,0,69,,77126,1,,,0,31,,77133,1,,,0,68,,77128,1,,,0,30,,77119,1,,,0,70,,77129,1,,,0,30,,77137,1,,,0,70,,77127,1,,,0,31,,77122,1,,,0,70,,77118,1,,,0,30,,77136,1,,,0,70,,77135,1,,,0,31,,77131,1,,,0,69,,77139,1,,,0,31,,77132,1,,,0,70,,77120,1,,,0,31,,77125,1,,,0,70,,77138,1,,,0,30,,77116,1,,,0
667600,'1_merged_15288063',502,,77792,22,4,,0,37,,77832,22,4,,0,61,,77799,30,4,,0,22,,77793,22,4,,0,17,,77800,30,4,,0,14,,77801,30,4,,0,52,,77822,30,4,,0,17,,77817,30,4,,0,17,,77802,30,4,,0,14,,77798,30,4,,0,56,,77780,30,4,,0,19,,77787,30,4,,0,21,,77803,30,4,,0,73,,77814,30,4,,0,26,,77809,30,4,,0,69,,77811,30,4,,0,29,,77830,30,4,,0,70,,77829,30,4,,0,29,,77810,30,4,,0,68,,77828,30,4,,0,28,,77831,30,4,,0,72,,77794,30,4,,0,31,,77824,30,4,,0,71,,77808,30,4,,0,30,,77813,30,4,,0,70,,77786,30,4,,0,30,,77812,30,4,,0,57,,77833,30,4,,0,17,,77788,30,4,,0,10,,77834,30,4,,0,15,,77782,30,4,,0,58,,77783,30,4,,0,18,,77790,30,4,,0,19,,77796,30,4,,0,11,,77797,30,4,,0,51,,77806,30,4,,0,18,,77785,30,4,,0,10,,77827,30,4,,0,18,,77804,30,4,,0,11,,77820,30,4,,0,58,,77815,30,4,,0,13,,77826,30,4,,0,29,,77807,30,4,,0,70,,77805,30,4,,0,31,,77823,30,4,,0,70,,77784,30,4,,0,30,,77821,30,4,,0,68,,77816,30,4,,0,75,,77795,30,4,,0,26,,77789,30,4,,0,28,,77825,30,4,,0,67,,77781,30,4,,0,30,,77791,30,4,,0,71,,77819,30,4,,0,35,,77818,30,4,,0
667600,'2_merged_15288065',522,,77865,16,4,,0,30,,77835,16,4,,0,71,,77866,30,4,,0,31,,77838,30,4,,0,70,,77875,30,4,,0,31,,77848,30,4,,0,70,,77870,30,4,,0,31,,77859,30,4,,0,76,,77858,30,4,,0,82,,77844,30,4,,0,31,,77867,30,4,,0,72,,77843,30,4,,0,30,,77871,30,4,,0,70,,77876,30,4,,0,30,,77869,30,4,,0,70,,77850,30,4,,0,31,,77837,30,4,,0,70,,77874,30,4,,0,32,,77855,30,4,,0,67,,77840,30,4,,0,30,,77856,30,4,,0,70,,77847,30,4,,0,30,,77857,30,4,,0,70,,77841,30,4,,0,30,,77846,30,4,,0,70,,77842,30,4,,0,29,,77860,30,4,,0,68,,77872,30,4,,0,15,,77861,30,4,,0,29,,77873,30,4,,0,71,,77839,30,4,,0,30,,77836,30,4,,0,70,,77845,30,4,,0,30,,77852,30,4,,0,69,,77854,30,4,,0,30,,77853,30,4,,0,69,,77862,30,4,,0,30,,77868,30,4,,0,69,,77863,30,4,,0,31,,77851,30,4,,0,69,,77864,30,4,,0,32,,77849,30,4,,0
667600,'3_merged_15288064',656,,77877,16,4,,0,99,,77890,30,4,,0,100,,77889,30,4,,0,69,,77908,30,4,,0,29,,77907,30,4,,0,71,,77909,30,4,,0,31,,77902,30,4,,0,71,,77879,30,4,,0,30,,77878,30,4,,0,72,,77906,30,4,,0,31,,77905,30,4,,0,70,,77891,30,4,,0,30,,77885,30,4,,0,71,,77897,30,4,,0,72,,77898,30,4,,0,30,,77899,30,4,,0,69,,77900,30,4,,0,30,,77883,30,4,,0,27,,77886,30,4,,0,71,,77903,30,4,,0,29,,77881,30,4,,0,70,,77894,30,4,,0,29,,77904,30,4,,0,71,,77882,30,4,,0,73,,77893,30,4,,0,26,,77887,30,4,,0,30,,77896,30,4,,0,69,,77884,30,4,,0,29,,77880,30,4,,0,70,,77888,30,4,,0,30,,77895,30,4,,0,69,,77901,30,4,,0,76,,77892,30,4,,0
667601,'101_merged_15288070',758,,77910,1,,,0,783,,77911,1,,,0
667601,'1_merged_15288063',511,,77918,1,,,0,40,,77952,1,,,0,54,,77920,1,,,0,26,,77931,1,,,0,17,,77947,1,,,0,52,,77913,1,,,0,10,,77922,1,,,0,17,,77940,1,,,0,18,,77926,1,,,0,70,,77954,1,,,0,18,,77960,1,,,0,21,,77921,1,,,0,61,,77953,1,,,0,29,,77955,1,,,0,70,,77924,1,,,0,30,,77948,1,,,0,70,,77914,1,,,0,28,,77915,1,,,0,72,,77936,1,,,0,32,,77949,1,,,0,68,,77935,1,,,0,30,,77958,1,,,0,69,,77930,1,,,0,30,,77942,1,,,0,71,,77943,1,,,0,40,,77965,1,,,0,61,,77945,1,,,0,10,,77929,1,,,0,19,,77919,1,,,0,11,,77934,1,,,0,58,,77957,1,,,0,12,,77928,1,,,0,19,,77959,1,,,0,13,,77923,1,,,0,59,,77941,1,,,0,15,,77932,1,,,0,15,,77944,1,,,0,57,,77951,1,,,0,18,,77946,1,,,0,13,,77950,1,,,0,69,,77925,1,,,0,31,,77938,1,,,0,71,,77956,1,,,0,30,,77927,1,,,0,70,,77937,1,,,0,30,,77939,1,,,0,72,,77933,1,,,0,29,,77916,1,,,0,73,,77917,1,,,0,28,,77961,1,,,0,71,,77962,1,,,0,21,,77963,1,0,54 15,0,75,,77964,1,0,54 15,0
667601,'2_merged_15288065',537,,77976,1,,,0,69,,77997,1,,,0,29,,77967,1,,,0,70,,78001,1,,,0,30,,77999,1,,,0,69,,78000,1,,,0,30,,77970,1,,,0,68,,77966,1,,,0,28,,78005,1,,,0,29,,77991,1,,,0,69,,77973,1,,,0,30,,77981,1,,,0,70,,77974,1,,,0,29,,77975,1,,,0,70,,77968,1,,,0,31,,77979,1,,,0,69,,77969,1,,,0,30,,77989,1,,,0,70,,78003,1,,,0,30,,77983,1,,,0,70,,78002,1,,,0,30,,77984,1,,,0,71,,78004,1,,,0,30,,77993,1,,,0,69,,77971,1,,,0,73,,77977,1,,,0,30,,77985,1,,,0,70,,77986,1,,,0,30,,77990,1,,,0,70,,77982,1,,,0,30,,77978,1,,,0,70,,77988,1,,,0,30,,77980,1,,,0,74,,77998,1,,,0,29,,77996,1,,,0,70,,77994,1,,,0,30,,77992,1,,,0,71,,77995,1,,,0,30,,77987,1,,,0,73,,77972,1,,,0
667601,'3_merged_15288064',703,,78026,1,,,0,100,,78010,1,,,0,99,,78017,1,,,0,28,,78037,1,,,0,71,,78021,1,,,0,30,,78038,1,,,0,28,,78025,1,,,0,72,,78018,1,,,0,69,,78028,1,,,0,29,,78013,1,,,0,30,,78023,1,,,0,71,,78027,1,,,0,71,,78029,1,,,0,28,,78015,1,,,0,72,,78036,1,,,0,30,,78034,1,,,0,70,,78006,1,,,0,30,,78033,1,,,0,70,,78011,1,,,0,30,,78008,1,,,0,71,,78007,1,,,0,31,,78031,1,,,0,71,,78030,1,,,0,30,,78024,1,,,0,72,,78022,1,,,0,30,,78020,1,,,0,70,,78032,1,,,0,30,,78019,1,,,0,69,,78012,1,,,0,28,,78035,1,,,0,72,,78014,1,,,0,30,,78016,1,0,54 15,0,70,,78009,1,0,54 15,0
1671700,'1_merged_15288063',2115,,98135,45,4,,0,27,,98134,45,4,,0,66,,98133,45,4,,0,29,,98132,45,4,,0,70,,98131,45,4,,0,29,,98130,45,4,,0,70,,98129,45,4,,0,29,,98128,45,4,,0,70,,98126,45,4,,0,27,,98127,45,4,,0
1671700,'2_merged_15288065',2106,,98144,45,4,,0,29,,98143,45,4,,0,71,,98142,45,4,,0,31,,98141,45,4,,0,70,,98140,45,4,,0,28,,98136,45,4,,0,70,,98139,45,4,,0,32,,98138,45,4,,0,97,,98137,45,4,,0
1671700,'3_merged_15288064',2110,,98152,45,4,,0,30,,98151,45,4,,0,68,,98150,45,4,,0,30,,98149,45,4,,0,71,,98148,45,4,,0,28,,98147,45,4,,0,70,,98146,45,4,,0,24,,98145,45,4,,0,70,,98154,45,4,,0,29,,98153,45,4,,0
1671701,'1_merged_15288063',1931,,98157,1,,,0,69,,98156,1,,,0,26,,98155,1,,,0,30,,98168,1,,,0,70,,98167,1,,,0,31,,98166,1,,,0,69,,98165,1,,,0,27,,98164,1,,,0,74,,98163,1,,,0,31,,98162,1,,,0,71,,98158,1,0,11 12,0,11,,98161,1,0,11 12,0,99,,98160,1,0,11 12,0
1671701,'2_merged_15288065',1924,,98171,1,,,0,29,,98170,1,,,0,69,,98169,1,,,0,29,,98181,1,,,0,71,,98180,1,,,0,32,,98179,1,,,0,70,,98178,1,,,0,31,,98177,1,,,0,70,,98176,1,,,0,30,,98175,1,,,0,60,,98182,1,0,11 12,0,28,,98174,1,0,11 12,0,99,,98173,1,0,11 12,0
1671701,'3_merged_15288064',1926,,98183,1,,,0,30,,98196,1,,,0,70,,98195,1,,,0,30,,98194,1,,,0,70,,98193,1,,,0,30,,98192,1,,,0,68,,98191,1,,,0,31,,98190,1,,,0,70,,98189,1,,,0,29,,98188,1,,,0,70,,98187,1,0,11 12,0,20,,98186,1,0,11 12,0,93,,98185,1,,,0
