665901,'101_merged_15291802',1527,,74554,9,,,0
666101,'1_merged_15291795',527,,75057,19,,,0,13,,75058,19,,,0,17,,75027,19,,,0,55,,75028,19,,,0,15,,75029,19,,,0,15,,75030,19,,,0,15,,75031,19,,,0,53,,75032,19,,,0,19,,75033,19,,,0,16,,75034,19,,,0,13,,75035,19,,,0,56,,75036,19,,,0,19,,75037,19,,,0,12,,75038,19,,,0,56,,75039,19,,,0,13,,75040,19,,,0,20,,75041,19,,,0,20,,75042,19,,,0,70,,75043,19,,,0,30,,75044,19,,,0,70,,75045,19,,,0,30,,75046,19,,,0,70,,75047,19,,,0,30,,75048,19,,,0,70,,75049,19,,,0,31,,75050,19,,,0,68,,75051,19,,,0,30,,75052,19,,,0,65,,75053,19,,,0,13,,75054,19,,,0,16,,75075,19,,,0,55,,75055,19,,,0,18,,75056,19,,,0,13,,75059,19,,,0,15,,75060,19,,,0,53,,75077,19,,,0,16,,75061,19,,,0,14,,75062,19,,,0,13,,75063,19,,,0,12,,75064,19,,,0,57,,75065,19,,,0,18,,75066,19,,,0,25,,75067,19,,,0,64,,75068,19,,,0,28,,75069,19,,,0,69,,75070,19,,,0,31,,75071,19,,,0,72,,75072,19,,,0,23,,75073,19,,,0,72,,75074,19,,,0,100,,75076,19,,,0
666101,'2_merged_15291797',542,,75090,19,,,0,70,,75089,19,,,0,30,,75084,19,,,0,70,,75088,19,,,0,30,,75107,19,,,0,70,,75082,19,,,0,30,,75081,19,,,0,70,,75080,19,,,0,30,,75108,19,,,0,70,,75079,19,,,0,30,,75086,19,,,0,72,,75085,19,,,0,30,,75087,19,,,0,70,,75092,19,,,0,30,,75083,19,,,0,70,,75104,19,,,0,30,,75103,19,,,0,70,,75102,19,,,0,30,,75101,19,,,0,70,,75100,19,,,0,30,,75099,19,,,0,70,,75106,19,,,0,30,,75078,19,,,0,70,,75098,19,,,0,30,,75097,19,,,0,68,,75096,19,,,0,30,,75095,19,,,0,70,,75094,19,,,0,30,,75109,19,,,0,75,,75093,19,,,0,30,,75110,19,,,0,70,,75105,19,,,0,30,,75111,19,,,0,70,,75091,19,,,0,100,,75112,19,,,0
666101,'3_merged_15291796',712,,75130,19,,,0,30,,75117,19,,,0,70,,75131,19,,,0,30,,75118,19,,,0,70,,75132,19,,,0,30,,75119,19,,,0,70,,75129,19,,,0,30,,75120,19,,,0,72,,75133,19,,,0,30,,75121,19,,,0,70,,75113,19,,,0,30,,75122,19,,,0,70,,75114,19,,,0,28,,75123,19,,,0,70,,75134,19,,,0,30,,75124,19,,,0,70,,75135,19,,,0,30,,75125,19,,,0,70,,75136,19,,,0,30,,75126,19,,,0,70,,75137,19,,,0,30,,75127,19,,,0,70,,75138,19,,,0,30,,75128,19,,,0,70,,75139,19,,,0,30,,75141,19,,,0,70,,75140,19,,,0,33,,75142,19,,,0,67,,75115,19,,,0,100,,75116,19,,,0,100,,75143,19,,,0
666401,'1_merged_15291795',604,,75767,30,,,0,31,,75768,30,,,0,68,,75750,30,,,0,32,,75783,30,,,0,75,,75751,30,,,0,28,,75752,30,,,0,76,,75753,30,,,0,25,,75754,30,,,0,68,,75756,30,,,0,30,,75757,30,,,0,70,,75758,30,,,0,31,,75759,30,,,0,70,,75761,30,,,0,31,,75760,30,,,0,70,,75755,30,,,0,30,,75762,30,,,0,70,,75763,30,,,0,31,,75769,30,,,0,70,,75770,30,,,0,30,,75773,30,,,0,70,,75771,30,,,0,30,,75772,30,,,0,70,,75764,30,,,0,30,,75774,30,,,0,70,,75775,30,,,0,32,,75776,30,,,0,74,,75777,30,,,0,29,,75778,30,,,0,73,,75779,30,,,0,25,,75780,30,,,0,87,,75786,30,,,0,80,,75765,30,,,0,40,,75785,30,,,0,79,,75766,30,,,0,80,,75781,30,,,0,40,,75784,30,,,0,80,,75782,30,,,0
666401,'2_merged_15291797',542,,75787,30,,,0,70,,75788,30,,,0,30,,75789,30,,,0,72,,75790,30,,,0,30,,75791,30,,,0,72,,75792,30,,,0,30,,75793,30,,,0,70,,75794,30,,,0,31,,75795,30,,,0,70,,75796,30,,,0,30,,75797,30,,,0,69,,75798,30,,,0,30,,75799,30,,,0,70,,75800,30,,,0,32,,75801,30,,,0,70,,75802,30,,,0,30,,75803,30,,,0,70,,75804,30,,,0,30,,75805,30,,,0,71,,75806,30,,,0,32,,75807,30,,,0,69,,75808,30,,,0,28,,75809,30,,,0,70,,75810,30,,,0,30,,75811,30,,,0,70,,75812,30,,,0,30,,75813,30,,,0,70,,75814,30,,,0,28,,75815,30,,,0,69,,75816,30,,,0,30,,75817,30,,,0,100,,75818,30,,,0,100,,75819,30,,,0,100,,75820,30,,,0,185,,75821,30,,,0
666401,'3_merged_15291796',647,,75829,30,,,0,100,,75830,30,,,0,102,,75831,30,,,0,86,,75832,30,,,0,101,,75833,30,,,0,100,,75834,30,,,0,68,,75847,30,,,0,32,,75835,30,,,0,70,,75841,30,,,0,32,,75836,30,,,0,69,,75842,30,,,0,32,,75837,30,,,0,65,,75843,30,,,0,35,,75838,30,,,0,67,,75844,30,,,0,33,,75828,30,,,0,67,,75845,30,,,0,33,,75839,30,,,0,67,,75846,30,,,0,32,,75840,30,,,0,98,,75825,30,,,0,100,,75822,30,,,0,100,,75827,30,,,0,100,,75823,30,,,0,175,,75824,30,,,0,117,,75826,30,,,0
666501,'1_merged_15291795',557,,75964,14,,,0,71,,75963,14,,,0,30,,75962,14,,,0,66,,75961,14,,,0,33,,75960,14,,,0,71,,75980,14,,,0,30,,75959,14,,,0,68,,75968,14,,,0,30,,75979,14,,,0,70,,75995,14,,,0,30,,75994,14,,,0,70,,75993,14,,,0,30,,75991,14,,,0,71,,75978,14,,,0,29,,75977,14,,,0,70,,75976,14,,,0,30,,75990,14,,,0,72,,75975,14,,,0,74,,75989,14,,,0,28,,75988,14,,,0,70,,75987,14,,,0,31,,75986,14,,,0,69,,75992,14,,,0,30,,75974,14,,,0,28,,75985,14,,,0,71,,75984,14,,,0,29,,75965,14,,,0,69,,75983,14,,,0,30,,75982,14,,,0,70,,75966,14,,,0,27,,75972,14,,,0,70,,75981,14,,,0,30,,75971,14,,,0,70,,75973,14,,,0,30,,75970,14,,,0,63,,75969,14,,,0,35,,75967,14,,,0
666501,'2_merged_15291797',556,,76019,14,,,0,75,,75998,14,,,0,70,,75999,14,,,0,31,,76016,14,,,0,70,,76026,14,,,0,30,,76025,14,,,0,70,,76001,14,,,0,31,,76002,14,,,0,70,,76003,14,,,0,30,,76005,14,,,0,71,,76006,14,,,0,30,,76007,14,,,0,70,,76015,14,,,0,30,,76017,14,,,0,70,,76020,14,,,0,30,,76014,14,,,0,71,,76008,14,,,0,30,,76011,14,,,0,24,,76012,14,,,0,60,,76029,14,,,0,20,,76013,14,,,0,20,,76004,14,,,0,60,,76030,14,,,0,20,,76010,14,,,0,20,,76022,14,,,0,60,,76031,14,,,0,20,,76023,14,,,0,20,,76024,14,,,0,60,,76032,14,,,0,20,,76000,14,,,0,20,,76027,14,,,0,75,,76009,14,,,0,68,,76028,14,,,0,40,,76021,14,,,0,70,,76033,14,,,0,30,,75996,14,,,0,100,,75997,14,,,0,100,,76018,14,,,0
666501,'3_merged_15291796',631,,76054,14,,,0,75,,76053,14,,,0,30,,76036,14,,,0,70,,76059,14,,,0,30,,76060,14,,,0,70,,76051,14,,,0,32,,76050,14,,,0,70,,76049,14,,,0,30,,76047,14,,,0,70,,76046,14,,,0,30,,76045,14,,,0,70,,76037,14,,,0,30,,76035,14,,,0,70,,76062,14,,,0,30,,76038,14,,,0,70,,76044,14,,,0,31,,76041,14,,,0,20,,76066,14,,,0,60,,76040,14,,,0,20,,76039,14,,,0,20,,76067,14,,,0,60,,76048,14,,,0,20,,76042,14,,,0,20,,76068,14,,,0,60,,76064,14,,,0,20,,76063,14,,,0,20,,76069,14,,,0,59,,76061,14,,,0,20,,76052,14,,,0,75,,76058,14,,,0,25,,76043,14,,,0,70,,76057,14,,,0,29,,76070,14,,,0,71,,76065,14,,,0,30,,76071,14,,,0,65,,76056,14,,,0,55,,76055,14,,,0,145,,76034,14,,,0
