666600,'101_merged_15529707',749,,135767,4,,,0,5,,135765,4,,,0,869,,135766,4,,,0
666600,'1_merged_15529700',554,,135805,4,,,0,68,,135788,4,,,0,26,,135804,4,,,0,64,,135803,4,,,0,25,,135802,4,,,0,87,,135801,4,,,0,29,,135800,4,,,0,70,,135799,4,,,0,30,,135798,4,,,0,70,,135784,4,,,0,30,,135783,4,,,0,70,,135782,4,,,0,30,,135797,4,,,0,70,,135781,4,,,0,30,,135796,4,,,0,70,,135795,4,,,0,31,,135794,4,,,0,70,,135793,4,,,0,35,,135780,4,,,0,70,,135779,4,,,0,20,,135809,4,,,0,55,,135770,4,,,0,33,,135808,4,,,0,17,,135792,4,,,0,56,,135769,4,,,0,16,,135791,4,,,0,13,,135790,4,,,0,15,,135789,4,,,0,54,,135768,4,,,0,15,,135787,4,,,0,20,,135778,4,,,0,70,,135786,4,,,0,30,,135785,4,,,0,70,,135771,4,,,0,30,,135772,4,,,0,70,,135810,4,,,0,30,,135773,4,,,0,80,,135774,4,,,0,87,,135775,4,,,0,44,,135776,4,,,0,90,,135777,4,,,0,83,,135807,4,,,0
666600,'201',749,,135813,4,,,0,5,,135811,4,,,0,869,,135812,4,,,0
666600,'2_merged_15529702',653,,135814,4,,,0,70,,135815,4,,,0,30,,135816,4,,,0,70,,135817,4,,,0,30,,135818,4,,,0,70,,135819,4,,,0,30,,135820,4,,,0,70,,135821,4,,,0,30,,135822,4,,,0,70,,135823,4,,,0,30,,135824,4,,,0,70,,135825,4,,,0,30,,135826,4,,,0,70,,135827,4,,,0,30,,135828,4,,,0,70,,135829,4,,,0,30,,135830,4,,,0,70,,135831,4,,,0,30,,135832,4,,,0,70,,135833,4,,,0,30,,135834,4,,,0,70,,135835,4,,,0,30,,135836,4,,,0,70,,135837,4,,,0,30,,135838,4,,,0,70,,135839,4,,,0,30,,135847,4,,,0,70,,135840,4,,,0,30,,135848,4,,,0,70,,135841,4,,,0,100,,135842,4,,,0,100,,135843,4,,,0,100,,135844,4,,,0,100,,135845,4,,,0,34,,135846,4,,,0
666600,'3_merged_15529701',708,,135865,4,,,0,95,,135866,4,,,0,100,,135849,4,,,0,30,,135874,4,,,0,70,,135850,4,,,0,30,,135875,4,,,0,70,,135851,4,,,0,30,,135867,4,,,0,70,,135852,4,,,0,30,,135868,4,,,0,70,,135853,4,,,0,30,,135869,4,,,0,70,,135854,4,,,0,30,,135870,4,,,0,70,,135855,4,,,0,30,,135871,4,,,0,70,,135856,4,,,0,30,,135872,4,,,0,70,,135857,4,,,0,30,,135873,4,,,0,70,,135858,4,,,0,30,,135876,4,,,0,70,,135859,4,,,0,30,,135877,4,,,0,70,,135860,4,,,0,30,,135878,4,,,0,70,,135861,4,,,0,100,,135862,4,,,0,100,,135863,4,,,0,110,,135864,4,,,0
666800,'1_merged_15529700',548,,136391,4,,,0,70,,136423,4,,,0,30,,136392,4,,,0,71,,136424,4,,,0,31,,136393,4,,,0,73,,136425,4,,,0,30,,136394,4,,,0,70,,136426,4,,,0,27,,136395,4,,,0,70,,136427,4,,,0,29,,136396,4,,,0,70,,136428,4,,,0,30,,136397,4,,,0,70,,136429,4,,,0,30,,136398,4,,,0,70,,136401,4,,,0,31,,136399,4,,,0,70,,136402,4,,,0,30,,136400,4,,,0,70,,136403,4,,,0,39,,136412,4,,,0,65,,136404,4,,,0,26,,136413,4,,,0,70,,136405,4,,,0,25,,136414,4,,,0,74,,136406,4,,,0,20,,136415,4,,,0,64,,136407,4,,,0,30,,136416,4,,,0,70,,136408,4,,,0,30,,136417,4,,,0,70,,136409,4,,,0,30,,136418,4,,,0,70,,136410,4,,,0,30,,136419,4,,,0,70,,136411,4,,,0,99,,136420,4,,,0,100,,136421,4,,,0,100,,136422,4,,,0
666800,'2_merged_15529702',553,,136430,4,,,0,75,,136431,4,,,0,25,,136432,4,,,0,70,,136433,4,,,0,30,,136434,4,,,0,70,,136435,4,,,0,30,,136436,4,,,0,70,,136437,4,,,0,30,,136438,4,,,0,71,,136439,4,,,0,30,,136440,4,,,0,70,,136441,4,,,0,30,,136442,4,,,0,70,,136443,4,,,0,30,,136444,4,,,0,70,,136445,4,,,0,30,,136446,4,,,0,70,,136447,4,,,0,30,,136448,4,,,0,70,,136449,4,,,0,30,,136450,4,,,0,70,,136451,4,,,0,30,,136452,4,,,0,70,,136453,4,,,0,30,,136454,4,,,0,70,,136455,4,,,0,29,,136456,4,,,0,70,,136457,4,,,0,30,,136458,4,,,0,70,,136459,4,,,0,30,,136460,4,,,0,70,,136461,4,,,0,30,,136462,4,,,0,75,,136463,4,,,0,75,,136464,4,,,0,30,,136465,4,,,0,70,,136466,4,,,0,30,,136467,4,,,0,70,,136468,4,,,0,30,,136469,4,,,0,70,,136470,4,,,0
666800,'3_merged_15529701',558,,136472,4,,,0,70,,136473,4,,,0,30,,136506,4,,,0,70,,136507,4,,,0,30,,136474,4,,,0,70,,136475,4,,,0,30,,136476,4,,,0,70,,136477,4,,,0,30,,136478,4,,,0,71,,136479,4,,,0,30,,136480,4,,,0,70,,136481,4,,,0,30,,136482,4,,,0,70,,136483,4,,,0,30,,136484,4,,,0,70,,136485,4,,,0,30,,136486,4,,,0,70,,136487,4,,,0,30,,136488,4,,,0,70,,136489,4,,,0,30,,136490,4,,,0,70,,136491,4,,,0,30,,136492,4,,,0,69,,136493,4,,,0,30,,136494,4,,,0,70,,136495,4,,,0,30,,136496,4,,,0,70,,136497,4,,,0,30,,136498,4,,,0,70,,136499,4,,,0,30,,136500,4,,,0,71,,136501,4,,,0,25,,136502,4,,,0,75,,136503,4,,,0,29,,136504,4,,,0,67,,136505,4,,,0,33,,136471,4,,,0
722400,'101_merged_15529707',712,,155803,4,0,67,0
722400,'1_merged_15529700',519,,155834,4,,,0,10,,155846,4,0,67,0,10,,155832,4,,,0,12,,155842,4,0,67,0,51,,155809,4,,,0,10,,155807,4,,,0,10,,155843,4,0,67,0,10,,155835,4,,,0,7,,155839,4,,,0,13,,155844,4,0,67,0,50,,155833,4,,,0,20,,155830,4,,,0,11,,155836,4,,,0,26,,155829,4,,,0,58,,155828,4,,,0,23,,155840,4,,,0,17,,155825,4,,,0,74,,155824,4,,,0,26,,155822,4,,,0,70,,155821,4,,,0,30,,155820,4,,,0,71,,155819,4,,,0,30,,155818,4,,,0,70,,155817,4,,,0,30,,155823,4,,,0,70,,155816,4,,,0,30,,155831,4,,,0,70,,155827,4,,,0,30,,155837,4,,,0,60,,155826,4,,,0,20,,155815,4,,,0,66,,155838,4,,,0,14,,155814,4,,,0,20,,155806,4,,,0,18,,155804,4,,,0,57,,155841,4,,,0,17,,155813,4,,,0,22,,155812,4,,,0,75,,155811,4,,,0,20,,155810,4,,,0,60,,155805,4,,,0,25,,155808,4,,,0,72,,155845,4,,,0
722400,'201',712,,155847,4,0,67,0
