672401,'1_merged_15524980',526,,147282,41,,,0,30,,147271,41,,,0,72,,147297,41,,,0,72,,147281,41,,,0,34,,147298,41,,,0,16,,147305,41,,,0,58,,147306,41,,,0,16,,147307,41,,,0,16,,147308,41,,,0,16,,147309,41,,,0,57,,147310,41,,,0,13,,147311,41,,,0,15,,147312,41,,,0,15,,147313,41,,,0,57,,147314,41,,,0,15,,147299,41,,,0,14,,147315,41,,,0,58,,147286,41,,,0,22,,147283,41,,,0,22,,147287,41,,,0,60,,147284,41,,,0,20,,147285,41,,,0,24,,147288,41,,,0,60,,147270,41,,,0,17,,147272,41,,,0,22,,147289,41,,,0,61,,147275,41,,,0,20,,147276,41,,,0,23,,147290,40,,,0,57,,147269,40,,,0,17,,147300,40,,,0,17,,147296,40,,,0,16,,147304,40,,,0,54,,147295,40,,,0,15,,147316,40,,,0,15,,147317,40,,,0,13,,147318,40,,,0,55,,147319,40,,,0,15,,147320,40,,,0,15,,147321,40,,,0,15,,147322,40,,,0,56,,147323,40,,,0,15,,147324,40,,,0,12,,147325,41,,,0,14,,147326,41,,,0,55,,147327,41,,,0,13,,147328,41,,,0,15,,147329,41,,,0,14,,147330,41,,,0,62,,147291,41,,,0,35,,147292,41,,,0,71,,147293,41,,,0,27,,147294,41,,,0,70,,147277,41,,,0,28,,147278,41,,,0,70,,147279,41,,,0,27,,147280,41,,,0,70,,147301,41,,,0,26,,147273,41,,,0,66,,147302,41,,,0,27,,147274,41,,,0,77,,147303,41,,,0
672401,'2_merged_15524982',518,,147367,41,,,0,38,,147369,41,,,0,72,,147370,41,,,0,72,,147371,41,,,0,31,,147372,41,,,0,71,,147373,41,,,0,30,,147374,41,,,0,21,,147375,41,,,0,61,,147376,41,,,0,22,,147331,41,,,0,19,,147332,41,,,0,56,,147333,41,,,0,14,,147334,41,,,0,17,,147335,41,,,0,14,,147336,41,,,0,57,,147337,41,,,0,15,,147338,41,,,0,16,,147339,41,,,0,15,,147340,41,,,0,55,,147341,41,,,0,15,,147342,41,,,0,17,,147343,41,,,0,55,,147344,41,,,0,13,,147345,41,,,0,15,,147346,41,,,0,15,,147347,41,,,0,15,,147348,41,,,0,55,,147349,41,,,0,15,,147350,41,,,0,16,,147351,41,,,0,55,,147352,41,,,0,14,,147353,41,,,0,15,,147354,41,,,0,15,,147355,41,,,0,14,,147356,41,,,0,55,,147357,41,,,0,15,,147358,41,,,0,14,,147359,41,,,0,15,,147360,41,,,0,54,,147361,41,,,0,15,,147362,41,,,0,15,,147363,41,,,0,15,,147364,41,,,0,55,,147365,41,,,0,18,,147366,41,,,0,17,,147377,41,,,0,60,,147378,41,,,0,19,,147379,41,,,0,21,,147380,41,,,0,60,,147393,41,,,0,19,,147381,41,,,0,20,,147382,41,,,0,61,,147383,41,,,0,28,,147384,41,,,0,70,,147385,41,,,0,32,,147386,41,,,0,71,,147387,41,,,0,27,,147388,41,,,0,70,,147389,41,,,0,36,,147390,41,,,0,70,,147391,41,,,0,35,,147392,41,,,0,69,,147368,41,,,0
672401,'3_merged_15524981',529,,147400,41,,,0,30,,147402,41,,,0,71,,147403,41,,,0,70,,147404,41,,,0,30,,147405,41,,,0,70,,147406,41,,,0,25,,147407,41,,,0,22,,147408,41,,,0,61,,147409,41,,,0,22,,147410,41,,,0,20,,147411,41,,,0,62,,147412,41,,,0,22,,147413,41,,,0,20,,147414,41,,,0,62,,147415,41,,,0,20,,147416,41,,,0,20,,147417,41,,,0,60,,147418,41,,,0,22,,147419,41,,,0,20,,147420,41,,,0,60,,147421,41,,,0,20,,147422,41,,,0,20,,147423,41,,,0,60,,147424,41,,,0,18,,147425,41,,,0,16,,147394,41,,,0,55,,147426,41,,,0,15,,147427,41,,,0,15,,147428,41,,,0,15,,147395,41,,,0,55,,147429,41,,,0,15,,147430,41,,,0,14,,147431,41,,,0,14,,147396,41,,,0,55,,147432,41,,,0,16,,147433,41,,,0,15,,147434,41,,,0,15,,147397,41,,,0,55,,147435,41,,,0,14,,147436,41,,,0,15,,147437,41,,,0,15,,147398,41,,,0,55,,147438,41,,,0,19,,147439,41,,,0,17,,147440,41,,,0,60,,147441,41,,,0,20,,147399,41,,,0,21,,147442,41,,,0,73,,147443,41,,,0,30,,147444,41,,,0,72,,147445,41,,,0,29,,147446,41,,,0,72,,147447,41,,,0,30,,147448,41,,,0,75,,147449,41,,,0,26,,147450,41,,,0,85,,147451,41,,,0,70,,147401,41,,,0
672500,'1_merged_15524980',604,,147452,26,,,0,40,,147453,26,,,0,71,,147454,26,,,0,33,,147455,26,,,0,71,,147456,26,,,0,31,,147457,26,,,0,70,,147458,26,,,0,30,,147459,26,,,0,70,,147460,26,,,0,30,,147461,26,,,0,71,,147462,26,,,0,30,,147463,26,,,0,70,,147464,26,,,0,32,,147465,26,,,0,70,,147466,26,,,0,30,,147467,26,,,0,70,,147468,26,,,0,32,,147469,25,,,0,70,,147470,25,,,0,30,,147471,25,,,0,70,,147472,25,,,0,29,,147473,25,,,0,70,,147474,25,,,0,29,,147475,25,,,0,69,,147476,25,,,0,29,,147477,26,,,0,70,,147478,26,,,0,30,,147479,26,,,0,69,,147480,26,,,0,30,,147481,26,,,0,71,,147482,26,,,0,30,,147483,26,,,0,68,,147484,26,,,0,93,,147485,26,,,0,99,,147486,26,,,0,100,,147487,26,,,0
672500,'2_merged_15524982',558,,147517,26,,,0,86,,147506,26,,,0,71,,147516,26,,,0,32,,147489,26,,,0,69,,147513,26,,,0,30,,147514,26,,,0,71,,147497,26,,,0,31,,147520,26,,,0,70,,147521,26,,,0,30,,147509,26,,,0,72,,147519,26,,,0,30,,147504,26,,,0,70,,147512,26,,,0,31,,147490,26,,,0,71,,147491,26,,,0,29,,147492,26,,,0,72,,147493,26,,,0,29,,147494,26,,,0,70,,147495,26,,,0,30,,147496,26,,,0,70,,147515,26,,,0,30,,147508,26,,,0,70,,147518,26,,,0,28,,147507,26,,,0,70,,147511,26,,,0,31,,147503,26,,,0,70,,147510,26,,,0,30,,147498,26,,,0,70,,147501,26,,,0,29,,147505,26,,,0,69,,147502,26,,,0,30,,147488,26,,,0,71,,147522,26,,,0,91,,147499,26,,,0,98,,147523,26,,,0,100,,147500,26,,,0
672500,'3_merged_15524981',702,,147545,26,,,0,33,,147553,26,,,0,70,,147552,26,,,0,31,,147526,26,,,0,70,,147530,26,,,0,31,,147546,26,,,0,71,,147547,26,,,0,30,,147548,26,,,0,70,,147533,26,,,0,30,,147555,26,,,0,71,,147543,26,,,0,28,,147557,26,,,0,75,,147549,26,,,0,26,,147556,26,,,0,70,,147534,26,,,0,29,,147550,26,,,0,70,,147551,26,,,0,30,,147554,26,,,0,70,,147544,26,,,0,30,,147535,26,,,0,70,,147537,26,,,0,30,,147532,26,,,0,72,,147527,26,,,0,30,,147528,26,,,0,71,,147529,26,,,0,31,,147531,26,,,0,72,,147538,26,,,0,29,,147539,26,,,0,70,,147540,26,,,0,30,,147541,26,,,0,80,,147524,26,,,0,107,,147542,26,,,0,100,,147525,26,,,0,100,,147536,26,,,0
682800,'101_merged_15524987',906,,155116,32,,,0
682800,'1201_merged_15524973',2129,,155117,31,,,0,107,,155118,31,,,0
682800,'1_merged_15524980',826,,155136,32,,,0,119,,155135,31,,,0,80,,155134,31,,,0,77,,155133,31,,,0,43,,155132,31,,,0,82,,155131,31,,,0,80,,155130,31,,,0,40,,155129,31,,,0,82,,155128,31,,,0,80,,155127,30,,,0,40,,155126,30,,,0,84,,155125,30,,,0,78,,155124,30,,,0,37,,155123,30,,,0,80,,155122,30,,,0,76,,155121,31,,,0,50,,155120,31,,,0,69,,155119,31,,,0
682800,'201',906,,155137,32,,,0
682800,'2_merged_15524982',933,,155139,31,,,0,80,,155156,31,,,0,40,,155155,31,,,0,82,,155154,31,,,0,80,,155153,31,,,0,40,,155152,31,,,0,80,,155151,31,,,0,80,,155150,31,,,0,40,,155149,31,,,0,80,,155148,31,,,0,80,,155147,31,,,0,41,,155146,31,,,0,80,,155145,31,,,0,79,,155144,31,,,0,37,,155143,31,,,0,150,,155142,31,,,0,108,,155141,31,,,0,107,,155140,31,,,0,103,,155138,31,,,0
682800,'3_merged_15524981',1136,,155162,31,,,0,80,,155169,31,,,0,40,,155161,31,,,0,80,,155168,31,,,0,81,,155167,31,,,0,40,,155160,31,,,0,79,,155166,31,,,0,79,,155159,31,,,0,40,,155158,31,,,0,80,,155165,31,,,0,80,,155164,31,,,0,39,,155157,31,,,0,80,,155163,31,,,0
3454300,'1_merged_15524980',1856,,169272,25,,,0,52,,169273,25,,,0,15,,169274,25,,,0,16,,169275,25,,,0,15,,169276,25,,,0,54,,169277,25,,,0,15,,169278,25,,,0,15,,169279,25,,,0,70,,169280,25,,,0,28,,169281,25,,,0,70,,169282,25,,,0,30,,169283,25,,,0,69,,169284,25,,,0,28,,169285,25,,,0,70,,169286,25,,,0
3454300,'2_merged_15524982',543,,169334,28,,,0,67,,169333,28,,,0,30,,169332,28,,,0,67,,169331,28,,,0,33,,169330,28,,,0,72,,169329,28,,,0,30,,169328,28,,,0,71,,169327,28,,,0,21,,169307,28,,,0,20,,169326,28,,,0,60,,169325,28,,,0,21,,169324,28,,,0,20,,169323,28,,,0,60,,169322,28,,,0,20,,169321,28,,,0,21,,169320,28,,,0,60,,169319,28,,,0,22,,169318,28,,,0,20,,169317,28,,,0,60,,169316,28,,,0,21,,169315,28,,,0,20,,169314,28,,,0,60,,169313,28,,,0,20,,169312,28,,,0,20,,169311,28,,,0,60,,169310,28,,,0,20,,169309,28,,,0,20,,169308,28,,,0,60,,169355,28,,,0,21,,169354,28,,,0,60,,169353,28,,,0,20,,169352,28,,,0,19,,169351,28,,,0,20,,169350,28,,,0,60,,169349,28,,,0,18,,169348,28,,,0,20,,169347,28,,,0,56,,169346,25,,,0,28,,169345,25,,,0,70,,169344,25,,,0,33,,169343,25,,,0,70,,169342,25,,,0,30,,169341,25,,,0,70,,169340,25,,,0,29,,169339,25,,,0,70,,169338,25,,,0,99,,169337,25,,,0
3454300,'3_merged_15524981',547,,169398,28,,,0,72,,169399,28,,,0,30,,169356,28,,,0,71,,169357,28,,,0,30,,169358,28,,,0,72,,169359,28,,,0,30,,169383,28,,,0,71,,169384,28,,,0,28,,169385,28,,,0,68,,169386,28,,,0,25,,169391,28,,,0,60,,169387,28,,,0,20,,169388,28,,,0,21,,169392,28,,,0,59,,169389,28,,,0,20,,169390,28,,,0,20,,169393,28,,,0,60,,169360,28,,,0,20,,169361,28,,,0,20,,169394,28,,,0,60,,169362,28,,,0,20,,169363,28,,,0,20,,169395,28,,,0,60,,169364,28,,,0,20,,169365,28,,,0,20,,169396,28,,,0,60,,169366,28,,,0,20,,169367,28,,,0,20,,169397,28,,,0,61,,169368,28,,,0,20,,169369,28,,,0,30,,169370,28,,,0,70,,169371,28,,,0,31,,169372,25,,,0,74,,169373,25,,,0,76,,169374,25,,,0,34,,169375,25,,,0,75,,169376,25,,,0,35,,169377,25,,,0,79,,169378,25,,,0,30,,169379,25,,,0,150,,169380,25,,,0
