662201,'101_merged_15529707',1611,,121603,24,,,0
662201,'152201_merged_15529704',2050,,121604,24,,,0,56,,121605,24,,,0,18,,121606,24,,,0,20,,121607,24,,,0,60,,121608,24,,,0,21,,121609,24,,,0,19,,121610,24,,,0,62,,121611,24,,,0,20,,121612,24,,,0,23,,121613,24,,,0,71,,121614,24,,,0,30,,121615,24,,,0,70,,121616,24,,,0
662201,'152301_merged_15529706',2050,,121617,24,,,0,56,,121618,24,,,0,18,,121619,24,,,0,20,,121620,24,,,0,60,,121621,24,,,0,21,,121622,24,,,0,19,,121623,24,,,0,62,,121624,24,,,0,20,,121625,24,,,0,23,,121626,24,,,0,71,,121627,24,,,0,30,,121628,24,,,0,70,,121629,24,,,0
662201,'1_merged_15529700',525,,121631,29,,,0,17,,121632,29,,,0,17,,121633,29,,,0,60,,121634,29,,,0,12,,121635,24,,,0,13,,121636,29,,,0,12,,121637,24,,,0,52,,121638,24,,,0,12,,121639,24,,,0,12,,121640,24,,,0,12,,121641,29,,,0,12,,121642,24,,,0,53,,121643,24,,,0,12,,121644,24,,,0,12,,121645,24,,,0,10,,121646,24,,,0,10,,121647,24,,,0,50,,121648,24,,,0,10,,121649,24,,,0,11,,121650,24,,,0,10,,121707,24,,,0,10,,121651,24,,,0,12,,121652,24,,,0,52,,121653,24,,,0,11,,121654,24,,,0,12,,121709,24,,,0,12,,121655,24,,,0,12,,121656,24,,,0,52,,121657,24,,,0,12,,121658,24,,,0,12,,121710,24,,,0,12,,121659,24,,,0,12,,121660,24,,,0,52,,121661,24,,,0,13,,121662,24,,,0,12,,121711,24,,,0,12,,121663,24,,,0,12,,121664,24,,,0,52,,121665,24,,,0,12,,121666,24,,,0,12,,121712,24,,,0,12,,121667,24,,,0,12,,121668,24,,,0,52,,121669,24,,,0,12,,121670,24,,,0,12,,121671,24,,,0,13,,121672,24,,,0,12,,121673,24,,,0,52,,121674,24,,,0,12,,121675,24,,,0,11,,121676,24,,,0,8,,121677,24,,,0,8,,121678,24,,,0,8,,121679,24,,,0,47,,121680,24,,,0,15,,121681,24,,,0,8,,121682,24,,,0,7,,121683,24,,,0,8,,121684,24,,,0,7,,121685,24,,,0,8,,121686,24,,,0,46,,121687,24,,,0,8,,121708,24,,,0,7,,121688,24,,,0,8,,121689,24,,,0,8,,121690,24,,,0,8,,121691,24,,,0,8,,121692,24,,,0,8,,121693,24,,,0,48,,121694,24,,,0,9,,121695,24,,,0,10,,121696,24,,,0,10,,121697,24,,,0,10,,121698,24,,,0,12,,121699,24,,,0,52,,121700,24,,,0,13,,121701,24,,,0,15,,121702,24,,,0,15,,121703,24,,,0,55,,121704,24,,,0,15,,121705,24,,,0,15,,121706,24,,,0
662201,'201',1611,,121713,24,,,0
662201,'2_merged_15529702',529,,121775,29,,,0,20,,121723,29,,,0,60,,121785,29,,,0,20,,121783,24,,,0,19,,121719,29,,,0,56,,121716,24,,,0,15,,121778,29,,,0,17,,121724,24,,,0,15,,121782,24,,,0,55,,121721,29,,,0,16,,121714,24,,,0,15,,121779,24,,,0,15,,121777,24,,,0,55,,121792,24,,,0,15,,121720,24,,,0,15,,121788,24,,,0,18,,121715,24,,,0,55,,121725,24,,,0,13,,121732,24,,,0,12,,121798,24,,,0,12,,121733,24,,,0,12,,121734,24,,,0,52,,121735,24,,,0,12,,121744,24,,,0,12,,121799,24,,,0,11,,121737,24,,,0,12,,121781,24,,,0,52,,121738,24,,,0,12,,121739,24,,,0,12,,121800,24,,,0,12,,121740,24,,,0,12,,121741,24,,,0,52,,121742,24,,,0,12,,121743,24,,,0,12,,121745,24,,,0,12,,121746,24,,,0,12,,121747,24,,,0,51,,121748,24,,,0,10,,121749,24,,,0,9,,121750,24,,,0,9,,121751,24,,,0,9,,121793,24,,,0,10,,121752,24,,,0,50,,121753,24,,,0,10,,121754,24,,,0,10,,121755,24,,,0,10,,121756,24,,,0,11,,121796,24,,,0,10,,121757,24,,,0,50,,121758,24,,,0,10,,121759,24,,,0,10,,121760,24,,,0,10,,121761,24,,,0,10,,121794,24,,,0,10,,121762,24,,,0,50,,121763,24,,,0,10,,121764,24,,,0,10,,121765,24,,,0,11,,121766,24,,,0,10,,121795,24,,,0,10,,121767,24,,,0,50,,121768,24,,,0,11,,121769,24,,,0,10,,121770,24,,,0,10,,121771,24,,,0,9,,121772,24,,,0,52,,121797,24,,,0,12,,121773,24,,,0,11,,121726,24,,,0,16,,121727,24,,,0,15,,121736,24,,,0,56,,121728,24,,,0,15,,121729,24,,,0,14,,121730,24,,,0,15,,121731,24,,,0,55,,121791,24,,,0,17,,121722,24,,,0,20,,121718,24,,,0,60,,121776,24,,,0,20,,121786,24,,,0,21,,121790,24,,,0,62,,121774,24,,,0,20,,121787,24,,,0,23,,121717,24,,,0,70,,121780,24,,,0,30,,121784,24,,,0,70,,121789,24,,,0
662201,'3_merged_15529701',618,,121801,29,,,0,21,,121802,29,,,0,19,,121803,29,,,0,61,,121804,29,,,0,20,,121805,29,,,0,62,,121806,29,,,0,19,,121807,24,,,0,16,,121808,29,,,0,15,,121809,24,,,0,55,,121810,24,,,0,16,,121811,24,,,0,15,,121812,24,,,0,15,,121813,24,,,0,55,,121814,24,,,0,15,,121815,24,,,0,15,,121816,24,,,0,14,,121817,24,,,0,53,,121818,24,,,0,13,,121819,24,,,0,12,,121820,24,,,0,12,,121821,24,,,0,12,,121822,24,,,0,52,,121823,24,,,0,14,,121824,24,,,0,12,,121825,24,,,0,12,,121826,24,,,0,12,,121827,24,,,0,52,,121828,24,,,0,12,,121829,24,,,0,12,,121830,24,,,0,12,,121831,24,,,0,10,,121832,24,,,0,52,,121833,24,,,0,12,,121834,24,,,0,12,,121835,24,,,0,12,,121836,24,,,0,12,,121837,24,,,0,52,,121838,24,,,0,12,,121839,24,,,0,12,,121840,24,,,0,12,,121841,24,,,0,13,,121842,24,,,0,52,,121843,24,,,0,12,,121844,24,,,0,12,,121845,24,,,0,12,,121846,24,,,0,12,,121847,24,,,0,53,,121848,24,,,0,14,,121849,24,,,0,14,,121850,24,,,0,14,,121851,24,,,0,55,,121852,24,,,0,15,,121853,24,,,0,15,,121854,24,,,0,15,,121855,24,,,0,55,,121856,24,,,0,14,,121857,24,,,0,15,,121858,24,,,0,15,,121859,24,,,0,57,,121860,24,,,0,20,,121861,24,,,0,20,,121862,24,,,0,60,,121863,24,,,0,19,,121864,24,,,0,20,,121865,24,,,0,60,,121866,24,,,0,20,,121867,24,,,0,20,,121868,24,,,0,60,,121869,24,,,0,19,,121870,24,,,0,27,,121871,24,,,0,72,,121872,24,,,0,30,,121873,24,,,0,70,,121874,29,,,0
683801,'1_merged_15529700',2521,,155524,32,,,0,29,,155520,32,,,0,70,,155519,32,,,0,30,,155518,32,,,0,73,,155521,32,,,0,27,,155522,32,,,0,69,,155523,32,,,0,40,,155516,32,,,0,70,,155517,32,,,0
683801,'2_merged_15529702',2551,,155526,32,,,0,77,,155528,32,,,0,21,,155527,32,,,0,60,,155529,32,,,0,23,,155530,32,,,0,20,,155531,32,,,0,60,,155532,32,,,0,27,,155533,32,,,0,70,,155534,32,,,0,29,,155525,32,,,0
683801,'3_merged_15529701',2548,,155536,32,,,0,70,,155535,32,,,0,31,,155537,32,,,0,79,,155538,32,,,0,17,,155539,32,,,0,74,,155540,32,,,0,30,,155541,32,,,0,80,,155542,32,,,0
1671801,'1_merged_15529700',540,,158690,7,,,0,14,,158691,7,,,0,53,,158692,7,,,0,13,,158716,7,,,0,13,,158693,7,,,0,13,,158694,7,,,0,13,,158695,7,,,0,55,,158696,7,,,0,15,,158712,7,,,0,15,,158697,7,,,0,14,,158698,7,,,0,55,,158699,7,,,0,15,,158700,7,,,0,15,,158701,7,,,0,14,,158702,7,,,0,54,,158703,7,,,0,14,,158704,7,,,0,15,,158705,7,,,0,14,,158706,7,,,0,55,,158707,7,,,0,15,,158708,7,,,0,15,,158683,7,,,0,15,,158684,7,,,0,55,,158685,7,,,0,15,,158686,7,,,0,15,,158687,7,,,0,15,,158688,7,,,0,55,,158689,7,,,0,15,,158650,7,,,0,16,,158651,7,,,0,15,,158652,7,,,0,56,,158653,7,,,0,15,,158654,7,,,0,15,,158655,7,,,0,15,,158656,7,,,0,55,,158657,7,,,0,15,,158658,7,,,0,15,,158659,7,,,0,15,,158660,7,,,0,53,,158661,7,,,0,13,,158662,7,,,0,12,,158663,7,,,0,11,,158664,7,,,0,10,,158665,7,,,0,50,,158666,7,,,0,10,,158667,7,,,0,11,,158668,7,,,0,12,,158669,7,,,0,12,,158670,7,,,0,51,,158671,7,,,0,12,,158672,7,,,0,12,,158673,7,,,0,12,,158674,7,,,0,12,,158675,7,,,0,54,,158676,7,,,0,15,,158677,7,,,0,15,,158678,7,,,0,15,,158679,7,,,0,56,,158680,7,,,0
1671801,'291101',1832,,158717,7,0,10,0,15,,158718,7,0,10,0,10,,158719,7,0,10,0,60,,158720,7,0,10,0,15,,158721,7,0,10,0,15,,158722,7,0,10,0,55,,158723,7,0,10,0,15,,158724,7,0,10,0,15,,158725,7,0,10,0,15,,158726,7,0,10,0,55,,158727,7,0,10,0,15,,158728,7,0,10,0,15,,158729,7,0,10,0,15,,158730,7,0,10,0,55,,158731,7,0,10,0,15,,158732,7,0,10,0,15,,158733,7,0,10,0,15,,158734,7,0,10,0,55,,158735,7,0,10,0,15,,158736,7,0,10,0,15,,158737,7,0,10,0,15,,158738,7,0,10,0,55,,158739,7,0,10,0
1671801,'291102',1832,,158740,7,0,10,0,11,,158741,7,0,10,0,13,,158742,7,0,10,0,61,,158743,7,0,10,0,15,,158744,7,0,10,0,15,,158745,7,0,10,0,55,,158746,7,0,10,0,15,,158747,7,0,10,0,15,,158748,7,0,10,0,15,,158749,7,0,10,0,55,,158750,7,0,10,0,15,,158751,7,0,10,0,15,,158752,7,0,10,0,15,,158753,7,0,10,0,55,,158754,7,0,10,0,15,,158755,7,0,10,0,15,,158756,7,0,10,0,15,,158757,7,0,10,0,55,,158758,7,0,10,0,15,,158759,7,0,10,0,15,,158760,7,0,10,0,15,,158761,7,0,10,0,55,,158762,7,0,10,0
1671801,'291103',1834,,158763,7,0,10,0,15,,158764,7,0,10,0,53,,158765,7,0,10,0,15,,158766,7,0,10,0,15,,158767,7,0,10,0,15,,158768,7,0,10,0,55,,158769,7,0,10,0,15,,158770,7,0,10,0,15,,158771,7,0,10,0,15,,158772,7,0,10,0,55,,158773,7,0,10,0,15,,158774,7,0,10,0,15,,158775,7,0,10,0,15,,158776,7,0,10,0,55,,158777,7,0,10,0,15,,158778,7,0,10,0,15,,158779,7,0,10,0,15,,158780,7,0,10,0,55,,158781,7,0,10,0,15,,158782,7,0,10,0,15,,158783,7,0,10,0,15,,158784,7,0,10,0,55,,158785,7,0,10,0
1671801,'2_merged_15529702',540,,158834,7,,,0,18,,158835,7,,,0,55,,158847,7,,,0,14,,158848,7,,,0,14,,158849,7,,,0,15,,158850,7,,,0,54,,158851,7,,,0,15,,158852,7,,,0,15,,158853,7,,,0,15,,158803,7,,,0,56,,158854,7,,,0,15,,158855,7,,,0,16,,158856,7,,,0,16,,158857,7,,,0,55,,158858,7,,,0,15,,158859,7,,,0,16,,158860,7,,,0,56,,158861,7,,,0,16,,158862,7,,,0,11,,158846,7,,,0,12,,158797,7,,,0,12,,158798,7,,,0,52,,158799,7,,,0,12,,158800,7,,,0,11,,158796,7,,,0,12,,158801,7,,,0,12,,158802,7,,,0,52,,158804,7,,,0,12,,158805,7,,,0,12,,158828,7,,,0,10,,158806,7,,,0,10,,158807,7,,,0,10,,158808,7,,,0,50,,158809,7,,,0,10,,158810,7,,,0,10,,158829,7,,,0,10,,158820,7,,,0,10,,158821,7,,,0,10,,158822,7,,,0,50,,158823,7,,,0,10,,158824,7,,,0,10,,158830,7,,,0,10,,158825,7,,,0,10,,158826,7,,,0,10,,158827,7,,,0,50,,158811,7,,,0,10,,158793,7,,,0,10,,158831,7,,,0,10,,158812,7,,,0,10,,158813,7,,,0,10,,158814,7,,,0,50,,158815,7,,,0,10,,158816,7,,,0,10,,158832,7,,,0,10,,158817,7,,,0,10,,158818,7,,,0,10,,158819,7,,,0,50,,158836,7,,,0,10,,158837,7,,,0,10,,158833,7,,,0,12,,158838,7,,,0,12,,158839,7,,,0,52,,158840,7,,,0,12,,158841,7,,,0,12,,158842,7,,,0,12,,158843,7,,,0,13,,158844,7,,,0,53,,158845,7,,,0
1671801,'3_merged_15529701',612,,158944,7,,,0,22,,158945,7,,,0,22,,158946,7,,,0,62,,158947,7,,,0,16,,158957,7,,,0,15,,158948,7,,,0,56,,158949,7,,,0,16,,158950,7,,,0,15,,158951,7,,,0,15,,158952,7,,,0,55,,158953,7,,,0,15,,158954,7,,,0,15,,158955,7,,,0,15,,158956,7,,,0,55,,158879,7,,,0,15,,158881,7,,,0,15,,158882,7,,,0,15,,158883,7,,,0,55,,158884,7,,,0,15,,158885,7,,,0,15,,158935,7,,,0,15,,158886,7,,,0,55,,158887,7,,,0,13,,158888,7,,,0,11,,158936,7,,,0,12,,158889,7,,,0,11,,158893,7,,,0,51,,158894,7,,,0,12,,158895,7,,,0,12,,158937,7,,,0,12,,158896,7,,,0,12,,158897,7,,,0,52,,158898,7,,,0,12,,158899,7,,,0,12,,158938,7,,,0,12,,158900,7,,,0,12,,158880,7,,,0,52,,158901,7,,,0,12,,158902,7,,,0,12,,158939,7,,,0,12,,158903,7,,,0,12,,158904,7,,,0,52,,158905,7,,,0,12,,158906,7,,,0,13,,158940,7,,,0,12,,158907,7,,,0,13,,158908,7,,,0,52,,158909,7,,,0,12,,158910,7,,,0,13,,158941,7,,,0,13,,158911,7,,,0,14,,158942,7,,,0,55,,158912,7,,,0,15,,158913,7,,,0,15,,158914,7,,,0,15,,158915,7,,,0
