668701,'1_merged_15524980',524,,139838,15,0,7 49,0,10,,139839,15,,,0,25,,139841,23,,,0,70,,139842,23,,,0,15,,139845,23,,,0,15,,139847,23,,,0,57,,139849,23,,,0,18,,139851,23,,,0,14,,139854,23,,,0,11,,139856,23,,,0,55,,139858,23,,,0,15,,139860,23,,,0,21,,139862,23,,,0,70,,139868,23,,,0,30,,139875,23,,,0,70,,139878,23,,,0,30,,139881,23,,,0,70,,139884,23,,,0,30,,139887,23,,,0,70,,139890,23,,,0,30,,139893,23,,,0,70,,139896,23,,,0,30,,139899,23,,,0,70,,139902,23,,,0,30,,139905,23,,,0,72,,139908,23,,,0,30,,139911,23,,,0,55,,139913,23,,,0,15,,139916,23,,,0,15,,139917,23,,,0,15,,139920,23,,,0,55,,139922,23,,,0,15,,139925,23,,,0,15,,139927,23,,,0,15,,139930,23,,,0,55,,139932,23,,,0,14,,139935,23,,,0,12,,139937,23,,,0,15,,139940,23,,,0,70,,139944,23,,,0,30,,139947,23,,,0,70,,139950,23,,,0,30,,139953,23,,,0,70,,139955,23,,,0,15,,139956,23,,,0,70,,139957,23,,,0,30,,139958,23,,,0,70,,139959,23,,,0,30,,139960,23,,,0,106,,139962,23,,,0,99,,139964,23,0,7 49,0
668701,'2_merged_15524982',526,,139966,15,0,7 49,0,28,,139967,23,,,0,72,,139968,15,0,7 49,0,7,,139969,23,,,0,70,,139970,23,,,0,30,,139971,23,,,0,15,,139972,23,,,0,55,,139973,23,,,0,30,,139974,23,,,0,15,,139976,23,,,0,70,,139978,23,,,0,29,,139981,23,,,0,70,,139985,23,,,0,30,,139988,23,,,0,70,,139992,23,,,0,30,,139995,23,,,0,71,,139998,23,,,0,30,,140001,23,,,0,70,,140004,23,,,0,30,,140007,23,,,0,70,,140011,23,,,0,30,,140014,23,,,0,55,,140016,23,,,0,15,,140019,23,,,0,31,,140022,23,,,0,55,,140024,23,,,0,15,,140027,23,,,0,30,,140030,23,,,0,55,,140032,23,,,0,20,,140034,23,,,0,25,,140037,23,,,0,55,,140039,23,,,0,15,,140041,23,,,0,29,,140044,23,,,0,70,,140047,23,,,0,30,,140050,23,,,0,70,,140053,23,,,0,30,,140055,23,,,0,70,,140057,23,,,0,15,,140058,23,,,0,75,,140060,23,,,0,25,,140062,23,,,0,70,,140064,23,,,0,30,,140065,23,,,0,105,,140067,23,,,0,99,,140069,23,0,7 49,0
668701,'3_merged_15524981',702,,140072,23,,,0,30,,140073,23,,,0,70,,140074,23,,,0,30,,140075,23,,,0,10,,140076,23,,,0,60,,140077,23,,,0,30,,140078,23,,,0,15,,140080,23,,,0,55,,140081,23,,,0,15,,140082,23,,,0,35,,140085,23,,,0,65,,140088,23,,,0,30,,140091,23,,,0,72,,140094,23,,,0,30,,140097,23,,,0,70,,140100,23,,,0,30,,140103,23,,,0,70,,140106,23,,,0,30,,140109,23,,,0,70,,140112,23,,,0,30,,140115,23,,,0,70,,140119,23,,,0,30,,140122,23,,,0,70,,140126,23,,,0,30,,140129,23,,,0,70,,140133,23,,,0,30,,140136,23,,,0,70,,140140,23,,,0,30,,140143,23,,,0,70,,140145,23,,,0,15,,140146,23,,,0,70,,140147,23,,,0,30,,140148,23,,,0,70,,140149,23,,,0,30,,140150,23,,,0,70,,140151,23,,,0,30,,140152,23,,,0
668800,'1_merged_15524980',620,,140160,1,,,0,30,,140161,1,,,0,70,,140162,1,,,0,30,,140163,1,,,0,75,,140164,1,,,0,25,,140165,1,,,0,75,,140166,1,,,0,25,,140167,1,,,0,100,,140168,1,,,0,100,,140169,1,,,0,100,,140170,1,,,0,100,,140171,1,,,0,100,,140172,1,,,0,70,,140173,1,,,0,30,,140174,1,,,0,70,,140175,1,,,0,30,,140176,1,,,0,70,,140177,1,,,0,30,,140178,1,,,0,70,,140179,1,,,0,30,,140180,1,,,0,100,,140181,1,,,0,100,,140182,1,,,0,100,,140183,1,,,0,100,,140184,1,,,0
668800,'2_merged_15524982',840,,140185,1,,,0,100,,140186,1,,,0,100,,140187,1,,,0,100,,140188,1,,,0,100,,140189,1,,,0,100,,140190,1,,,0,100,,140191,1,,,0,100,,140192,1,,,0,100,,140193,1,,,0,100,,140194,1,,,0,100,,140195,1,,,0,100,,140196,1,,,0,100,,140197,1,,,0,100,,140198,1,,,0,100,,140199,1,,,0,100,,140200,1,,,0
668800,'3_merged_15524981',1040,,140201,1,,,0,100,,140202,1,,,0,100,,140203,1,,,0,100,,140204,1,,,0,100,,140205,1,,,0,100,,140206,1,,,0,100,,140207,1,,,0,100,,140208,1,,,0,100,,140209,1,,,0,100,,140210,1,,,0,100,,140211,1,,,0,100,,140212,1,,,0,100,,140213,1,,,0,100,,140214,1,,,0
668801,'1_merged_15524980',637,,140215,44,4,,0,70,,140216,44,4,,0,30,,140217,44,4,,0,70,,140218,44,4,,0,30,,140219,44,4,,0,70,,140220,44,4,,0,30,,140221,44,4,,0,90,,140222,44,4,,0,100,,140223,44,4,,0,100,,140224,44,4,,0,100,,140225,44,4,,0,90,,140226,44,4,,0,90,,140227,44,4,,0,30,,140228,44,4,,0,70,,140229,44,4,,0,30,,140230,44,4,,0,70,,140231,44,4,,0,30,,140232,44,4,,0,70,,140233,44,4,,0,30,,140234,44,4,,0,86,,140235,44,4,,0,100,,140236,44,4,,0,100,,140237,44,4,,0,99,,140238,44,4,,0,98,,140239,44,4,,0
668801,'2_merged_15524982',803,,140240,44,4,,0,100,,140241,44,4,,0,100,,140242,44,4,,0,100,,140243,44,4,,0,100,,140244,44,4,,0,100,,140245,44,4,,0,100,,140246,44,4,,0,100,,140247,44,4,,0,100,,140248,44,4,,0,100,,140249,44,4,,0,100,,140250,44,4,,0,100,,140251,44,4,,0,99,,140252,44,4,,0,100,,140253,44,4,,0,100,,140254,44,4,,0,99,,140255,44,4,,0,100,,140256,44,4,,0
668801,'3_merged_15524981',1002,,140257,44,4,,0,100,,140258,44,4,,0,100,,140259,44,4,,0,100,,140260,44,4,,0,100,,140261,44,4,,0,100,,140262,44,4,,0,100,,140263,44,4,,0,100,,140264,44,4,,0,100,,140265,44,4,,0,100,,140266,44,4,,0,100,,140267,44,4,,0,100,,140268,44,4,,0,99,,140269,44,4,,0,100,,140270,44,4,,0
669001,'1_merged_15524980',624,,140437,15,,,0,30,,140438,15,,,0,69,,140439,23,,,0,28,,140440,15,,,0,88,,140441,23,,,0,87,,140442,15,,,0,100,,140443,15,,,0,100,,140444,15,,,0,100,,140445,15,,,0,100,,140446,15,,,0,98,,140447,23,,,0,30,,140448,23,,,0,70,,140449,23,,,0,29,,140450,23,,,0,75,,140451,23,,,0,30,,140452,23,,,0,70,,140453,23,,,0,30,,140454,23,,,0,70,,140455,23,,,0,30,,140456,23,,,0,70,,140457,23,,,0,97,,140458,15,,,0,99,,140459,15,,,0,109,,140460,15,,,0
669001,'2_merged_15524982',725,,140461,15,,,0,100,,140462,15,,,0,100,,140463,15,,,0,100,,140464,15,,,0,100,,140465,15,,,0,100,,140466,15,,,0,100,,140467,15,,,0,100,,140468,15,,,0,100,,140469,15,,,0,100,,140470,15,,,0,100,,140471,15,,,0,100,,140472,15,,,0,100,,140473,15,,,0,100,,140474,15,,,0,100,,140475,15,,,0,109,,140476,15,,,0
669001,'3_merged_15524981',825,,140477,15,,,0,100,,140478,15,,,0,100,,140479,15,,,0,100,,140480,15,,,0,100,,140481,15,,,0,100,,140482,15,,,0,100,,140483,15,,,0,100,,140484,15,,,0,100,,140485,15,,,0,100,,140486,15,,,0,100,,140487,15,,,0,100,,140488,15,,,0,100,,140489,15,,,0,100,,140490,15,,,0,109,,140491,15,,,0
