681501,'1803_merged_15288071',1831,,93413,3,,,0,100,,93412,3,,,0,100,,93411,3,,,0,100,,93410,3,,,0
681501,'1_merged_15288063',531,,93416,3,,,0,100,,93415,3,,,0,100,,93414,3,,,0,100,,93417,3,,,0,100,,93431,3,,,0,100,,93430,3,,,0,100,,93429,3,,,0,100,,93428,3,,,0,100,,93427,3,,,0,100,,93426,3,,,0,100,,93425,3,,,0,100,,93424,3,,,0,100,,93423,3,,,0,100,,93422,3,,,0,100,,93421,3,,,0,100,,93420,3,,,0,100,,93419,3,,,0,100,,93418,3,,,0
681501,'2_merged_15288065',831,,93432,3,,,0,100,,93433,3,,,0,100,,93434,3,,,0,100,,93435,3,,,0,100,,93436,3,,,0,100,,93437,3,,,0,100,,93438,3,,,0,100,,93439,3,,,0,100,,93440,3,,,0,100,,93441,3,,,0,100,,93442,3,,,0,100,,93443,3,,,0,100,,93444,3,,,0,100,,93445,3,,,0,100,,93446,3,,,0
681501,'3_merged_15288064',931,,93452,3,,,0,100,,93451,3,,,0,100,,93450,3,,,0,100,,93449,3,,,0,100,,93448,3,,,0,100,,93447,3,,,0,100,,93455,3,,,0,100,,93454,3,,,0,100,,93453,3,,,0
681600,'1_merged_15288063',701,,93470,3,,,0,100,,93469,3,,,0,100,,93468,3,,,0,100,,93467,3,,,0,100,,93466,3,,,0,100,,93465,3,,,0,100,,93464,3,,,0,100,,93463,3,,,0,100,,93461,3,,,0,100,,93460,3,,,0,100,,93459,3,,,0,100,,93458,3,,,0,100,,93457,3,,,0,100,,93456,3,,,0,100,,93462,3,,,0
681600,'2_merged_15288065',901,,93471,3,,,0,100,,93472,3,,,0,100,,93473,3,,,0,100,,93474,3,,,0,100,,93475,3,,,0,100,,93476,3,,,0,100,,93477,3,,,0,100,,93478,3,,,0,100,,93479,3,,,0,100,,93480,3,,,0,100,,93481,3,,,0,100,,93482,3,,,0,100,,93483,3,,,0
681600,'3_merged_15288064',901,,93486,3,,,0,100,,93485,3,,,0,100,,93484,3,,,0,100,,93493,3,,,0,100,,93492,3,,,0,100,,93491,3,,,0,100,,93490,3,,,0,100,,93489,3,,,0,100,,93488,3,,,0,100,,93487,3,,,0
3404500,'101_merged_15288070',815,,107554,3,0,101 102,0
3404500,'1_merged_15288063',606,,107572,3,,,0,100,,107570,3,,,0,100,,107569,3,,,0,100,,107568,3,,,0,100,,107567,3,,,0,100,,107566,3,,,0,100,,107565,3,,,0,100,,107564,3,,,0,100,,107563,3,,,0,103,,107562,3,,,0,97,,107561,3,,,0,100,,107560,3,,,0,100,,107559,3,,,0,100,,107558,3,,,0,100,,107557,3,,,0,100,,107556,3,,,0,100,,107555,3,,,0,100,,107571,3,,,0
3404500,'2_merged_15288065',706,,107573,3,,,0,100,,107574,3,,,0,100,,107575,3,,,0,100,,107576,3,,,0,100,,107577,3,,,0,100,,107578,3,,,0,100,,107579,3,,,0,100,,107580,3,,,0,100,,107581,3,,,0,100,,107582,3,,,0,100,,107583,3,,,0,100,,107584,3,,,0,100,,107585,3,,,0,100,,107586,3,,,0,100,,107587,3,,,0,100,,107588,3,,,0,100,,107589,3,,,0
3404500,'3_merged_15288064',806,,107604,3,,,0,100,,107603,3,,,0,100,,107602,3,,,0,100,,107601,3,,,0,100,,107600,3,,,0,100,,107599,3,,,0,100,,107598,3,,,0,100,,107597,3,,,0,100,,107596,3,,,0,100,,107595,3,,,0,100,,107594,3,,,0,100,,107593,3,,,0,100,,107592,3,,,0,100,,107591,3,,,0,100,,107590,3,,,0,100,,107605,3,,,0
