682801,'1101_merged_15288074',2039,,95343,11,,,0
682801,'1201_merged_15288056',2039,,95346,11,,,0,108,,95345,11,,,0,107,,95344,11,,,0
682801,'1_merged_15288063',850,,95362,11,,,0,80,,95363,11,,,0,80,,95360,11,,,0,39,,95361,11,,,0,80,,95359,11,,,0,80,,95347,11,,,0,40,,95364,11,,,0,80,,95358,11,,,0,80,,95357,11,,,0,40,,95356,11,,,0,80,,95355,11,,,0,83,,95354,11,,,0,39,,95353,11,,,0,79,,95352,11,,,0,78,,95351,11,,,0,40,,95350,11,,,0,79,,95349,11,,,0,82,,95348,11,,,0
682801,'2_merged_15288065',917,,95376,11,,,0,40,,95375,11,,,0,80,,95374,11,,,0,80,,95373,11,,,0,40,,95372,11,,,0,80,,95371,11,,,0,80,,95370,11,,,0,40,,95369,11,,,0,82,,95368,11,,,0,80,,95367,11,,,0,40,,95366,11,,,0,80,,95365,11,,,0,80,,95384,11,,,0,40,,95383,11,,,0,80,,95382,11,,,0,70,,95381,11,,,0,110,,95380,11,,,0,107,,95379,11,,,0,106,,95378,11,,,0,104,,95377,11,,,0
682801,'3_merged_15288064',1116,,95385,11,,,0,40,,95397,11,,,0,82,,95396,11,,,0,80,,95395,11,,,0,40,,95394,11,,,0,78,,95393,11,,,0,84,,95392,11,,,0,80,,95391,11,,,0,40,,95390,11,,,0,80,,95389,11,,,0,80,,95388,11,,,0,40,,95387,11,,,0,76,,95386,11,,,0
3454301,'101_merged_15288070',1503,,108563,5,,,0,7,,108564,5,,,0
3454301,'1901_merged_15288060',1501,,108565,9,,,0
3454301,'1_merged_15288063',446,,108631,9,,,0,58,,108632,9,,,0,16,,108566,9,,,0,14,,108567,9,,,0,15,,108568,9,,,0,54,,108641,9,,,0,15,,108569,9,,,0,12,,108570,9,,,0,12,,108571,9,,,0,12,,108640,9,,,0,51,,108572,9,,,0,9,,108573,9,,,0,9,,108574,9,,,0,11,,108575,9,,,0,10,,108639,9,,,0,10,,108576,9,,,0,50,,108642,9,,,0,11,,108577,9,,,0,12,,108578,9,,,0,12,,108579,9,,,0,12,,108638,9,,,0,53,,108580,9,,,0,11,,108581,9,,,0,14,,108582,9,,,0,15,,108583,9,,,0,15,,108637,9,,,0,55,,108584,9,,,0,15,,108585,9,,,0,15,,108586,9,,,0,15,,108636,9,,,0,54,,108587,9,,,0,15,,108588,9,,,0,15,,108589,9,,,0,15,,108635,9,,,0,56,,108590,9,,,0,15,,108591,9,,,0,15,,108592,9,,,0,15,,108634,9,,,0,55,,108628,9,,,0,15,,108629,9,,,0,17,,108630,9,,,0,55,,108633,9,,,0,15,,108593,9,,,0,16,,108594,9,,,0,20,,108595,9,,,0,70,,108596,9,,,0,14,,108597,9,,,0,22,,108598,9,,,0,48,,108599,9,,,0,12,,108600,9,,,0,12,,108601,9,,,0,12,,108602,9,,,0,11,,108603,9,,,0,51,,108604,9,,,0,12,,108605,9,,,0,12,,108606,9,,,0,12,,108607,9,,,0,13,,108608,9,,,0,52,,108609,9,,,0,15,,108610,9,,,0,12,,108611,9,,,0,13,,108612,9,,,0,13,,108613,9,,,0,55,,108614,13,,,0,15,,108615,13,,,0,15,,108616,13,,,0,15,,108617,13,,,0,56,,108618,13,,,0,15,,108619,13,,,0,28,,108620,13,,,0,69,,108621,13,,,0,29,,108622,13,,,0,70,,108623,13,,,0,28,,108624,13,,,0,70,,108625,13,,,0,30,,108626,13,,,0,70,,108627,13,,,0
3454301,'2001_merged_15288073',1501,,108643,9,,,0
3454301,'2_merged_15288065',526,,108691,13,,,0,75,,108690,13,,,0,30,,108689,13,,,0,70,,108688,13,,,0,29,,108687,13,,,0,29,,108686,13,,,0,67,,108685,13,,,0,20,,108684,13,,,0,60,,108683,13,,,0,18,,108682,13,,,0,20,,108681,13,,,0,60,,108680,13,,,0,20,,108679,13,,,0,20,,108678,13,,,0,60,,108677,13,,,0,21,,108676,13,,,0,20,,108675,13,,,0,60,,108674,13,,,0,20,,108673,13,,,0,20,,108672,13,,,0,60,,108671,13,,,0,20,,108670,13,,,0,20,,108669,13,,,0,60,,108668,13,,,0,20,,108667,13,,,0,20,,108666,13,,,0,60,,108645,13,,,0,20,,108644,13,,,0,21,,108665,13,,,0,61,,108664,13,,,0,17,,108663,13,,,0,21,,108662,13,,,0,62,,108661,13,,,0,21,,108660,13,,,0,20,,108659,13,,,0,60,,108658,13,,,0,22,,108657,13,,,0,70,,108656,13,,,0,30,,108655,13,,,0,73,,108654,13,,,0,30,,108653,13,,,0,70,,108652,13,,,0,30,,108651,13,,,0,71,,108650,13,,,0,30,,108649,13,,,0,98,,108648,13,,,0,96,,108647,13,,,0,101,,108646,9,,,0
3454301,'3_merged_15288064',530,,108700,13,,,0,75,,108701,13,,,0,34,,108732,13,,,0,69,,108733,13,,,0,31,,108734,13,,,0,71,,108702,13,,,0,31,,108703,13,,,0,70,,108704,13,,,0,29,,108705,13,,,0,69,,108706,13,,,0,30,,108697,13,,,0,67,,108707,13,,,0,19,,108708,13,,,0,18,,108698,13,,,0,60,,108709,13,,,0,23,,108710,13,,,0,20,,108699,13,,,0,60,,108711,13,,,0,23,,108712,13,,,0,20,,108696,13,,,0,60,,108713,13,,,0,20,,108714,13,,,0,21,,108693,13,,,0,58,,108715,13,,,0,20,,108716,13,,,0,18,,108694,13,,,0,61,,108717,13,,,0,20,,108718,13,,,0,20,,108695,13,,,0,60,,108719,13,,,0,30,,108720,13,,,0,71,,108731,13,,,0,37,,108721,13,,,0,75,,108722,13,,,0,35,,108723,13,,,0,75,,108726,13,,,0,75,,108725,13,,,0,35,,108724,13,,,0,75,,108727,13,,,0,36,,108728,13,,,0,75,,108692,13,,,0,103,,108729,13,,,0,99,,108730,9,,,0
3454301,'62101_merged_15288061',1548,,108735,9,,,0
3454301,'62201_merged_15288059',1548,,108736,9,,,0
