672400,'1_merged_15288063',427,,87300,2,,,0,26,,87303,2,,,0,60,,87330,2,,,0,24,,87293,2,,,0,20,,87305,2,,,0,53,,87294,2,,,0,15,,87332,2,,,0,14,,87316,2,,,0,12,,87337,2,,,0,54,,87338,2,,,0,15,,87339,2,,,0,13,,87340,2,,,0,14,,87304,2,,,0,12,,87341,2,,,0,57,,87298,2,,,0,15,,87342,2,,,0,14,,87314,2,,,0,55,,87343,2,,,0,16,,87326,2,,,0,17,,87317,2,,,0,17,,87344,2,,,0,58,,87345,2,,,0,21,,87318,2,,,0,18,,87312,2,,,0,60,,87328,2,,,0,20,,87319,2,,,0,19,,87329,2,,,0,60,,87299,2,,,0,21,,87320,2,,,0,19,,87297,2,,,0,59,,87309,2,,,0,20,,87321,2,,,0,20,,87313,2,,,0,60,,87333,2,,,0,14,,87302,2,,,0,15,,87323,2,,,0,14,,87308,2,,,0,55,,87334,2,,,0,15,,87310,2,,,0,14,,87315,2,,,0,17,,87301,2,,,0,56,,87346,2,,,0,15,,87347,2,,,0,15,,87348,2,,,0,15,,87349,2,,,0,55,,87350,2,,,0,18,,87351,2,,,0,15,,87352,2,,,0,19,,87353,2,,,0,55,,87354,2,,,0,18,,87355,2,,,0,15,,87356,2,,,0,57,,87357,2,,,0,16,,87306,2,,,0,19,,87358,2,,,0,66,,87307,2,,,0,25,,87331,2,,,0,29,,87295,2,,,0,71,,87322,2,,,0,30,,87324,2,,,0,78,,87296,2,,,0,64,,87311,2,,,0,30,,87335,2,,,0,70,,87325,2,,,0,30,,87336,2,,,0,27,,87327,2,,,0,58,,87292,2,0,95 43,0,22,,87290,2,0,95 43,0,77,,87291,2,0,95 43,0
672400,'2_merged_15288065',419,,87396,2,,,0,35,,87400,2,,,0,74,,87401,2,,,0,29,,87402,2,,,0,69,,87403,2,,,0,30,,87404,2,,,0,71,,87405,2,,,0,27,,87406,2,,,0,68,,87407,2,,,0,20,,87408,2,,,0,14,,87420,2,,,0,55,,87421,2,,,0,14,,87422,2,,,0,15,,87423,2,,,0,14,,87424,2,,,0,55,,87360,2,,,0,14,,87361,2,,,0,15,,87362,2,,,0,14,,87363,2,,,0,55,,87364,2,,,0,15,,87365,2,,,0,15,,87366,2,,,0,13,,87367,2,,,0,55,,87368,2,,,0,12,,87369,2,,,0,15,,87370,2,,,0,15,,87371,2,,,0,56,,87372,2,,,0,13,,87373,2,,,0,15,,87374,2,,,0,15,,87375,2,,,0,55,,87376,2,,,0,14,,87377,2,,,0,15,,87378,2,,,0,13,,87379,2,,,0,15,,87380,2,,,0,55,,87381,2,,,0,17,,87382,2,,,0,15,,87359,2,,,0,56,,87383,2,,,0,16,,87384,2,,,0,16,,87385,2,,,0,21,,87386,2,,,0,56,,87387,2,,,0,15,,87388,2,,,0,15,,87389,2,,,0,17,,87409,2,,,0,63,,87410,2,,,0,21,,87411,2,,,0,63,,87412,2,,,0,22,,87413,2,,,0,20,,87414,2,,,0,66,,87416,2,,,0,30,,87418,2,,,0,12,,87417,2,0,95 43,0,58,,87419,2,,,0,33,,87392,2,,,0,70,,87393,2,,,0,34,,87394,2,,,0,66,,87415,2,,,0,27,,87397,2,,,0,68,,87391,2,,,0,39,,87398,2,,,0,69,,87390,2,,,0,35,,87395,2,0,95 43,0,69,,87399,2,0,95 43,0
672400,'3_merged_15288064',452,,87449,2,,,0,70,,87453,2,,,0,30,,87454,2,,,0,69,,87455,2,,,0,30,,87456,2,,,0,68,,87457,2,,,0,20,,87458,2,,,0,19,,87459,2,,,0,61,,87460,2,,,0,19,,87461,2,,,0,21,,87462,2,,,0,60,,87463,2,,,0,17,,87464,2,,,0,20,,87465,2,,,0,60,,87466,2,,,0,18,,87467,2,,,0,19,,87468,2,,,0,60,,87469,2,,,0,18,,87470,2,,,0,19,,87471,2,,,0,60,,87472,2,,,0,20,,87473,2,,,0,20,,87474,2,,,0,60,,87475,2,,,0,19,,87476,2,,,0,20,,87477,2,,,0,56,,87436,2,,,0,15,,87478,2,,,0,15,,87479,2,,,0,15,,87480,2,,,0,54,,87437,2,,,0,17,,87481,2,,,0,16,,87482,2,,,0,16,,87483,2,,,0,56,,87438,2,,,0,16,,87484,2,,,0,15,,87485,2,,,0,15,,87425,2,,,0,55,,87439,2,,,0,15,,87426,2,,,0,16,,87427,2,,,0,17,,87428,2,,,0,55,,87440,2,,,0,18,,87434,2,,,0,16,,87435,2,,,0,59,,87433,2,,,0,20,,87441,2,,,0,18,,87429,2,,,0,60,,87430,2,,,0,29,,87431,2,,,0,70,,87432,2,,,0,33,,87445,2,,,0,69,,87446,2,,,0,31,,87447,2,,,0,71,,87442,2,,,0,31,,87450,2,,,0,71,,87444,2,,,0,31,,87451,2,,,0,70,,87443,2,,,0,34,,87448,2,0,95 43,0,70,,87452,2,0,95 43,0
672501,'1_merged_15288063',616,,87779,2,,,0,30,,87780,2,,,0,70,,87781,2,,,0,30,,87782,2,,,0,70,,87783,2,,,0,30,,87784,2,,,0,70,,87785,2,,,0,30,,87786,2,,,0,70,,87787,2,,,0,30,,87788,2,,,0,70,,87789,2,,,0,30,,87790,2,,,0,70,,87791,2,,,0,30,,87792,2,,,0,70,,87793,2,,,0,30,,87794,2,,,0,70,,87795,2,,,0,30,,87796,2,,,0,70,,87797,2,,,0,30,,87798,2,,,0,70,,87799,2,,,0,30,,87800,2,,,0,70,,87801,2,,,0,30,,87802,2,,,0,70,,87803,2,,,0,32,,87804,2,,,0,71,,87805,2,,,0,30,,87806,2,,,0,70,,87807,2,,,0,31,,87808,2,,,0,70,,87809,2,,,0,30,,87810,2,,,0,71,,87811,2,,,0,100,,87812,2,,,0,100,,87813,2,,,0,111,,87814,2,0,96 3 97 43,0
672501,'2_merged_15288065',608,,87815,2,,,0,31,,87833,2,,,0,72,,87834,2,,,0,30,,87835,2,,,0,70,,87836,2,,,0,30,,87817,2,,,0,70,,87837,2,,,0,34,,87838,2,,,0,70,,87839,2,,,0,30,,87818,2,,,0,70,,87843,2,,,0,30,,87844,2,,,0,70,,87845,2,,,0,30,,87832,2,,,0,70,,87822,2,,,0,30,,87831,2,,,0,70,,87848,2,,,0,30,,87825,2,,,0,70,,87830,2,,,0,30,,87842,2,,,0,70,,87841,2,,,0,30,,87823,2,,,0,70,,87828,2,,,0,30,,87826,2,,,0,70,,87827,2,,,0,30,,87840,2,,,0,71,,87819,2,,,0,31,,87816,2,,,0,71,,87820,2,,,0,30,,87850,2,,,0,70,,87821,2,,,0,100,,87846,2,,,0,103,,87824,2,,,0,98,,87829,2,,,0
672501,'3_merged_15288064',719,,87857,2,,,0,31,,87854,2,,,0,70,,87856,2,,,0,30,,87869,2,,,0,70,,87883,2,,,0,30,,87882,2,,,0,71,,87881,2,,,0,28,,87879,2,,,0,70,,87863,2,,,0,30,,87867,2,,,0,70,,87858,2,,,0,30,,87859,2,,,0,70,,87860,2,,,0,30,,87855,2,,,0,71,,87861,2,,,0,30,,87862,2,,,0,70,,87885,2,,,0,30,,87870,2,,,0,70,,87871,2,,,0,30,,87866,2,,,0,70,,87864,2,,,0,31,,87878,2,,,0,70,,87884,2,,,0,31,,87851,2,,,0,70,,87852,2,,,0,30,,87853,2,,,0,71,,87872,2,,,0,30,,87873,2,,,0,71,,87874,2,,,0,31,,87875,2,,,0,89,,87876,2,,,0,95,,87877,2,,,0,100,,87880,2,,,0,99,,87865,2,0,96 3 97 43,0
682801,'1101_merged_15288074',2032,,95343,2,,,0
682801,'1201_merged_15288056',2032,,95346,2,,,0,108,,95345,2,,,0,107,,95344,2,,,0
682801,'1_merged_15288063',841,,95362,2,,,0,80,,95363,2,,,0,80,,95360,2,,,0,40,,95361,2,,,0,80,,95359,2,,,0,80,,95347,2,,,0,40,,95364,2,,,0,80,,95358,2,,,0,80,,95357,2,,,0,40,,95356,2,,,0,80,,95355,2,,,0,82,,95354,2,,,0,39,,95353,2,,,0,79,,95352,2,,,0,79,,95351,2,,,0,40,,95350,2,,,0,80,,95349,2,,,0,82,,95348,2,,,0
682801,'2_merged_15288065',910,,95376,2,,,0,40,,95375,2,,,0,80,,95374,2,,,0,80,,95373,2,,,0,40,,95372,2,,,0,80,,95371,2,,,0,80,,95370,2,,,0,40,,95369,2,,,0,81,,95368,2,,,0,80,,95367,2,,,0,40,,95366,2,,,0,80,,95365,2,,,0,80,,95384,2,,,0,40,,95383,2,,,0,80,,95382,2,,,0,70,,95381,2,,,0,110,,95380,2,,,0,107,,95379,2,,,0,107,,95378,2,,,0,104,,95377,2,,,0
682801,'3_merged_15288064',1110,,95385,2,,,0,40,,95397,2,,,0,80,,95396,2,,,0,80,,95395,2,,,0,40,,95394,2,,,0,78,,95393,2,,,0,83,,95392,2,,,0,40,,95391,2,,,0,80,,95390,2,,,0,80,,95389,2,,,0,40,,95388,2,,,0,80,,95387,2,,,0,79,,95386,2,,,0
3454301,'1_merged_15288063',1904,,108614,2,,,0,15,,108615,2,,,0,15,,108616,2,,,0,15,,108617,2,,,0,56,,108618,2,,,0,15,,108619,2,,,0,28,,108620,2,,,0,69,,108621,2,,,0,29,,108622,2,,,0,70,,108623,2,,,0,29,,108624,2,,,0,70,,108625,2,,,0,30,,108626,2,,,0,70,,108627,2,,,0
3454301,'2_merged_15288065',518,,108691,2,,,0,35,,108690,2,,,0,70,,108689,2,,,0,30,,108688,2,,,0,68,,108687,2,,,0,29,,108686,2,,,0,66,,108685,2,,,0,20,,108684,2,,,0,20,,108683,2,,,0,58,,108682,2,,,0,20,,108681,2,,,0,20,,108680,2,,,0,59,,108679,2,,,0,19,,108678,2,,,0,20,,108677,2,,,0,60,,108676,2,,,0,20,,108675,2,,,0,20,,108674,2,,,0,60,,108673,2,,,0,20,,108672,2,,,0,20,,108671,2,,,0,60,,108670,2,,,0,20,,108669,2,,,0,20,,108668,2,,,0,60,,108667,2,,,0,20,,108666,2,,,0,21,,108645,2,,,0,60,,108644,2,,,0,20,,108665,2,,,0,21,,108664,2,,,0,57,,108663,2,,,0,21,,108662,2,,,0,22,,108661,2,,,0,61,,108660,2,,,0,20,,108659,2,,,0,20,,108658,2,,,0,62,,108657,2,,,0,31,,108656,2,,,0,71,,108655,2,,,0,33,,108654,2,,,0,70,,108653,2,,,0,31,,108652,2,,,0,70,,108651,2,,,0,31,,108650,2,,,0,70,,108649,2,,,0,100,,108648,2,,,0,96,,108647,2,,,0
3454301,'3_merged_15288064',522,,108700,2,,,0,35,,108701,2,,,0,74,,108732,2,,,0,28,,108733,2,,,0,71,,108734,2,,,0,71,,108702,2,,,0,30,,108703,2,,,0,70,,108704,2,,,0,28,,108705,2,,,0,29,,108706,2,,,0,70,,108697,2,,,0,27,,108707,2,,,0,59,,108708,2,,,0,18,,108698,2,,,0,20,,108709,2,,,0,61,,108710,2,,,0,20,,108699,2,,,0,20,,108711,2,,,0,63,,108712,2,,,0,21,,108696,2,,,0,20,,108713,2,,,0,61,,108714,2,,,0,21,,108693,2,,,0,18,,108715,2,,,0,60,,108716,2,,,0,18,,108694,2,,,0,21,,108717,2,,,0,60,,108718,2,,,0,20,,108695,2,,,0,20,,108719,2,,,0,70,,108720,2,,,0,31,,108731,2,,,0,78,,108721,2,,,0,76,,108722,2,,,0,35,,108723,2,,,0,75,,108726,2,,,0,35,,108725,2,,,0,75,,108724,2,,,0,75,,108727,2,,,0,37,,108728,2,,,0,75,,108692,2,,,0,104,,108729,2,,,0
