674900,'101_merged_15529707',726,,150770,20,0,62 63 64,0,24,,150771,2,,,0
674900,'1_merged_15529700',539,,150835,20,,,0,13,,150836,20,,,0,57,,150837,20,,,0,17,,150838,20,,,0,15,,150839,20,,,0,16,,150840,20,,,0,56,,150841,20,,,0,30,,150842,20,,,0,15,,150843,20,0,58 59,0,55,,150844,20,0,58 59,0,13,,150781,20,,,0,14,,150826,20,0,58 59,0,18,,150827,20,,,0,54,,150828,20,0,58 59,0,15,,150829,20,,,0,8,,150830,20,0,60 61 8,0,9,,150831,20,0,58 59,0,14,,150832,20,,,0,55,,150833,20,0,58 59,0,15,,150834,20,,,0,15,,150782,20,0,58 59,0,15,,150807,20,,,0,55,,150808,20,0,58 59,0,15,,150809,20,,,0,15,,150810,20,0,58 59,0,57,,150811,20,,,0,15,,150812,20,0,58 59,0,15,,150813,20,,,0,12,,150814,20,0,58 59,0,17,,150815,20,,,0,54,,150816,20,0,58 59,0,15,,150817,20,,,0,17,,150818,20,0,58 59,0,13,,150819,20,,,0,57,,150820,20,0,60 61 8,0,36,,150821,20,,,0,55,,150822,20,,,0,15,,150823,20,,,0,17,,150824,20,,,0,17,,150825,20,,,0,54,,150773,20,,,0,14,,150779,20,,,0,23,,150801,20,,,0,7,,150783,20,,,0,63,,150772,20,,,0,5,,150802,20,,,0,24,,150803,20,,,0,6,,150804,20,,,0,55,,150805,20,,,0,21,,150806,20,,,0,5,,150780,20,,,0,19,,150774,20,,,0,49,,150784,20,,,0,16,,150785,20,,,0,14,,150796,20,,,0,16,,150797,20,,,0,54,,150798,20,,,0,13,,150799,20,0,60 61 8,0,17,,150800,20,,,0,15,,150778,20,,,0,55,,150775,20,,,0,16,,150788,20,0,60 61 8,0,12,,150789,20,,,0,30,,150790,20,,,0,70,,150791,20,,,0,30,,150776,20,,,0,69,,150793,20,,,0,30,,150787,20,,,0,67,,150792,20,,,0,30,,150777,20,,,0,70,,150795,20,0,58 59,0,29,,150786,20,0,58 59,0,70,,150794,20,0,58 59,0
674900,'201',725,,150845,20,,,0
674900,'2_merged_15529702',627,,150848,20,,,0,30,,150849,20,,,0,67,,150850,20,,,0,15,,150851,20,,,0,15,,150852,20,0,58 59,0,55,,150853,20,,,0,10,,150854,20,0,58 59,0,15,,150855,20,,,0,15,,150856,20,0,58 59,0,56,,150857,20,,,0,16,,150858,20,0,58 59,0,16,,150859,20,,,0,15,,150860,20,0,58 59,0,54,,150861,20,,,0,15,,150862,20,0,58 59,0,18,,150863,20,,,0,15,,150864,20,0,58 59,0,54,,150865,20,,,0,15,,150866,20,0,58 59,0,15,,150867,20,,,0,16,,150868,20,0,58 59,0,55,,150869,20,,,0,17,,150870,20,0,58 59,0,15,,150871,20,,,0,12,,150872,20,0,58 59,0,55,,150873,20,,,0,15,,150874,20,0,58 59,0,16,,150875,20,,,0,15,,150876,20,0,58 59,0,55,,150877,20,,,0,15,,150878,20,0,58 59,0,17,,150879,20,,,0,15,,150880,20,0,58 59,0,55,,150881,20,,,0,15,,150882,20,0,58 59,0,13,,150883,20,,,0,15,,150884,20,0,58 59,0,57,,150885,20,,,0,13,,150886,20,0,58 59,0,15,,150887,20,,,0,15,,150888,20,0,58 59,0,54,,150889,20,,,0,15,,150890,20,0,58 59,0,15,,150891,20,,,0,15,,150892,20,0,58 59,0,55,,150893,20,,,0,15,,150894,20,0,58 59,0,14,,150895,20,,,0,15,,150896,20,,,0,55,,150897,20,,,0,20,,150898,20,,,0,20,,150899,20,,,0,57,,150900,20,,,0,22,,150901,20,,,0,20,,150902,20,,,0,59,,150903,20,,,0,24,,150904,20,,,0,30,,150905,20,,,0,69,,150906,20,,,0,30,,150907,20,,,0,68,,150908,20,,,0,30,,150909,20,,,0,70,,150910,20,,,0,30,,150911,20,,,0,68,,150912,20,0,58 59,0,35,,150846,20,0,58 59,0,65,,150847,20,0,58 59,0
674900,'3_merged_15529701',630,,150942,20,,,0,72,,150941,20,,,0,23,,150947,20,,,0,31,,150946,20,,,0,55,,150958,20,0,58 59,0,16,,150957,20,,,0,15,,150956,20,0,58 59,0,15,,150955,20,,,0,56,,150954,20,0,58 59,0,16,,150953,20,,,0,15,,150977,20,0,58 59,0,56,,150976,20,,,0,15,,150952,20,0,58 59,0,16,,150951,20,,,0,15,,150950,20,0,58 59,0,54,,150949,20,,,0,10,,150948,20,0,58 59,0,14,,150945,20,,,0,16,,150944,20,0,58 59,0,15,,150943,20,,,0,53,,150969,20,0,58 59,0,19,,150917,20,,,0,15,,150916,20,0,58 59,0,15,,150915,20,,,0,54,,150914,20,0,58 59,0,16,,150913,20,,,0,15,,150975,20,0,58 59,0,9,,150974,20,,,0,63,,150973,20,0,58 59,0,15,,150972,20,,,0,15,,150971,20,0,58 59,0,15,,150970,20,,,0,55,,150968,20,0,58 59,0,14,,150967,20,,,0,14,,150966,20,0,58 59,0,14,,150965,20,,,0,45,,150964,20,0,58 59,0,25,,150963,20,,,0,15,,150962,20,0,58 59,0,15,,150961,20,,,0,53,,150960,20,0,58 59,0,17,,150959,20,,,0,16,,150930,20,0,58 59,0,14,,150940,20,,,0,56,,150939,20,0,58 59,0,19,,150938,20,,,0,15,,150937,20,0,58 59,0,55,,150936,20,,,0,14,,150935,20,0,58 59,0,13,,150934,20,,,0,15,,150933,20,0,58 59,0,15,,150932,20,,,0,55,,150931,20,0,58 59,0,15,,150929,20,,,0,15,,150928,20,0,58 59,0,11,,150927,20,,,0,60,,150926,20,,,0,20,,150925,20,,,0,71,,150924,20,,,0,31,,150923,20,,,0,70,,150922,20,,,0,28,,150921,20,,,0,70,,150920,20,,,0,31,,150919,20,,,0,101,,150918,20,0,58 59,0
674900,'701_merged_15529694',1437,,150978,20,0,62 63 121 122 123,0
674900,'801_merged_15529712',1431,,150979,20,,,0
722400,'1_merged_15529700',551,,155834,27,,,0,60,,155832,27,,,0,24,,155809,27,,,0,10,,155807,27,,,0,61,,155835,27,,,0,7,,155839,27,,,0,24,,155833,27,,,0,20,,155830,27,,,0,51,,155836,27,,,0,26,,155829,27,,,0,19,,155828,27,,,0,62,,155840,27,,,0,17,,155825,27,,,0,72,,155824,27,,,0,26,,155822,27,,,0,71,,155821,27,,,0,30,,155820,27,,,0,73,,155819,27,,,0,30,,155818,27,,,0,70,,155817,27,,,0,30,,155823,27,,,0,71,,155816,27,,,0,33,,155831,27,,,0,70,,155827,27,,,0,32,,155837,27,,,0,60,,155826,27,,,0,20,,155815,27,,,0,26,,155838,27,,,0,54,,155814,27,,,0,20,,155806,27,,,0,16,,155804,27,,,0,15,,155841,27,,,0,55,,155813,27,,,0,20,,155812,27,,,0,33,,155811,27,,,0,61,,155810,27,,,0,19,,155805,27,,,0,63,,155808,27,,,0,32,,155845,27,,,0
1294000,'101_merged_15529707',1649,,157878,24,,,0
1294000,'1_merged_15529700',536,,157880,24,,,0,70,,157881,24,,,0,31,,157882,24,,,0,71,,157883,24,,,0,35,,157884,24,,,0,73,,157885,24,,,0,806,,157914,24,,,0,93,,157900,24,,,0,26,,157901,24,,,0,65,,157902,24,,,0,23,,157903,24,,,0,28,,157904,24,,,0
1294000,'201',1649,,157915,24,,,0
