674900,'1_merged_15529700',948,,150830,35,4,,0,482,,150820,35,4,,0,596,,150799,35,4,,0,102,,150788,35,4,,0
3182100,'101_merged_15529707',740,,166705,2,,,0,771,,166704,2,,,0,144,,166702,6,,,0
3182100,'1_merged_15529700',504,,166724,2,,,0,30,,166723,2,,,0,70,,166722,2,,,0,31,,166721,2,,,0,70,,166720,2,,,0,22,,166719,2,,,0,74,,166718,2,,,0,50,,166717,2,,,0,85,,166716,2,,,0,85,,166715,2,,,0,86,,166714,2,,,0,44,,166713,2,,,0,85,,166712,2,,,0,85,,166711,2,,,0,86,,166710,2,,,0,41,,166709,2,,,0,89,,166708,2,,,0,81,,166707,2,,,0,106,,166706,6,,,0,30,,166729,6,,,0,80,,166728,6,,,0,90,,166727,6,,,0,82,,166726,2,,,0,47,,166725,2,,,0
3182100,'201',1655,,166730,6,,,0
3182100,'2_merged_15529702',658,,166749,2,,,0,83,,166748,2,,,0,87,,166747,2,,,0,85,,166746,2,,,0,45,,166745,2,,,0,85,,166744,2,,,0,85,,166743,2,,,0,85,,166742,2,,,0,45,,166741,2,,,0,85,,166740,2,,,0,84,,166739,2,,,0,85,,166750,2,,,0,45,,166738,2,,,0,85,,166737,2,,,0,85,,166736,2,,,0,85,,166735,2,,,0,44,,166734,2,,,0,85,,166733,2,,,0,85,,166732,2,,,0,85,,166731,2,,,0
3182100,'3_merged_15529701',746,,166764,2,,,0,87,,166763,2,,,0,85,,166762,2,,,0,85,,166761,2,,,0,45,,166760,2,,,0,85,,166759,2,,,0,85,,166758,2,,,0,85,,166757,2,,,0,45,,166756,2,,,0,85,,166755,2,,,0,85,,166754,2,,,0,85,,166753,2,,,0,45,,166752,2,,,0,85,,166751,2,,,0,85,,166769,2,,,0,85,,166768,2,,,0,43,,166767,2,,,0,85,,166766,2,,,0,85,,166765,2,,,0
3182100,'401',1524,,166770,2,,,0
3404200,'101_merged_15529707',756,,168082,2,,,0,699,,168084,2,,,0,48,,168083,2,,,0,53,,168085,2,,,0
3404200,'1_merged_15529700',504,,168108,2,,,0,30,,168098,2,,,0,23,,168097,2,,,0,45,,168107,2,,,0,25,,168089,2,,,0,5,,168088,2,,,0,25,,168106,2,,,0,43,,168109,2,,,0,32,,168096,2,,,0,68,,168105,2,,,0,30,,168095,2,,,0,70,,168104,2,,,0,101,,168103,2,,,0,100,,168102,2,,,0,102,,168101,2,,,0,98,,168100,2,,,0,55,,168099,2,,,0,75,,168110,2,,,0,85,,168094,2,,,0,25,,168111,2,,,0,70,,168093,2,,,0,109,,168092,10,,,0,81,,168087,2,,,0,40,,168086,2,,,0,104,,168091,2,,,0,98,,168090,2,,,0
3404200,'201',1556,,168112,2,,,0
3404200,'2_merged_15529702',805,,168118,2,,,0,100,,168119,2,,,0,100,,168117,2,,,0,101,,168120,2,,,0,100,,168116,2,,,0,100,,168121,2,,,0,100,,168115,2,,,0,100,,168122,2,,,0,101,,168114,2,,,0,99,,168123,2,,,0,100,,168113,2,,,0
3404200,'3_merged_15529701',800,,168129,2,,,0,100,,168130,2,,,0,100,,168128,2,,,0,100,,168131,2,,,0,100,,168127,2,,,0,101,,168132,2,,,0,100,,168126,2,,,0,100,,168133,2,,,0,100,,168125,2,,,0,100,,168134,2,,,0,100,,168124,2,,,0
