672201,'1_merged_15291795',546,,86854,30,4,,0,1410,,86910,30,4,,0,70,,86912,30,4,,0,321,,86919,30,4,,0,99,,86921,30,4,,0,205,,86923,30,4,,0
672201,'2_merged_15291797',1900,,86976,30,4,,0,746,,86943,30,4,,0
672201,'3_merged_15291796',2057,,87000,30,4,,0,589,,87028,30,4,,0
672301,'1_merged_15291795',519,,87166,30,4,,0,1327,,87208,30,4,,0
672301,'2_merged_15291797',732,,87226,30,4,,0,74,,87227,30,4,,0,100,,87229,30,4,,0,30,,87251,30,4,,0,70,,87230,30,4,,0,32,,87231,30,4,,0,70,,87239,30,4,,0,30,,87232,30,4,,0,70,,87223,30,4,,0,30,,87244,30,4,,0,72,,87238,30,4,,0,30,,87225,30,4,,0,73,,87247,30,4,,0,30,,87235,30,4,,0,68,,87236,30,4,,0,30,,87255,30,4,,0,70,,87250,30,4,,0,30,,87249,30,4,,0,70,,87241,30,4,,0,30,,87242,30,4,,0,68,,87243,30,4,,0,199,,87233,30,4,,0,29,,87234,30,4,,0,70,,87245,30,4,,0,30,,87246,30,4,,0,70,,87224,30,4,,0,238,,87254,30,4,,0
672301,'3_merged_15291796',1113,,87283,30,4,,0,31,,87284,30,4,,0,70,,87261,30,4,,0,30,,87262,30,4,,0,72,,87263,30,4,,0,30,,87274,30,4,,0,69,,87275,30,4,,0,30,,87258,30,4,,0,70,,87259,30,4,,0,29,,87260,30,4,,0,70,,87271,30,4,,0,30,,87276,30,4,,0,70,,87264,30,4,,0,30,,87267,30,4,,0,70,,87289,30,4,,0
672700,'101_merged_15291802',1536,,88069,1,,,0
672700,'1_merged_15291795',425,,88081,1,,,0,23,,88082,1,,,0,80,,88070,1,,,0,19,,88083,1,,,0,60,,88084,1,,,0,18,,88085,1,,,0,17,,88086,1,,,0,63,,88087,1,,,0,22,,88088,1,,,0,25,,88089,1,,,0,65,,88090,1,,,0,22,,88091,1,,,0,20,,88092,1,,,0,64,,88093,1,,,0,27,,88094,1,,,0,70,,88095,1,,,0,30,,88096,1,,,0,70,,88097,1,,,0,25,,88098,1,,,0,70,,88099,1,,,0,30,,88100,1,,,0,65,,88101,1,,,0,30,,88102,1,,,0,16,,88103,1,,,0,70,,88104,1,,,0,23,,88105,1,,,0,63,,88106,1,,,0,41,,88107,1,,,0,68,,88108,1,,,0,11,,88109,1,,,0,26,,88110,1,,,0,55,,88111,1,,,0,22,,88112,1,,,0,70,,88113,1,,,0,26,,88114,1,,,0,71,,88071,1,,,0,33,,88080,1,,,0,69,,88072,1,,,0,35,,88073,1,,,0,70,,88078,1,,,0,38,,88079,1,,,0,73,,88074,1,,,0,34,,88075,1,,,0,94,,88076,1,,,0,103,,88077,1,,,0
672700,'2_merged_15291797',645,,88133,1,,,0,66,,88118,1,,,0,33,,88125,1,,,0,72,,88149,1,,,0,28,,88115,1,,,0,70,,88126,1,,,0,30,,88117,1,,,0,72,,88138,1,,,0,30,,88116,1,,,0,70,,88145,1,,,0,32,,88120,1,,,0,72,,88122,1,,,0,28,,88123,1,,,0,70,,88121,1,,,0,30,,88128,1,,,0,70,,88129,1,,,0,30,,88147,1,,,0,72,,88130,1,,,0,29,,88139,1,,,0,69,,88140,1,,,0,30,,88141,1,,,0,70,,88142,1,,,0,29,,88136,1,,,0,68,,88144,1,,,0,32,,88135,1,,,0,69,,88137,1,,,0,32,,88131,1,,,0,71,,88132,1,,,0,30,,88148,1,,,0,70,,88127,1,,,0,30,,88143,1,,,0,70,,88124,1,,,0,34,,88119,1,,,0,148,,88134,1,,,0,51,,88146,1,,,0
672700,'3_merged_15291796',732,,88150,1,,,0,100,,88159,1,,,0,92,,88162,1,,,0,80,,88170,1,,,0,26,,88164,1,,,0,29,,88177,1,,,0,70,,88153,1,,,0,30,,88180,1,,,0,70,,88166,1,,,0,30,,88167,1,,,0,70,,88168,1,,,0,30,,88154,1,,,0,70,,88152,1,,,0,30,,88176,1,,,0,70,,88178,1,,,0,30,,88181,1,,,0,70,,88169,1,,,0,30,,88174,1,,,0,70,,88175,1,,,0,30,,88172,1,,,0,70,,88151,1,,,0,30,,88163,1,,,0,71,,88160,1,,,0,70,,88161,1,,,0,30,,88157,1,,,0,70,,88158,1,,,0,28,,88179,1,,,0,29,,88165,1,,,0,70,,88171,1,,,0,28,,88155,1,,,0,100,,88156,1,,,0,96,,88173,1,,,0
672701,'1_merged_15291795',628,,88190,57,4,,0,29,,88191,57,4,,0,84,,88211,61,4,,0,63,,88212,61,4,,0,24,,88213,61,4,,0,21,,88214,61,4,,0,66,,88215,61,4,,0,27,,88216,61,4,,0,69,,88217,61,4,,0,29,,88218,57,4,,0,69,,88219,57,4,,0,28,,88220,57,4,,0,69,,88221,57,4,,0,28,,88222,57,4,,0,69,,88223,57,4,,0,27,,88224,57,4,,0,20,,88225,57,4,,0,92,,88226,62,4,,0,15,,88227,57,4,,0,76,,88228,57,4,,0,81,,88192,62,4,,0,9,,88193,57,4,,0,28,,88194,61,4,,0,54,,88195,61,4,,0,23,,88196,62,4,,0,31,,88198,61,4,,0,51,,88197,61,4,,0,14,,88199,61,4,,0,105,,88202,57,4,,0,78,,88204,57,4,,0,21,,88205,57,4,,0,22,,88206,57,4,,0,92,,88208,57,4,,0,73,,88209,57,4,,0,116,,88185,57,4,,0,26,,88186,57,4,,0,79,,88189,57,4,,0,91,,88187,62,4,,0,95,,88188,57,4,,0
672701,'2_merged_15291797',639,,88235,57,4,,0,200,,88234,57,4,,0,1003,,88249,57,4,,0,70,,88242,57,4,,0,30,,88251,57,4,,0,302,,88240,57,4,,0,100,,88238,57,4,,0,186,,88260,57,4,,0
672701,'3_merged_15291796',710,,88269,57,4,,0,101,,88275,57,4,,0,103,,88272,57,4,,0,103,,88288,57,4,,0,30,,88293,57,4,,0,801,,88266,57,4,,0,73,,88265,57,4,,0,32,,88295,57,4,,0,69,,88285,57,4,,0,30,,88287,57,4,,0,68,,88268,57,4,,0,30,,88289,57,4,,0,70,,88290,57,4,,0,26,,88291,57,4,,0,88,,88292,57,4,,0,95,,88273,57,4,,0,95,,88296,57,4,,0
3454200,'1_merged_15291795',437,,108000,1,,,0,15,,108001,1,,,0,55,,108002,1,,,0,15,,108003,1,,,0,15,,108004,1,,,0,14,,107921,1,,,0,8,,107922,1,,,0,54,,107923,1,,,0,12,,107924,1,,,0,12,,107925,1,,,0,10,,107926,1,,,0,11,,107927,1,,,0,52,,107928,1,,,0,12,,107929,1,,,0,11,,107930,1,,,0,11,,107931,1,,,0,12,,107932,1,,,0,50,,107933,1,,,0,12,,107934,1,,,0,12,,107935,1,,,0,12,,107936,1,,,0,12,,107937,1,,,0,54,,107938,1,,,0,12,,107939,1,,,0,12,,107940,1,,,0,12,,107941,1,,,0,15,,107942,1,,,0,56,,107943,1,,,0,15,,107944,1,,,0,15,,107945,1,,,0,55,,107946,1,,,0,15,,107947,1,,,0,15,,107948,1,,,0,15,,107949,1,,,0,55,,107950,1,,,0,14,,107951,1,,,0,15,,107952,1,,,0,15,,107953,1,,,0,15,,107954,1,,,0,55,,107955,1,,,0,15,,107956,1,,,0,15,,107957,1,,,0,15,,107958,1,,,0,55,,107959,1,,,0,13,,107960,1,,,0,13,,107961,1,,,0,17,,107962,1,,,0,55,,107963,1,,,0,15,,107964,1,,,0,14,,107965,1,,,0,17,,107966,1,,,0,55,,107967,1,,,0,16,,107968,1,,,0,13,,107969,1,,,0,12,,107970,1,,,0,52,,107971,1,,,0,12,,107972,1,,,0,13,,107973,1,,,0,12,,107974,1,,,0,12,,107975,1,,,0,53,,107976,1,,,0,12,,107977,1,,,0,11,,107978,1,,,0,14,,107979,1,,,0,55,,107980,1,,,0,15,,107981,1,,,0,15,,107982,1,,,0,16,,107983,1,,,0,55,,107984,1,,,0,15,,107985,1,,,0,15,,107986,1,,,0,17,,107987,1,,,0,55,,107988,1,,,0,15,,107989,1,,,0,15,,107990,1,,,0,15,,107991,1,,,0,56,,107992,1,,,0,20,,107993,1,,,0,22,,107994,1,,,0,61,,107995,1,,,0,19,,107996,1,,,0,22,,107997,1,,,0,60,,107998,1,,,0,19,,107999,1,,,0
3454200,'2_merged_15291797',441,,108046,1,,,0,62,,108045,1,,,0,18,,108044,1,,,0,20,,108043,1,,,0,59,,108042,1,,,0,20,,108041,1,,,0,19,,108040,1,,,0,20,,108039,1,,,0,60,,108038,1,,,0,19,,108037,1,,,0,17,,108036,1,,,0,55,,108035,1,,,0,15,,108034,1,,,0,15,,108033,1,,,0,15,,108032,1,,,0,55,,108031,1,,,0,15,,108030,1,,,0,15,,108029,1,,,0,15,,108047,1,,,0,55,,108048,1,,,0,15,,108049,1,,,0,15,,108050,1,,,0,15,,108051,1,,,0,54,,108052,1,,,0,15,,108053,1,,,0,15,,108054,1,,,0,15,,108055,1,,,0,55,,108056,1,,,0,15,,108057,1,,,0,15,,108058,1,,,0,15,,108059,1,,,0,55,,108060,1,,,0,15,,108061,1,,,0,15,,108062,1,,,0,15,,108063,1,,,0,55,,108064,1,,,0,15,,108065,1,,,0,15,,108066,1,,,0,15,,108067,1,,,0,55,,108068,1,,,0,15,,108069,1,,,0,15,,108070,1,,,0,15,,108071,1,,,0,55,,108072,1,,,0,15,,108073,1,,,0,15,,108074,1,,,0,15,,108075,1,,,0,55,,108076,1,,,0,15,,108077,1,,,0,15,,108078,1,,,0,15,,108079,1,,,0,55,,108028,1,,,0,15,,108027,1,,,0,15,,108026,1,,,0,15,,108025,1,,,0,55,,108024,1,,,0,15,,108005,1,,,0,16,,108023,1,,,0,15,,108022,1,,,0,55,,108021,1,,,0,15,,108020,1,,,0,15,,108019,1,,,0,60,,108018,1,,,0,20,,108017,1,,,0,21,,108016,1,,,0,61,,108015,1,,,0,20,,108014,1,,,0,23,,108013,1,,,0,60,,108012,1,,,0,20,,108011,1,,,0,21,,108010,1,,,0,60,,108009,1,,,0,20,,108008,1,,,0,20,,108007,1,,,0,60,,108006,1,,,0
3454200,'3_merged_15291796',442,,108121,1,,,0,60,,108120,1,,,0,20,,108119,1,,,0,20,,108118,1,,,0,60,,108117,1,,,0,20,,108116,1,,,0,18,,108115,1,,,0,60,,108114,1,,,0,20,,108113,1,,,0,20,,108112,1,,,0,18,,108111,1,,,0,55,,108110,1,,,0,12,,108109,1,,,0,15,,108108,1,,,0,15,,108107,1,,,0,55,,108106,1,,,0,15,,108105,1,,,0,13,,108104,1,,,0,15,,108122,1,,,0,54,,108123,1,,,0,15,,108124,1,,,0,15,,108125,1,,,0,15,,108126,1,,,0,55,,108127,1,,,0,15,,108128,1,,,0,15,,108129,1,,,0,15,,108130,1,,,0,55,,108131,1,,,0,15,,108132,1,,,0,13,,108133,1,,,0,15,,108134,1,,,0,55,,108135,1,,,0,15,,108136,1,,,0,15,,108137,1,,,0,15,,108138,1,,,0,57,,108139,1,,,0,15,,108140,1,,,0,16,,108141,1,,,0,15,,108142,1,,,0,55,,108143,1,,,0,15,,108144,1,,,0,15,,108145,1,,,0,15,,108146,1,,,0,56,,108147,1,,,0,15,,108148,1,,,0,16,,108149,1,,,0,15,,108150,1,,,0,55,,108151,1,,,0,15,,108152,1,,,0,15,,108153,1,,,0,15,,108154,1,,,0,56,,108103,1,,,0,15,,108102,1,,,0,16,,108101,1,,,0,15,,108100,1,,,0,55,,108099,1,,,0,15,,108080,1,,,0,15,,108098,1,,,0,15,,108097,1,,,0,55,,108096,1,,,0,15,,108095,1,,,0,15,,108094,1,,,0,60,,108093,1,,,0,20,,108092,1,,,0,20,,108091,1,,,0,60,,108090,1,,,0,20,,108089,1,,,0,22,,108088,1,,,0,60,,108087,1,,,0,20,,108086,1,,,0,20,,108085,1,,,0,60,,108084,1,,,0,20,,108083,1,,,0,21,,108082,1,,,0,60,,108081,1,,,0
3454201,'101_merged_15291802',1621,,108155,40,4,,0
3454201,'1_merged_15291795',517,,108156,40,4,,0,30,,108158,40,4,,0,55,,108159,40,4,,0,15,,108160,40,4,,0,14,,108161,40,4,,0,15,,108162,40,4,,0,54,,108163,40,4,,0,15,,108164,40,4,,0,14,,108165,40,4,,0,15,,108166,40,4,,0,14,,108167,40,4,,0,52,,108168,40,4,,0,14,,108169,40,4,,0,13,,108170,40,4,,0,12,,108171,40,4,,0,52,,108172,40,4,,0,12,,108173,40,4,,0,12,,108174,40,4,,0,9,,108175,40,4,,0,12,,108176,40,4,,0,12,,108177,40,4,,0,52,,108178,40,4,,0,12,,108179,40,4,,0,13,,108180,40,4,,0,12,,108181,40,4,,0,12,,108182,40,4,,0,56,,108183,40,4,,0,15,,108184,40,4,,0,15,,108185,40,4,,0,55,,108186,40,4,,0,15,,108187,40,4,,0,16,,108188,40,4,,0,15,,108189,40,4,,0,56,,108190,40,4,,0,15,,108191,40,4,,0,15,,108192,40,4,,0,15,,108193,40,4,,0,55,,108194,40,4,,0,15,,108195,40,4,,0,17,,108196,40,4,,0,15,,108197,40,4,,0,57,,108198,40,4,,0,15,,108199,40,4,,0,15,,108200,40,4,,0,16,,108201,40,4,,0,54,,108202,40,4,,0,30,,108203,40,4,,0,13,,108204,40,4,,0,52,,108205,40,4,,0,12,,108206,40,4,,0,12,,108207,40,4,,0,12,,108208,40,4,,0,12,,108209,40,4,,0,52,,108210,40,4,,0,8,,108211,40,4,,0,12,,108212,40,4,,0,12,,108213,40,4,,0,12,,108214,40,4,,0,12,,108215,40,4,,0,52,,108216,40,4,,0,15,,108217,40,4,,0,15,,108218,40,4,,0,15,,108219,40,4,,0,53,,108220,40,4,,0,15,,108221,40,4,,0,14,,108222,40,4,,0,15,,108223,40,4,,0,52,,108224,40,4,,0,15,,108225,40,4,,0,15,,108226,40,4,,0,15,,108227,40,4,,0,55,,108228,40,4,,0,15,,108229,40,4,,0,14,,108230,40,4,,0,15,,108231,40,4,,0,55,,108232,40,4,,0,15,,108233,40,4,,0,20,,108234,40,4,,0,20,,108235,40,4,,0,60,,108236,40,4,,0,18,,108237,40,4,,0,21,,108238,40,4,,0,80,,108240,40,4,,0,70,,108241,40,4,,0
3454201,'2_merged_15291797',540,,108297,40,4,,0,70,,108296,40,4,,0,20,,108295,40,4,,0,21,,108294,40,4,,0,60,,108293,40,4,,0,22,,108292,40,4,,0,20,,108291,40,4,,0,60,,108290,40,4,,0,20,,108289,40,4,,0,20,,108268,40,4,,0,58,,108267,40,4,,0,16,,108288,40,4,,0,15,,108287,40,4,,0,16,,108286,40,4,,0,55,,108285,40,4,,0,16,,108284,40,4,,0,15,,108283,40,4,,0,15,,108282,40,4,,0,55,,108281,40,4,,0,17,,108280,40,4,,0,15,,108279,40,4,,0,57,,108278,40,4,,0,13,,108277,40,4,,0,15,,108276,40,4,,0,14,,108275,40,4,,0,55,,108274,40,4,,0,15,,108273,40,4,,0,15,,108272,40,4,,0,15,,108271,40,4,,0,57,,108270,40,4,,0,15,,108269,40,4,,0,15,,108298,40,4,,0,15,,108299,40,4,,0,55,,108300,40,4,,0,15,,108301,40,4,,0,16,,108302,40,4,,0,15,,108303,40,4,,0,55,,108304,40,4,,0,14,,108305,40,4,,0,15,,108306,40,4,,0,15,,108307,40,4,,0,55,,108308,40,4,,0,15,,108309,40,4,,0,15,,108310,40,4,,0,15,,108311,40,4,,0,55,,108312,40,4,,0,15,,108313,40,4,,0,13,,108314,40,4,,0,15,,108315,40,4,,0,55,,108266,40,4,,0,15,,108265,40,4,,0,15,,108264,40,4,,0,15,,108263,40,4,,0,55,,108262,40,4,,0,15,,108261,40,4,,0,14,,108260,40,4,,0,15,,108259,40,4,,0,15,,108258,40,4,,0,55,,108257,40,4,,0,14,,108256,40,4,,0,15,,108255,40,4,,0,57,,108254,40,4,,0,20,,108253,40,4,,0,20,,108252,40,4,,0,60,,108251,40,4,,0,20,,108250,40,4,,0,16,,108249,40,4,,0,20,,108248,40,4,,0,60,,108247,40,4,,0,20,,108246,40,4,,0,20,,108245,40,4,,0,60,,108244,40,4,,0,19,,108243,40,4,,0,73,,108242,40,4,,0
3454201,'3_merged_15291796',539,,108371,40,4,,0,70,,108370,40,4,,0,20,,108369,40,4,,0,21,,108368,40,4,,0,60,,108367,40,4,,0,23,,108366,40,4,,0,20,,108365,40,4,,0,60,,108364,40,4,,0,20,,108363,40,4,,0,20,,108342,40,4,,0,55,,108341,40,4,,0,18,,108362,40,4,,0,15,,108361,40,4,,0,15,,108360,40,4,,0,55,,108359,40,4,,0,15,,108358,40,4,,0,15,,108357,40,4,,0,16,,108356,40,4,,0,55,,108355,40,4,,0,15,,108354,40,4,,0,15,,108353,40,4,,0,15,,108352,40,4,,0,55,,108351,40,4,,0,15,,108350,40,4,,0,15,,108349,40,4,,0,17,,108348,40,4,,0,55,,108347,40,4,,0,15,,108346,40,4,,0,15,,108345,40,4,,0,15,,108344,40,4,,0,55,,108343,40,4,,0,16,,108372,40,4,,0,15,,108373,40,4,,0,55,,108374,40,4,,0,15,,108375,40,4,,0,15,,108376,40,4,,0,16,,108377,40,4,,0,55,,108378,40,4,,0,15,,108379,40,4,,0,14,,108380,40,4,,0,15,,108381,40,4,,0,55,,108382,40,4,,0,15,,108383,40,4,,0,15,,108384,40,4,,0,15,,108385,40,4,,0,55,,108386,40,4,,0,15,,108387,40,4,,0,15,,108388,40,4,,0,15,,108389,40,4,,0,13,,108340,40,4,,0,55,,108339,40,4,,0,15,,108338,40,4,,0,15,,108337,40,4,,0,15,,108336,40,4,,0,55,,108335,40,4,,0,15,,108334,40,4,,0,15,,108333,40,4,,0,13,,108332,40,4,,0,55,,108331,40,4,,0,15,,108330,40,4,,0,15,,108329,40,4,,0,15,,108328,40,4,,0,60,,108327,40,4,,0,20,,108326,40,4,,0,20,,108325,40,4,,0,60,,108324,40,4,,0,18,,108323,40,4,,0,20,,108322,40,4,,0,60,,108321,40,4,,0,19,,108320,40,4,,0,20,,108319,40,4,,0,60,,108318,40,4,,0,19,,108317,40,4,,0,80,,108316,40,4,,0
