682800,'101_merged_15529707',809,,155115,14,0,32,0,47,,155116,22,,,0
682800,'1201_merged_15529693',2121,,155117,21,,,0,107,,155118,21,,,0
682800,'1_merged_15529700',816,,155136,22,,,0,119,,155135,21,,,0,80,,155134,21,,,0,37,,155133,21,,,0,83,,155132,21,,,0,81,,155131,21,,,0,40,,155130,21,,,0,80,,155129,21,,,0,82,,155128,21,,,0,40,,155127,21,,,0,80,,155126,21,,,0,84,,155125,21,,,0,78,,155124,21,,,0,38,,155123,21,,,0,80,,155122,21,,,0,36,,155121,21,,,0,90,,155120,21,,,0,70,,155119,21,,,0
682800,'201',856,,155137,22,,,0
682800,'2_merged_15529702',924,,155139,21,,,0,80,,155156,21,,,0,40,,155155,21,,,0,81,,155154,21,,,0,80,,155153,21,,,0,40,,155152,21,,,0,80,,155151,21,,,0,80,,155150,21,,,0,40,,155149,21,,,0,80,,155148,21,,,0,80,,155147,21,,,0,41,,155146,21,,,0,80,,155145,21,,,0,79,,155144,21,,,0,37,,155143,21,,,0,110,,155142,21,,,0,149,,155141,21,,,0,107,,155140,21,,,0,103,,155138,21,,,0
682800,'3_merged_15529701',1126,,155162,21,,,0,80,,155169,21,,,0,40,,155161,21,,,0,80,,155168,21,,,0,80,,155167,21,,,0,40,,155160,21,,,0,80,,155166,21,,,0,79,,155159,21,,,0,40,,155158,21,,,0,80,,155165,21,,,0,80,,155164,21,,,0,39,,155157,21,,,0,80,,155163,21,,,0
3454300,'101_merged_15529707',1547,,169227,14,0,37,0
3454300,'1_merged_15529700',500,,169291,14,0,37,0,22,,169292,14,0,37,0,15,,169302,14,0,37,0,15,,169228,14,0,37,0,55,,169229,14,0,37,0,13,,169230,14,0,37,0,13,,169301,14,0,37,0,12,,169231,14,0,37,0,12,,169232,14,0,37,0,53,,169233,14,0,37,0,12,,169300,14,0,37,0,12,,169234,14,0,37,0,12,,169235,14,0,37,0,10,,169236,14,0,37,0,50,,169237,14,0,37,0,11,,169299,14,0,37,0,10,,169238,14,0,37,0,10,,169304,14,0,37,0,12,,169239,14,0,37,0,53,,169240,14,0,37,0,15,,169241,14,0,37,0,15,,169298,14,0,37,0,16,,169242,14,0,37,0,55,,169243,14,0,37,0,14,,169244,14,0,37,0,15,,169297,14,0,37,0,15,,169245,14,0,37,0,55,,169246,14,0,37,0,15,,169247,14,0,37,0,15,,169296,14,0,37,0,15,,169248,14,0,37,0,55,,169249,14,0,37,0,16,,169250,14,0,37,0,15,,169295,14,0,37,0,15,,169251,14,0,37,0,55,,169252,14,0,37,0,16,,169253,14,0,37,0,15,,169294,14,0,37,0,15,,169288,14,0,37,0,55,,169289,14,0,37,0,16,,169290,14,0,37,0,15,,169303,14,0,37,0,15,,169254,14,0,37,0,56,,169255,14,0,37,0,21,,169256,14,0,37,0,9,,169257,14,0,37,0,23,,169258,14,0,37,0,52,,169259,14,0,37,0,11,,169260,14,0,37,0,12,,169261,14,0,37,0,12,,169262,14,0,37,0,13,,169263,14,0,37,0,52,,169264,14,0,37,0,13,,169265,14,0,37,0,12,,169266,14,0,37,0,11,,169267,14,0,37,0,11,,169268,14,0,37,0,52,,169269,14,0,37,0,11,,169270,14,0,37,0,12,,169271,14,0,37,0,12,,169272,14,,,0,12,,169273,14,,,0,55,,169274,14,,,0,16,,169275,14,,,0,16,,169276,14,,,0,14,,169277,14,,,0,55,,169278,14,,,0,15,,169279,14,,,0,30,,169280,14,,,0,68,,169281,14,,,0,30,,169282,14,,,0,70,,169283,14,,,0,29,,169284,14,,,0,69,,169285,14,,,0,30,,169286,14,,,0,101,,169287,14,0,37,0,98,,169293,14,0,37,0
3454300,'2001_merged_15529710',1430,,169305,2,0,37,0
3454300,'201',1547,,169306,14,0,37,0
3454300,'2_merged_15529702',533,,169334,14,,,0,67,,169333,14,,,0,30,,169332,14,,,0,26,,169331,14,,,0,72,,169330,14,,,0,31,,169329,14,,,0,70,,169328,14,,,0,71,,169327,14,,,0,21,,169307,14,,,0,20,,169326,14,,,0,60,,169325,14,,,0,20,,169324,14,,,0,20,,169323,14,,,0,60,,169322,14,,,0,20,,169321,14,,,0,21,,169320,14,,,0,60,,169319,14,,,0,21,,169318,14,,,0,20,,169317,14,,,0,60,,169316,14,,,0,20,,169315,14,,,0,20,,169314,14,,,0,60,,169313,14,,,0,20,,169312,14,,,0,20,,169311,14,,,0,60,,169310,14,,,0,20,,169309,14,,,0,20,,169308,14,,,0,60,,169355,14,,,0,21,,169354,14,,,0,20,,169353,14,,,0,60,,169352,14,,,0,19,,169351,14,,,0,20,,169350,14,,,0,60,,169349,14,,,0,19,,169348,14,,,0,20,,169347,14,,,0,60,,169346,14,,,0,28,,169345,14,,,0,70,,169344,14,,,0,33,,169343,14,,,0,70,,169342,14,,,0,30,,169341,14,,,0,70,,169340,14,,,0,30,,169339,14,,,0,70,,169338,14,,,0,100,,169337,14,,,0,100,,169336,14,0,37,0,56,,169335,14,0,37,0
3454300,'3_merged_15529701',536,,169398,14,,,0,72,,169399,14,,,0,30,,169356,14,,,0,71,,169357,14,,,0,30,,169358,14,,,0,71,,169359,14,,,0,29,,169383,14,,,0,71,,169384,14,,,0,28,,169385,14,,,0,66,,169386,14,,,0,25,,169391,14,,,0,20,,169387,14,,,0,60,,169388,14,,,0,21,,169392,14,,,0,19,,169389,14,,,0,60,,169390,14,,,0,20,,169393,14,,,0,20,,169360,14,,,0,60,,169361,14,,,0,20,,169394,14,,,0,20,,169362,14,,,0,60,,169363,14,,,0,20,,169395,14,,,0,20,,169364,14,,,0,60,,169365,14,,,0,20,,169396,14,,,0,20,,169366,14,,,0,60,,169367,14,,,0,20,,169397,14,,,0,20,,169368,14,,,0,61,,169369,14,,,0,30,,169370,14,,,0,71,,169371,14,,,0,33,,169372,14,,,0,74,,169373,14,,,0,36,,169374,14,,,0,75,,169375,14,,,0,75,,169376,14,,,0,35,,169377,14,,,0,79,,169378,14,,,0,30,,169379,14,,,0,110,,169380,14,,,0,101,,169381,14,0,37,0,100,,169382,14,0,37,0
3454300,'62101_merged_15529698',1508,,169400,2,0,37,0
