668700,'1_merged_15288063',605,,79780,1,,,0,30,,79783,1,,,0,70,,79786,1,,,0,15,,79788,1,,,0,15,,79790,1,,,0,15,,79793,1,,,0,55,,79794,1,,,0,15,,79796,1,,,0,15,,79798,1,,,0,15,,79800,1,,,0,55,,79802,1,,,0,30,,79806,1,,,0,70,,79809,1,,,0,30,,79812,1,,,0,70,,79815,1,,,0,30,,79818,1,,,0,70,,79821,1,,,0,30,,79824,1,,,0,70,,79827,1,,,0,30,,79830,1,,,0,70,,79833,1,,,0,30,,79837,1,,,0,70,,79839,1,,,0,30,,79842,1,,,0,70,,79846,1,,,0,30,,79850,1,,,0,15,,79852,1,,,0,55,,79854,1,,,0,15,,79857,1,,,0,15,,79859,1,,,0,15,,79862,1,,,0,55,,79864,1,,,0,15,,79867,1,,,0,15,,79868,1,,,0,15,,79870,1,,,0,55,,79872,1,,,0,30,,79874,1,,,0,70,,79877,1,,,0,30,,79879,1,,,0,70,,79881,1,,,0,30,,79882,1,,,0,75,,79883,1,,,0,30,,79884,1,,,0,70,,79885,1,,,0,30,,79886,1,,,0,70,,79887,1,,,0
668700,'2_merged_15288065',635,,79891,1,,,0,70,,79892,1,,,0,30,,79893,1,,,0,70,,79894,1,,,0,15,,79895,1,,,0,15,,79897,1,,,0,70,,79899,1,,,0,30,,79903,1,,,0,70,,79906,1,,,0,30,,79910,1,,,0,70,,79913,1,,,0,30,,79916,1,,,0,70,,79919,1,,,0,30,,79922,1,,,0,70,,79925,1,,,0,30,,79929,1,,,0,70,,79932,1,,,0,30,,79935,1,,,0,70,,79939,1,,,0,30,,79943,1,,,0,10,,79945,1,,,0,60,,79948,1,,,0,30,,79951,1,,,0,10,,79953,1,,,0,60,,79956,1,,,0,30,,79959,1,,,0,15,,79962,1,,,0,55,,79964,1,,,0,30,,79967,1,,,0,70,,79970,1,,,0,30,,79973,1,,,0,70,,79975,1,,,0,30,,79977,1,,,0,70,,79979,1,,,0,30,,79981,1,,,0,75,,79983,1,,,0,30,,79984,1,,,0,70,,79986,1,,,0,30,,79987,1,,,0,70,,79988,1,,,0
668700,'3_merged_15288064',705,,79991,1,,,0,30,,79992,1,,,0,70,,79993,1,,,0,15,,79995,1,,,0,15,,79996,1,,,0,70,,79998,1,,,0,15,,79999,1,,,0,15,,80001,1,,,0,70,,80002,1,,,0,30,,80005,1,,,0,70,,80008,1,,,0,30,,80011,1,,,0,70,,80014,1,,,0,30,,80017,1,,,0,70,,80020,1,,,0,30,,80023,1,,,0,70,,80026,1,,,0,30,,80029,1,,,0,70,,80033,1,,,0,30,,80036,1,,,0,70,,80040,1,,,0,30,,80043,1,,,0,70,,80047,1,,,0,30,,80050,1,,,0,70,,80054,1,,,0,30,,80057,1,,,0,70,,80060,1,,,0,30,,80061,1,,,0,70,,80062,1,,,0,30,,80063,1,,,0,15,,80064,1,,,0,55,,80065,1,,,0,30,,80066,1,,,0,75,,80067,1,,,0,30,,80068,1,,,0,70,,80069,1,,,0,100,,80072,1,,,0
668701,'1_merged_15288063',558,,80079,52,4,,0,65,,80081,60,4,,0,30,,80082,60,4,,0,55,,80085,60,4,,0,15,,80087,60,4,,0,17,,80089,60,4,,0,18,,80091,60,4,,0,55,,80094,60,4,,0,11,,80096,60,4,,0,15,,80098,60,4,,0,15,,80100,60,4,,0,62,,80102,60,4,,0,30,,80108,60,4,,0,70,,80115,60,4,,0,30,,80118,60,4,,0,70,,80121,60,4,,0,29,,80124,60,4,,0,70,,80127,60,4,,0,30,,80130,60,4,,0,70,,80133,60,4,,0,30,,80136,60,4,,0,70,,80139,60,4,,0,30,,80142,60,4,,0,70,,80145,60,4,,0,32,,80148,60,4,,0,70,,80151,60,4,,0,15,,80153,60,4,,0,15,,80156,60,4,,0,55,,80157,60,4,,0,15,,80160,60,4,,0,15,,80162,60,4,,0,15,,80165,60,4,,0,55,,80167,60,4,,0,15,,80170,60,4,,0,15,,80172,60,4,,0,14,,80175,60,4,,0,13,,80177,60,4,,0,55,,80180,60,4,,0,30,,80184,60,4,,0,70,,80187,60,4,,0,30,,80190,60,4,,0,70,,80193,60,4,,0,30,,80195,60,4,,0,15,,80196,60,4,,0,70,,80197,60,4,,0,29,,80198,60,4,,0,71,,80199,60,4,,0,29,,80200,60,4,,0,147,,80202,60,4,,0
668701,'2_merged_15288065',619,,80206,60,4,,0,39,,80208,60,4,,0,70,,80209,60,4,,0,30,,80210,60,4,,0,55,,80211,60,4,,0,15,,80212,60,4,,0,30,,80213,60,4,,0,56,,80215,60,4,,0,30,,80217,60,4,,0,68,,80220,60,4,,0,30,,80224,60,4,,0,70,,80227,60,4,,0,30,,80231,60,4,,0,70,,80234,60,4,,0,32,,80237,60,4,,0,70,,80240,60,4,,0,30,,80243,60,4,,0,70,,80246,60,4,,0,30,,80250,60,4,,0,73,,80253,60,4,,0,15,,80255,60,4,,0,15,,80258,60,4,,0,67,,80261,60,4,,0,15,,80263,60,4,,0,15,,80266,60,4,,0,71,,80269,60,4,,0,15,,80271,60,4,,0,20,,80273,60,4,,0,65,,80276,60,4,,0,15,,80278,60,4,,0,15,,80280,60,4,,0,69,,80283,60,4,,0,30,,80286,60,4,,0,70,,80289,60,4,,0,30,,80292,60,4,,0,70,,80294,60,4,,0,30,,80296,60,4,,0,15,,80297,60,4,,0,75,,80299,60,4,,0,25,,80301,60,4,,0,70,,80303,60,4,,0,30,,80304,60,4,,0,145,,80306,60,4,,0
668701,'3_merged_15288064',725,,80310,60,4,,0,30,,80311,60,4,,0,70,,80312,60,4,,0,30,,80313,60,4,,0,50,,80314,60,4,,0,20,,80315,60,4,,0,30,,80316,60,4,,0,55,,80318,60,4,,0,15,,80319,60,4,,0,15,,80320,60,4,,0,75,,80323,60,4,,0,25,,80326,60,4,,0,70,,80329,60,4,,0,33,,80332,60,4,,0,70,,80335,60,4,,0,30,,80338,60,4,,0,70,,80341,60,4,,0,30,,80344,60,4,,0,70,,80347,60,4,,0,30,,80350,60,4,,0,71,,80353,60,4,,0,31,,80357,60,4,,0,70,,80360,60,4,,0,30,,80364,60,4,,0,70,,80367,60,4,,0,30,,80371,60,4,,0,70,,80374,60,4,,0,30,,80378,60,4,,0,70,,80381,60,4,,0,15,,80382,60,4,,0,15,,80383,60,4,,0,55,,80384,60,4,,0,29,,80385,60,4,,0,30,,80386,60,4,,0,70,,80387,60,4,,0,30,,80388,60,4,,0,70,,80389,60,4,,0,30,,80390,60,4,,0
677900,'1201_merged_15288056',2010,,91601,2,,,0,100,,91602,2,,,0,100,,91603,2,,,0,97,,91604,2,,,0
677900,'1_merged_15288063',620,,91605,2,,,0,100,,91606,2,,,0,100,,91607,2,,,0,100,,91608,2,,,0,100,,91609,2,,,0,100,,91610,2,,,0,100,,91611,2,,,0,100,,91612,2,,,0,100,,91613,2,,,0,100,,91614,2,,,0,105,,91615,2,,,0,100,,91616,2,,,0,100,,91617,2,,,0,100,,91618,2,,,0
677900,'2_merged_15288065',925,,91619,2,,,0,100,,91620,2,,,0,100,,91621,2,,,0,100,,91622,2,,,0,95,,91623,2,,,0,100,,91624,2,,,0,100,,91625,2,,,0,100,,91626,2,,,0,100,,91627,2,,,0,100,,91628,2,4,,0,35,,91629,2,,,0,100,,91630,2,,,0,100,,91631,2,,,0,100,,91632,2,,,0,100,,91633,2,,,0
677900,'3_merged_15288064',1025,,91634,2,,,0,100,,91635,2,,,0,100,,91636,2,,,0,95,,91637,2,,,0,100,,91638,2,,,0,100,,91639,2,,,0,100,,91640,2,,,0,100,,91641,2,,,0,100,,91642,2,,,0
677901,'1201_merged_15288056',2045,,91643,13,,,0,100,,91644,13,,,0,100,,91645,13,,,0,100,,91646,13,,,0
677901,'1_merged_15288063',651,,91647,13,,,0,104,,91648,13,,,0,100,,91649,13,,,0,100,,91650,13,,,0,100,,91651,13,,,0,100,,91652,13,,,0,100,,91653,13,,,0,100,,91654,13,,,0,100,,91655,13,,,0,100,,91656,13,,,0,145,,91657,13,,,0,100,,91658,13,,,0,100,,91659,13,,,0,100,,91660,13,,,0
677901,'2_merged_15288065',1000,,91661,13,,,0,100,,91662,13,,,0,100,,91663,13,,,0,100,,91664,13,,,0,55,,91665,13,,,0,100,,91666,13,,,0,100,,91667,13,,,0,100,,91668,13,,,0,98,,91669,13,,,0,69,,91670,1,,,0,108,,91671,13,,,0,100,,91672,13,,,0,100,,91673,13,,,0,100,,91674,13,,,0,100,,91675,13,,,0
677901,'3_merged_15288064',1100,,91676,13,,,0,100,,91677,13,,,0,100,,91678,13,,,0,55,,91679,13,,,0,100,,91680,13,,,0,100,,91681,13,,,0,100,,91682,13,,,0,100,,91683,13,,,0,100,,91684,13,,,0
