'1merged14313281',669900,50700,4,'',0,2400,4,'',0,2000,4,'',0,6300,4,'',0,2200,4,'',0,2300,4,'',0,5000,4,'',0,2000,4,'',0,1500,4,'',0,5600,4,'',0,1800,4,'',0,1500,4,'',0,1500,4,'',0
'1merged14313281',671500,50400,4,'',0,2100,4,'',0,2000,4,'',0,6000,4,'',0,2200,4,'',0,1700,4,'',0,1000,4,'',0,5400,4,'',0,1300,4,'',0,1200,4,'',0,1100,4,'',0,1200,4,'',0,5000,4,'',0,1000,4,'',0,1000,4,'',0,1200,4,'',0,1000,4,'',0,800,4,'',0,5500,4,'',0,1500,4,'',0,1500,4,'',0,1200,4,'',0,5500,4,'',0,1500,4,'',0,1500,4,'',0,1500,4,'',0,5500,4,'',0,1400,4,'',0,1500,4,'',0,1500,4,'',0,5500,4,'',0,1500,4,'',0,1500,4,'',0,1500,4,'',0,5500,4,'',0,1400,4,'',0,1400,4,'',0,1500,4,'',0,5600,4,'',0,1600,4,'',0,1500,4,'',0,1800,4,'',0,5600,4,'',0,1700,4,'',0,1600,4,'',0,5600,4,'',0,1400,4,'',0,1200,4,'',0,1200,4,'',0,1000,4,'',0,5200,4,'',0,1100,4,'',0,1200,4,'',0,1200,4,'',0,1300,4,'',0,5200,4,'',0,900,4,'',0,1000,4,'',0,1200,4,'',0,900,4,'',0,1200,4,'',0,5300,4,'',0,1200,4,'',0,1300,4,'',0,1400,4,'',0,1500,4,'',0,5500,4,'',0,1500,4,'',0,1500,4,'',0,6100,4,'',0,3000,4,'',0,6900,4,'',0,3000,4,'',0,6900,4,'',0,3000,4,'',0,2000,4,'',0,7100,4,'',0,3000,4,'',0,7100,4,'',0,2800,4,'',0
'2merged14313283',671500,50600,4,'',0,10100,4,'',0,4100,4,'',0,6200,4,'',0,2000,4,'',0,2000,4,'',0,6000,4,'',0,2000,4,'',0,1800,4,'',0,5500,4,'',0,1600,4,'',0,1500,4,'',0,1600,4,'',0,5500,4,'',0,1600,4,'',0,1500,4,'',0,1700,4,'',0,5500,4,'',0,1500,4,'',0,1500,4,'',0,1600,4,'',0,5500,4,'',0,1500,4,'',0,1500,4,'',0,1500,4,'',0,5500,4,'',0,1500,4,'',0,1500,4,'',0,1800,4,'',0,5500,4,'',0,1600,4,'',0,1500,4,'',0,1500,4,'',0,5500,4,'',0,1400,4,'',0,1500,4,'',0,1500,4,'',0,5500,4,'',0,1500,4,'',0,1500,4,'',0,1400,4,'',0,5500,4,'',0,1400,4,'',0,1500,4,'',0,1400,4,'',0,5500,4,'',0,1500,4,'',0,1500,4,'',0,1300,4,'',0,5500,4,'',0,1400,4,'',0,1500,4,'',0,1500,4,'',0,5500,4,'',0,1300,4,'',0,1500,4,'',0,1400,4,'',0,5500,4,'',0,1500,4,'',0,1500,4,'',0,1700,4,'',0,6000,4,'',0,2100,4,'',0,6900,4,'',0,3000,4,'',0,2800,4,'',0,8400,4,'',0,7000,4,'',0,3000,4,'',0
'3merged14313282',671500,50400,4,'',0,10000,4,'',0,4200,4,'',0,6300,4,'',0,2000,4,'',0,2000,4,'',0,6000,4,'',0,2000,4,'',0,1600,4,'',0,5500,4,'',0,1700,4,'',0,1500,4,'',0,1600,4,'',0,5500,4,'',0,1800,4,'',0,1500,4,'',0,1500,4,'',0,5500,4,'',0,1500,4,'',0,1500,4,'',0,1600,4,'',0,5500,4,'',0,1500,4,'',0,1500,4,'',0,1500,4,'',0,5500,4,'',0,1500,4,'',0,1500,4,'',0,1700,4,'',0,5500,4,'',0,1500,4,'',0,1500,4,'',0,1500,4,'',0,5500,4,'',0,1500,4,'',0,1500,4,'',0,1500,4,'',0,5500,4,'',0,1500,4,'',0,1500,4,'',0,1500,4,'',0,5500,4,'',0,1400,4,'',0,1500,4,'',0,1500,4,'',0,5500,4,'',0,1500,4,'',0,1500,4,'',0,1000,4,'',0,5500,4,'',0,1500,4,'',0,1500,4,'',0,1500,4,'',0,5500,4,'',0,1500,4,'',0,1500,4,'',0,1500,4,'',0,5500,4,'',0,1400,4,'',0,1500,4,'',0,1800,4,'',0,6000,4,'',0,2000,4,'',0,2900,4,'',0,7000,4,'',0,3000,4,'',0,8400,4,'',0,7000,4,'',0,3000,4,'',0
'1merged14313281',671600,52300,4,'',0,3100,4,'',0,7200,4,'',0,2200,4,'',0,6000,4,'',0,2300,4,'',0,2000,4,'',0,7000,4,'',0,3200,4,'',0,6800,4,'',0,3100,4,'',0
'1merged14313281',671700,60900,4,'',0,3200,4,'',0,6700,4,'',0,1400,4,'',0,1300,4,'',0,1500,4,'',0,5200,4,'',0,2000,4,'',0,2100,4,'',0
'1merged14313281',672400,50000,4,'',0,2400,4,'',0,2200,4,'',0,6200,4,'',0,2000,4,'',0,1500,4,'',0,1500,4,'',0,5500,4,'',0,1500,4,'',0,1500,4,'',0,1500,4,'',0,5600,4,'',0,1500,4,'',0,1500,4,'',0,5700,4,'',0,1500,4,'',0,1300,4,'',0,1500,4,'',0,1500,4,'',0,5700,4,'',0,2000,4,'',0,2100,4,'',0,6000,4,'',0,2000,4,'',0,2100,4,'',0,5900,4,'',0,2000,4,'',0,2000,4,'',0,6000,4,'',0,2000,4,'',0,2000,4,'',0,6000,4,'',0,2000,4,'',0,1600,4,'',0,5500,4,'',0,1500,4,'',0,1600,4,'',0,1600,4,'',0,5600,4,'',0,1400,4,'',0,1500,4,'',0,1500,4,'',0,5500,4,'',0,1500,4,'',0,1500,4,'',0,1500,4,'',0,5500,4,'',0,1500,4,'',0,1500,4,'',0,1500,4,'',0,5500,4,'',0,1600,4,'',0,1400,4,'',0,1500,4,'',0,5800,4,'',0,2200,4,'',0,7000,4,'',0,2400,4,'',0,3000,4,'',0,7000,4,'',0,3000,4,'',0,6800,4,'',0,3000,4,'',0,7000,4,'',0,3000,4,'',0,7000,4,'',0
'2merged14313283',672400,45600,4,'',0,7400,4,'',0,7200,4,'',0,3400,4,'',0,7400,4,'',0,2800,4,'',0,7000,4,'',0,3000,4,'',0,2000,4,'',0,6000,4,'',0,1500,4,'',0,1500,4,'',0,5500,4,'',0,1500,4,'',0,1500,4,'',0,1500,4,'',0,5500,4,'',0,1500,4,'',0,1500,4,'',0,1500,4,'',0,5600,4,'',0,1500,4,'',0,1600,4,'',0,1600,4,'',0,5600,4,'',0,1400,4,'',0,1600,4,'',0,1700,4,'',0,5600,4,'',0,1500,4,'',0,1500,4,'',0,1400,4,'',0,5700,4,'',0,1600,4,'',0,1600,4,'',0,1300,4,'',0,5800,4,'',0,1300,4,'',0,1400,4,'',0,1500,4,'',0,5700,4,'',0,1300,4,'',0,1500,4,'',0,1500,4,'',0,5500,4,'',0,1500,4,'',0,1500,4,'',0,6100,4,'',0,2000,4,'',0,2000,4,'',0,6000,4,'',0,2000,4,'',0,2700,4,'',0,6900,4,'',0,3000,4,'',0,7000,4,'',0,3000,4,'',0,7000,4,'',0,2500,4,'',0,6500,4,'',0,2500,4,'',0,8200,4,'',0,2500,4,'',0
'3merged14313282',672400,52100,4,'',0,3000,4,'',0,7000,4,'',0,3000,4,'',0,7000,4,'',0,2400,4,'',0,6300,4,'',0,2000,4,'',0,2000,4,'',0,6200,4,'',0,2200,4,'',0,2200,4,'',0,6000,4,'',0,2000,4,'',0,2000,4,'',0,6000,4,'',0,2000,4,'',0,2000,4,'',0,6000,4,'',0,2000,4,'',0,2000,4,'',0,6000,4,'',0,2000,4,'',0,2000,4,'',0,6000,4,'',0,2100,4,'',0,1600,4,'',0,5600,4,'',0,1500,4,'',0,1500,4,'',0,1500,4,'',0,5500,4,'',0,1500,4,'',0,1500,4,'',0,1500,4,'',0,5500,4,'',0,1500,4,'',0,1500,4,'',0,1500,4,'',0,5500,4,'',0,1500,4,'',0,1500,4,'',0,1500,4,'',0,5500,4,'',0,1600,4,'',0,1600,4,'',0,1800,4,'',0,5800,4,'',0,2100,4,'',0,6500,4,'',0,2600,4,'',0,3100,4,'',0,7200,4,'',0,7200,4,'',0,3200,4,'',0,7000,4,'',0,3000,4,'',0,7000,4,'',0,3000,4,'',0
'101',674100,155300,4,'',0
'1merged14313281',674100,45600,4,'',0,7000,4,'',0,3200,4,'',0,5500,4,'',0,1600,4,'',0,1500,4,'',0,800,4,'',0,600,4,'',0,4700,4,'',0,600,4,'',0,500,4,'',0,1100,4,'',0,1500,4,'',0,900,4,'',0,5000,4,'',0,1000,4,'',0,1100,4,'',0,1600,4,'',0,1500,4,'',0,5300,4,'',0,1500,4,'',0,1500,4,'',0,1100,4,'',0,5400,4,'',0,1800,4,'',0,1500,4,'',0,2000,4,'',0,6700,4,'',0,3000,4,'',0,7000,4,'',0,3000,4,'',0,7200,4,'',0,3300,4,'',0,7000,4,'',0,2900,4,'',0,5600,4,'',0,1600,4,'',0,1700,4,'',0,5600,4,'',0,900,4,'',0,1600,4,'',0,1500,4,'',0,1500,4,'',0,5400,4,'',0,1500,4,'',0,1500,4,'',0,1500,4,'',0,5200,4,'',0,1600,4,'',0,1600,4,'',0,1600,4,'',0,5700,4,'',0,1800,4,'',0,1900,4,'',0,5600,4,'',0,2000,4,'',0,2000,4,'',0,6000,4,'',0,2000,4,'',0,3000,4,'',0,7000,4,'',0,3000,4,'',0,7000,4,'',0,3000,4,'',0,9600,4,'',0,9600,4,'',0
'2merged14313283',674100,50100,4,'',0,10300,4,'',0,10400,4,'',0,3500,4,'',0,7200,4,'',0,3100,4,'',0,7100,4,'',0,3000,4,'',0,7100,4,'',0,3000,4,'',0,7000,4,'',0,3000,4,'',0,7200,4,'',0,2000,4,'',0,1900,4,'',0,6200,4,'',0,2000,4,'',0,6000,4,'',0,2000,4,'',0,2000,4,'',0,6000,4,'',0,2000,4,'',0,1800,4,'',0,2000,4,'',0,6000,4,'',0,1500,4,'',0,1500,4,'',0,5500,4,'',0,1500,4,'',0,1500,4,'',0,1500,4,'',0,5500,4,'',0,1500,4,'',0,1500,4,'',0,1400,4,'',0,5500,4,'',0,1500,4,'',0,2700,4,'',0,5500,4,'',0,1500,4,'',0,2900,4,'',0,7000,4,'',0,3000,4,'',0,7000,4,'',0,3000,4,'',0,7000,4,'',0,3400,4,'',0,10000,4,'',0,10500,4,'',0,16400,4,'',0
'3merged14313282',674100,50100,4,'',0,10300,4,'',0,10400,4,'',0,3500,4,'',0,7200,4,'',0,3100,4,'',0,7100,4,'',0,3000,4,'',0,7100,4,'',0,3000,4,'',0,7000,4,'',0,3000,4,'',0,7000,4,'',0,2000,4,'',0,2000,4,'',0,6000,4,'',0,2000,4,'',0,2100,4,'',0,6000,4,'',0,2000,4,'',0,2000,4,'',0,6000,4,'',0,2000,4,'',0,2000,4,'',0,6000,4,'',0,1500,4,'',0,1500,4,'',0,5500,4,'',0,1500,4,'',0,1500,4,'',0,1500,4,'',0,5500,4,'',0,1500,4,'',0,1500,4,'',0,1400,4,'',0,5500,4,'',0,1500,4,'',0,2000,4,'',0,2000,4,'',0,5000,4,'',0,900,4,'',0,2700,4,'',0,7000,4,'',0,3000,4,'',0,7000,4,'',0,3000,4,'',0,7000,4,'',0,3200,4,'',0,10000,4,'',0,10500,4,'',0,16400,4,'',0
'1merged14313281',674200,61600,4,'',0,4200,4,'',0,5800,4,'',0,3200,4,'',0,6900,4,'',0,3600,4,'',0,6500,4,'',0,1600,4,'',0
'1merged14313281',674300,64400,4,'',0,9300,4,'',0,7300,4,'',0,2900,4,'',0,1900,4,'',0
'1merged14313281',674400,72600,4,'',0,1900,4,'',0,5600,4,'',0,2300,4,'',0,1500,4,'',0
'169801merged14313291',674700,153800,4,'',0,11000,4,'',0,9200,4,'',0,10100,4,'',0,10700,4,'',0,8500,4,'',0,9300,4,'',0,11200,4,'',0,19300,4,'',0
'1merged14313281',674700,73500,4,'',0,10000,4,'',0,9500,4,'',0,500,4,'',0,10100,4,'',0,9500,4,'',0,500,4,'',0,10000,4,'',0,9600,4,'',0,500,4,'',0,10000,4,'',0,9800,4,'',0,500,4,'',0,10300,4,'',0,9300,4,'',0,1000,4,'',0,500,4,'',0,8800,4,'',0,8900,4,'',0,700,4,'',0,300,4,'',0,10000,4,'',0,9300,4,'',0,1000,4,'',0,19000,4,'',0
'253403merged14313280',674700,184100,4,'',0,19000,4,'',0,19800,4,'',0
'2merged14313283',674700,73200,4,'',0,10000,4,'',0,9300,4,'',0,300,4,'',0,400,4,'',0,9600,4,'',0,600,4,'',0,500,4,'',0,9000,4,'',0,500,4,'',0,500,4,'',0,9000,4,'',0,500,4,'',0,500,4,'',0,9200,4,'',0,500,4,'',0,500,4,'',0,9000,4,'',0,500,4,'',0,500,4,'',0,9200,4,'',0,700,4,'',0,500,4,'',0,8600,4,'',0,500,4,'',0,9500,4,'',0,500,4,'',0,9500,4,'',0,400,4,'',0,9400,4,'',0,500,4,'',0,9500,4,'',0,1000,4,'',0,9100,4,'',0,400,4,'',0,10000,4,'',0,10000,4,'',0
'3merged14313282',674700,73200,4,'',0,8500,4,'',0,11000,4,'',0,500,4,'',0,9600,4,'',0,500,4,'',0,500,4,'',0,9100,4,'',0,500,4,'',0,500,4,'',0,9000,4,'',0,300,4,'',0,200,4,'',0,9600,4,'',0,500,4,'',0,500,4,'',0,9000,4,'',0,500,4,'',0,500,4,'',0,9000,4,'',0,700,4,'',0,500,4,'',0,8800,4,'',0,500,4,'',0,500,4,'',0,9000,4,'',0,500,4,'',0,500,4,'',0,9200,4,'',0,500,4,'',0,300,4,'',0,8900,4,'',0,500,4,'',0,500,4,'',0,9000,4,'',0,500,4,'',0,500,4,'',0,8900,4,'',0,500,4,'',0,1000,4,'',0,8900,4,'',0,500,4,'',0,9500,4,'',0
'1merged14313281',682700,65000,4,'',0,5000,4,'',0,1600,4,'',0,1200,4,'',0,1200,4,'',0,1400,4,'',0,5200,4,'',0,1100,4,'',0,1200,4,'',0,2200,4,'',0,5900,4,'',0,1800,4,'',0,2900,4,'',0,7800,4,'',0,7400,4,'',0,3500,4,'',0,7700,4,'',0,3400,4,'',0,7500,4,'',0,7500,4,'',0,3500,4,'',0,1500,4,'',0,5600,4,'',0,2000,4,'',0,2000,4,'',0,5800,4,'',0,2000,4,'',0,2000,4,'',0,6000,4,'',0,2000,4,'',0,2000,4,'',0,6000,4,'',0,2200,4,'',0,2000,4,'',0,5900,4,'',0,1900,4,'',0
'2merged14313283',682700,92400,4,'',0,3000,4,'',0,7000,4,'',0,3000,4,'',0,7000,4,'',0,3000,4,'',0,7100,4,'',0,2700,4,'',0,6900,4,'',0,3000,4,'',0,7200,4,'',0,3000,4,'',0,7000,4,'',0,3000,4,'',0,7000,4,'',0,2900,4,'',0,7000,4,'',0,3000,4,'',0,6900,4,'',0,2900,4,'',0,7000,4,'',0
'118403merged14313289',4484500,92700,4,'',0,10000,4,'',0,9800,4,'',0,10400,4,'',0,10000,4,'',0,10100,4,'',0,10000,4,'',0,10000,4,'',0,10000,4,'',0,10000,4,'',0,9900,4,'',0,9700,4,'',0,10000,4,'',0,10800,4,'',0,10400,4,'',0
