667700,'101_merged_15288070',1556,,78039,4,,,0
667700,'1101_merged_15288074',2508,,78040,4,,,0
667700,'1201_merged_15288056',2508,,78041,4,,,0
667700,'1_merged_15288063',605,,78079,4,,,0,29,,78052,4,,,0,71,,78060,4,,,0,30,,78067,4,,,0,71,,78077,4,,,0,28,,78063,4,,,0,78,,78047,4,,,0,24,,78085,4,,,0,87,,78046,4,,,0,31,,78054,4,,,0,68,,78061,4,,,0,30,,78059,4,,,0,70,,78058,4,,,0,31,,78068,4,,,0,71,,78045,4,,,0,29,,78083,4,,,0,55,,78048,4,,,0,30,,78049,4,,,0,65,,78042,4,,,0,20,,78073,4,,,0,14,,78053,4,,,0,70,,78056,4,,,0,19,,78064,4,,,0,12,,78057,4,,,0,18,,78074,4,,,0,54,,78069,4,,,0,19,,78080,4,,,0,20,,78084,4,,,0,53,,78070,4,,,0,16,,78081,4,,,0,12,,78078,4,,,0,16,,78071,4,,,0,10,,78051,4,,,0,52,,78072,4,,,0,14,,78066,4,,,0,16,,78086,4,,,0,17,,78062,4,,,0,57,,78044,4,,,0,15,,78082,4,,,0,11,,78043,4,,,0,69,,78075,4,,,0,29,,78065,4,,,0,69,,78055,4,,,0,30,,78088,4,,,0,70,,78076,4,,,0,30,,78087,4,,,0,70,,78050,4,,,0
667700,'2_merged_15288065',639,,78116,4,,,0,66,,78117,4,,,0,30,,78096,4,,,0,70,,78124,4,,,0,30,,78125,4,,,0,71,,78092,4,,,0,30,,78122,4,,,0,69,,78099,4,,,0,32,,78130,4,,,0,71,,78094,4,,,0,28,,78129,4,,,0,71,,78131,4,,,0,30,,78097,4,,,0,70,,78095,4,,,0,32,,78134,4,,,0,16,,78105,4,,,0,60,,78132,4,,,0,22,,78090,4,,,0,19,,78115,4,,,0,59,,78121,4,,,0,22,,78120,4,,,0,19,,78114,4,,,0,60,,78091,4,,,0,20,,78098,4,,,0,20,,78113,4,,,0,64,,78133,4,,,0,19,,78100,4,,,0,20,,78112,4,,,0,63,,78126,4,,,0,20,,78123,4,,,0,64,,78111,4,,,0,16,,78104,4,,,0,15,,78101,4,,,0,15,,78119,4,,,0,56,,78110,4,,,0,30,,78127,4,,,0,72,,78118,4,,,0,28,,78102,4,,,0,70,,78107,4,,,0,30,,78106,4,,,0,70,,78128,4,,,0,30,,78109,4,,,0,69,,78093,4,,,0,32,,78108,4,,,0,66,,78103,4,,,0,36,,78089,4,,,0
667700,'3_merged_15288064',808,,78152,4,,,0,30,,78146,4,,,0,70,,78155,4,,,0,29,,78145,4,,,0,69,,78153,4,,,0,30,,78144,4,,,0,69,,78154,4,,,0,30,,78135,4,,,0,69,,78156,4,,,0,32,,78143,4,,,0,69,,78139,4,,,0,32,,78151,4,,,0,70,,78158,4,,,0,31,,78150,4,,,0,13,,78172,4,,,0,70,,78159,4,,,0,15,,78149,4,,,0,17,,78171,4,,,0,69,,78162,4,,,0,16,,78148,4,,,0,15,,78170,4,,,0,71,,78160,4,,,0,13,,78147,4,,,0,16,,78169,4,,,0,71,,78157,4,,,0,14,,78142,4,,,0,17,,78168,4,,,0,68,,78137,4,,,0,15,,78141,4,,,0,19,,78167,4,,,0,65,,78136,4,,,0,17,,78140,4,,,0,68,,78138,4,,,0,30,,78166,4,,,0,71,,78163,4,,,0,30,,78165,4,,,0,71,,78161,4,,,0,34,,78164,4,,,0
667800,'1_merged_15288063',533,,78330,4,,,0,15,,78332,4,,,0,73,,78334,4,,,0,21,,78346,4,,,0,14,,78314,4,,,0,53,,78310,4,,,0,15,,78349,4,,,0,13,,78323,4,,,0,17,,78350,4,,,0,71,,78343,4,,,0,26,,78320,4,,,0,73,,78348,4,,,0,32,,78342,4,,,0,66,,78316,4,,,0,30,,78321,4,,,0,69,,78335,4,,,0,30,,78352,4,,,0,70,,78325,4,,,0,30,,78315,4,,,0,68,,78317,4,,,0,32,,78326,4,,,0,71,,78340,4,,,0,31,,78322,4,,,0,59,,78351,4,,,0,22,,78355,4,,,0,19,,78356,4,,,0,54,,78339,4,,,0,17,,78345,4,,,0,16,,78354,4,,,0,17,,78312,4,,,0,52,,78341,4,,,0,18,,78353,4,,,0,11,,78327,4,,,0,21,,78328,4,,,0,50,,78309,4,,,0,10,,78338,4,,,0,10,,78311,4,,,0,10,,78313,4,,,0,20,,78329,4,,,0,54,,78318,4,,,0,30,,78324,4,,,0,70,,78337,4,,,0,31,,78319,4,,,0,78,,78336,4,,,0,30,,78331,4,,,0,97,,78333,4,,,0,99,,78344,4,,,0,100,,78347,4,,,0
667800,'2_merged_15288065',621,,78366,4,,,0,30,,78358,4,,,0,70,,78379,4,,,0,30,,78359,4,,,0,72,,78390,4,,,0,30,,78389,4,,,0,70,,78381,4,,,0,30,,78391,4,,,0,69,,78387,4,,,0,30,,78363,4,,,0,70,,78361,4,,,0,28,,78357,4,,,0,73,,78362,4,,,0,29,,78364,4,,,0,70,,78392,4,,,0,31,,78365,4,,,0,69,,78375,4,,,0,29,,78382,4,,,0,70,,78371,4,,,0,30,,78383,4,,,0,73,,78372,4,,,0,29,,78384,4,,,0,69,,78373,4,,,0,31,,78388,4,,,0,70,,78376,4,,,0,30,,78385,4,,,0,70,,78367,4,,,0,30,,78386,4,,,0,71,,78369,4,,,0,30,,78377,4,,,0,68,,78393,4,,,0,17,,78368,4,,,0,70,,78380,4,,,0,30,,78378,4,,,0,100,,78374,4,,,0,100,,78370,4,,,0
667800,'3_merged_15288064',820,,78418,4,,,0,31,,78422,4,,,0,70,,78417,4,,,0,28,,78402,4,,,0,63,,78416,4,,,0,30,,78401,4,,,0,71,,78415,4,,,0,36,,78420,4,,,0,73,,78414,4,,,0,32,,78421,4,,,0,69,,78413,4,,,0,30,,78398,4,,,0,71,,78412,4,,,0,30,,78395,4,,,0,70,,78411,4,,,0,30,,78396,4,,,0,70,,78410,4,,,0,30,,78394,4,,,0,70,,78409,4,,,0,30,,78403,4,,,0,69,,78408,4,,,0,32,,78397,4,,,0,70,,78407,4,,,0,30,,78400,4,,,0,70,,78406,4,,,0,25,,78404,4,,,0,92,,78399,4,,,0,95,,78423,4,,,0,105,,78405,4,,,0,96,,78424,4,,,0
669200,'1_merged_15288063',609,,80833,27,,,0,30,,80834,27,,,0,70,,80835,27,,,0,20,,80836,27,,,0,20,,80837,27,,,0,60,,80838,27,,,0,20,,80839,27,,,0,20,,80840,27,,,0,60,,80841,27,,,0,20,,80842,27,,,0,20,,80843,27,,,0,60,,80844,27,,,0,21,,80845,27,,,0,20,,80846,27,,,0,60,,80847,27,,,0,21,,80848,27,,,0,21,,80849,27,,,0,60,,80850,27,,,0,20,,80851,27,,,0,20,,80852,27,,,0,60,,80853,27,,,0,20,,80854,27,,,0,20,,80855,27,,,0,60,,80856,27,,,0,22,,80857,27,,,0,20,,80858,27,,,0,60,,80859,27,,,0,21,,80860,27,,,0,20,,80861,27,,,0,60,,80862,27,,,0,20,,80863,27,,,0,20,,80864,27,,,0,60,,80865,27,,,0,20,,80866,27,,,0,20,,80867,27,,,0,58,,80868,27,,,0,19,,80869,27,,,0,25,,80870,27,,,0,70,,80871,27,,,0,29,,80872,27,,,0,68,,80873,27,,,0,20,,80874,27,,,0,70,,80875,27,,,0,40,,80876,27,,,0,70,,80877,14,,,0,77,,80878,14,,,0,29,,80879,14,,,0,77,,80880,14,,,0,32,,80881,14,,,0,86,,80882,14,,,0
669200,'2_merged_15288065',603,,80883,27,,,0,20,,80884,27,,,0,30,,80885,27,,,0,70,,80886,27,,,0,30,,80887,27,,,0,70,,80888,27,,,0,32,,80889,27,,,0,70,,80890,27,,,0,30,,80891,27,,,0,70,,80892,27,,,0,30,,80893,27,,,0,70,,80894,27,,,0,21,,80895,27,,,0,61,,80896,27,,,0,20,,80897,27,,,0,20,,80898,27,,,0,60,,80899,27,,,0,20,,80900,27,,,0,20,,80901,27,,,0,60,,80902,27,,,0,20,,80903,27,,,0,20,,80904,27,,,0,60,,80905,27,,,0,20,,80906,27,,,0,20,,80907,27,,,0,60,,80908,27,,,0,20,,80909,27,,,0,20,,80910,27,,,0,60,,80911,27,,,0,19,,80912,27,,,0,20,,80913,27,,,0,60,,80914,27,,,0,20,,80915,27,,,0,30,,80916,27,,,0,69,,80917,27,,,0,30,,80918,27,,,0,70,,80919,27,,,0,30,,80920,27,,,0,57,,80921,14,,,0,40,,80922,14,,,0,80,,80923,14,,,0,80,,80924,14,,,0,40,,80925,14,,,0,80,,80926,14,,,0,80,,80927,14,,,0
669200,'3_merged_15288064',654,,80928,27,,,0,70,,80929,27,,,0,30,,80930,27,,,0,72,,80931,27,,,0,30,,80932,27,,,0,70,,80933,27,,,0,31,,80934,27,,,0,70,,80935,27,,,0,30,,80936,27,,,0,70,,80937,27,,,0,20,,80938,27,,,0,60,,80939,27,,,0,20,,80940,27,,,0,20,,80941,27,,,0,60,,80942,27,,,0,20,,80943,27,,,0,20,,80944,27,,,0,60,,80945,27,,,0,20,,80946,27,,,0,20,,80947,27,,,0,60,,80948,27,,,0,20,,80949,27,,,0,20,,80950,27,,,0,60,,80951,27,,,0,20,,80952,27,,,0,20,,80953,27,,,0,60,,80954,27,,,0,20,,80955,27,,,0,20,,80956,27,,,0,60,,80957,27,,,0,20,,80958,27,,,0,28,,80959,27,,,0,71,,80960,27,,,0,30,,80961,27,,,0,70,,80962,27,,,0,29,,80963,27,,,0,59,,80964,14,,,0,40,,80965,14,,,0,80,,80966,14,,,0,79,,80967,14,,,0,41,,80968,14,,,0,80,,80969,14,,,0,80,,80970,14,,,0
683700,'1101_merged_15288074',2650,,95616,30,,,0
683700,'1201_merged_15288056',2650,,95617,30,,,0
683700,'1_merged_15288063',2530,,95624,30,,,0,20,,95623,30,,,0,60,,95619,30,,,0,29,,95622,30,,,0,74,,95621,30,,,0,19,,95620,30,,,0,68,,95618,30,,,0
683700,'2_merged_15288065',517,,95633,4,,,0,2020,,95627,30,,,0,22,,95632,30,,,0,54,,95626,30,,,0,19,,95631,30,,,0,20,,95628,30,,,0,70,,95630,30,,,0,12,,95629,30,,,0,74,,95625,30,,,0
683700,'3_merged_15288064',547,,95642,4,,,0,74,,95643,4,,,0,31,,95644,4,,,0,68,,95645,24,,,0,1688,,95638,30,,,0,32,,95637,30,,,0,70,,95636,30,,,0,39,,95635,30,,,0,71,,95634,30,,,0,24,,95641,30,,,0,88,,95640,30,,,0,25,,95639,30,,,0
