'101merged15072461',662801,163800,4,'',0
'1merged15072454',662801,55000,4,'',0,7200,4,'',0,1700,4,'',0,1500,4,'',0,5500,4,'',0,1500,4,'',0,1600,4,'',0,1700,4,'',0,5600,4,'',0,1600,4,'',0,1700,4,'',0,5700,4,'',0,1500,4,'',0,1200,4,'',0,1500,4,'',0,5500,4,'',0,1900,4,'',0,2000,4,'',0,2000,4,'',0,6000,4,'',0,2100,4,'',0,6000,4,'',0,2000,4,'',0,2000,4,'',0,1900,4,'',0,6200,4,'',0,1900,4,'',0,6000,4,'',0,2100,4,'',0,2300,4,'',0,6000,4,'',0,2000,4,'',0,2000,4,'',0,6400,4,'',0,1900,4,'',0,2400,4,'',0,5500,4,'',0,1500,4,'',0,1300,4,'',0,1500,4,'',0,5600,4,'',0,1400,4,'',0,1600,4,'',0,1400,4,'',0,5500,4,'',0,1400,4,'',0,1400,4,'',0,6900,4,'',0,3000,4,'',0,7000,4,'',0,2900,4,'',0,2900,4,'',0,7000,4,'',0,2800,4,'',0,9400,4,'',0,10200,4,'',0,14900,4,'',0
'201merged15072444',662801,163800,4,'',0
'2merged15072456',662801,60100,4,'',0,4900,4,'',0,6900,4,'',0,1700,4,'',0,6600,4,'',0,2000,4,'',0,2000,4,'',0,6000,4,'',0,2000,4,'',0,2000,4,'',0,6000,4,'',0,2000,4,'',0,2100,4,'',0,5900,4,'',0,1900,4,'',0,2000,4,'',0,6000,4,'',0,2000,4,'',0,2200,4,'',0,6000,4,'',0,2000,4,'',0,2000,4,'',0,6100,4,'',0,1900,4,'',0,2100,4,'',0,6100,4,'',0,2000,4,'',0,1800,4,'',0,6100,4,'',0,2100,4,'',0,1900,4,'',0,6000,4,'',0,2100,4,'',0,1800,4,'',0,6200,4,'',0,2100,4,'',0,1800,4,'',0,6000,4,'',0,3000,4,'',0,7000,4,'',0,2900,4,'',0,7000,4,'',0,2900,4,'',0,7000,4,'',0,4800,4,'',0,10500,4,'',0,9900,4,'',0,10300,4,'',0
'3merged15072455',662801,70000,4,'',0,2900,4,'',0,2900,4,'',0,7100,4,'',0,3000,4,'',0,7200,4,'',0,6900,4,'',0,3100,4,'',0,7000,4,'',0,3300,4,'',0,6700,4,'',0,3000,4,'',0,7000,4,'',0,2900,4,'',0,7200,4,'',0,2900,4,'',0,7100,4,'',0,3100,4,'',0,7000,4,'',0,2900,4,'',0,7200,4,'',0,2700,4,'',0,7200,4,'',0,3000,4,'',0,6900,4,'',0,2900,4,'',0,7100,4,'',0,2900,4,'',0,7400,4,'',0,2700,4,'',0,7100,4,'',0,4400,4,'',0,15500,4,'',0,12000,4,'',0
'1merged15072454',663100,62100,4,'',0,1900,4,'',0,1700,4,'',0,5700,4,'',0,1500,4,'',0,1600,4,'',0,5700,4,'',0,1800,4,'',0,1900,4,'',0,1500,4,'',0,5500,4,'',0,1700,4,'',0,1400,4,'',0,1800,4,'',0,5900,4,'',0,2000,4,'',0,2100,4,'',0,5900,4,'',0,2000,4,'',0,2000,4,'',0,5900,4,'',0,2000,4,'',0,2100,4,'',0,6200,4,'',0,1900,4,'',0,2100,4,'',0,5900,4,'',0,2300,4,'',0,6000,4,'',0,2100,4,'',0,2300,4,'',0,1200,4,'',0,5600,4,'',0,1400,4,'',0,1500,4,'',0,1600,4,'',0,5500,4,'',0,1700,4,'',0,1500,4,'',0,6000,4,'',0,1100,4,'',0,1600,4,'',0,1200,4,'',0,1500,4,'',0,6800,4,'',0,1900,4,'',0,7700,4,'',0,3600,4,'',0,7500,4,'',0,7500,4,'',0,3400,4,'',0,7500,4,'',0,10700,4,'',0,9900,4,'',0
'2merged15072456',663100,63300,4,'',0,7300,4,'',0,3300,4,'',0,7300,4,'',0,3000,4,'',0,6900,4,'',0,2800,4,'',0,2000,4,'',0,6000,4,'',0,2000,4,'',0,2000,4,'',0,6100,4,'',0,1900,4,'',0,6100,4,'',0,2000,4,'',0,2000,4,'',0,6000,4,'',0,2000,4,'',0,2000,4,'',0,6000,4,'',0,2000,4,'',0,2100,4,'',0,5900,4,'',0,2100,4,'',0,2200,4,'',0,6000,4,'',0,1800,4,'',0,2100,4,'',0,6100,4,'',0,2000,4,'',0,2000,4,'',0,6000,4,'',0,1800,4,'',0,3100,4,'',0,6700,4,'',0,2800,4,'',0,6900,4,'',0,3000,4,'',0,7100,4,'',0,2800,4,'',0,7600,4,'',0,10500,4,'',0,10200,4,'',0,9800,4,'',0
'3merged15072455',663100,73400,4,'',0,7100,4,'',0,3200,4,'',0,6900,4,'',0,3000,4,'',0,7100,4,'',0,2900,4,'',0,7200,4,'',0,2900,4,'',0,7400,4,'',0,2600,4,'',0,7300,4,'',0,3000,4,'',0,7100,4,'',0,3000,4,'',0,6900,4,'',0,3000,4,'',0,7100,4,'',0,2900,4,'',0,7000,4,'',0,3300,4,'',0,6800,4,'',0,2900,4,'',0,6900,4,'',0,2800,4,'',0,7000,4,'',0,3000,4,'',0,7000,4,'',0,3300,4,'',0,8200,4,'',0,9900,4,'',0,11500,4,'',0
'1merged15072454',1120100,61600,4,'',0,3200,4,'',0,7000,4,'',0,3000,4,'',0,5500,4,'',0,1500,4,'',0,1700,4,'',0,1500,4,'',0,5200,4,'',0,1200,4,'',0,1000,4,'',0,1200,4,'',0,1200,4,'',0,5400,4,'',0,1500,4,'',0,1500,4,'',0,1500,4,'',0,5600,4,'',0,1500,4,'',0,1500,4,'',0,1500,4,'',0,5500,4,'',0,1500,4,'',0,1500,4,'',0,1500,4,'',0,5500,4,'',0,1500,4,'',0,1500,4,'',0,1500,4,'',0,5600,4,'',0,1600,4,'',0,1500,4,'',0,1500,4,'',0,5500,4,'',0,1500,4,'',0,1800,4,'',0,1800,4,'',0,5500,4,'',0,1400,4,'',0,1500,4,'',0,1500,4,'',0,5500,4,'',0,1500,4,'',0,1500,4,'',0,1500,4,'',0,5400,4,'',0,1200,4,'',0,1300,4,'',0,1500,4,'',0,5400,4,'',0,1500,4,'',0,1400,4,'',0,1500,4,'',0,5500,4,'',0,1500,4,'',0,3000,4,'',0,7000,4,'',0,3000,4,'',0,7000,4,'',0,2700,4,'',0,7000,4,'',0,3000,4,'',0,7000,4,'',0
'1merged15072454',1120101,53000,,'',0,2800,,'',0,5500,,'',0,1500,,'',0,1300,,'',0,1000,,'',0,4900,,'',0,700,,'',0,1000,,'',0,800,,'',0,900,,'',0,1000,,'',0,1000,,'',0,4700,,'',0,1000,,'',0,1000,,'',0,1000,,'',0,1000,,'',0,1500,,'',0,5200,,'',0,1400,,'',0,1200,,'',0,1200,,'',0,5400,,'',0,1200,,'',0,1500,,'',0,1400,,'',0,1500,,'',0,5500,,'',0,1500,,'',0,1500,,'',0,1300,,'',0,5500,,'',0,1700,,'',0,1500,,'',0,1500,,'',0,5600,,'',0,1500,,'',0,1600,,'',0,1600,,'',0,5400,,'',0,900,,'',0,1400,,'',0,1300,,'',0,5400,,'',0,1500,,'',0,1600,,'',0,1700,,'',0,5500,,'',0,1500,,'',0,1500,,'',0,1400,,'',0,5500,,'',0,1500,,'',0,1500,,'',0,1600,,'',0,5500,,'',0,2500,,'',0,2500,,'',0,7100,,'',0,2900,,'',0,7000,,'',0,3000,,'',0,7000,,'',0,3000,,'',0,7000,,'',0
'2merged15072456',1120100,71000,4,'',0,3400,4,'',0,7100,4,'',0,2700,4,'',0,7100,4,'',0,2200,4,'',0,2100,4,'',0,6000,4,'',0,2100,4,'',0,2000,4,'',0,6500,4,'',0,3000,4,'',0,7200,4,'',0,3200,4,'',0,7000,4,'',0,2900,4,'',0,7000,4,'',0,3000,4,'',0,6900,4,'',0,2800,4,'',0,6900,4,'',0,2700,4,'',0,6800,4,'',0,3000,4,'',0,7100,4,'',0,2800,4,'',0,7300,4,'',0,2800,4,'',0,7000,4,'',0,3000,4,'',0,7000,4,'',0,2700,4,'',0,7000,4,'',0,3000,4,'',0,7000,4,'',0,3000,4,'',0,7000,4,'',0
'2merged15072456',1120101,63000,,'',0,7000,,'',0,2800,,'',0,3000,,'',0,6800,,'',0,2100,,'',0,5800,,'',0,1800,,'',0,2000,,'',0,5800,,'',0,2100,,'',0,2800,,'',0,6900,,'',0,2800,,'',0,6700,,'',0,2900,,'',0,7000,,'',0,3000,,'',0,7000,,'',0,3200,,'',0,7000,,'',0,3000,,'',0,7000,,'',0,3200,,'',0,7400,,'',0,3300,,'',0,7000,,'',0,3200,,'',0,7200,,'',0,2900,,'',0,7000,,'',0,3000,,'',0,7200,,'',0,3000,,'',0,7300,,'',0
'3merged15072455',1120100,81100,4,'',0,3000,4,'',0,7000,4,'',0,3300,4,'',0,7100,4,'',0,3100,4,'',0,6900,4,'',0,2900,4,'',0,7000,4,'',0,3000,4,'',0,7000,4,'',0,3000,4,'',0,7000,4,'',0,3000,4,'',0,7100,4,'',0,3100,4,'',0,7000,4,'',0,3000,4,'',0,7000,4,'',0,3000,4,'',0,7100,4,'',0,2900,4,'',0,7000,4,'',0,3000,4,'',0,7000,4,'',0,3000,4,'',0,6900,4,'',0,2700,4,'',0,6900,4,'',0,3000,4,'',0,7000,4,'',0,3000,4,'',0,7000,4,'',0
'3merged15072455',1120101,72800,,'',0,3000,,'',0,7000,,'',0,3000,,'',0,7000,,'',0,3000,,'',0,6700,,'',0,3000,,'',0,7000,,'',0,2700,,'',0,7000,,'',0,2800,,'',0,7100,,'',0,2900,,'',0,6900,,'',0,3200,,'',0,7000,,'',0,3000,,'',0,7200,,'',0,3000,,'',0,7000,,'',0,3300,,'',0,7000,,'',0,3000,,'',0,7000,,'',0,3000,,'',0,7400,,'',0,7000,,'',0,3200,,'',0,6800,,'',0,3000,,'',0
