672400,'1_merged_15291795',453,,87300,40,,,0,66,,87303,40,,,0,20,,87330,40,,,0,64,,87293,40,,,0,22,,87305,40,,,0,16,,87294,40,,,0,15,,87332,40,,,0,55,,87316,40,,,0,13,,87337,40,,,0,15,,87338,40,,,0,16,,87339,40,,,0,56,,87340,40,,,0,15,,87304,40,,,0,15,,87341,40,,,0,16,,87298,40,,,0,55,,87342,40,,,0,14,,87314,40,,,0,15,,87343,40,,,0,15,,87326,40,,,0,57,,87317,40,,,0,17,,87344,40,,,0,18,,87345,40,,,0,60,,87318,40,,,0,20,,87312,40,,,0,20,,87328,40,,,0,60,,87319,40,,,0,20,,87329,40,,,0,20,,87299,40,,,0,61,,87320,40,,,0,20,,87297,40,,,0,19,,87309,40,,,0,60,,87321,40,,,0,20,,87313,40,,,0,20,,87333,40,,,0,55,,87302,40,,,0,15,,87323,40,,,0,15,,87308,40,,,0,15,,87334,40,,,0,55,,87310,40,,,0,15,,87315,40,,,0,15,,87301,40,,,0,15,,87346,40,,,0,55,,87347,40,,,0,15,,87348,40,,,0,15,,87349,40,,,0,15,,87350,40,,,0,56,,87351,40,,,0,15,,87352,40,,,0,16,,87353,40,,,0,15,,87354,40,,,0,55,,87355,40,,,0,15,,87356,40,,,0,15,,87357,40,,,0,16,,87306,40,,,0,57,,87358,40,,,0,25,,87307,40,,,0,25,,87331,40,,,0,69,,87295,40,,,0,30,,87322,40,,,0,70,,87324,40,,,0,75,,87296,40,,,0,24,,87311,40,,,0,30,,87335,40,,,0,68,,87325,40,,,0,30,,87336,40,,,0,67,,87327,40,,,0
672400,'2_merged_15291797',444,,87396,40,,,0,75,,87400,40,,,0,34,,87401,40,,,0,69,,87402,40,,,0,32,,87403,40,,,0,72,,87404,40,,,0,31,,87405,40,,,0,69,,87406,40,,,0,30,,87407,40,,,0,61,,87408,40,,,0,15,,87420,40,,,0,15,,87421,40,,,0,55,,87422,40,,,0,15,,87423,40,,,0,15,,87424,40,,,0,15,,87360,40,,,0,55,,87361,40,,,0,15,,87362,40,,,0,16,,87363,40,,,0,15,,87364,40,,,0,55,,87365,40,,,0,15,,87366,40,,,0,15,,87367,40,,,0,15,,87368,40,,,0,55,,87369,40,,,0,15,,87370,40,,,0,14,,87371,40,,,0,16,,87372,40,,,0,55,,87373,40,,,0,15,,87374,40,,,0,15,,87375,40,,,0,15,,87376,40,,,0,55,,87377,40,,,0,15,,87378,40,,,0,14,,87379,40,,,0,15,,87380,40,,,0,55,,87381,40,,,0,14,,87382,40,,,0,15,,87359,40,,,0,18,,87383,40,,,0,56,,87384,40,,,0,15,,87385,40,,,0,17,,87386,40,,,0,15,,87387,40,,,0,55,,87388,40,,,0,15,,87389,40,,,0,15,,87409,40,,,0,22,,87410,40,,,0,61,,87411,40,,,0,20,,87412,40,,,0,60,,87413,40,,,0,20,,87414,40,,,0,26,,87416,40,,,0,70,,87418,40,,,0,30,,87419,40,,,0,68,,87392,40,,,0,30,,87393,40,,,0,73,,87394,40,,,0,26,,87415,40,,,0,64,,87397,40,,,0,28,,87391,40,,,0,79,,87398,40,,,0,29,,87390,40,,,0
672400,'3_merged_15291796',516,,87449,40,,,0,32,,87453,40,,,0,70,,87454,40,,,0,30,,87455,40,,,0,70,,87456,40,,,0,28,,87457,40,,,0,61,,87458,40,,,0,21,,87459,40,,,0,21,,87460,40,,,0,60,,87461,40,,,0,23,,87462,40,,,0,20,,87463,40,,,0,60,,87464,40,,,0,20,,87465,40,,,0,20,,87466,40,,,0,60,,87467,40,,,0,20,,87468,40,,,0,20,,87469,40,,,0,58,,87470,40,,,0,21,,87471,40,,,0,20,,87472,40,,,0,60,,87473,40,,,0,20,,87474,40,,,0,20,,87475,40,,,0,61,,87476,40,,,0,18,,87477,40,,,0,18,,87436,40,,,0,55,,87478,40,,,0,14,,87479,40,,,0,15,,87480,40,,,0,14,,87437,40,,,0,56,,87481,40,,,0,15,,87482,40,,,0,15,,87483,40,,,0,16,,87438,40,,,0,55,,87484,40,,,0,15,,87485,40,,,0,15,,87425,40,,,0,15,,87439,40,,,0,55,,87426,40,,,0,16,,87427,40,,,0,15,,87428,40,,,0,15,,87440,40,,,0,55,,87434,40,,,0,16,,87435,40,,,0,18,,87433,40,,,0,19,,87441,40,,,0,58,,87429,40,,,0,19,,87430,40,,,0,69,,87431,40,,,0,30,,87432,40,,,0,70,,87445,40,,,0,29,,87446,40,,,0,69,,87447,40,,,0,31,,87442,40,,,0,69,,87450,40,,,0,31,,87444,40,,,0,70,,87451,40,,,0,30,,87443,40,,,0
672700,'101_merged_15291802',1618,,88069,46,,,0
672700,'1_merged_15291795',453,,88081,46,,,0,63,,88082,46,,,0,43,,88070,46,,,0,60,,88083,46,,,0,20,,88084,46,,,0,18,,88085,46,,,0,58,,88086,46,,,0,26,,88087,46,,,0,63,,88088,46,,,0,30,,88089,46,,,0,68,,88090,46,,,0,22,,88091,46,,,0,16,,88092,46,,,0,64,,88093,46,,,0,27,,88094,46,,,0,70,,88095,46,,,0,30,,88096,46,,,0,70,,88097,46,,,0,25,,88098,46,,,0,30,,88099,46,,,0,72,,88100,46,,,0,22,,88101,46,,,0,70,,88102,46,,,0,16,,88103,46,,,0,73,,88104,46,,,0,24,,88105,46,,,0,23,,88106,46,,,0,79,,88107,46,,,0,68,,88108,46,,,0,11,,88109,46,,,0,26,,88110,46,,,0,15,,88111,46,,,0,61,,88112,46,,,0,25,,88113,46,,,0,65,,88114,46,,,0,31,,88071,46,,,0,72,,88080,46,,,0,29,,88072,46,,,0,74,,88073,46,,,0,30,,88078,46,,,0,78,,88079,46,,,0,28,,88074,46,,,0,74,,88075,46,,,0,94,,88076,46,,,0,103,,88077,46,,,0
672700,'2_merged_15291797',715,,88133,46,,,0,32,,88118,46,,,0,74,,88125,46,,,0,32,,88149,46,,,0,68,,88115,46,,,0,31,,88126,46,,,0,70,,88117,46,,,0,32,,88138,46,,,0,74,,88116,46,,,0,30,,88145,46,,,0,72,,88120,46,,,0,72,,88122,46,,,0,30,,88123,46,,,0,70,,88121,46,,,0,31,,88128,46,,,0,70,,88129,46,,,0,28,,88147,46,,,0,72,,88130,46,,,0,28,,88139,46,,,0,69,,88140,46,,,0,29,,88141,46,,,0,29,,88142,46,,,0,69,,88136,46,,,0,26,,88144,46,,,0,72,,88135,46,,,0,24,,88137,46,,,0,72,,88131,46,,,0,31,,88132,46,,,0,70,,88148,46,,,0,30,,88127,46,,,0,70,,88143,46,,,0,27,,88124,46,,,0,74,,88119,46,,,0,106,,88134,46,,,0,91,,88146,46,,,0
672700,'3_merged_15291796',803,,88150,46,,,0,100,,88159,46,,,0,54,,88162,46,,,0,82,,88170,46,,,0,70,,88164,46,,,0,29,,88177,46,,,0,68,,88153,46,,,0,30,,88180,46,,,0,73,,88166,46,,,0,29,,88167,46,,,0,71,,88168,46,,,0,32,,88154,46,,,0,68,,88152,46,,,0,32,,88176,46,,,0,68,,88178,46,,,0,30,,88181,46,,,0,69,,88169,46,,,0,30,,88174,46,,,0,66,,88175,46,,,0,29,,88172,46,,,0,70,,88151,46,,,0,30,,88163,46,,,0,70,,88160,46,,,0,30,,88161,46,,,0,69,,88157,46,,,0,28,,88158,46,,,0,28,,88179,46,,,0,69,,88165,46,,,0,28,,88171,46,,,0,68,,88155,46,,,0,100,,88156,46,,,0,96,,88173,46,,,0
683000,'1_merged_15291795',2523,,95426,10,,,0,32,,95427,10,,,0,68,,95428,10,,,0,30,,95429,10,,,0,70,,95430,10,,,0,32,,95431,10,,,0
683000,'2_merged_15291797',2523,,95438,10,,,0,35,,95437,10,,,0,70,,95436,10,,,0,30,,95433,10,,,0,72,,95435,10,,,0,74,,95434,10,,,0
683000,'3_merged_15291796',2523,,95445,10,,,0,30,,95444,10,,,0,70,,95439,10,,,0,30,,95443,10,,,0,70,,95442,10,,,0,80,,95441,10,,,0
