673700,'101_merged_15524987',807,,148923,20,,,0,736,,148925,20,,,0,96,,148924,20,,,0
673700,'1_merged_15524980',514,,148968,20,,,0,34,,148926,20,,,0,61,,148965,20,,,0,20,,148977,20,,,0,20,,148978,20,,,0,58,,148979,20,,,0,12,,148966,20,,,0,11,,148967,20,,,0,12,,148975,20,,,0,11,,148976,20,,,0,75,,148944,20,,,0,25,,148927,20,,,0,60,,148951,20,,,0,20,,148952,20,,,0,70,,148953,20,,,0,30,,148954,20,,,0,69,,148955,20,,,0,28,,148956,20,,,0,28,,148957,20,,,0,70,,148958,20,,,0,30,,148959,20,,,0,67,,148960,20,,,0,20,,148961,20,,,0,60,,148962,20,,,0,18,,148963,20,,,0,15,,148964,20,,,0,9,,148928,20,,,0,7,,148980,20,,,0,49,,148946,20,,,0,9,,148947,20,,,0,15,,148948,20,,,0,18,,148949,20,,,0,10,,148950,20,,,0,50,,148941,20,,,0,11,,148942,20,,,0,10,,148943,20,,,0,27,,148929,20,,,0,55,,148945,20,,,0,18,,148930,20,,,0,15,,148969,20,,,0,59,,148970,20,,,0,16,,148971,20,,,0,17,,148972,20,,,0,15,,148973,20,,,0,55,,148931,20,,,0,28,,148932,20,,,0,70,,148933,20,,,0,31,,148934,20,,,0,70,,148974,20,,,0,31,,148935,20,,,0,69,,148936,20,,,0,31,,148937,20,,,0,68,,148938,20,,,0,41,,148939,20,,,0,95,,148940,20,,,0
673700,'201',807,,148981,20,,,0,736,,148983,20,,,0,96,,148982,20,,,0
673700,'2_merged_15524982',618,,148984,20,,,0,28,,148985,20,,,0,64,,148986,20,,,0,24,,148987,20,,,0,24,,148988,20,,,0,61,,148989,20,,,0,20,,148990,20,,,0,20,,148991,20,,,0,60,,148992,20,,,0,20,,148993,20,,,0,20,,148994,20,,,0,60,,148995,20,,,0,20,,148996,20,,,0,19,,148997,20,,,0,60,,148998,20,,,0,20,,148999,20,,,0,20,,149000,20,,,0,62,,149001,20,,,0,20,,149002,20,,,0,60,,149003,20,,,0,20,,149004,20,,,0,19,,149005,20,,,0,20,,149006,20,,,0,60,,149007,20,,,0,19,,149008,20,,,0,20,,149009,20,,,0,60,,149010,20,,,0,20,,149011,20,,,0,19,,149012,20,,,0,60,,149013,20,,,0,21,,149014,20,,,0,15,,149015,20,,,0,53,,149032,20,,,0,14,,149016,20,,,0,18,,149017,20,,,0,14,,149018,20,,,0,55,,149033,20,,,0,16,,149019,20,,,0,15,,149020,20,,,0,20,,149021,20,,,0,62,,149022,20,,,0,19,,149023,20,,,0,19,,149024,20,,,0,59,,149025,20,,,0,30,,149026,20,,,0,70,,149027,20,,,0,32,,149028,20,,,0,70,,149029,20,,,0,30,,149034,20,,,0,76,,149030,20,,,0,112,,149031,20,,,0
673700,'3_merged_15524981',603,,149040,20,,,0,34,,149039,20,,,0,73,,149038,20,,,0,33,,149037,20,,,0,72,,149061,20,,,0,32,,149041,20,,,0,71,,149035,20,,,0,30,,149042,20,,,0,71,,149059,20,,,0,30,,149045,20,,,0,68,,149052,20,,,0,28,,149051,20,,,0,69,,149043,20,,,0,29,,149050,20,,,0,69,,149054,20,,,0,30,,149049,20,,,0,61,,149060,20,,,0,20,,149075,20,,,0,20,,149048,20,,,0,70,,149058,20,,,0,30,,149047,20,,,0,70,,149057,20,,,0,30,,149046,20,,,0,60,,149056,20,,,0,19,,149067,20,,,0,20,,149044,20,,,0,59,,149068,20,,,0,18,,149055,20,,,0,21,,149069,20,,,0,61,,149072,20,,,0,20,,149063,20,,,0,21,,149070,20,,,0,61,,149073,20,,,0,21,,149062,20,,,0,20,,149071,20,,,0,60,,149074,20,,,0,20,,149064,20,,,0,19,,149065,20,,,0,70,,149053,20,,,0,31,,149066,20,,,0,75,,149036,20,,,0
1169301,'1_merged_15524980',532,,157655,2,,,0,23,,157654,2,,,0,72,,157653,2,,,0,28,,157652,2,,,0,68,,157651,2,,,0,29,,157650,2,,,0,69,,157665,2,,,0,31,,157649,2,,,0,71,,157663,2,,,0,32,,157666,2,,,0,70,,157667,2,,,0,30,,157668,2,,,0,70,,157669,2,,,0,30,,157670,2,,,0,70,,157671,2,,,0,30,,157672,2,,,0,70,,157673,2,,,0,29,,157674,2,,,0,73,,157675,2,,,0,28,,157662,2,,,0,72,,157661,2,,,0,30,,157664,2,,,0,73,,157660,2,,,0,70,,157659,2,,,0,30,,157658,2,,,0,27,,157657,2,,,0,79,,157656,2,,,0,69,,157676,2,,,0,31,,157677,2,,,0,70,,157678,2,,,0,30,,157679,2,,,0,70,,157680,2,,,0
1294000,'101_merged_15524987',1629,,157878,18,,,0
1294000,'1_merged_15524980',449,,157879,18,0,62 103 8,0,72,,157880,18,,,0,30,,157881,18,,,0,71,,157882,18,,,0,31,,157883,18,,,0,75,,157884,18,,,0,73,,157885,18,,,0,33,,157886,18,0,62 103 8,0,71,,157887,18,0,62 103 8,0,29,,157888,18,0,62 103 8,0,70,,157889,18,0,62 103 8,0,30,,157890,18,0,62 103 8,0,73,,157891,18,0,62 103 8,0,31,,157892,18,0,62 103 8,0,70,,157893,18,0,62 103 8,0,30,,157894,18,0,62 103 8,0,70,,157895,18,0,62 103 8,0,30,,157896,18,0,62 103 8,0,67,,157897,18,0,62 103 8,0,27,,157898,18,0,62 103 8,0,71,,157899,18,0,62 103 8,0,31,,157913,18,0,62 103 8,0,68,,157914,18,,,0,53,,157900,18,,,0,66,,157901,18,,,0,28,,157902,18,,,0,65,,157903,18,,,0,28,,157904,18,,,0,69,,157905,18,0,62 103 8,0,30,,157906,18,0,62 103 8,0,69,,157907,18,0,62 103 8,0,29,,157908,18,0,62 103 8,0,73,,157909,18,0,62 103 8,0,34,,157910,18,0,62 103 8,0,100,,157911,18,0,62 103 8,0,100,,157912,18,0,62 103 8,0
1294000,'201',1629,,157915,18,,,0
1294000,'2_merged_15524982',618,,157945,18,0,62 103 8,0,30,,157933,18,0,62 103 8,0,70,,157934,18,0,62 103 8,0,30,,157935,18,0,62 103 8,0,73,,157936,18,0,62 103 8,0,32,,157937,18,0,62 103 8,0,71,,157938,18,0,62 103 8,0,31,,157939,18,0,62 103 8,0,71,,157940,18,0,62 103 8,0,31,,157941,18,0,62 103 8,0,70,,157942,18,0,62 103 8,0,30,,157943,18,0,62 103 8,0,70,,157944,18,0,62 103 8,0,29,,157922,18,0,62 103 8,0,70,,157923,18,0,62 103 8,0,30,,157924,18,0,62 103 8,0,71,,157925,18,0,62 103 8,0,30,,157926,18,0,62 103 8,0,70,,157927,18,0,62 103 8,0,30,,157928,18,0,62 103 8,0,69,,157929,18,0,62 103 8,0,30,,157930,18,0,62 103 8,0,70,,157920,18,0,62 103 8,0,30,,157921,18,0,62 103 8,0,70,,157931,18,0,62 103 8,0,30,,157916,18,0,62 103 8,0,70,,157917,18,0,62 103 8,0,30,,157918,18,0,62 103 8,0,68,,157919,18,0,62 103 8,0,30,,157932,18,0,62 103 8,0,97,,157946,18,0,62 103 8,0,100,,157947,18,0,62 103 8,0,107,,157948,18,0,62 103 8,0
1294000,'3_merged_15524981',625,,157952,18,0,62 103 8,0,34,,157953,18,0,62 103 8,0,71,,157978,18,0,62 103 8,0,71,,157954,18,0,62 103 8,0,31,,157955,18,0,62 103 8,0,70,,157956,18,0,62 103 8,0,30,,157957,18,0,62 103 8,0,71,,157958,18,0,62 103 8,0,30,,157959,18,0,62 103 8,0,70,,157949,18,0,62 103 8,0,31,,157960,18,0,62 103 8,0,70,,157961,18,0,62 103 8,0,30,,157962,18,0,62 103 8,0,70,,157963,18,0,62 103 8,0,30,,157964,18,0,62 103 8,0,70,,157965,18,0,62 103 8,0,30,,157950,18,0,62 103 8,0,70,,157966,18,0,62 103 8,0,30,,157967,18,0,62 103 8,0,69,,157968,18,0,62 103 8,0,30,,157969,18,0,62 103 8,0,70,,157970,18,0,62 103 8,0,31,,157971,18,0,62 103 8,0,71,,157972,18,0,62 103 8,0,31,,157973,18,0,62 103 8,0,71,,157974,18,0,62 103 8,0,31,,157975,18,0,62 103 8,0,71,,157976,18,0,62 103 8,0,30,,157977,18,0,62 103 8,0,71,,157951,18,0,62 103 8,0,102,,157979,18,0,62 103 8,0,97,,157980,18,0,62 103 8,0,100,,157981,18,0,62 103 8,0
