3182200,'101_merged_15529707',720,,166842,22,4,,0,113,,166843,22,4,,0,702,,166839,22,4,,0,70,,166841,22,4,,0,10,,166840,22,4,,0
3182200,'1_merged_15529700',516,,166844,22,4,,0,30,,166845,22,4,,0,71,,166846,22,4,,0,29,,166847,22,4,,0,70,,166848,22,4,,0,14,,166869,22,4,,0,13,,166849,22,4,,0,72,,166851,22,4,,0,85,,166850,22,4,,0,45,,166852,22,4,,0,90,,166853,22,4,,0,82,,166854,22,4,,0,83,,166855,22,4,,0,45,,166856,22,4,,0,85,,166857,22,4,,0,87,,166858,22,4,,0,85,,166859,22,4,,0,43,,166860,22,4,,0,100,,166861,22,4,,0,62,,166862,26,4,,0,30,,166863,26,4,,0,70,,166864,26,4,,0,40,,166865,26,4,,0,90,,166866,26,4,,0,96,,166867,22,4,,0,79,,166868,22,4,,0
3182200,'201',833,,166871,22,4,,0,782,,166870,22,4,,0
3182200,'2_merged_15529702',711,,166878,22,4,,0,45,,166879,22,4,,0,87,,166880,22,4,,0,83,,166881,22,4,,0,85,,166882,22,4,,0,45,,166883,22,4,,0,85,,166884,22,4,,0,85,,166885,22,4,,0,85,,166886,22,4,,0,89,,166887,22,4,,0,41,,166888,22,4,,0,85,,166889,22,4,,0,85,,166890,22,4,,0,45,,166891,22,4,,0,85,,166872,22,4,,0,85,,166873,22,4,,0,85,,166874,22,4,,0,45,,166875,22,4,,0,85,,166876,22,4,,0,85,,166877,22,4,,0
3182200,'3_merged_15529701',755,,166908,22,4,,0,85,,166907,22,4,,0,85,,166906,22,4,,0,85,,166905,22,4,,0,45,,166904,22,4,,0,85,,166892,22,4,,0,85,,166903,22,4,,0,86,,166902,22,4,,0,44,,166901,22,4,,0,85,,166900,22,4,,0,85,,166899,22,4,,0,85,,166898,22,4,,0,46,,166897,22,4,,0,84,,166896,22,4,,0,85,,166895,22,4,,0,85,,166894,22,4,,0,45,,166893,22,4,,0,85,,166910,22,4,,0,90,,166909,22,4,,0
3182200,'401',1459,,166911,11,4,,0
3182201,'101_merged_15529707',720,,166914,1,0,58 59,0,815,,166912,1,0,58 59,0,70,,166913,1,0,58 59,0
3182201,'1_merged_15529700',516,,166926,1,,,0,30,,166927,1,,,0,71,,166928,1,,,0,29,,166929,1,,,0,70,,166930,1,,,0,14,,166941,1,0,58 59,0,13,,166932,1,0,58 59,0,72,,166933,1,0,58 59,0,18,,166942,1,0,58 59,0,67,,166934,1,0,58 59,0,45,,166935,1,0,58 59,0,90,,166936,1,0,58 59,0,82,,166937,1,0,58 59,0,83,,166938,1,0,58 59,0,45,,166939,1,0,58 59,0,85,,166940,1,0,58 59,0,87,,166915,1,0,58 59,0,85,,166916,1,0,58 59,0,43,,166917,1,0,58 59,0,70,,166918,1,0,58 59,0,30,,166931,1,0,58 59,0,62,,166919,1,0,58 59,0,30,,166920,1,0,58 59,0,70,,166921,1,0,58 59,0,40,,166922,1,0,58 59,0,90,,166925,1,0,58 59,0,96,,166923,1,0,58 59,0,79,,166924,1,0,58 59,0
3182201,'2_merged_15529702',711,,166962,1,0,58 59,0,45,,166943,1,0,58 59,0,87,,166944,1,0,58 59,0,83,,166945,1,0,58 59,0,85,,166946,1,0,58 59,0,45,,166947,1,0,58 59,0,85,,166948,1,0,58 59,0,85,,166949,1,0,58 59,0,85,,166950,1,0,58 59,0,89,,166951,1,0,58 59,0,41,,166952,1,0,58 59,0,85,,166953,1,0,58 59,0,85,,166954,1,0,58 59,0,45,,166955,1,0,58 59,0,85,,166956,1,0,58 59,0,85,,166957,1,0,58 59,0,85,,166958,1,0,58 59,0,45,,166959,1,0,58 59,0,85,,166960,1,0,58 59,0,85,,166961,1,0,58 59,0
3182201,'3_merged_15529701',755,,166981,1,0,58 59,0,85,,166980,1,0,58 59,0,85,,166979,1,0,58 59,0,85,,166978,1,0,58 59,0,45,,166977,1,0,58 59,0,85,,166976,1,0,58 59,0,85,,166975,1,0,58 59,0,86,,166974,1,0,58 59,0,44,,166973,1,0,58 59,0,85,,166972,1,0,58 59,0,85,,166971,1,0,58 59,0,85,,166970,1,0,58 59,0,46,,166969,1,0,58 59,0,84,,166968,1,0,58 59,0,85,,166967,1,0,58 59,0,85,,166966,1,0,58 59,0,45,,166965,1,0,58 59,0,85,,166964,1,0,58 59,0,90,,166963,1,0,58 59,0
3182201,'401',1459,,166982,1,0,58 59,0
