667901,'1_merged_15291795',535,,78647,16,,,0,66,,78648,16,,,0,27,,78662,16,,,0,31,,78649,16,,,0,65,,78661,16,,,0,78,,78641,16,,,0,31,,78665,16,,,0,74,,78656,16,,,0,24,,78636,16,,,0,70,,78655,16,,,0,31,,78634,16,,,0,74,,78664,16,,,0,31,,78637,16,,,0,68,,78652,16,,,0,28,,78643,16,,,0,70,,78651,16,,,0,30,,78642,16,,,0,70,,78654,16,,,0,32,,78658,16,,,0,73,,78640,16,,,0,31,,78657,16,,,0,67,,78635,16,,,0,32,,78666,16,,,0,68,,78660,16,,,0,31,,78650,16,,,0,69,,78646,16,,,0,26,,78639,16,,,0,77,,78645,16,,,0,28,,78638,16,,,0,65,,78633,16,,,0,33,,78659,16,,,0,69,,78663,16,,,0,30,,78644,16,,,0,71,,78653,16,,,0
667901,'2_merged_15291797',627,,78698,16,,,0,31,,78692,16,,,0,70,,78693,16,,,0,72,,78674,16,,,0,30,,78667,16,,,0,70,,78687,16,,,0,30,,78689,16,,,0,73,,78679,16,,,0,30,,78670,16,,,0,70,,78669,16,,,0,31,,78685,16,,,0,70,,78671,16,,,0,30,,78678,16,,,0,70,,78675,16,,,0,30,,78668,16,,,0,70,,78686,16,,,0,30,,78697,16,,,0,70,,78680,16,,,0,30,,78684,16,,,0,70,,78677,16,,,0,30,,78672,16,,,0,73,,78683,16,,,0,22,,78688,16,,,0,73,,78696,16,,,0,31,,78676,16,,,0,69,,78691,16,,,0,30,,78682,16,,,0,69,,78694,16,,,0,31,,78695,16,,,0,71,,78681,16,,,0,30,,78690,16,,,0,70,,78673,16,,,0
667901,'3_merged_15291796',731,,78711,16,,,0,70,,78701,16,,,0,30,,78716,16,,,0,70,,78718,16,,,0,30,,78705,16,,,0,70,,78723,16,,,0,30,,78715,16,,,0,70,,78727,16,,,0,30,,78726,16,,,0,70,,78699,16,,,0,32,,78722,16,,,0,70,,78704,16,,,0,31,,78714,16,,,0,71,,78717,16,,,0,29,,78703,16,,,0,71,,78720,16,,,0,30,,78710,16,,,0,70,,78721,16,,,0,31,,78700,16,,,0,70,,78702,16,,,0,31,,78719,16,,,0,69,,78706,16,,,0,30,,78707,16,,,0,70,,78725,16,,,0,30,,78708,16,,,0,69,,78713,16,,,0,30,,78712,16,,,0,70,,78728,16,,,0,30,,78709,16,,,0,68,,78724,16,,,0
669200,'1_merged_15291795',610,,80833,28,,,0,30,,80834,28,,,0,70,,80835,28,,,0,21,,80836,28,,,0,20,,80837,28,,,0,60,,80838,28,,,0,20,,80839,28,,,0,20,,80840,28,,,0,60,,80841,28,,,0,20,,80842,28,,,0,20,,80843,28,,,0,60,,80844,28,,,0,21,,80845,28,,,0,20,,80846,28,,,0,60,,80847,28,,,0,21,,80848,28,,,0,21,,80849,28,,,0,60,,80850,28,,,0,20,,80851,28,,,0,20,,80852,28,,,0,60,,80853,28,,,0,20,,80854,28,,,0,20,,80855,28,,,0,60,,80856,28,,,0,22,,80857,28,,,0,20,,80858,28,,,0,60,,80859,28,,,0,21,,80860,28,,,0,20,,80861,28,,,0,60,,80862,28,,,0,20,,80863,28,,,0,20,,80864,28,,,0,60,,80865,28,,,0,20,,80866,28,,,0,20,,80867,28,,,0,58,,80868,28,,,0,19,,80869,28,,,0,25,,80870,28,,,0,70,,80871,28,,,0,28,,80872,28,,,0,69,,80873,28,,,0,20,,80874,28,,,0,70,,80875,28,,,0,40,,80876,28,,,0,70,,80877,15,,,0,76,,80878,15,,,0,29,,80879,15,,,0,78,,80880,15,,,0,32,,80881,15,,,0,86,,80882,15,,,0
669200,'2_merged_15291797',605,,80883,28,,,0,20,,80884,28,,,0,30,,80885,28,,,0,70,,80886,28,,,0,30,,80887,28,,,0,70,,80888,28,,,0,31,,80889,28,,,0,70,,80890,28,,,0,30,,80891,28,,,0,70,,80892,28,,,0,30,,80893,28,,,0,70,,80894,28,,,0,22,,80895,28,,,0,60,,80896,28,,,0,20,,80897,28,,,0,20,,80898,28,,,0,60,,80899,28,,,0,20,,80900,28,,,0,20,,80901,28,,,0,60,,80902,28,,,0,20,,80903,28,,,0,20,,80904,28,,,0,60,,80905,28,,,0,20,,80906,28,,,0,20,,80907,28,,,0,60,,80908,28,,,0,20,,80909,28,,,0,20,,80910,28,,,0,60,,80911,28,,,0,20,,80912,28,,,0,20,,80913,28,,,0,60,,80914,28,,,0,20,,80915,28,,,0,30,,80916,28,,,0,68,,80917,28,,,0,31,,80918,28,,,0,70,,80919,28,,,0,29,,80920,28,,,0,58,,80921,15,,,0,40,,80922,15,,,0,80,,80923,15,,,0,79,,80924,15,,,0,41,,80925,15,,,0,80,,80926,15,,,0,80,,80927,15,,,0
669200,'3_merged_15291796',656,,80928,28,,,0,70,,80929,28,,,0,30,,80930,28,,,0,72,,80931,28,,,0,30,,80932,28,,,0,70,,80933,28,,,0,31,,80934,28,,,0,70,,80935,28,,,0,30,,80936,28,,,0,70,,80937,28,,,0,20,,80938,28,,,0,60,,80939,28,,,0,20,,80940,28,,,0,20,,80941,28,,,0,60,,80942,28,,,0,20,,80943,28,,,0,20,,80944,28,,,0,60,,80945,28,,,0,20,,80946,28,,,0,20,,80947,28,,,0,60,,80948,28,,,0,20,,80949,28,,,0,20,,80950,28,,,0,60,,80951,28,,,0,20,,80952,28,,,0,20,,80953,28,,,0,60,,80954,28,,,0,20,,80955,28,,,0,20,,80956,28,,,0,60,,80957,28,,,0,20,,80958,28,,,0,28,,80959,28,,,0,70,,80960,28,,,0,30,,80961,28,,,0,70,,80962,28,,,0,30,,80963,28,,,0,59,,80964,15,,,0,40,,80965,15,,,0,80,,80966,15,,,0,78,,80967,15,,,0,42,,80968,15,,,0,80,,80969,15,,,0,80,,80970,15,,,0
683700,'1101_merged_15291806',2651,,95616,32,,,0
683700,'1201_merged_15291788',2651,,95617,32,,,0
683700,'1_merged_15291795',2531,,95624,32,,,0,20,,95623,32,,,0,60,,95619,32,,,0,29,,95622,32,,,0,74,,95621,32,,,0,19,,95620,32,,,0,68,,95618,32,,,0
683700,'2_merged_15291797',518,,95633,6,,,0,2020,,95627,32,,,0,62,,95632,32,,,0,14,,95626,32,,,0,19,,95631,32,,,0,20,,95628,32,,,0,70,,95630,32,,,0,12,,95629,32,,,0,74,,95625,32,,,0
683700,'3_merged_15291796',548,,95642,6,,,0,74,,95643,6,,,0,31,,95644,6,,,0,68,,95645,26,,,0,1688,,95638,32,,,0,32,,95637,32,,,0,70,,95636,32,,,0,39,,95635,32,,,0,71,,95634,32,,,0,24,,95641,32,,,0,88,,95640,32,,,0,25,,95639,32,,,0
