672700,'101_merged_15524987',1616,,147852,41,,,0
672700,'1_merged_15524980',449,,147864,41,,,0,63,,147865,41,,,0,43,,147853,41,,,0,59,,147866,41,,,0,20,,147867,41,,,0,19,,147868,41,,,0,57,,147869,41,,,0,24,,147870,41,,,0,66,,147871,41,,,0,23,,147872,41,,,0,30,,147873,41,,,0,60,,147874,41,,,0,20,,147875,41,,,0,24,,147876,41,,,0,70,,147877,41,,,0,30,,147878,41,,,0,69,,147879,41,,,0,30,,147880,41,,,0,62,,147881,41,,,0,32,,147882,41,,,0,71,,147883,41,,,0,26,,147884,41,,,0,65,,147885,41,,,0,19,,147886,41,,,0,26,,147887,41,,,0,70,,147888,41,,,0,23,,147889,41,,,0,86,,147890,41,,,0,23,,147891,41,,,0,50,,147892,41,,,0,25,,147893,41,,,0,16,,147894,41,,,0,60,,147895,41,,,0,26,,147896,41,,,0,71,,147897,41,,,0,28,,147854,41,,,0,72,,147863,41,,,0,28,,147855,41,,,0,72,,147856,41,,,0,27,,147861,41,,,0,79,,147862,41,,,0,31,,147857,41,,,0,74,,147858,41,,,0,92,,147859,41,,,0,103,,147860,41,,,0
672700,'201',1616,,147898,41,,,0
672700,'2_merged_15524982',711,,147917,41,,,0,31,,147902,41,,,0,74,,147909,41,,,0,32,,147933,41,,,0,68,,147899,41,,,0,30,,147910,41,,,0,70,,147901,41,,,0,34,,147922,41,,,0,71,,147900,41,,,0,31,,147929,41,,,0,72,,147904,41,,,0,32,,147906,41,,,0,69,,147907,41,,,0,30,,147905,41,,,0,70,,147912,41,,,0,30,,147913,41,,,0,70,,147931,41,,,0,31,,147914,41,,,0,69,,147923,41,,,0,29,,147924,41,,,0,70,,147925,41,,,0,29,,147926,41,,,0,71,,147920,41,,,0,28,,147928,41,,,0,70,,147919,41,,,0,29,,147921,41,,,0,68,,147915,41,,,0,30,,147916,41,,,0,70,,147932,41,,,0,30,,147911,41,,,0,70,,147927,41,,,0,29,,147908,41,,,0,71,,147903,41,,,0,106,,147918,41,,,0,91,,147930,41,,,0
672700,'3_merged_15524981',801,,147934,41,,,0,101,,147943,41,,,0,53,,147946,41,,,0,81,,147954,41,,,0,67,,147948,41,,,0,29,,147961,41,,,0,69,,147937,41,,,0,31,,147964,41,,,0,71,,147950,41,,,0,30,,147951,41,,,0,70,,147952,41,,,0,30,,147938,41,,,0,70,,147936,41,,,0,28,,147960,41,,,0,72,,147962,41,,,0,27,,147965,41,,,0,72,,147953,41,,,0,28,,147958,41,,,0,70,,147959,41,,,0,30,,147956,41,,,0,28,,147935,41,,,0,70,,147947,41,,,0,29,,147944,41,,,0,70,,147945,41,,,0,30,,147941,41,,,0,68,,147942,41,,,0,28,,147963,41,,,0,69,,147949,41,,,0,30,,147955,41,,,0,68,,147939,41,,,0,99,,147940,41,,,0,95,,147957,41,,,0
673000,'101_merged_15524987',1601,,148597,6,,,0
673000,'1_merged_15524980',507,,148617,6,,,0,15,,148618,6,,,0,16,,148619,6,,,0,15,,148620,6,,,0,51,,148664,6,,,0,10,,148621,6,,,0,10,,148622,6,,,0,10,,148623,6,,,0,11,,148624,6,,,0,11,,148625,6,,,0,50,,148626,6,,,0,11,,148627,6,,,0,10,,148663,6,,,0,10,,148628,6,,,0,10,,148629,6,,,0,11,,148630,6,,,0,53,,148631,6,,,0,12,,148632,6,,,0,12,,148633,6,,,0,12,,148634,6,,,0,12,,148635,6,,,0,52,,148636,6,,,0,11,,148662,6,,,0,12,,148637,6,,,0,12,,148638,6,,,0,55,,148639,6,,,0,16,,148640,6,,,0,15,,148641,6,,,0,21,,148642,6,,,0,60,,148643,6,,,0,20,,148644,6,,,0,20,,148645,6,,,0,60,,148646,6,,,0,20,,148647,6,,,0,21,,148648,6,,,0,60,,148649,6,,,0,20,,148650,6,,,0,16,,148651,6,,,0,55,,148652,6,,,0,15,,148653,6,,,0,15,,148654,6,,,0,13,,148655,6,,,0,55,,148656,6,,,0,12,,148657,6,,,0,13,,148658,6,,,0,12,,148659,6,,,0,12,,148660,6,,,0,60,,148661,6,,,0,12,,148598,6,,,0,12,,148599,6,,,0,12,,148600,6,,,0,52,,148601,6,,,0,12,,148602,6,,,0,12,,148603,6,,,0,12,,148604,6,,,0,12,,148605,6,,,0,55,,148606,6,,,0,15,,148607,6,,,0,15,,148608,6,,,0,14,,148609,6,,,0,68,,148610,6,,,0,30,,148611,6,,,0,70,,148612,6,,,0,31,,148613,6,,,0,70,,148614,6,,,0,100,,148615,6,,,0,100,,148616,6,,,0
673000,'201',1601,,148665,6,,,0
673000,'2_merged_15524982',658,,148693,6,,,0,60,,148681,6,,,0,20,,148683,6,,,0,62,,148703,6,,,0,20,,148680,6,,,0,22,,148692,6,,,0,60,,148704,6,,,0,22,,148679,6,,,0,20,,148691,6,,,0,60,,148705,6,,,0,21,,148678,6,,,0,21,,148695,6,,,0,60,,148690,6,,,0,22,,148677,6,,,0,16,,148710,6,,,0,56,,148696,6,,,0,18,,148666,6,,,0,18,,148697,6,,,0,14,,148711,6,,,0,54,,148676,6,,,0,15,,148689,6,,,0,15,,148675,6,,,0,15,,148712,6,,,0,55,,148698,6,,,0,15,,148688,6,,,0,15,,148674,6,,,0,15,,148699,6,,,0,55,,148706,6,,,0,15,,148687,6,,,0,15,,148673,6,,,0,15,,148700,6,,,0,55,,148686,6,,,0,14,,148707,6,,,0,15,,148672,6,,,0,15,,148702,6,,,0,55,,148685,6,,,0,15,,148708,6,,,0,15,,148701,6,,,0,15,,148713,6,,,0,55,,148671,6,,,0,14,,148684,6,,,0,16,,148670,6,,,0,20,,148709,6,,,0,59,,148682,6,,,0,24,,148669,6,,,0,70,,148694,6,,,0,30,,148668,6,,,0,70,,148667,6,,,0,99,,148714,6,,,0,96,,148715,6,,,0
673000,'3_merged_15524981',803,,148749,6,,,0,18,,148729,6,,,0,20,,148739,6,,,0,60,,148750,6,,,0,22,,148728,6,,,0,23,,148738,6,,,0,63,,148751,6,,,0,22,,148727,6,,,0,21,,148741,6,,,0,61,,148737,6,,,0,20,,148726,6,,,0,20,,148742,6,,,0,60,,148716,6,,,0,20,,148743,6,,,0,20,,148725,6,,,0,60,,148736,6,,,0,20,,148724,6,,,0,21,,148744,6,,,0,59,,148735,6,,,0,15,,148754,6,,,0,15,,148723,6,,,0,15,,148745,6,,,0,54,,148734,6,,,0,15,,148755,6,,,0,15,,148722,6,,,0,15,,148746,6,,,0,53,,148733,6,,,0,16,,148756,6,,,0,15,,148721,6,,,0,15,,148748,6,,,0,56,,148732,6,,,0,15,,148757,6,,,0,15,,148747,6,,,0,15,,148720,6,,,0,54,,148731,6,,,0,18,,148719,6,,,0,20,,148752,6,,,0,60,,148730,6,,,0,20,,148718,6,,,0,19,,148753,6,,,0,60,,148740,6,,,0,20,,148758,6,,,0,20,,148717,6,,,0,99,,148759,6,,,0,100,,148760,6,,,0
