667700,'101_merged_15288070',1611,,78039,14,,,0
667700,'1101_merged_15288074',2518,,78040,14,,,0
667700,'1201_merged_15288056',2518,,78041,14,,,0
667700,'1_merged_15288063',616,,78079,14,,,0,29,,78052,14,,,0,71,,78060,14,,,0,30,,78067,14,,,0,73,,78077,14,,,0,28,,78063,14,,,0,78,,78047,14,,,0,24,,78085,14,,,0,87,,78046,14,,,0,71,,78054,14,,,0,29,,78061,14,,,0,70,,78059,14,,,0,30,,78058,14,,,0,71,,78068,14,,,0,31,,78045,14,,,0,69,,78083,14,,,0,15,,78048,14,,,0,31,,78049,14,,,0,65,,78042,14,,,0,20,,78073,14,,,0,14,,78053,14,,,0,70,,78056,14,,,0,19,,78064,14,,,0,12,,78057,14,,,0,59,,78074,14,,,0,13,,78069,14,,,0,19,,78080,14,,,0,60,,78084,14,,,0,13,,78070,14,,,0,15,,78081,14,,,0,12,,78078,14,,,0,56,,78071,14,,,0,10,,78051,14,,,0,11,,78072,14,,,0,14,,78066,14,,,0,16,,78086,14,,,0,57,,78062,14,,,0,16,,78044,14,,,0,15,,78082,14,,,0,11,,78043,14,,,0,68,,78075,14,,,0,29,,78065,14,,,0,69,,78055,14,,,0,30,,78088,14,,,0,69,,78076,14,,,0,30,,78087,14,,,0,70,,78050,14,,,0
667700,'2_merged_15288065',649,,78116,14,,,0,66,,78117,14,,,0,31,,78096,14,,,0,70,,78124,14,,,0,31,,78125,14,,,0,72,,78092,14,,,0,30,,78122,14,,,0,69,,78099,14,,,0,32,,78130,14,,,0,71,,78094,14,,,0,28,,78129,14,,,0,71,,78131,14,,,0,30,,78097,14,,,0,70,,78095,14,,,0,32,,78134,14,,,0,56,,78105,14,,,0,20,,78132,14,,,0,22,,78090,14,,,0,59,,78115,14,,,0,19,,78121,14,,,0,22,,78120,14,,,0,59,,78114,14,,,0,20,,78091,14,,,0,21,,78098,14,,,0,59,,78113,14,,,0,24,,78133,14,,,0,19,,78100,14,,,0,60,,78112,14,,,0,23,,78126,14,,,0,20,,78123,14,,,0,64,,78111,14,,,0,16,,78104,14,,,0,15,,78101,14,,,0,55,,78119,14,,,0,16,,78110,14,,,0,29,,78127,14,,,0,72,,78118,14,,,0,28,,78102,14,,,0,69,,78107,14,,,0,30,,78106,14,,,0,70,,78128,14,,,0,30,,78109,14,,,0,69,,78093,14,,,0,32,,78108,14,,,0,65,,78103,14,,,0,36,,78089,14,,,0
667700,'3_merged_15288064',819,,78152,14,,,0,30,,78146,14,,,0,70,,78155,14,,,0,29,,78145,14,,,0,70,,78153,14,,,0,30,,78144,14,,,0,69,,78154,14,,,0,31,,78135,14,,,0,69,,78156,14,,,0,32,,78143,14,,,0,69,,78139,14,,,0,32,,78151,14,,,0,70,,78158,14,,,0,31,,78150,14,,,0,53,,78172,14,,,0,30,,78159,14,,,0,15,,78149,14,,,0,57,,78171,14,,,0,29,,78162,14,,,0,16,,78148,14,,,0,55,,78170,14,,,0,32,,78160,14,,,0,13,,78147,14,,,0,56,,78169,14,,,0,30,,78157,14,,,0,14,,78142,14,,,0,57,,78168,14,,,0,26,,78137,14,,,0,15,,78141,14,,,0,59,,78167,14,,,0,26,,78136,14,,,0,17,,78140,14,,,0,67,,78138,14,,,0,30,,78166,14,,,0,71,,78163,14,,,0,30,,78165,14,,,0,71,,78161,14,,,0,34,,78164,14,,,0
683700,'1101_merged_15288074',2656,,95616,41,,,0
683700,'1201_merged_15288056',2656,,95617,41,,,0
683700,'1_merged_15288063',2536,,95624,41,,,0,20,,95623,41,,,0,60,,95619,41,,,0,29,,95622,41,,,0,74,,95621,41,,,0,19,,95620,41,,,0,68,,95618,41,,,0
683700,'2_merged_15288065',524,,95633,15,,,0,2019,,95627,41,,,0,62,,95632,41,,,0,14,,95626,41,,,0,19,,95631,41,,,0,20,,95628,41,,,0,70,,95630,41,,,0,12,,95629,41,,,0,74,,95625,41,,,0
683700,'3_merged_15288064',554,,95642,15,,,0,74,,95643,15,,,0,31,,95644,15,,,0,69,,95645,35,,,0,1687,,95638,41,,,0,32,,95637,41,,,0,70,,95636,41,,,0,38,,95635,41,,,0,71,,95634,41,,,0,24,,95641,41,,,0,88,,95640,41,,,0,65,,95639,41,,,0
