667700,'101_merged_15291802',1615,,78039,18,,,0
667700,'1101_merged_15291806',2520,,78040,18,,,0
667700,'1201_merged_15291788',2520,,78041,18,,,0
667700,'1_merged_15291795',619,,78079,18,,,0,29,,78052,18,,,0,71,,78060,18,,,0,30,,78067,18,,,0,73,,78077,18,,,0,28,,78063,18,,,0,78,,78047,18,,,0,24,,78085,18,,,0,87,,78046,18,,,0,71,,78054,18,,,0,29,,78061,18,,,0,70,,78059,18,,,0,30,,78058,18,,,0,71,,78068,18,,,0,31,,78045,18,,,0,69,,78083,18,,,0,16,,78048,18,,,0,31,,78049,18,,,0,65,,78042,18,,,0,20,,78073,18,,,0,14,,78053,18,,,0,70,,78056,18,,,0,19,,78064,18,,,0,12,,78057,18,,,0,59,,78074,18,,,0,12,,78069,18,,,0,19,,78080,18,,,0,60,,78084,18,,,0,13,,78070,18,,,0,15,,78081,18,,,0,12,,78078,18,,,0,56,,78071,18,,,0,10,,78051,18,,,0,11,,78072,18,,,0,14,,78066,18,,,0,16,,78086,18,,,0,57,,78062,18,,,0,16,,78044,18,,,0,15,,78082,18,,,0,11,,78043,18,,,0,68,,78075,18,,,0,29,,78065,18,,,0,69,,78055,18,,,0,30,,78088,18,,,0,68,,78076,18,,,0,30,,78087,18,,,0,70,,78050,18,,,0
667700,'2_merged_15291797',651,,78116,18,,,0,66,,78117,18,,,0,31,,78096,18,,,0,70,,78124,18,,,0,32,,78125,18,,,0,72,,78092,18,,,0,30,,78122,18,,,0,69,,78099,18,,,0,32,,78130,18,,,0,71,,78094,18,,,0,28,,78129,18,,,0,71,,78131,18,,,0,30,,78097,18,,,0,70,,78095,18,,,0,32,,78134,18,,,0,56,,78105,18,,,0,20,,78132,18,,,0,22,,78090,18,,,0,59,,78115,18,,,0,19,,78121,18,,,0,22,,78120,18,,,0,59,,78114,18,,,0,20,,78091,18,,,0,21,,78098,18,,,0,59,,78113,18,,,0,24,,78133,18,,,0,19,,78100,18,,,0,60,,78112,18,,,0,23,,78126,18,,,0,20,,78123,18,,,0,64,,78111,18,,,0,16,,78104,18,,,0,15,,78101,18,,,0,55,,78119,18,,,0,16,,78110,18,,,0,29,,78127,18,,,0,72,,78118,18,,,0,28,,78102,18,,,0,69,,78107,18,,,0,30,,78106,18,,,0,70,,78128,18,,,0,30,,78109,18,,,0,69,,78093,18,,,0,32,,78108,18,,,0,64,,78103,18,,,0,36,,78089,18,,,0
667700,'3_merged_15291796',822,,78152,18,,,0,30,,78146,18,,,0,70,,78155,18,,,0,29,,78145,18,,,0,70,,78153,18,,,0,30,,78144,18,,,0,69,,78154,18,,,0,31,,78135,18,,,0,69,,78156,18,,,0,32,,78143,18,,,0,69,,78139,18,,,0,32,,78151,18,,,0,70,,78158,18,,,0,31,,78150,18,,,0,53,,78172,18,,,0,30,,78159,18,,,0,15,,78149,18,,,0,57,,78171,18,,,0,29,,78162,18,,,0,16,,78148,18,,,0,55,,78170,18,,,0,32,,78160,18,,,0,13,,78147,18,,,0,56,,78169,18,,,0,30,,78157,18,,,0,14,,78142,18,,,0,57,,78168,18,,,0,26,,78137,18,,,0,15,,78141,18,,,0,59,,78167,18,,,0,26,,78136,18,,,0,17,,78140,18,,,0,67,,78138,18,,,0,30,,78166,18,,,0,71,,78163,18,,,0,30,,78165,18,,,0,71,,78161,18,,,0,34,,78164,18,,,0
683700,'1101_merged_15291806',2659,,95616,45,,,0
683700,'1201_merged_15291788',2659,,95617,45,,,0
683700,'1_merged_15291795',2539,,95624,45,,,0,20,,95623,45,,,0,60,,95619,45,,,0,29,,95622,45,,,0,74,,95621,45,,,0,19,,95620,45,,,0,68,,95618,45,,,0
683700,'2_merged_15291797',526,,95633,19,,,0,2019,,95627,45,,,0,62,,95632,45,,,0,14,,95626,45,,,0,19,,95631,45,,,0,60,,95628,45,,,0,30,,95630,45,,,0,12,,95629,45,,,0,74,,95625,45,,,0
683700,'3_merged_15291796',556,,95642,19,,,0,74,,95643,19,,,0,71,,95644,19,,,0,30,,95645,39,,,0,1687,,95638,45,,,0,32,,95637,45,,,0,70,,95636,45,,,0,37,,95635,45,,,0,71,,95634,45,,,0,24,,95641,45,,,0,88,,95640,45,,,0,65,,95639,45,,,0
