668700,'1_merged_15291795',606,,79780,3,,,0,30,,79783,3,,,0,70,,79786,3,,,0,15,,79788,3,,,0,15,,79790,3,,,0,15,,79793,3,,,0,55,,79794,3,,,0,15,,79796,3,,,0,15,,79798,3,,,0,15,,79800,3,,,0,55,,79802,3,,,0,30,,79806,3,,,0,70,,79809,3,,,0,30,,79812,3,,,0,70,,79815,3,,,0,30,,79818,3,,,0,70,,79821,3,,,0,30,,79824,3,,,0,70,,79827,3,,,0,30,,79830,3,,,0,70,,79833,3,,,0,30,,79837,3,,,0,70,,79839,3,,,0,30,,79842,3,,,0,70,,79846,3,,,0,30,,79850,3,,,0,15,,79852,3,,,0,55,,79854,3,,,0,15,,79857,3,,,0,15,,79859,3,,,0,15,,79862,3,,,0,55,,79864,3,,,0,15,,79867,3,,,0,15,,79868,3,,,0,15,,79870,3,,,0,55,,79872,3,,,0,30,,79874,3,,,0,70,,79877,3,,,0,30,,79879,3,,,0,70,,79881,3,,,0,30,,79882,3,,,0,75,,79883,3,,,0,30,,79884,3,,,0,70,,79885,3,,,0,30,,79886,3,,,0,70,,79887,3,,,0
668700,'2_merged_15291797',636,,79891,3,,,0,70,,79892,3,,,0,30,,79893,3,,,0,70,,79894,3,,,0,15,,79895,3,,,0,15,,79897,3,,,0,70,,79899,3,,,0,30,,79903,3,,,0,70,,79906,3,,,0,30,,79910,3,,,0,70,,79913,3,,,0,30,,79916,3,,,0,70,,79919,3,,,0,30,,79922,3,,,0,70,,79925,3,,,0,30,,79929,3,,,0,70,,79932,3,,,0,30,,79935,3,,,0,70,,79939,3,,,0,30,,79943,3,,,0,10,,79945,3,,,0,60,,79948,3,,,0,30,,79951,3,,,0,10,,79953,3,,,0,60,,79956,3,,,0,30,,79959,3,,,0,15,,79962,3,,,0,55,,79964,3,,,0,30,,79967,3,,,0,70,,79970,3,,,0,30,,79973,3,,,0,70,,79975,3,,,0,30,,79977,3,,,0,70,,79979,3,,,0,30,,79981,3,,,0,75,,79983,3,,,0,30,,79984,3,,,0,70,,79986,3,,,0,30,,79987,3,,,0,70,,79988,3,,,0
668700,'3_merged_15291796',706,,79991,3,,,0,30,,79992,3,,,0,70,,79993,3,,,0,15,,79995,3,,,0,15,,79996,3,,,0,70,,79998,3,,,0,15,,79999,3,,,0,15,,80001,3,,,0,70,,80002,3,,,0,30,,80005,3,,,0,70,,80008,3,,,0,30,,80011,3,,,0,70,,80014,3,,,0,30,,80017,3,,,0,70,,80020,3,,,0,30,,80023,3,,,0,70,,80026,3,,,0,30,,80029,3,,,0,70,,80033,3,,,0,30,,80036,3,,,0,70,,80040,3,,,0,30,,80043,3,,,0,70,,80047,3,,,0,30,,80050,3,,,0,70,,80054,3,,,0,30,,80057,3,,,0,70,,80060,3,,,0,30,,80061,3,,,0,70,,80062,3,,,0,30,,80063,3,,,0,15,,80064,3,,,0,55,,80065,3,,,0,30,,80066,3,,,0,75,,80067,3,,,0,30,,80068,3,,,0,70,,80069,3,,,0,100,,80072,3,,,0
677900,'1201_merged_15291788',2010,,91601,4,,,0,100,,91602,4,,,0,100,,91603,4,,,0,97,,91604,4,,,0
677900,'1_merged_15291795',620,,91605,4,,,0,100,,91606,4,,,0,100,,91607,4,,,0,100,,91608,4,,,0,100,,91609,4,,,0,100,,91610,4,,,0,100,,91611,4,,,0,100,,91612,4,,,0,100,,91613,4,,,0,100,,91614,4,,,0,105,,91615,4,,,0,100,,91616,4,,,0,100,,91617,4,,,0,100,,91618,4,,,0
677900,'2_merged_15291797',925,,91619,4,,,0,100,,91620,4,,,0,100,,91621,4,,,0,100,,91622,4,,,0,95,,91623,4,,,0,100,,91624,4,,,0,100,,91625,4,,,0,100,,91626,4,,,0,100,,91627,4,,,0,135,,91629,4,,,0,100,,91630,4,,,0,100,,91631,4,,,0,100,,91632,4,,,0,100,,91633,4,,,0
677900,'3_merged_15291796',1025,,91634,4,,,0,100,,91635,4,,,0,100,,91636,4,,,0,95,,91637,4,,,0,100,,91638,4,,,0,100,,91639,4,,,0,100,,91640,4,,,0,100,,91641,4,,,0,100,,91642,4,,,0
677901,'1201_merged_15291788',2046,,91643,15,,,0,100,,91644,15,,,0,100,,91645,15,,,0,100,,91646,15,,,0
677901,'1_merged_15291795',652,,91647,15,,,0,104,,91648,15,,,0,100,,91649,15,,,0,100,,91650,15,,,0,100,,91651,15,,,0,100,,91652,15,,,0,100,,91653,15,,,0,100,,91654,15,,,0,100,,91655,15,,,0,100,,91656,15,,,0,145,,91657,15,,,0,100,,91658,15,,,0,100,,91659,15,,,0,100,,91660,15,,,0
677901,'2_merged_15291797',1001,,91661,15,,,0,100,,91662,15,,,0,100,,91663,15,,,0,100,,91664,15,,,0,55,,91665,15,,,0,100,,91666,15,,,0,100,,91667,15,,,0,100,,91668,15,,,0,98,,91669,15,,,0,69,,91670,3,,,0,108,,91671,15,,,0,100,,91672,15,,,0,100,,91673,15,,,0,100,,91674,15,,,0,100,,91675,15,,,0
677901,'3_merged_15291796',1101,,91676,15,,,0,100,,91677,15,,,0,100,,91678,15,,,0,55,,91679,15,,,0,100,,91680,15,,,0,100,,91681,15,,,0,100,,91682,15,,,0,100,,91683,15,,,0,100,,91684,15,,,0
