669200,'1_merged_15524980',607,,140598,25,,,0,30,,140599,25,,,0,70,,140600,25,,,0,20,,140601,25,,,0,20,,140602,25,,,0,60,,140603,25,,,0,20,,140604,25,,,0,20,,140605,25,,,0,60,,140606,25,,,0,20,,140607,25,,,0,20,,140608,25,,,0,60,,140609,25,,,0,20,,140610,25,,,0,20,,140611,25,,,0,60,,140612,25,,,0,21,,140613,25,,,0,21,,140614,25,,,0,60,,140615,25,,,0,20,,140616,25,,,0,20,,140617,25,,,0,60,,140618,25,,,0,20,,140619,25,,,0,20,,140620,25,,,0,60,,140621,25,,,0,23,,140622,25,,,0,20,,140623,25,,,0,60,,140624,25,,,0,20,,140625,25,,,0,20,,140626,25,,,0,60,,140627,25,,,0,20,,140628,25,,,0,20,,140629,25,,,0,60,,140630,25,,,0,20,,140631,25,,,0,20,,140632,25,,,0,59,,140633,25,,,0,19,,140634,25,,,0,25,,140635,25,,,0,69,,140636,25,,,0,30,,140637,25,,,0,69,,140638,25,,,0,20,,140639,25,,,0,70,,140640,25,,,0,40,,140641,25,,,0,70,,140642,12,,,0,36,,140643,12,,,0,69,,140644,12,,,0,78,,140645,12,,,0,32,,140646,12,,,0,86,,140647,12,,,0
669200,'2_merged_15524982',602,,140648,25,,,0,20,,140649,25,,,0,30,,140650,25,,,0,70,,140651,25,,,0,30,,140652,25,,,0,70,,140653,25,,,0,31,,140654,25,,,0,70,,140655,25,,,0,30,,140656,25,,,0,70,,140657,25,,,0,30,,140658,25,,,0,70,,140659,25,,,0,21,,140660,25,,,0,61,,140661,25,,,0,20,,140662,25,,,0,20,,140663,25,,,0,60,,140664,25,,,0,20,,140665,25,,,0,20,,140666,25,,,0,60,,140667,25,,,0,20,,140668,25,,,0,20,,140669,25,,,0,60,,140670,25,,,0,20,,140671,25,,,0,20,,140672,25,,,0,60,,140673,25,,,0,20,,140674,25,,,0,20,,140675,25,,,0,60,,140676,25,,,0,19,,140677,25,,,0,20,,140678,25,,,0,60,,140679,25,,,0,20,,140680,25,,,0,30,,140681,25,,,0,69,,140682,25,,,0,30,,140683,25,,,0,70,,140684,25,,,0,30,,140685,25,,,0,58,,140686,12,,,0,40,,140687,12,,,0,80,,140688,12,,,0,79,,140689,12,,,0,41,,140690,12,,,0,80,,140691,12,,,0,80,,140692,12,,,0
669200,'3_merged_15524981',653,,140693,25,,,0,70,,140694,25,,,0,30,,140695,25,,,0,71,,140696,25,,,0,30,,140697,25,,,0,70,,140698,25,,,0,31,,140699,25,,,0,70,,140700,25,,,0,30,,140701,25,,,0,70,,140702,25,,,0,20,,140703,25,,,0,60,,140704,25,,,0,20,,140705,25,,,0,20,,140706,25,,,0,60,,140707,25,,,0,20,,140708,25,,,0,20,,140709,25,,,0,60,,140710,25,,,0,20,,140711,25,,,0,20,,140712,25,,,0,60,,140713,25,,,0,20,,140714,25,,,0,20,,140715,25,,,0,60,,140716,25,,,0,20,,140717,25,,,0,20,,140718,25,,,0,60,,140719,25,,,0,20,,140720,25,,,0,20,,140721,25,,,0,60,,140722,25,,,0,20,,140723,25,,,0,29,,140724,25,,,0,70,,140725,25,,,0,30,,140726,25,,,0,70,,140727,25,,,0,30,,140728,25,,,0,59,,140729,12,,,0,40,,140730,12,,,0,80,,140731,12,,,0,79,,140732,12,,,0,41,,140733,12,,,0,80,,140734,12,,,0,80,,140735,12,,,0
683700,'1101_merged_15524991',2646,,155444,24,,,0
683700,'1201_merged_15524973',2646,,155445,24,,,0
683700,'1_merged_15524980',2526,,155452,24,,,0,20,,155451,24,,,0,60,,155447,24,,,0,29,,155450,24,,,0,74,,155449,24,,,0,19,,155448,24,,,0,28,,155446,24,,,0
683700,'2_merged_15524982',2532,,155455,24,,,0,22,,155460,24,,,0,54,,155454,24,,,0,19,,155459,24,,,0,20,,155456,24,,,0,70,,155458,24,,,0,12,,155457,24,,,0,74,,155453,24,,,0
683700,'3_merged_15524981',716,,155473,18,,,0,39,,155474,18,0,50 51,0,73,,155475,18,0,50 51,0,1576,,155466,24,,,0,34,,155465,24,,,0,68,,155464,24,,,0,42,,155463,24,,,0,69,,155462,24,,,0,21,,155469,24,,,0,88,,155468,24,,,0,27,,155467,24,,,0
3679901,'1_merged_15524980',604,,169755,18,,,0,30,,169754,18,,,0,14,,169753,18,,,0,10,,169752,18,,,0,71,,169751,18,,,0,16,,169757,18,,,0,56,,169756,18,,,0,13,,169750,18,,,0,13,,169749,18,,,0,22,,169748,18,,,0,52,,169747,18,,,0,17,,169746,18,,,0,18,,169745,18,,,0,69,,169744,18,,,0,26,,169743,18,,,0,20,,169742,18,,,0,71,,169741,18,,,0,27,,169740,18,,,0,67,,169739,18,,,0,30,,169738,18,,,0,73,,169737,18,,,0,31,,169736,18,,,0,69,,169735,18,,,0,31,,169734,18,,,0,68,,169733,18,,,0,25,,169732,18,,,0,65,,169731,18,,,0,13,,169730,18,,,0,17,,169729,18,,,0,13,,169728,18,,,0,59,,169727,18,,,0,10,,169726,18,,,0,13,,169725,18,,,0,11,,169724,18,,,0,11,,169723,18,,,0,51,,169722,18,,,0,5,,169721,18,,,0,11,,169720,18,,,0,17,,169719,18,,,0,16,,169718,18,,,0,56,,169717,18,,,0,21,,169716,18,,,0,68,,169715,18,,,0,57,,169714,18,,,0,96,,169713,18,,,0,103,,169712,18,,,0,97,,169711,18,,,0,100,,169710,18,,,0
3679901,'2_merged_15524982',622,,169789,18,,,0,30,,169785,18,,,0,70,,169784,18,,,0,31,,169790,18,,,0,70,,169788,18,,,0,30,,169787,18,,,0,71,,169786,18,,,0,28,,169783,18,,,0,71,,169782,18,,,0,31,,169781,18,,,0,71,,169780,18,,,0,33,,169779,18,,,0,66,,169778,18,,,0,31,,169777,18,,,0,70,,169776,18,,,0,30,,169775,18,,,0,69,,169774,18,,,0,29,,169773,18,,,0,70,,169772,18,,,0,31,,169771,18,,,0,70,,169770,18,,,0,30,,169769,18,,,0,69,,169768,18,,,0,31,,169767,18,,,0,70,,169766,18,,,0,30,,169765,18,,,0,71,,169764,18,,,0,26,,169763,18,,,0,100,,169762,18,,,0,99,,169761,18,,,0,103,,169759,18,,,0,100,,169760,18,,,0,100,,169758,18,,,0
3679901,'3_merged_15524981',848,,169816,18,,,0,102,,169815,18,,,0,100,,169814,18,,,0,72,,169799,18,,,0,32,,169813,18,,,0,68,,169791,18,,,0,32,,169812,18,,,0,70,,169798,18,,,0,30,,169811,18,,,0,68,,169797,18,,,0,32,,169810,18,,,0,70,,169796,18,,,0,30,,169809,18,,,0,70,,169795,18,,,0,29,,169808,18,,,0,71,,169794,18,,,0,30,,169807,18,,,0,70,,169793,18,,,0,30,,169806,18,,,0,76,,169792,18,,,0,22,,169805,18,,,0,101,,169804,18,,,0,99,,169803,18,,,0,99,,169802,18,,,0,105,,169801,18,,,0,96,,169800,18,,,0
