672101,'1_merged_15524980',509,,146442,9,,,0,18,,146445,9,,,0,15,,146440,9,,,0,13,,146447,9,,,0,53,,146446,9,,,0,16,,146444,9,,,0,13,,146448,9,,,0,69,,146443,9,,,0,40,,146441,9,,,0
681600,'1_merged_15524980',722,,153295,29,,,0,100,,153294,29,,,0,100,,153293,29,,,0,100,,153292,29,,,0,100,,153291,29,,,0,100,,153290,29,,,0,100,,153289,29,,,0,100,,153288,29,,,0,100,,153286,29,,,0,100,,153285,29,,,0,100,,153284,29,,,0,100,,153283,29,,,0,100,,153282,29,,,0,100,,153281,29,,,0,100,,153287,29,,,0
681600,'2_merged_15524982',922,,153296,29,,,0,100,,153297,29,,,0,100,,153298,29,,,0,100,,153299,29,,,0,100,,153300,29,,,0,100,,153301,29,,,0,100,,153302,29,,,0,100,,153303,29,,,0,100,,153304,29,,,0,100,,153305,29,,,0,100,,153306,29,,,0,100,,153307,29,,,0,100,,153308,29,,,0
681600,'3_merged_15524981',922,,153311,29,,,0,100,,153310,29,,,0,100,,153309,29,,,0,100,,153318,29,,,0,100,,153317,29,,,0,100,,153316,29,,,0,100,,153315,29,,,0,100,,153314,29,,,0,100,,153313,29,,,0,100,,153312,29,,,0
1169201,'101_merged_15524987',1558,,157490,9,,,0
1169201,'1_merged_15524980',605,,157517,9,,,0,20,,157516,9,,,0,20,,157521,9,,,0,61,,157515,9,,,0,21,,157514,9,,,0,17,,157536,9,,,0,57,,157513,9,,,0,16,,157522,9,,,0,15,,157512,9,,,0,15,,157537,9,,,0,55,,157523,9,,,0,15,,157511,9,,,0,18,,157510,9,,,0,20,,157525,9,,,0,60,,157509,9,,,0,20,,157508,9,,,0,20,,157524,9,,,0,60,,157507,9,,,0,20,,157526,9,,,0,20,,157506,9,,,0,61,,157505,9,,,0,20,,157527,9,,,0,20,,157504,9,,,0,60,,157503,9,,,0,20,,157528,9,,,0,20,,157502,9,,,0,61,,157501,9,,,0,20,,157529,9,,,0,20,,157500,9,,,0,61,,157499,9,,,0,20,,157530,9,,,0,80,,157519,9,,,0,16,,157533,9,,,0,15,,157498,9,,,0,55,,157534,9,,,0,15,,157497,9,,,0,15,,157496,9,,,0,17,,157531,9,,,0,55,,157535,9,,,0,14,,157518,9,,,0,16,,157532,9,,,0,15,,157495,9,,,0,70,,157494,9,,,0,30,,157493,9,,,0,70,,157491,9,,,0,30,,157492,9,,,0,72,,157520,9,,,0,100,,157538,9,,,0,101,,157539,9,,,0,98,,157540,9,,,0
1169201,'201',1558,,157541,9,,,0
1169201,'2_merged_15524982',700,,157542,9,,,0,24,,157568,9,,,0,21,,157543,9,,,0,60,,157544,9,,,0,20,,157569,9,,,0,20,,157567,9,,,0,60,,157545,9,,,0,20,,157570,9,,,0,20,,157546,9,,,0,60,,157547,9,,,0,20,,157571,9,,,0,20,,157548,9,,,0,59,,157549,9,,,0,20,,157572,9,,,0,19,,157550,9,,,0,59,,157551,9,,,0,20,,157573,9,,,0,20,,157552,9,,,0,60,,157553,9,,,0,20,,157574,9,,,0,20,,157554,9,,,0,60,,157555,9,,,0,21,,157575,9,,,0,20,,157556,9,,,0,60,,157557,9,,,0,21,,157576,9,,,0,20,,157560,9,,,0,60,,157558,9,,,0,20,,157577,9,,,0,19,,157559,9,,,0,60,,157561,9,,,0,20,,157578,9,,,0,19,,157562,9,,,0,60,,157563,9,,,0,20,,157583,9,,,0,21,,157564,9,,,0,70,,157565,9,,,0,30,,157566,9,,,0,100,,157579,9,,,0,100,,157580,9,,,0,98,,157581,9,,,0,98,,157582,9,,,0
1169201,'3_merged_15524981',757,,157585,9,,,0,70,,157586,9,,,0,31,,157587,9,,,0,70,,157588,9,,,0,30,,157589,9,,,0,70,,157590,9,,,0,31,,157591,9,,,0,70,,157592,9,,,0,30,,157593,9,,,0,70,,157607,9,,,0,30,,157594,9,,,0,70,,157595,9,,,0,71,,157596,9,,,0,26,,157584,9,,,0,21,,157608,9,,,0,60,,157597,9,,,0,20,,157598,9,,,0,20,,157609,9,,,0,60,,157599,9,,,0,20,,157600,9,,,0,20,,157610,9,,,0,60,,157601,9,,,0,26,,157602,9,,,0,70,,157611,9,,,0,30,,157603,9,,,0,69,,157604,9,,,0,30,,157605,9,,,0,99,,157606,9,,,0,100,,157612,9,,,0,100,,157613,9,,,0,98,,157614,9,,,0
1870500,'1_merged_15524980',631,,159558,50,,,0,14,,159562,50,,,0,56,,159569,50,,,0,15,,159542,50,,,0,16,,159543,50,,,0,15,,159563,50,,,0,57,,159577,50,,,0,16,,159573,50,,,0,15,,159544,50,,,0,15,,159545,50,,,0,60,,159564,50,,,0,21,,159546,50,,,0,20,,159547,50,,,0,60,,159530,50,,,0,24,,159531,50,,,0,70,,159532,50,,,0,32,,159533,50,,,0,72,,159534,50,,,0,31,,159561,50,,,0,70,,159535,50,,,0,30,,159536,50,,,0,71,,159538,50,,,0,23,,159537,50,,,0,20,,159565,50,,,0,60,,159571,50,,,0,21,,159539,50,,,0,20,,159566,50,,,0,60,,159540,50,,,0,20,,159541,50,,,0,20,,159567,50,,,0,58,,159548,50,,,0,16,,159549,50,,,0,18,,159570,50,,,0,55,,159572,50,,,0,20,,159568,50,,,0,20,,159550,50,,,0,17,,159551,50,,,0,60,,159552,50,,,0,20,,159553,50,,,0,69,,159554,50,,,0,29,,159555,50,,,0,69,,159556,50,,,0,30,,159557,50,,,0,96,,159574,50,,,0,98,,159575,50,,,0,100,,159576,50,,,0
1870500,'2_merged_15524982',629,,159601,50,,,0,73,,159602,50,,,0,31,,159603,50,,,0,73,,159604,50,,,0,33,,159605,50,,,0,72,,159606,50,,,0,32,,159607,50,,,0,70,,159608,50,,,0,30,,159578,50,,,0,70,,159579,50,,,0,32,,159580,50,,,0,71,,159581,50,,,0,31,,159582,50,,,0,71,,159583,50,,,0,31,,159584,50,,,0,67,,159585,50,,,0,28,,159586,50,,,0,69,,159587,50,,,0,31,,159588,50,,,0,70,,159589,50,,,0,32,,159590,50,,,0,70,,159591,50,,,0,27,,159592,50,,,0,68,,159593,50,,,0,30,,159597,50,,,0,70,,159594,50,,,0,30,,159595,50,,,0,69,,159596,50,,,0,30,,159598,50,,,0,69,,159599,50,,,0,30,,159600,50,,,0,92,,159609,50,,,0,100,,159610,50,,,0,100,,159611,50,,,0
1870500,'3_merged_15524981',629,,159616,50,,,0,30,,159617,50,,,0,70,,159618,50,,,0,30,,159619,50,,,0,70,,159627,50,,,0,71,,159620,50,,,0,33,,159621,50,,,0,70,,159622,50,,,0,33,,159623,50,,,0,70,,159624,50,,,0,30,,159625,50,,,0,70,,159626,50,,,0,30,,159628,50,,,0,70,,159629,50,,,0,30,,159630,50,,,0,73,,159631,50,,,0,30,,159632,50,,,0,71,,159633,50,,,0,31,,159634,50,,,0,70,,159635,50,,,0,30,,159636,50,,,0,70,,159637,50,,,0,30,,159638,50,,,0,67,,159639,50,,,0,30,,159640,50,,,0,69,,159641,50,,,0,30,,159642,50,,,0,69,,159612,50,,,0,30,,159613,50,,,0,70,,159614,50,,,0,30,,159615,50,,,0,99,,159643,50,,,0,95,,159644,50,,,0,100,,159645,50,,,0
