674100,'101_merged_15288070',1527,,89946,30,,,0
674100,'1_merged_15288063',435,,89947,30,,,0,70,,89948,30,,,0,27,,89949,30,,,0,17,,89950,30,,,0,55,,89951,30,,,0,19,,89952,30,,,0,9,,89954,13,,,0,9,,89955,13,,,0,11,,89957,13,,,0,62,,89959,27,,,0,20,,89961,13,,,0,11,,89962,27,,,0,66,,89964,30,,,0,14,,89965,30,,,0,15,,89966,27,,,0,13,,89967,30,,,0,55,,89968,30,,,0,13,,89969,13,,,0,16,,89970,30,,,0,16,,89971,30,,,0,55,,89972,30,,,0,19,,89973,30,,,0,29,,89974,30,,,0,68,,89975,30,,,0,20,,90016,30,,,0,60,,89976,30,,,0,20,,89977,30,,,0,20,,90014,30,,,0,60,,89978,30,,,0,20,,90013,30,,,0,19,,89979,30,,,0,61,,90015,30,,,0,20,,89980,30,,,0,18,,89981,30,,,0,12,,89982,30,,,0,55,,89983,30,,,0,13,,89984,30,,,0,16,,89985,30,,,0,15,,89986,30,,,0,55,,89987,30,,,0,15,,89988,30,,,0,15,,89989,30,,,0,15,,89990,30,,,0,55,,89991,30,,,0,16,,89992,30,,,0,15,,89993,30,,,0,15,,89994,27,,,0,55,,89995,30,,,0,16,,89996,30,,,0,21,,89997,27,,,0,61,,89998,30,,,0,19,,89999,30,,,0,19,,90000,30,,,0,59,,90001,30,,,0,20,,90002,30,,,0,20,,90003,30,,,0,60,,90004,30,,,0,27,,90005,30,,,0,71,,90006,30,,,0,30,,90007,30,,,0,70,,90008,30,,,0,30,,90009,30,,,0,100,,90010,30,,,0,92,,90011,30,,,0
674100,'2_merged_15288065',438,,90062,30,,,0,104,,90061,30,,,0,105,,90060,30,,,0,70,,90059,30,,,0,22,,90067,30,,,0,62,,90058,30,,,0,22,,90056,30,,,0,20,,90068,30,,,0,61,,90055,30,,,0,21,,90054,30,,,0,20,,90069,30,,,0,61,,90053,30,,,0,20,,90057,30,,,0,22,,90070,30,,,0,61,,90052,30,,,0,21,,90051,30,,,0,20,,90023,30,,,0,60,,90050,30,,,0,20,,90049,30,,,0,20,,90022,30,,,0,60,,90048,30,,,0,20,,90047,30,,,0,20,,90021,30,,,0,60,,90046,30,,,0,20,,90045,30,,,0,20,,90020,30,,,0,62,,90032,30,,,0,21,,90031,30,,,0,20,,90019,30,,,0,57,,90044,30,,,0,16,,90063,30,,,0,15,,90043,30,,,0,15,,90018,30,,,0,55,,90042,30,,,0,15,,90064,30,,,0,15,,90041,30,,,0,15,,90017,30,,,0,55,,90024,30,,,0,15,,90065,30,,,0,15,,90040,30,,,0,60,,90039,30,,,0,20,,90038,30,,,0,20,,90066,30,,,0,60,,90037,30,,,0,20,,90036,30,,,0,32,,90035,30,,,0,68,,90034,30,,,0,30,,90026,30,,,0,70,,90033,30,,,0,30,,90025,30,,,0,78,,90030,30,,,0,97,,90029,30,,,0,108,,90028,30,,,0,123,,90027,30,,,0
674100,'3_merged_15288064',439,,90116,30,,,0,104,,90115,30,,,0,104,,90114,30,,,0,72,,90113,30,,,0,31,,90112,30,,,0,70,,90110,30,,,0,20,,90122,30,,,0,61,,90109,30,,,0,20,,90108,30,,,0,20,,90123,30,,,0,59,,90107,30,,,0,22,,90111,30,,,0,20,,90124,30,,,0,61,,90106,30,,,0,21,,90105,30,,,0,19,,90125,30,,,0,12,,90077,30,,,0,60,,90104,30,,,0,20,,90103,30,,,0,20,,90076,30,,,0,60,,90102,30,,,0,20,,90101,30,,,0,20,,90075,30,,,0,60,,90100,30,,,0,20,,90099,30,,,0,21,,90074,30,,,0,60,,90086,30,,,0,20,,90085,30,,,0,20,,90073,30,,,0,57,,90098,30,,,0,14,,90117,30,,,0,14,,90097,30,,,0,16,,90072,30,,,0,55,,90096,30,,,0,14,,90118,30,,,0,15,,90095,30,,,0,15,,90071,30,,,0,55,,90078,30,,,0,14,,90119,30,,,0,15,,90094,30,,,0,15,,90093,30,,,0,55,,90120,30,,,0,15,,90092,30,,,0,16,,90121,30,,,0,59,,90091,30,,,0,20,,90090,30,,,0,32,,90089,30,,,0,69,,90088,30,,,0,30,,90080,30,,,0,70,,90087,30,,,0,30,,90079,30,,,0,75,,90084,30,,,0,100,,90083,30,,,0,106,,90082,30,,,0,123,,90081,30,,,0
674501,'101_merged_15288070',1452,,90363,7,0,91 92,0
674501,'1_merged_15288063',1643,,90364,7,0,91 92,0,81,,90365,7,0,91 92,0,29,,90366,7,0,91 92,0,73,,90367,7,0,91 92,0,77,,90368,7,0,91 92,0
682301,'1_merged_15288063',748,,95018,7,,,0,70,,95002,7,,,0,30,,95003,7,,,0,70,,95004,7,,,0,29,,95005,7,,,0,70,,95006,7,,,0,30,,95007,7,,,0,70,,95008,7,,,0,30,,95009,7,,,0,70,,95011,7,,,0,31,,95012,7,,,0,70,,95013,7,,,0,25,,95014,7,,,0,70,,95015,7,,,0,45,,95010,7,,,0,65,,95016,7,,,0,25,,94998,7,,,0,70,,95017,7,,,0,30,,95019,7,,,0,70,,95020,7,,,0,29,,95000,7,,,0,70,,94999,7,,,0,30,,95001,7,,,0
682301,'2_merged_15288065',847,,95041,7,,,0,71,,95040,7,,,0,30,,95039,7,,,0,69,,95038,7,,,0,30,,95037,7,,,0,70,,95036,7,,,0,30,,95035,7,,,0,70,,95021,7,,,0,30,,95034,7,,,0,70,,95033,7,,,0,31,,95032,7,,,0,69,,95031,7,,,0,30,,95030,7,,,0,70,,95029,7,,,0,30,,95028,7,,,0,71,,95027,7,,,0,30,,95026,7,,,0,70,,95024,7,,,0,30,,95025,7,,,0,70,,95023,7,,,0,30,,95022,7,,,0
682301,'3_merged_15288064',848,,95042,7,,,0,80,,95043,7,,,0,79,,95044,7,,,0,40,,95045,7,,,0,80,,95046,7,,,0,80,,95047,7,,,0,41,,95048,7,,,0,80,,95049,7,,,0,79,,95050,7,,,0,40,,95051,7,,,0,80,,95052,7,,,0,80,,95053,7,,,0,40,,95054,7,,,0,80,,95055,7,,,0,80,,95056,7,,,0,40,,95057,7,,,0
1169600,'1_merged_15288063',600,,97635,31,,,0,29,,97636,31,,,0,30,,97637,31,,,0,72,,97638,31,,,0,72,,97639,31,,,0,30,,97640,31,,,0,71,,97641,31,,,0,30,,97642,31,,,0,68,,97661,31,,,0,32,,97643,31,,,0,70,,97662,31,,,0,30,,97644,31,,,0,70,,97663,31,,,0,30,,97645,31,,,0,70,,97664,31,,,0,30,,97646,31,,,0,70,,97665,31,,,0,30,,97647,31,,,0,70,,97666,31,,,0,32,,97648,31,,,0,70,,97667,31,,,0,30,,97649,31,,,0,68,,97650,31,,,0,27,,97651,31,,,0,70,,97652,31,,,0,30,,97653,31,,,0,70,,97654,31,,,0,30,,97655,31,,,0,70,,97668,31,,,0,20,,97656,31,,,0,79,,97669,31,,,0,30,,97657,31,,,0,70,,97670,31,,,0,30,,97658,31,,,0,70,,97671,31,,,0,30,,97659,31,,,0,70,,97672,31,,,0,30,,97660,31,,,0
1169600,'2_merged_15288065',722,,97673,31,,,0,29,,97700,31,,,0,70,,97674,31,,,0,35,,97675,31,,,0,67,,97676,31,,,0,30,,97699,31,,,0,71,,97677,31,,,0,30,,97678,31,,,0,70,,97679,31,,,0,31,,97680,31,,,0,70,,97681,31,,,0,30,,97682,31,,,0,70,,97683,31,,,0,30,,97684,31,,,0,70,,97685,31,,,0,29,,97686,31,,,0,72,,97687,31,,,0,31,,97688,31,,,0,69,,97689,31,,,0,29,,97690,31,,,0,69,,97691,31,,,0,29,,97692,31,,,0,70,,97693,31,,,0,30,,97694,31,,,0,70,,97701,31,,,0,30,,97695,31,,,0,68,,97696,31,,,0,30,,97702,31,,,0,70,,97697,31,,,0,30,,97703,31,,,0,70,,97698,31,,,0
1169600,'3_merged_15288064',755,,97727,31,,,0,70,,97704,31,,,0,32,,97705,31,,,0,70,,97728,31,,,0,29,,97706,31,,,0,71,,97707,31,,,0,25,,97708,31,,,0,70,,97709,31,,,0,31,,97710,31,,,0,70,,97711,31,,,0,30,,97712,31,,,0,70,,97713,31,,,0,30,,97714,31,,,0,70,,97715,31,,,0,30,,97716,31,,,0,70,,97717,31,,,0,30,,97718,31,,,0,70,,97719,31,,,0,29,,97720,31,,,0,70,,97721,31,,,0,29,,97722,31,,,0,70,,97723,31,,,0,30,,97729,31,,,0,70,,97724,31,,,0,30,,97730,31,,,0,70,,97725,31,,,0,30,,97731,31,,,0,70,,97726,31,,,0
