667201,'101_merged_15291802',1527,,77039,12,0,11 12,0,73,,77038,22,,,0
667201,'1_merged_15291795',541,,77059,22,,,0,72,,77050,22,,,0,17,,77058,22,,,0,15,,77045,22,,,0,55,,77055,22,,,0,9,,77082,22,,,0,9,,77078,22,,,0,9,,77074,22,,,0,13,,77071,22,,,0,12,,77076,22,,,0,53,,77077,22,,,0,14,,77073,22,,,0,15,,77043,22,,,0,17,,77041,22,,,0,51,,77070,22,,,0,11,,77040,22,,,0,14,,77068,22,,,0,20,,77047,22,,,0,65,,77042,22,,,0,30,,77044,22,,,0,70,,77064,22,,,0,29,,77072,22,,,0,69,,77067,22,,,0,29,,77054,22,,,0,66,,77053,22,,,0,38,,77052,22,,,0,69,,77046,22,,,0,28,,77051,22,,,0,74,,77048,22,,,0,28,,77081,22,,,0,10,,77080,22,,,0,69,,77079,22,,,0,15,,77060,22,,,0,21,,77066,22,,,0,52,,77065,22,,,0,20,,77069,22,,,0,18,,77057,22,,,0,54,,77063,22,,,0,16,,77062,22,,,0,14,,77061,22,,,0,19,,77056,22,,,0,61,,77049,22,0,11 12,0,10,,77075,22,,,0
667201,'2_merged_15291797',644,,77093,22,,,0,70,,77092,22,,,0,30,,77087,22,,,0,70,,77090,22,,,0,30,,77085,22,,,0,70,,77096,22,,,0,30,,77083,22,,,0,69,,77100,22,,,0,29,,77099,22,,,0,69,,77095,22,,,0,28,,77106,22,,,0,73,,77094,22,,,0,30,,77105,22,,,0,71,,77098,22,,,0,30,,77089,22,,,0,60,,77104,22,,,0,20,,77110,22,,,0,20,,77111,22,,,0,61,,77112,22,,,0,20,,77086,22,,,0,20,,77103,22,,,0,62,,77097,22,,,0,19,,77107,22,,,0,19,,77108,22,,,0,60,,77109,22,,,0,21,,77102,22,,,0,18,,77084,22,,,0,62,,77113,22,,,0,20,,77091,22,,,0,20,,77114,22,,,0,61,,77101,22,,,0,17,,77115,22,,,0
667201,'3_merged_15291796',713,,77141,22,,,0,30,,77140,22,,,0,70,,77121,22,,,0,30,,77123,22,,,0,70,,77134,22,,,0,29,,77124,22,,,0,70,,77130,22,,,0,29,,77126,22,,,0,71,,77133,22,,,0,28,,77128,22,,,0,71,,77119,22,,,0,30,,77129,22,,,0,70,,77137,22,,,0,30,,77127,22,,,0,71,,77122,22,,,0,30,,77118,22,,,0,70,,77136,22,,,0,30,,77135,22,,,0,70,,77131,22,,,0,29,,77139,22,,,0,71,,77132,22,,,0,30,,77120,22,,,0,71,,77125,22,,,0,30,,77138,22,,,0,70,,77116,22,,,0
667301,'101_merged_15291802',1524,,77259,27,0,11 12,0,11,,77260,19,0,11 12,0,76,,77258,27,0,11 12,0
667301,'1_merged_15291795',538,,77296,27,0,11 12,0,71,,77273,27,0,11 12,0,36,,77272,27,,,0,9,,77286,27,,,0,49,,77298,27,,,0,15,,77304,27,,,0,11,,77292,27,,,0,19,,77263,27,,,0,60,,77285,27,,,0,18,,77281,27,,,0,17,,77269,27,0,11 12,0,11,,77302,27,,,0,55,,77280,27,0,11 12,0,22,,77303,27,,,0,10,,77267,27,,,0,67,,77266,27,,,0,23,,77265,27,,,0,27,,77289,27,,,0,70,,77290,27,,,0,72,,77288,27,,,0,28,,77279,27,,,0,28,,77287,27,,,0,72,,77291,27,,,0,31,,77271,27,,,0,71,,77276,27,,,0,24,,77268,27,,,0,80,,77293,27,,,0,23,,77299,27,,,0,66,,77284,27,,,0,34,,77277,27,,,0,75,,77295,27,,,0,9,,77264,27,,,0,64,,77300,27,,,0,19,,77283,27,0,11 12,0,22,,77282,27,0,11 12,0,58,,77301,27,0,11 12,0,37,,77274,27,0,11 12,0,69,,77305,27,0,11 12,0,31,,77294,27,0,11 12,0,71,,77306,26,0,11 12,0,29,,77261,26,0,11 12,0,100,,77270,26,0,11 12,0,98,,77262,26,0,11 12,0,101,,77297,26,0,11 12,0,71,,77275,26,0,11 12,0,90,,77278,26,0,11 12,0
667301,'2_merged_15291797',634,,77307,27,0,11 12,0,74,,77308,27,0,11 12,0,104,,77309,27,0,11 12,0,114,,77310,27,,,0,29,,77311,27,,,0,74,,77312,27,,,0,71,,77335,27,,,0,25,,77313,27,,,0,30,,77331,27,,,0,75,,77314,27,,,0,73,,77315,27,,,0,24,,77337,27,,,0,32,,77332,27,,,0,71,,77316,27,,,0,71,,77336,27,,,0,34,,77317,27,,,0,75,,77333,27,,,0,26,,77318,27,,,0,72,,77319,27,,,0,29,,77320,27,,,0,75,,77334,27,0,11 12,0,27,,77328,27,0,11 12,0,69,,77329,27,0,11 12,0,30,,77321,27,0,11 12,0,71,,77338,27,0,11 12,0,30,,77322,27,0,11 12,0,71,,77339,27,0,11 12,0,31,,77323,26,0,11 12,0,70,,77340,26,0,11 12,0,28,,77324,26,0,11 12,0,71,,77341,26,0,11 12,0,27,,77325,26,0,11 12,0,100,,77326,26,0,11 12,0,70,,77330,26,0,11 12,0,101,,77327,26,0,11 12,0
667301,'3_merged_15291796',740,,77342,27,0,11 12,0,100,,77343,27,0,11 12,0,86,,77358,27,,,0,75,,77362,27,,,0,29,,77344,27,,,0,72,,77363,27,,,0,25,,77345,27,,,0,32,,77364,27,,,0,69,,77346,27,,,0,31,,77365,27,,,0,71,,77347,27,,,0,72,,77366,27,,,0,29,,77348,27,,,0,72,,77367,27,,,0,31,,77349,27,,,0,70,,77368,27,,,0,30,,77350,27,,,0,70,,77359,27,,,0,35,,77361,27,0,11 12,0,75,,77360,27,0,11 12,0,33,,77372,27,0,11 12,0,70,,77369,27,0,11 12,0,30,,77371,27,0,11 12,0,68,,77351,27,0,11 12,0,29,,77370,27,0,11 12,0,70,,77352,27,0,11 12,0,29,,77373,26,0,11 12,0,70,,77353,26,0,11 12,0,33,,77374,26,0,11 12,0,71,,77354,26,0,11 12,0,96,,77355,26,0,11 12,0,101,,77356,26,0,11 12,0,99,,77357,26,0,11 12,0
1671701,'1_merged_15291795',1949,,98157,22,,,0,69,,98156,22,,,0,26,,98155,22,,,0,70,,98168,22,,,0,30,,98167,22,,,0,70,,98166,22,,,0,30,,98165,22,,,0,66,,98164,22,,,0,34,,98163,22,,,0,70,,98162,22,,,0,31,,98158,22,0,11 12,0,11,,98161,22,0,11 12,0,98,,98160,22,0,11 12,0
1671701,'2_merged_15291797',1941,,98171,22,,,0,69,,98170,22,,,0,29,,98169,22,,,0,70,,98181,22,,,0,31,,98180,22,,,0,70,,98179,22,,,0,30,,98178,22,,,0,70,,98177,22,,,0,30,,98176,22,,,0,69,,98175,22,,,0,20,,98182,22,0,11 12,0,28,,98174,22,0,11 12,0,99,,98173,22,0,11 12,0
1671701,'3_merged_15291796',1943,,98183,22,,,0,70,,98196,22,,,0,30,,98195,22,,,0,70,,98194,22,,,0,30,,98193,22,,,0,69,,98192,22,,,0,28,,98191,22,,,0,70,,98190,22,,,0,30,,98189,22,,,0,69,,98188,22,,,0,30,,98187,22,0,11 12,0,20,,98186,22,0,11 12,0,92,,98185,22,,,0
2263901,'1_merged_15291795',630,,100215,20,,,0,70,,100216,20,,,0,30,,100217,20,,,0,27,,100218,20,,,0,73,,100219,20,,,0,27,,100220,20,,,0,70,,100221,20,,,0,30,,100222,20,,,0,70,,100223,20,,,0,30,,100224,20,,,0,70,,100225,20,,,0,30,,100226,20,,,0,70,,100227,20,,,0,30,,100228,20,,,0,70,,100229,20,,,0,30,,100230,20,,,0,70,,100231,20,,,0,30,,100232,20,,,0,70,,100233,20,,,0,73,,100234,20,,,0,30,,100235,20,,,0,70,,100236,20,,,0,33,,100237,20,,,0,67,,100238,20,,,0,28,,100239,20,,,0,28,,100240,20,,,0,70,,100241,20,,,0,30,,100242,20,,,0,100,,100243,20,,,0
2263901,'2_merged_15291797',656,,100244,20,,,0,70,,100245,20,,,0,30,,100246,20,,,0,67,,100247,20,,,0,30,,100248,20,,,0,70,,100249,20,,,0,30,,100250,20,,,0,73,,100251,20,,,0,30,,100252,20,,,0,70,,100253,20,,,0,30,,100254,20,,,0,70,,100255,20,,,0,15,,100256,20,,,0,14,,100257,20,,,0,55,,100258,20,,,0,15,,100259,20,,,0,15,,100260,20,,,0,15,,100261,20,,,0,55,,100262,20,,,0,15,,100263,20,,,0,15,,100264,20,,,0,15,,100265,20,,,0,55,,100266,20,,,0,15,,100267,20,,,0,15,,100268,20,,,0,16,,100269,20,,,0,55,,100270,20,,,0,16,,100271,20,,,0,15,,100272,20,,,0,15,,100273,20,,,0,55,,100274,20,,,0,15,,100275,20,,,0,15,,100276,20,,,0,14,,100277,20,,,0,55,,100278,20,,,0,15,,100279,20,,,0,15,,100280,20,,,0,15,,100281,20,,,0,55,,100282,20,,,0,15,,100283,20,,,0,15,,100284,20,,,0,15,,100285,20,,,0,100,,100286,20,,,0
2263901,'3_merged_15291796',828,,100287,20,,,0,27,,100288,20,,,0,70,,100289,20,,,0,30,,100290,20,,,0,70,,100291,20,,,0,30,,100292,20,,,0,70,,100293,20,,,0,30,,100294,20,,,0,70,,100295,20,,,0,15,,100296,20,,,0,15,,100297,20,,,0,55,,100298,20,,,0,15,,100299,20,,,0,15,,100300,20,,,0,15,,100301,20,,,0,55,,100302,20,,,0,15,,100303,20,,,0,15,,100304,20,,,0,15,,100305,20,,,0,55,,100306,20,,,0,15,,100307,20,,,0,15,,100308,20,,,0,14,,100309,20,,,0,55,,100310,20,,,0,15,,100311,20,,,0,15,,100312,20,,,0,15,,100313,20,,,0,55,,100314,20,,,0,15,,100315,20,,,0,15,,100316,20,,,0,15,,100317,20,,,0,55,,100318,20,,,0,15,,100319,20,,,0,15,,100320,20,,,0,15,,100321,20,,,0,55,,100322,20,,,0,15,,100323,20,,,0,17,,100324,20,,,0,15,,100325,20,,,0,100,,100326,20,,,0
3930701,'1_merged_15291795',606,,112572,8,,,0,18,,112573,8,,,0,16,,112574,8,,,0,15,,112575,8,,,0,58,,112576,8,,,0,9,,112577,8,,,0,10,,112578,8,,,0,9,,112579,8,,,0,10,,112580,8,,,0,50,,112581,8,,,0,9,,112582,8,,,0,6,,112583,8,,,0,5,,112584,8,,,0,5,,112585,8,,,0,6,,112586,8,,,0,9,,112587,8,,,0,6,,112588,8,,,0,5,,112589,8,,,0,6,,112590,8,,,0,46,,112591,8,,,0,5,,112592,8,,,0,9,,112673,8,,,0,5,,112593,8,,,0,5,,112594,8,,,0,11,,112595,8,,,0,10,,112596,8,,,0,10,,112597,8,,,0,50,,112598,8,,,0,10,,112599,8,,,0,10,,112600,8,,,0,9,,112601,8,,,0,10,,112602,8,,,0,10,,112603,8,,,0,51,,112604,8,,,0,10,,112605,8,,,0,10,,112606,8,,,0,9,,112607,8,,,0,10,,112608,8,,,0,10,,112609,8,,,0,50,,112610,8,,,0,10,,112611,8,,,0,10,,112612,8,,,0,10,,112613,8,,,0,10,,112614,8,,,0,10,,112615,8,,,0,50,,112616,8,,,0,10,,112617,8,,,0,10,,112618,8,,,0,10,,112619,8,,,0,10,,112620,8,,,0,10,,112621,8,,,0,50,,112622,8,,,0,10,,112623,8,,,0,10,,112624,8,,,0,9,,112625,8,,,0,12,,112626,8,,,0,9,,112627,8,,,0,51,,112628,8,,,0,10,,112629,8,,,0,10,,112630,8,,,0,10,,112631,8,,,0,10,,112632,8,,,0,10,,112633,8,,,0,50,,112634,8,,,0,10,,112635,8,,,0,10,,112636,8,,,0,10,,112637,8,,,0,10,,112638,8,,,0,10,,112639,8,,,0,50,,112640,8,,,0,10,,112641,8,,,0,10,,112642,8,,,0,10,,112643,8,,,0,9,,112644,8,,,0,11,,112645,8,,,0,52,,112646,8,,,0,10,,112647,8,,,0,8,,112648,8,,,0,5,,112649,8,,,0,11,,112650,8,,,0,14,,112651,8,,,0,55,,112652,8,,,0,15,,112653,8,,,0,15,,112654,8,,,0,15,,112655,8,,,0,55,,112656,8,,,0,15,,112657,8,,,0,14,,112658,8,,,0,16,,112659,8,,,0,54,,112660,8,,,0,15,,112661,8,,,0,14,,112662,8,,,0,16,,112663,8,,,0,55,,112664,8,,,0,12,,112665,8,,,0,18,,112666,8,,,0,69,,112667,8,,,0,30,,112668,8,,,0,70,,112669,8,,,0,30,,112670,8,,,0,70,,112671,8,,,0,30,,112672,8,,,0
3930701,'2_merged_15291797',645,,112674,8,,,0,71,,112675,8,,,0,30,,112676,8,,,0,70,,112677,8,,,0,30,,112678,8,,,0,70,,112679,8,,,0,30,,112680,8,,,0,70,,112681,8,,,0,31,,112682,8,,,0,69,,112683,8,,,0,29,,112684,8,,,0,72,,112685,8,,,0,30,,112686,8,,,0,68,,112687,8,,,0,31,,112688,8,,,0,70,,112689,8,,,0,29,,112690,8,,,0,69,,112691,8,,,0,31,,112692,8,,,0,72,,112693,8,,,0,29,,112694,8,,,0,70,,112695,8,,,0,30,,112696,8,,,0,70,,112697,8,,,0,30,,112698,8,,,0,71,,112699,8,,,0,29,,112700,8,,,0,70,,112701,8,,,0,30,,112702,8,,,0,70,,112703,8,,,0,30,,112704,8,,,0,70,,112705,8,,,0,29,,112706,8,,,0,71,,112707,8,,,0,30,,112708,8,,,0,71,,112709,8,,,0,31,,112710,8,,,0,67,,112711,8,,,0,29,,112712,8,,,0
3930701,'3_merged_15291796',814,,112713,8,,,0,30,,112714,8,,,0,72,,112715,8,,,0,30,,112716,8,,,0,70,,112717,8,,,0,28,,112718,8,,,0,73,,112719,8,,,0,30,,112720,8,,,0,70,,112721,8,,,0,30,,112722,8,,,0,70,,112723,8,,,0,30,,112724,8,,,0,70,,112725,8,,,0,30,,112726,8,,,0,68,,112727,8,,,0,32,,112728,8,,,0,70,,112729,8,,,0,30,,112730,8,,,0,67,,112731,8,,,0,30,,112732,8,,,0,70,,112733,8,,,0,29,,112734,8,,,0,71,,112735,8,,,0,30,,112736,8,,,0,70,,112737,8,,,0,31,,112738,8,,,0,70,,112739,8,,,0,31,,112740,8,,,0,72,,112741,8,,,0,27,,112742,8,,,0,74,,112743,8,,,0,25,,112744,8,,,0,71,,112745,8,,,0,30,,112746,8,,,0,69,,112747,8,,,0,30,,112748,8,,,0
