674900,'101_merged_15291802',739,,90976,36,0,62 63 64,0,68,,90977,18,,,0,5,,90976,56,0,62 63 64,0
674900,'1_merged_15291795',552,,91041,36,,,0,53,,91042,36,,,0,17,,91043,36,,,0,17,,91044,36,,,0,19,,91045,36,,,0,54,,91046,36,,,0,18,,91047,36,,,0,74,,91048,36,,,0,43,,90987,36,,,0,68,,91033,36,,,0,29,,91035,36,,,0,67,,91038,36,,,0,33,,91040,36,,,0,70,,91013,36,,,0,30,,91015,36,,,0,71,,91017,36,,,0,32,,91019,36,,,0,70,,91021,36,,,0,30,,91023,36,,,0,68,,91025,36,,,0,99,,91027,36,,,0,15,,91028,36,,,0,15,,91029,36,,,0,13,,91030,36,,,0,57,,91031,36,,,0,15,,90979,36,,,0,16,,90985,36,,,0,63,,91007,36,,,0,6,,90989,36,,,0,21,,90978,36,,,0,5,,91008,36,,,0,62,,91009,36,,,0,7,,91010,36,,,0,15,,91011,36,,,0,17,,91012,36,,,0,7,,90986,36,,,0,59,,90980,36,,,0,9,,90990,36,,,0,16,,90991,36,,,0,15,,91002,36,,,0,56,,91003,36,,,0,13,,91004,36,,,0,30,,91006,36,,,0,55,,90984,36,,,0,14,,90981,36,,,0,28,,90995,36,,,0,70,,90996,36,,,0,28,,90997,36,,,0,70,,90982,36,,,0,29,,90999,36,,,0,70,,90993,36,,,0,25,,90998,36,,,0,70,,90983,36,,,0
674900,'2_merged_15291797',638,,91053,36,,,0,70,,91054,36,,,0,29,,91055,36,,,0,15,,91056,36,,,0,70,,91058,36,,,0,26,,91060,36,,,0,71,,91062,36,,,0,34,,91064,36,,,0,72,,91066,36,,,0,28,,91068,36,,,0,73,,91070,36,,,0,30,,91072,36,,,0,71,,91074,36,,,0,32,,91076,36,,,0,67,,91078,36,,,0,32,,91080,36,,,0,67,,91082,36,,,0,30,,91084,36,,,0,72,,91086,36,,,0,31,,91088,36,,,0,72,,91090,36,,,0,26,,91092,36,,,0,67,,91094,36,,,0,29,,91096,36,,,0,71,,91098,36,,,0,31,,91100,36,,,0,55,,91101,36,,,0,13,,91102,36,,,0,20,,91103,36,,,0,60,,91104,36,,,0,17,,91105,36,,,0,22,,91106,36,,,0,60,,91107,36,,,0,19,,91108,36,,,0,25,,91109,36,,,0,70,,91110,36,,,0,28,,91111,36,,,0,70,,91112,36,,,0,26,,91113,36,,,0,70,,91114,36,,,0,29,,91115,36,,,0,70,,91116,36,,,0
674900,'3_merged_15291796',642,,91147,36,,,0,72,,91146,36,,,0,23,,91152,36,,,0,71,,91151,36,,,0,32,,91162,36,,,0,70,,91160,36,,,0,34,,91158,36,,,0,72,,91181,36,,,0,31,,91156,36,,,0,69,,91154,36,,,0,24,,91150,36,,,0,73,,91148,36,,,0,32,,91122,36,,,0,71,,91120,36,,,0,27,,91118,36,,,0,64,,91179,36,,,0,36,,91177,36,,,0,70,,91175,36,,,0,29,,91172,36,,,0,70,,91170,36,,,0,31,,91168,36,,,0,71,,91166,36,,,0,29,,91164,36,,,0,70,,91145,36,,,0,34,,91143,36,,,0,70,,91141,36,,,0,25,,91139,36,,,0,70,,91137,36,,,0,30,,91134,36,,,0,66,,91132,36,,,0,20,,91131,36,,,0,20,,91130,36,,,0,71,,91129,36,,,0,31,,91128,36,,,0,70,,91127,36,,,0,28,,91126,36,,,0,70,,91125,36,,,0,29,,91124,36,,,0
674900,'701_merged_15291789',1459,,91183,36,,,0
674900,'801_merged_15291807',1454,,91184,36,,,0
680500,'1_merged_15291795',656,,92727,3,,,0,200,,92726,3,,,0,200,,92725,3,,,0,201,,92724,3,,,0,269,,92723,3,,,0,175,,92722,3,,,0,157,,92728,3,,,0
680500,'2_merged_15291797',856,,92731,3,,,0,200,,92732,3,,,0,200,,92733,3,,,0,200,,92734,3,,,0,198,,92729,3,,,0,202,,92730,3,,,0
3182100,'101_merged_15291802',742,,105877,4,,,0,772,,105876,4,,,0,143,,105874,8,,,0
3182100,'1_merged_15291795',506,,105896,4,,,0,30,,105895,4,,,0,70,,105894,4,,,0,31,,105893,4,,,0,70,,105892,4,,,0,22,,105891,4,,,0,74,,105890,4,,,0,50,,105889,4,,,0,85,,105888,4,,,0,85,,105887,4,,,0,86,,105886,4,,,0,44,,105885,4,,,0,85,,105884,4,,,0,85,,105883,4,,,0,87,,105882,4,,,0,41,,105881,4,,,0,76,,105902,4,,,0,12,,105880,4,,,0,81,,105879,4,,,0,106,,105878,8,,,0,30,,105901,8,,,0,80,,105900,8,,,0,90,,105899,8,,,0,82,,105898,4,,,0,47,,105897,4,,,0
3182100,'2_merged_15291797',700,,105921,4,,,0,45,,105920,4,,,0,85,,105919,4,,,0,85,,105918,4,,,0,85,,105917,4,,,0,45,,105916,4,,,0,85,,105915,4,,,0,85,,105914,4,,,0,85,,105913,4,,,0,45,,105912,4,,,0,84,,105911,4,,,0,85,,105922,4,,,0,45,,105910,4,,,0,85,,105909,4,,,0,85,,105908,4,,,0,85,,105907,4,,,0,45,,105906,4,,,0,85,,105905,4,,,0,85,,105904,4,,,0,85,,105903,4,,,0
3182100,'3_merged_15291796',748,,105936,4,,,0,87,,105935,4,,,0,85,,105934,4,,,0,85,,105933,4,,,0,45,,105932,4,,,0,85,,105931,4,,,0,85,,105930,4,,,0,85,,105929,4,,,0,45,,105928,4,,,0,85,,105927,4,,,0,85,,105926,4,,,0,85,,105925,4,,,0,45,,105924,4,,,0,85,,105923,4,,,0,85,,105941,4,,,0,85,,105940,4,,,0,43,,105939,4,,,0,85,,105938,4,,,0,85,,105937,4,,,0
