'101',666701,90320,4,'',0
'1merged14251977',666701,52030,4,'',0,2000,4,'',0,6200,4,'',0,2500,4,'',0,2000,4,'',0,5900,4,'',0,1000,4,'',0,1000,4,'',0,1200,4,'',0,1390,4,'',0,5600,4,'',0,2200,4,'',0,1200,4,'',0,7600,4,'',0,1200,4,'',0,1400,4,'',0,1100,4,'',0,5500,4,'',0,1500,4,'',0,1500,4,'',0,1800,4,'',0,5500,4,'',0,1700,4,'',0,1600,4,'',0,1200,4,'',0,5400,4,'',0,1500,4,'',0,1500,4,'',0,1700,4,'',0,5500,4,'',0,1500,4,'',0,1500,4,'',0,6000,4,'',0,1500,4,'',0,1200,4,'',0,1500,4,'',0,5700,4,'',0,1600,4,'',0,1400,4,'',0,1700,4,'',0,5500,4,'',0,1400,4,'',0,1500,4,'',0,1500,4,'',0,5500,4,'',0,1500,4,'',0,1500,4,'',0,1300,4,'',0,1200,4,'',0,5100,4,'',0,1800,4,'',0,1500,4,'',0,1500,4,'',0,5500,4,'',0,1410,4,'',0,1300,4,'',0,1400,4,'',0,5500,4,'',0,1500,4,'',0,1500,4,'',0,1500,4,'',0,5500,4,'',0,1900,4,'',0,1400,4,'',0,5900,4,'',0,2800,4,'',0,2800,4,'',0,7200,4,'',0,3000,4,'',0,7000,4,'',0,2600,4,'',0,7000,4,'',0,3000,4,'',0
'201',666701,90320,4,'',0
'2merged14251979',666701,63230,4,'',0,7000,4,'',0,2000,4,'',0,2000,4,'',0,6500,4,'',0,1500,4,'',0,1500,4,'',0,1500,4,'',0,5400,4,'',0,1290,4,'',0,1000,4,'',0,1200,4,'',0,1700,4,'',0,5400,4,'',0,1400,4,'',0,1600,4,'',0,5800,4,'',0,1500,4,'',0,1600,4,'',0,1500,4,'',0,5700,4,'',0,1600,4,'',0,1500,4,'',0,1700,4,'',0,5400,4,'',0,1400,4,'',0,1800,4,'',0,1500,4,'',0,5300,4,'',0,1500,4,'',0,1500,4,'',0,1400,4,'',0,5500,4,'',0,1500,4,'',0,1500,4,'',0,1500,4,'',0,5500,4,'',0,1800,4,'',0,1100,4,'',0,1500,4,'',0,5500,4,'',0,1300,4,'',0,1400,4,'',0,1500,4,'',0,5720,4,'',0,1480,4,'',0,1300,4,'',0,2000,4,'',0,5510,4,'',0,1300,4,'',0,1000,4,'',0,1500,4,'',0,800,4,'',0,5500,4,'',0,1900,4,'',0,2000,4,'',0,5800,4,'',0,2800,4,'',0,2600,4,'',0,7200,4,'',0,2900,4,'',0,7200,4,'',0,7000,4,'',0,3000,4,'',0,2700,4,'',0,7000,4,'',0,2810,4,'',0
'3merged14251978',666701,74130,4,'',0,6000,4,'',0,1700,4,'',0,1700,4,'',0,1500,4,'',0,5400,4,'',0,1200,4,'',0,1600,4,'',0,1200,4,'',0,1490,4,'',0,5200,4,'',0,1000,4,'',0,1900,4,'',0,1500,4,'',0,5500,4,'',0,1500,4,'',0,1700,4,'',0,1600,4,'',0,5400,4,'',0,1500,4,'',0,1500,4,'',0,1700,4,'',0,5600,4,'',0,1300,4,'',0,1500,4,'',0,1500,4,'',0,5600,4,'',0,1500,4,'',0,1900,4,'',0,5500,4,'',0,1200,4,'',0,1500,4,'',0,1600,4,'',0,1300,4,'',0,5800,4,'',0,1500,4,'',0,1500,4,'',0,5600,4,'',0,1200,4,'',0,1500,4,'',0,1400,4,'',0,1310,4,'',0,5500,4,'',0,1600,4,'',0,1590,4,'',0,1500,4,'',0,5500,4,'',0,1700,4,'',0,910,4,'',0,1500,4,'',0,5500,4,'',0,1500,4,'',0,1900,4,'',0,6000,4,'',0,2900,4,'',0,6800,4,'',0,2600,4,'',0,7400,4,'',0,2500,4,'',0,3000,4,'',0,7000,4,'',0,3100,4,'',0
'1merged14251977',683801,251500,,'',0,2900,,'',0,7000,,'',0,3000,,'',0,8200,,'',0,1800,,'',0,6900,,'',0,4000,,'',0,7000,,'',0
'2merged14251979',683801,254500,,'',0,7000,,'',0,2800,,'',0,6000,,'',0,2600,,'',0,1400,,'',0,6000,,'',0,3000,,'',0,7000,,'',0,2900,,'',0
'3merged14251978',683801,254200,,'',0,7000,,'',0,3000,,'',0,8000,,'',0,1700,,'',0,7400,,'',0,3000,,'',0,8000,,'',0
'1merged14251977',3780701,51200,,'',0,2700,,'',0,1700,,'',0,4600,0,'Waterfront Sta',0,900,,'',0,300,0,'Waterfront Sta',0,800,,'',0,300,0,'Waterfront Sta',0,800,,'',0,400,0,'Waterfront Sta',0,400,,'',0,800,,'',0,810,,'',0,4490,,'',0,1100,,'',0,700,,'',0,200,0,'Waterfront Sta',0,530,,'',0,700,,'',0,170,,'',0,630,,'',0,700,,'',0,800,,'',0,4800,,'',0,880,,'',0,800,,'',0,390,,'',0,430,,'',0,800,,'',0,770,,'',0,700,,'',0,4700,,'',0,800,,'',0,800,,'',0,600,,'',0,900,,'',0,1200,,'',0,1200,,'',0,5200,,'',0,1200,,'',0,600,,'',0,1600,,'',0,1600,,'',0,5500,,'',0,1600,,'',0,1500,,'',0,1400,,'',0,5500,,'',0,1500,,'',0,1500,,'',0,1500,,'',0,5500,,'',0,1500,,'',0,1500,,'',0,1400,0,'Waterfront Sta',0,5600,,'',0,1000,,'',0,600,,'',0,1100,,'',0,900,,'',0,100,0,'Waterfront Sta',0,800,,'',0,4600,,'',0,1300,,'',0,700,,'',0,600,,'',0,500,,'',0,600,,'',0,300,,'',0,900,,'',0,500,,'',0,4300,,'',0,1000,,'',0,800,,'',0,500,0,'Waterfront Sta',0,200,,'',0,100,,'',0,600,,'',0,800,,'',0,800,,'',0,800,,'',0,4800,,'',0,800,,'',0,500,,'',0,700,,'',0,800,,'',0,500,,'',0,900,,'',0,1000,,'',0,4700,,'',0,800,,'',0,700,,'',0,700,,'',0,900,,'',0,1300,,'',0,5400,,'',0,1500,,'',0,1500,,'',0,1500,,'',0,5400,,'',0,1600,,'',0,1300,,'',0,1500,,'',0,1500,,'',0,5500,,'',0,1600,,'',0,1500,,'',0,5500,,'',0,1500,,'',0,1400,,'',0,1500,,'',0,1500,,'',0,5500,,'',0,1400,,'',0,1700,,'',0,6000,,'',0,2000,,'',0,2000,,'',0,6000,,'',0
'2merged14251979',3780701,50300,,'',0,2400,,'',0,8200,,'',0,1600,,'',0,1500,,'',0,1400,,'',0,5100,,'',0,1700,,'',0,1700,,'',0,1600,,'',0,5500,,'',0,1300,,'',0,1500,,'',0,1300,,'',0,600,,'',0,5400,,'',0,1600,,'',0,1500,,'',0,1500,,'',0,5500,,'',0,1600,,'',0,1500,,'',0,1600,,'',0,5500,,'',0,1400,,'',0,1400,,'',0,1500,,'',0,5500,,'',0,1800,,'',0,1500,,'',0,1300,,'',0,5500,,'',0,1800,,'',0,1200,,'',0,1500,,'',0,5500,,'',0,1800,,'',0,1500,,'',0,1000,,'',0,4500,,'',0,1500,,'',0,1800,,'',0,1400,,'',0,1000,,'',0,4200,,'',0,1500,,'',0,1500,,'',0,1200,,'',0,1200,,'',0,5200,,'',0,1200,,'',0,1200,,'',0,1200,,'',0,1200,,'',0,5200,,'',0,1100,,'',0,1100,,'',0,1200,,'',0,1300,,'',0,5000,,'',0,1200,,'',0,1200,,'',0,1200,,'',0,1200,,'',0,5200,,'',0,1200,,'',0,1100,,'',0,1200,,'',0,1200,,'',0,5200,,'',0,1200,,'',0,1200,,'',0,1200,,'',0,1200,,'',0,5200,,'',0,1200,,'',0,1000,,'',0,1500,,'',0,1500,,'',0,5500,,'',0,1500,,'',0,1900,,'',0,5700,,'',0,1700,,'',0,1600,,'',0,1700,,'',0,5800,,'',0,1700,,'',0
'3merged14251978',3780701,50000,,'',0,2900,,'',0,7800,,'',0,1600,,'',0,1700,,'',0,1500,,'',0,5300,,'',0,900,,'',0,1700,,'',0,1500,,'',0,5400,,'',0,1500,,'',0,1500,,'',0,1600,,'',0,5500,,'',0,1500,,'',0,1500,,'',0,1500,,'',0,5500,,'',0,1500,,'',0,1600,,'',0,1500,,'',0,5500,,'',0,1300,,'',0,1600,,'',0,1500,,'',0,5500,,'',0,1500,,'',0,1500,,'',0,1400,,'',0,5500,,'',0,1500,,'',0,1500,,'',0,1500,,'',0,5500,,'',0,1500,,'',0,1500,,'',0,1500,,'',0,5400,,'',0,1400,,'',0,1500,,'',0,900,,'',0,800,,'',0,5500,,'',0,1400,,'',0,1400,,'',0,1400,,'',0,200,,'',0,900,,'',0,5200,,'',0,1200,,'',0,1200,,'',0,1200,,'',0,1200,,'',0,5200,,'',0,1200,,'',0,1200,,'',0,1200,,'',0,1200,,'',0,5200,,'',0,1100,,'',0,1400,,'',0,1500,,'',0,5500,,'',0,1500,,'',0,1400,,'',0,1500,,'',0,5400,,'',0,1500,,'',0,1400,,'',0,1500,,'',0,5500,,'',0,1500,,'',0,1500,,'',0,1500,,'',0,5500,,'',0,1500,,'',0,1500,,'',0,1500,,'',0,5500,,'',0,1900,,'',0,1700,,'',0,2000,,'',0,6000,,'',0
