664601,'101_merged_15524987',826,,130947,2,,,0,681,,130946,2,0,41 8,0,44,,130945,2,,,0
664601,'1_merged_15524980',535,,130989,2,,,0,20,,130973,2,,,0,60,,130972,2,,,0,20,,130971,2,,,0,21,,130983,2,,,0,60,,130977,2,,,0,20,,130959,2,,,0,15,,130979,2,,,0,60,,130993,2,,,0,30,,130951,2,,,0,70,,130957,2,,,0,30,,130954,2,,,0,70,,130987,2,,,0,30,,130982,2,,,0,70,,130975,2,,,0,30,,130970,2,,,0,70,,130969,2,,,0,30,,130976,2,,,0,70,,130980,2,,,0,30,,130949,2,,,0,70,,130967,2,,,0,21,,130966,2,,,0,19,,130992,2,,,0,60,,130955,2,,,0,20,,130991,2,,,0,80,,130968,2,,,0,20,,130953,2,,,0,20,,130963,2,,,0,60,,130952,2,,,0,20,,130978,2,,,0,20,,130958,2,,,0,65,,130956,2,,,0,30,,130990,2,,,0,70,,130960,2,,,0,30,,130988,2,,,0,70,,130950,2,,,0,29,,130964,2,,,0,70,,130981,2,,,0,30,,130986,2,,,0,80,,130985,2,,,0,105,,130984,2,,,0,100,,130974,2,,,0,100,,130961,2,,,0
664601,'201',826,,130994,2,,,0,725,,130995,2,,,0
664601,'2_merged_15524982',616,,131009,2,,,0,30,,131002,2,,,0,69,,131000,2,,,0,31,,131015,2,,,0,76,,131016,2,,,0,30,,131017,2,,,0,58,,130996,2,,,0,30,,131006,2,,,0,68,,131019,2,,,0,36,,131012,2,,,0,70,,131021,2,,,0,30,,131022,2,,,0,72,,131023,2,,,0,28,,131025,2,,,0,71,,131020,2,,,0,30,,130997,2,,,0,72,,130998,2,,,0,29,,130999,2,,,0,68,,131031,2,,,0,30,,131026,2,,,0,69,,131029,2,,,0,29,,131027,2,,,0,71,,131028,2,,,0,28,,131030,2,,,0,70,,131013,2,,,0,31,,131007,2,,,0,70,,131008,2,,,0,28,,131014,2,,,0,70,,131003,2,,,0,30,,131018,2,,,0,70,,131024,2,,,0,32,,131004,2,,,0,90,,131005,2,,,0,98,,131001,2,,,0,100,,131010,2,,,0,100,,131011,2,,,0
664601,'3_merged_15524981',735,,131046,2,,,0,70,,131043,2,,,0,30,,131048,2,,,0,70,,131039,2,,,0,31,,131040,2,,,0,70,,131038,2,,,0,30,,131062,2,,,0,70,,131059,2,,,0,30,,131060,2,,,0,70,,131041,2,,,0,30,,131042,2,,,0,70,,131061,2,,,0,30,,131032,2,,,0,70,,131047,2,,,0,30,,131049,2,,,0,70,,131050,2,,,0,30,,131051,2,,,0,70,,131052,2,,,0,30,,131053,2,,,0,69,,131054,2,,,0,30,,131055,2,,,0,70,,131056,2,,,0,30,,131064,2,,,0,70,,131034,2,,,0,30,,131035,2,,,0,70,,131058,2,,,0,30,,131057,2,,,0,70,,131045,2,,,0,30,,131063,2,,,0,100,,131036,2,,,0,105,,131037,2,,,0,87,,131033,2,,,0,108,,131044,2,,,0
666000,'101_merged_15524987',827,,134359,2,0,55 56 57,0,684,,134360,2,,,0,15,,134361,2,0,55 56 57,0,26,,134362,2,,,0
666000,'1_merged_15524980',550,,134374,2,,,0,62,,134368,2,,,0,16,,134367,2,,,0,20,,134366,2,,,0,55,,134378,2,,,0,15,,134371,2,,,0,19,,134365,2,,,0,13,,134364,2,,,0,60,,134372,2,,,0,31,,134363,2,,,0,69,,134406,2,,,0,28,,134405,2,,,0,69,,134404,2,,,0,30,,134403,2,,,0,69,,134402,2,,,0,32,,134401,2,,,0,70,,134400,2,,,0,30,,134399,2,,,0,70,,134398,2,,,0,30,,134397,2,,,0,71,,134396,2,,,0,29,,134395,2,,,0,20,,134394,2,,,0,101,,134375,2,,,0,50,,134393,2,,,0,15,,134392,2,,,0,16,,134391,2,,,0,15,,134390,2,,,0,60,,134389,2,,,0,8,,134388,2,,,0,17,,134387,2,,,0,14,,134386,2,,,0,56,,134385,2,,,0,15,,134377,2,,,0,14,,134384,2,,,0,16,,134383,2,,,0,54,,134382,2,,,0,36,,134381,2,,,0,70,,134370,2,,,0,32,,134373,2,,,0,68,,134380,2,,,0,100,,134379,2,,,0,98,,134376,2,,,0,105,,134369,2,,,0
666000,'201',826,,134407,2,,,0,684,,134409,2,,,0,15,,134408,2,,,0,27,,134410,2,,,0
666000,'2_merged_15524982',640,,134411,2,,,0,75,,134412,2,,,0,30,,134413,2,,,0,70,,134414,2,,,0,30,,134415,2,,,0,70,,134416,2,,,0,30,,134417,2,,,0,70,,134418,2,,,0,30,,134419,2,,,0,70,,134420,2,,,0,20,,134443,2,,,0,20,,134421,2,,,0,60,,134422,2,,,0,20,,134444,2,,,0,20,,134423,2,,,0,60,,134424,2,,,0,20,,134425,2,,,0,20,,134445,2,,,0,60,,134426,2,,,0,20,,134427,2,,,0,20,,134448,2,,,0,60,,134428,2,,,0,20,,134429,2,,,0,20,,134446,2,,,0,60,,134430,2,,,0,20,,134431,2,,,0,20,,134447,2,,,0,60,,134432,2,,,0,20,,134433,2,,,0,20,,134449,2,,,0,60,,134434,2,,,0,30,,134435,2,,,0,70,,134436,2,,,0,30,,134437,2,,,0,70,,134438,2,,,0,30,,134450,2,,,0,70,,134439,2,,,0,100,,134440,2,,,0,100,,134441,2,,,0,100,,134442,2,,,0
666000,'3_merged_15524981',745,,134469,2,,,0,100,,134470,2,,,0,70,,134471,2,,,0,30,,134472,2,,,0,70,,134473,2,,,0,30,,134474,2,,,0,70,,134475,2,,,0,30,,134476,2,,,0,70,,134477,2,,,0,30,,134478,2,,,0,70,,134479,2,,,0,30,,134451,2,,,0,70,,134452,2,,,0,30,,134453,2,,,0,70,,134454,2,,,0,30,,134455,2,,,0,70,,134456,2,,,0,30,,134457,2,,,0,70,,134458,2,,,0,30,,134459,2,,,0,70,,134460,2,,,0,30,,134461,2,,,0,70,,134462,2,,,0,30,,134463,2,,,0,65,,134464,2,,,0,30,,134465,2,,,0,65,,134481,2,,,0,30,,134467,2,,,0,100,,134466,2,,,0,95,,134480,2,,,0,100,,134468,2,,,0
666400,'1_merged_15524980',531,,135384,2,,,0,70,,135377,2,,,0,28,,135378,2,,,0,30,,135349,2,,,0,68,,135350,2,,,0,73,,135351,2,,,0,36,,135352,2,,,0,68,,135353,2,,,0,32,,135381,2,,,0,70,,135354,2,,,0,30,,135355,2,,,0,70,,135356,2,,,0,30,,135357,2,,,0,70,,135358,2,,,0,30,,135359,2,,,0,70,,135360,2,,,0,30,,135361,2,,,0,71,,135363,2,,,0,30,,135364,2,,,0,72,,135365,2,,,0,30,,135379,2,,,0,70,,135366,2,,,0,30,,135367,2,,,0,70,,135368,2,,,0,30,,135369,2,,,0,70,,135370,2,,,0,30,,135348,2,,,0,70,,135362,2,,,0,26,,135371,2,,,0,23,,135372,2,,,0,75,,135380,2,,,0,76,,135383,2,,,0,42,,135373,2,,,0,80,,135374,2,,,0,81,,135375,2,,,0,39,,135382,2,,,0,80,,135376,2,,,0
666400,'2_merged_15524982',606,,135385,2,,,0,30,,135386,2,,,0,70,,135387,2,,,0,30,,135388,2,,,0,70,,135389,2,,,0,30,,135390,2,,,0,70,,135391,2,,,0,30,,135392,2,,,0,70,,135393,2,,,0,30,,135394,2,,,0,70,,135395,2,,,0,30,,135396,2,,,0,70,,135397,2,,,0,30,,135398,2,,,0,70,,135399,2,,,0,30,,135400,2,,,0,70,,135401,2,,,0,30,,135402,2,,,0,70,,135403,2,,,0,30,,135404,2,,,0,70,,135405,2,,,0,30,,135406,2,,,0,70,,135407,2,,,0,30,,135408,2,,,0,70,,135409,2,,,0,30,,135410,2,,,0,70,,135411,2,,,0,30,,135412,2,,,0,100,,135413,2,,,0,100,,135414,2,,,0,100,,135415,2,,,0,100,,135416,2,,,0,97,,135417,2,,,0
666400,'3_merged_15524981',715,,135418,2,,,0,100,,135419,2,,,0,100,,135420,2,,,0,100,,135421,2,,,0,100,,135422,2,,,0,30,,135436,2,,,0,70,,135423,2,,,0,30,,135437,2,,,0,70,,135424,2,,,0,30,,135438,2,,,0,70,,135425,2,,,0,30,,135439,2,,,0,70,,135426,2,,,0,30,,135440,2,,,0,70,,135427,2,,,0,30,,135441,2,,,0,70,,135428,2,,,0,30,,135442,2,,,0,70,,135429,2,,,0,100,,135430,2,,,0,100,,135431,2,,,0,100,,135432,2,,,0,100,,135435,2,,,0,100,,135433,2,,,0,118,,135434,2,,,0
684100,'1_merged_15524980',418,,155590,2,,,0,125,,155579,51,,,0,71,,155580,51,,,0,9,,155587,51,,,0,1992,,155589,2,,,0,11,,155588,51,,,0,30,,155582,51,,,0,60,,155584,51,,,0,20,,155581,51,,,0,22,,155583,51,,,0,70,,155585,51,,,0,75,,155586,51,,,0
684100,'2_merged_15524982',539,,155591,51,,,0,71,,155598,51,,,0,31,,155599,51,,,0,74,,155600,51,,,0,30,,155596,51,,,0,1805,,155592,2,,,0,77,,155602,51,,,0,74,,155593,51,,,0,17,,155597,51,,,0,20,,155601,51,,,0,20,,155594,51,,,0,70,,155595,51,,,0,80,,155603,51,,,0
684100,'3_merged_15524981',538,,155614,51,,,0,72,,155615,51,,,0,30,,155616,51,,,0,70,,155617,51,,,0,18,,155618,51,,,0,14,,155610,51,,,0,14,,155619,51,,,0,53,,155611,51,,,0,1705,,155612,2,,,0,41,,155604,51,,,0,70,,155605,51,,,0,32,,155608,51,,,0,70,,155607,51,,,0,30,,155606,51,,,0,75,,155609,51,,,0,75,,155613,51,,,0
3004300,'1_merged_15524980',510,,162617,2,,,0,20,,162616,2,,,0,18,,162561,2,,,0,54,,162560,2,,,0,13,,162559,2,,,0,16,,162558,2,,,0,17,,162575,2,,,0,53,,162557,2,,,0,15,,162556,2,,,0,14,,162622,2,,,0,15,,162599,2,,,0,58,,162621,2,,,0,16,,162620,2,,,0,17,,162619,2,,,0,15,,162618,2,,,0,55,,162598,2,,,0,15,,162572,2,,,0,15,,162597,2,,,0,15,,162571,2,,,0,55,,162596,2,,,0,15,,162570,2,,,0,15,,162595,2,,,0,15,,162569,2,,,0,55,,162594,2,,,0,15,,162568,2,,,0,15,,162593,2,,,0,15,,162567,2,,,0,55,,162592,2,,,0,15,,162566,2,,,0,15,,162591,2,,,0,15,,162565,2,,,0,55,,162590,2,,,0,15,,162564,2,,,0,15,,162589,2,,,0,15,,162563,2,,,0,55,,162615,2,,,0,15,,162562,2,,,0,16,,162614,2,,,0,15,,162613,2,,,0,56,,162612,2,,,0,15,,162611,2,,,0,17,,162623,2,,,0,18,,162610,2,,,0,53,,162609,2,,,0,13,,162608,2,,,0,16,,162607,2,,,0,14,,162606,2,,,0,61,,162605,2,,,0,11,,162604,2,,,0,15,,162603,2,,,0,17,,162602,2,,,0,53,,162601,2,,,0,19,,162600,2,,,0,11,,162588,2,,,0,60,,162587,2,,,0,20,,162573,2,,,0,25,,162586,2,,,0,62,,162585,2,,,0,18,,162574,2,,,0,20,,162584,2,,,0,65,,162583,2,,,0,29,,162582,2,,,0,71,,162581,2,,,0,30,,162580,2,,,0,70,,162579,2,,,0,30,,162578,2,,,0,69,,162577,2,,,0,30,,162576,2,,,0
3004300,'2_merged_15524982',601,,162657,2,,,0,33,,162656,2,,,0,72,,162655,2,,,0,30,,162654,2,,,0,70,,162653,2,,,0,30,,162652,2,,,0,71,,162651,2,,,0,29,,162650,2,,,0,72,,162649,2,,,0,31,,162648,2,,,0,68,,162647,2,,,0,19,,162659,2,,,0,20,,162646,2,,,0,60,,162645,2,,,0,20,,162660,2,,,0,20,,162644,2,,,0,60,,162643,2,,,0,20,,162661,2,,,0,20,,162642,2,,,0,60,,162641,2,,,0,20,,162662,2,,,0,20,,162640,2,,,0,60,,162639,2,,,0,20,,162663,2,,,0,20,,162638,2,,,0,60,,162637,2,,,0,19,,162664,2,,,0,21,,162636,2,,,0,60,,162635,2,,,0,20,,162665,2,,,0,20,,162634,2,,,0,58,,162633,2,,,0,25,,162632,2,,,0,77,,162631,2,,,0,25,,162630,2,,,0,75,,162629,2,,,0,25,,162628,2,,,0,75,,162627,2,,,0,30,,162626,2,,,0,75,,162658,2,,,0,25,,162625,2,,,0,75,,162666,2,,,0,25,,162624,2,,,0
3004300,'3_merged_15524981',636,,162684,2,,,0,70,,162683,2,,,0,30,,162682,2,,,0,70,,162681,2,,,0,30,,162680,2,,,0,70,,162679,2,,,0,30,,162678,2,,,0,72,,162677,2,,,0,29,,162676,2,,,0,69,,162675,2,,,0,20,,162685,2,,,0,20,,162674,2,,,0,60,,162673,2,,,0,20,,162686,2,,,0,20,,162672,2,,,0,60,,162671,2,,,0,20,,162687,2,,,0,20,,162670,2,,,0,60,,162669,2,,,0,20,,162688,2,,,0,20,,162668,2,,,0,60,,162667,2,,,0,20,,162689,2,,,0,20,,162708,2,,,0,60,,162707,2,,,0,20,,162690,2,,,0,20,,162706,2,,,0,60,,162705,2,,,0,20,,162691,2,,,0,20,,162704,2,,,0,55,,162703,2,,,0,30,,162702,2,,,0,70,,162701,2,,,0,30,,162700,2,,,0,70,,162699,2,,,0,30,,162698,2,,,0,70,,162692,2,,,0,30,,162697,2,,,0,70,,162693,2,,,0,30,,162696,2,,,0,70,,162694,2,,,0,30,,162695,2,,,0
