674101,'1_merged_15291795',454,,90126,5,0,98 71,0,181,,90127,27,0,88 49,0,70,,90129,27,0,88 49,0,20,,90130,27,,,0,19,,90131,27,,,0,61,,90132,27,,,0,16,,90133,27,,,0,24,,90135,27,,,0,56,,90136,27,,,0,15,,90137,27,,,0,14,,90138,27,,,0,17,,90139,27,,,0,62,,90140,27,,,0,26,,90141,27,,,0,19,,90142,27,,,0,60,,90182,27,,,0,19,,90143,27,,,0,20,,90183,27,,,0,62,,90144,27,,,0,20,,90145,27,,,0,19,,90184,27,,,0,60,,90146,27,,,0,20,,90147,27,,,0,19,,90185,27,,,0,58,,90148,27,,,0,17,,90149,27,,,0,15,,90150,27,,,0,16,,90151,27,,,0,55,,90152,27,,,0,18,,90153,27,,,0,15,,90154,27,,,0,69,,90156,27,,,0,16,,90157,27,,,0,72,,90159,27,0,88 49,0,11,,90160,27,,,0,9,,90161,27,,,0,25,,90163,27,0,88 49,0,72,,90165,27,,,0,32,,90167,27,,,0,55,,90168,27,,,0,12,,90169,27,,,0,20,,90170,27,,,0,60,,90171,27,,,0,20,,90172,27,,,0,20,,90173,27,,,0,60,,90174,27,,,0,19,,90175,27,,,0,22,,90176,27,,,0,71,,90177,27,,,0,30,,90178,27,,,0,110,,90179,27,,,0,91,,90180,27,,,0,180,,90181,27,,,0
674101,'2_merged_15291797',555,,90206,27,,,0,90,,90205,27,,,0,90,,90204,27,,,0,21,,90235,27,,,0,60,,90203,27,,,0,22,,90202,27,,,0,20,,90236,27,,,0,60,,90201,27,,,0,20,,90195,27,,,0,20,,90237,27,,,0,62,,90200,27,,,0,20,,90199,27,,,0,60,,90198,27,,,0,20,,90187,27,,,0,23,,90197,27,,,0,59,,90196,27,,,0,21,,90186,27,,,0,19,,90194,27,,,0,60,,90193,27,,,0,20,,90229,27,,,0,20,,90192,27,,,0,60,,90191,27,,,0,22,,90228,27,,,0,20,,90190,27,,,0,60,,90189,27,,,0,15,,90234,27,,,0,15,,90227,27,,,0,14,,90188,27,,,0,55,,90223,27,,,0,15,,90226,27,,,0,15,,90230,27,,,0,15,,90222,27,,,0,55,,90221,27,,,0,15,,90225,27,,,0,13,,90231,27,,,0,15,,90220,27,,,0,55,,90219,27,,,0,15,,90224,27,,,0,15,,90232,27,,,0,15,,90218,27,,,0,55,,90217,27,,,0,13,,90233,27,,,0,20,,90216,27,,,0,72,,90215,27,,,0,30,,90214,27,,,0,71,,90213,27,,,0,30,,90212,27,,,0,72,,90211,27,,,0,37,,90210,27,,,0,100,,90209,27,,,0,110,,90208,27,,,0,163,,90207,27,,,0
674101,'3_merged_15291796',552,,90258,27,,,0,88,,90257,27,,,0,90,,90256,27,,,0,72,,90255,27,,,0,30,,90254,27,,,0,23,,90287,27,,,0,59,,90253,27,,,0,20,,90247,27,,,0,21,,90288,27,,,0,60,,90252,27,,,0,20,,90251,27,,,0,21,,90250,27,,,0,60,,90239,27,,,0,20,,90249,27,,,0,22,,90248,27,,,0,60,,90238,27,,,0,20,,90246,27,,,0,20,,90245,27,,,0,60,,90281,27,,,0,20,,90244,27,,,0,21,,90243,27,,,0,60,,90280,27,,,0,20,,90242,27,,,0,62,,90241,27,,,0,20,,90279,27,,,0,17,,90240,27,,,0,12,,90282,27,,,0,55,,90275,27,,,0,15,,90278,27,,,0,18,,90274,27,,,0,15,,90283,27,,,0,55,,90273,27,,,0,15,,90277,27,,,0,15,,90272,27,,,0,13,,90284,27,,,0,55,,90271,27,,,0,15,,90276,27,,,0,15,,90270,27,,,0,16,,90285,27,,,0,59,,90269,27,,,0,20,,90268,27,,,0,20,,90286,27,,,0,57,,90267,27,,,0,27,,90266,27,,,0,70,,90265,27,,,0,30,,90264,27,,,0,74,,90263,27,,,0,36,,90262,27,,,0,100,,90261,27,,,0,110,,90260,27,,,0,163,,90259,27,,,0
674201,'1_merged_15291795',1445,,90297,6,,,0,62,,90298,6,,,0,22,,90299,6,,,0,13,,90300,6,,,0,15,,90301,6,,,0,56,,90302,6,,,0,34,,90303,6,,,0,69,,90304,6,,,0,85,,90305,6,,,0,31,,90306,6,,,0
674301,'1_merged_15291795',521,,90320,2,,,0,34,,90321,2,,,0,90,,90322,2,,,0,70,,90323,2,,,0,30,,90324,2,,,0,59,,90325,2,,,0,30,,90326,2,,,0,793,,90327,6,,,0,28,,90328,6,,,0,76,,90329,6,,,0,79,,90330,6,,,0,48,,90331,6,,,0,68,,90332,6,,,0
684301,'1_merged_15291795',936,,95875,3,,,0,102,,95874,3,,,0,98,,95873,3,,,0,100,,95872,3,,,0,100,,95871,3,,,0,100,,95870,3,,,0,101,,95869,3,,,0,100,,95868,3,,,0,99,,95867,3,,,0,100,,95866,3,,,0,100,,95865,3,,,0,100,,95864,3,,,0,105,,95863,3,,,0
684301,'2_merged_15291797',936,,95881,3,,,0,100,,95878,3,,,0,100,,95887,3,,,0,100,,95877,3,,,0,100,,95876,3,,,0,100,,95886,3,,,0,100,,95885,3,,,0,100,,95884,3,,,0,100,,95883,3,,,0,102,,95882,3,,,0,100,,95880,3,,,0,100,,95879,3,,,0
684301,'3_merged_15291796',936,,95891,3,,,0,100,,95890,3,,,0,100,,95889,3,,,0,100,,95888,3,,,0,100,,95898,3,,,0,100,,95897,3,,,0,100,,95892,3,,,0,100,,95896,3,,,0,100,,95895,3,,,0,95,,95894,3,,,0,100,,95893,3,,,0
684401,'1_merged_15291795',916,,95948,3,,,0,100,,95947,3,,,0,100,,95946,3,,,0,100,,95945,3,,,0,100,,95944,3,,,0,100,,95943,3,,,0,100,,95942,3,,,0,100,,95941,3,,,0,103,,95940,3,,,0,97,,95939,3,,,0,100,,95949,3,,,0,100,,95938,3,,,0,100,,95937,3,,,0
684401,'2_merged_15291797',906,,95958,3,,,0,100,,95957,3,,,0,100,,95956,3,,,0,100,,95955,3,,,0,100,,95954,3,,,0,100,,95953,3,,,0,100,,95952,3,,,0,100,,95951,3,,,0,100,,95962,3,,,0,100,,95950,3,,,0,100,,95961,3,,,0,105,,95960,3,,,0,100,,95959,3,,,0
684401,'3_merged_15291796',906,,95963,3,,,0,100,,95964,3,,,0,100,,95972,3,,,0,100,,95971,3,,,0,100,,95970,3,,,0,100,,95969,3,,,0,100,,95968,3,,,0,100,,95967,3,,,0,100,,95966,3,,,0,100,,95965,3,,,0,100,,95974,3,,,0,100,,95973,3,,,0
1169600,'1_merged_15291795',531,,97635,3,,,0,70,,97636,3,,,0,30,,97637,3,,,0,70,,97638,3,,,0,30,,97639,3,,,0,70,,97640,3,,,0,31,,97641,3,,,0,70,,97642,3,,,0,29,,97661,3,,,0,71,,97643,3,,,0,30,,97662,3,,,0,70,,97644,3,,,0,30,,97663,3,,,0,70,,97645,3,,,0,30,,97664,3,,,0,70,,97646,3,,,0,30,,97665,3,,,0,70,,97647,3,,,0,30,,97666,3,,,0,70,,97648,3,,,0,30,,97667,3,,,0,70,,97649,3,,,0,30,,97650,3,,,0,69,,97651,3,,,0,30,,97652,3,,,0,70,,97653,3,,,0,30,,97654,3,,,0,70,,97655,3,,,0,30,,97668,3,,,0,20,,97656,3,,,0,80,,97669,3,,,0,70,,97657,3,,,0,30,,97670,3,,,0,70,,97658,3,,,0,30,,97671,3,,,0,70,,97659,3,,,0,30,,97672,3,,,0,70,,97660,3,,,0
1169600,'2_merged_15291797',651,,97673,3,,,0,71,,97700,3,,,0,30,,97674,3,,,0,72,,97675,3,,,0,27,,97676,3,,,0,70,,97699,3,,,0,30,,97677,3,,,0,70,,97678,3,,,0,30,,97679,3,,,0,71,,97680,3,,,0,30,,97681,3,,,0,70,,97682,3,,,0,30,,97683,3,,,0,70,,97684,3,,,0,30,,97685,3,,,0,70,,97686,3,,,0,30,,97687,3,,,0,71,,97688,3,,,0,29,,97689,3,,,0,70,,97690,3,,,0,30,,97691,3,,,0,70,,97692,3,,,0,30,,97693,3,,,0,70,,97694,3,,,0,30,,97701,3,,,0,70,,97695,3,,,0,29,,97696,3,,,0,70,,97702,3,,,0,30,,97697,3,,,0,70,,97703,3,,,0,30,,97698,3,,,0
1169600,'3_merged_15291796',726,,97727,3,,,0,30,,97704,3,,,0,70,,97705,3,,,0,30,,97728,3,,,0,70,,97706,3,,,0,30,,97707,3,,,0,65,,97708,3,,,0,30,,97709,3,,,0,70,,97710,3,,,0,30,,97711,3,,,0,70,,97712,3,,,0,30,,97713,3,,,0,70,,97714,3,,,0,30,,97715,3,,,0,70,,97716,3,,,0,30,,97717,3,,,0,70,,97718,3,,,0,30,,97719,3,,,0,70,,97720,3,,,0,30,,97721,3,,,0,70,,97722,3,,,0,30,,97723,3,,,0,70,,97729,3,,,0,30,,97724,3,,,0,70,,97730,3,,,0,30,,97725,3,,,0,70,,97731,3,,,0,30,,97726,3,,,0
