668700,'1_merged_15288063',534,,79777,8,,,0,95,,79780,36,,,0,30,,79783,36,,,0,70,,79786,36,,,0,15,,79788,36,,,0,15,,79790,36,,,0,55,,79793,36,,,0,15,,79794,36,,,0,15,,79796,36,,,0,15,,79798,36,,,0,55,,79800,36,,,0,15,,79802,36,,,0,30,,79806,36,,,0,70,,79809,36,,,0,30,,79812,36,,,0,70,,79815,36,,,0,30,,79818,36,,,0,70,,79821,36,,,0,30,,79824,36,,,0,70,,79827,36,,,0,30,,79830,36,,,0,70,,79833,36,,,0,30,,79837,36,,,0,70,,79839,36,,,0,30,,79842,36,,,0,70,,79846,36,,,0,30,,79850,36,,,0,55,,79852,36,,,0,15,,79854,36,,,0,15,,79857,36,,,0,14,,79859,36,,,0,55,,79862,36,,,0,15,,79864,36,,,0,15,,79867,36,,,0,15,,79868,36,,,0,55,,79870,36,,,0,15,,79872,36,,,0,30,,79874,36,,,0,70,,79877,36,,,0,30,,79879,36,,,0,70,,79881,36,,,0,30,,79882,36,,,0,75,,79883,36,,,0,70,,79884,36,,,0,30,,79885,36,,,0,70,,79886,36,,,0,30,,79887,36,,,0
668700,'2_merged_15288065',535,,79888,8,,,0,100,,79890,8,,,0,22,,79891,36,,,0,70,,79892,36,,,0,30,,79893,36,,,0,70,,79894,36,,,0,15,,79895,36,,,0,15,,79897,36,,,0,70,,79899,36,,,0,30,,79903,36,,,0,70,,79906,36,,,0,30,,79910,36,,,0,70,,79913,36,,,0,30,,79916,36,,,0,70,,79919,36,,,0,30,,79922,36,,,0,70,,79925,36,,,0,30,,79929,36,,,0,70,,79932,36,,,0,30,,79935,36,,,0,70,,79939,36,,,0,30,,79943,36,,,0,50,,79945,36,,,0,20,,79948,36,,,0,30,,79951,36,,,0,50,,79953,36,,,0,20,,79956,36,,,0,30,,79959,36,,,0,55,,79962,36,,,0,15,,79964,36,,,0,30,,79967,36,,,0,70,,79970,36,,,0,30,,79973,36,,,0,70,,79975,36,,,0,30,,79977,36,,,0,70,,79979,36,,,0,30,,79981,36,,,0,75,,79983,36,,,0,70,,79984,36,,,0,30,,79986,36,,,0,70,,79987,36,,,0,30,,79988,36,,,0
668700,'3_merged_15288064',728,,79991,36,,,0,30,,79992,36,,,0,70,,79993,36,,,0,15,,79995,36,,,0,15,,79996,36,,,0,70,,79998,36,,,0,15,,79999,36,,,0,15,,80001,36,,,0,70,,80002,36,,,0,30,,80005,36,,,0,70,,80008,36,,,0,30,,80011,36,,,0,70,,80014,36,,,0,30,,80017,36,,,0,70,,80020,36,,,0,30,,80023,36,,,0,70,,80026,36,,,0,30,,80029,36,,,0,70,,80033,36,,,0,30,,80036,36,,,0,70,,80040,36,,,0,30,,80043,36,,,0,70,,80047,36,,,0,30,,80050,36,,,0,70,,80054,36,,,0,30,,80057,36,,,0,70,,80060,36,,,0,30,,80061,36,,,0,70,,80062,36,,,0,30,,80063,36,,,0,55,,80064,36,,,0,15,,80065,36,,,0,30,,80066,36,,,0,75,,80067,36,,,0,70,,80068,36,,,0,30,,80069,36,,,0,100,,80072,36,,,0
668801,'1_merged_15288063',635,,80450,42,,,0,70,,80451,42,,,0,30,,80452,42,,,0,70,,80453,42,,,0,30,,80454,42,,,0,70,,80455,42,,,0,30,,80456,42,,,0,90,,80457,42,,,0,100,,80458,42,,,0,100,,80459,42,,,0,100,,80460,42,,,0,90,,80461,42,,,0,90,,80462,42,,,0,30,,80463,42,,,0,70,,80464,42,,,0,30,,80465,42,,,0,70,,80466,42,,,0,30,,80467,42,,,0,70,,80468,42,,,0,30,,80469,42,,,0,86,,80470,42,,,0,100,,80471,42,,,0,100,,80472,42,,,0,99,,80473,42,,,0,98,,80474,42,,,0
668801,'2_merged_15288065',800,,80475,42,,,0,100,,80476,42,,,0,100,,80477,42,,,0,100,,80478,42,,,0,100,,80479,42,,,0,100,,80480,42,,,0,100,,80481,42,,,0,100,,80482,42,,,0,100,,80483,42,,,0,100,,80484,42,,,0,100,,80485,42,,,0,100,,80486,42,,,0,59,,80487,42,,,0,100,,80488,42,,,0,100,,80489,42,,,0,100,,80490,42,,,0,100,,80491,42,,,0
668801,'3_merged_15288064',1000,,80492,42,,,0,100,,80493,42,,,0,100,,80494,42,,,0,100,,80495,42,,,0,100,,80496,42,,,0,100,,80497,42,,,0,100,,80498,42,,,0,100,,80499,42,,,0,100,,80500,42,,,0,100,,80501,42,,,0,100,,80502,42,,,0,100,,80503,42,,,0,59,,80504,42,,,0,100,,80505,42,,,0
669000,'101_merged_15288070',1517,,80616,24,0,46 47 48,0
669000,'1_merged_15288063',650,,80617,24,,,0,70,,80618,24,,,0,29,,80619,24,,,0,68,,80620,24,,,0,88,,80621,24,0,46 47 48,0,48,,80622,24,0,46 47 48,0,100,,80623,24,0,46 47 48,0,100,,80624,24,0,46 47 48,0,100,,80625,24,0,46 47 48,0,99,,80626,24,,,0,98,,80627,24,,,0,70,,80628,24,,,0,30,,80629,24,,,0,69,,80630,24,,,0,36,,80631,24,0,46 47 48,0,70,,80632,24,0,46 47 48,0,29,,80633,24,0,46 47 48,0,70,,80634,24,0,46 47 48,0,30,,80635,24,0,46 47 48,0,70,,80636,24,0,46 47 48,0,30,,80637,24,0,46 47 48,0,98,,80638,24,0,46 47 48,0,99,,80639,24,0,46 47 48,0,149,,80640,24,0,46 47 48,0
669000,'2_merged_15288065',751,,80641,24,0,46 47 48,0,100,,80642,24,0,46 47 48,0,100,,80643,24,0,46 47 48,0,100,,80644,24,0,46 47 48,0,100,,80645,24,0,46 47 48,0,100,,80646,24,0,46 47 48,0,100,,80647,24,0,46 47 48,0,100,,80648,24,0,46 47 48,0,100,,80649,24,0,46 47 48,0,100,,80650,24,0,46 47 48,0,100,,80651,24,0,46 47 48,0,100,,80652,24,0,46 47 48,0,100,,80653,24,0,46 47 48,0,100,,80654,24,0,46 47 48,0,100,,80655,24,0,46 47 48,0,149,,80656,24,0,46 47 48,0
669000,'3_merged_15288064',851,,80657,24,0,46 47 48,0,101,,80658,24,0,46 47 48,0,100,,80659,24,0,46 47 48,0,100,,80660,24,0,46 47 48,0,100,,80661,24,0,46 47 48,0,100,,80662,24,0,46 47 48,0,100,,80663,24,0,46 47 48,0,100,,80664,24,0,46 47 48,0,100,,80665,24,0,46 47 48,0,99,,80666,24,0,46 47 48,0,100,,80667,24,0,46 47 48,0,100,,80668,24,0,46 47 48,0,100,,80669,24,0,46 47 48,0,100,,80670,24,0,46 47 48,0,149,,80671,24,0,46 47 48,0
