661401,'152201_merged_15524984',2147,,117033,33,,,0,61,,117032,33,,,0,17,,117024,33,,,0,19,,117025,33,,,0,59,,117027,33,,,0,19,,117026,33,,,0,20,,117028,33,,,0,60,,117029,33,,,0,17,,117030,33,,,0,23,,117031,33,,,0
661401,'152301_merged_15524986',2147,,117043,32,,,0,61,,117034,32,,,0,17,,117035,32,,,0,19,,117036,32,,,0,59,,117037,32,,,0,19,,117038,32,,,0,20,,117039,32,,,0,60,,117040,32,,,0,17,,117041,32,,,0,23,,117042,32,,,0
661401,'1_merged_15524980',708,,117060,51,,,0,20,,117104,51,,,0,20,,117093,51,,,0,55,,117091,51,,,0,17,,117092,51,,,0,15,,117100,51,,,0,15,,117096,51,,,0,55,,117063,51,,,0,17,,117058,51,,,0,15,,117068,51,,,0,16,,117064,51,,,0,54,,117065,51,,,0,15,,117066,51,,,0,15,,117067,51,,,0,15,,117074,51,,,0,54,,117075,51,,,0,14,,117076,51,,,0,17,,117077,51,,,0,15,,117061,51,,,0,56,,117044,51,,,0,15,,117070,51,,,0,15,,117095,51,,,0,15,,117048,51,,,0,57,,117088,51,,,0,15,,117089,51,,,0,15,,117046,51,,,0,15,,117097,51,,,0,55,,117083,51,,,0,15,,117090,51,,,0,15,,117099,51,,,0,15,,117079,51,,,0,55,,117062,51,,,0,15,,117101,51,,,0,14,,117102,51,,,0,12,,117105,51,,,0,51,,117055,51,,,0,12,,117056,51,,,0,12,,117049,51,,,0,12,,117086,51,,,0,11,,117087,51,,,0,53,,117080,51,,,0,11,,117078,51,,,0,13,,117081,51,,,0,12,,117094,51,,,0,13,,117071,51,,,0,52,,117072,51,,,0,12,,117098,51,,,0,12,,117052,51,,,0,10,,117082,51,,,0,12,,117057,51,,,0,10,,117053,51,,,0,52,,117050,51,,,0,12,,117054,51,,,0,10,,117051,51,,,0,17,,117047,51,,,0,57,,117073,51,,,0,18,,117085,51,,,0,20,,117084,52,,,0,60,,117069,52,,,0,19,,117103,52,,,0
661401,'2_merged_15524982',853,,117111,51,,,0,59,,117109,51,,,0,18,,117157,51,,,0,15,,117131,51,,,0,56,,117137,51,,,0,15,,117154,51,,,0,16,,117156,51,,,0,15,,117118,51,,,0,58,,117114,51,,,0,15,,117146,51,,,0,15,,117159,51,,,0,15,,117155,51,,,0,55,,117117,51,,,0,14,,117124,51,,,0,15,,117125,51,,,0,14,,117126,51,,,0,52,,117127,51,,,0,12,,117107,51,,,0,12,,117138,51,,,0,12,,117144,51,,,0,13,,117169,51,,,0,53,,117135,51,,,0,12,,117136,51,,,0,13,,117171,51,,,0,12,,117153,51,,,0,12,,117170,51,,,0,53,,117108,51,,,0,11,,117113,51,,,0,11,,117172,51,,,0,13,,117140,51,,,0,12,,117142,51,,,0,51,,117128,51,,,0,12,,117149,51,,,0,13,,117173,51,,,0,13,,117116,51,,,0,11,,117165,51,,,0,51,,117148,51,,,0,12,,117132,51,,,0,10,,117174,51,,,0,11,,117133,51,,,0,12,,117110,51,,,0,12,,117115,51,,,0,52,,117120,51,,,0,14,,117160,51,,,0,16,,117161,51,,,0,16,,117175,51,,,0,55,,117162,51,,,0,15,,117163,51,,,0,16,,117164,51,,,0,61,,117151,51,,,0,21,,117158,51,,,0,21,,117119,52,,,0,58,,117130,52,,,0,20,,117152,32,,,0,20,,117168,32,,,0,60,,117123,32,,,0,20,,117121,32,,,0,21,,117122,32,,,0,60,,117150,32,,,0,18,,117147,32,,,0,20,,117134,32,,,0,60,,117143,32,,,0,20,,117139,32,,,0,20,,117141,32,,,0
661401,'3_merged_15524981',921,,117180,51,,,0,25,,117181,51,,,0,64,,117182,51,,,0,22,,117183,51,,,0,20,,117184,51,,,0,58,,117185,51,,,0,19,,117186,51,,,0,16,,117187,51,,,0,58,,117188,51,,,0,17,,117189,51,,,0,17,,117190,51,,,0,16,,117191,51,,,0,57,,117192,51,,,0,15,,117193,51,,,0,16,,117194,51,,,0,15,,117195,51,,,0,55,,117196,51,,,0,14,,117197,51,,,0,13,,117198,51,,,0,12,,117199,51,,,0,52,,117200,51,,,0,12,,117201,51,,,0,12,,117202,51,,,0,11,,117203,51,,,0,12,,117204,51,,,0,52,,117205,51,,,0,12,,117206,51,,,0,12,,117207,51,,,0,12,,117208,51,,,0,14,,117209,51,,,0,54,,117210,51,,,0,14,,117211,51,,,0,14,,117212,51,,,0,15,,117213,51,,,0,54,,117214,51,,,0,15,,117215,51,,,0,15,,117216,51,,,0,15,,117217,51,,,0,55,,117218,51,,,0,15,,117219,51,,,0,12,,117220,51,,,0,17,,117221,51,,,0,58,,117222,51,,,0,20,,117223,51,,,0,17,,117224,52,,,0,60,,117225,52,,,0,19,,117226,32,,,0,17,,117227,32,,,0,20,,117228,32,,,0,59,,117229,32,,,0,21,,117230,32,,,0,66,,117231,32,,,0,19,,117232,32,,,0,19,,117233,32,,,0,18,,117234,32,,,0,62,,117235,32,,,0,24,,117236,32,,,0
683301,'1_merged_15524980',2637,,155320,32,,,0,14,,155323,32,,,0,59,,155321,32,,,0,33,,155322,32,,,0
683301,'2_merged_15524982',2644,,155326,32,,,0,13,,155327,32,,,0,60,,155325,32,,,0,21,,155324,32,,,0
683301,'3_merged_15524981',2639,,155330,32,,,0,70,,155329,32,,,0,30,,155328,32,,,0
1671801,'152201_merged_15524984',2141,,158615,36,,,0,16,,158616,36,,,0,56,,158617,36,,,0,15,,158618,36,,,0,10,,158619,36,,,0,15,,158620,36,,,0,60,,158621,36,,,0,21,,158622,36,,,0,16,,158623,36,,,0,60,,158624,36,,,0,30,,158625,36,,,0,15,,158627,36,,,0,55,,158626,36,,,0,15,,158628,36,,,0,13,,158629,36,,,0,70,,158614,36,,,0,5,,158613,36,,,0
1671801,'152301_merged_15524986',2141,,158638,36,,,0,16,,158639,36,,,0,56,,158640,36,,,0,15,,158641,36,,,0,10,,158642,36,,,0,15,,158643,36,,,0,60,,158644,36,,,0,21,,158645,36,,,0,16,,158646,36,,,0,60,,158635,36,,,0,30,,158630,36,,,0,15,,158637,36,,,0,55,,158631,36,,,0,15,,158636,36,,,0,13,,158632,36,,,0,70,,158633,36,,,0,5,,158634,36,,,0
1671801,'1_merged_15524980',400,,158713,36,,,0,30,,158714,36,,,0,78,,158715,36,,,0,27,,158647,36,,,0,70,,158648,36,,,0,21,,158690,56,,,0,15,,158691,56,,,0,13,,158692,56,,,0,55,,158716,56,,,0,14,,158693,56,,,0,14,,158694,56,,,0,16,,158695,56,,,0,57,,158696,56,,,0,15,,158712,56,,,0,19,,158697,56,,,0,15,,158698,56,,,0,56,,158699,56,,,0,13,,158700,56,,,0,15,,158701,56,,,0,14,,158702,56,,,0,54,,158703,56,,,0,14,,158704,56,,,0,18,,158705,56,,,0,14,,158706,56,,,0,55,,158707,56,,,0,15,,158708,56,,,0,19,,158683,56,,,0,55,,158684,56,,,0,15,,158685,56,,,0,15,,158686,56,,,0,15,,158687,56,,,0,55,,158688,56,,,0,15,,158689,56,,,0,15,,158650,56,,,0,19,,158651,56,,,0,55,,158652,56,,,0,16,,158653,56,,,0,15,,158654,56,,,0,15,,158655,56,,,0,53,,158656,56,,,0,15,,158657,56,,,0,17,,158658,56,,,0,15,,158659,56,,,0,53,,158660,56,,,0,13,,158661,56,,,0,12,,158662,56,,,0,13,,158663,56,,,0,11,,158664,56,,,0,50,,158665,56,,,0,11,,158666,56,,,0,10,,158667,56,,,0,11,,158668,56,,,0,12,,158669,56,,,0,12,,158670,56,,,0,52,,158671,56,,,0,12,,158672,56,,,0,12,,158673,56,,,0,10,,158674,56,,,0,9,,158675,56,,,0,52,,158676,56,,,0,15,,158677,56,,,0,14,,158678,56,,,0,15,,158679,56,,,0,54,,158680,56,,,0,9,,158682,36,,,0,14,,158649,36,,,0,15,,158681,36,,,0,15,,158709,36,,,0,55,,158710,36,,,0,13,,158711,36,,,0
1671801,'2_merged_15524982',359,,158878,36,,,0,70,,158876,36,,,0,81,,158877,36,,,0,36,,158792,36,,,0,74,,158834,56,,,0,20,,158835,56,,,0,15,,158847,56,,,0,54,,158848,56,,,0,19,,158849,56,,,0,15,,158850,56,,,0,14,,158851,56,,,0,57,,158852,56,,,0,16,,158853,56,,,0,15,,158803,56,,,0,57,,158854,56,,,0,17,,158855,56,,,0,17,,158856,56,,,0,16,,158857,56,,,0,55,,158858,56,,,0,21,,158859,56,,,0,16,,158860,56,,,0,57,,158861,56,,,0,16,,158862,56,,,0,12,,158846,56,,,0,12,,158797,56,,,0,12,,158798,56,,,0,55,,158799,56,,,0,12,,158800,56,,,0,13,,158796,56,,,0,12,,158801,56,,,0,12,,158802,56,,,0,53,,158804,56,,,0,12,,158805,56,,,0,12,,158828,56,,,0,10,,158806,56,,,0,10,,158807,56,,,0,50,,158808,56,,,0,10,,158809,56,,,0,10,,158810,56,,,0,10,,158829,56,,,0,10,,158820,56,,,0,10,,158821,56,,,0,50,,158822,56,,,0,10,,158823,56,,,0,10,,158824,56,,,0,10,,158830,56,,,0,10,,158825,56,,,0,10,,158826,56,,,0,50,,158827,56,,,0,10,,158811,56,,,0,12,,158793,56,,,0,10,,158831,56,,,0,10,,158812,56,,,0,8,,158813,56,,,0,50,,158814,56,,,0,10,,158815,56,,,0,10,,158816,56,,,0,10,,158832,56,,,0,10,,158817,56,,,0,8,,158818,56,,,0,50,,158819,56,,,0,10,,158836,56,,,0,10,,158837,56,,,0,9,,158833,56,,,0,12,,158838,56,,,0,12,,158839,56,,,0,52,,158840,56,,,0,12,,158841,56,,,0,10,,158842,56,,,0,12,,158843,56,,,0,13,,158844,56,,,0,53,,158845,56,,,0,12,,158863,36,,,0,15,,158864,36,,,0,15,,158865,36,,,0,55,,158866,36,,,0,14,,158867,36,,,0,15,,158868,36,,,0,9,,158869,36,,,0,14,,158870,36,,,0,55,,158871,36,,,0,15,,158872,36,,,0,15,,158873,36,,,0,60,,158874,36,,,0,20,,158875,36,,,0,20,,158786,36,,,0,59,,158787,36,,,0,21,,158788,36,,,0,22,,158789,36,,,0,70,,158790,36,,,0,26,,158791,36,,,0,69,,158794,36,,,0,11,,158795,36,,,0
1671801,'3_merged_15524981',357,,158960,36,,,0,70,,158958,36,,,0,78,,158959,36,,,0,35,,158930,36,,,0,68,,158943,36,,,0,48,,158944,56,,,0,62,,158945,56,,,0,23,,158946,56,,,0,62,,158947,56,,,0,18,,158957,56,,,0,15,,158948,56,,,0,16,,158949,56,,,0,57,,158950,56,,,0,17,,158951,56,,,0,15,,158952,56,,,0,59,,158953,56,,,0,15,,158954,56,,,0,15,,158955,56,,,0,15,,158956,56,,,0,58,,158879,56,,,0,15,,158881,56,,,0,17,,158882,56,,,0,15,,158883,56,,,0,55,,158884,56,,,0,15,,158885,56,,,0,15,,158935,56,,,0,15,,158886,56,,,0,55,,158887,56,,,0,13,,158888,56,,,0,12,,158936,56,,,0,12,,158889,56,,,0,11,,158893,56,,,0,55,,158894,56,,,0,12,,158895,56,,,0,12,,158937,56,,,0,12,,158896,56,,,0,12,,158897,56,,,0,52,,158898,56,,,0,12,,158899,56,,,0,12,,158938,56,,,0,12,,158900,56,,,0,12,,158880,56,,,0,50,,158901,56,,,0,12,,158902,56,,,0,12,,158939,56,,,0,12,,158903,56,,,0,12,,158904,56,,,0,52,,158905,56,,,0,14,,158906,56,,,0,14,,158940,56,,,0,12,,158907,56,,,0,13,,158908,56,,,0,50,,158909,56,,,0,12,,158910,56,,,0,13,,158941,56,,,0,13,,158911,56,,,0,53,,158942,56,,,0,15,,158912,56,,,0,14,,158913,56,,,0,15,,158914,56,,,0,13,,158915,56,,,0,56,,158916,36,,,0,15,,158917,36,,,0,16,,158918,36,,,0,15,,158919,36,,,0,55,,158933,36,,,0,15,,158920,36,,,0,12,,158932,36,,,0,16,,158921,36,,,0,55,,158922,36,,,0,15,,158923,36,,,0,13,,158931,36,,,0,17,,158924,36,,,0,60,,158925,36,,,0,20,,158890,36,,,0,17,,158891,36,,,0,61,,158892,36,,,0,24,,158926,36,,,0,70,,158927,36,,,0,30,,158928,36,,,0,70,,158929,36,,,0,8,,158934,36,,,0
