667300,'101_merged_15288070',813,,77144,1,,,0,823,,77143,13,,,0,90,,77142,13,,,0
667300,'1_merged_15288063',525,,77175,1,,,0,34,,77183,1,,,0,60,,77174,1,,,0,12,,77184,1,,,0,26,,77173,1,,,0,62,,77172,1,,,0,27,,77146,13,,,0,13,,77185,1,,,0,76,,77186,13,,,0,16,,77148,1,,,0,64,,77147,1,,,0,24,,77169,1,,,0,66,,77168,1,,,0,29,,77167,13,,,0,70,,77159,13,,,0,30,,77158,13,,,0,67,,77157,13,,,0,31,,77156,13,,,0,70,,77155,13,,,0,30,,77176,13,,,0,24,,77154,13,,,0,75,,77153,13,,,0,26,,77152,13,,,0,69,,77171,13,,,0,28,,77162,13,,,0,46,41,77170,13,,,0,15,,77166,13,,,0,36,,77161,13,,,0,61,,77160,13,,,0,28,,77165,13,,,0,16,,77179,13,,,0,53,,77164,13,,,0,15,,77150,13,,,0,27,,77163,13,,,0,73,,77178,1,,,0,30,,77187,1,,,0,70,,77181,1,,,0,31,,77188,1,,,0,69,,77151,1,,,0,100,,77180,1,,,0,100,,77182,1,,,0,100,,77149,1,,,0,96,,77177,1,,,0
667300,'2_merged_15288065',616,,77189,1,,,0,102,,77190,1,,,0,102,,77191,1,,,0,100,,77192,1,,,0,30,,77193,1,,,0,70,,77194,1,,,0,15,,77195,13,,,0,65,41,77196,13,,,0,35,,77211,13,,,0,72,,77197,13,,,0,25,,77212,13,,,0,70,,77198,13,,,0,33,,77213,13,,,0,69,,77199,13,,,0,35,,77200,13,,,0,72,,77214,13,,,0,29,,77201,13,,,0,72,,77215,13,,,0,33,,77202,13,,,0,75,,77216,13,,,0,28,,77217,13,,,0,70,,77218,13,,,0,30,,77210,1,,,0,70,,77203,1,,,0,30,,77219,1,,,0,70,,77204,1,,,0,30,,77220,1,,,0,71,,77205,1,,,0,30,,77222,1,,,0,70,,77206,1,,,0,30,,77221,1,,,0,70,,77207,1,,,0,100,,77208,1,,,0,102,,77209,1,,,0
667300,'3_merged_15288064',653,,77223,1,,,0,94,,77224,1,,,0,92,,77252,1,,,0,80,,77243,1,,,0,23,,77245,1,,,0,72,,77225,1,,,0,21,2,77226,13,,,0,71,2,77242,13,,,0,28,,77227,13,,,0,71,,77251,13,,,0,28,,77228,13,,,0,74,2,77250,13,,,0,29,2,77229,13,,,0,72,2,77249,13,,,0,32,2,77230,13,,,0,70,2,77248,13,,,0,31,2,77231,13,,,0,72,2,77247,13,,,0,28,,77232,13,,,0,70,,77246,13,,,0,30,,77233,13,,,0,70,,77234,13,,,0,17,,77244,1,,,0,27,,77255,1,,,0,70,,77235,1,,,0,30,,77253,1,,,0,71,,77236,1,,,0,30,,77254,1,,,0,69,,77237,1,,,0,30,,77256,1,,,0,70,,77238,1,,,0,30,,77257,1,,,0,70,,77239,1,,,0,107,,77240,1,,,0,97,,77241,1,,,0
667301,'101_merged_15288070',1527,,77259,29,4,,0,11,,77260,21,4,,0,76,,77258,29,4,,0
667301,'1_merged_15288063',540,,77296,29,4,,0,71,,77273,29,4,,0,235,,77269,29,4,,0,66,,77280,29,4,,0,915,,77283,29,4,,0,22,,77282,29,4,,0,57,,77301,29,4,,0,37,,77274,29,4,,0,69,,77305,29,4,,0,31,,77294,29,4,,0,71,,77306,28,4,,0,29,,77261,28,4,,0,100,,77270,28,4,,0,98,,77262,28,4,,0,101,,77297,28,4,,0,71,,77275,28,4,,0,90,,77278,28,4,,0
667301,'2_merged_15288065',636,,77307,29,4,,0,75,,77308,29,4,,0,104,,77309,29,4,,0,1000,,77334,29,4,,0,27,,77328,29,4,,0,69,,77329,29,4,,0,30,,77321,29,4,,0,71,,77338,29,4,,0,30,,77322,29,4,,0,71,,77339,29,4,,0,30,,77323,28,4,,0,70,,77340,28,4,,0,28,,77324,28,4,,0,71,,77341,28,4,,0,27,,77325,28,4,,0,100,,77326,28,4,,0,70,,77330,28,4,,0,101,,77327,28,4,,0
667301,'3_merged_15288064',742,,77342,29,4,,0,101,,77343,29,4,,0,899,,77361,29,4,,0,75,,77360,29,4,,0,33,,77372,29,4,,0,70,,77369,29,4,,0,29,,77371,29,4,,0,68,,77351,29,4,,0,29,,77370,29,4,,0,70,,77352,29,4,,0,29,,77373,28,4,,0,70,,77353,28,4,,0,33,,77374,28,4,,0,71,,77354,28,4,,0,96,,77355,28,4,,0,101,,77356,28,4,,0,99,,77357,28,4,,0
667400,'101_merged_15288070',1532,,77375,1,,,0
667400,'1_merged_15288063',458,,77406,1,,,0,72,,77407,1,,,0,88,,77398,1,,,0,31,,77404,1,,,0,69,,77397,1,,,0,33,,77388,1,,,0,68,,77396,1,,,0,31,,77383,1,,,0,72,,77382,1,,,0,35,,77381,1,,,0,70,,77380,1,,,0,30,,77390,1,,,0,71,,77389,1,,,0,29,,77377,1,,,0,71,,77379,1,,,0,23,,77405,1,,,0,70,,77378,1,,,0,32,,77384,1,,,0,68,,77399,1,,,0,30,,77385,1,,,0,97,,77395,1,,,0,71,,77400,1,,,0,33,,77387,1,,,0,71,,77394,1,,,0,33,,77393,1,,,0,63,,77391,1,,,0,38,,77402,1,,,0,69,,77408,1,,,0,31,,77401,1,,,0,71,,77409,1,,,0,29,,77403,1,,,0,101,,77376,1,,,0,100,,77392,1,,,0,142,,77386,1,,,0
667400,'2_merged_15288065',533,,77438,1,,,0,85,,77410,1,,,0,100,,77411,1,,,0,30,,77442,1,,,0,70,,77412,1,,,0,32,,77441,1,,,0,60,,77413,1,,,0,31,,77414,1,,,0,73,,77415,1,,,0,36,,77416,1,,,0,71,,77417,1,,,0,31,,77418,1,,,0,71,,77419,1,,,0,30,,77420,1,,,0,70,,77421,1,,,0,30,,77422,1,,,0,72,,77423,1,,,0,28,,77424,1,,,0,70,,77425,1,,,0,30,,77426,1,,,0,73,,77427,1,,,0,28,,77428,1,,,0,70,,77429,1,,,0,30,,77430,1,,,0,70,,77431,1,,,0,30,,77432,1,,,0,70,,77439,1,,,0,30,,77433,1,,,0,70,,77440,1,,,0,30,,77434,1,,,0,70,,77443,1,,,0,30,,77435,1,,,0,70,,77444,1,,,0,30,,77436,1,,,0,100,,77437,1,,,0
667400,'3_merged_15288064',730,,77471,1,,,0,89,,77445,1,,,0,30,,77446,1,,,0,68,,77469,1,,,0,31,,77470,1,,,0,69,,77447,1,,,0,31,,77448,1,,,0,70,,77449,1,,,0,30,,77450,1,,,0,70,,77451,1,,,0,30,,77452,1,,,0,70,,77453,1,,,0,30,,77454,1,,,0,70,,77455,1,,,0,30,,77456,1,,,0,70,,77457,1,,,0,30,,77458,1,,,0,70,,77459,1,,,0,30,,77460,1,,,0,71,,77461,1,,,0,32,,77462,1,,,0,70,,77463,1,,,0,30,,77464,1,,,0,70,,77472,1,,,0,30,,77465,1,,,0,70,,77473,1,,,0,31,,77466,1,,,0,70,,77474,1,,,0,30,,77467,1,,,0,70,,77475,1,,,0,33,,77468,1,,,0
