667600,'1_merged_15291795',540,,77799,2,,,0,79,,77800,2,,,0,14,,77801,2,,,0,12,,77822,2,,,0,57,,77817,2,,,0,16,,77802,2,,,0,14,,77798,2,,,0,13,,77780,2,,,0,57,,77787,2,,,0,20,,77803,2,,,0,33,,77814,2,,,0,68,,77809,2,,,0,30,,77811,2,,,0,69,,77830,2,,,0,30,,77829,2,,,0,69,,77810,2,,,0,28,,77828,2,,,0,68,,77831,2,,,0,32,,77794,2,,,0,70,,77824,2,,,0,31,,77808,2,,,0,69,,77813,2,,,0,30,,77786,2,,,0,70,,77812,2,,,0,17,,77833,2,,,0,17,,77788,2,,,0,50,,77834,2,,,0,15,,77782,2,,,0,16,,77783,2,,,0,18,,77790,2,,,0,60,,77796,2,,,0,11,,77797,2,,,0,11,,77806,2,,,0,18,,77785,2,,,0,51,,77827,2,,,0,18,,77804,2,,,0,12,,77820,2,,,0,18,,77815,2,,,0,54,,77826,2,,,0,29,,77807,2,,,0,71,,77805,2,,,0,31,,77823,2,,,0,70,,77784,2,,,0,30,,77821,2,,,0,70,,77816,2,,,0,35,,77795,2,,,0,68,,77789,2,,,0,28,,77825,2,,,0,69,,77781,2,,,0,30,,77791,2,,,0,70,,77819,2,,,0,35,,77818,2,,,0
667600,'2_merged_15291797',606,,77866,2,,,0,30,,77838,2,,,0,70,,77875,2,,,0,30,,77848,2,,,0,70,,77870,2,,,0,29,,77859,2,,,0,76,,77858,2,,,0,40,,77844,2,,,0,71,,77867,2,,,0,30,,77843,2,,,0,70,,77871,2,,,0,30,,77876,2,,,0,70,,77869,2,,,0,30,,77850,2,,,0,70,,77837,2,,,0,30,,77874,2,,,0,70,,77855,2,,,0,30,,77840,2,,,0,70,,77856,2,,,0,30,,77847,2,,,0,70,,77857,2,,,0,30,,77841,2,,,0,70,,77846,2,,,0,30,,77842,2,,,0,70,,77860,2,,,0,28,,77872,2,,,0,55,,77861,2,,,0,29,,77873,2,,,0,71,,77839,2,,,0,30,,77836,2,,,0,70,,77845,2,,,0,30,,77852,2,,,0,70,,77854,2,,,0,30,,77853,2,,,0,70,,77862,2,,,0,30,,77868,2,,,0,70,,77863,2,,,0,31,,77851,2,,,0,72,,77864,2,,,0,32,,77849,2,,,0
667600,'3_merged_15291796',734,,77890,2,,,0,100,,77889,2,,,0,68,,77908,2,,,0,30,,77907,2,,,0,70,,77909,2,,,0,31,,77902,2,,,0,70,,77879,2,,,0,30,,77878,2,,,0,72,,77906,2,,,0,30,,77905,2,,,0,69,,77891,2,,,0,30,,77885,2,,,0,70,,77897,2,,,0,32,,77898,2,,,0,70,,77899,2,,,0,30,,77900,2,,,0,70,,77883,2,,,0,29,,77886,2,,,0,70,,77903,2,,,0,29,,77881,2,,,0,70,,77894,2,,,0,30,,77904,2,,,0,71,,77882,2,,,0,33,,77893,2,,,0,67,,77887,2,,,0,30,,77896,2,,,0,70,,77884,2,,,0,29,,77880,2,,,0,71,,77888,2,,,0,30,,77895,2,,,0,69,,77901,2,,,0,36,,77892,2,,,0
667700,'101_merged_15291802',1554,,78039,2,,,0
667700,'1101_merged_15291806',2507,,78040,2,,,0
667700,'1201_merged_15291788',2507,,78041,2,,,0
667700,'1_merged_15291795',604,,78079,2,,,0,29,,78052,2,,,0,71,,78060,2,,,0,29,,78067,2,,,0,71,,78077,2,,,0,28,,78063,2,,,0,78,,78047,2,,,0,24,,78085,2,,,0,87,,78046,2,,,0,31,,78054,2,,,0,68,,78061,2,,,0,30,,78059,2,,,0,70,,78058,2,,,0,31,,78068,2,,,0,71,,78045,2,,,0,29,,78083,2,,,0,55,,78048,2,,,0,30,,78049,2,,,0,65,,78042,2,,,0,20,,78073,2,,,0,14,,78053,2,,,0,70,,78056,2,,,0,19,,78064,2,,,0,12,,78057,2,,,0,18,,78074,2,,,0,54,,78069,2,,,0,19,,78080,2,,,0,20,,78084,2,,,0,53,,78070,2,,,0,16,,78081,2,,,0,12,,78078,2,,,0,16,,78071,2,,,0,10,,78051,2,,,0,52,,78072,2,,,0,14,,78066,2,,,0,16,,78086,2,,,0,17,,78062,2,,,0,57,,78044,2,,,0,15,,78082,2,,,0,11,,78043,2,,,0,69,,78075,2,,,0,29,,78065,2,,,0,70,,78055,2,,,0,30,,78088,2,,,0,70,,78076,2,,,0,30,,78087,2,,,0,70,,78050,2,,,0
667700,'2_merged_15291797',638,,78116,2,,,0,66,,78117,2,,,0,30,,78096,2,,,0,70,,78124,2,,,0,30,,78125,2,,,0,70,,78092,2,,,0,30,,78122,2,,,0,69,,78099,2,,,0,32,,78130,2,,,0,71,,78094,2,,,0,28,,78129,2,,,0,71,,78131,2,,,0,30,,78097,2,,,0,70,,78095,2,,,0,32,,78134,2,,,0,16,,78105,2,,,0,60,,78132,2,,,0,22,,78090,2,,,0,19,,78115,2,,,0,59,,78121,2,,,0,22,,78120,2,,,0,19,,78114,2,,,0,60,,78091,2,,,0,20,,78098,2,,,0,20,,78113,2,,,0,64,,78133,2,,,0,19,,78100,2,,,0,20,,78112,2,,,0,63,,78126,2,,,0,20,,78123,2,,,0,64,,78111,2,,,0,16,,78104,2,,,0,15,,78101,2,,,0,15,,78119,2,,,0,56,,78110,2,,,0,30,,78127,2,,,0,72,,78118,2,,,0,28,,78102,2,,,0,70,,78107,2,,,0,30,,78106,2,,,0,70,,78128,2,,,0,30,,78109,2,,,0,70,,78093,2,,,0,32,,78108,2,,,0,66,,78103,2,,,0,36,,78089,2,,,0
667700,'3_merged_15291796',806,,78152,2,,,0,30,,78146,2,,,0,70,,78155,2,,,0,29,,78145,2,,,0,69,,78153,2,,,0,30,,78144,2,,,0,69,,78154,2,,,0,30,,78135,2,,,0,69,,78156,2,,,0,32,,78143,2,,,0,69,,78139,2,,,0,32,,78151,2,,,0,70,,78158,2,,,0,31,,78150,2,,,0,13,,78172,2,,,0,70,,78159,2,,,0,15,,78149,2,,,0,17,,78171,2,,,0,69,,78162,2,,,0,16,,78148,2,,,0,15,,78170,2,,,0,71,,78160,2,,,0,13,,78147,2,,,0,16,,78169,2,,,0,71,,78157,2,,,0,14,,78142,2,,,0,17,,78168,2,,,0,68,,78137,2,,,0,15,,78141,2,,,0,19,,78167,2,,,0,65,,78136,2,,,0,17,,78140,2,,,0,68,,78138,2,,,0,30,,78166,2,,,0,72,,78163,2,,,0,30,,78165,2,,,0,70,,78161,2,,,0,34,,78164,2,,,0
667800,'1_merged_15291795',532,,78330,2,,,0,15,,78332,2,,,0,73,,78334,2,,,0,21,,78346,2,,,0,14,,78314,2,,,0,53,,78310,2,,,0,15,,78349,2,,,0,12,,78323,2,,,0,17,,78350,2,,,0,71,,78343,2,,,0,26,,78320,2,,,0,73,,78348,2,,,0,32,,78342,2,,,0,66,,78316,2,,,0,30,,78321,2,,,0,69,,78335,2,,,0,30,,78352,2,,,0,70,,78325,2,,,0,30,,78315,2,,,0,68,,78317,2,,,0,32,,78326,2,,,0,71,,78340,2,,,0,31,,78322,2,,,0,59,,78351,2,,,0,22,,78355,2,,,0,19,,78356,2,,,0,54,,78339,2,,,0,17,,78345,2,,,0,16,,78354,2,,,0,17,,78312,2,,,0,52,,78341,2,,,0,18,,78353,2,,,0,11,,78327,2,,,0,21,,78328,2,,,0,50,,78309,2,,,0,10,,78338,2,,,0,10,,78311,2,,,0,10,,78313,2,,,0,20,,78329,2,,,0,54,,78318,2,,,0,30,,78324,2,,,0,70,,78337,2,,,0,31,,78319,2,,,0,78,,78336,2,,,0,30,,78331,2,,,0,98,,78333,2,,,0,99,,78344,2,,,0,100,,78347,2,,,0
667800,'2_merged_15291797',620,,78366,2,,,0,30,,78358,2,,,0,70,,78379,2,,,0,30,,78359,2,,,0,71,,78390,2,,,0,30,,78389,2,,,0,70,,78381,2,,,0,30,,78391,2,,,0,69,,78387,2,,,0,30,,78363,2,,,0,70,,78361,2,,,0,28,,78357,2,,,0,73,,78362,2,,,0,29,,78364,2,,,0,70,,78392,2,,,0,31,,78365,2,,,0,69,,78375,2,,,0,29,,78382,2,,,0,70,,78371,2,,,0,30,,78383,2,,,0,73,,78372,2,,,0,29,,78384,2,,,0,69,,78373,2,,,0,31,,78388,2,,,0,70,,78376,2,,,0,30,,78385,2,,,0,70,,78367,2,,,0,30,,78386,2,,,0,71,,78369,2,,,0,30,,78377,2,,,0,68,,78393,2,,,0,17,,78368,2,,,0,71,,78380,2,,,0,30,,78378,2,,,0,100,,78374,2,,,0,100,,78370,2,,,0
667800,'3_merged_15291796',818,,78418,2,,,0,31,,78422,2,,,0,70,,78417,2,,,0,28,,78402,2,,,0,63,,78416,2,,,0,30,,78401,2,,,0,71,,78415,2,,,0,36,,78420,2,,,0,73,,78414,2,,,0,32,,78421,2,,,0,69,,78413,2,,,0,30,,78398,2,,,0,71,,78412,2,,,0,30,,78395,2,,,0,70,,78411,2,,,0,30,,78396,2,,,0,70,,78410,2,,,0,30,,78394,2,,,0,70,,78409,2,,,0,30,,78403,2,,,0,69,,78408,2,,,0,32,,78397,2,,,0,70,,78407,2,,,0,30,,78400,2,,,0,71,,78406,2,,,0,25,,78404,2,,,0,92,,78399,2,,,0,95,,78423,2,,,0,105,,78405,2,,,0,96,,78424,2,,,0
683700,'1101_merged_15291806',2650,,95616,28,,,0
683700,'1201_merged_15291788',2650,,95617,28,,,0
683700,'1_merged_15291795',2530,,95624,28,,,0,20,,95623,28,,,0,60,,95619,28,,,0,29,,95622,28,,,0,74,,95621,28,,,0,19,,95620,28,,,0,68,,95618,28,,,0
683700,'2_merged_15291797',516,,95633,2,,,0,2020,,95627,28,,,0,22,,95632,28,,,0,54,,95626,28,,,0,19,,95631,28,,,0,20,,95628,28,,,0,70,,95630,28,,,0,12,,95629,28,,,0,74,,95625,28,,,0
683700,'3_merged_15291796',546,,95642,2,,,0,74,,95643,2,,,0,31,,95644,2,,,0,68,,95645,22,,,0,1688,,95638,28,,,0,32,,95637,28,,,0,70,,95636,28,,,0,39,,95635,28,,,0,71,,95634,28,,,0,24,,95641,28,,,0,88,,95640,28,,,0,25,,95639,28,,,0
