'101',661901,152300,0,'Granville',0
'1merged14313281',661901,51740,0,'Alma',0,2000,0,'Alma',0,2000,0,'Alma',0,5500,0,'Alma',0,1500,0,'Alma',0,1500,0,'Alma',0,1200,,'',0,4900,,'',0,560,0,'Granville',0,920,,'',0,780,0,'Granville',0,800,,'',0,900,0,'Granville',0,900,,'',0,4800,0,'Granville',0,900,,'',0,800,0,'Granville',0,830,,'',0,790,0,'Granville',0,800,,'',0,600,0,'Granville',0,700,,'',0,4700,,'',0,700,0,'Granville',0,830,,'',0,800,0,'Granville',0,900,,'',0,800,0,'Granville',0,800,0,'Alma',0,1000,0,'Granville',0,5200,0,'Alma',0,1200,0,'Granville',0,1200,0,'Alma',0,1250,0,'Granville',0,5200,0,'Alma',0,1200,0,'Granville',0,1200,0,'Alma',0,1200,0,'Granville',0,1100,0,'Alma',0,1200,0,'Granville',0,5200,0,'Alma',0,1200,0,'Granville',0,1100,0,'Alma',0,1300,0,'Granville',0,1200,0,'Alma',0,5200,0,'Granville',0,1300,0,'Alma',0,1300,0,'Granville',0,1200,,'',0,5200,0,'Granville',0,1100,,'',0,900,0,'Granville',0,900,,'',0,900,0,'Granville',0,1000,,'',0,800,0,'Granville',0,4800,,'',0,700,0,'Granville',0,600,,'',0,1000,,'',0,800,0,'Granville',0,800,,'',0,800,0,'Granville',0,700,,'',0,4600,0,'Granville',0,600,,'',0,700,0,'Granville',0,600,,'',0,700,0,'Granville',0,600,,'',0,600,,'',0,400,0,'Granville',0,600,0,'Granville',0,600,,'',0,4600,0,'Granville',0,700,,'',0,800,0,'Granville',0,700,0,'Alma',0,700,0,'Alma',0,600,0,'Granville',0,900,0,'Granville',0,500,0,'Alma',0,4900,0,'Alma',0,1000,0,'Alma',0,1100,0,'Alma',0,1000,0,'Alma',0,900,0,'Alma',0,1120,0,'Alma',0,5000,0,'Alma',0,1000,0,'Granville',0,1120,0,'Alma',0,1500,0,'Alma',0,1500,0,'Alma',0,5500,0,'Alma',0,1500,0,'Alma',0,1500,0,'Alma',0,1500,0,'Alma',0,5500,0,'Alma',0,1500,0,'Alma',0,1500,0,'Alma',0,1510,0,'Alma',0,5500,0,'Alma',0,1500,0,'Alma',0,1500,0,'Alma',0,1560,0,'Alma',0,5500,0,'Alma',0,1500,0,'Alma',0,800,0,'Granville',0,2500,0,'Alma',0,7000,0,'Granville',0,2700,0,'Granville',0,7000,0,'Granville',0,3300,0,'Granville',0,7000,0,'Granville',0
'2merged14313283',661901,51950,0,'Alma',0,2000,0,'Alma',0,1900,0,'Alma',0,6100,0,'Alma',0,2000,0,'Alma',0,2000,0,'Alma',0,5400,0,'Alma',0,1500,0,'Alma',0,1500,0,'Alma',0,1500,0,'Alma',0,5500,0,'Alma',0,1470,0,'Alma',0,1500,0,'Alma',0,1300,0,'Alma',0,5500,0,'Alma',0,1500,0,'Alma',0,1500,0,'Alma',0,1200,0,'Alma',0,6400,0,'Alma',0,2400,0,'Alma',0,6380,0,'Alma',0,2200,0,'Alma',0,2300,0,'Alma',0,6400,0,'Alma',0,2300,0,'Alma',0,6500,0,'Alma',0,2400,0,'Alma',0,2200,0,'Alma',0,6000,0,'Alma',0,2000,0,'Alma',0,2000,0,'Alma',0,6100,0,'Alma',0,2000,0,'Alma',0,2000,0,'Alma',0,6000,0,'Alma',0,2000,0,'Alma',0,1950,0,'Alma',0,6070,0,'Alma',0,2000,0,'Alma',0,2000,0,'Granville',0,5800,0,'Alma',0,2120,0,'Alma',0,1400,0,'Alma',0,1400,0,'Alma',0,5400,0,'Alma',0,1500,0,'Alma',0,800,0,'Granville',0,700,0,'Alma',0,1500,0,'Alma',0,5500,0,'Alma',0,1500,0,'Alma',0,1500,0,'Alma',0,1510,0,'Alma',0,5500,0,'Alma',0,1500,0,'Alma',0,1400,0,'Alma',0,1400,0,'Alma',0,5400,0,'Alma',0,1400,0,'Alma',0,1400,0,'Alma',0,6900,0,'Alma',0,2800,0,'Alma',0,7000,0,'Alma',0,2600,0,'Granville',0,2800,0,'Granville',0,7000,0,'Granville',0,3300,0,'Granville',0,7000,0,'Granville',0
'3merged14313282',661901,55050,0,'Alma',0,6000,0,'Alma',0,2300,0,'Alma',0,2000,0,'Alma',0,6000,0,'Alma',0,2200,0,'Alma',0,1500,0,'Alma',0,5500,0,'Alma',0,1500,0,'Alma',0,1500,0,'Alma',0,1400,0,'Alma',0,5500,0,'Alma',0,1500,0,'Alma',0,1500,0,'Alma',0,1470,0,'Alma',0,5500,0,'Alma',0,1500,0,'Alma',0,1500,0,'Alma',0,1400,0,'Alma',0,6000,0,'Alma',0,2000,0,'Alma',0,2000,0,'Alma',0,6000,0,'Alma',0,2000,0,'Alma',0,2000,0,'Alma',0,6000,0,'Alma',0,1930,0,'Alma',0,2200,0,'Alma',0,6000,0,'Alma',0,1970,0,'Alma',0,2000,0,'Alma',0,6000,0,'Alma',0,2000,0,'Alma',0,2000,0,'Alma',0,6000,0,'Alma',0,2120,0,'Alma',0,1900,0,'Alma',0,5900,0,'Alma',0,2000,0,'Alma',0,2100,0,'Alma',0,6100,0,'Granville',0,2100,0,'Alma',0,900,0,'Granville',0,6300,0,'Alma',0,1510,0,'Alma',0,1400,0,'Alma',0,1500,0,'Alma',0,5500,0,'Alma',0,1500,0,'Alma',0,1500,0,'Alma',0,1400,0,'Alma',0,5600,0,'Alma',0,1500,0,'Alma',0,1500,0,'Alma',0,1500,0,'Alma',0,5500,0,'Alma',0,1400,0,'Alma',0,1500,0,'Alma',0,1500,0,'Alma',0,5500,0,'Alma',0,1500,0,'Alma',0,1500,0,'Alma',0,1500,0,'Alma',0,5600,0,'Alma',0,1400,0,'Alma',0,1400,0,'Granville',0,7400,0,'Granville',0,1900,0,'Granville',0,8000,0,'Granville',0,2300,0,'Granville',0
'1merged14313281',664101,53910,0,'Alma',0,800,,'',0,700,0,'Alma',0,4590,,'',0,800,,'',0,600,,'',0,600,,'',0,600,,'',0,600,,'',0,400,,'',0,300,,'',0,700,,'',0,400,,'',0,300,,'',0,400,,'',0,4600,,'',0,600,,'',0,300,,'',0,200,,'',0,300,,'',0,600,,'',0,200,,'',0,230,,'',0,600,,'',0,300,,'',0,300,,'',0,700,,'',0,200,,'',0,900,,'',0,5200,,'',0,1200,,'',0,1500,,'',0,47610,,'',0,900,,'',0,3200,,'',0,4800,,'',0,1100,,'',0,600,,'',0,300,,'',0,300,,'',0,600,,'',0,600,,'',0,600,,'',0,1000,,'',0,600,,'',0,4600,,'',0,600,,'',0,190,,'',0,800,,'',0,300,,'',0,900,,'',0,900,,'',0,1200,,'',0,4900,,'',0
'2merged14313283',664101,53730,,'',0,1500,,'',0,5480,,'',0,1500,,'',0,1200,,'',0,990,,'',0,5900,,'',0,3000,,'',0,8700,,'',0,1700,,'',0,2100,,'',0,6000,,'',0,1300,,'',0,22630,,'',0,6500,,'',0,2670,,'',0,8740,,'',0
'3merged14313282',664101,65310,,'',0,6100,,'',0,1500,,'',0,1490,,'',0,1300,,'',0,7200,,'',0,9800,,'',0,2000,,'',0,5800,,'',0,3500,,'',0,7140,,'',0,3560,,'',0
'1merged14313281',684101,41730,,'',0,2900,,'',0,1200,,'',0,204400,,'',0,3000,,'',0,7500,,'',0,3000,,'',0,7000,,'',0,3500,,'',0
'2merged14313283',684101,41420,,'',0,3000,,'',0,7200,,'',0,2800,,'',0,7000,,'',0,189000,,'',0,3500,,'',0,8000,,'',0,2000,,'',0,7000,,'',0,3500,,'',0
'3merged14313282',684101,41620,,'',0,3000,,'',0,7000,,'',0,3000,,'',0,5500,,'',0,1500,,'',0,1500,,'',0,1500,,'',0,178700,,'',0,7300,,'',0,3000,,'',0,6710,,'',0,3000,,'',0,7600,,'',0,3200,,'',0
