674900,'101_merged_15524987',724,,150770,17,0,62 63 64,0
674900,'1_merged_15524980',537,,150835,17,,,0,13,,150836,17,,,0,57,,150837,17,,,0,17,,150838,17,,,0,15,,150839,17,,,0,16,,150840,17,,,0,56,,150841,17,,,0,30,,150842,17,,,0,15,,150843,17,0,58 59,0,55,,150844,17,0,58 59,0,12,,150781,17,,,0,14,,150826,17,0,58 59,0,18,,150827,17,,,0,55,,150828,17,0,58 59,0,15,,150829,17,,,0,8,,150830,17,0,60 61 8,0,9,,150831,17,0,58 59,0,13,,150832,17,,,0,55,,150833,17,0,58 59,0,15,,150834,17,,,0,15,,150782,17,0,58 59,0,15,,150807,17,,,0,55,,150808,17,0,58 59,0,15,,150809,17,,,0,15,,150810,17,0,58 59,0,17,,150811,17,,,0,55,,150812,17,0,58 59,0,15,,150813,17,,,0,12,,150814,17,0,58 59,0,17,,150815,17,,,0,54,,150816,17,0,58 59,0,15,,150817,17,,,0,17,,150818,17,0,58 59,0,13,,150819,17,,,0,57,,150820,17,0,60 61 8,0,36,,150821,17,,,0,55,,150822,17,,,0,15,,150823,17,,,0,16,,150824,17,,,0,17,,150825,17,,,0,54,,150773,17,,,0,14,,150779,17,,,0,23,,150801,17,,,0,7,,150783,17,,,0,63,,150772,17,,,0,6,,150802,17,,,0,24,,150803,17,,,0,6,,150804,17,,,0,55,,150805,17,,,0,21,,150806,17,,,0,5,,150780,17,,,0,19,,150774,17,,,0,9,,150784,17,,,0,56,,150785,17,,,0,14,,150796,17,,,0,16,,150797,17,,,0,14,,150798,17,,,0,53,,150799,17,0,60 61 8,0,17,,150800,17,,,0,15,,150778,17,,,0,16,,150775,17,,,0,56,,150788,17,0,60 61 8,0,12,,150789,17,,,0,30,,150790,17,,,0,70,,150791,17,,,0,30,,150776,17,,,0,69,,150793,17,,,0,30,,150787,17,,,0,67,,150792,17,,,0,30,,150777,17,,,0,70,,150795,17,0,58 59,0,29,,150786,17,0,58 59,0,70,,150794,17,0,58 59,0
674900,'201',723,,150845,17,,,0
674900,'2_merged_15524982',625,,150848,17,,,0,30,,150849,17,,,0,67,,150850,17,,,0,15,,150851,17,,,0,15,,150852,17,0,58 59,0,55,,150853,17,,,0,10,,150854,17,0,58 59,0,15,,150855,17,,,0,15,,150856,17,0,58 59,0,55,,150857,17,,,0,16,,150858,17,0,58 59,0,16,,150859,17,,,0,15,,150860,17,0,58 59,0,54,,150861,17,,,0,15,,150862,17,0,58 59,0,18,,150863,17,,,0,15,,150864,17,0,58 59,0,54,,150865,17,,,0,15,,150866,17,0,58 59,0,15,,150867,17,,,0,16,,150868,17,0,58 59,0,55,,150869,17,,,0,17,,150870,17,0,58 59,0,15,,150871,17,,,0,12,,150872,17,0,58 59,0,55,,150873,17,,,0,15,,150874,17,0,58 59,0,16,,150875,17,,,0,15,,150876,17,0,58 59,0,55,,150877,17,,,0,15,,150878,17,0,58 59,0,17,,150879,17,,,0,15,,150880,17,0,58 59,0,55,,150881,17,,,0,15,,150882,17,0,58 59,0,13,,150883,17,,,0,15,,150884,17,0,58 59,0,57,,150885,17,,,0,13,,150886,17,0,58 59,0,15,,150887,17,,,0,15,,150888,17,0,58 59,0,54,,150889,17,,,0,15,,150890,17,0,58 59,0,15,,150891,17,,,0,15,,150892,17,0,58 59,0,55,,150893,17,,,0,15,,150894,17,0,58 59,0,14,,150895,17,,,0,15,,150896,17,,,0,55,,150897,17,,,0,20,,150898,17,,,0,20,,150899,17,,,0,57,,150900,17,,,0,22,,150901,17,,,0,20,,150902,17,,,0,59,,150903,17,,,0,24,,150904,17,,,0,30,,150905,17,,,0,70,,150906,17,,,0,30,,150907,17,,,0,68,,150908,17,,,0,30,,150909,17,,,0,70,,150910,17,,,0,30,,150911,17,,,0,68,,150912,17,0,58 59,0,35,,150846,17,0,58 59,0,65,,150847,17,0,58 59,0
674900,'3_merged_15524981',628,,150942,17,,,0,72,,150941,17,,,0,23,,150947,17,,,0,31,,150946,17,,,0,55,,150958,17,0,58 59,0,16,,150957,17,,,0,15,,150956,17,0,58 59,0,15,,150955,17,,,0,56,,150954,17,0,58 59,0,16,,150953,17,,,0,15,,150977,17,0,58 59,0,16,,150976,17,,,0,55,,150952,17,0,58 59,0,16,,150951,17,,,0,15,,150950,17,0,58 59,0,13,,150949,17,,,0,50,,150948,17,0,58 59,0,14,,150945,17,,,0,16,,150944,17,0,58 59,0,15,,150943,17,,,0,53,,150969,17,0,58 59,0,19,,150917,17,,,0,15,,150916,17,0,58 59,0,15,,150915,17,,,0,54,,150914,17,0,58 59,0,16,,150913,17,,,0,15,,150975,17,0,58 59,0,9,,150974,17,,,0,63,,150973,17,0,58 59,0,15,,150972,17,,,0,15,,150971,17,0,58 59,0,15,,150970,17,,,0,55,,150968,17,0,58 59,0,14,,150967,17,,,0,14,,150966,17,0,58 59,0,14,,150965,17,,,0,5,,150964,17,0,58 59,0,65,,150963,17,,,0,15,,150962,17,0,58 59,0,15,,150961,17,,,0,53,,150960,17,0,58 59,0,17,,150959,17,,,0,16,,150930,17,0,58 59,0,14,,150940,17,,,0,56,,150939,17,0,58 59,0,19,,150938,17,,,0,15,,150937,17,0,58 59,0,15,,150936,17,,,0,54,,150935,17,0,58 59,0,14,,150934,17,,,0,15,,150933,17,0,58 59,0,15,,150932,17,,,0,55,,150931,17,0,58 59,0,15,,150929,17,,,0,15,,150928,17,0,58 59,0,11,,150927,17,,,0,60,,150926,17,,,0,20,,150925,17,,,0,71,,150924,17,,,0,31,,150923,17,,,0,70,,150922,17,,,0,28,,150921,17,,,0,70,,150920,17,,,0,31,,150919,17,,,0,101,,150918,17,0,58 59,0
674900,'701_merged_15524974',1433,,150978,17,0,62 63 121 122 123,0
674900,'801_merged_15524992',1428,,150979,17,,,0
722400,'1_merged_15524980',549,,155834,24,,,0,60,,155832,24,,,0,24,,155809,24,,,0,10,,155807,24,,,0,61,,155835,24,,,0,7,,155839,24,,,0,24,,155833,24,,,0,20,,155830,24,,,0,51,,155836,24,,,0,26,,155829,24,,,0,18,,155828,24,,,0,63,,155840,24,,,0,17,,155825,24,,,0,72,,155824,24,,,0,26,,155822,24,,,0,30,,155821,24,,,0,70,,155820,24,,,0,73,,155819,24,,,0,30,,155818,24,,,0,70,,155817,24,,,0,30,,155823,24,,,0,71,,155816,24,,,0,33,,155831,24,,,0,70,,155827,24,,,0,31,,155837,24,,,0,20,,155826,24,,,0,60,,155815,24,,,0,26,,155838,24,,,0,14,,155814,24,,,0,60,,155806,24,,,0,17,,155804,24,,,0,15,,155841,24,,,0,55,,155813,24,,,0,21,,155812,24,,,0,33,,155811,24,,,0,61,,155810,24,,,0,19,,155805,24,,,0,63,,155808,24,,,0,32,,155845,24,,,0
3454000,'1_merged_15524980',534,,168493,6,,,0,70,,168494,6,,,0,30,,168495,6,,,0,70,,168496,6,,,0,31,,168497,6,,,0,70,,168498,6,,,0,30,,168499,6,,,0,80,,168500,6,,,0,40,,168501,6,,,0,81,,168502,6,,,0,80,,168503,6,,,0,40,,168504,6,,,0,81,,168505,6,,,0,80,,168506,6,,,0,40,,168507,6,,,0,80,,168508,6,,,0,82,,168509,6,,,0,29,,168510,6,,,0,70,,168511,6,,,0,40,,168512,6,,,0,70,,168513,6,,,0,30,,168514,6,,,0,80,,168515,6,,,0,90,,168516,6,,,0,80,,168517,6,,,0,40,,168518,6,,,0,79,,168519,6,,,0,80,,168520,6,,,0
3454000,'2_merged_15524982',856,,168521,6,,,0,85,,168522,6,,,0,85,,168523,6,,,0,85,,168524,6,,,0,45,,168525,6,,,0,85,,168526,6,,,0,85,,168527,6,,,0,85,,168528,6,,,0,45,,168529,6,,,0,85,,168530,6,,,0,85,,168531,6,,,0,85,,168532,6,,,0,45,,168533,6,,,0,85,,168534,6,,,0,85,,168535,6,,,0,85,,168536,6,,,0,45,,168537,6,,,0,85,,168538,6,,,0,85,,168539,6,,,0
3454000,'3_merged_15524981',856,,168540,6,,,0,85,,168541,6,,,0,85,,168542,6,,,0,85,,168543,6,,,0,45,,168544,6,,,0,85,,168545,6,,,0,85,,168546,6,,,0,85,,168547,6,,,0,45,,168548,6,,,0,85,,168549,6,,,0,85,,168550,6,,,0,85,,168551,6,,,0,45,,168552,6,,,0,85,,168553,6,,,0,85,,168554,6,,,0,85,,168555,6,,,0,45,,168556,6,,,0,85,,168557,6,,,0,85,,168558,6,,,0
