662201,'101_merged_15524987',1612,,121603,25,,,0
662201,'152201_merged_15524984',2050,,121604,25,,,0,56,,121605,25,,,0,18,,121606,25,,,0,20,,121607,25,,,0,60,,121608,25,,,0,21,,121609,25,,,0,19,,121610,25,,,0,62,,121611,25,,,0,20,,121612,25,,,0,23,,121613,25,,,0,72,,121614,25,,,0,30,,121615,25,,,0,70,,121616,25,,,0
662201,'152301_merged_15524986',2050,,121617,25,,,0,56,,121618,25,,,0,18,,121619,25,,,0,20,,121620,25,,,0,60,,121621,25,,,0,21,,121622,25,,,0,19,,121623,25,,,0,62,,121624,25,,,0,20,,121625,25,,,0,23,,121626,25,,,0,72,,121627,25,,,0,30,,121628,25,,,0,70,,121629,25,,,0
662201,'1_merged_15524980',526,,121631,30,,,0,17,,121632,30,,,0,57,,121633,30,,,0,19,,121634,30,,,0,12,,121635,25,,,0,13,,121636,30,,,0,12,,121637,25,,,0,52,,121638,25,,,0,12,,121639,25,,,0,12,,121640,25,,,0,12,,121641,30,,,0,12,,121642,25,,,0,54,,121643,25,,,0,12,,121644,25,,,0,12,,121645,25,,,0,10,,121646,25,,,0,10,,121647,25,,,0,50,,121648,25,,,0,10,,121649,25,,,0,11,,121650,25,,,0,10,,121707,25,,,0,10,,121651,25,,,0,12,,121652,25,,,0,52,,121653,25,,,0,11,,121654,25,,,0,12,,121709,25,,,0,12,,121655,25,,,0,12,,121656,25,,,0,52,,121657,25,,,0,12,,121658,25,,,0,12,,121710,25,,,0,12,,121659,25,,,0,12,,121660,25,,,0,52,,121661,25,,,0,13,,121662,25,,,0,12,,121711,25,,,0,12,,121663,25,,,0,12,,121664,25,,,0,52,,121665,25,,,0,12,,121666,25,,,0,12,,121712,25,,,0,12,,121667,25,,,0,12,,121668,25,,,0,52,,121669,25,,,0,12,,121670,25,,,0,12,,121671,25,,,0,13,,121672,25,,,0,12,,121673,25,,,0,52,,121674,25,,,0,12,,121675,25,,,0,11,,121676,25,,,0,8,,121677,25,,,0,8,,121678,25,,,0,8,,121679,25,,,0,47,,121680,25,,,0,15,,121681,25,,,0,8,,121682,25,,,0,7,,121683,25,,,0,8,,121684,25,,,0,7,,121685,25,,,0,8,,121686,25,,,0,46,,121687,25,,,0,8,,121708,25,,,0,7,,121688,25,,,0,8,,121689,25,,,0,8,,121690,25,,,0,8,,121691,25,,,0,8,,121692,25,,,0,8,,121693,25,,,0,48,,121694,25,,,0,9,,121695,25,,,0,10,,121696,25,,,0,10,,121697,25,,,0,10,,121698,25,,,0,12,,121699,25,,,0,52,,121700,25,,,0,13,,121701,25,,,0,15,,121702,25,,,0,15,,121703,25,,,0,55,,121704,25,,,0,15,,121705,25,,,0,15,,121706,25,,,0
662201,'201',1612,,121713,25,,,0
662201,'2_merged_15524982',530,,121775,30,,,0,20,,121723,30,,,0,60,,121785,30,,,0,20,,121783,25,,,0,19,,121719,30,,,0,56,,121716,25,,,0,15,,121778,30,,,0,16,,121724,25,,,0,15,,121782,25,,,0,55,,121721,30,,,0,16,,121714,25,,,0,15,,121779,25,,,0,15,,121777,25,,,0,55,,121792,25,,,0,15,,121720,25,,,0,15,,121788,25,,,0,19,,121715,25,,,0,55,,121725,25,,,0,13,,121732,25,,,0,12,,121798,25,,,0,12,,121733,25,,,0,52,,121734,25,,,0,12,,121735,25,,,0,12,,121744,25,,,0,12,,121799,25,,,0,11,,121737,25,,,0,12,,121781,25,,,0,52,,121738,25,,,0,12,,121739,25,,,0,12,,121800,25,,,0,12,,121740,25,,,0,12,,121741,25,,,0,52,,121742,25,,,0,12,,121743,25,,,0,12,,121745,25,,,0,12,,121746,25,,,0,12,,121747,25,,,0,51,,121748,25,,,0,10,,121749,25,,,0,9,,121750,25,,,0,9,,121751,25,,,0,9,,121793,25,,,0,10,,121752,25,,,0,50,,121753,25,,,0,10,,121754,25,,,0,10,,121755,25,,,0,10,,121756,25,,,0,11,,121796,25,,,0,10,,121757,25,,,0,50,,121758,25,,,0,10,,121759,25,,,0,10,,121760,25,,,0,10,,121761,25,,,0,10,,121794,25,,,0,10,,121762,25,,,0,50,,121763,25,,,0,10,,121764,25,,,0,10,,121765,25,,,0,11,,121766,25,,,0,10,,121795,25,,,0,10,,121767,25,,,0,50,,121768,25,,,0,11,,121769,25,,,0,10,,121770,25,,,0,10,,121771,25,,,0,9,,121772,25,,,0,52,,121797,25,,,0,12,,121773,25,,,0,11,,121726,25,,,0,16,,121727,25,,,0,15,,121736,25,,,0,56,,121728,25,,,0,14,,121729,25,,,0,14,,121730,25,,,0,15,,121731,25,,,0,55,,121791,25,,,0,17,,121722,25,,,0,20,,121718,25,,,0,60,,121776,25,,,0,20,,121786,25,,,0,21,,121790,25,,,0,62,,121774,25,,,0,20,,121787,25,,,0,23,,121717,25,,,0,70,,121780,25,,,0,30,,121784,25,,,0,70,,121789,25,,,0
662201,'3_merged_15524981',619,,121801,30,,,0,21,,121802,30,,,0,19,,121803,30,,,0,61,,121804,30,,,0,20,,121805,30,,,0,61,,121806,30,,,0,19,,121807,25,,,0,16,,121808,30,,,0,15,,121809,25,,,0,55,,121810,25,,,0,16,,121811,25,,,0,15,,121812,25,,,0,15,,121813,25,,,0,55,,121814,25,,,0,15,,121815,25,,,0,15,,121816,25,,,0,15,,121817,25,,,0,53,,121818,25,,,0,13,,121819,25,,,0,12,,121820,25,,,0,12,,121821,25,,,0,12,,121822,25,,,0,52,,121823,25,,,0,14,,121824,25,,,0,12,,121825,25,,,0,12,,121826,25,,,0,12,,121827,25,,,0,52,,121828,25,,,0,12,,121829,25,,,0,12,,121830,25,,,0,12,,121831,25,,,0,10,,121832,25,,,0,52,,121833,25,,,0,12,,121834,25,,,0,12,,121835,25,,,0,12,,121836,25,,,0,12,,121837,25,,,0,52,,121838,25,,,0,12,,121839,25,,,0,12,,121840,25,,,0,12,,121841,25,,,0,12,,121842,25,,,0,52,,121843,25,,,0,12,,121844,25,,,0,12,,121845,25,,,0,12,,121846,25,,,0,12,,121847,25,,,0,53,,121848,25,,,0,14,,121849,25,,,0,14,,121850,25,,,0,14,,121851,25,,,0,55,,121852,25,,,0,15,,121853,25,,,0,15,,121854,25,,,0,15,,121855,25,,,0,55,,121856,25,,,0,14,,121857,25,,,0,15,,121858,25,,,0,15,,121859,25,,,0,57,,121860,25,,,0,20,,121861,25,,,0,20,,121862,25,,,0,60,,121863,25,,,0,19,,121864,25,,,0,20,,121865,25,,,0,60,,121866,25,,,0,20,,121867,25,,,0,20,,121868,25,,,0,60,,121869,25,,,0,20,,121870,25,,,0,27,,121871,25,,,0,72,,121872,25,,,0,30,,121873,25,,,0,70,,121874,30,,,0
683801,'1_merged_15524980',2521,,155524,33,,,0,29,,155520,33,,,0,70,,155519,33,,,0,30,,155518,33,,,0,73,,155521,33,,,0,27,,155522,33,,,0,69,,155523,33,,,0,40,,155516,33,,,0,70,,155517,33,,,0
683801,'2_merged_15524982',2552,,155526,33,,,0,77,,155528,33,,,0,21,,155527,33,,,0,60,,155529,33,,,0,23,,155530,33,,,0,20,,155531,33,,,0,60,,155532,33,,,0,27,,155533,33,,,0,70,,155534,33,,,0,29,,155525,33,,,0
683801,'3_merged_15524981',2549,,155536,33,,,0,70,,155535,33,,,0,31,,155537,33,,,0,79,,155538,33,,,0,17,,155539,33,,,0,74,,155540,33,,,0,30,,155541,33,,,0,80,,155542,33,,,0
1671801,'1_merged_15524980',541,,158690,8,,,0,14,,158691,8,,,0,53,,158692,8,,,0,13,,158716,8,,,0,13,,158693,8,,,0,13,,158694,8,,,0,53,,158695,8,,,0,15,,158696,8,,,0,15,,158712,8,,,0,14,,158697,8,,,0,15,,158698,8,,,0,55,,158699,8,,,0,15,,158700,8,,,0,15,,158701,8,,,0,14,,158702,8,,,0,54,,158703,8,,,0,14,,158704,8,,,0,15,,158705,8,,,0,14,,158706,8,,,0,55,,158707,8,,,0,15,,158708,8,,,0,15,,158683,8,,,0,15,,158684,8,,,0,55,,158685,8,,,0,15,,158686,8,,,0,15,,158687,8,,,0,15,,158688,8,,,0,55,,158689,8,,,0,15,,158650,8,,,0,16,,158651,8,,,0,15,,158652,8,,,0,56,,158653,8,,,0,15,,158654,8,,,0,15,,158655,8,,,0,15,,158656,8,,,0,55,,158657,8,,,0,15,,158658,8,,,0,15,,158659,8,,,0,15,,158660,8,,,0,53,,158661,8,,,0,12,,158662,8,,,0,12,,158663,8,,,0,11,,158664,8,,,0,10,,158665,8,,,0,50,,158666,8,,,0,10,,158667,8,,,0,11,,158668,8,,,0,12,,158669,8,,,0,12,,158670,8,,,0,52,,158671,8,,,0,12,,158672,8,,,0,12,,158673,8,,,0,12,,158674,8,,,0,12,,158675,8,,,0,54,,158676,8,,,0,15,,158677,8,,,0,15,,158678,8,,,0,15,,158679,8,,,0,55,,158680,8,,,0
1671801,'291101',1832,,158717,8,0,10,0,15,,158718,8,0,10,0,10,,158719,8,0,10,0,60,,158720,8,0,10,0,15,,158721,8,0,10,0,15,,158722,8,0,10,0,55,,158723,8,0,10,0,15,,158724,8,0,10,0,15,,158725,8,0,10,0,15,,158726,8,0,10,0,55,,158727,8,0,10,0,15,,158728,8,0,10,0,15,,158729,8,0,10,0,15,,158730,8,0,10,0,55,,158731,8,0,10,0,15,,158732,8,0,10,0,15,,158733,8,0,10,0,15,,158734,8,0,10,0,55,,158735,8,0,10,0,15,,158736,8,0,10,0,15,,158737,8,0,10,0,15,,158738,8,0,10,0,55,,158739,8,0,10,0
1671801,'291102',1832,,158740,8,0,10,0,11,,158741,8,0,10,0,13,,158742,8,0,10,0,61,,158743,8,0,10,0,15,,158744,8,0,10,0,15,,158745,8,0,10,0,55,,158746,8,0,10,0,15,,158747,8,0,10,0,15,,158748,8,0,10,0,15,,158749,8,0,10,0,55,,158750,8,0,10,0,15,,158751,8,0,10,0,15,,158752,8,0,10,0,15,,158753,8,0,10,0,55,,158754,8,0,10,0,15,,158755,8,0,10,0,15,,158756,8,0,10,0,15,,158757,8,0,10,0,55,,158758,8,0,10,0,15,,158759,8,0,10,0,15,,158760,8,0,10,0,15,,158761,8,0,10,0,55,,158762,8,0,10,0
1671801,'291103',1834,,158763,8,0,10,0,15,,158764,8,0,10,0,53,,158765,8,0,10,0,15,,158766,8,0,10,0,15,,158767,8,0,10,0,15,,158768,8,0,10,0,55,,158769,8,0,10,0,15,,158770,8,0,10,0,15,,158771,8,0,10,0,15,,158772,8,0,10,0,55,,158773,8,0,10,0,15,,158774,8,0,10,0,15,,158775,8,0,10,0,15,,158776,8,0,10,0,55,,158777,8,0,10,0,15,,158778,8,0,10,0,15,,158779,8,0,10,0,15,,158780,8,0,10,0,55,,158781,8,0,10,0,15,,158782,8,0,10,0,15,,158783,8,0,10,0,15,,158784,8,0,10,0,55,,158785,8,0,10,0
1671801,'2_merged_15524982',540,,158834,8,,,0,18,,158835,8,,,0,55,,158847,8,,,0,14,,158848,8,,,0,15,,158849,8,,,0,15,,158850,8,,,0,54,,158851,8,,,0,15,,158852,8,,,0,15,,158853,8,,,0,15,,158803,8,,,0,56,,158854,8,,,0,15,,158855,8,,,0,16,,158856,8,,,0,16,,158857,8,,,0,55,,158858,8,,,0,15,,158859,8,,,0,16,,158860,8,,,0,55,,158861,8,,,0,16,,158862,8,,,0,12,,158846,8,,,0,12,,158797,8,,,0,12,,158798,8,,,0,52,,158799,8,,,0,12,,158800,8,,,0,11,,158796,8,,,0,12,,158801,8,,,0,12,,158802,8,,,0,52,,158804,8,,,0,12,,158805,8,,,0,12,,158828,8,,,0,10,,158806,8,,,0,10,,158807,8,,,0,10,,158808,8,,,0,50,,158809,8,,,0,10,,158810,8,,,0,10,,158829,8,,,0,10,,158820,8,,,0,10,,158821,8,,,0,10,,158822,8,,,0,50,,158823,8,,,0,10,,158824,8,,,0,10,,158830,8,,,0,10,,158825,8,,,0,10,,158826,8,,,0,9,,158827,8,,,0,50,,158811,8,,,0,10,,158793,8,,,0,10,,158831,8,,,0,10,,158812,8,,,0,10,,158813,8,,,0,11,,158814,8,,,0,50,,158815,8,,,0,10,,158816,8,,,0,10,,158832,8,,,0,10,,158817,8,,,0,10,,158818,8,,,0,10,,158819,8,,,0,50,,158836,8,,,0,10,,158837,8,,,0,10,,158833,8,,,0,12,,158838,8,,,0,12,,158839,8,,,0,52,,158840,8,,,0,12,,158841,8,,,0,12,,158842,8,,,0,12,,158843,8,,,0,13,,158844,8,,,0,53,,158845,8,,,0
1671801,'3_merged_15524981',613,,158944,8,,,0,22,,158945,8,,,0,22,,158946,8,,,0,62,,158947,8,,,0,16,,158957,8,,,0,15,,158948,8,,,0,56,,158949,8,,,0,16,,158950,8,,,0,15,,158951,8,,,0,15,,158952,8,,,0,54,,158953,8,,,0,15,,158954,8,,,0,15,,158955,8,,,0,15,,158956,8,,,0,55,,158879,8,,,0,15,,158881,8,,,0,15,,158882,8,,,0,15,,158883,8,,,0,55,,158884,8,,,0,15,,158885,8,,,0,15,,158935,8,,,0,15,,158886,8,,,0,55,,158887,8,,,0,13,,158888,8,,,0,12,,158936,8,,,0,12,,158889,8,,,0,11,,158893,8,,,0,51,,158894,8,,,0,12,,158895,8,,,0,12,,158937,8,,,0,12,,158896,8,,,0,12,,158897,8,,,0,52,,158898,8,,,0,12,,158899,8,,,0,12,,158938,8,,,0,12,,158900,8,,,0,12,,158880,8,,,0,52,,158901,8,,,0,12,,158902,8,,,0,12,,158939,8,,,0,12,,158903,8,,,0,12,,158904,8,,,0,52,,158905,8,,,0,12,,158906,8,,,0,13,,158940,8,,,0,12,,158907,8,,,0,13,,158908,8,,,0,52,,158909,8,,,0,12,,158910,8,,,0,13,,158941,8,,,0,13,,158911,8,,,0,13,,158942,8,,,0,55,,158912,8,,,0,15,,158913,8,,,0,15,,158914,8,,,0,15,,158915,8,,,0
