674901,'101_merged_15529707',1555,,150981,34,,,0,50,,150980,48,,,0
674901,'1_merged_15529700',426,,150994,34,,,0,31,,151023,34,,,0,62,,151024,48,,,0,31,,151025,48,,,0,9,,151026,34,,,0,63,,150983,48,,,0,9,,151027,34,,,0,22,,151028,48,,,0,51,,151029,48,,,0,20,,151030,48,,,0,8,,150990,48,,,0,22,,151031,48,,,0,50,,151032,48,,,0,19,,151033,48,,,0,17,,151034,48,,,0,13,,151035,34,,,0,58,,151036,48,,,0,15,,151037,48,,,0,15,,151038,34,,,0,14,,150991,48,,,0,55,,151039,34,,,0,15,,151040,48,,,0,15,,151041,34,,,0,15,,151042,48,,,0,55,,151043,34,,,0,15,,151044,48,,,0,8,,151045,35,,,0,19,,151046,48,,,0,57,,151047,34,,,0,16,,151048,48,,,0,15,,151049,34,,,0,15,,151050,48,,,0,54,,151051,34,,,0,15,,151052,48,,,0,15,,151053,34,,,0,18,,151054,48,,,0,56,,151055,34,,,0,15,,151056,48,,,0,17,,151012,34,,,0,14,,151013,48,,,0,59,,150989,48,,,0,26,,151014,48,,,0,67,,151015,48,,,0,17,,151016,48,,,0,7,,151017,35,,,0,5,,151018,48,,,0,18,,151019,48,,,0,54,,151020,48,,,0,15,,151021,48,,,0,15,,151022,48,,,0,15,,150985,48,,,0,52,,150988,48,,,0,13,,151010,48,,,0,13,,150997,48,,,0,15,,150998,48,,,0,55,,150999,48,,,0,12,,151000,48,,,0,15,,151001,48,,,0,15,,151002,48,,,0,55,,150992,48,,,0,17,,150984,48,,,0,14,,150996,48,,,0,15,,151003,48,,,0,70,,151004,48,,,0,29,,151005,48,,,0,56,,151006,35,,,0,17,,150986,48,,,0,20,,151011,48,,,0,19,,150995,35,,,0,61,,151007,48,,,0,22,,151008,48,,,0,70,,150987,48,,,0,29,,151009,48,,,0,70,,150993,48,,,0,29,,151057,48,,,0
674901,'201',1555,,151059,34,,,0,50,,151058,48,,,0
674901,'2_merged_15529702',552,,151060,48,,,0,70,,151061,34,,,0,26,,151062,48,,,0,66,,151063,34,,,0,19,,151064,48,,,0,15,,151065,34,,,0,55,,151066,48,,,0,13,,151067,34,,,0,16,,151068,48,,,0,16,,151069,34,,,0,55,,151070,48,,,0,15,,151071,34,,,0,18,,151072,48,,,0,15,,151073,34,,,0,57,,151074,48,,,0,15,,151075,34,,,0,15,,151076,48,,,0,15,,151077,34,,,0,54,,151078,48,,,0,15,,151079,34,,,0,17,,151080,48,,,0,14,,151081,34,,,0,54,,151082,48,,,0,18,,151083,34,,,0,15,,151084,48,,,0,15,,151085,34,,,0,55,,151086,48,,,0,15,,151087,34,,,0,16,,151088,48,,,0,15,,151089,34,,,0,55,,151090,48,,,0,15,,151091,34,,,0,15,,151092,48,,,0,15,,151093,34,,,0,58,,151094,48,,,0,15,,151095,34,,,0,15,,151096,48,,,0,12,,151097,34,,,0,54,,151098,48,,,0,14,,151099,34,,,0,15,,151100,48,,,0,20,,151101,34,,,0,55,,151102,48,,,0,15,,151103,34,,,0,15,,151104,48,,,0,14,,151105,34,,,0,55,,151106,48,,,0,15,,151107,34,,,0,15,,151108,48,,,0,15,,151109,34,,,0,54,,151110,48,,,0,11,,151111,34,,,0,18,,151112,48,,,0,15,,151113,48,,,0,54,,151114,48,,,0,15,,151115,48,,,0,23,,151116,48,,,0,70,,151117,48,,,0,29,,151118,48,,,0,70,,151119,48,,,0,27,,151120,48,,,0,70,,151121,48,,,0,28,,151122,48,,,0,70,,151123,48,,,0,30,,151124,48,,,0,70,,151125,48,,,0,26,,151126,48,,,0
674901,'3_merged_15529701',646,,151160,34,,,0,71,,151152,34,,,0,30,,151151,48,,,0,69,,151150,48,,,0,15,,151149,34,,,0,15,,151148,48,,,0,55,,151185,34,,,0,16,,151184,48,,,0,15,,151183,34,,,0,15,,151182,48,,,0,58,,151181,34,,,0,15,,151180,48,,,0,18,,151179,34,,,0,14,,151178,48,,,0,56,,151135,34,,,0,15,,151134,48,,,0,17,,151177,34,,,0,13,,151176,48,,,0,54,,151175,34,,,0,15,,151174,48,,,0,15,,151173,34,,,0,15,,151172,48,,,0,52,,151171,34,,,0,18,,151170,48,,,0,15,,151169,34,,,0,16,,151168,48,,,0,56,,151167,34,,,0,14,,151166,48,,,0,16,,151147,34,,,0,14,,151146,48,,,0,57,,151145,34,,,0,5,,151144,48,,,0,24,,151143,34,,,0,14,,151142,48,,,0,57,,151141,34,,,0,12,,151140,48,,,0,17,,151139,34,,,0,13,,151138,48,,,0,55,,151137,34,,,0,15,,151159,48,,,0,13,,151158,34,,,0,14,,151157,48,,,0,54,,151156,34,,,0,17,,151155,48,,,0,14,,151154,34,,,0,16,,151153,48,,,0,55,,151136,34,,,0,15,,151133,48,,,0,16,,151132,34,,,0,14,,151131,48,,,0,54,,151129,34,,,0,14,,151130,48,,,0,17,,151128,34,,,0,15,,151127,48,,,0,55,,151189,34,,,0,20,,151188,48,,,0,30,,151165,48,,,0,70,,151187,48,,,0,30,,151186,48,,,0,70,,151161,48,,,0,30,,151162,48,,,0,71,,151163,48,,,0,27,,151190,48,,,0,69,,151164,48,,,0
3003701,'101_merged_15529707',752,,161695,9,,,0,99,,161694,9,,,0,684,,161693,9,,,0
3003701,'1_merged_15529700',524,,161706,9,,,0,32,,161707,9,,,0,67,,161708,9,,,0,25,,161705,9,,,0,5,,161709,9,,,0,63,,161704,9,,,0,8,,161710,9,,,0,24,,161703,9,,,0,60,,161697,9,,,0,19,,161711,9,,,0,74,,161712,9,,,0,28,,161713,9,,,0,30,,161714,9,,,0,69,,161715,9,,,0,31,,161716,9,,,0,69,,161717,9,,,0,26,,161718,9,,,0,76,,161719,9,,,0,70,,161720,9,,,0,30,,161721,9,,,0,71,,161722,9,,,0,28,,161723,9,,,0,75,,161724,9,,,0,33,,161725,9,,,0,68,,161726,9,,,0,10,,161741,9,,,0,10,,161742,9,,,0,10,,161727,9,,,0,20,,161740,9,,,0,55,,161728,9,,,0,4,,161702,9,,,0,20,,161729,9,,,0,5,,161701,9,,,0,64,,161730,9,,,0,3,,161700,9,,,0,17,,161696,9,,,0,17,,161731,9,,,0,3,,161699,9,,,0,69,,161732,9,,,0,18,,161733,9,,,0,6,,161698,9,,,0,74,,161734,9,,,0,97,,161735,9,,,0,99,,161736,9,,,0,99,,161737,9,,,0,102,,161738,9,,,0,95,,161739,9,,,0
3003701,'201',752,,161743,9,,,0
3003701,'2_merged_15529702',651,,161747,9,,,0,71,,161762,9,,,0,31,,161748,9,,,0,70,,161769,9,,,0,32,,161749,9,,,0,70,,161770,9,,,0,31,,161750,9,,,0,71,,161763,9,,,0,29,,161751,9,,,0,72,,161764,9,,,0,31,,161752,9,,,0,70,,161765,9,,,0,74,,161753,9,,,0,30,,161766,9,,,0,70,,161754,9,,,0,30,,161767,9,,,0,70,,161755,9,,,0,28,,161768,9,,,0,70,,161774,9,,,0,30,,161771,9,,,0,70,,161756,9,,,0,28,,161772,9,,,0,30,,161744,9,,,0,69,,161773,9,,,0,30,,161745,9,,,0,145,,161746,9,,,0,98,,161757,9,,,0,99,,161758,9,,,0,58,,161759,9,,,0,100,,161760,9,,,0,97,,161761,9,,,0
3003701,'3_merged_15529701',657,,161788,9,,,0,101,,161790,9,,,0,142,,161791,9,,,0,103,,161792,9,,,0,101,,161789,9,,,0,30,,161793,9,,,0,70,,161775,9,,,0,30,,161794,9,,,0,72,,161776,9,,,0,32,,161795,9,,,0,70,,161777,9,,,0,30,,161796,9,,,0,70,,161778,9,,,0,27,,161797,9,,,0,70,,161779,9,,,0,30,,161798,9,,,0,70,,161780,9,,,0,30,,161799,9,,,0,20,,161801,9,,,0,60,,161781,9,,,0,20,,161800,9,,,0,68,,161782,9,,,0,100,,161783,9,,,0,99,,161784,9,,,0,98,,161785,9,,,0,58,,161786,9,,,0,99,,161787,9,,,0
