672100,'1_merged_15529700',1610,,146430,33,,,0,35,,146434,33,,,0,75,,146429,33,,,0,33,,146435,33,,,0,60,,146433,33,,,0,18,,146436,33,,,0,18,,146438,33,,,0,60,,146432,33,,,0,17,,146439,33,,,0,21,,146437,33,,,0,56,,146431,33,,,0
681601,'1_merged_15529700',736,,153325,4,,,0,100,,153324,4,,,0,100,,153323,4,,,0,100,,153322,4,,,0,100,,153321,4,,,0,100,,153320,4,,,0,100,,153319,4,,,0,100,,153333,4,,,0,100,,153332,4,,,0,100,,153331,4,,,0,100,,153330,4,,,0,100,,153329,4,,,0,100,,153328,4,,,0,100,,153327,4,,,0,100,,153326,4,,,0
681601,'2_merged_15529702',936,,153334,4,,,0,100,,153335,4,,,0,100,,153336,4,,,0,100,,153337,4,,,0,100,,153338,4,,,0,100,,153339,4,,,0,100,,153340,4,,,0,100,,153341,4,,,0,100,,153342,4,,,0,100,,153343,4,,,0,100,,153344,4,,,0,100,,153345,4,,,0,100,,153346,4,,,0
681601,'3_merged_15529701',936,,153355,4,,,0,100,,153354,4,,,0,100,,153353,4,,,0,100,,153352,4,,,0,100,,153356,4,,,0,100,,153351,4,,,0,100,,153350,4,,,0,100,,153349,4,,,0,100,,153348,4,,,0,100,,153347,4,,,0
1169200,'1_merged_15529700',539,,157366,40,,,0,19,,157367,40,,,0,58,,157384,40,,,0,19,,157368,40,,,0,17,,157365,40,,,0,59,,157401,40,,,0,17,,157385,40,,,0,16,,157364,40,,,0,56,,157402,40,,,0,16,,157363,40,,,0,16,,157386,40,,,0,15,,157405,40,,,0,55,,157362,40,,,0,15,,157361,40,,,0,17,,157387,40,,,0,20,,157360,40,,,0,60,,157388,40,,,0,20,,157359,40,,,0,20,,157358,40,,,0,60,,157389,40,,,0,20,,157352,40,,,0,21,,157378,40,,,0,60,,157390,40,,,0,20,,157370,40,,,0,22,,157369,40,,,0,60,,157391,40,,,0,21,,157357,40,,,0,20,,157356,40,,,0,60,,157392,40,,,0,21,,157355,40,,,0,61,,157354,40,,,0,20,,157353,40,,,0,20,,157393,40,,,0,61,,157351,40,,,0,20,,157383,40,,,0,20,,157394,40,,,0,62,,157382,40,,,0,15,,157395,40,,,0,16,,157381,40,,,0,12,,157398,40,,,0,55,,157380,40,,,0,13,,157396,40,,,0,13,,157379,40,,,0,14,,157399,40,,,0,13,,157377,40,,,0,60,,157397,40,,,0,20,,157376,40,,,0,19,,157375,40,,,0,60,,157400,40,,,0,23,,157374,40,,,0,70,,157373,40,,,0,30,,157372,40,,,0,70,,157371,40,,,0,95,,157403,40,,,0,58,,157404,40,,,0
1169200,'2_merged_15529702',613,,157444,40,,,0,28,,157418,40,,,0,63,,157450,40,,,0,22,,157417,40,,,0,23,,157419,40,,,0,62,,157420,40,,,0,20,,157433,40,,,0,20,,157421,40,,,0,60,,157422,40,,,0,21,,157434,40,,,0,21,,157423,40,,,0,60,,157424,40,,,0,20,,157435,40,,,0,20,,157425,40,,,0,60,,157426,40,,,0,20,,157436,40,,,0,20,,157427,40,,,0,60,,157415,40,,,0,20,,157437,40,,,0,22,,157428,40,,,0,60,,157438,40,,,0,20,,157429,40,,,0,22,,157430,40,,,0,61,,157439,40,,,0,21,,157431,40,,,0,20,,157432,40,,,0,60,,157440,40,,,0,20,,157407,40,,,0,20,,157416,40,,,0,60,,157441,40,,,0,21,,157408,40,,,0,60,,157409,40,,,0,20,,157445,40,,,0,20,,157442,40,,,0,19,,157410,40,,,0,60,,157411,40,,,0,20,,157412,40,,,0,20,,157443,40,,,0,61,,157413,40,,,0,30,,157414,40,,,0,70,,157406,40,,,0,98,,157446,40,,,0,99,,157447,40,,,0,100,,157448,40,,,0,100,,157449,40,,,0
1169200,'3_merged_15529701',629,,157489,40,,,0,71,,157477,40,,,0,30,,157462,40,,,0,70,,157461,40,,,0,30,,157463,40,,,0,71,,157464,40,,,0,31,,157465,40,,,0,71,,157466,40,,,0,28,,157467,40,,,0,27,,157473,40,,,0,71,,157468,40,,,0,30,,157469,40,,,0,72,,157470,40,,,0,70,,157471,40,,,0,30,,157472,40,,,0,69,,157474,40,,,0,30,,157479,40,,,0,20,,157475,40,,,0,60,,157476,40,,,0,20,,157480,40,,,0,20,,157451,40,,,0,60,,157452,40,,,0,20,,157481,40,,,0,19,,157453,40,,,0,60,,157454,40,,,0,20,,157482,40,,,0,20,,157455,40,,,0,60,,157456,40,,,0,21,,157483,40,,,0,20,,157457,40,,,0,60,,157458,40,,,0,20,,157484,40,,,0,23,,157459,40,,,0,65,,157460,40,,,0,25,,157478,40,,,0,97,,157485,40,,,0,99,,157486,40,,,0,100,,157487,40,,,0,96,,157488,40,,,0
1870501,'1_merged_15529700',527,,159692,2,,,0,11,,159650,2,,,0,15,,159652,2,,,0,55,,159687,2,,,0,17,,159677,2,,,0,20,,159651,2,,,0,60,,159678,2,,,0,20,,159653,2,,,0,20,,159654,2,,,0,62,,159679,2,,,0,20,,159655,2,,,0,20,,159656,2,,,0,60,,159680,2,,,0,20,,159657,2,,,0,20,,159658,2,,,0,60,,159688,2,,,0,20,,159659,2,,,0,23,,159660,2,,,0,70,,159673,2,,,0,30,,159661,2,,,0,70,,159649,2,,,0,30,,159662,2,,,0,70,,159663,2,,,0,29,,159664,2,,,0,57,,159685,2,,,0,17,,159665,2,,,0,20,,159666,2,,,0,16,,159681,2,,,0,57,,159667,2,,,0,17,,159686,2,,,0,17,,159668,2,,,0,57,,159682,2,,,0,21,,159669,2,,,0,21,,159670,2,,,0,61,,159683,2,,,0,22,,159672,2,,,0,21,,159671,2,,,0,61,,159684,2,,,0,21,,159674,2,,,0,21,,159675,2,,,0,63,,159676,2,,,0,29,,159646,2,,,0,69,,159647,2,,,0,29,,159648,2,,,0,99,,159689,2,,,0,100,,159690,2,,,0,100,,159691,2,,,0
1870501,'2_merged_15529702',550,,159711,2,,,0,70,,159712,2,,,0,30,,159713,2,,,0,70,,159714,2,,,0,30,,159715,2,,,0,70,,159716,2,,,0,32,,159717,2,,,0,72,,159718,2,,,0,31,,159696,2,,,0,70,,159697,2,,,0,30,,159698,2,,,0,72,,159699,2,,,0,32,,159700,2,,,0,72,,159701,2,,,0,72,,159702,2,,,0,30,,159703,2,,,0,70,,159704,2,,,0,30,,159705,2,,,0,70,,159706,2,,,0,30,,159707,2,,,0,70,,159708,2,,,0,30,,159709,2,,,0,70,,159710,2,,,0,30,,159719,2,,,0,67,,159720,2,,,0,28,,159721,2,,,0,30,,159722,2,,,0,70,,159723,2,,,0,29,,159693,2,,,0,70,,159694,2,,,0,30,,159695,2,,,0,93,,159724,2,,,0,100,,159725,2,,,0,100,,159726,2,,,0
1870501,'3_merged_15529701',550,,159753,2,,,0,70,,159754,2,,,0,30,,159755,2,,,0,70,,159756,2,,,0,30,,159727,2,,,0,70,,159728,2,,,0,30,,159729,2,,,0,70,,159730,2,,,0,30,,159731,2,,,0,70,,159732,2,,,0,30,,159733,2,,,0,70,,159734,2,,,0,30,,159735,2,,,0,70,,159736,2,,,0,30,,159737,2,,,0,72,,159738,2,,,0,32,,159739,2,,,0,70,,159740,2,,,0,30,,159741,2,,,0,70,,159742,2,,,0,30,,159743,2,,,0,70,,159744,2,,,0,30,,159745,2,,,0,70,,159746,2,,,0,30,,159747,2,,,0,70,,159748,2,,,0,30,,159749,2,,,0,70,,159750,2,,,0,30,,159751,2,,,0,70,,159757,2,,,0,30,,159752,2,,,0,96,,159758,2,,,0,100,,159759,2,,,0,100,,159760,2,,,0
