667200,'1_merged_15288063',548,,76945,1,,,0,11,,76946,1,,,0,56,2,76951,13,,,0,7,2,76956,13,,,0,15,2,76929,13,,,0,15,2,76950,13,,,0,58,2,76936,13,,,0,19,2,76972,13,,,0,15,,76959,13,,,0,15,,76960,13,,,0,49,,76975,13,4,,0,14,,76971,13,,,0,12,,76949,13,,,0,13,,76930,13,,,0,59,,76937,13,,,0,15,,76952,13,,,0,26,2,76934,13,,,0,70,2,76939,13,,,0,30,2,76935,13,,,0,69,2,76967,13,,,0,30,2,76941,13,,,0,71,2,76963,13,,,0,29,2,76973,13,,,0,70,2,76970,13,,,0,30,2,76942,13,,,0,68,2,76964,13,,,0,28,,76948,13,,,0,69,,76947,13,,,0,30,,76931,13,,,0,66,,76966,13,,,0,5,,76944,13,,,0,15,,76961,13,,,0,15,,76974,13,,,0,59,,76957,13,,,0,18,,76933,13,,,0,23,,76940,13,,,0,12,,76943,13,,,0,58,,76955,13,,,0,4,,76958,13,,,0,21,,76953,13,,,0,3,,76965,13,4,,0,15,,76969,13,,,0,50,,76938,13,,,0,17,,76932,13,,,0,12,,76968,13,,,0,17,,76962,13,,,0,71,,76954,13,,,0
667200,'2_merged_15288065',545,,76994,1,,,0,70,,76985,1,,,0,30,,76984,1,,,0,70,,76997,13,,,0,30,,76983,13,,,0,70,,76995,13,,,0,30,,76981,13,,,0,70,,76993,13,,,0,30,,76989,13,,,0,70,,76986,13,,,0,30,,76990,13,,,0,70,,76976,13,,,0,30,,76998,13,,,0,71,,76999,13,,,0,31,,77000,13,,,0,68,,77001,13,,,0,30,,77002,13,,,0,69,,77003,13,,,0,20,,76979,13,,,0,20,,76996,13,,,0,61,,76978,13,,,0,19,,77004,13,,,0,21,,77005,13,,,0,60,,77006,13,,,0,21,,77007,13,,,0,20,,76980,13,,,0,60,,76977,13,,,0,20,,76982,13,,,0,21,,76991,13,,,0,59,,77010,13,,,0,20,,76987,13,,,0,18,,77009,13,,,0,69,,76992,13,,,0,30,,76988,13,,,0,74,,77008,13,,,0
667200,'3_merged_15288064',717,,77029,1,,,0,30,2,77023,13,,,0,70,2,77016,13,,,0,30,2,77014,13,,,0,70,2,77019,13,,,0,30,2,77018,13,,,0,70,2,77033,13,,,0,30,2,77022,13,,,0,70,2,77021,13,,,0,30,2,77030,13,,,0,70,2,77028,13,,,0,30,2,77027,13,,,0,70,2,77020,13,,,0,32,2,77025,13,,,0,70,2,77011,13,,,0,30,2,77017,13,,,0,71,2,77036,13,,,0,30,2,77035,13,,,0,69,2,77026,13,,,0,29,2,77024,13,,,0,70,2,77013,13,,,0,29,2,77032,13,,,0,70,2,77015,13,,,0,34,2,77031,13,,,0,68,2,77012,13,,,0,28,2,77034,13,,,0,70,2,77037,13,,,0
667900,'101_merged_15288070',1552,,78535,38,4,,0,3,,78534,38,4,,0
667900,'1_merged_15288063',612,,78543,44,4,,0,27,,78556,44,4,,0,65,,78547,44,4,,0,35,,78558,44,4,,0,68,,78537,44,4,,0,36,,78560,44,4,,0,73,,78562,44,4,,0,34,,78559,44,4,,0,62,,78563,44,4,,0,30,,78561,44,4,,0,71,,78538,44,4,,0,32,,78570,44,4,,0,63,,78566,44,4,,0,33,,78542,44,4,,0,64,,78554,44,4,,0,30,,78569,44,4,,0,72,,78549,43,4,,0,32,,78551,43,4,,0,69,,78548,43,4,,0,30,,78550,43,4,,0,70,,78552,43,4,,0,26,,78564,43,4,,0,70,,78539,43,4,,0,31,,78546,43,4,,0,71,,78544,43,4,,0,35,,78553,44,4,,0,75,,78565,44,4,,0,26,,78567,44,4,,0,75,,78555,44,4,,0,28,,78568,44,4,,0,65,,78545,44,4,,0,31,,78536,44,4,,0,68,,78541,44,4,,0,29,,78557,44,4,,0,70,,78540,44,4,,0
667900,'2_merged_15288065',736,,78573,44,4,,0,71,,78572,44,4,,0,31,,78594,44,4,,0,71,,78599,44,4,,0,31,,78574,44,4,,0,66,,78591,44,4,,0,31,,78596,44,4,,0,79,,78600,44,4,,0,31,,78592,44,4,,0,71,,78582,44,4,,0,29,,78598,44,4,,0,68,,78595,44,4,,0,28,,78571,44,4,,0,69,,78580,43,4,,0,29,,78584,43,4,,0,70,,78590,43,4,,0,30,,78602,43,4,,0,70,,78597,43,4,,0,30,,78589,43,4,,0,69,,78578,43,4,,0,28,,78575,43,4,,0,68,,78601,43,4,,0,36,,78579,44,4,,0,70,,78588,44,4,,0,29,,78581,44,4,,0,69,,78586,44,4,,0,30,,78577,44,4,,0,71,,78585,44,4,,0,28,,78587,44,4,,0,70,,78576,44,4,,0,29,,78593,44,4,,0,70,,78583,44,4,,0
667900,'3_merged_15288064',839,,78624,44,4,,0,70,,78606,44,4,,0,32,,78630,44,4,,0,70,,78605,44,4,,0,31,,78628,44,4,,0,70,,78623,44,4,,0,28,,78615,44,4,,0,72,,78617,44,4,,0,31,,78620,44,4,,0,71,,78612,44,4,,0,33,,78611,44,4,,0,71,,78619,43,4,,0,31,,78609,43,4,,0,72,,78610,43,4,,0,29,,78613,43,4,,0,69,,78625,43,4,,0,30,,78618,43,4,,0,68,,78607,43,4,,0,30,,78629,43,4,,0,69,,78614,43,4,,0,29,,78604,44,4,,0,69,,78616,44,4,,0,29,,78626,44,4,,0,70,,78603,44,4,,0,30,,78608,44,4,,0,69,,78622,44,4,,0,29,,78632,44,4,,0,70,,78627,44,4,,0,29,,78621,44,4,,0,67,,78631,44,4,,0
1671700,'1_merged_15288063',2054,,98135,23,,,0,68,,98134,23,,,0,26,,98133,23,,,0,70,,98132,23,,,0,30,,98131,23,,,0,70,,98130,23,,,0,30,,98129,23,,,0,69,,98128,23,,,0,30,,98126,23,,,0,69,,98127,23,,,0
1671700,'2_merged_15288065',2046,2,98144,23,,,0,71,2,98143,23,,,0,31,2,98142,23,,,0,71,2,98141,23,,,0,30,2,98140,23,,,0,68,2,98136,23,,,0,30,2,98139,23,,,0,72,2,98138,23,,,0,99,2,98137,23,,,0
1671700,'3_merged_15288064',2051,4,98152,23,,,0,70,4,98151,23,,,0,28,4,98150,23,,,0,71,4,98149,23,,,0,31,4,98148,23,,,0,69,4,98147,23,,,0,30,4,98146,23,,,0,65,4,98145,23,,,0,30,4,98154,23,,,0,69,4,98153,23,,,0
