664300,'1_merged_15524980',529,,129823,9,,,0,20,,129824,9,,,0,60,,129825,9,,,0,20,,129826,9,,,0,20,,129827,9,,,0,61,,129828,9,,,0,19,,129829,9,,,0,21,,129830,9,,,0,60,,129831,9,,,0,20,,129832,9,,,0,25,,129833,9,,,0,65,,129834,9,,,0,35,,129835,9,,,0,70,,129836,9,,,0,30,,129837,9,,,0,70,,129838,9,,,0,30,,129839,9,,,0,70,,129840,9,,,0,30,,129841,9,,,0,71,,129842,9,,,0,26,,129843,9,,,0,74,,129844,9,,,0,31,,129845,9,,,0,55,,129846,9,,,0,20,,129847,9,,,0,20,,129848,9,,,0,60,,129849,9,,,0,20,,129850,9,,,0,20,,129851,9,,,0,55,,129852,9,,,0,20,,129853,9,,,0,20,,129854,9,,,0,59,,129855,9,,,0,20,,129856,9,,,0,25,,129857,9,,,0,69,,129858,9,,,0,30,,129859,9,,,0,70,,129860,9,,,0,30,,129861,9,,,0,99,,129862,9,,,0,100,,129863,9,,,0,100,,129864,9,,,0,154,,129865,9,,,0
664300,'2_merged_15524982',619,,129866,9,,,0,30,,129867,9,,,0,70,,129868,9,,,0,31,,129869,9,,,0,69,,129870,9,,,0,32,,129871,9,,,0,71,,129872,9,,,0,30,,129873,9,,,0,70,,129874,9,,,0,23,,129875,9,,,0,70,,129876,9,,,0,30,,129877,9,,,0,70,,129878,9,,,0,30,,129879,9,,,0,70,,129880,9,,,0,30,,129881,9,,,0,70,,129882,9,,,0,30,,129883,9,,,0,70,,129884,9,,,0,30,,129885,9,,,0,70,,129886,9,,,0,30,,129887,9,,,0,70,,129888,9,,,0,30,,129889,9,,,0,70,,129890,9,,,0,30,,129891,9,,,0,77,,129892,9,,,0,30,,129893,9,,,0,70,,129894,9,,,0,28,,129895,9,,,0,99,,129899,9,,,0,105,,129896,9,,,0,100,,129897,9,,,0,100,,129898,9,,,0
664300,'3_merged_15524981',749,,129921,9,,,0,70,,129920,9,,,0,30,,129919,9,,,0,70,,129918,9,,,0,30,,129917,9,,,0,70,,129916,9,,,0,30,,129915,9,,,0,70,,129914,9,,,0,30,,129913,9,,,0,70,,129912,9,,,0,31,,129911,9,,,0,70,,129910,9,,,0,30,,129909,9,,,0,70,,129901,9,,,0,30,,129900,9,,,0,70,,129930,9,,,0,30,,129929,9,,,0,70,,129928,9,,,0,30,,129927,9,,,0,70,,129926,9,,,0,30,,129925,9,,,0,70,,129924,9,,,0,30,,129923,9,,,0,70,,129902,9,,,0,29,,129908,9,,,0,73,,129907,9,,,0,23,,129906,9,,,0,95,,129904,9,,,0,109,,129905,9,,,0,104,,129903,9,,,0,150,,129922,9,,,0
666200,'101_merged_15524987',1514,,134836,9,,,0
666200,'1_merged_15524980',550,,134868,9,,,0,60,,134867,9,,,0,15,,134866,9,,,0,16,,134865,9,,,0,14,,134885,9,,,0,55,,134864,9,,,0,10,,134863,9,,,0,20,,134862,9,,,0,15,,134861,9,,,0,55,,134886,9,,,0,5,,134891,9,,,0,10,,134860,9,,,0,15,,134854,9,,,0,16,,134853,9,,,0,54,,134859,9,,,0,15,,134887,9,,,0,14,,134873,9,,,0,20,,134858,9,,,0,56,,134857,9,,,0,20,,134872,9,,,0,20,,134856,9,,,0,60,,134855,9,,,0,20,,134871,9,,,0,20,,134852,9,,,0,61,,134851,9,,,0,20,,134870,9,,,0,20,,134850,9,,,0,60,,134849,9,,,0,20,,134869,9,,,0,20,,134848,9,,,0,69,,134847,9,,,0,22,,134846,9,,,0,60,,134845,9,,,0,20,,134888,9,,,0,10,,134892,9,,,0,15,,134844,9,,,0,60,,134843,9,,,0,15,,134889,9,,,0,10,,134842,9,,,0,20,,134881,9,,,0,50,,134882,9,,,0,20,,134890,9,,,0,20,,134841,9,,,0,59,,134880,9,,,0,20,,134840,9,,,0,24,,134839,9,,,0,75,,134838,9,,,0,30,,134874,9,,,0,70,,134837,9,,,0,30,,134884,9,,,0,70,,134879,9,,,0,30,,134893,9,,,0,69,,134878,9,,,0,30,,134894,9,,,0,70,,134883,9,,,0,30,,134895,9,,,0,80,,134877,9,,,0,22,,134875,9,,,0,88,,134876,9,,,0
666200,'201',1514,,134896,9,,,0
666200,'2_merged_15524982',558,,134897,9,,,0,71,,134898,9,,,0,30,,134899,9,,,0,71,,134900,9,,,0,70,,134901,9,,,0,30,,134902,9,,,0,29,,134903,9,,,0,71,,134904,9,,,0,70,,134905,9,,,0,30,,134906,9,,,0,25,,134907,9,,,0,71,,134908,9,,,0,30,,134909,9,,,0,70,,134910,9,,,0,30,,134911,9,,,0,70,,134912,9,,,0,30,,134913,9,,,0,70,,134914,9,,,0,30,,134915,9,,,0,70,,134916,9,,,0,30,,134917,9,,,0,70,,134918,9,,,0,30,,134919,9,,,0,70,,134920,9,,,0,29,,134921,9,,,0,70,,134922,9,,,0,30,,134923,9,,,0,75,,134924,9,,,0,70,,134925,9,,,0,30,,134926,9,,,0,70,,134927,9,,,0,30,,134928,9,,,0,70,,134933,9,,,0,35,,134931,9,,,0,70,,134934,9,,,0,30,,134932,9,,,0,70,,134935,9,,,0,99,,134929,9,,,0,51,,134930,9,,,0
666200,'3_merged_15524981',730,,134965,9,,,0,70,,134966,9,,,0,30,,134967,9,,,0,70,,134939,9,,,0,30,,134938,9,,,0,70,,134937,9,,,0,30,,134936,9,,,0,70,,134964,9,,,0,30,,134963,9,,,0,70,,134962,9,,,0,30,,134961,9,,,0,70,,134960,9,,,0,30,,134959,9,,,0,70,,134958,9,,,0,30,,134957,9,,,0,70,,134956,9,,,0,30,,134955,9,,,0,70,,134954,9,,,0,30,,134953,9,,,0,70,,134952,9,,,0,30,,134951,9,,,0,70,,134950,9,,,0,30,,134949,9,,,0,70,,134948,9,,,0,30,,134947,9,,,0,70,,134946,9,,,0,30,,134945,9,,,0,70,,134944,9,,,0,30,,134940,9,,,0,70,,134943,9,,,0,30,,134968,9,,,0,70,,134942,9,,,0,30,,134969,9,,,0,70,,134941,9,,,0
666300,'1_merged_15524980',515,,135150,9,,,0,30,,135147,9,,,0,70,,135108,9,,,0,21,,135131,9,,,0,64,,135132,9,,,0,23,,135133,9,,,0,20,,135134,9,,,0,62,,135135,9,,,0,20,,135136,9,,,0,20,,135137,9,,,0,60,,135138,9,,,0,20,,135148,9,,,0,20,,135139,9,,,0,60,,135140,9,,,0,17,,135149,9,,,0,30,,135141,9,,,0,69,,135142,9,,,0,30,,135128,9,,,0,70,,135143,9,,,0,30,,135144,9,,,0,70,,135145,9,,,0,31,,135146,9,,,0,73,,135112,9,,,0,26,,135129,9,,,0,61,,135113,9,,,0,25,,135114,9,,,0,18,,135115,9,,,0,62,,135130,9,,,0,15,,135116,9,,,0,25,,135117,9,,,0,60,,135118,9,,,0,23,,135119,9,,,0,16,,135111,9,,,0,60,,135107,9,,,0,19,,135120,9,,,0,20,,135121,9,,,0,58,,135122,9,,,0,32,,135123,9,,,0,68,,135124,9,,,0,30,,135125,9,,,0,70,,135126,9,,,0,30,,135151,9,,,0,70,,135127,9,,,0,29,,135152,9,,,0,70,,135110,9,,,0,30,,135153,9,,,0,70,,135109,9,,,0
666300,'2_merged_15524982',549,,135157,9,,,0,65,,135158,9,,,0,30,,135159,9,,,0,70,,135160,9,,,0,32,,135161,9,,,0,68,,135162,9,,,0,32,,135163,9,,,0,74,,135164,9,,,0,26,,135165,9,,,0,71,,135166,9,,,0,33,,135167,9,,,0,70,,135168,9,,,0,30,,135169,9,,,0,70,,135170,9,,,0,30,,135171,9,,,0,70,,135172,9,,,0,31,,135173,9,,,0,70,,135174,9,,,0,30,,135175,9,,,0,70,,135176,9,,,0,29,,135177,9,,,0,70,,135178,9,,,0,30,,135179,9,,,0,70,,135180,9,,,0,30,,135181,9,,,0,70,,135182,9,,,0,30,,135183,9,,,0,67,,135184,9,,,0,30,,135185,9,,,0,70,,135186,9,,,0,30,,135187,9,,,0,70,,135188,9,,,0,30,,135189,9,,,0,69,,135154,9,,,0,30,,135190,9,,,0,70,,135156,9,,,0,30,,135191,9,,,0,70,,135155,9,,,0
666300,'3_merged_15524981',715,,135221,9,,,0,30,,135222,9,,,0,70,,135223,9,,,0,29,,135216,9,,,0,71,,135217,9,,,0,30,,135202,9,,,0,70,,135218,9,,,0,30,,135219,9,,,0,70,,135213,9,,,0,30,,135220,9,,,0,70,,135192,9,,,0,30,,135193,9,,,0,71,,135194,9,,,0,30,,135195,9,,,0,70,,135196,9,,,0,30,,135197,9,,,0,70,,135198,9,,,0,30,,135199,9,,,0,69,,135200,9,,,0,30,,135201,9,,,0,70,,135203,9,,,0,30,,135204,9,,,0,70,,135205,9,,,0,30,,135206,9,,,0,69,,135207,9,,,0,30,,135208,9,,,0,70,,135209,9,,,0,30,,135210,9,,,0,70,,135211,9,,,0,30,,135224,9,,,0,70,,135212,9,,,0,30,,135225,9,,,0,70,,135215,9,,,0,30,,135226,9,,,0,60,,135214,9,,,0
