674901,'101_merged_15288070',1501,,91187,10,0,58 59,0,16,,91185,10,,,0
674901,'1_merged_15288063',448,,91229,10,,,0,68,,91230,10,,,0,30,,91188,10,,,0,71,,91233,10,,,0,11,,91234,10,,,0,19,,91235,10,,,0,8,,91195,10,,,0,58,,91236,10,,,0,11,,91237,10,,,0,19,,91238,10,,,0,57,,91239,10,,,0,33,,91241,10,,,0,15,,91242,10,,,0,68,,91196,10,,,0,30,,91245,10,,,0,70,,91247,10,,,0,30,,91249,10,,,0,65,,91251,10,,,0,33,,91253,10,,,0,70,,91255,10,,,0,30,,91257,10,,,0,71,,91259,10,,,0,30,,91261,10,,,0,69,,91218,10,,,0,19,,91194,10,,,0,23,,91219,10,,,0,67,,91220,10,,,0,18,,91221,10,,,0,12,,91223,10,,,0,59,,91224,10,,,0,15,,91225,10,,,0,15,,91226,10,,,0,58,,91227,10,,,0,14,,91190,10,,,0,13,,91193,10,,,0,13,,91215,10,,,0,15,,91202,10,,,0,55,,91203,10,,,0,18,,91204,10,,,0,12,,91205,10,,,0,15,,91206,10,,,0,55,,91207,10,,,0,15,,91197,10,,,0,17,,91189,10,,,0,14,,91201,10,,,0,55,,91208,10,,,0,30,,91209,10,,,0,70,,91210,10,,,0,33,,91191,10,,,0,63,,91216,10,,,0,40,,91212,10,,,0,65,,91213,10,,,0,30,,91192,10,,,0,70,,91214,10,,,0,30,,91198,10,,,0,70,,91262,10,,,0
674901,'2_merged_15288065',520,,91263,10,,,0,95,,91265,10,,,0,86,,91267,10,,,0,27,,91269,10,,,0,30,,91271,10,,,0,70,,91273,10,,,0,30,,91275,10,,,0,70,,91277,10,,,0,30,,91279,10,,,0,69,,91281,10,,,0,30,,91283,10,,,0,67,,91285,10,,,0,34,,91287,10,,,0,70,,91289,10,,,0,30,,91291,10,,,0,70,,91293,10,,,0,30,,91295,10,,,0,70,,91297,10,,,0,30,,91299,10,,,0,70,,91301,10,,,0,30,,91303,10,,,0,75,,91305,10,,,0,70,,91307,10,,,0,30,,91309,10,,,0,70,,91311,10,,,0,30,,91313,10,,,0,70,,91315,10,,,0,15,,91316,10,,,0,15,,91317,10,,,0,15,,91318,10,,,0,63,,91319,10,,,0,31,,91320,10,,,0,70,,91321,10,,,0,30,,91322,10,,,0,70,,91323,10,,,0,30,,91324,10,,,0,70,,91325,10,,,0,30,,91326,10,,,0,70,,91327,10,,,0,30,,91328,10,,,0,68,,91329,10,,,0
674901,'3_merged_15288064',714,,91354,10,,,0,29,,91353,10,,,0,70,,91351,10,,,0,30,,91387,10,,,0,70,,91385,10,,,0,30,,91383,10,,,0,71,,91381,10,,,0,31,,91337,10,,,0,69,,91379,10,,,0,30,,91377,10,,,0,70,,91375,10,,,0,30,,91373,10,,,0,69,,91371,10,,,0,30,,91369,10,,,0,70,,91349,10,,,0,22,,91347,10,,,0,78,,91345,10,,,0,30,,91343,10,,,0,70,,91341,10,,,0,30,,91362,10,,,0,69,,91360,10,,,0,31,,91358,10,,,0,70,,91356,10,,,0,30,,91336,10,,,0,72,,91334,10,,,0,29,,91333,10,,,0,73,,91330,10,,,0,35,,91391,10,,,0,70,,91368,10,,,0,30,,91390,10,,,0,71,,91389,10,,,0,30,,91364,10,,,0,72,,91365,10,,,0,32,,91366,10,,,0,67,,91393,10,,,0,29,,91367,10,,,0
680501,'1_merged_15288063',654,,92738,10,,,0,102,,92742,38,,,0,199,,92741,38,,,0,199,,92740,38,,,0,204,,92737,33,,,0,269,,92739,33,,,0,176,,92736,33,,,0,154,,92735,33,,,0
680501,'2_merged_15288065',950,,92744,38,,,0,202,,92743,38,,,0,204,,92745,33,,,0,196,,92746,33,,,0,198,,92747,33,,,0,200,,92748,33,,,0
828901,'101_merged_15288070',1505,,96559,15,,,0,5,,96560,15,,,0
3182101,'101_merged_15288070',804,,105944,14,0,58 59,0,703,,105942,14,0,58 59,0,31,,105943,14,0,58 59,0
3182101,'1_merged_15288063',528,,105945,14,,,0,30,,105969,14,,,0,70,,105968,14,,,0,30,,105967,14,,,0,70,,105966,14,,,0,23,,105965,14,0,58 59,0,76,,105964,14,0,58 59,0,87,,105963,14,0,58 59,0,45,,105962,14,0,58 59,0,85,,105961,14,0,58 59,0,90,,105960,14,0,58 59,0,84,,105959,14,0,58 59,0,85,,105958,14,0,58 59,0,46,,105957,14,0,58 59,0,87,,105956,14,0,58 59,0,79,,105955,14,0,58 59,0,36,,105970,14,0,58 59,0,51,,105954,14,0,58 59,0,41,,105953,14,0,58 59,0,76,,105952,14,0,58 59,0,29,,105951,14,0,58 59,0,70,,105950,14,0,58 59,0,40,,105949,14,0,58 59,0,89,,105948,14,0,58 59,0,82,,105947,14,0,58 59,0,86,,105946,14,0,58 59,0
3182101,'2_merged_15288065',719,,105990,14,0,58 59,0,87,,105989,14,0,58 59,0,45,,105988,14,0,58 59,0,85,,105987,14,0,58 59,0,85,,105986,14,0,58 59,0,86,,105985,14,0,58 59,0,45,,105984,14,0,58 59,0,85,,105983,14,0,58 59,0,85,,105982,14,0,58 59,0,85,,105981,14,0,58 59,0,44,,105980,14,0,58 59,0,85,,105979,14,0,58 59,0,85,,105978,14,0,58 59,0,85,,105977,14,0,58 59,0,45,,105976,14,0,58 59,0,85,,105975,14,0,58 59,0,85,,105974,14,0,58 59,0,85,,105973,14,0,58 59,0,45,,105972,14,0,58 59,0,85,,105971,14,0,58 59,0
3182101,'3_merged_15288064',809,,105991,14,0,58 59,0,47,,106009,14,0,58 59,0,85,,106008,14,0,58 59,0,86,,106007,14,0,58 59,0,85,,106006,14,0,58 59,0,44,,106005,14,0,58 59,0,86,,106004,14,0,58 59,0,85,,106003,14,0,58 59,0,85,,106002,14,0,58 59,0,45,,106001,14,0,58 59,0,85,,106000,14,0,58 59,0,85,,105999,14,0,58 59,0,85,,105998,14,0,58 59,0,45,,105997,14,0,58 59,0,85,,105996,14,0,58 59,0,85,,105995,14,0,58 59,0,83,,105994,14,0,58 59,0,45,,105993,14,0,58 59,0,85,,105992,14,0,58 59,0
