2263800,'101_merged_15524987',725,,160025,8,,,0,826,,160024,8,,,0
2263800,'1_merged_15524980',507,,160058,8,,,0,30,,160059,8,,,0,71,,160060,8,,,0,11,,160061,8,,,0,14,,160062,8,,,0,16,,160063,8,,,0,53,,160064,8,,,0,17,,160065,8,,,0,10,,160066,8,,,0,19,,160067,8,,,0,63,,160068,8,,,0,19,,160069,8,,,0,24,,160035,8,,,0,66,,160036,8,,,0,30,,160037,8,,,0,70,,160038,8,,,0,30,,160039,8,,,0,71,,160040,8,,,0,30,,160041,8,,,0,70,,160042,8,,,0,30,,160043,8,,,0,71,,160044,8,,,0,32,,160045,8,,,0,66,,160046,8,,,0,29,,160047,8,,,0,72,,160048,8,,,0,15,,160049,8,,,0,65,,160078,8,,,0,19,,160050,8,,,0,12,,160051,8,,,0,15,,160026,8,,,0,54,,160056,8,,,0,15,,160057,8,,,0,17,,160027,8,,,0,21,,160055,8,,,0,63,,160077,8,,,0,19,,160029,8,,,0,64,,160076,8,,,0,26,,160070,8,,,0,22,,160028,8,,,0,73,,160052,8,,,0,26,,160053,8,,,0,72,,160054,8,,,0,32,,160030,8,,,0,68,,160074,8,,,0,28,,160075,8,,,0,70,,160031,8,,,0,32,,160073,8,,,0,70,,160032,8,,,0,30,,160072,8,,,0,70,,160033,8,,,0,30,,160071,8,,,0,70,,160034,8,,,0
2263800,'201',1551,,160079,8,,,0
2263800,'2_merged_15524982',604,,160080,8,,,0,20,,160081,8,,,0,30,,160082,8,,,0,70,,160083,8,,,0,30,,160084,8,,,0,70,,160085,8,,,0,30,,160086,8,,,0,71,,160087,8,,,0,30,,160088,8,,,0,70,,160089,8,,,0,31,,160090,8,,,0,70,,160091,8,,,0,30,,160092,8,,,0,69,,160093,8,,,0,31,,160094,8,,,0,70,,160095,8,,,0,30,,160096,8,,,0,70,,160097,8,,,0,30,,160098,8,,,0,70,,160099,8,,,0,30,,160100,8,,,0,70,,160101,8,,,0,30,,160102,8,,,0,70,,160103,8,,,0,30,,160104,8,,,0,65,,160105,8,,,0,30,,160106,8,,,0,70,,160107,8,,,0,30,,160108,8,,,0,69,,160109,8,,,0,30,,160110,8,,,0,70,,160111,8,,,0,30,,160112,8,,,0,70,,160113,8,,,0,30,,160114,8,,,0,69,,160115,8,,,0,30,,160116,8,,,0,90,,160117,8,,,0,66,,160118,8,,,0,43,,160119,8,,,0,70,,160120,8,,,0
2263800,'3_merged_15524981',634,,160133,8,,,0,70,,160124,8,,,0,30,,160134,8,,,0,70,,160135,8,,,0,30,,160136,8,,,0,70,,160137,8,,,0,30,,160138,8,,,0,71,,160140,8,,,0,30,,160141,8,,,0,70,,160139,8,,,0,30,,160142,8,,,0,70,,160143,8,,,0,30,,160144,8,,,0,70,,160145,8,,,0,30,,160146,8,,,0,70,,160147,8,,,0,30,,160148,8,,,0,71,,160149,8,,,0,30,,160150,8,,,0,70,,160151,8,,,0,30,,160152,8,,,0,70,,160153,8,,,0,30,,160154,8,,,0,70,,160155,8,,,0,30,,160156,8,,,0,70,,160157,8,,,0,29,,160158,8,,,0,70,,160121,8,,,0,30,,160122,8,,,0,72,,160123,8,,,0,31,,160125,8,,,0,77,,160126,8,,,0,31,,160127,8,,,0,69,,160128,8,,,0,25,,160129,8,,,0,69,,160130,8,,,0,30,,160131,8,,,0,69,,160132,8,,,0
3004601,'101_merged_15524987',1625,,163330,8,,,0
3004601,'1_merged_15524980',445,,163347,8,,,0,62,,163348,8,,,0,20,,163349,8,,,0,18,,163350,8,,,0,55,,163351,8,,,0,14,,163333,8,,,0,16,,163352,8,,,0,12,,163353,8,,,0,16,,163354,8,,,0,52,,163355,8,,,0,18,,163334,8,,,0,11,,163384,8,,,0,13,,163363,8,,,0,53,,163364,8,,,0,20,,163365,8,,,0,21,,163366,8,,,0,70,,163367,8,,,0,30,,163368,8,,,0,70,,163369,8,,,0,31,,163370,8,,,0,71,,163371,8,,,0,29,,163372,8,,,0,72,,163373,8,,,0,30,,163374,8,,,0,70,,163375,8,,,0,30,,163376,8,,,0,71,,163377,8,,,0,29,,163378,8,,,0,59,,163331,8,,,0,20,,163382,8,,,0,20,,163385,8,,,0,62,,163383,8,,,0,33,,163356,8,,,0,12,,163357,8,,,0,53,,163358,8,,,0,15,,163359,8,,,0,14,,163360,8,,,0,15,,163361,8,,,0,63,,163362,8,,,0,21,,163332,8,,,0,64,,163380,8,,,0,17,,163381,8,,,0,30,,163335,8,,,0,69,,163336,8,,,0,31,,163379,8,,,0,69,,163337,8,,,0,30,,163338,8,,,0,70,,163346,8,,,0,30,,163339,8,,,0,70,,163340,8,,,0,30,,163345,8,,,0,70,,163341,8,,,0,30,,163342,8,,,0,70,,163344,8,,,0,30,,163343,8,,,0
3004601,'201',1625,,163386,8,,,0
3004601,'2_merged_15524982',525,,163424,8,,,0,30,,163399,8,,,0,70,,163425,8,,,0,30,,163426,8,,,0,70,,163427,8,,,0,30,,163387,8,,,0,70,,163388,8,,,0,31,,163389,8,,,0,70,,163390,8,,,0,30,,163391,8,,,0,70,,163392,8,,,0,31,,163393,8,,,0,70,,163394,8,,,0,30,,163395,8,,,0,70,,163396,8,,,0,30,,163397,8,,,0,71,,163398,8,,,0,30,,163400,8,,,0,70,,163401,8,,,0,30,,163402,8,,,0,70,,163403,8,,,0,30,,163404,8,,,0,70,,163405,8,,,0,30,,163406,8,,,0,70,,163407,8,,,0,29,,163408,8,,,0,70,,163409,8,,,0,30,,163410,8,,,0,69,,163411,8,,,0,30,,163412,8,,,0,70,,163413,8,,,0,32,,163414,8,,,0,69,,163415,8,,,0,29,,163416,8,,,0,71,,163417,8,,,0,29,,163418,8,,,0,70,,163419,8,,,0,30,,163420,8,,,0,70,,163421,8,,,0,30,,163422,8,,,0,70,,163423,8,,,0
3004601,'3_merged_15524981',525,,163429,8,,,0,30,,163430,8,,,0,70,,163431,8,,,0,30,,163432,8,,,0,70,,163433,8,,,0,30,,163434,8,,,0,70,,163435,8,,,0,30,,163436,8,,,0,70,,163437,8,,,0,31,,163438,8,,,0,70,,163439,8,,,0,30,,163440,8,,,0,70,,163441,8,,,0,31,,163428,8,,,0,70,,163442,8,,,0,30,,163443,8,,,0,70,,163444,8,,,0,30,,163445,8,,,0,70,,163446,8,,,0,30,,163447,8,,,0,70,,163448,8,,,0,30,,163449,8,,,0,73,,163450,8,,,0,27,,163451,8,,,0,73,,163452,8,,,0,27,,163453,8,,,0,70,,163454,8,,,0,30,,163455,8,,,0,69,,163456,8,,,0,30,,163457,8,,,0,70,,163458,8,,,0,30,,163459,8,,,0,70,,163460,8,,,0,30,,163461,8,,,0,69,,163462,8,,,0,30,,163463,8,,,0,70,,163464,8,,,0,30,,163465,8,,,0,70,,163466,8,,,0,30,,163467,8,,,0
3004900,'101_merged_15524987',1558,,163919,8,,,0,60,,163918,8,,,0
3004900,'1_merged_15524980',539,,163964,8,,,0,15,,163965,8,,,0,54,,163966,8,,,0,16,,163957,8,,,0,14,,163958,8,,,0,17,,163920,8,,,0,50,,163921,8,,,0,20,,163922,8,,,0,5,,163923,8,,,0,21,,163924,8,,,0,55,,163925,8,,,0,10,,163967,8,,,0,11,,163926,8,,,0,12,,163927,8,,,0,62,,163928,8,,,0,35,,163929,8,,,0,65,,163930,8,,,0,30,,163931,8,,,0,71,,163932,8,,,0,30,,163933,8,,,0,70,,163934,8,,,0,30,,163935,8,,,0,70,,163936,8,,,0,30,,163937,8,,,0,70,,163938,8,,,0,30,,163939,8,,,0,25,,163963,8,,,0,50,,163968,8,,,0,15,,163940,8,,,0,12,,163941,8,,,0,11,,163942,8,,,0,67,,163943,8,,,0,26,,163944,8,,,0,13,,163945,8,,,0,57,,163946,8,,,0,12,,163947,8,,,0,14,,163948,8,,,0,19,,163949,8,,,0,59,,163950,8,,,0,15,,163951,8,,,0,17,,163969,8,,,0,58,,163952,8,,,0,35,,163953,8,,,0,70,,163954,8,,,0,30,,163955,8,,,0,69,,163956,8,,,0,32,,163959,8,,,0,69,,163960,8,,,0,32,,163961,8,,,0,70,,163962,8,,,0
3004900,'201',1558,,163971,8,,,0,60,,163970,8,,,0
3004900,'2_merged_15524982',541,,163984,8,,,0,69,,163986,8,,,0,30,,163987,8,,,0,70,,163988,8,,,0,30,,163989,8,,,0,71,,163990,8,,,0,30,,163991,8,,,0,70,,163992,8,,,0,30,,163972,8,,,0,65,,163977,8,,,0,35,,163985,8,,,0,65,,164002,8,,,0,31,,163993,8,,,0,70,,163994,8,,,0,30,,163995,8,,,0,70,,163996,8,,,0,30,,163997,8,,,0,70,,163998,8,,,0,30,,163999,8,,,0,70,,164000,8,,,0,29,,164001,8,,,0,71,,164003,8,,,0,20,,164008,8,,,0,20,,163973,8,,,0,60,,163974,8,,,0,20,,164009,8,,,0,20,,163975,8,,,0,60,,163976,8,,,0,20,,164010,8,,,0,20,,163978,8,,,0,62,,163979,8,,,0,19,,164011,8,,,0,18,,163980,8,,,0,60,,163981,8,,,0,30,,163982,8,,,0,70,,163983,8,,,0,30,,164004,8,,,0,70,,164005,8,,,0,30,,164006,8,,,0,70,,164007,8,,,0
3004900,'3_merged_15524981',639,,164014,8,,,0,70,,164015,8,,,0,31,,164016,8,,,0,70,,164017,8,,,0,30,,164012,8,,,0,71,,164013,8,,,0,30,,164018,8,,,0,70,,164019,8,,,0,30,,164020,8,,,0,70,,164021,8,,,0,30,,164022,8,,,0,65,,164023,8,,,0,30,,164024,8,,,0,70,,164025,8,,,0,30,,164026,8,,,0,70,,164027,8,,,0,31,,164028,8,,,0,70,,164029,8,,,0,30,,164030,8,,,0,70,,164031,8,,,0,30,,164032,8,,,0,70,,164033,8,,,0,30,,164034,8,,,0,67,,164035,8,,,0,28,,164036,8,,,0,75,,164037,8,,,0,30,,164038,8,,,0,70,,164039,8,,,0,29,,164040,8,,,0,70,,164041,8,,,0,30,,164042,8,,,0,65,,164043,8,,,0,32,,164044,8,,,0,72,,164045,8,,,0
3058400,'1_merged_15524980',531,,165673,9,,,0,69,,165674,9,,,0,30,,165662,9,,,0,25,,165694,9,,,0,57,,165695,9,,,0,19,,165675,9,,,0,18,,165676,9,,,0,60,,165696,9,,,0,17,,165677,9,,,0,74,,165678,9,,,0,26,,165679,9,,,0,27,,165680,9,,,0,70,,165681,9,,,0,25,,165682,9,,,0,76,,165683,9,,,0,27,,165684,9,,,0,65,,165685,9,,,0,33,,165686,9,,,0,73,,165687,9,,,0,30,,165688,9,,,0,74,,165689,9,,,0,27,,165690,9,,,0,74,,165691,9,,,0,30,,165692,9,,,0,77,,165693,9,,,0,21,,165663,9,,,0,77,,165672,9,,,0,79,,165664,9,,,0,30,,165671,9,,,0,60,,165665,9,,,0,36,,165670,9,,,0,66,,165666,9,,,0,32,,165669,9,,,0,70,,165667,9,,,0,33,,165668,9,,,0,98,,165697,9,,,0
3058400,'2_merged_15524982',558,,165698,9,,,0,68,,165699,9,,,0,75,,165700,9,,,0,30,,165701,9,,,0,70,,165702,9,,,0,30,,165703,9,,,0,71,,165704,9,,,0,31,,165705,9,,,0,70,,165706,9,,,0,30,,165707,9,,,0,70,,165708,9,,,0,31,,165709,9,,,0,70,,165710,9,,,0,30,,165711,9,,,0,71,,165712,9,,,0,30,,165713,9,,,0,70,,165714,9,,,0,30,,165715,9,,,0,70,,165716,9,,,0,30,,165717,9,,,0,70,,165718,9,,,0,30,,165719,9,,,0,70,,165720,9,,,0,30,,165721,9,,,0,69,,165722,9,,,0,30,,165723,9,,,0,70,,165724,9,,,0,30,,165725,9,,,0,70,,165726,9,,,0,29,,165729,9,,,0,73,,165727,9,,,0,33,,165728,9,,,0,100,,165730,9,,,0,100,,165731,9,,,0
3058400,'3_merged_15524981',739,,165733,9,,,0,72,,165734,9,,,0,29,,165735,9,,,0,70,,165736,9,,,0,30,,165737,9,,,0,70,,165738,9,,,0,30,,165739,9,,,0,72,,165740,9,,,0,31,,165741,9,,,0,71,,165742,9,,,0,30,,165743,9,,,0,70,,165744,9,,,0,30,,165745,9,,,0,70,,165746,9,,,0,28,,165747,9,,,0,70,,165748,9,,,0,31,,165749,9,,,0,70,,165750,9,,,0,30,,165751,9,,,0,71,,165752,9,,,0,30,,165753,9,,,0,70,,165732,9,,,0,29,,165754,9,,,0,70,,165755,9,,,0,29,,165756,9,,,0,71,,165757,9,,,0,31,,165758,9,,,0,70,,165759,9,,,0,28,,165760,9,,,0,100,,165761,9,,,0,100,,165762,9,,,0
