661401,'152201_merged_15524984',2144,,117033,30,,,0,61,,117032,30,,,0,17,,117024,30,,,0,19,,117025,30,,,0,59,,117027,30,,,0,20,,117026,30,,,0,20,,117028,30,,,0,60,,117029,30,,,0,17,,117030,30,,,0,23,,117031,30,,,0
661401,'152301_merged_15524986',2144,,117043,29,,,0,61,,117034,29,,,0,17,,117035,29,,,0,19,,117036,29,,,0,59,,117037,29,,,0,20,,117038,29,,,0,20,,117039,29,,,0,60,,117040,29,,,0,17,,117041,29,,,0,23,,117042,29,,,0
661401,'1_merged_15524980',706,,117060,49,,,0,20,,117104,49,,,0,20,,117093,49,,,0,55,,117091,49,,,0,16,,117092,49,,,0,15,,117100,49,,,0,15,,117096,49,,,0,55,,117063,49,,,0,17,,117058,49,,,0,15,,117068,49,,,0,16,,117064,49,,,0,54,,117065,49,,,0,15,,117066,49,,,0,15,,117067,49,,,0,15,,117074,49,,,0,54,,117075,49,,,0,14,,117076,49,,,0,17,,117077,49,,,0,15,,117061,49,,,0,56,,117044,49,,,0,15,,117070,49,,,0,15,,117095,49,,,0,15,,117048,49,,,0,56,,117088,49,,,0,15,,117089,49,,,0,15,,117046,49,,,0,15,,117097,49,,,0,55,,117083,49,,,0,15,,117090,49,,,0,15,,117099,49,,,0,15,,117079,49,,,0,56,,117062,49,,,0,15,,117101,49,,,0,14,,117102,49,,,0,12,,117105,49,,,0,11,,117055,49,,,0,52,,117056,49,,,0,12,,117049,49,,,0,12,,117086,49,,,0,11,,117087,49,,,0,13,,117080,49,,,0,51,,117078,49,,,0,13,,117081,49,,,0,12,,117094,49,,,0,12,,117071,49,,,0,12,,117072,49,,,0,52,,117098,49,,,0,12,,117052,49,,,0,10,,117082,49,,,0,12,,117057,49,,,0,11,,117053,49,,,0,52,,117050,49,,,0,12,,117054,49,,,0,10,,117051,49,,,0,17,,117047,49,,,0,57,,117073,49,,,0,18,,117085,49,,,0,20,,117084,49,,,0,60,,117069,49,,,0,19,,117103,49,,,0
661401,'2_merged_15524982',850,,117111,49,,,0,59,,117109,49,,,0,18,,117157,49,,,0,15,,117131,49,,,0,16,,117137,49,,,0,55,,117154,49,,,0,16,,117156,49,,,0,15,,117118,49,,,0,58,,117114,49,,,0,15,,117146,49,,,0,15,,117159,49,,,0,15,,117155,49,,,0,55,,117117,49,,,0,14,,117124,49,,,0,15,,117125,49,,,0,14,,117126,49,,,0,12,,117127,49,,,0,52,,117107,49,,,0,12,,117138,49,,,0,12,,117144,49,,,0,13,,117169,49,,,0,13,,117135,49,,,0,52,,117136,49,,,0,13,,117171,49,,,0,12,,117153,49,,,0,12,,117170,49,,,0,53,,117108,49,,,0,11,,117113,49,,,0,11,,117172,49,,,0,13,,117140,49,,,0,12,,117142,49,,,0,11,,117128,49,,,0,52,,117149,49,,,0,13,,117173,49,,,0,12,,117116,49,,,0,12,,117165,49,,,0,11,,117148,49,,,0,52,,117132,49,,,0,10,,117174,49,,,0,11,,117133,49,,,0,12,,117110,49,,,0,12,,117115,49,,,0,52,,117120,49,,,0,14,,117160,49,,,0,16,,117161,49,,,0,16,,117175,49,,,0,55,,117162,49,,,0,15,,117163,49,,,0,16,,117164,49,,,0,61,,117151,49,,,0,21,,117158,49,,,0,21,,117119,49,,,0,58,,117130,49,,,0,21,,117152,29,,,0,20,,117168,29,,,0,60,,117123,29,,,0,20,,117121,29,,,0,21,,117122,29,,,0,60,,117150,29,,,0,18,,117147,29,,,0,20,,117134,29,,,0,60,,117143,29,,,0,20,,117139,29,,,0,20,,117141,29,,,0
661401,'3_merged_15524981',919,,117180,49,,,0,25,,117181,49,,,0,64,,117182,49,,,0,21,,117183,49,,,0,20,,117184,49,,,0,58,,117185,49,,,0,19,,117186,49,,,0,16,,117187,49,,,0,58,,117188,49,,,0,17,,117189,49,,,0,17,,117190,49,,,0,16,,117191,49,,,0,57,,117192,49,,,0,15,,117193,49,,,0,16,,117194,49,,,0,15,,117195,49,,,0,55,,117196,49,,,0,14,,117197,49,,,0,13,,117198,49,,,0,12,,117199,49,,,0,12,,117200,49,,,0,52,,117201,49,,,0,12,,117202,49,,,0,11,,117203,49,,,0,12,,117204,49,,,0,12,,117205,49,,,0,52,,117206,49,,,0,12,,117207,49,,,0,12,,117208,49,,,0,14,,117209,49,,,0,54,,117210,49,,,0,14,,117211,49,,,0,14,,117212,49,,,0,15,,117213,49,,,0,14,,117214,49,,,0,55,,117215,49,,,0,15,,117216,49,,,0,15,,117217,49,,,0,15,,117218,49,,,0,55,,117219,49,,,0,12,,117220,49,,,0,17,,117221,49,,,0,58,,117222,49,,,0,20,,117223,49,,,0,17,,117224,49,,,0,20,,117225,49,,,0,59,,117226,29,,,0,17,,117227,29,,,0,20,,117228,29,,,0,59,,117229,29,,,0,22,,117230,29,,,0,66,,117231,29,,,0,19,,117232,29,,,0,19,,117233,29,,,0,18,,117234,29,,,0,62,,117235,29,,,0,24,,117236,29,,,0
683301,'1_merged_15524980',2636,,155320,29,,,0,14,,155323,29,,,0,59,,155321,29,,,0,32,,155322,29,,,0
683301,'2_merged_15524982',2642,,155326,29,,,0,13,,155327,29,,,0,60,,155325,29,,,0,21,,155324,29,,,0
683301,'3_merged_15524981',2637,,155330,29,,,0,70,,155329,29,,,0,30,,155328,29,,,0
1671801,'152201_merged_15524984',2138,,158615,33,,,0,16,,158616,33,,,0,56,,158617,33,,,0,15,,158618,33,,,0,11,,158619,33,,,0,15,,158620,33,,,0,60,,158621,33,,,0,21,,158622,33,,,0,16,,158623,33,,,0,60,,158624,33,,,0,30,,158625,33,,,0,15,,158627,33,,,0,55,,158626,33,,,0,15,,158628,33,,,0,13,,158629,33,,,0,70,,158614,33,,,0,5,,158613,33,,,0
1671801,'152301_merged_15524986',2138,,158638,33,,,0,16,,158639,33,,,0,56,,158640,33,,,0,15,,158641,33,,,0,11,,158642,33,,,0,15,,158643,33,,,0,60,,158644,33,,,0,21,,158645,33,,,0,16,,158646,33,,,0,60,,158635,33,,,0,30,,158630,33,,,0,15,,158637,33,,,0,55,,158631,33,,,0,15,,158636,33,,,0,13,,158632,33,,,0,70,,158633,33,,,0,5,,158634,33,,,0
1671801,'1_merged_15524980',358,,158713,33,,,0,70,,158714,33,,,0,78,,158715,33,,,0,27,,158647,33,,,0,70,,158648,33,,,0,21,,158690,53,,,0,15,,158691,53,,,0,13,,158692,53,,,0,55,,158716,53,,,0,14,,158693,53,,,0,14,,158694,53,,,0,16,,158695,53,,,0,56,,158696,53,,,0,15,,158712,53,,,0,19,,158697,53,,,0,15,,158698,53,,,0,56,,158699,53,,,0,13,,158700,53,,,0,15,,158701,53,,,0,14,,158702,53,,,0,54,,158703,53,,,0,14,,158704,53,,,0,18,,158705,53,,,0,14,,158706,53,,,0,55,,158707,53,,,0,15,,158708,53,,,0,19,,158683,53,,,0,15,,158684,53,,,0,55,,158685,53,,,0,15,,158686,53,,,0,15,,158687,53,,,0,15,,158688,53,,,0,55,,158689,53,,,0,15,,158650,53,,,0,19,,158651,53,,,0,55,,158652,53,,,0,16,,158653,53,,,0,15,,158654,53,,,0,15,,158655,53,,,0,53,,158656,53,,,0,15,,158657,53,,,0,16,,158658,53,,,0,15,,158659,53,,,0,54,,158660,53,,,0,13,,158661,53,,,0,12,,158662,53,,,0,13,,158663,53,,,0,11,,158664,53,,,0,50,,158665,53,,,0,11,,158666,53,,,0,10,,158667,53,,,0,11,,158668,53,,,0,12,,158669,53,,,0,12,,158670,53,,,0,52,,158671,53,,,0,12,,158672,53,,,0,12,,158673,53,,,0,10,,158674,53,,,0,9,,158675,53,,,0,52,,158676,53,,,0,15,,158677,53,,,0,14,,158678,53,,,0,15,,158679,53,,,0,54,,158680,53,,,0,9,,158682,33,,,0,14,,158649,33,,,0,15,,158681,33,,,0,15,,158709,33,,,0,55,,158710,33,,,0,13,,158711,33,,,0
1671801,'2_merged_15524982',357,,158878,33,,,0,70,,158876,33,,,0,81,,158877,33,,,0,36,,158792,33,,,0,74,,158834,53,,,0,20,,158835,53,,,0,15,,158847,53,,,0,54,,158848,53,,,0,19,,158849,53,,,0,15,,158850,53,,,0,14,,158851,53,,,0,57,,158852,53,,,0,16,,158853,53,,,0,15,,158803,53,,,0,57,,158854,53,,,0,17,,158855,53,,,0,17,,158856,53,,,0,16,,158857,53,,,0,55,,158858,53,,,0,21,,158859,53,,,0,16,,158860,53,,,0,17,,158861,53,,,0,56,,158862,53,,,0,12,,158846,53,,,0,12,,158797,53,,,0,12,,158798,53,,,0,54,,158799,53,,,0,12,,158800,53,,,0,13,,158796,53,,,0,12,,158801,53,,,0,12,,158802,53,,,0,53,,158804,53,,,0,12,,158805,53,,,0,12,,158828,53,,,0,10,,158806,53,,,0,10,,158807,53,,,0,50,,158808,53,,,0,10,,158809,53,,,0,10,,158810,53,,,0,10,,158829,53,,,0,10,,158820,53,,,0,10,,158821,53,,,0,50,,158822,53,,,0,10,,158823,53,,,0,10,,158824,53,,,0,10,,158830,53,,,0,10,,158825,53,,,0,10,,158826,53,,,0,50,,158827,53,,,0,10,,158811,53,,,0,12,,158793,53,,,0,10,,158831,53,,,0,10,,158812,53,,,0,8,,158813,53,,,0,50,,158814,53,,,0,10,,158815,53,,,0,10,,158816,53,,,0,10,,158832,53,,,0,10,,158817,53,,,0,8,,158818,53,,,0,10,,158819,53,,,0,50,,158836,53,,,0,10,,158837,53,,,0,9,,158833,53,,,0,12,,158838,53,,,0,12,,158839,53,,,0,52,,158840,53,,,0,12,,158841,53,,,0,10,,158842,53,,,0,12,,158843,53,,,0,13,,158844,53,,,0,53,,158845,53,,,0,12,,158863,33,,,0,15,,158864,33,,,0,15,,158865,33,,,0,55,,158866,33,,,0,14,,158867,33,,,0,15,,158868,33,,,0,9,,158869,33,,,0,14,,158870,33,,,0,55,,158871,33,,,0,15,,158872,33,,,0,15,,158873,33,,,0,20,,158874,33,,,0,60,,158875,33,,,0,20,,158786,33,,,0,19,,158787,33,,,0,61,,158788,33,,,0,22,,158789,33,,,0,70,,158790,33,,,0,27,,158791,33,,,0,69,,158794,33,,,0,11,,158795,33,,,0
1671801,'3_merged_15524981',355,,158960,33,,,0,70,,158958,33,,,0,78,,158959,33,,,0,35,,158930,33,,,0,68,,158943,33,,,0,48,,158944,53,,,0,62,,158945,53,,,0,23,,158946,53,,,0,62,,158947,53,,,0,18,,158957,53,,,0,15,,158948,53,,,0,16,,158949,53,,,0,57,,158950,53,,,0,17,,158951,53,,,0,15,,158952,53,,,0,19,,158953,53,,,0,55,,158954,53,,,0,15,,158955,53,,,0,15,,158956,53,,,0,58,,158879,53,,,0,15,,158881,53,,,0,16,,158882,53,,,0,15,,158883,53,,,0,55,,158884,53,,,0,15,,158885,53,,,0,15,,158935,53,,,0,15,,158886,53,,,0,55,,158887,53,,,0,13,,158888,53,,,0,12,,158936,53,,,0,12,,158889,53,,,0,11,,158893,53,,,0,55,,158894,53,,,0,12,,158895,53,,,0,12,,158937,53,,,0,12,,158896,53,,,0,12,,158897,53,,,0,52,,158898,53,,,0,12,,158899,53,,,0,12,,158938,53,,,0,12,,158900,53,,,0,12,,158880,53,,,0,50,,158901,53,,,0,12,,158902,53,,,0,12,,158939,53,,,0,12,,158903,53,,,0,12,,158904,53,,,0,52,,158905,53,,,0,14,,158906,53,,,0,14,,158940,53,,,0,12,,158907,53,,,0,13,,158908,53,,,0,50,,158909,53,,,0,12,,158910,53,,,0,13,,158941,53,,,0,13,,158911,53,,,0,13,,158942,53,,,0,55,,158912,53,,,0,14,,158913,53,,,0,15,,158914,53,,,0,13,,158915,53,,,0,56,,158916,33,,,0,15,,158917,33,,,0,16,,158918,33,,,0,15,,158919,33,,,0,55,,158933,33,,,0,15,,158920,33,,,0,12,,158932,33,,,0,16,,158921,33,,,0,55,,158922,33,,,0,15,,158923,33,,,0,14,,158931,33,,,0,17,,158924,33,,,0,60,,158925,33,,,0,20,,158890,33,,,0,17,,158891,33,,,0,61,,158892,33,,,0,24,,158926,33,,,0,70,,158927,33,,,0,30,,158928,33,,,0,70,,158929,33,,,0,8,,158934,33,,,0
