674900,'101_merged_15529707',744,,150770,41,0,62 63 64,0,69,,150771,23,,,0,4,,150770,61,0,62 63 64,0
674900,'1_merged_15529700',556,,150835,41,,,0,53,,150836,41,,,0,17,,150837,41,,,0,17,,150838,41,,,0,15,,150839,41,,,0,56,,150840,41,,,0,17,,150841,41,,,0,71,,150842,41,,,0,43,,150781,41,,,0,73,,150827,41,,,0,28,,150829,41,,,0,71,,150832,41,,,0,32,,150834,41,,,0,71,,150807,41,,,0,28,,150809,41,,,0,72,,150811,41,,,0,30,,150813,41,,,0,69,,150815,41,,,0,31,,150817,41,,,0,70,,150819,41,,,0,94,,150821,41,,,0,14,,150822,41,,,0,15,,150823,41,,,0,57,,150824,41,,,0,17,,150825,41,,,0,13,,150773,41,,,0,14,,150779,41,,,0,65,,150801,41,,,0,5,,150783,41,,,0,23,,150772,41,,,0,5,,150802,41,,,0,63,,150803,41,,,0,6,,150804,41,,,0,15,,150805,41,,,0,21,,150806,41,,,0,4,,150780,41,,,0,59,,150774,41,,,0,9,,150784,41,,,0,16,,150785,41,,,0,14,,150796,41,,,0,56,,150797,41,,,0,14,,150798,41,,,0,30,,150800,41,,,0,55,,150778,41,,,0,13,,150775,41,,,0,28,,150789,41,,,0,70,,150790,41,,,0,30,,150791,41,,,0,70,,150776,41,,,0,29,,150793,41,,,0,70,,150787,41,,,0,25,,150792,41,,,0,70,,150777,41,,,0
674900,'201',744,,150845,41,,,0
674900,'2_merged_15529702',644,,150848,41,,,0,70,,150849,41,,,0,27,,150850,41,,,0,15,,150851,41,,,0,70,,150853,41,,,0,25,,150855,41,,,0,72,,150857,41,,,0,32,,150859,41,,,0,71,,150861,41,,,0,33,,150863,41,,,0,69,,150865,41,,,0,30,,150867,41,,,0,71,,150869,41,,,0,72,,150871,41,,,0,29,,150873,41,,,0,70,,150875,41,,,0,29,,150877,41,,,0,72,,150879,41,,,0,30,,150881,41,,,0,69,,150883,41,,,0,33,,150885,41,,,0,67,,150887,41,,,0,27,,150889,41,,,0,31,,150891,41,,,0,69,,150893,41,,,0,29,,150895,41,,,0,55,,150896,41,,,0,15,,150897,41,,,0,20,,150898,41,,,0,60,,150899,41,,,0,17,,150900,41,,,0,21,,150901,41,,,0,60,,150902,41,,,0,19,,150903,41,,,0,24,,150904,41,,,0,70,,150905,41,,,0,28,,150906,41,,,0,70,,150907,41,,,0,28,,150908,41,,,0,70,,150909,41,,,0,29,,150910,41,,,0,70,,150911,41,,,0
674900,'3_merged_15529701',645,,150942,41,,,0,73,,150941,41,,,0,23,,150947,41,,,0,71,,150946,41,,,0,32,,150957,41,,,0,70,,150955,41,,,0,32,,150953,41,,,0,73,,150976,41,,,0,31,,150951,41,,,0,70,,150949,41,,,0,24,,150945,41,,,0,71,,150943,41,,,0,31,,150917,41,,,0,71,,150915,41,,,0,28,,150913,41,,,0,64,,150974,41,,,0,38,,150972,41,,,0,70,,150970,41,,,0,29,,150967,41,,,0,68,,150965,41,,,0,31,,150963,41,,,0,70,,150961,41,,,0,29,,150959,41,,,0,70,,150940,41,,,0,35,,150938,41,,,0,70,,150936,41,,,0,27,,150934,41,,,0,70,,150932,41,,,0,30,,150929,41,,,0,66,,150927,41,,,0,20,,150926,41,,,0,20,,150925,41,,,0,71,,150924,41,,,0,31,,150923,41,,,0,70,,150922,41,,,0,26,,150921,41,,,0,70,,150920,41,,,0,31,,150919,41,,,0
674900,'701_merged_15529694',1500,,150978,41,0,62 63 121 122 123,0
674900,'801_merged_15529712',1454,,150979,41,,,0
680500,'1_merged_15529700',659,,152552,8,,,0,200,,152551,8,,,0,200,,152550,8,,,0,200,,152549,8,,,0,270,,152548,8,,,0,175,,152547,8,,,0,197,,152553,8,,,0
680500,'2_merged_15529702',859,,152556,8,,,0,200,,152557,8,,,0,200,,152558,8,,,0,200,,152559,8,,,0,198,,152554,8,,,0,202,,152555,8,,,0
3404200,'101_merged_15529707',803,,168082,10,,,0,699,,168084,10,,,0,8,,168083,10,,,0,92,,168085,10,,,0
3404200,'1_merged_15529700',510,,168108,10,,,0,30,,168098,10,,,0,63,,168097,10,,,0,5,,168107,10,,,0,25,,168089,10,,,0,5,,168088,10,,,0,65,,168106,10,,,0,3,,168109,10,,,0,32,,168096,10,,,0,69,,168105,10,,,0,30,,168095,10,,,0,70,,168104,10,,,0,100,,168103,10,,,0,100,,168102,10,,,0,103,,168101,10,,,0,98,,168100,10,,,0,95,,168099,10,,,0,35,,168110,10,,,0,86,,168094,10,,,0,23,,168111,10,,,0,70,,168093,10,,,0,110,,168092,18,,,0,80,,168087,10,,,0,40,,168086,10,,,0,104,,168091,10,,,0,98,,168090,10,,,0
3404200,'201',1602,,168112,10,,,0
3404200,'2_merged_15529702',811,,168118,10,,,0,100,,168119,10,,,0,100,,168117,10,,,0,101,,168120,10,,,0,100,,168116,10,,,0,100,,168121,10,,,0,100,,168115,10,,,0,100,,168122,10,,,0,101,,168114,10,,,0,99,,168123,10,,,0,100,,168113,10,,,0
3404200,'3_merged_15529701',806,,168129,10,,,0,100,,168130,10,,,0,100,,168128,10,,,0,100,,168131,10,,,0,100,,168127,10,,,0,101,,168132,10,,,0,100,,168126,10,,,0,100,,168133,10,,,0,100,,168125,10,,,0,100,,168134,10,,,0,100,,168124,10,,,0
