3181600,'1_merged_15291795',615,,105121,37,4,,0,31,,105122,37,4,,0,73,,105123,37,4,,0,32,,105124,37,4,,0,70,,105125,37,4,,0,30,,105101,37,4,,0,72,,105102,37,4,,0,31,,105103,37,4,,0,70,,105126,37,4,,0,31,,105127,37,4,,0,69,,105104,37,4,,0,30,,105105,37,4,,0,71,,105106,37,4,,0,31,,105107,37,4,,0,70,,105108,37,4,,0,30,,105109,37,4,,0,70,,105110,37,4,,0,33,,105111,37,4,,0,70,,105112,37,4,,0,29,,105113,37,4,,0,68,,105114,37,4,,0,31,,105115,37,4,,0,68,,105116,37,4,,0,30,,105117,37,4,,0,69,,105118,37,4,,0,30,,105119,37,4,,0,69,,105120,37,4,,0
3181600,'2_merged_15291797',754,,105128,37,4,,0,97,,105129,37,4,,0,100,,105130,37,4,,0,104,,105131,37,4,,0,99,,105132,37,4,,0,101,,105133,37,4,,0,100,,105134,37,4,,0,100,,105135,37,4,,0,100,,105136,37,4,,0,101,,105137,37,4,,0,99,,105138,37,4,,0,99,,105139,37,4,,0,99,,105140,37,4,,0,101,,105141,37,4,,0,100,,105142,37,4,,0
3181600,'3_merged_15291796',856,,105149,37,4,,0,100,,105150,37,4,,0,100,,105151,37,4,,0,102,,105152,37,4,,0,100,,105153,37,4,,0,99,,105143,37,4,,0,101,,105144,37,4,,0,100,,105145,37,4,,0,100,,105146,37,4,,0,98,,105147,37,4,,0,100,,105148,37,4,,0
3181601,'1_merged_15291795',635,,105169,1,,,0,70,,105170,1,,,0,30,,105171,1,,,0,70,,105172,1,,,0,30,,105173,1,,,0,70,,105174,1,,,0,30,,105175,1,,,0,70,,105176,1,,,0,30,,105177,1,,,0,70,,105178,1,,,0,30,,105179,1,,,0,70,,105180,1,,,0,30,,105154,1,,,0,69,,105155,1,,,0,30,,105156,1,,,0,68,,105157,1,,,0,31,,105158,1,,,0,71,,105159,1,,,0,30,,105160,1,,,0,71,,105161,1,,,0,30,,105162,1,,,0,70,,105163,1,,,0,30,,105164,1,,,0,70,,105165,1,,,0,30,,105166,1,,,0,70,,105167,1,,,0,30,,105168,1,,,0
3181601,'2_merged_15291797',806,,105183,1,,,0,100,,105184,1,,,0,98,,105185,1,,,0,100,,105186,1,,,0,101,,105187,1,,,0,102,,105188,1,,,0,96,,105189,1,,,0,101,,105190,1,,,0,100,,105181,1,,,0,101,,105182,1,,,0,100,,105191,1,,,0,101,,105192,1,,,0,100,,105193,1,,,0
3181601,'3_merged_15291796',808,,105194,1,,,0,100,,105195,1,,,0,100,,105196,1,,,0,97,,105197,1,,,0,100,,105198,1,,,0,100,,105199,1,,,0,99,,105200,1,,,0,101,,105201,1,,,0,100,,105202,1,,,0,101,,105203,1,,,0,102,,105204,1,,,0,101,,105205,1,,,0
3181700,'1_merged_15291795',522,,105233,38,,,0,30,,105206,38,,,0,70,,105207,38,,,0,31,,105208,38,,,0,62,,105209,38,,,0,33,,105210,38,,,0,70,,105211,38,,,0,31,,105212,38,,,0,70,,105213,38,,,0,30,,105214,38,,,0,70,,105215,38,,,0,30,,105216,38,,,0,70,,105217,38,,,0,32,,105218,38,,,0,70,,105219,38,,,0,30,,105220,38,,,0,70,,105221,38,,,0,31,,105222,38,,,0,70,,105223,38,,,0,30,,105224,38,,,0,71,,105225,38,,,0,31,,105226,38,,,0,68,,105227,38,,,0,29,,105228,38,,,0,70,,105229,38,,,0,28,,105230,38,,,0,70,,105231,38,,,0,30,,105232,38,,,0,69,,105234,38,,,0
3181700,'2_merged_15291797',747,,105237,38,,,0,98,,105238,38,,,0,100,,105239,38,,,0,102,,105240,38,,,0,99,,105241,38,,,0,101,,105242,38,,,0,101,,105243,38,,,0,97,,105244,38,,,0,104,,105245,38,,,0,101,,105246,38,,,0,100,,105247,38,,,0,100,,105235,38,,,0,100,,105236,38,,,0,98,,105248,38,,,0
3181700,'3_merged_15291796',847,,105249,38,,,0,102,,105250,38,,,0,101,,105251,38,,,0,99,,105252,38,,,0,100,,105253,38,,,0,103,,105254,38,,,0,100,,105255,38,,,0,101,,105256,38,,,0,99,,105257,38,,,0,101,,105258,38,,,0,102,,105259,38,,,0
3181900,'1_merged_15291795',530,,105510,1,,,0,70,,105511,1,,,0,30,,105512,1,,,0,70,,105513,1,,,0,30,,105514,1,,,0,70,,105515,1,,,0,30,,105516,1,,,0,70,,105517,1,,,0,30,,105518,1,,,0,70,,105519,1,,,0,30,,105520,1,,,0,70,,105521,1,,,0,30,,105522,1,,,0,70,,105523,1,,,0,30,,105524,1,,,0,70,,105525,1,,,0,30,,105526,1,,,0,70,,105527,1,,,0,30,,105528,1,,,0,70,,105529,1,,,0,30,,105530,1,,,0,70,,105496,1,,,0,30,,105497,1,,,0,70,,105498,1,,,0,30,,105499,1,,,0,70,,105500,1,,,0,30,,105501,1,,,0,70,,105502,1,,,0,30,,105503,1,,,0,70,,105508,1,,,0,30,,105504,1,,,0,70,,105507,1,,,0,30,,105505,1,,,0,70,,105509,1,,,0,30,,105506,1,,,0,70,,105531,1,,,0
3181900,'2_merged_15291797',700,,105532,1,,,0,30,,105546,1,,,0,70,,105562,1,,,0,30,,105547,1,,,0,70,,105563,1,,,0,30,,105548,1,,,0,70,,105533,1,,,0,30,,105549,1,,,0,70,,105534,1,,,0,30,,105550,1,,,0,70,,105535,1,,,0,30,,105551,1,,,0,70,,105536,1,,,0,30,,105552,1,,,0,70,,105537,1,,,0,30,,105553,1,,,0,70,,105538,1,,,0,30,,105554,1,,,0,72,,105539,1,,,0,28,,105555,1,,,0,70,,105540,1,,,0,30,,105556,1,,,0,70,,105541,1,,,0,30,,105557,1,,,0,25,,105542,1,,,0,70,,105558,1,,,0,75,,105543,1,,,0,30,,105559,1,,,0,70,,105544,1,,,0,30,,105560,1,,,0,70,,105545,1,,,0,30,,105561,1,,,0,70,,105564,1,,,0
3181900,'3_merged_15291796',700,,105568,1,,,0,30,,105581,1,,,0,70,,105569,1,,,0,30,,105582,1,,,0,70,,105570,1,,,0,30,,105583,1,,,0,70,,105571,1,,,0,30,,105584,1,,,0,70,,105572,1,,,0,30,,105585,1,,,0,70,,105573,1,,,0,30,,105565,1,,,0,70,,105574,1,,,0,30,,105567,1,,,0,70,,105575,1,,,0,30,,105566,1,,,0,70,,105576,1,,,0,30,,105586,1,,,0,70,,105577,1,,,0,30,,105587,1,,,0,70,,105578,1,,,0,30,,105588,1,,,0,70,,105579,1,,,0,30,,105589,1,,,0,70,,105580,1,,,0,30,,105590,1,,,0,70,,105594,1,,,0,30,,105591,1,,,0,70,,105592,1,,,0,30,,105593,1,,,0,70,,105595,1,,,0,100,,105596,1,,,0
3181901,'1_merged_15291795',644,,105613,36,4,,0,70,,105614,36,4,,0,30,,105615,36,4,,0,74,,105616,36,4,,0,30,,105617,36,4,,0,70,,105618,36,4,,0,28,,105619,36,4,,0,70,,105620,36,4,,0,30,,105621,36,4,,0,70,,105622,36,4,,0,30,,105623,36,4,,0,70,,105624,36,4,,0,30,,105625,36,4,,0,72,,105626,36,4,,0,30,,105627,36,4,,0,70,,105628,36,4,,0,30,,105629,36,4,,0,72,,105630,36,4,,0,30,,105631,36,4,,0,70,,105597,36,4,,0,30,,105598,36,4,,0,70,,105599,36,4,,0,26,,105600,36,4,,0,68,,105601,36,4,,0,30,,105602,36,4,,0,70,,105603,36,4,,0,28,,105604,36,4,,0,70,,105605,36,4,,0,13,,105606,36,4,,0,26,,105611,36,4,,0,70,,105607,36,4,,0,28,,105610,36,4,,0,70,,105608,36,4,,0,29,,105612,36,4,,0,70,,105609,36,4,,0,30,,105632,36,4,,0
3181901,'2_merged_15291797',805,,105664,36,4,,0,30,,105648,36,4,,0,70,,105634,36,4,,0,34,,105649,36,4,,0,70,,105635,36,4,,0,30,,105650,36,4,,0,72,,105636,36,4,,0,30,,105651,36,4,,0,71,,105637,36,4,,0,31,,105652,36,4,,0,70,,105638,36,4,,0,30,,105653,36,4,,0,70,,105639,36,4,,0,30,,105654,36,4,,0,70,,105640,36,4,,0,30,,105655,36,4,,0,70,,105641,36,4,,0,30,,105656,36,4,,0,69,,105642,36,4,,0,28,,105657,36,4,,0,70,,105643,36,4,,0,28,,105658,36,4,,0,70,,105633,36,4,,0,24,,105659,36,4,,0,22,,105644,36,4,,0,70,,105660,36,4,,0,31,,105645,36,4,,0,70,,105661,36,4,,0,30,,105646,36,4,,0,69,,105662,36,4,,0,30,,105647,36,4,,0,70,,105663,36,4,,0,30,,105665,36,4,,0
3181901,'3_merged_15291796',804,,105689,36,4,,0,30,,105670,36,4,,0,70,,105690,36,4,,0,32,,105671,36,4,,0,71,,105691,36,4,,0,31,,105672,36,4,,0,70,,105692,36,4,,0,30,,105673,36,4,,0,70,,105688,36,4,,0,30,,105674,36,4,,0,71,,105693,36,4,,0,30,,105675,36,4,,0,70,,105694,36,4,,0,30,,105676,36,4,,0,70,,105695,36,4,,0,30,,105677,36,4,,0,70,,105687,36,4,,0,30,,105678,36,4,,0,70,,105666,36,4,,0,33,,105679,36,4,,0,69,,105667,36,4,,0,29,,105680,36,4,,0,70,,105668,36,4,,0,29,,105681,36,4,,0,70,,105669,36,4,,0,30,,105682,36,4,,0,70,,105686,36,4,,0,27,,105684,36,4,,0,70,,105683,36,4,,0,30,,105685,36,4,,0,70,,105696,36,4,,0,100,,105697,36,4,,0
