667700,'101_merged_15288070',1600,,78039,6,,,0
667700,'1101_merged_15288074',2511,,78040,6,,,0
667700,'1201_merged_15288056',2511,,78041,6,,,0
667700,'1_merged_15288063',608,,78079,6,,,0,29,,78052,6,,,0,71,,78060,6,,,0,30,,78067,6,,,0,72,,78077,6,,,0,28,,78063,6,,,0,78,,78047,6,,,0,24,,78085,6,,,0,87,,78046,6,,,0,31,,78054,6,,,0,68,,78061,6,,,0,30,,78059,6,,,0,70,,78058,6,,,0,31,,78068,6,,,0,71,,78045,6,,,0,29,,78083,6,,,0,55,,78048,6,,,0,30,,78049,6,,,0,65,,78042,6,,,0,20,,78073,6,,,0,14,,78053,6,,,0,70,,78056,6,,,0,19,,78064,6,,,0,12,,78057,6,,,0,59,,78074,6,,,0,14,,78069,6,,,0,19,,78080,6,,,0,20,,78084,6,,,0,53,,78070,6,,,0,15,,78081,6,,,0,12,,78078,6,,,0,16,,78071,6,,,0,50,,78051,6,,,0,12,,78072,6,,,0,14,,78066,6,,,0,16,,78086,6,,,0,17,,78062,6,,,0,56,,78044,6,,,0,15,,78082,6,,,0,11,,78043,6,,,0,69,,78075,6,,,0,29,,78065,6,,,0,69,,78055,6,,,0,30,,78088,6,,,0,70,,78076,6,,,0,30,,78087,6,,,0,70,,78050,6,,,0
667700,'2_merged_15288065',642,,78116,6,,,0,66,,78117,6,,,0,30,,78096,6,,,0,70,,78124,6,,,0,30,,78125,6,,,0,72,,78092,6,,,0,30,,78122,6,,,0,69,,78099,6,,,0,32,,78130,6,,,0,71,,78094,6,,,0,28,,78129,6,,,0,71,,78131,6,,,0,30,,78097,6,,,0,70,,78095,6,,,0,32,,78134,6,,,0,16,,78105,6,,,0,60,,78132,6,,,0,22,,78090,6,,,0,59,,78115,6,,,0,19,,78121,6,,,0,22,,78120,6,,,0,59,,78114,6,,,0,20,,78091,6,,,0,20,,78098,6,,,0,60,,78113,6,,,0,24,,78133,6,,,0,19,,78100,6,,,0,60,,78112,6,,,0,23,,78126,6,,,0,20,,78123,6,,,0,64,,78111,6,,,0,16,,78104,6,,,0,15,,78101,6,,,0,15,,78119,6,,,0,56,,78110,6,,,0,29,,78127,6,,,0,73,,78118,6,,,0,28,,78102,6,,,0,69,,78107,6,,,0,30,,78106,6,,,0,70,,78128,6,,,0,30,,78109,6,,,0,69,,78093,6,,,0,32,,78108,6,,,0,66,,78103,6,,,0,36,,78089,6,,,0
667700,'3_merged_15288064',811,,78152,6,,,0,30,,78146,6,,,0,70,,78155,6,,,0,29,,78145,6,,,0,69,,78153,6,,,0,30,,78144,6,,,0,69,,78154,6,,,0,31,,78135,6,,,0,69,,78156,6,,,0,32,,78143,6,,,0,69,,78139,6,,,0,32,,78151,6,,,0,70,,78158,6,,,0,31,,78150,6,,,0,13,,78172,6,,,0,70,,78159,6,,,0,15,,78149,6,,,0,17,,78171,6,,,0,69,,78162,6,,,0,16,,78148,6,,,0,15,,78170,6,,,0,71,,78160,6,,,0,13,,78147,6,,,0,16,,78169,6,,,0,71,,78157,6,,,0,14,,78142,6,,,0,17,,78168,6,,,0,67,,78137,6,,,0,15,,78141,6,,,0,59,,78167,6,,,0,25,,78136,6,,,0,17,,78140,6,,,0,68,,78138,6,,,0,30,,78166,6,,,0,71,,78163,6,,,0,30,,78165,6,,,0,71,,78161,6,,,0,34,,78164,6,,,0
667800,'1_merged_15288063',536,,78330,6,,,0,15,,78332,6,,,0,73,,78334,6,,,0,21,,78346,6,,,0,14,,78314,6,,,0,53,,78310,6,,,0,15,,78349,6,,,0,13,,78323,6,,,0,17,,78350,6,,,0,72,,78343,6,,,0,26,,78320,6,,,0,73,,78348,6,,,0,72,,78342,6,,,0,26,,78316,6,,,0,30,,78321,6,,,0,69,,78335,6,,,0,30,,78352,6,,,0,70,,78325,6,,,0,31,,78315,6,,,0,68,,78317,6,,,0,32,,78326,6,,,0,71,,78340,6,,,0,30,,78322,6,,,0,59,,78351,6,,,0,22,,78355,6,,,0,19,,78356,6,,,0,54,,78339,6,,,0,17,,78345,6,,,0,16,,78354,6,,,0,57,,78312,6,,,0,12,,78341,6,,,0,18,,78353,6,,,0,11,,78327,6,,,0,61,,78328,6,,,0,10,,78309,6,,,0,10,,78338,6,,,0,10,,78311,6,,,0,10,,78313,6,,,0,60,,78329,6,,,0,14,,78318,6,,,0,30,,78324,6,,,0,70,,78337,6,,,0,30,,78319,6,,,0,78,,78336,6,,,0,30,,78331,6,,,0,97,,78333,6,,,0,99,,78344,6,,,0,100,,78347,6,,,0
667800,'2_merged_15288065',624,,78366,6,,,0,30,,78358,6,,,0,70,,78379,6,,,0,30,,78359,6,,,0,72,,78390,6,,,0,30,,78389,6,,,0,70,,78381,6,,,0,30,,78391,6,,,0,69,,78387,6,,,0,30,,78363,6,,,0,70,,78361,6,,,0,28,,78357,6,,,0,74,,78362,6,,,0,29,,78364,6,,,0,70,,78392,6,,,0,31,,78365,6,,,0,69,,78375,6,,,0,29,,78382,6,,,0,70,,78371,6,,,0,30,,78383,6,,,0,73,,78372,6,,,0,29,,78384,6,,,0,70,,78373,6,,,0,30,,78388,6,,,0,70,,78376,6,,,0,30,,78385,6,,,0,70,,78367,6,,,0,30,,78386,6,,,0,70,,78369,6,,,0,30,,78377,6,,,0,68,,78393,6,,,0,17,,78368,6,,,0,70,,78380,6,,,0,30,,78378,6,,,0,100,,78374,6,,,0,100,,78370,6,,,0
667800,'3_merged_15288064',823,,78418,6,,,0,31,,78422,6,,,0,70,,78417,6,,,0,28,,78402,6,,,0,63,,78416,6,,,0,30,,78401,6,,,0,71,,78415,6,,,0,37,,78420,6,,,0,73,,78414,6,,,0,32,,78421,6,,,0,69,,78413,6,,,0,30,,78398,6,,,0,71,,78412,6,,,0,30,,78395,6,,,0,70,,78411,6,,,0,30,,78396,6,,,0,70,,78410,6,,,0,30,,78394,6,,,0,70,,78409,6,,,0,30,,78403,6,,,0,69,,78408,6,,,0,31,,78397,6,,,0,70,,78407,6,,,0,30,,78400,6,,,0,70,,78406,6,,,0,25,,78404,6,,,0,92,,78399,6,,,0,95,,78423,6,,,0,105,,78405,6,,,0,96,,78424,6,,,0
667901,'1_merged_15288063',536,,78647,17,,,0,66,,78648,17,,,0,27,,78662,17,,,0,71,,78649,17,,,0,25,,78661,17,,,0,79,,78641,17,,,0,31,,78665,17,,,0,74,,78656,17,,,0,24,,78636,17,,,0,70,,78655,17,,,0,31,,78634,17,,,0,74,,78664,17,,,0,31,,78637,17,,,0,68,,78652,17,,,0,28,,78643,17,,,0,70,,78651,17,,,0,30,,78642,17,,,0,70,,78654,17,,,0,31,,78658,17,,,0,73,,78640,17,,,0,31,,78657,17,,,0,67,,78635,17,,,0,32,,78666,17,,,0,68,,78660,17,,,0,31,,78650,17,,,0,70,,78646,17,,,0,26,,78639,17,,,0,77,,78645,17,,,0,27,,78638,17,,,0,65,,78633,17,,,0,33,,78659,17,,,0,69,,78663,17,,,0,30,,78644,17,,,0,71,,78653,17,,,0
667901,'2_merged_15288065',628,,78698,17,,,0,31,,78692,17,,,0,70,,78693,17,,,0,72,,78674,17,,,0,30,,78667,17,,,0,70,,78687,17,,,0,30,,78689,17,,,0,74,,78679,17,,,0,29,,78670,17,,,0,71,,78669,17,,,0,31,,78685,17,,,0,70,,78671,17,,,0,30,,78678,17,,,0,70,,78675,17,,,0,30,,78668,17,,,0,70,,78686,17,,,0,30,,78697,17,,,0,70,,78680,17,,,0,30,,78684,17,,,0,70,,78677,17,,,0,30,,78672,17,,,0,73,,78683,17,,,0,22,,78688,17,,,0,73,,78696,17,,,0,31,,78676,17,,,0,68,,78691,17,,,0,30,,78682,17,,,0,69,,78694,17,,,0,31,,78695,17,,,0,71,,78681,17,,,0,30,,78690,17,,,0,70,,78673,17,,,0
667901,'3_merged_15288064',732,,78711,17,,,0,70,,78701,17,,,0,30,,78716,17,,,0,70,,78718,17,,,0,30,,78705,17,,,0,70,,78723,17,,,0,30,,78715,17,,,0,70,,78727,17,,,0,30,,78726,17,,,0,71,,78699,17,,,0,31,,78722,17,,,0,71,,78704,17,,,0,31,,78714,17,,,0,71,,78717,17,,,0,29,,78703,17,,,0,71,,78720,17,,,0,30,,78710,17,,,0,70,,78721,17,,,0,31,,78700,17,,,0,70,,78702,17,,,0,31,,78719,17,,,0,68,,78706,17,,,0,30,,78707,17,,,0,70,,78725,17,,,0,30,,78708,17,,,0,69,,78713,17,,,0,30,,78712,17,,,0,70,,78728,17,,,0,30,,78709,17,,,0,68,,78724,17,,,0
669200,'1_merged_15288063',611,,80833,29,,,0,30,,80834,29,,,0,70,,80835,29,,,0,21,,80836,29,,,0,20,,80837,29,,,0,60,,80838,29,,,0,20,,80839,29,,,0,20,,80840,29,,,0,60,,80841,29,,,0,20,,80842,29,,,0,20,,80843,29,,,0,60,,80844,29,,,0,21,,80845,29,,,0,20,,80846,29,,,0,60,,80847,29,,,0,21,,80848,29,,,0,21,,80849,29,,,0,60,,80850,29,,,0,20,,80851,29,,,0,20,,80852,29,,,0,60,,80853,29,,,0,20,,80854,29,,,0,20,,80855,29,,,0,60,,80856,29,,,0,22,,80857,29,,,0,20,,80858,29,,,0,60,,80859,29,,,0,21,,80860,29,,,0,20,,80861,29,,,0,60,,80862,29,,,0,20,,80863,29,,,0,20,,80864,29,,,0,60,,80865,29,,,0,20,,80866,29,,,0,20,,80867,29,,,0,58,,80868,29,,,0,19,,80869,29,,,0,65,,80870,29,,,0,30,,80871,29,,,0,28,,80872,29,,,0,68,,80873,29,,,0,20,,80874,29,,,0,70,,80875,29,,,0,40,,80876,29,,,0,70,,80877,16,,,0,77,,80878,16,,,0,29,,80879,16,,,0,77,,80880,16,,,0,32,,80881,16,,,0,86,,80882,16,,,0
669200,'2_merged_15288065',605,,80883,29,,,0,20,,80884,29,,,0,30,,80885,29,,,0,70,,80886,29,,,0,30,,80887,29,,,0,70,,80888,29,,,0,32,,80889,29,,,0,70,,80890,29,,,0,30,,80891,29,,,0,70,,80892,29,,,0,30,,80893,29,,,0,70,,80894,29,,,0,22,,80895,29,,,0,60,,80896,29,,,0,20,,80897,29,,,0,20,,80898,29,,,0,60,,80899,29,,,0,20,,80900,29,,,0,20,,80901,29,,,0,60,,80902,29,,,0,20,,80903,29,,,0,20,,80904,29,,,0,60,,80905,29,,,0,20,,80906,29,,,0,20,,80907,29,,,0,60,,80908,29,,,0,20,,80909,29,,,0,20,,80910,29,,,0,60,,80911,29,,,0,20,,80912,29,,,0,20,,80913,29,,,0,60,,80914,29,,,0,20,,80915,29,,,0,30,,80916,29,,,0,68,,80917,29,,,0,31,,80918,29,,,0,70,,80919,29,,,0,29,,80920,29,,,0,57,,80921,16,,,0,40,,80922,16,,,0,80,,80923,16,,,0,80,,80924,16,,,0,40,,80925,16,,,0,80,,80926,16,,,0,80,,80927,16,,,0
669200,'3_merged_15288064',656,,80928,29,,,0,70,,80929,29,,,0,30,,80930,29,,,0,73,,80931,29,,,0,30,,80932,29,,,0,70,,80933,29,,,0,71,,80934,29,,,0,30,,80935,29,,,0,70,,80936,29,,,0,30,,80937,29,,,0,20,,80938,29,,,0,60,,80939,29,,,0,20,,80940,29,,,0,20,,80941,29,,,0,60,,80942,29,,,0,20,,80943,29,,,0,20,,80944,29,,,0,60,,80945,29,,,0,20,,80946,29,,,0,20,,80947,29,,,0,60,,80948,29,,,0,20,,80949,29,,,0,20,,80950,29,,,0,60,,80951,29,,,0,20,,80952,29,,,0,20,,80953,29,,,0,60,,80954,29,,,0,20,,80955,29,,,0,20,,80956,29,,,0,60,,80957,29,,,0,20,,80958,29,,,0,27,,80959,29,,,0,71,,80960,29,,,0,30,,80961,29,,,0,70,,80962,29,,,0,29,,80963,29,,,0,59,,80964,16,,,0,40,,80965,16,,,0,80,,80966,16,,,0,79,,80967,16,,,0,41,,80968,16,,,0,80,,80969,16,,,0,80,,80970,16,,,0
683700,'1101_merged_15288074',2652,,95616,33,,,0
683700,'1201_merged_15288056',2652,,95617,33,,,0
683700,'1_merged_15288063',2532,,95624,33,,,0,20,,95623,33,,,0,60,,95619,33,,,0,29,,95622,33,,,0,74,,95621,33,,,0,19,,95620,33,,,0,68,,95618,33,,,0
683700,'2_merged_15288065',519,,95633,7,,,0,2019,,95627,33,,,0,62,,95632,33,,,0,14,,95626,33,,,0,19,,95631,33,,,0,20,,95628,33,,,0,70,,95630,33,,,0,12,,95629,33,,,0,74,,95625,33,,,0
683700,'3_merged_15288064',549,,95642,7,,,0,74,,95643,7,,,0,31,,95644,7,,,0,68,,95645,27,,,0,1688,,95638,33,,,0,32,,95637,33,,,0,70,,95636,33,,,0,38,,95635,33,,,0,71,,95634,33,,,0,24,,95641,33,,,0,88,,95640,33,,,0,25,,95639,33,,,0
