664300,'1_merged_15524980',527,,129823,6,,,0,20,,129824,6,,,0,60,,129825,6,,,0,20,,129826,6,,,0,20,,129827,6,,,0,61,,129828,6,,,0,19,,129829,6,,,0,21,,129830,6,,,0,60,,129831,6,,,0,20,,129832,6,,,0,25,,129833,6,,,0,65,,129834,6,,,0,35,,129835,6,,,0,70,,129836,6,,,0,30,,129837,6,,,0,70,,129838,6,,,0,30,,129839,6,,,0,70,,129840,6,,,0,30,,129841,6,,,0,70,,129842,6,,,0,27,,129843,6,,,0,73,,129844,6,,,0,31,,129845,6,,,0,55,,129846,6,,,0,20,,129847,6,,,0,20,,129848,6,,,0,60,,129849,6,,,0,20,,129850,6,,,0,20,,129851,6,,,0,55,,129852,6,,,0,20,,129853,6,,,0,20,,129854,6,,,0,59,,129855,6,,,0,20,,129856,6,,,0,25,,129857,6,,,0,70,,129858,6,,,0,30,,129859,6,,,0,70,,129860,6,,,0,30,,129861,6,,,0,99,,129862,6,,,0,100,,129863,6,,,0,100,,129864,6,,,0,154,,129865,6,,,0
664300,'2_merged_15524982',617,,129866,6,,,0,30,,129867,6,,,0,70,,129868,6,,,0,31,,129869,6,,,0,69,,129870,6,,,0,32,,129871,6,,,0,71,,129872,6,,,0,30,,129873,6,,,0,70,,129874,6,,,0,23,,129875,6,,,0,70,,129876,6,,,0,30,,129877,6,,,0,70,,129878,6,,,0,30,,129879,6,,,0,70,,129880,6,,,0,30,,129881,6,,,0,70,,129882,6,,,0,30,,129883,6,,,0,70,,129884,6,,,0,30,,129885,6,,,0,70,,129886,6,,,0,30,,129887,6,,,0,70,,129888,6,,,0,30,,129889,6,,,0,70,,129890,6,,,0,30,,129891,6,,,0,77,,129892,6,,,0,30,,129893,6,,,0,70,,129894,6,,,0,28,,129895,6,,,0,99,,129899,6,,,0,105,,129896,6,,,0,100,,129897,6,,,0,100,,129898,6,,,0
664300,'3_merged_15524981',747,,129921,6,,,0,70,,129920,6,,,0,30,,129919,6,,,0,70,,129918,6,,,0,30,,129917,6,,,0,70,,129916,6,,,0,30,,129915,6,,,0,70,,129914,6,,,0,30,,129913,6,,,0,70,,129912,6,,,0,31,,129911,6,,,0,70,,129910,6,,,0,30,,129909,6,,,0,70,,129901,6,,,0,30,,129900,6,,,0,70,,129930,6,,,0,30,,129929,6,,,0,70,,129928,6,,,0,30,,129927,6,,,0,70,,129926,6,,,0,30,,129925,6,,,0,70,,129924,6,,,0,30,,129923,6,,,0,70,,129902,6,,,0,29,,129908,6,,,0,73,,129907,6,,,0,23,,129906,6,,,0,95,,129904,6,,,0,109,,129905,6,,,0,104,,129903,6,,,0,150,,129922,6,,,0
666200,'101_merged_15524987',1511,,134836,6,,,0
666200,'1_merged_15524980',548,,134868,6,,,0,60,,134867,6,,,0,15,,134866,6,,,0,16,,134865,6,,,0,14,,134885,6,,,0,55,,134864,6,,,0,10,,134863,6,,,0,20,,134862,6,,,0,15,,134861,6,,,0,55,,134886,6,,,0,5,,134891,6,,,0,10,,134860,6,,,0,15,,134854,6,,,0,15,,134853,6,,,0,55,,134859,6,,,0,15,,134887,6,,,0,14,,134873,6,,,0,20,,134858,6,,,0,56,,134857,6,,,0,20,,134872,6,,,0,20,,134856,6,,,0,60,,134855,6,,,0,20,,134871,6,,,0,20,,134852,6,,,0,60,,134851,6,,,0,20,,134870,6,,,0,20,,134850,6,,,0,60,,134849,6,,,0,20,,134869,6,,,0,20,,134848,6,,,0,69,,134847,6,,,0,22,,134846,6,,,0,60,,134845,6,,,0,20,,134888,6,,,0,10,,134892,6,,,0,15,,134844,6,,,0,60,,134843,6,,,0,15,,134889,6,,,0,10,,134842,6,,,0,20,,134881,6,,,0,50,,134882,6,,,0,20,,134890,6,,,0,20,,134841,6,,,0,59,,134880,6,,,0,20,,134840,6,,,0,25,,134839,6,,,0,75,,134838,6,,,0,30,,134874,6,,,0,70,,134837,6,,,0,30,,134884,6,,,0,70,,134879,6,,,0,30,,134893,6,,,0,69,,134878,6,,,0,30,,134894,6,,,0,70,,134883,6,,,0,30,,134895,6,,,0,80,,134877,6,,,0,22,,134875,6,,,0,88,,134876,6,,,0
666200,'201',1511,,134896,6,,,0
666200,'2_merged_15524982',557,,134897,6,,,0,70,,134898,6,,,0,30,,134899,6,,,0,70,,134900,6,,,0,30,,134901,6,,,0,71,,134902,6,,,0,29,,134903,6,,,0,71,,134904,6,,,0,30,,134905,6,,,0,70,,134906,6,,,0,25,,134907,6,,,0,70,,134908,6,,,0,30,,134909,6,,,0,70,,134910,6,,,0,30,,134911,6,,,0,70,,134912,6,,,0,30,,134913,6,,,0,70,,134914,6,,,0,30,,134915,6,,,0,70,,134916,6,,,0,30,,134917,6,,,0,70,,134918,6,,,0,30,,134919,6,,,0,70,,134920,6,,,0,30,,134921,6,,,0,70,,134922,6,,,0,30,,134923,6,,,0,75,,134924,6,,,0,30,,134925,6,,,0,70,,134926,6,,,0,30,,134927,6,,,0,70,,134928,6,,,0,30,,134933,6,,,0,75,,134931,6,,,0,69,,134934,6,,,0,30,,134932,6,,,0,70,,134935,6,,,0,100,,134929,6,,,0,51,,134930,6,,,0
666200,'3_merged_15524981',728,,134965,6,,,0,30,,134966,6,,,0,70,,134967,6,,,0,30,,134939,6,,,0,70,,134938,6,,,0,30,,134937,6,,,0,70,,134936,6,,,0,30,,134964,6,,,0,70,,134963,6,,,0,30,,134962,6,,,0,70,,134961,6,,,0,30,,134960,6,,,0,70,,134959,6,,,0,30,,134958,6,,,0,70,,134957,6,,,0,30,,134956,6,,,0,70,,134955,6,,,0,30,,134954,6,,,0,70,,134953,6,,,0,30,,134952,6,,,0,70,,134951,6,,,0,30,,134950,6,,,0,70,,134949,6,,,0,30,,134948,6,,,0,70,,134947,6,,,0,30,,134946,6,,,0,69,,134945,6,,,0,30,,134944,6,,,0,70,,134940,6,,,0,30,,134943,6,,,0,70,,134968,6,,,0,30,,134942,6,,,0,70,,134969,6,,,0,30,,134941,6,,,0
666300,'1_merged_15524980',512,,135150,6,,,0,30,,135147,6,,,0,70,,135108,6,,,0,21,,135131,6,,,0,24,,135132,6,,,0,64,,135133,6,,,0,20,,135134,6,,,0,62,,135135,6,,,0,20,,135136,6,,,0,20,,135137,6,,,0,60,,135138,6,,,0,20,,135148,6,,,0,20,,135139,6,,,0,60,,135140,6,,,0,17,,135149,6,,,0,30,,135141,6,,,0,68,,135142,6,,,0,30,,135128,6,,,0,70,,135143,6,,,0,30,,135144,6,,,0,71,,135145,6,,,0,31,,135146,6,,,0,72,,135112,6,,,0,26,,135129,6,,,0,61,,135113,6,,,0,25,,135114,6,,,0,18,,135115,6,,,0,62,,135130,6,,,0,15,,135116,6,,,0,25,,135117,6,,,0,60,,135118,6,,,0,23,,135119,6,,,0,16,,135111,6,,,0,60,,135107,6,,,0,20,,135120,6,,,0,20,,135121,6,,,0,58,,135122,6,,,0,32,,135123,6,,,0,68,,135124,6,,,0,29,,135125,6,,,0,70,,135126,6,,,0,30,,135151,6,,,0,71,,135127,6,,,0,29,,135152,6,,,0,70,,135110,6,,,0,30,,135153,6,,,0,70,,135109,6,,,0
666300,'2_merged_15524982',547,,135157,6,,,0,65,,135158,6,,,0,30,,135159,6,,,0,70,,135160,6,,,0,32,,135161,6,,,0,68,,135162,6,,,0,32,,135163,6,,,0,73,,135164,6,,,0,27,,135165,6,,,0,71,,135166,6,,,0,33,,135167,6,,,0,70,,135168,6,,,0,30,,135169,6,,,0,70,,135170,6,,,0,30,,135171,6,,,0,70,,135172,6,,,0,30,,135173,6,,,0,70,,135174,6,,,0,30,,135175,6,,,0,70,,135176,6,,,0,30,,135177,6,,,0,70,,135178,6,,,0,30,,135179,6,,,0,70,,135180,6,,,0,30,,135181,6,,,0,70,,135182,6,,,0,30,,135183,6,,,0,67,,135184,6,,,0,30,,135185,6,,,0,69,,135186,6,,,0,30,,135187,6,,,0,70,,135188,6,,,0,30,,135189,6,,,0,70,,135154,6,,,0,30,,135190,6,,,0,70,,135156,6,,,0,30,,135191,6,,,0,70,,135155,6,,,0
666300,'3_merged_15524981',713,,135221,6,,,0,30,,135222,6,,,0,70,,135223,6,,,0,29,,135216,6,,,0,71,,135217,6,,,0,30,,135202,6,,,0,70,,135218,6,,,0,30,,135219,6,,,0,70,,135213,6,,,0,30,,135220,6,,,0,70,,135192,6,,,0,30,,135193,6,,,0,70,,135194,6,,,0,30,,135195,6,,,0,70,,135196,6,,,0,30,,135197,6,,,0,70,,135198,6,,,0,30,,135199,6,,,0,70,,135200,6,,,0,30,,135201,6,,,0,70,,135203,6,,,0,30,,135204,6,,,0,69,,135205,6,,,0,30,,135206,6,,,0,70,,135207,6,,,0,30,,135208,6,,,0,70,,135209,6,,,0,30,,135210,6,,,0,70,,135211,6,,,0,30,,135224,6,,,0,70,,135212,6,,,0,30,,135225,6,,,0,70,,135215,6,,,0,30,,135226,6,,,0,60,,135214,6,,,0
