670100,'101_merged_15288070',756,,82036,1,0,32,0
670100,'1_merged_15288063',621,,82038,1,,,0,35,,82051,18,,,0,62,,82046,18,,,0,22,,82062,1,,,0,60,,82042,18,,,0,20,,82061,1,,,0,20,,82054,18,,,0,72,,82043,18,,,0,34,,82049,18,,,0,96,,82044,18,,,0,96,,82050,18,,,0,98,,82045,18,,,0,103,,82053,18,,,0,102,,82047,18,,,0,100,,82052,18,,,0,4,,82063,1,,,0,110,,82048,18,,,0,68,,82060,18,,,0,27,,82041,18,,,0,70,,82040,18,,,0,30,,82039,1,,,0,92,,82037,1,,,0,102,,82059,1,,,0,100,,82058,1,,,0,100,,82057,1,,,0,100,,82056,1,,,0,102,,82055,1,,,0
670100,'2_merged_15288065',736,,82080,1,,,0,100,,82076,1,,,0,102,,82067,18,,,0,100,,82077,18,,,0,101,,82079,18,,,0,102,,82072,18,,,0,101,,82081,18,,,0,102,,82082,18,,,0,100,,82068,18,,,0,100,,82070,18,,,0,100,,82065,18,,,0,68,,82069,1,,,0,92,,82066,1,,,0,98,,82071,1,,,0,55,,82078,1,,,0,81,,82064,1,,,0,82,,82075,1,,,0,83,,82074,1,,,0,44,,82083,1,,,0,90,,82073,1,,,0
670100,'3_merged_15288064',808,,82087,1,,,0,100,,82100,1,,,0,100,,82089,1,,,0,102,,82086,1,,,0,99,,82091,1,,,0,100,,82093,1,,,0,101,,82085,1,,,0,100,,82090,1,,,0,100,,82088,1,,,0,100,,82094,1,,,0,101,,82092,1,,,0,99,,82084,1,,,0,100,,82097,1,,,0,102,,82099,1,,,0,99,,82096,1,,,0,100,,82098,1,,,0,104,,82095,1,,,0
670101,'1_merged_15288063',740,,82128,19,4,,0,80,,82127,19,4,,0,720,,82129,19,4,,0,268,,82101,19,4,,0,37,,82122,19,4,,0,65,,82120,19,4,,0,32,,82106,19,4,,0,97,,82123,19,4,,0,97,,82104,19,4,,0,99,,82116,19,4,,0,100,,82118,19,4,,0,101,,82115,19,4,,0
670101,'2_merged_15288065',728,,82133,19,4,,0,101,,82147,19,4,,0,977,,82131,19,4,,0,98,,82144,19,4,,0,98,,82141,19,4,,0,55,,82130,19,4,,0,81,,82143,19,4,,0,82,,82138,19,4,,0,83,,82148,19,4,,0,44,,82149,19,4,,0,90,,82142,19,4,,0
670101,'3_merged_15288064',808,,82166,19,4,,0,100,,82161,19,4,,0,100,,82160,19,4,,0,102,,82156,19,4,,0,99,,82153,19,4,,0,100,,82154,19,4,,0,101,,82159,19,4,,0,100,,82157,19,4,,0,100,,82164,19,4,,0,100,,82151,19,4,,0,101,,82162,19,4,,0,99,,82158,19,4,,0,100,,82152,19,4,,0,102,,82150,19,4,,0,99,,82165,19,4,,0,100,,82163,19,4,,0,104,,82155,19,4,,0
670200,'1_merged_15288063',540,,82182,22,,,0,60,,82201,22,,,0,20,,82194,22,,,0,20,,82198,22,,,0,60,,82189,22,,,0,20,,82197,22,,,0,20,,82199,22,,,0,60,,82180,22,,,0,21,,82196,22,,,0,20,,82200,22,,,0,60,,82178,22,,,0,20,,82177,22,,,0,28,,82176,22,,,0,70,,82175,22,,,0,30,,82174,22,,,0,70,,82173,22,,,0,31,,82185,22,,,0,71,,82184,22,,,0,30,,82190,22,,,0,70,,82169,22,,,0,30,,82171,22,,,0,71,,82170,22,,,0,31,,82181,22,,,0,70,,82188,22,,,0,30,,82168,22,,,0,70,,82167,22,,,0,30,,82195,22,,,0,70,,82193,22,,,0,29,,82183,22,,,0,71,,82191,22,,,0,30,,82192,22,,,0,68,,82179,22,,,0,31,,82187,22,,,0,103,,82172,22,,,0,102,,82186,22,,,0
670200,'2_merged_15288065',619,,82202,22,,,0,35,,82203,22,,,0,75,,82204,22,,,0,75,,82205,22,,,0,30,,82206,22,,,0,70,,82207,22,,,0,30,,82208,22,,,0,70,,82209,22,,,0,31,,82210,22,,,0,71,,82211,22,,,0,30,,82212,22,,,0,71,,82213,22,,,0,30,,82214,22,,,0,70,,82215,22,,,0,31,,82216,22,,,0,70,,82217,22,,,0,31,,82218,22,,,0,70,,82219,22,,,0,30,,82220,22,,,0,70,,82221,22,,,0,30,,82222,22,,,0,70,,82223,22,,,0,29,,82224,22,,,0,70,,82225,22,,,0,30,,82226,22,,,0,70,,82227,22,,,0,28,,82228,22,,,0,70,,82229,22,,,0,30,,82230,22,,,0,70,,82231,22,,,0,28,,82232,22,,,0,66,,82233,22,,,0
670200,'3_merged_15288064',830,,82241,22,,,0,102,,82240,22,,,0,102,,82236,22,,,0,103,,82235,22,,,0,103,,82242,22,,,0,72,,82250,22,,,0,30,,82245,22,,,0,70,,82251,22,,,0,30,,82234,22,,,0,70,,82252,22,,,0,30,,82237,22,,,0,70,,82253,22,,,0,30,,82248,22,,,0,70,,82254,22,,,0,29,,82238,22,,,0,70,,82255,22,,,0,30,,82243,22,,,0,70,,82256,22,,,0,30,,82246,22,,,0,100,,82247,22,,,0,100,,82244,22,,,0,96,,82239,22,,,0,97,,82249,22,,,0
671000,'1_merged_15288063',959,,85174,17,,,0,146,,85172,17,,,0,102,,85178,17,,,0,104,,85179,17,,,0,103,,85180,17,,,0,30,,85181,17,,,0,71,,85175,17,,,0,91,,85176,17,,,0,96,,85177,17,,,0
671000,'2_merged_15288065',1013,,85185,17,,,0,101,,85184,17,,,0,101,,85186,17,,,0,99,,85182,17,,,0,100,,85190,17,,,0,100,,85189,17,,,0,100,,85188,17,,,0,100,,85187,17,,,0,105,,85183,17,,,0
