664300,'1_merged_15524980',526,,129823,2,,,0,20,,129824,2,,,0,60,,129825,2,,,0,20,,129826,2,,,0,20,,129827,2,,,0,60,,129828,2,,,0,20,,129829,2,,,0,20,,129830,2,,,0,60,,129831,2,,,0,20,,129832,2,,,0,25,,129833,2,,,0,65,,129834,2,,,0,35,,129835,2,,,0,70,,129836,2,,,0,30,,129837,2,,,0,70,,129838,2,,,0,30,,129839,2,,,0,70,,129840,2,,,0,30,,129841,2,,,0,70,,129842,2,,,0,27,,129843,2,,,0,73,,129844,2,,,0,30,,129845,2,,,0,55,,129846,2,,,0,20,,129847,2,,,0,20,,129848,2,,,0,61,,129849,2,,,0,20,,129850,2,,,0,20,,129851,2,,,0,55,,129852,2,,,0,20,,129853,2,,,0,20,,129854,2,,,0,59,,129855,2,,,0,20,,129856,2,,,0,25,,129857,2,,,0,70,,129858,2,,,0,30,,129859,2,,,0,70,,129860,2,,,0,30,,129861,2,,,0,100,,129862,2,,,0,100,,129863,2,,,0,100,,129864,2,,,0,154,,129865,2,,,0
664300,'2_merged_15524982',616,,129866,2,,,0,30,,129867,2,,,0,70,,129868,2,,,0,31,,129869,2,,,0,69,,129870,2,,,0,32,,129871,2,,,0,70,,129872,2,,,0,30,,129873,2,,,0,70,,129874,2,,,0,23,,129875,2,,,0,70,,129876,2,,,0,30,,129877,2,,,0,70,,129878,2,,,0,30,,129879,2,,,0,70,,129880,2,,,0,30,,129881,2,,,0,70,,129882,2,,,0,30,,129883,2,,,0,70,,129884,2,,,0,30,,129885,2,,,0,70,,129886,2,,,0,30,,129887,2,,,0,70,,129888,2,,,0,30,,129889,2,,,0,70,,129890,2,,,0,30,,129891,2,,,0,77,,129892,2,,,0,30,,129893,2,,,0,70,,129894,2,,,0,28,,129895,2,,,0,100,,129899,2,,,0,105,,129896,2,,,0,100,,129897,2,,,0,100,,129898,2,,,0
664300,'3_merged_15524981',746,,129921,2,,,0,70,,129920,2,,,0,30,,129919,2,,,0,70,,129918,2,,,0,30,,129917,2,,,0,70,,129916,2,,,0,30,,129915,2,,,0,70,,129914,2,,,0,30,,129913,2,,,0,70,,129912,2,,,0,30,,129911,2,,,0,70,,129910,2,,,0,30,,129909,2,,,0,70,,129901,2,,,0,30,,129900,2,,,0,70,,129930,2,,,0,30,,129929,2,,,0,70,,129928,2,,,0,30,,129927,2,,,0,70,,129926,2,,,0,30,,129925,2,,,0,70,,129924,2,,,0,30,,129923,2,,,0,70,,129902,2,,,0,30,,129908,2,,,0,73,,129907,2,,,0,23,,129906,2,,,0,95,,129904,2,,,0,109,,129905,2,,,0,104,,129903,2,,,0,150,,129922,2,,,0
666200,'101_merged_15524987',1509,,134836,2,,,0
666200,'1_merged_15524980',546,,134868,2,,,0,60,,134867,2,,,0,15,,134866,2,,,0,16,,134865,2,,,0,14,,134885,2,,,0,55,,134864,2,,,0,10,,134863,2,,,0,20,,134862,2,,,0,15,,134861,2,,,0,55,,134886,2,,,0,5,,134891,2,,,0,10,,134860,2,,,0,15,,134854,2,,,0,15,,134853,2,,,0,55,,134859,2,,,0,15,,134887,2,,,0,14,,134873,2,,,0,20,,134858,2,,,0,56,,134857,2,,,0,20,,134872,2,,,0,20,,134856,2,,,0,60,,134855,2,,,0,20,,134871,2,,,0,20,,134852,2,,,0,60,,134851,2,,,0,20,,134870,2,,,0,20,,134850,2,,,0,60,,134849,2,,,0,20,,134869,2,,,0,20,,134848,2,,,0,69,,134847,2,,,0,21,,134846,2,,,0,61,,134845,2,,,0,20,,134888,2,,,0,9,,134892,2,,,0,15,,134844,2,,,0,60,,134843,2,,,0,15,,134889,2,,,0,10,,134842,2,,,0,20,,134881,2,,,0,50,,134882,2,,,0,20,,134890,2,,,0,20,,134841,2,,,0,60,,134880,2,,,0,20,,134840,2,,,0,25,,134839,2,,,0,75,,134838,2,,,0,30,,134874,2,,,0,70,,134837,2,,,0,30,,134884,2,,,0,70,,134879,2,,,0,30,,134893,2,,,0,70,,134878,2,,,0,30,,134894,2,,,0,70,,134883,2,,,0,30,,134895,2,,,0,80,,134877,2,,,0,22,,134875,2,,,0,88,,134876,2,,,0
666200,'201',1509,,134896,2,,,0
666200,'2_merged_15524982',555,,134897,2,,,0,71,,134898,2,,,0,30,,134899,2,,,0,70,,134900,2,,,0,30,,134901,2,,,0,70,,134902,2,,,0,30,,134903,2,,,0,70,,134904,2,,,0,30,,134905,2,,,0,70,,134906,2,,,0,25,,134907,2,,,0,70,,134908,2,,,0,30,,134909,2,,,0,70,,134910,2,,,0,30,,134911,2,,,0,70,,134912,2,,,0,30,,134913,2,,,0,70,,134914,2,,,0,30,,134915,2,,,0,70,,134916,2,,,0,30,,134917,2,,,0,70,,134918,2,,,0,30,,134919,2,,,0,70,,134920,2,,,0,30,,134921,2,,,0,70,,134922,2,,,0,30,,134923,2,,,0,75,,134924,2,,,0,30,,134925,2,,,0,70,,134926,2,,,0,30,,134927,2,,,0,70,,134928,2,,,0,30,,134933,2,,,0,75,,134931,2,,,0,70,,134934,2,,,0,30,,134932,2,,,0,70,,134935,2,,,0,100,,134929,2,,,0,51,,134930,2,,,0
666200,'3_merged_15524981',726,,134965,2,,,0,30,,134966,2,,,0,70,,134967,2,,,0,30,,134939,2,,,0,70,,134938,2,,,0,30,,134937,2,,,0,70,,134936,2,,,0,30,,134964,2,,,0,70,,134963,2,,,0,30,,134962,2,,,0,70,,134961,2,,,0,30,,134960,2,,,0,70,,134959,2,,,0,30,,134958,2,,,0,70,,134957,2,,,0,30,,134956,2,,,0,70,,134955,2,,,0,30,,134954,2,,,0,70,,134953,2,,,0,30,,134952,2,,,0,70,,134951,2,,,0,30,,134950,2,,,0,70,,134949,2,,,0,30,,134948,2,,,0,70,,134947,2,,,0,30,,134946,2,,,0,70,,134945,2,,,0,30,,134944,2,,,0,70,,134940,2,,,0,30,,134943,2,,,0,70,,134968,2,,,0,30,,134942,2,,,0,70,,134969,2,,,0,30,,134941,2,,,0
666300,'1_merged_15524980',511,,135150,2,,,0,30,,135147,2,,,0,70,,135108,2,,,0,21,,135131,2,,,0,24,,135132,2,,,0,63,,135133,2,,,0,20,,135134,2,,,0,62,,135135,2,,,0,20,,135136,2,,,0,20,,135137,2,,,0,60,,135138,2,,,0,20,,135148,2,,,0,20,,135139,2,,,0,60,,135140,2,,,0,17,,135149,2,,,0,30,,135141,2,,,0,68,,135142,2,,,0,30,,135128,2,,,0,70,,135143,2,,,0,30,,135144,2,,,0,70,,135145,2,,,0,31,,135146,2,,,0,72,,135112,2,,,0,26,,135129,2,,,0,61,,135113,2,,,0,25,,135114,2,,,0,18,,135115,2,,,0,62,,135130,2,,,0,15,,135116,2,,,0,25,,135117,2,,,0,60,,135118,2,,,0,23,,135119,2,,,0,17,,135111,2,,,0,60,,135107,2,,,0,20,,135120,2,,,0,20,,135121,2,,,0,58,,135122,2,,,0,32,,135123,2,,,0,68,,135124,2,,,0,30,,135125,2,,,0,70,,135126,2,,,0,30,,135151,2,,,0,71,,135127,2,,,0,29,,135152,2,,,0,70,,135110,2,,,0,30,,135153,2,,,0,70,,135109,2,,,0
666300,'2_merged_15524982',546,,135157,2,,,0,65,,135158,2,,,0,30,,135159,2,,,0,70,,135160,2,,,0,32,,135161,2,,,0,68,,135162,2,,,0,32,,135163,2,,,0,73,,135164,2,,,0,26,,135165,2,,,0,71,,135166,2,,,0,33,,135167,2,,,0,70,,135168,2,,,0,30,,135169,2,,,0,70,,135170,2,,,0,30,,135171,2,,,0,70,,135172,2,,,0,30,,135173,2,,,0,70,,135174,2,,,0,30,,135175,2,,,0,70,,135176,2,,,0,30,,135177,2,,,0,70,,135178,2,,,0,30,,135179,2,,,0,70,,135180,2,,,0,30,,135181,2,,,0,70,,135182,2,,,0,30,,135183,2,,,0,67,,135184,2,,,0,30,,135185,2,,,0,70,,135186,2,,,0,30,,135187,2,,,0,70,,135188,2,,,0,30,,135189,2,,,0,70,,135154,2,,,0,30,,135190,2,,,0,70,,135156,2,,,0,30,,135191,2,,,0,70,,135155,2,,,0
666300,'3_merged_15524981',711,,135221,2,,,0,30,,135222,2,,,0,70,,135223,2,,,0,30,,135216,2,,,0,70,,135217,2,,,0,30,,135202,2,,,0,70,,135218,2,,,0,30,,135219,2,,,0,70,,135213,2,,,0,30,,135220,2,,,0,70,,135192,2,,,0,30,,135193,2,,,0,70,,135194,2,,,0,30,,135195,2,,,0,70,,135196,2,,,0,30,,135197,2,,,0,70,,135198,2,,,0,30,,135199,2,,,0,70,,135200,2,,,0,30,,135201,2,,,0,70,,135203,2,,,0,30,,135204,2,,,0,70,,135205,2,,,0,30,,135206,2,,,0,70,,135207,2,,,0,30,,135208,2,,,0,70,,135209,2,,,0,30,,135210,2,,,0,70,,135211,2,,,0,30,,135224,2,,,0,70,,135212,2,,,0,30,,135225,2,,,0,70,,135215,2,,,0,30,,135226,2,,,0,60,,135214,2,,,0
