682800,'101_merged_15529707',909,,155116,35,4,,0
682800,'1201_merged_15529693',2132,,155117,34,4,,0,107,,155118,34,4,,0
682800,'1_merged_15529700',829,,155136,35,4,,0,119,,155135,34,4,,0,80,,155134,34,4,,0,77,,155133,34,4,,0,43,,155132,34,4,,0,82,,155131,34,4,,0,80,,155130,34,4,,0,40,,155129,34,4,,0,82,,155128,34,4,,0,80,,155127,33,4,,0,40,,155126,33,4,,0,84,,155125,33,4,,0,78,,155124,33,4,,0,37,,155123,33,4,,0,80,,155122,33,4,,0,76,,155121,34,4,,0,50,,155120,34,4,,0,69,,155119,34,4,,0
682800,'201',909,,155137,35,4,,0
682800,'2_merged_15529702',935,,155139,34,4,,0,80,,155156,34,4,,0,40,,155155,34,4,,0,82,,155154,34,4,,0,80,,155153,34,4,,0,40,,155152,34,4,,0,80,,155151,34,4,,0,80,,155150,34,4,,0,40,,155149,34,4,,0,80,,155148,34,4,,0,80,,155147,34,4,,0,41,,155146,34,4,,0,80,,155145,34,4,,0,79,,155144,34,4,,0,37,,155143,34,4,,0,150,,155142,34,4,,0,108,,155141,34,4,,0,107,,155140,34,4,,0,103,,155138,34,4,,0
682800,'3_merged_15529701',1139,,155162,34,4,,0,80,,155169,34,4,,0,40,,155161,34,4,,0,80,,155168,34,4,,0,81,,155167,34,4,,0,80,,155160,34,4,,0,39,,155166,34,4,,0,79,,155159,34,4,,0,40,,155158,34,4,,0,80,,155165,34,4,,0,80,,155164,34,4,,0,39,,155157,34,4,,0,80,,155163,34,4,,0
682801,'1101_merged_15529711',2032,,155171,1,,,0
682801,'1201_merged_15529693',2032,,155174,1,,,0,108,,155173,1,,,0,107,,155172,1,,,0
682801,'1_merged_15529700',840,,155190,1,,,0,80,,155191,1,,,0,80,,155188,1,,,0,40,,155189,1,,,0,80,,155187,1,,,0,80,,155175,1,,,0,40,,155192,1,,,0,80,,155186,1,,,0,80,,155185,1,,,0,40,,155184,1,,,0,80,,155183,1,,,0,82,,155182,1,,,0,39,,155181,1,,,0,79,,155180,1,,,0,80,,155179,1,,,0,40,,155178,1,,,0,80,,155177,1,,,0,82,,155176,1,,,0
682801,'2_merged_15529702',910,,155204,1,,,0,40,,155203,1,,,0,80,,155202,1,,,0,80,,155201,1,,,0,40,,155200,1,,,0,80,,155199,1,,,0,80,,155198,1,,,0,40,,155197,1,,,0,80,,155196,1,,,0,80,,155195,1,,,0,40,,155194,1,,,0,80,,155193,1,,,0,80,,155212,1,,,0,40,,155211,1,,,0,80,,155210,1,,,0,70,,155209,1,,,0,110,,155208,1,,,0,107,,155207,1,,,0,107,,155206,1,,,0,104,,155205,1,,,0
682801,'3_merged_15529701',1110,,155213,1,,,0,40,,155225,1,,,0,80,,155224,1,,,0,80,,155223,1,,,0,40,,155222,1,,,0,78,,155221,1,,,0,82,,155220,1,,,0,40,,155219,1,,,0,80,,155218,1,,,0,80,,155217,1,,,0,40,,155216,1,,,0,80,,155215,1,,,0,80,,155214,1,,,0
3454300,'1_merged_15529700',1901,,169272,28,4,,0,12,,169273,28,4,,0,15,,169274,28,4,,0,16,,169275,28,4,,0,15,,169276,28,4,,0,54,,169277,28,4,,0,15,,169278,28,4,,0,15,,169279,28,4,,0,70,,169280,28,4,,0,28,,169281,28,4,,0,70,,169282,28,4,,0,30,,169283,28,4,,0,69,,169284,28,4,,0,27,,169285,28,4,,0,70,,169286,28,4,,0
3454300,'2_merged_15529702',546,,169334,31,4,,0,67,,169333,31,4,,0,30,,169332,31,4,,0,68,,169331,31,4,,0,33,,169330,31,4,,0,72,,169329,31,4,,0,29,,169328,31,4,,0,71,,169327,31,4,,0,21,,169307,31,4,,0,20,,169326,31,4,,0,60,,169325,31,4,,0,21,,169324,31,4,,0,20,,169323,31,4,,0,60,,169322,31,4,,0,20,,169321,31,4,,0,21,,169320,31,4,,0,60,,169319,31,4,,0,22,,169318,31,4,,0,60,,169317,31,4,,0,20,,169316,31,4,,0,22,,169315,31,4,,0,60,,169314,31,4,,0,20,,169313,31,4,,0,21,,169312,31,4,,0,60,,169311,31,4,,0,20,,169310,31,4,,0,20,,169309,31,4,,0,60,,169308,31,4,,0,20,,169355,31,4,,0,21,,169354,31,4,,0,60,,169353,31,4,,0,20,,169352,31,4,,0,19,,169351,31,4,,0,60,,169350,31,4,,0,20,,169349,31,4,,0,18,,169348,31,4,,0,60,,169347,31,4,,0,16,,169346,28,4,,0,28,,169345,28,4,,0,70,,169344,28,4,,0,33,,169343,28,4,,0,70,,169342,28,4,,0,30,,169341,28,4,,0,70,,169340,28,4,,0,29,,169339,28,4,,0,70,,169338,28,4,,0,99,,169337,28,4,,0
3454300,'3_merged_15529701',551,,169398,31,4,,0,72,,169399,31,4,,0,30,,169356,31,4,,0,71,,169357,31,4,,0,30,,169358,31,4,,0,72,,169359,31,4,,0,30,,169383,31,4,,0,71,,169384,31,4,,0,28,,169385,31,4,,0,68,,169386,31,4,,0,25,,169391,31,4,,0,60,,169387,31,4,,0,20,,169388,31,4,,0,21,,169392,31,4,,0,59,,169389,31,4,,0,20,,169390,31,4,,0,20,,169393,31,4,,0,60,,169360,31,4,,0,20,,169361,31,4,,0,20,,169394,31,4,,0,60,,169362,31,4,,0,20,,169363,31,4,,0,20,,169395,31,4,,0,60,,169364,31,4,,0,20,,169365,31,4,,0,20,,169396,31,4,,0,60,,169366,31,4,,0,20,,169367,31,4,,0,20,,169397,31,4,,0,61,,169368,31,4,,0,20,,169369,31,4,,0,30,,169370,31,4,,0,70,,169371,31,4,,0,72,,169372,28,4,,0,34,,169373,28,4,,0,76,,169374,28,4,,0,34,,169375,28,4,,0,75,,169376,28,4,,0,35,,169377,28,4,,0,79,,169378,28,4,,0,70,,169379,28,4,,0,110,,169380,28,4,,0
