667900,'1_merged_15524980',605,,138300,1,,,0,25,,138291,1,,,0,72,,138302,1,,,0,27,,138281,1,,,0,73,,138304,1,,,0,33,,138306,1,,,0,75,,138303,1,,,0,22,,138307,1,,,0,71,,138305,1,,,0,31,,138282,1,,,0,70,,138314,1,,,0,23,,138310,1,,,0,32,,138286,1,,,0,64,,138298,1,,,0,28,,138313,1,,,0,72,,138293,1,,,0,30,,138295,1,,,0,68,,138292,1,,,0,29,,138294,1,,,0,71,,138296,1,,,0,24,,138308,1,,,0,72,,138283,1,,,0,33,,138290,1,,,0,71,,138288,1,,,0,79,,138297,1,,,0,38,,138309,1,,,0,66,,138311,1,,,0,38,,138299,1,,,0,66,,138312,1,,,0,26,,138289,1,,,0,74,,138280,1,,,0,25,,138285,1,,,0,70,,138301,1,,,0,32,,138284,1,,,0
667900,'2_merged_15524982',703,,138317,1,,,0,30,,138316,1,,,0,71,,138338,1,,,0,31,,138343,1,,,0,68,,138318,1,,,0,26,,138335,1,,,0,30,,138340,1,,,0,74,,138344,1,,,0,70,,138336,1,,,0,31,,138326,1,,,0,69,,138342,1,,,0,28,,138339,1,,,0,28,,138315,1,,,0,70,,138324,1,,,0,29,,138328,1,,,0,70,,138334,1,,,0,30,,138346,1,,,0,70,,138341,1,,,0,30,,138333,1,,,0,70,,138322,1,,,0,30,,138319,1,,,0,70,,138345,1,,,0,76,,138323,1,,,0,29,,138332,1,,,0,72,,138325,1,,,0,28,,138330,1,,,0,71,,138321,1,,,0,32,,138329,1,,,0,69,,138331,1,,,0,30,,138320,1,,,0,69,,138337,1,,,0,30,,138327,1,,,0
667900,'3_merged_15524981',805,,138368,1,,,0,28,,138350,1,,,0,72,,138374,1,,,0,30,,138349,1,,,0,70,,138372,1,,,0,30,,138367,1,,,0,67,,138359,1,,,0,30,,138361,1,,,0,70,,138364,1,,,0,30,,138356,1,,,0,72,,138355,1,,,0,31,,138363,1,,,0,71,,138353,1,,,0,32,,138354,1,,,0,70,,138357,1,,,0,30,,138369,1,,,0,70,,138362,1,,,0,30,,138351,1,,,0,70,,138373,1,,,0,31,,138358,1,,,0,69,,138348,1,,,0,29,,138360,1,,,0,70,,138370,1,,,0,30,,138347,1,,,0,70,,138352,1,,,0,30,,138366,1,,,0,70,,138376,1,,,0,30,,138371,1,,,0,70,,138365,1,,,0,26,,138375,1,,,0
667901,'1_merged_15524980',558,,138391,45,4,,0,65,,138392,45,4,,0,27,,138406,45,4,,0,71,,138393,45,4,,0,28,,138405,45,4,,0,80,,138385,45,4,,0,71,,138409,45,4,,0,34,,138400,45,4,,0,24,,138380,45,4,,0,70,,138399,45,4,,0,31,,138378,45,4,,0,74,,138408,45,4,,0,72,,138381,45,4,,0,28,,138396,45,4,,0,71,,138387,45,4,,0,32,,138395,45,4,,0,68,,138386,45,4,,0,31,,138398,45,4,,0,69,,138402,45,4,,0,31,,138384,45,4,,0,72,,138401,45,4,,0,28,,138379,45,4,,0,72,,138410,45,4,,0,24,,138404,45,4,,0,73,,138394,45,4,,0,29,,138390,45,4,,0,26,,138383,45,4,,0,78,,138389,45,4,,0,66,,138382,45,4,,0,23,,138377,45,4,,0,33,,138403,45,4,,0,68,,138407,45,4,,0,29,,138388,45,4,,0,74,,138397,45,4,,0
667901,'2_merged_15524982',646,,138442,45,4,,0,73,,138436,45,4,,0,31,,138437,45,4,,0,72,,138418,45,4,,0,30,,138411,45,4,,0,70,,138431,45,4,,0,32,,138433,45,4,,0,73,,138423,45,4,,0,31,,138414,45,4,,0,70,,138413,45,4,,0,72,,138429,45,4,,0,30,,138415,45,4,,0,70,,138422,45,4,,0,30,,138419,45,4,,0,70,,138412,45,4,,0,30,,138430,45,4,,0,70,,138441,45,4,,0,30,,138424,45,4,,0,71,,138428,45,4,,0,30,,138421,45,4,,0,70,,138416,45,4,,0,33,,138427,45,4,,0,22,,138432,45,4,,0,72,,138440,45,4,,0,72,,138420,45,4,,0,28,,138435,45,4,,0,31,,138426,45,4,,0,69,,138438,45,4,,0,30,,138439,45,4,,0,70,,138425,45,4,,0,29,,138434,45,4,,0,70,,138417,45,4,,0
667901,'3_merged_15524981',753,,138455,45,4,,0,70,,138445,45,4,,0,31,,138460,45,4,,0,71,,138462,45,4,,0,30,,138449,45,4,,0,71,,138467,45,4,,0,29,,138459,45,4,,0,70,,138471,45,4,,0,31,,138470,45,4,,0,69,,138443,45,4,,0,33,,138466,45,4,,0,70,,138448,45,4,,0,72,,138458,45,4,,0,30,,138461,45,4,,0,70,,138447,45,4,,0,31,,138464,45,4,,0,70,,138454,45,4,,0,30,,138465,45,4,,0,71,,138444,45,4,,0,30,,138446,45,4,,0,70,,138463,45,4,,0,30,,138450,45,4,,0,69,,138451,45,4,,0,30,,138469,45,4,,0,70,,138452,45,4,,0,27,,138457,45,4,,0,29,,138456,45,4,,0,70,,138472,45,4,,0,29,,138453,45,4,,0,68,,138468,45,4,,0
668000,'101_merged_15524987',1609,,138473,31,4,,0
668000,'1_merged_15524980',656,,138489,31,4,,0,100,,138478,31,4,,0,71,,138506,25,4,,0,30,,138488,31,4,,0,70,,138502,31,4,,0,21,,138508,31,4,,0,58,,138512,31,4,,0,12,,138490,31,4,,0,18,,138513,31,4,,0,12,,138491,31,4,,0,57,,138510,31,4,,0,17,,138507,31,4,,0,12,,138514,31,4,,0,19,,138492,31,4,,0,52,,138515,31,4,,0,16,,138493,31,4,,0,15,,138516,31,4,,0,16,,138494,31,4,,0,56,,138517,31,4,,0,14,,138495,31,4,,0,14,,138518,31,4,,0,12,,138496,31,4,,0,56,,138519,31,4,,0,14,,138497,31,4,,0,17,,138520,31,4,,0,11,,138498,31,4,,0,57,,138521,31,4,,0,16,,138499,31,4,,0,13,,138509,31,4,,0,17,,138503,31,4,,0,72,,138504,31,4,,0,18,,138511,31,4,,0,11,,138505,31,4,,0,60,,138500,31,4,,0,11,,138474,31,4,,0,19,,138487,31,4,,0,10,,138475,31,4,,0,59,,138501,31,4,,0,13,,138476,31,4,,0,15,,138481,31,4,,0,15,,138477,31,4,,0,55,,138482,31,4,,0,19,,138486,31,4,,0,32,,138522,31,4,,0,71,,138484,31,4,,0,29,,138523,31,4,,0,69,,138479,31,4,,0,30,,138524,31,4,,0,72,,138480,31,4,,0,100,,138485,31,4,,0,99,,138483,31,4,,0
668000,'201',1609,,138525,31,4,,0
668000,'2_merged_15524982',655,,138572,31,4,,0,72,,138529,31,4,,0,31,,138528,31,4,,0,70,,138554,31,4,,0,30,,138573,31,4,,0,66,,138532,31,4,,0,16,,138553,31,4,,0,16,,138571,31,4,,0,55,,138552,31,4,,0,15,,138531,31,4,,0,15,,138551,31,4,,0,15,,138527,31,4,,0,55,,138550,31,4,,0,17,,138563,31,4,,0,15,,138549,31,4,,0,15,,138569,31,4,,0,55,,138548,31,4,,0,15,,138562,31,4,,0,15,,138547,31,4,,0,16,,138533,31,4,,0,55,,138546,31,4,,0,16,,138567,31,4,,0,15,,138545,31,4,,0,55,,138560,31,4,,0,15,,138544,31,4,,0,14,,138565,31,4,,0,15,,138543,31,4,,0,15,,138561,31,4,,0,55,,138542,31,4,,0,15,,138564,31,4,,0,15,,138541,31,4,,0,14,,138535,31,4,,0,55,,138540,31,4,,0,15,,138574,31,4,,0,16,,138556,31,4,,0,15,,138559,31,4,,0,55,,138539,31,4,,0,15,,138570,31,4,,0,15,,138538,31,4,,0,15,,138530,31,4,,0,55,,138537,31,4,,0,15,,138557,31,4,,0,15,,138536,31,4,,0,15,,138534,31,4,,0,69,,138558,31,4,,0,29,,138576,31,4,,0,72,,138566,31,4,,0,30,,138577,31,4,,0,70,,138526,31,4,,0,30,,138578,31,4,,0,69,,138575,31,4,,0,100,,138555,31,4,,0,99,,138568,31,4,,0
668000,'3_merged_15524981',753,,138625,31,4,,0,65,,138612,31,4,,0,39,,138596,31,4,,0,70,,138601,31,4,,0,15,,138588,31,4,,0,15,,138595,31,4,,0,55,,138593,31,4,,0,16,,138603,31,4,,0,15,,138592,31,4,,0,13,,138604,31,4,,0,57,,138591,31,4,,0,16,,138611,31,4,,0,15,,138590,31,4,,0,56,,138600,31,4,,0,15,,138589,31,4,,0,16,,138584,31,4,,0,15,,138594,31,4,,0,55,,138606,31,4,,0,15,,138582,31,4,,0,15,,138615,31,4,,0,19,,138581,31,4,,0,53,,138607,31,4,,0,16,,138580,31,4,,0,15,,138613,31,4,,0,15,,138579,31,4,,0,55,,138586,31,4,,0,15,,138624,31,4,,0,15,,138585,31,4,,0,15,,138623,31,4,,0,55,,138608,31,4,,0,15,,138622,31,4,,0,15,,138602,31,4,,0,15,,138621,31,4,,0,54,,138583,31,4,,0,15,,138620,31,4,,0,15,,138616,31,4,,0,15,,138619,31,4,,0,55,,138609,31,4,,0,15,,138618,31,4,,0,14,,138599,31,4,,0,15,,138617,31,4,,0,55,,138597,31,4,,0,26,,138598,31,4,,0,30,,138626,31,4,,0,70,,138614,31,4,,0,31,,138627,31,4,,0,71,,138610,31,4,,0,29,,138628,31,4,,0,69,,138605,31,4,,0,99,,138587,31,4,,0
668001,'1_merged_15524980',657,,138664,1,,,0,69,,138644,1,,,0,30,,138665,1,,,0,80,,138643,1,,,0,72,,138632,1,,,0,16,,138633,1,,,0,15,,138669,1,,,0,17,,138634,1,,,0,55,,138670,1,,,0,14,,138629,1,,,0,16,,138671,1,,,0,12,,138630,1,,,0,53,,138631,1,,,0,16,,138672,1,,,0,17,,138673,1,,,0,18,,138635,1,,,0,53,,138674,1,,,0,17,,138636,1,,,0,14,,138675,1,,,0,17,,138637,1,,,0,55,,138676,1,,,0,14,,138638,1,,,0,15,,138677,1,,,0,11,,138639,1,,,0,58,,138678,1,,,0,14,,138640,1,,,0,15,,138679,1,,,0,14,,138649,1,,,0,57,,138657,1,,,0,13,,138656,1,,,0,14,,138658,1,,,0,17,,138645,1,,,0,59,,138659,1,,,0,12,,138654,1,,,0,16,,138660,1,,,0,13,,138642,1,,,0,59,,138661,1,,,0,12,,138641,1,,,0,20,,138662,1,,,0,11,,138666,1,,,0,57,,138663,1,,,0,13,,138652,1,,,0,15,,138668,1,,,0,15,,138667,1,,,0,74,,138651,1,,,0,72,,138680,1,,,0,29,,138653,1,,,0,71,,138681,1,,,0,30,,138647,1,,,0,71,,138682,1,,,0,31,,138646,1,,,0,100,,138648,1,,,0,99,,138655,1,,,0
668001,'2_merged_15524982',630,,138729,1,,,0,70,,138704,1,,,0,31,,138692,1,,,0,69,,138720,1,,,0,30,,138689,1,,,0,70,,138727,1,,,0,30,,138724,1,,,0,15,,138719,1,,,0,55,,138691,1,,,0,15,,138718,1,,,0,15,,138725,1,,,0,15,,138717,1,,,0,55,,138690,1,,,0,15,,138723,1,,,0,15,,138731,1,,,0,15,,138716,1,,,0,55,,138693,1,,,0,15,,138715,1,,,0,15,,138726,1,,,0,15,,138714,1,,,0,55,,138688,1,,,0,15,,138713,1,,,0,15,,138695,1,,,0,14,,138707,1,,,0,15,,138686,1,,,0,55,,138712,1,,,0,15,,138694,1,,,0,14,,138711,1,,,0,16,,138703,1,,,0,55,,138721,1,,,0,15,,138722,1,,,0,14,,138709,1,,,0,15,,138702,1,,,0,54,,138710,1,,,0,15,,138687,1,,,0,15,,138708,1,,,0,15,,138705,1,,,0,55,,138701,1,,,0,15,,138732,1,,,0,15,,138683,1,,,0,15,,138684,1,,,0,55,,138706,1,,,0,15,,138700,1,,,0,31,,138730,1,,,0,71,,138699,1,,,0,73,,138733,1,,,0,32,,138698,1,,,0,69,,138734,1,,,0,30,,138697,1,,,0,71,,138735,1,,,0,30,,138696,1,,,0,100,,138728,1,,,0,98,,138685,1,,,0
668001,'3_merged_15524981',806,,138779,1,,,0,27,,138780,1,,,0,70,,138773,1,,,0,30,,138762,1,,,0,15,,138766,1,,,0,53,,138772,1,,,0,17,,138765,1,,,0,15,,138736,1,,,0,15,,138764,1,,,0,53,,138752,1,,,0,17,,138751,1,,,0,14,,138745,1,,,0,15,,138763,1,,,0,55,,138774,1,,,0,15,,138750,1,,,0,15,,138753,1,,,0,15,,138742,1,,,0,54,,138737,1,,,0,15,,138741,1,,,0,15,,138754,1,,,0,14,,138740,1,,,0,55,,138755,1,,,0,15,,138739,1,,,0,16,,138771,1,,,0,15,,138778,1,,,0,13,,138749,1,,,0,55,,138777,1,,,0,15,,138775,1,,,0,15,,138776,1,,,0,56,,138743,1,,,0,16,,138761,1,,,0,15,,138744,1,,,0,15,,138760,1,,,0,55,,138756,1,,,0,15,,138759,1,,,0,15,,138767,1,,,0,15,,138758,1,,,0,55,,138770,1,,,0,14,,138757,1,,,0,17,,138769,1,,,0,70,,138738,1,,,0,32,,138748,1,,,0,70,,138781,1,,,0,29,,138747,1,,,0,71,,138782,1,,,0,30,,138768,1,,,0,70,,138783,1,,,0,28,,138746,1,,,0
668600,'1_merged_15524980',818,,139509,38,4,,0,827,,139514,38,4,,0,67,,139513,38,4,,0,41,,139512,38,4,,0,72,,139510,38,4,,0,33,,139511,38,4,,0
668601,'1_merged_15524980',626,,139516,1,,,0,20,,139518,1,,,0,95,,139517,1,,,0,85,,139515,1,,,0
