661400,'152301_merged_15288069',2113,,57852,24,0,10,0,20,,57853,24,0,10,0,20,,57854,24,0,10,0,59,,57855,24,0,10,0,20,,57856,24,0,10,0,20,,57857,24,0,10,0,60,,57858,24,0,10,0,20,,57859,24,0,10,0,20,,57860,24,0,10,0,65,,57861,24,0,10,0
661400,'2_merged_15288065',2109,,57979,24,0,10,0,21,,57987,24,0,10,0,22,,57947,24,0,10,0,60,,57972,24,0,10,0,20,,57951,24,0,10,0,20,,57980,24,0,10,0,60,,57950,24,0,10,0,20,,57993,24,0,10,0,19,,57970,24,0,10,0,69,,57966,24,0,10,0
661400,'3_merged_15288064',2046,,58055,24,0,10,0,60,,58056,24,0,10,0,20,,58038,24,0,10,0,24,,58035,24,0,10,0,62,,58013,24,0,10,0,20,,58058,24,0,10,0,20,,58028,24,0,10,0,59,,58051,24,0,10,0,21,,58059,24,0,10,0,20,,58024,24,0,10,0,67,,58050,24,0,10,0
661700,'152301_merged_15288069',2104,,59605,29,,,0,20,,59606,29,,,0,20,,59607,29,,,0,60,,59608,29,,,0,20,,59609,29,,,0,20,,59610,29,,,0,60,,59611,29,,,0,22,,59612,29,,,0,20,,59613,29,,,0,58,,59614,29,,,0,25,,59615,29,,,0,75,,59616,29,,,0
661700,'2_merged_15288065',2101,,59739,29,,,0,21,,59740,29,,,0,21,,59741,29,,,0,60,,59742,29,,,0,21,,59743,29,,,0,21,,59744,29,,,0,60,,59745,29,,,0,18,,59746,29,,,0,19,,59747,29,,,0,15,,59748,29,,,0,75,,59749,29,,,0,72,,59750,29,,,0
661700,'3_merged_15288064',2106,,59800,29,,,0,20,,59801,29,,,0,20,,59802,29,,,0,60,,59803,29,,,0,20,,59804,29,,,0,20,,59805,29,,,0,60,,59806,29,,,0,20,,59807,29,,,0,20,,59808,29,,,0,59,,59809,29,,,0,31,,59810,29,,,0,68,,59811,29,,,0
662000,'152301_merged_15288069',2107,,61222,31,,,0,15,,61223,31,,,0,15,,61224,31,,,0,16,,61225,31,,,0,60,,61226,31,,,0,20,,61228,31,,,0,20,,61230,31,,,0,60,,61227,31,,,0,20,,61229,31,,,0,22,,61231,31,,,0,70,,61232,31,,,0,30,,61220,31,,,0,70,,61221,31,,,0
662000,'2_merged_15288065',2050,,61377,31,,,0,60,,61378,31,,,0,20,,61379,31,,,0,20,,61380,31,,,0,60,,61381,31,,,0,20,,61382,31,,,0,20,,61383,31,,,0,62,,61384,31,,,0,20,,61385,31,,,0,25,,61386,31,,,0,70,,61387,31,,,0,31,,61388,31,,,0,70,,61389,31,,,0
662000,'3_merged_15288064',2101,,61449,31,,,0,20,,61450,31,,,0,20,,61451,31,,,0,60,,61452,31,,,0,20,,61453,31,,,0,20,,61454,31,,,0,60,,61455,31,,,0,20,,61456,31,,,0,20,,61457,31,,,0,16,,61458,31,,,0,70,,61459,31,,,0,30,,61460,31,,,0,70,,61461,31,,,0
662200,'152301_merged_15288069',2103,,62142,29,0,24 14 8,0,18,,62143,29,0,24 14 8,0,23,,62144,29,0,24 14 8,0,57,,62145,29,0,24 14 8,0,21,,62146,29,0,24 14 8,0,25,,62147,29,0,24 14 8,0,59,,62148,29,0,24 14 8,0,16,,62149,29,0,24 14 8,0,22,,62150,29,0,24 14 8,0,66,,62151,29,0,24 14 8,0,33,,62152,29,,,0,73,,62153,29,,,0
662200,'2_merged_15288065',2052,,62265,29,0,24 14 8,0,55,,62307,29,0,24 14 8,0,16,,62250,29,0,24 14 8,0,15,,62244,29,0,24 14 8,0,20,,62246,29,0,24 14 8,0,60,,62255,29,0,24 14 8,0,24,,62312,29,0,24 14 8,0,60,,62253,29,0,24 14 8,0,20,,62310,29,0,24 14 8,0,22,,62309,29,0,24 14 8,0,68,,62249,29,0,24 14 8,0,30,,62311,29,,,0,70,,62313,29,,,0
662200,'3_merged_15288064',2109,,62392,29,0,24 14 8,0,16,,62393,29,0,24 14 8,0,18,,62394,29,0,24 14 8,0,58,,62395,29,0,24 14 8,0,19,,62396,29,0,24 14 8,0,20,,62397,29,0,24 14 8,0,60,,62398,29,0,24 14 8,0,20,,62399,29,0,24 14 8,0,26,,62400,29,0,24 14 8,0,67,,62401,29,,,0,30,,62402,29,,,0,69,,62403,29,,,0
663700,'152301_merged_15288069',2059,,67921,10,,,0,56,,67922,10,,,0,20,,67923,10,,,0,20,,67924,10,,,0,63,,67925,10,,,0,18,,67926,10,,,0,65,,67927,10,,,0,23,,67928,10,,,0,22,,67933,10,,,0,74,,67929,10,,,0,25,,67930,10,,,0,71,,67931,10,,,0,39,,67932,10,,,0
663700,'2_merged_15288065',2053,,68048,10,,,0,60,,68049,10,,,0,21,,68050,10,,,0,20,,68051,10,,,0,61,,68052,10,,,0,20,,68053,10,,,0,20,,68054,10,,,0,63,,68055,10,,,0,31,,68056,10,,,0,71,,68057,10,,,0,30,,68058,10,,,0,70,,68059,10,,,0,19,,68060,10,,,0
663700,'3_merged_15288064',2114,,68118,10,,,0,20,,68119,10,,,0,20,,68120,10,,,0,64,,68121,10,,,0,22,,68122,10,,,0,14,,68123,10,,,0,61,,68124,10,,,0,26,,68125,10,,,0,70,,68126,10,,,0,31,,68127,10,,,0,68,,68128,10,,,0,30,,68129,10,,,0
683000,'1_merged_15288063',2601,,95426,53,,,0,32,,95427,53,,,0,68,,95428,53,,,0,30,,95429,53,,,0,70,,95430,53,,,0,32,,95431,53,,,0
683000,'2_merged_15288065',2603,,95438,53,,,0,35,,95437,53,,,0,70,,95436,53,,,0,30,,95433,53,,,0,72,,95435,53,,,0,34,,95434,53,,,0
683000,'3_merged_15288064',2601,,95445,53,,,0,30,,95444,53,,,0,70,,95439,53,,,0,30,,95443,53,,,0,70,,95442,53,,,0,40,,95441,53,,,0
683300,'1_merged_15288063',2602,,95482,31,,,0,33,,95484,31,,,0,71,,95483,31,,,0
683300,'2_merged_15288065',2601,,95485,31,,,0,30,,95487,31,,,0,28,,95486,31,,,0
683300,'3_merged_15288064',2601,,95488,31,,,0,30,,95490,31,,,0,70,,95489,31,,,0,37,,95491,31,,,0
684101,'1_merged_15288063',437,,95798,80,,,0,69,,95797,80,,,0,12,,95796,80,,,0,2004,,95800,80,,,0,30,,95794,80,,,0,75,,95793,80,,,0,30,,95792,80,,,0,70,,95795,80,,,0,75,,95799,80,,,0
684101,'2_merged_15288065',432,,95801,80,,,0,74,,95806,80,,,0,32,,95807,80,,,0,70,,95808,80,,,0,28,,95805,80,,,0,1888,,95810,80,,,0,35,,95802,80,,,0,77,,95809,80,,,0,21,,95803,80,,,0,69,,95804,80,,,0,78,,95811,80,,,0
684101,'3_merged_15288064',435,,95820,80,,,0,70,,95822,80,,,0,31,,95819,80,,,0,70,,95818,80,,,0,14,,95825,80,,,0,18,,95815,80,,,0,15,,95826,80,,,0,53,,95817,80,,,0,1749,,95823,80,,,0,71,,95824,80,,,0,30,,95812,80,,,0,67,,95813,80,,,0,30,,95814,80,,,0,78,,95816,80,,,0,70,,95821,80,,,0
1671800,'152301_merged_15288069',2107,,98214,32,0,10,0,16,,98215,32,0,10,0,15,,98216,32,0,10,0,15,,98217,32,0,10,0,55,,98218,32,0,10,0,20,,98219,32,0,10,0,21,,98220,32,0,10,0,59,,98221,32,0,10,0,20,,98222,32,0,10,0,30,,98223,32,0,10,0,55,,98212,32,0,10,0,15,,98224,32,0,10,0,15,,98213,32,0,10,0,15,,98225,32,0,10,0,70,,98226,32,0,10,0
1671800,'2_merged_15288065',324,,98403,32,0,10,0,30,,98404,32,0,10,0,1750,,98317,32,0,10,0,15,,98318,32,0,10,0,15,,98319,32,0,10,0,15,,98320,32,0,10,0,60,,98329,32,0,10,0,20,,98321,32,0,10,0,20,,98322,32,0,10,0,60,,98323,32,0,10,0,21,,98324,32,0,10,0,24,,98325,32,0,10,0,71,,98326,32,0,10,0,30,,98327,32,0,10,0,69,,98328,32,0,10,0
1671800,'3_merged_15288064',322,,98489,32,0,10,0,30,,98490,32,0,10,0,1757,,98471,32,0,10,0,15,,98472,32,0,10,0,15,,98473,32,0,10,0,15,,98485,32,0,10,0,59,,98474,32,0,10,0,20,,98475,32,0,10,0,20,,98476,32,0,10,0,59,,98477,32,0,10,0,21,,98478,32,0,10,0,24,,98479,32,0,10,0,70,,98480,32,0,10,0,30,,98481,32,0,10,0,70,,98482,32,0,10,0
