672600,'1_merged_15288063',530,,87889,4,,,0,70,,87890,4,,,0,29,,87891,4,,,0,27,,87892,4,,,0,65,,87893,4,,,0,31,,87894,4,,,0,73,,87895,4,,,0,33,,87896,4,,,0,68,,87897,4,,,0,79,,87898,4,,,0,29,,87899,4,,,0,66,,87900,4,,,0,26,,87901,4,,,0,77,,87902,4,,,0,30,,87903,4,,,0,69,,87904,4,,,0,25,,87905,4,,,0,76,,87906,4,,,0,33,,87907,4,,,0,72,,87908,4,,,0,30,,87909,14,,,0,65,,87910,14,,,0,32,,87911,14,,,0,70,,87912,14,,,0,35,,87913,14,,,0,71,,87914,14,,,0,33,,87915,14,,,0,65,,87916,14,,,0,28,,87917,14,,,0,71,,87918,14,,,0,30,,87919,14,,,0,69,,87920,14,,,0,30,,87886,14,,,0,67,,87887,14,,,0,55,,87888,14,,,0
672600,'2_merged_15288065',652,,87942,4,,,0,88,,87939,4,,,0,93,,87927,4,,,0,70,,87949,4,,,0,30,,87928,4,,,0,70,,87944,4,,,0,30,,87929,4,,,0,69,,87946,4,,,0,31,,87938,4,,,0,70,,87947,4,,,0,32,,87930,4,,,0,70,,87948,4,,,0,30,,87931,4,,,0,70,,87943,4,,,0,30,,87932,4,,,0,70,,87950,4,,,0,28,,87933,14,,,0,70,,87921,14,,,0,28,,87934,14,,,0,70,,87945,14,,,0,33,,87935,14,,,0,70,,87922,14,,,0,30,,87936,14,,,0,72,,87941,14,,,0,27,,87937,14,,,0,70,,87923,14,,,0,99,,87924,14,,,0,100,,87925,14,,,0,100,,87940,14,,,0
672600,'3_merged_15288064',746,,87957,4,,,0,104,,87958,4,,,0,75,,87960,4,,,0,34,,87970,4,,,0,75,,87963,4,,,0,77,,87972,4,,,0,30,,87964,4,,,0,73,,87971,4,,,0,27,,87965,4,,,0,70,,87973,4,,,0,31,,87966,4,,,0,69,,87974,4,,,0,31,,87967,4,,,0,69,,87975,4,,,0,30,,87968,14,,,0,69,,87976,14,,,0,30,,87969,14,,,0,70,,87959,14,,,0,30,,87961,14,,,0,70,,87951,14,,,0,30,,87962,14,,,0,70,,87952,14,,,0,103,,87953,14,,,0,104,,87954,14,,,0,100,,87955,14,,,0,101,,87956,14,,,0
3454301,'101_merged_15288070',1459,,108563,3,,,0,47,,108564,3,,,0
3454301,'1901_merged_15288060',1454,,108565,3,,,0
3454301,'1_merged_15288063',443,,108631,3,,,0,58,,108632,3,,,0,16,,108566,3,,,0,13,,108567,3,,,0,15,,108568,3,,,0,14,,108641,3,,,0,55,,108569,3,,,0,12,,108570,3,,,0,12,,108571,3,,,0,12,,108640,3,,,0,50,,108572,3,,,0,9,,108573,3,,,0,9,,108574,3,,,0,10,,108575,3,,,0,10,,108639,3,,,0,10,,108576,3,,,0,10,,108642,3,,,0,51,,108577,3,,,0,12,,108578,3,,,0,12,,108579,3,,,0,12,,108638,3,,,0,13,,108580,3,,,0,51,,108581,3,,,0,14,,108582,3,,,0,15,,108583,3,,,0,15,,108637,3,,,0,55,,108584,3,,,0,15,,108585,3,,,0,15,,108586,3,,,0,15,,108636,3,,,0,55,,108587,3,,,0,15,,108588,3,,,0,15,,108589,3,,,0,15,,108635,3,,,0,56,,108590,3,,,0,15,,108591,3,,,0,15,,108592,3,,,0,15,,108634,3,,,0,55,,108628,3,,,0,15,,108629,3,,,0,17,,108630,3,,,0,15,,108633,3,,,0,55,,108593,3,,,0,16,,108594,3,,,0,18,,108595,3,,,0,70,,108596,3,,,0,15,,108597,3,,,0,22,,108598,3,,,0,48,,108599,3,,,0,12,,108600,3,,,0,12,,108601,3,,,0,12,,108602,3,,,0,11,,108603,3,,,0,11,,108604,3,,,0,52,,108605,3,,,0,12,,108606,3,,,0,12,,108607,3,,,0,14,,108608,3,,,0,52,,108609,3,,,0,14,,108610,3,,,0,12,,108611,3,,,0,14,,108612,3,,,0,13,,108613,3,,,0,56,,108614,7,,,0,15,,108615,7,,,0,15,,108616,7,,,0,15,,108617,7,,,0,56,,108618,7,,,0,15,,108619,7,,,0,28,,108620,7,,,0,69,,108621,7,,,0,29,,108622,7,,,0,70,,108623,7,,,0,29,,108624,7,,,0,70,,108625,7,,,0,30,,108626,7,,,0,70,,108627,7,,,0
3454301,'2001_merged_15288073',1454,,108643,3,,,0
3454301,'2_merged_15288065',523,,108691,7,,,0,35,,108690,7,,,0,70,,108689,7,,,0,30,,108688,7,,,0,68,,108687,7,,,0,29,,108686,7,,,0,66,,108685,7,,,0,20,,108684,7,,,0,60,,108683,7,,,0,18,,108682,7,,,0,20,,108681,7,,,0,20,,108680,7,,,0,60,,108679,7,,,0,19,,108678,7,,,0,20,,108677,7,,,0,61,,108676,7,,,0,20,,108675,7,,,0,20,,108674,7,,,0,60,,108673,7,,,0,20,,108672,7,,,0,20,,108671,7,,,0,60,,108670,7,,,0,20,,108669,7,,,0,20,,108668,7,,,0,60,,108667,7,,,0,20,,108666,7,,,0,61,,108645,7,,,0,20,,108644,7,,,0,20,,108665,7,,,0,61,,108664,7,,,0,17,,108663,7,,,0,21,,108662,7,,,0,62,,108661,7,,,0,21,,108660,7,,,0,20,,108659,7,,,0,60,,108658,7,,,0,22,,108657,7,,,0,30,,108656,7,,,0,71,,108655,7,,,0,33,,108654,7,,,0,70,,108653,7,,,0,31,,108652,7,,,0,70,,108651,7,,,0,71,,108650,7,,,0,30,,108649,7,,,0,99,,108648,7,,,0,96,,108647,7,,,0,100,,108646,3,,,0
3454301,'3_merged_15288064',527,,108700,7,,,0,75,,108701,7,,,0,34,,108732,7,,,0,68,,108733,7,,,0,31,,108734,7,,,0,71,,108702,7,,,0,30,,108703,7,,,0,70,,108704,7,,,0,28,,108705,7,,,0,69,,108706,7,,,0,30,,108697,7,,,0,67,,108707,7,,,0,19,,108708,7,,,0,18,,108698,7,,,0,20,,108709,7,,,0,63,,108710,7,,,0,20,,108699,7,,,0,60,,108711,7,,,0,23,,108712,7,,,0,21,,108696,7,,,0,60,,108713,7,,,0,20,,108714,7,,,0,21,,108693,7,,,0,58,,108715,7,,,0,20,,108716,7,,,0,18,,108694,7,,,0,61,,108717,7,,,0,20,,108718,7,,,0,20,,108695,7,,,0,60,,108719,7,,,0,30,,108720,7,,,0,71,,108731,7,,,0,38,,108721,7,,,0,75,,108722,7,,,0,35,,108723,7,,,0,75,,108726,7,,,0,75,,108725,7,,,0,35,,108724,7,,,0,75,,108727,7,,,0,37,,108728,7,,,0,75,,108692,7,,,0,103,,108729,7,,,0,98,,108730,3,,,0
3454301,'62101_merged_15288061',1541,,108735,3,,,0
3454301,'62201_merged_15288059',1541,,108736,3,,,0
