661400,'152201_merged_15288067',2041,,57844,4,0,10,0,60,,57845,4,0,10,0,20,,57849,4,0,10,0,20,,57846,4,0,10,0,60,,57850,4,0,10,0,20,,57851,4,0,10,0,22,,57847,4,0,10,0,60,,57843,4,0,10,0,20,,57848,4,0,10,0,29,,57842,4,0,10,0
661400,'152301_merged_15288069',2041,,57852,4,0,10,0,60,,57853,4,0,10,0,20,,57854,4,0,10,0,20,,57855,4,0,10,0,60,,57856,4,0,10,0,20,,57857,4,0,10,0,22,,57858,4,0,10,0,60,,57859,4,0,10,0,20,,57860,4,0,10,0,29,,57861,4,0,10,0
661400,'1_merged_15288063',708,,57897,4,,,0,14,,57898,4,,,0,14,,57905,4,,,0,15,,57911,4,,,0,56,,57925,4,,,0,16,,57899,4,,,0,15,,57865,4,,,0,15,,57866,4,,,0,55,,57907,4,,,0,15,,57908,4,,,0,15,,57909,4,,,0,15,,57910,4,,,0,54,,57926,4,,,0,15,,57927,4,,,0,15,,57922,4,,,0,15,,57902,4,,,0,55,,57867,4,,,0,15,,57894,4,,,0,14,,57869,4,,,0,15,,57903,4,,,0,55,,57906,4,,,0,15,,57862,4,,,0,15,,57863,4,,,0,15,,57889,4,,,0,55,,57887,4,,,0,15,,57890,4,,,0,12,,57891,4,,,0,12,,57900,4,,,0,12,,57920,4,,,0,51,,57921,4,,,0,13,,57901,4,,,0,11,,57873,4,,,0,12,,57874,4,,,0,11,,57875,4,,,0,50,,57917,4,,,0,11,,57876,4,,,0,12,,57877,4,,,0,10,,57878,4,,,0,10,,57880,4,,,0,10,,57915,4,,,0,51,,57929,4,,,0,11,,57904,4,,,0,10,,57928,4,,,0,10,,57914,4,,,0,10,,57916,4,,,0,50,,57883,4,,,0,9,,57930,4,,,0,8,,57918,4,,,0,9,,57931,4,,,0,8,,57919,4,,,0,9,,57882,4,,,0,12,,57892,4,,,0,53,,57881,4,,,0,12,,57868,4,,,0,17,,57913,4,,,0,20,,57871,4,,,0,60,,57912,4,,,0,24,,57879,4,0,10,0,60,,57893,4,0,10,0,20,,57864,4,0,10,0
661400,'2_merged_15288065',857,,57984,4,,,0,54,,57985,4,,,0,14,,57956,4,,,0,11,,57973,4,,,0,14,,57971,4,,,0,53,,57936,4,,,0,13,,57937,4,,,0,13,,57938,4,,,0,12,,58006,4,,,0,12,,57959,4,,,0,50,,57941,4,,,0,12,,57940,4,,,0,12,,57989,4,,,0,12,,57958,4,,,0,11,,57960,4,,,0,52,,57999,4,,,0,11,,57961,4,,,0,11,,57962,4,,,0,11,,58007,4,,,0,11,,57990,4,,,0,11,,57995,4,,,0,51,,57949,4,,,0,11,,58000,4,,,0,12,,57935,4,,,0,12,,57944,4,,,0,12,,57945,4,,,0,52,,57946,4,,,0,12,,58001,4,,,0,12,,57986,4,,,0,12,,58002,4,,,0,12,,57996,4,,,0,52,,57955,4,,,0,12,,57975,4,,,0,12,,57988,4,,,0,12,,58003,4,,,0,12,,57977,4,,,0,53,,57991,4,,,0,12,,57963,4,,,0,12,,57994,4,,,0,12,,57967,4,,,0,12,,58004,4,,,0,52,,57998,4,,,0,14,,57932,4,,,0,12,,57933,4,,,0,13,,57934,4,,,0,12,,58005,4,,,0,52,,58008,4,,,0,13,,57942,4,,,0,13,,57943,4,,,0,16,,57976,4,,,0,61,,57964,4,,,0,22,,57978,4,0,10,0,20,,57992,4,0,10,0,61,,57974,4,0,10,0,20,,57979,4,0,10,0,21,,57987,4,0,10,0,62,,57947,4,0,10,0,22,,57972,4,0,10,0,60,,57951,4,0,10,0,20,,57980,4,0,10,0,22,,57950,4,0,10,0,60,,57993,4,0,10,0,19,,57970,4,0,10,0,30,,57966,4,0,10,0
661400,'3_merged_15288064',944,,58033,4,,,0,56,,58062,4,,,0,14,,58063,4,,,0,15,,58060,4,,,0,14,,58053,4,,,0,15,,58018,4,,,0,55,,58052,4,,,0,14,,58034,4,,,0,15,,58065,4,,,0,15,,58066,4,,,0,54,,58067,4,,,0,12,,58068,4,,,0,12,,58069,4,,,0,12,,58016,4,,,0,12,,58010,4,,,0,53,,58072,4,,,0,12,,58023,4,,,0,12,,58036,4,,,0,12,,58027,4,,,0,52,,58037,4,,,0,10,,58073,4,,,0,12,,58039,4,,,0,12,,58022,4,,,0,12,,58071,4,,,0,12,,58011,4,,,0,52,,58074,4,,,0,12,,58014,4,,,0,13,,58046,4,,,0,14,,58047,4,,,0,55,,58048,4,,,0,15,,58025,4,,,0,15,,58040,4,,,0,15,,58041,4,,,0,55,,58042,4,,,0,16,,58043,4,,,0,15,,58029,4,,,0,15,,58064,4,,,0,55,,58015,4,,,0,15,,58019,4,,,0,20,,58020,4,,,0,19,,58021,4,,,0,59,,58070,4,,,0,19,,58012,4,0,10,0,20,,58009,4,0,10,0,58,,58055,4,0,10,0,20,,58056,4,0,10,0,22,,58038,4,0,10,0,64,,58035,4,0,10,0,22,,58013,4,0,10,0,60,,58058,4,0,10,0,20,,58028,4,0,10,0,23,,58051,4,0,10,0,61,,58059,4,0,10,0,20,,58024,4,0,10,0,28,,58050,4,0,10,0
683300,'1_merged_15288063',2541,,95482,4,,,0,73,,95484,4,,,0,31,,95483,4,,,0
683300,'2_merged_15288065',2538,,95485,4,,,0,70,,95487,4,,,0,28,,95486,4,,,0
683300,'3_merged_15288064',2540,,95488,4,,,0,70,,95490,4,,,0,30,,95489,4,,,0,77,,95491,4,,,0
1671800,'152201_merged_15288067',2037,,98198,4,0,10,0,16,,98199,4,0,10,0,55,,98200,4,0,10,0,15,,98201,4,0,10,0,18,,98202,4,0,10,0,60,,98203,4,0,10,0,21,,98204,4,0,10,0,20,,98205,4,0,10,0,60,,98206,4,0,10,0,30,,98207,4,0,10,0,16,,98197,4,0,10,0,55,,98208,4,0,10,0,15,,98211,4,0,10,0,15,,98209,4,0,10,0,70,,98210,4,0,10,0
1671800,'152301_merged_15288069',2037,,98214,4,0,10,0,16,,98215,4,0,10,0,55,,98216,4,0,10,0,15,,98217,4,0,10,0,18,,98218,4,0,10,0,60,,98219,4,0,10,0,21,,98220,4,0,10,0,20,,98221,4,0,10,0,60,,98222,4,0,10,0,30,,98223,4,0,10,0,16,,98212,4,0,10,0,55,,98224,4,0,10,0,15,,98213,4,0,10,0,15,,98225,4,0,10,0,70,,98226,4,0,10,0
1671800,'1_merged_15288063',300,,98299,4,0,10,0,30,,98300,4,0,10,0,76,,98301,4,0,10,0,31,,98268,4,,,0,77,,98270,4,,,0,19,,98265,4,,,0,26,,98272,4,,,0,54,,98273,4,,,0,15,,98274,4,,,0,13,,98275,4,,,0,12,,98262,4,,,0,54,,98263,4,,,0,13,,98279,4,,,0,14,,98280,4,,,0,13,,98281,4,,,0,12,,98282,4,,,0,51,,98283,4,,,0,13,,98284,4,,,0,14,,98285,4,,,0,14,,98286,4,,,0,54,,98287,4,,,0,14,,98288,4,,,0,15,,98289,4,,,0,15,,98290,4,,,0,55,,98291,4,,,0,15,,98292,4,,,0,14,,98293,4,,,0,15,,98294,4,,,0,55,,98295,4,,,0,16,,98296,4,,,0,14,,98297,4,,,0,15,,98298,4,,,0,54,,98276,4,,,0,15,,98277,4,,,0,15,,98278,4,,,0,15,,98255,4,,,0,55,,98256,4,,,0,15,,98257,4,,,0,16,,98227,4,,,0,15,,98228,4,,,0,54,,98229,4,,,0,8,,98230,4,,,0,8,,98267,4,,,0,14,,98231,4,,,0,14,,98232,4,,,0,13,,98233,4,,,0,53,,98234,4,,,0,12,,98235,4,,,0,10,,98305,4,,,0,11,,98236,4,,,0,10,,98237,4,,,0,50,,98238,4,,,0,11,,98239,4,,,0,10,,98240,4,,,0,10,,98241,4,,,0,9,,98242,4,,,0,9,,98243,4,,,0,49,,98304,4,,,0,9,,98244,4,,,0,9,,98245,4,,,0,10,,98246,4,,,0,10,,98247,4,,,0,12,,98248,4,,,0,53,,98249,4,,,0,13,,98250,4,,,0,13,,98251,4,,,0,11,,98252,4,0,10,0,15,,98253,4,0,10,0,57,,98254,4,0,10,0,15,,98258,4,0,10,0,19,,98259,4,0,10,0,55,,98261,4,0,10,0,16,,98260,4,0,10,0
1671800,'2_merged_15288065',301,,98403,4,0,10,0,30,,98404,4,0,10,0,75,,98399,4,0,10,0,30,,98334,4,,,0,78,,98365,4,,,0,25,,98366,4,,,0,15,,98343,4,,,0,56,,98344,4,,,0,18,,98345,4,,,0,20,,98346,4,,,0,56,,98347,4,,,0,14,,98348,4,,,0,13,,98349,4,,,0,13,,98351,4,,,0,12,,98352,4,,,0,53,,98353,4,,,0,14,,98354,4,,,0,15,,98355,4,,,0,15,,98356,4,,,0,52,,98357,4,,,0,15,,98358,4,,,0,15,,98359,4,,,0,15,,98360,4,,,0,54,,98361,4,,,0,15,,98362,4,,,0,12,,98363,4,,,0,12,,98364,4,,,0,12,,98350,4,,,0,51,,98335,4,,,0,12,,98367,4,,,0,13,,98368,4,,,0,12,,98369,4,,,0,13,,98370,4,,,0,50,,98336,4,,,0,10,,98371,4,,,0,10,,98372,4,,,0,10,,98373,4,,,0,10,,98374,4,,,0,10,,98375,4,,,0,49,,98337,4,,,0,10,,98376,4,,,0,10,,98377,4,,,0,10,,98378,4,,,0,10,,98379,4,,,0,11,,98380,4,,,0,51,,98338,4,,,0,11,,98381,4,,,0,12,,98382,4,,,0,10,,98383,4,,,0,10,,98384,4,,,0,50,,98385,4,,,0,10,,98339,4,,,0,10,,98386,4,,,0,10,,98387,4,,,0,10,,98389,4,,,0,10,,98390,4,,,0,50,,98391,4,,,0,10,,98340,4,,,0,9,,98392,4,,,0,10,,98393,4,,,0,10,,98388,4,,,0,9,,98394,4,,,0,10,,98395,4,,,0,50,,98341,4,,,0,11,,98396,4,,,0,11,,98397,4,,,0,12,,98398,4,,,0,12,,98306,4,,,0,52,,98307,4,,,0,12,,98308,4,,,0,15,,98309,4,,,0,13,,98310,4,0,10,0,55,,98311,4,0,10,0,15,,98312,4,0,10,0,15,,98313,4,0,10,0,17,,98314,4,0,10,0,55,,98315,4,0,10,0,14,,98316,4,0,10,0,14,,98317,4,0,10,0,16,,98318,4,0,10,0,55,,98319,4,0,10,0,15,,98320,4,0,10,0,22,,98329,4,0,10,0,20,,98321,4,0,10,0,60,,98322,4,0,10,0,21,,98323,4,0,10,0,61,,98324,4,0,10,0,24,,98325,4,0,10,0,33,,98326,4,0,10,0,70,,98327,4,0,10,0,30,,98328,4,0,10,0
1671800,'3_merged_15288064',300,,98489,4,0,10,0,30,,98490,4,0,10,0,76,,98487,4,0,10,0,30,,98488,4,0,10,0,76,,98483,4,,,0,23,,98424,4,,,0,20,,98430,4,,,0,59,,98431,4,,,0,26,,98484,4,,,0,60,,98432,4,,,0,14,,98434,4,,,0,15,,98407,4,,,0,12,,98433,4,,,0,12,,98435,4,,,0,54,,98436,4,,,0,15,,98437,4,,,0,14,,98438,4,,,0,16,,98439,4,,,0,56,,98440,4,,,0,16,,98441,4,,,0,14,,98442,4,,,0,15,,98443,4,,,0,56,,98444,4,,,0,16,,98445,4,,,0,14,,98446,4,,,0,14,,98447,4,,,0,51,,98448,4,,,0,14,,98468,4,,,0,13,,98449,4,,,0,11,,98450,4,,,0,13,,98451,4,,,0,52,,98408,4,,,0,11,,98452,4,,,0,12,,98453,4,,,0,12,,98454,4,,,0,12,,98455,4,,,0,52,,98409,4,,,0,13,,98456,4,,,0,10,,98457,4,,,0,13,,98458,4,,,0,12,,98459,4,,,0,52,,98420,4,,,0,13,,98460,4,,,0,12,,98461,4,,,0,13,,98462,4,,,0,12,,98463,4,,,0,52,,98421,4,,,0,12,,98464,4,,,0,11,,98465,4,,,0,12,,98466,4,,,0,12,,98429,4,,,0,51,,98422,4,,,0,11,,98467,4,,,0,12,,98425,4,,,0,12,,98426,4,,,0,14,,98427,4,,,0,52,,98423,4,,,0,12,,98410,4,,,0,14,,98411,4,,,0,14,,98412,4,,,0,55,,98413,4,,,0,15,,98414,4,,,0,15,,98415,4,,,0,16,,98416,4,0,10,0,57,,98417,4,0,10,0,16,,98418,4,0,10,0,15,,98419,4,0,10,0,15,,98428,4,0,10,0,55,,98486,4,0,10,0,15,,98470,4,0,10,0,18,,98471,4,0,10,0,15,,98472,4,0,10,0,55,,98473,4,0,10,0,15,,98485,4,0,10,0,21,,98474,4,0,10,0,60,,98475,4,0,10,0,20,,98476,4,0,10,0,22,,98477,4,0,10,0,61,,98478,4,0,10,0,24,,98479,4,0,10,0,71,,98480,4,0,10,0,30,,98481,4,0,10,0,70,,98482,4,0,10,0
