'101',661901,152120,0,'Granville',0
'1merged14251977',661901,51630,0,'Alma',0,2000,0,'Alma',0,2000,0,'Alma',0,5500,0,'Alma',0,1500,0,'Alma',0,1500,0,'Alma',0,1200,,'',0,4900,,'',0,520,0,'Granville',0,960,,'',0,740,0,'Granville',0,800,,'',0,900,0,'Granville',0,900,,'',0,800,0,'Granville',0,4900,,'',0,800,0,'Granville',0,850,,'',0,740,0,'Granville',0,800,,'',0,600,0,'Granville',0,700,,'',0,700,,'',0,4700,0,'Granville',0,880,,'',0,800,0,'Granville',0,900,,'',0,800,0,'Granville',0,800,0,'Alma',0,1000,0,'Granville',0,5200,0,'Alma',0,1200,0,'Granville',0,1200,0,'Alma',0,1230,0,'Granville',0,1200,0,'Alma',0,5200,0,'Granville',0,1200,0,'Alma',0,1200,0,'Granville',0,1100,0,'Alma',0,1200,0,'Granville',0,5200,0,'Alma',0,1200,0,'Granville',0,1100,0,'Alma',0,1300,0,'Granville',0,1200,0,'Alma',0,5200,0,'Granville',0,1300,0,'Alma',0,1300,0,'Granville',0,1200,,'',0,1200,0,'Granville',0,5100,,'',0,900,0,'Granville',0,900,,'',0,900,0,'Granville',0,1000,,'',0,800,0,'Granville',0,4800,,'',0,700,0,'Granville',0,600,,'',0,1000,,'',0,800,0,'Granville',0,800,,'',0,800,0,'Granville',0,700,,'',0,4600,0,'Granville',0,600,,'',0,700,0,'Granville',0,600,,'',0,700,0,'Granville',0,600,,'',0,600,,'',0,400,0,'Granville',0,600,0,'Granville',0,600,,'',0,4600,0,'Granville',0,700,,'',0,800,0,'Granville',0,700,0,'Alma',0,700,0,'Alma',0,600,0,'Granville',0,900,0,'Granville',0,500,0,'Alma',0,4900,0,'Alma',0,1000,0,'Alma',0,1100,0,'Alma',0,1000,0,'Alma',0,900,0,'Alma',0,1160,0,'Alma',0,5000,0,'Alma',0,1000,0,'Granville',0,1120,0,'Alma',0,1500,0,'Alma',0,1500,0,'Alma',0,5500,0,'Alma',0,1500,0,'Alma',0,1500,0,'Alma',0,1500,0,'Alma',0,5500,0,'Alma',0,1500,0,'Alma',0,1500,0,'Alma',0,1520,0,'Alma',0,5500,0,'Alma',0,1500,0,'Alma',0,1500,0,'Alma',0,1570,0,'Alma',0,5500,0,'Alma',0,1500,0,'Alma',0,800,0,'Granville',0,2500,0,'Alma',0,7000,0,'Granville',0,2700,0,'Granville',0,7000,0,'Granville',0,3300,0,'Granville',0,7000,0,'Granville',0
'2merged14251979',661901,51850,0,'Alma',0,2000,0,'Alma',0,1900,0,'Alma',0,6100,0,'Alma',0,2000,0,'Alma',0,2000,0,'Alma',0,5400,0,'Alma',0,1500,0,'Alma',0,1500,0,'Alma',0,1500,0,'Alma',0,5500,0,'Alma',0,1460,0,'Alma',0,1500,0,'Alma',0,1300,0,'Alma',0,5500,0,'Alma',0,1500,0,'Alma',0,1500,0,'Alma',0,1200,0,'Alma',0,6400,0,'Alma',0,2400,0,'Alma',0,6340,0,'Alma',0,2200,0,'Alma',0,2300,0,'Alma',0,6400,0,'Alma',0,2300,0,'Alma',0,6500,0,'Alma',0,2400,0,'Alma',0,2200,0,'Alma',0,6000,0,'Alma',0,2000,0,'Alma',0,2000,0,'Alma',0,6100,0,'Alma',0,2000,0,'Alma',0,2000,0,'Alma',0,6000,0,'Alma',0,2000,0,'Alma',0,1970,0,'Alma',0,6090,0,'Alma',0,2000,0,'Alma',0,2000,0,'Granville',0,5800,0,'Alma',0,2120,0,'Alma',0,1400,0,'Alma',0,1400,0,'Alma',0,5400,0,'Alma',0,1500,0,'Alma',0,800,0,'Granville',0,700,0,'Alma',0,1500,0,'Alma',0,5500,0,'Alma',0,1500,0,'Alma',0,1500,0,'Alma',0,1520,0,'Alma',0,5500,0,'Alma',0,1500,0,'Alma',0,1400,0,'Alma',0,1400,0,'Alma',0,5400,0,'Alma',0,1400,0,'Alma',0,1400,0,'Alma',0,6900,0,'Alma',0,2800,0,'Alma',0,7000,0,'Alma',0,2600,0,'Granville',0,2800,0,'Granville',0,7000,0,'Granville',0,3300,0,'Granville',0,7000,0,'Granville',0
'3merged14251978',661901,54950,0,'Alma',0,6000,0,'Alma',0,2300,0,'Alma',0,2000,0,'Alma',0,6000,0,'Alma',0,2200,0,'Alma',0,1500,0,'Alma',0,5500,0,'Alma',0,1500,0,'Alma',0,1500,0,'Alma',0,1400,0,'Alma',0,5500,0,'Alma',0,1500,0,'Alma',0,1500,0,'Alma',0,1460,0,'Alma',0,5500,0,'Alma',0,1500,0,'Alma',0,1500,0,'Alma',0,1400,0,'Alma',0,6000,0,'Alma',0,2000,0,'Alma',0,2000,0,'Alma',0,6000,0,'Alma',0,2000,0,'Alma',0,2000,0,'Alma',0,6000,0,'Alma',0,1910,0,'Alma',0,2200,0,'Alma',0,6000,0,'Alma',0,1990,0,'Alma',0,2000,0,'Alma',0,6000,0,'Alma',0,2000,0,'Alma',0,2000,0,'Alma',0,6000,0,'Alma',0,2120,0,'Alma',0,1900,0,'Alma',0,5900,0,'Alma',0,2000,0,'Alma',0,2100,0,'Alma',0,6100,0,'Granville',0,2100,0,'Alma',0,900,0,'Granville',0,6300,0,'Alma',0,1520,0,'Alma',0,1400,0,'Alma',0,1500,0,'Alma',0,5500,0,'Alma',0,1500,0,'Alma',0,1500,0,'Alma',0,1400,0,'Alma',0,5600,0,'Alma',0,1500,0,'Alma',0,1500,0,'Alma',0,1500,0,'Alma',0,5500,0,'Alma',0,1400,0,'Alma',0,1500,0,'Alma',0,1500,0,'Alma',0,5500,0,'Alma',0,1500,0,'Alma',0,1500,0,'Alma',0,1500,0,'Alma',0,5600,0,'Alma',0,1400,0,'Alma',0,1400,0,'Granville',0,7400,0,'Granville',0,1900,0,'Granville',0,8000,0,'Granville',0,2300,0,'Granville',0
'1merged14251977',664101,53820,0,'Alma',0,800,,'',0,700,0,'Alma',0,580,,'',0,4800,,'',0,600,,'',0,600,,'',0,600,,'',0,600,,'',0,400,,'',0,300,,'',0,700,,'',0,400,,'',0,300,,'',0,400,,'',0,4600,,'',0,600,,'',0,300,,'',0,200,,'',0,300,,'',0,600,,'',0,200,,'',0,210,,'',0,600,,'',0,300,,'',0,300,,'',0,700,,'',0,200,,'',0,900,,'',0,5200,,'',0,1200,,'',0,1500,,'',0,47630,,'',0,900,,'',0,3200,,'',0,4800,,'',0,1100,,'',0,600,,'',0,300,,'',0,300,,'',0,600,,'',0,600,,'',0,600,,'',0,1000,,'',0,600,,'',0,4600,,'',0,600,,'',0,170,,'',0,800,,'',0,300,,'',0,900,,'',0,900,,'',0,1200,,'',0,4900,,'',0
'2merged14251979',664101,53640,,'',0,1500,,'',0,5480,,'',0,1500,,'',0,1200,,'',0,980,,'',0,5900,,'',0,3000,,'',0,8700,,'',0,1700,,'',0,2100,,'',0,6000,,'',0,1300,,'',0,22610,,'',0,6500,,'',0,2690,,'',0,8740,,'',0
'3merged14251978',664101,65220,,'',0,6100,,'',0,1500,,'',0,1480,,'',0,1300,,'',0,7200,,'',0,9800,,'',0,2000,,'',0,5800,,'',0,3500,,'',0,7140,,'',0,3560,,'',0
'1merged14251977',684101,41650,,'',0,2900,,'',0,1250,,'',0,204350,,'',0,3000,,'',0,7500,,'',0,3000,,'',0,7000,,'',0,3500,,'',0
'2merged14251979',684101,41340,,'',0,3000,,'',0,7200,,'',0,2800,,'',0,7000,,'',0,189000,,'',0,3500,,'',0,8000,,'',0,2000,,'',0,7000,,'',0,3500,,'',0
'3merged14251978',684101,41540,,'',0,3000,,'',0,7000,,'',0,3000,,'',0,5500,,'',0,1500,,'',0,1500,,'',0,1500,,'',0,178700,,'',0,7300,,'',0,3000,,'',0,6760,,'',0,3000,,'',0,7600,,'',0,3200,,'',0
