3182101,'101_merged_15524987',807,,166773,18,0,58 59,0,703,,166771,18,0,58 59,0,31,,166772,18,0,58 59,0
3182101,'1_merged_15524980',530,,166774,18,,,0,70,,166798,18,,,0,30,,166797,18,,,0,70,,166796,18,,,0,30,,166795,18,,,0,24,,166794,18,0,58 59,0,74,,166793,18,0,58 59,0,89,,166792,18,0,58 59,0,85,,166791,18,0,58 59,0,45,,166790,18,0,58 59,0,89,,166789,18,0,58 59,0,84,,166788,18,0,58 59,0,85,,166787,18,0,58 59,0,45,,166786,18,0,58 59,0,87,,166785,18,0,58 59,0,81,,166784,18,0,58 59,0,87,,166783,18,0,58 59,0,41,,166782,18,0,58 59,0,76,,166781,18,0,58 59,0,29,,166780,18,0,58 59,0,69,,166779,18,0,58 59,0,80,,166778,18,0,58 59,0,49,,166777,18,0,58 59,0,82,,166776,18,0,58 59,0,86,,166775,18,0,58 59,0
3182101,'2_merged_15524982',721,,166818,18,0,58 59,0,83,,166817,18,0,58 59,0,49,,166816,18,0,58 59,0,85,,166815,18,0,58 59,0,85,,166814,18,0,58 59,0,86,,166813,18,0,58 59,0,45,,166812,18,0,58 59,0,85,,166811,18,0,58 59,0,85,,166810,18,0,58 59,0,85,,166809,18,0,58 59,0,44,,166808,18,0,58 59,0,87,,166807,18,0,58 59,0,85,,166806,18,0,58 59,0,85,,166805,18,0,58 59,0,45,,166804,18,0,58 59,0,85,,166803,18,0,58 59,0,83,,166802,18,0,58 59,0,85,,166801,18,0,58 59,0,45,,166800,18,0,58 59,0,85,,166799,18,0,58 59,0
3182101,'3_merged_15524981',811,,166819,18,0,58 59,0,47,,166837,18,0,58 59,0,85,,166836,18,0,58 59,0,85,,166835,18,0,58 59,0,85,,166834,18,0,58 59,0,46,,166833,18,0,58 59,0,85,,166832,18,0,58 59,0,86,,166831,18,0,58 59,0,85,,166830,18,0,58 59,0,86,,166829,18,0,58 59,0,45,,166828,18,0,58 59,0,84,,166827,18,0,58 59,0,84,,166826,18,0,58 59,0,45,,166825,18,0,58 59,0,85,,166824,18,0,58 59,0,85,,166823,18,0,58 59,0,83,,166822,18,0,58 59,0,45,,166821,18,0,58 59,0,85,,166820,18,0,58 59,0
3182101,'401',1554,,166838,18,0,58 59,0
3404201,'101_merged_15524987',1451,,168137,3,,,0,1,,168136,3,,,0,48,,168135,3,,,0
3404201,'1_merged_15524980',611,,168157,24,,,0,100,,168156,24,,,0,35,,168161,24,,,0,66,,168155,24,,,0,29,,168160,24,,,0,70,,168154,24,,,0,102,,168153,24,,,0,35,,168162,24,,,0,65,,168152,24,,,0,30,,168163,24,,,0,72,,168151,24,,,0,100,,168150,24,,,0,100,,168149,24,,,0,101,,168148,24,,,0,100,,168147,24,,,0,30,,168140,24,,,0,82,,168146,24,,,0,24,,168139,24,,,0,3,,168158,24,,,0,69,,168145,24,,,0,80,,168144,24,,,0,51,,168143,24,,,0,96,,168142,24,,,0,102,,168141,24,,,0
3404201,'2_merged_15524982',944,,168169,24,,,0,100,,168170,24,,,0,102,,168168,24,,,0,98,,168171,24,,,0,104,,168167,24,,,0,100,,168172,24,,,0,99,,168166,24,,,0,100,,168173,24,,,0,100,,168165,24,,,0,96,,168174,24,,,0,95,,168164,24,,,0
3404201,'3_merged_15524981',941,,168180,24,,,0,100,,168181,24,,,0,100,,168179,24,,,0,101,,168182,24,,,0,100,,168178,24,,,0,101,,168183,24,,,0,100,,168177,24,,,0,99,,168184,24,,,0,100,,168176,24,,,0,100,,168185,24,,,0,100,,168175,24,,,0
3404301,'101_merged_15524987',838,,168237,26,,,0
3404301,'1_merged_15524980',811,,168241,26,,,0
