674500,'101_merged_15291802',1521,,90357,24,4,,0
674500,'1_merged_15291795',1712,,90358,24,4,,0,35,,90359,24,4,,0,68,,90360,24,4,,0,33,,90361,24,4,,0,75,,90362,24,4,,0
674501,'101_merged_15291802',1448,,90363,1,0,91 92,0
674501,'1_merged_15291795',1640,,90364,1,0,91 92,0,81,,90365,1,0,91 92,0,29,,90366,1,0,91 92,0,73,,90367,1,0,91 92,0,77,,90368,1,0,91 92,0
674600,'1_merged_15291795',558,,90369,12,4,,0,70,,90370,12,4,,0,18,,90371,12,4,,0,56,,90372,12,4,,0,18,,90373,12,4,,0,35,,90374,12,4,,0
674601,'1_merged_15291795',535,,90375,1,0,91 92,0,70,,90376,1,0,91 92,0,18,,90377,1,0,91 92,0,16,,90378,1,0,91 92,0,18,,90379,1,0,91 92,0,75,,90380,1,0,91 92,0
682301,'1_merged_15291795',745,,95018,1,,,0,70,,95002,1,,,0,30,,95003,1,,,0,70,,95004,1,,,0,30,,95005,1,,,0,70,,95006,1,,,0,30,,95007,1,,,0,70,,95008,1,,,0,30,,95009,1,,,0,70,,95011,1,,,0,30,,95012,1,,,0,70,,95013,1,,,0,25,,95014,1,,,0,70,,95015,1,,,0,45,,95010,1,,,0,65,,95016,1,,,0,25,,94998,1,,,0,70,,95017,1,,,0,30,,95019,1,,,0,70,,95020,1,,,0,30,,95000,1,,,0,70,,94999,1,,,0,30,,95001,1,,,0
682301,'2_merged_15291797',845,,95041,1,,,0,70,,95040,1,,,0,30,,95039,1,,,0,70,,95038,1,,,0,30,,95037,1,,,0,70,,95036,1,,,0,30,,95035,1,,,0,70,,95021,1,,,0,30,,95034,1,,,0,70,,95033,1,,,0,30,,95032,1,,,0,70,,95031,1,,,0,30,,95030,1,,,0,70,,95029,1,,,0,30,,95028,1,,,0,70,,95027,1,,,0,30,,95026,1,,,0,70,,95024,1,,,0,30,,95025,1,,,0,70,,95023,1,,,0,30,,95022,1,,,0
682301,'3_merged_15291796',845,,95042,1,,,0,80,,95043,1,,,0,80,,95044,1,,,0,40,,95045,1,,,0,80,,95046,1,,,0,80,,95047,1,,,0,40,,95048,1,,,0,80,,95049,1,,,0,80,,95050,1,,,0,40,,95051,1,,,0,80,,95052,1,,,0,80,,95053,1,,,0,40,,95054,1,,,0,80,,95055,1,,,0,80,,95056,1,,,0,40,,95057,1,,,0
682500,'1_merged_15291795',809,,95060,1,,,0,26,,95061,1,,,0,70,,95062,1,,,0,30,,95063,1,,,0,70,,95065,1,,,0,30,,95066,1,,,0,70,,95067,1,,,0,30,,95064,1,,,0,70,,95068,1,,,0,30,,95069,1,,,0,70,,95070,1,,,0,30,,95071,1,,,0,70,,95072,1,,,0,30,,95073,1,,,0,70,,95075,1,,,0,30,,95076,1,,,0,70,,95077,1,,,0,30,,95078,1,,,0,70,,95080,1,,,0,30,,95079,1,,,0,70,,95058,1,,,0,30,,95074,1,,,0,70,,95059,1,,,0
682500,'2_merged_15291797',910,,95087,1,,,0,30,,95086,1,,,0,70,,95085,1,,,0,30,,95084,1,,,0,70,,95083,1,,,0,30,,95082,1,,,0,70,,95081,1,,,0,30,,95101,1,,,0,70,,95100,1,,,0,30,,95099,1,,,0,70,,95098,1,,,0,30,,95097,1,,,0,70,,95096,1,,,0,30,,95095,1,,,0,70,,95094,1,,,0,30,,95093,1,,,0,70,,95092,1,,,0,30,,95091,1,,,0,70,,95090,1,,,0,30,,95089,1,,,0,70,,95088,1,,,0
682500,'3_merged_15291796',940,,95102,1,,,0,80,,95103,1,,,0,80,,95104,1,,,0,40,,95105,1,,,0,80,,95106,1,,,0,80,,95107,1,,,0,40,,95108,1,,,0,80,,95109,1,,,0,80,,95110,1,,,0,40,,95111,1,,,0,80,,95112,1,,,0,80,,95113,1,,,0,40,,95114,1,,,0,80,,95115,1,,,0
682501,'1_merged_15291795',829,,95125,17,4,,0,25,,95126,14,4,,0,71,,95127,17,4,,0,29,,95128,14,4,,0,71,,95129,17,4,,0,29,,95130,14,4,,0,70,,95131,17,4,,0,30,,95132,14,4,,0,70,,95133,17,4,,0,30,,95134,14,4,,0,72,,95135,17,4,,0,28,,95116,14,4,,0,72,,95117,17,4,,0,28,,95118,14,4,,0,72,,95119,17,4,,0,28,,95120,14,4,,0,71,,95121,17,4,,0,29,,95136,14,4,,0,71,,95138,17,4,,0,30,,95137,14,4,,0,70,,95122,17,4,,0,29,,95124,14,4,,0,70,,95123,17,4,,0
682501,'2_merged_15291797',930,,95155,17,4,,0,70,,95154,14,4,,0,29,,95153,17,4,,0,30,,95152,14,4,,0,69,,95151,17,4,,0,31,,95150,14,4,,0,70,,95149,17,4,,0,71,,95156,14,4,,0,29,,95148,17,4,,0,71,,95147,14,4,,0,29,,95146,17,4,,0,30,,95145,14,4,,0,71,,95144,17,4,,0,29,,95143,14,4,,0,70,,95139,17,4,,0,30,,95142,14,4,,0,69,,95141,17,4,,0,31,,95140,14,4,,0,69,,95159,17,4,,0,30,,95158,14,4,,0,71,,95157,17,4,,0
682501,'3_merged_15291796',959,,95160,17,4,,0,80,,95161,17,4,,0,81,,95162,17,4,,0,80,,95163,17,4,,0,41,,95164,17,4,,0,80,,95165,17,4,,0,80,,95166,17,4,,0,40,,95167,17,4,,0,78,,95168,17,4,,0,40,,95169,17,4,,0,80,,95170,17,4,,0,80,,95171,17,4,,0,40,,95172,17,4,,0,80,,95173,17,4,,0
