3004200,'2_merged_15524982',811,,162480,9,,,0,35,,162481,9,,,0,75,,162482,9,,,0,35,,162483,9,,,0,76,,162484,9,,,0,74,,162485,9,,,0,35,,162486,9,,,0,75,,162487,9,,,0,36,,162488,9,,,0,75,,162489,9,,,0,75,,162490,9,,,0,35,,162491,9,,,0,75,,162492,9,,,0,35,,162493,9,,,0,75,,162494,9,,,0,34,,162495,9,,,0,75,,162496,9,,,0,73,,162497,9,,,0,34,,162498,9,,,0
3004200,'3_merged_15524981',811,,162499,9,,,0,35,,162500,9,,,0,75,,162501,9,,,0,35,,162502,9,,,0,75,,162503,9,,,0,75,,162504,9,,,0,35,,162505,9,,,0,75,,162506,9,,,0,35,,162507,9,,,0,75,,162508,9,,,0,76,,162509,9,,,0,35,,162510,9,,,0,75,,162511,9,,,0,34,,162512,9,,,0,75,,162513,9,,,0,35,,162514,9,,,0,75,,162515,9,,,0,72,,162516,9,,,0,34,,162517,9,,,0
3004500,'1_merged_15524980',610,,163053,18,,,0,31,,163054,18,,,0,64,,163055,18,,,0,34,,163057,18,,,0,63,,163029,18,,,0,30,,163030,18,,,0,70,,163031,18,,,0,25,,163032,18,,,0,75,,163047,18,,,0,30,,163033,18,,,0,70,,163048,18,,,0,30,,163034,18,,,0,70,,163049,18,,,0,30,,163035,18,,,0,70,,163050,18,,,0,30,,163036,18,,,0,70,,163051,18,,,0,25,,163037,18,,,0,30,,163052,18,,,0,70,,163038,18,,,0,26,,163039,18,,,0,81,,163040,18,,,0,70,,163041,18,,,0,30,,163045,18,,,0,78,,163046,18,,,0,17,,163056,18,,,0,73,,163042,18,,,0,39,,163043,18,,,0,100,,163044,18,,,0
3004500,'2_merged_15524982',825,,163070,18,,,0,30,,163071,18,,,0,70,,163069,18,,,0,30,,163072,18,,,0,71,,163068,18,,,0,30,,163073,18,,,0,70,,163067,18,,,0,30,,163074,18,,,0,65,,163066,18,,,0,35,,163075,18,,,0,71,,163065,18,,,0,30,,163076,18,,,0,70,,163064,18,,,0,30,,163077,18,,,0,70,,163063,18,,,0,30,,163078,18,,,0,70,,163062,18,,,0,30,,163079,18,,,0,70,,163061,18,,,0,30,,163080,18,,,0,70,,163060,18,,,0,25,,163081,18,,,0,75,,163059,18,,,0,30,,163082,18,,,0,70,,163058,18,,,0
3004500,'3_merged_15524981',825,,163095,18,,,0,30,,163096,18,,,0,70,,163094,18,,,0,31,,163097,18,,,0,70,,163093,18,,,0,30,,163098,18,,,0,70,,163092,18,,,0,30,,163099,18,,,0,67,,163091,18,,,0,33,,163100,18,,,0,71,,163090,18,,,0,29,,163101,18,,,0,71,,163089,18,,,0,30,,163102,18,,,0,70,,163088,18,,,0,30,,163103,18,,,0,70,,163087,18,,,0,30,,163104,18,,,0,70,,163086,18,,,0,30,,163105,18,,,0,69,,163085,18,,,0,30,,163106,18,,,0,70,,163084,18,,,0,30,,163107,18,,,0,70,,163083,18,,,0
3004600,'101_merged_15524987',1615,,163189,11,,,0
3004600,'1_merged_15524980',435,,163196,11,,,0,74,,163197,11,,,0,17,,163198,11,,,0,18,,163194,11,,,0,12,,163226,11,,,0,55,,163227,11,,,0,14,,163228,11,,,0,16,,163229,11,,,0,12,,163195,11,,,0,59,,163222,11,,,0,16,,163223,11,,,0,15,,163224,11,,,0,16,,163225,11,,,0,55,,163193,11,,,0,19,,163246,11,,,0,20,,163230,11,,,0,63,,163231,11,,,0,23,,163232,11,,,0,70,,163233,11,,,0,30,,163234,11,,,0,70,,163235,11,,,0,30,,163236,11,,,0,70,,163237,11,,,0,29,,163238,11,,,0,70,,163239,11,,,0,32,,163240,11,,,0,67,,163241,11,,,0,31,,163242,11,,,0,74,,163243,11,,,0,22,,163245,11,,,0,13,,163244,11,,,0,56,,163190,11,,,0,30,,163219,11,,,0,15,,163220,11,,,0,56,,163221,11,,,0,14,,163191,11,,,0,16,,163213,11,,,0,14,,163214,11,,,0,52,,163215,11,,,0,14,,163216,11,,,0,22,,163217,11,,,0,66,,163218,11,,,0,21,,163192,11,,,0,24,,163211,11,,,0,64,,163212,11,,,0,29,,163199,11,,,0,70,,163200,11,,,0,30,,163210,11,,,0,69,,163201,11,,,0,30,,163202,11,,,0,70,,163209,11,,,0,30,,163203,11,,,0,70,,163204,11,,,0,30,,163208,11,,,0,70,,163205,11,,,0,30,,163206,11,,,0,70,,163207,11,,,0
3004600,'201',1615,,163247,11,,,0
3004600,'2_merged_15524982',544,,163272,11,,,0,70,,163273,11,,,0,30,,163274,11,,,0,70,,163275,11,,,0,30,,163276,11,,,0,71,,163277,11,,,0,30,,163278,11,,,0,70,,163279,11,,,0,30,,163288,11,,,0,70,,163289,11,,,0,30,,163248,11,,,0,70,,163249,11,,,0,30,,163250,11,,,0,71,,163251,11,,,0,30,,163252,11,,,0,70,,163253,11,,,0,30,,163254,11,,,0,70,,163255,11,,,0,30,,163256,11,,,0,70,,163257,11,,,0,30,,163258,11,,,0,70,,163259,11,,,0,30,,163260,11,,,0,70,,163280,11,,,0,30,,163261,11,,,0,70,,163262,11,,,0,30,,163263,11,,,0,70,,163264,11,,,0,29,,163265,11,,,0,70,,163266,11,,,0,30,,163267,11,,,0,70,,163268,11,,,0,30,,163269,11,,,0,70,,163270,11,,,0,30,,163271,11,,,0,69,,163281,11,,,0,30,,163282,11,,,0,70,,163283,11,,,0,30,,163284,11,,,0,70,,163285,11,,,0,30,,163286,11,,,0,70,,163287,11,,,0
3004600,'3_merged_15524981',544,,163306,11,,,0,70,,163308,11,,,0,30,,163309,11,,,0,71,,163310,11,,,0,30,,163311,11,,,0,70,,163312,11,,,0,30,,163313,11,,,0,70,,163314,11,,,0,30,,163315,11,,,0,70,,163316,11,,,0,30,,163317,11,,,0,70,,163318,11,,,0,31,,163319,11,,,0,70,,163320,11,,,0,30,,163321,11,,,0,70,,163322,11,,,0,30,,163323,11,,,0,70,,163324,11,,,0,30,,163325,11,,,0,70,,163326,11,,,0,30,,163327,11,,,0,70,,163328,11,,,0,30,,163329,11,,,0,70,,163307,11,,,0,30,,163292,11,,,0,70,,163293,11,,,0,30,,163294,11,,,0,69,,163295,11,,,0,30,,163296,11,,,0,70,,163290,11,,,0,30,,163291,11,,,0,69,,163297,11,,,0,30,,163298,11,,,0,70,,163299,11,,,0,30,,163300,11,,,0,70,,163301,11,,,0,30,,163302,11,,,0,70,,163303,11,,,0,30,,163304,11,,,0,70,,163305,11,,,0
