672100,'1_merged_15291795',1618,,86648,37,,,0,35,,86652,37,,,0,75,,86647,37,,,0,74,,86653,37,,,0,20,,86651,37,,,0,16,,86654,37,,,0,16,,86656,37,,,0,60,,86650,37,,,0,18,,86657,37,,,0,16,,86655,37,,,0,59,,86649,37,,,0
681601,'1_merged_15291795',747,,93500,16,,,0,100,,93499,16,,,0,100,,93498,16,,,0,100,,93497,16,,,0,100,,93496,16,,,0,100,,93495,16,,,0,100,,93494,16,,,0,100,,93508,16,,,0,100,,93507,16,,,0,100,,93506,16,,,0,100,,93505,16,,,0,100,,93504,16,,,0,100,,93503,16,,,0,100,,93502,16,,,0,100,,93501,16,,,0
681601,'2_merged_15291797',947,,93509,16,,,0,100,,93510,16,,,0,100,,93511,16,,,0,100,,93512,16,,,0,100,,93513,16,,,0,100,,93514,16,,,0,100,,93515,16,,,0,100,,93516,16,,,0,100,,93517,16,,,0,100,,93518,16,,,0,100,,93519,16,,,0,100,,93520,16,,,0,100,,93521,16,,,0
681601,'3_merged_15291796',946,,93530,16,,,0,100,,93529,16,,,0,100,,93528,16,,,0,100,,93527,16,,,0,100,,93531,16,,,0,100,,93526,16,,,0,100,,93525,16,,,0,100,,93524,16,,,0,100,,93523,16,,,0,100,,93522,16,,,0
1169200,'1_merged_15291795',539,,97321,44,,,0,18,,97322,44,,,0,59,,97339,44,,,0,20,,97323,44,,,0,19,,97320,44,,,0,57,,97356,44,,,0,16,,97340,44,,,0,18,,97319,44,,,0,56,,97357,44,,,0,17,,97318,44,,,0,16,,97341,44,,,0,15,,97360,44,,,0,54,,97317,44,,,0,15,,97316,44,,,0,16,,97342,44,,,0,19,,97315,44,,,0,60,,97343,44,,,0,20,,97314,44,,,0,20,,97313,44,,,0,60,,97344,44,,,0,21,,97307,44,,,0,20,,97333,44,,,0,60,,97345,44,,,0,21,,97325,44,,,0,21,,97324,44,,,0,60,,97346,44,,,0,22,,97312,44,,,0,63,,97311,44,,,0,20,,97347,44,,,0,22,,97310,44,,,0,61,,97309,44,,,0,19,,97308,44,,,0,23,,97348,44,,,0,61,,97306,44,,,0,20,,97338,44,,,0,20,,97349,44,,,0,59,,97337,44,,,0,15,,97350,44,,,0,14,,97336,44,,,0,13,,97353,44,,,0,54,,97335,44,,,0,13,,97351,44,,,0,13,,97334,44,,,0,14,,97354,44,,,0,13,,97332,44,,,0,60,,97352,44,,,0,20,,97331,44,,,0,18,,97330,44,,,0,60,,97355,44,,,0,23,,97329,44,,,0,70,,97328,44,,,0,30,,97327,44,,,0,69,,97326,44,,,0,98,,97358,44,,,0,97,,97359,44,,,0
1169200,'2_merged_15291797',612,,97399,44,,,0,28,,97373,44,,,0,63,,97405,44,,,0,23,,97372,44,,,0,22,,97374,44,,,0,62,,97375,44,,,0,22,,97388,44,,,0,20,,97376,44,,,0,60,,97377,44,,,0,22,,97389,44,,,0,21,,97378,44,,,0,60,,97379,44,,,0,20,,97390,44,,,0,22,,97380,44,,,0,60,,97381,44,,,0,20,,97391,44,,,0,20,,97382,44,,,0,60,,97370,44,,,0,20,,97392,44,,,0,20,,97383,44,,,0,60,,97393,44,,,0,23,,97384,44,,,0,62,,97385,44,,,0,21,,97394,44,,,0,22,,97386,44,,,0,61,,97387,44,,,0,20,,97395,44,,,0,19,,97362,44,,,0,58,,97371,44,,,0,20,,97396,44,,,0,20,,97363,44,,,0,60,,97364,44,,,0,20,,97400,44,,,0,19,,97397,44,,,0,60,,97365,44,,,0,20,,97366,44,,,0,20,,97367,44,,,0,60,,97398,44,,,0,19,,97368,44,,,0,29,,97369,44,,,0,70,,97361,44,,,0,98,,97401,44,,,0,99,,97402,44,,,0,98,,97403,44,,,0,99,,97404,44,,,0
1169200,'3_merged_15291796',629,,97444,44,,,0,71,,97432,44,,,0,32,,97417,44,,,0,73,,97416,44,,,0,32,,97418,44,,,0,73,,97419,44,,,0,31,,97420,44,,,0,70,,97421,44,,,0,30,,97422,44,,,0,72,,97428,44,,,0,30,,97423,44,,,0,70,,97424,44,,,0,31,,97425,44,,,0,70,,97426,44,,,0,30,,97427,44,,,0,71,,97429,44,,,0,20,,97434,44,,,0,20,,97430,44,,,0,60,,97431,44,,,0,19,,97435,44,,,0,20,,97406,44,,,0,60,,97407,44,,,0,20,,97436,44,,,0,19,,97408,44,,,0,60,,97409,44,,,0,19,,97437,44,,,0,20,,97410,44,,,0,60,,97411,44,,,0,20,,97438,44,,,0,19,,97412,44,,,0,60,,97413,44,,,0,19,,97439,44,,,0,26,,97414,44,,,0,65,,97415,44,,,0,26,,97433,44,,,0,95,,97440,44,,,0,97,,97441,44,,,0,96,,97442,44,,,0,98,,97443,44,,,0
1870501,'1_merged_15291795',529,,99499,6,,,0,15,,99457,6,,,0,15,,99459,6,,,0,55,,99494,6,,,0,15,,99484,6,,,0,20,,99458,6,,,0,61,,99485,6,,,0,20,,99460,6,,,0,20,,99461,6,,,0,60,,99486,6,,,0,20,,99462,6,,,0,20,,99463,6,,,0,60,,99487,6,,,0,20,,99464,6,,,0,20,,99465,6,,,0,60,,99495,6,,,0,20,,99466,6,,,0,23,,99467,6,,,0,70,,99480,6,,,0,30,,99468,6,,,0,70,,99456,6,,,0,30,,99469,6,,,0,70,,99470,6,,,0,30,,99471,6,,,0,56,,99492,6,,,0,18,,99472,6,,,0,18,,99473,6,,,0,57,,99488,6,,,0,17,,99474,6,,,0,17,,99493,6,,,0,17,,99475,6,,,0,57,,99489,6,,,0,21,,99476,6,,,0,21,,99477,6,,,0,61,,99490,6,,,0,22,,99479,6,,,0,21,,99478,6,,,0,61,,99491,6,,,0,20,,99481,6,,,0,21,,99482,6,,,0,63,,99483,6,,,0,29,,99453,6,,,0,69,,99454,6,,,0,29,,99455,6,,,0,99,,99496,6,,,0,100,,99497,6,,,0,100,,99498,6,,,0
1870501,'2_merged_15291797',552,,99518,6,,,0,70,,99519,6,,,0,30,,99520,6,,,0,70,,99521,6,,,0,30,,99522,6,,,0,70,,99523,6,,,0,30,,99524,6,,,0,70,,99525,6,,,0,31,,99503,6,,,0,72,,99504,6,,,0,32,,99505,6,,,0,72,,99506,6,,,0,71,,99507,6,,,0,31,,99508,6,,,0,70,,99509,6,,,0,31,,99510,6,,,0,70,,99511,6,,,0,30,,99512,6,,,0,70,,99513,6,,,0,30,,99514,6,,,0,70,,99515,6,,,0,30,,99516,6,,,0,69,,99517,6,,,0,28,,99526,6,,,0,28,,99527,6,,,0,68,,99528,6,,,0,28,,99529,6,,,0,70,,99530,6,,,0,30,,99500,6,,,0,70,,99501,6,,,0,30,,99502,6,,,0,99,,99531,6,,,0,100,,99532,6,,,0,100,,99533,6,,,0
1870501,'3_merged_15291796',552,,99560,6,,,0,70,,99561,6,,,0,30,,99562,6,,,0,70,,99563,6,,,0,30,,99534,6,,,0,70,,99535,6,,,0,30,,99536,6,,,0,70,,99537,6,,,0,30,,99538,6,,,0,70,,99539,6,,,0,30,,99540,6,,,0,70,,99541,6,,,0,30,,99542,6,,,0,70,,99543,6,,,0,30,,99544,6,,,0,72,,99545,6,,,0,32,,99546,6,,,0,70,,99547,6,,,0,31,,99548,6,,,0,70,,99549,6,,,0,30,,99550,6,,,0,70,,99551,6,,,0,30,,99552,6,,,0,69,,99553,6,,,0,30,,99554,6,,,0,70,,99555,6,,,0,30,,99556,6,,,0,70,,99557,6,,,0,30,,99558,6,,,0,70,,99564,6,,,0,30,,99559,6,,,0,96,,99565,6,,,0,100,,99566,6,,,0,100,,99567,6,,,0
3182000,'1803_merged_15291803',1801,,105698,17,,,0,100,,105699,17,,,0,55,,105700,17,,,0,100,,105701,17,,,0
3182000,'1_merged_15291795',702,,105733,17,,,0,29,,105732,17,,,0,72,,105731,17,,,0,28,,105730,17,,,0,70,,105729,17,,,0,30,,105728,17,,,0,70,,105727,17,,,0,30,,105726,17,,,0,70,,105725,17,,,0,30,,105724,17,,,0,70,,105723,17,,,0,30,,105722,17,,,0,70,,105721,17,,,0,30,,105720,17,,,0,70,,105719,17,,,0,30,,105718,17,,,0,70,,105717,17,,,0,30,,105716,17,,,0,70,,105715,17,,,0,30,,105714,17,,,0,70,,105713,17,,,0,30,,105712,17,,,0,70,,105711,17,,,0,30,,105710,17,,,0,70,,105709,17,,,0,30,,105708,17,,,0,70,,105707,17,,,0,30,,105706,17,,,0,70,,105705,17,,,0,30,,105704,17,,,0,70,,105703,17,,,0,40,,105702,17,,,0
3182000,'2_merged_15291797',801,,105734,17,,,0,30,,105735,17,,,0,70,,105736,17,,,0,30,,105737,17,,,0,70,,105738,17,,,0,30,,105739,17,,,0,70,,105740,17,,,0,30,,105741,17,,,0,70,,105742,17,,,0,30,,105743,17,,,0,70,,105744,17,,,0,30,,105745,17,,,0,70,,105746,17,,,0,30,,105747,17,,,0,70,,105748,17,,,0,30,,105749,17,,,0,70,,105750,17,,,0,30,,105751,17,,,0,70,,105752,17,,,0,30,,105753,17,,,0,70,,105754,17,,,0,30,,105755,17,,,0,70,,105756,17,,,0,30,,105757,17,,,0,70,,105758,17,,,0,30,,105759,17,,,0,70,,105760,17,,,0,30,,105761,17,,,0
3182000,'32603_merged_15291787',1801,,105762,17,,,0,100,,105763,17,,,0,55,,105764,17,,,0,100,,105765,17,,,0
3182000,'3_merged_15291796',901,,105766,17,,,0,30,,105767,17,,,0,70,,105768,17,,,0,30,,105769,17,,,0,70,,105770,17,,,0,30,,105771,17,,,0,70,,105772,17,,,0,30,,105773,17,,,0,70,,105774,17,,,0,30,,105775,17,,,0,70,,105776,17,,,0,30,,105777,17,,,0,70,,105778,17,,,0,30,,105779,17,,,0,70,,105780,17,,,0,30,,105781,17,,,0,70,,105782,17,,,0,30,,105783,17,,,0,100,,105784,17,,,0,95,,105785,17,,,0,100,,105786,17,,,0,100,,105787,17,,,0
