668001,'1_merged_15288063',620,,78905,10,,,0,95,,78919,22,,,0,31,,78899,22,,,0,71,,78920,22,,,0,40,,78898,22,,,0,72,,78887,22,,,0,16,,78888,22,,,0,55,,78924,22,,,0,17,,78889,22,,,0,15,,78925,22,,,0,14,,78884,22,,,0,55,,78926,22,,,0,16,,78885,22,,,0,10,,78886,22,,,0,17,,78927,22,,,0,57,,78928,22,,,0,18,,78890,22,,,0,13,,78929,22,,,0,17,,78891,22,,,0,56,,78930,22,,,0,15,,78892,22,,,0,15,,78931,22,,,0,14,,78893,22,,,0,55,,78932,22,,,0,12,,78894,22,,,0,17,,78933,22,,,0,14,,78895,22,,,0,57,,78934,22,,,0,14,,78904,22,,,0,18,,78912,22,,,0,13,,78911,22,,,0,53,,78913,22,,,0,17,,78900,22,,,0,19,,78914,22,,,0,12,,78909,22,,,0,56,,78915,22,,,0,13,,78897,22,,,0,18,,78916,22,,,0,12,,78896,22,,,0,59,,78917,22,,,0,11,,78921,22,,,0,17,,78918,22,,,0,13,,78907,22,,,0,53,,78923,22,,,0,15,,78922,22,,,0,34,,78906,22,,,0,71,,78935,22,,,0,29,,78908,22,,,0,70,,78936,22,,,0,30,,78902,22,,,0,71,,78937,22,,,0,31,,78901,22,,,0,99,,78903,22,,,0,98,,78910,22,,,0
668001,'2_merged_15288065',647,,78984,22,,,0,72,,78959,22,,,0,31,,78947,22,,,0,70,,78975,22,,,0,29,,78944,22,,,0,71,,78982,22,,,0,30,,78979,22,,,0,55,,78974,22,,,0,15,,78946,22,,,0,15,,78973,22,,,0,16,,78980,22,,,0,55,,78972,22,,,0,15,,78945,22,,,0,15,,78978,22,,,0,16,,78986,22,,,0,55,,78971,22,,,0,15,,78948,22,,,0,15,,78970,22,,,0,15,,78981,22,,,0,55,,78969,22,,,0,15,,78943,22,,,0,15,,78968,22,,,0,15,,78950,22,,,0,54,,78962,22,,,0,15,,78941,22,,,0,15,,78967,22,,,0,15,,78949,22,,,0,54,,78966,22,,,0,16,,78958,22,,,0,15,,78976,22,,,0,15,,78977,22,,,0,54,,78964,22,,,0,15,,78957,22,,,0,14,,78965,22,,,0,16,,78942,22,,,0,54,,78963,22,,,0,15,,78960,22,,,0,15,,78956,22,,,0,15,,78987,22,,,0,55,,78938,22,,,0,15,,78939,22,,,0,14,,78961,22,,,0,15,,78955,22,,,0,71,,78985,22,,,0,29,,78954,22,,,0,73,,78988,22,,,0,28,,78953,22,,,0,70,,78989,22,,,0,31,,78952,22,,,0,72,,78990,22,,,0,30,,78951,22,,,0,99,,78983,22,,,0,98,,78940,22,,,0
668001,'3_merged_15288064',823,,79034,22,,,0,28,,79035,22,,,0,72,,79028,22,,,0,30,,79017,22,,,0,55,,79021,22,,,0,13,,79027,22,,,0,17,,79020,22,,,0,15,,78991,22,,,0,55,,79019,22,,,0,13,,79007,22,,,0,18,,79006,22,,,0,14,,79000,22,,,0,55,,79018,22,,,0,14,,79029,22,,,0,16,,79005,22,,,0,15,,79008,22,,,0,55,,78997,22,,,0,14,,78992,22,,,0,16,,78996,22,,,0,15,,79009,22,,,0,54,,78995,22,,,0,15,,79010,22,,,0,16,,78994,22,,,0,15,,79026,22,,,0,55,,79033,22,,,0,11,,79004,22,,,0,17,,79032,22,,,0,14,,79030,22,,,0,56,,79031,22,,,0,16,,78998,22,,,0,16,,79016,22,,,0,15,,78999,22,,,0,55,,79015,22,,,0,15,,79011,22,,,0,14,,79014,22,,,0,15,,79022,22,,,0,55,,79013,22,,,0,15,,79025,22,,,0,15,,79012,22,,,0,14,,79024,22,,,0,71,,78993,22,,,0,32,,79003,22,,,0,70,,79036,22,,,0,29,,79002,22,,,0,69,,79037,22,,,0,30,,79023,22,,,0,70,,79038,22,,,0,28,,79001,22,,,0
669200,'1_merged_15288063',604,,80833,23,,,0,30,,80834,23,,,0,70,,80835,23,,,0,20,,80836,23,,,0,20,,80837,23,,,0,60,,80838,23,,,0,20,,80839,23,,,0,20,,80840,23,,,0,60,,80841,23,,,0,20,,80842,23,,,0,20,,80843,23,,,0,60,,80844,23,,,0,20,,80845,23,,,0,20,,80846,23,,,0,60,,80847,23,,,0,21,,80848,23,,,0,21,,80849,23,,,0,60,,80850,23,,,0,20,,80851,23,,,0,20,,80852,23,,,0,60,,80853,23,,,0,20,,80854,23,,,0,20,,80855,23,,,0,60,,80856,23,,,0,22,,80857,23,,,0,20,,80858,23,,,0,60,,80859,23,,,0,20,,80860,23,,,0,20,,80861,23,,,0,60,,80862,23,,,0,20,,80863,23,,,0,20,,80864,23,,,0,60,,80865,23,,,0,20,,80866,23,,,0,20,,80867,23,,,0,59,,80868,23,,,0,19,,80869,23,,,0,25,,80870,23,,,0,70,,80871,23,,,0,30,,80872,23,,,0,69,,80873,23,,,0,20,,80874,23,,,0,70,,80875,23,,,0,40,,80876,23,,,0,70,,80877,10,,,0,37,,80878,10,,,0,69,,80879,10,,,0,77,,80880,10,,,0,32,,80881,10,,,0,86,,80882,10,,,0
669200,'2_merged_15288065',559,,80883,23,,,0,60,,80884,23,,,0,30,,80885,23,,,0,70,,80886,23,,,0,30,,80887,23,,,0,70,,80888,23,,,0,31,,80889,23,,,0,70,,80890,23,,,0,30,,80891,23,,,0,70,,80892,23,,,0,30,,80893,23,,,0,70,,80894,23,,,0,21,,80895,23,,,0,61,,80896,23,,,0,20,,80897,23,,,0,20,,80898,23,,,0,60,,80899,23,,,0,20,,80900,23,,,0,20,,80901,23,,,0,60,,80902,23,,,0,20,,80903,23,,,0,20,,80904,23,,,0,60,,80905,23,,,0,20,,80906,23,,,0,20,,80907,23,,,0,60,,80908,23,,,0,20,,80909,23,,,0,20,,80910,23,,,0,60,,80911,23,,,0,19,,80912,23,,,0,20,,80913,23,,,0,60,,80914,23,,,0,20,,80915,23,,,0,30,,80916,23,,,0,69,,80917,23,,,0,30,,80918,23,,,0,70,,80919,23,,,0,30,,80920,23,,,0,58,,80921,10,,,0,40,,80922,10,,,0,80,,80923,10,,,0,80,,80924,10,,,0,40,,80925,10,,,0,80,,80926,10,,,0,80,,80927,10,,,0
669200,'3_merged_15288064',650,,80928,23,,,0,70,,80929,23,,,0,30,,80930,23,,,0,71,,80931,23,,,0,30,,80932,23,,,0,70,,80933,23,,,0,31,,80934,23,,,0,70,,80935,23,,,0,30,,80936,23,,,0,70,,80937,23,,,0,20,,80938,23,,,0,60,,80939,23,,,0,20,,80940,23,,,0,20,,80941,23,,,0,60,,80942,23,,,0,20,,80943,23,,,0,20,,80944,23,,,0,60,,80945,23,,,0,20,,80946,23,,,0,20,,80947,23,,,0,60,,80948,23,,,0,20,,80949,23,,,0,20,,80950,23,,,0,60,,80951,23,,,0,20,,80952,23,,,0,20,,80953,23,,,0,60,,80954,23,,,0,20,,80955,23,,,0,20,,80956,23,,,0,60,,80957,23,,,0,20,,80958,23,,,0,29,,80959,23,,,0,70,,80960,23,,,0,30,,80961,23,,,0,70,,80962,23,,,0,30,,80963,23,,,0,59,,80964,10,,,0,40,,80965,10,,,0,80,,80966,10,,,0,80,,80967,10,,,0,40,,80968,10,,,0,80,,80969,10,,,0,80,,80970,10,,,0
683700,'1101_merged_15288074',2645,,95616,22,,,0
683700,'1201_merged_15288056',2645,,95617,22,,,0
683700,'1_merged_15288063',2525,,95624,22,,,0,20,,95623,22,,,0,60,,95619,22,,,0,29,,95622,22,,,0,74,,95621,22,,,0,19,,95620,22,,,0,28,,95618,22,,,0
683700,'2_merged_15288065',2530,,95627,22,,,0,22,,95632,22,,,0,54,,95626,22,,,0,19,,95631,22,,,0,20,,95628,22,,,0,70,,95630,22,,,0,12,,95629,22,,,0,74,,95625,22,,,0
683700,'3_merged_15288064',713,,95645,16,,,0,40,,95646,16,0,50 51,0,73,,95647,16,0,50 51,0,1575,,95638,22,,,0,32,,95637,22,,,0,70,,95636,22,,,0,39,,95635,22,,,0,71,,95634,22,,,0,24,,95641,22,,,0,88,,95640,22,,,0,25,,95639,22,,,0
3831100,'1101_merged_15288074',2522,,111492,5,,,0
3831100,'1201_merged_15288056',2522,,111493,5,,,0
3831100,'1_merged_15288063',544,,111565,5,,,0,59,,111566,5,,,0,15,,111567,5,,,0,11,,111568,5,,,0,13,,111569,5,,,0,13,,111570,5,,,0,49,,111571,5,,,0,11,,111572,5,,,0,12,,111573,5,,,0,11,,111574,5,,,0,9,,111575,5,,,0,11,,111576,5,,,0,51,,111577,5,,,0,9,,111578,5,,,0,10,,111579,5,,,0,13,,111580,5,,,0,10,,111581,5,,,0,50,,111582,5,,,0,10,,111583,5,,,0,11,,111584,5,,,0,10,,111585,5,,,0,12,,111586,5,,,0,12,,111587,5,,,0,52,,111543,5,,,0,11,,111544,5,,,0,15,,111545,5,,,0,17,,111546,5,,,0,54,,111547,5,,,0,15,,111548,5,,,0,14,,111549,5,,,0,15,,111550,5,,,0,55,,111551,5,,,0,14,,111552,5,,,0,15,,111553,5,,,0,14,,111554,5,,,0,56,,111555,5,,,0,14,,111556,5,,,0,14,,111557,5,,,0,15,,111558,5,,,0,55,,111559,5,,,0,16,,111560,5,,,0,16,,111561,5,,,0,15,,111562,5,,,0,54,,111563,5,,,0,14,,111564,5,,,0,14,,111494,5,,,0,10,,111514,5,,,0,10,,111515,5,,,0,50,,111516,5,,,0,10,,111517,5,,,0,10,,111518,5,,,0,10,,111519,5,,,0,10,,111520,5,,,0,11,,111521,5,,,0,50,,111522,5,,,0,11,,111523,5,,,0,11,,111524,5,,,0,10,,111525,5,,,0,10,,111526,5,,,0,10,,111527,5,,,0,49,,111528,5,,,0,10,,111529,5,,,0,10,,111530,5,,,0,10,,111531,5,,,0,10,,111532,5,,,0,11,,111533,5,,,0,52,,111534,5,,,0,13,,111535,5,,,0,12,,111536,5,,,0,14,,111537,5,,,0,10,,111538,5,,,0,55,,111539,5,,,0,15,,111540,5,,,0,14,,111541,5,,,0,17,,111542,5,,,0,55,,111495,5,,,0,16,,111496,5,,,0,15,,111497,5,,,0,14,,111498,5,,,0,54,,111499,5,,,0,14,,111500,5,,,0,14,,111501,5,,,0,14,,111502,5,,,0,55,,111503,5,,,0,16,,111504,5,,,0,15,,111505,5,,,0,15,,111506,5,,,0,55,,111507,5,,,0,15,,111508,5,,,0,15,,111509,5,,,0,15,,111510,5,,,0,55,,111511,5,,,0,38,,111512,5,,,0,70,,111513,5,,,0
3831100,'2_merged_15288065',554,,111604,5,,,0,63,,111603,5,,,0,15,,111588,5,,,0,15,,111589,5,,,0,55,,111606,5,,,0,15,,111607,5,,,0,15,,111608,5,,,0,15,,111609,5,,,0,54,,111610,5,,,0,17,,111611,5,,,0,14,,111612,5,,,0,17,,111613,5,,,0,55,,111614,5,,,0,14,,111615,5,,,0,15,,111616,5,,,0,16,,111617,5,,,0,55,,111618,5,,,0,15,,111619,5,,,0,16,,111620,5,,,0,15,,111621,5,,,0,53,,111622,5,,,0,12,,111623,5,,,0,11,,111624,5,,,0,11,,111625,5,,,0,11,,111626,5,,,0,53,,111627,5,,,0,13,,111628,5,,,0,12,,111629,5,,,0,12,,111630,5,,,0,11,,111631,5,,,0,53,,111632,5,,,0,11,,111633,5,,,0,13,,111634,5,,,0,11,,111635,5,,,0,13,,111636,5,,,0,52,,111637,5,,,0,12,,111638,5,,,0,11,,111639,5,,,0,13,,111640,5,,,0,12,,111641,5,,,0,52,,111642,5,,,0,11,,111643,5,,,0,13,,111644,5,,,0,12,,111645,5,,,0,11,,111646,5,,,0,53,,111647,5,,,0,11,,111648,5,,,0,14,,111649,5,,,0,11,,111650,5,,,0,12,,111651,5,,,0,52,,111652,5,,,0,11,,111653,5,,,0,14,,111654,5,,,0,13,,111655,5,,,0,11,,111656,5,,,0,52,,111657,5,,,0,11,,111658,5,,,0,12,,111659,5,,,0,12,,111660,5,,,0,11,,111661,5,,,0,53,,111662,5,,,0,11,,111663,5,,,0,12,,111676,5,,,0,12,,111664,5,,,0,15,,111665,5,,,0,55,,111666,5,,,0,15,,111667,5,,,0,14,,111668,5,,,0,15,,111669,5,,,0,55,,111670,5,,,0,15,,111671,5,,,0,16,,111672,5,,,0,14,,111673,5,,,0,55,,111674,5,,,0,13,,111675,5,,,0,15,,111590,5,,,0,15,,111591,5,,,0,54,,111592,5,,,0,16,,111593,5,,,0,15,,111594,5,,,0,15,,111595,5,,,0,55,,111596,5,,,0,15,,111597,5,,,0,15,,111598,5,,,0,15,,111599,5,,,0,55,,111600,5,,,0,15,,111601,5,,,0,15,,111602,5,,,0,72,,111605,5,,,0
3831100,'3_merged_15288064',600,,111693,5,,,0,26,,111677,5,,,0,21,,111678,5,,,0,61,,111695,5,,,0,12,,111696,5,,,0,12,,111697,5,,,0,12,,111698,5,,,0,12,,111699,5,,,0,52,,111700,5,,,0,12,,111701,5,,,0,12,,111702,5,,,0,12,,111703,5,,,0,13,,111704,5,,,0,52,,111705,5,,,0,12,,111706,5,,,0,12,,111707,5,,,0,12,,111708,5,,,0,12,,111709,5,,,0,53,,111710,5,,,0,13,,111711,5,,,0,12,,111712,5,,,0,12,,111713,5,,,0,12,,111714,5,,,0,53,,111715,5,,,0,12,,111716,5,,,0,12,,111717,5,,,0,12,,111718,5,,,0,53,,111719,5,,,0,13,,111720,5,,,0,12,,111721,5,,,0,12,,111722,5,,,0,11,,111723,5,,,0,52,,111724,5,,,0,12,,111725,5,,,0,12,,111726,5,,,0,12,,111727,5,,,0,12,,111728,5,,,0,52,,111729,5,,,0,12,,111730,5,,,0,12,,111731,5,,,0,12,,111732,5,,,0,12,,111733,5,,,0,52,,111734,5,,,0,12,,111735,5,,,0,13,,111736,5,,,0,11,,111737,5,,,0,12,,111738,5,,,0,52,,111739,5,,,0,12,,111740,5,,,0,12,,111741,5,,,0,14,,111742,5,,,0,10,,111743,5,,,0,52,,111744,5,,,0,12,,111745,5,,,0,12,,111746,5,,,0,11,,111747,5,,,0,13,,111748,5,,,0,52,,111749,5,,,0,12,,111750,5,,,0,12,,111751,5,,,0,12,,111752,5,,,0,11,,111753,5,,,0,52,,111754,5,,,0,11,,111755,5,,,0,12,,111756,5,,,0,11,,111757,5,,,0,13,,111758,5,,,0,12,,111759,5,,,0,52,,111760,5,,,0,12,,111761,5,,,0,11,,111762,5,,,0,13,,111763,5,,,0,12,,111764,5,,,0,50,,111765,5,,,0,11,,111766,5,,,0,12,,111767,5,,,0,12,,111768,5,,,0,11,,111769,5,,,0,51,,111770,5,,,0,12,,111679,5,,,0,13,,111680,5,,,0,12,,111681,5,,,0,14,,111682,5,,,0,55,,111683,5,,,0,15,,111684,5,,,0,15,,111685,5,,,0,15,,111686,5,,,0,56,,111687,5,,,0,16,,111688,5,,,0,16,,111689,5,,,0,55,,111690,5,,,0,15,,111691,5,,,0,15,,111692,5,,,0,15,,111694,5,,,0
