681500,'1803_merged_15291803',1857,,93361,10,,,0,100,,93360,10,,,0,100,,93359,10,,,0,100,,93358,10,,,0
681500,'1_merged_15291795',437,,93383,10,,,0,90,,93364,10,,,0,30,,93382,10,,,0,70,,93363,10,,,0,30,,93381,10,,,0,70,,93362,10,,,0,30,,93380,10,,,0,100,,93379,10,,,0,100,,93378,10,,,0,100,,93377,10,,,0,100,,93376,10,,,0,100,,93375,10,,,0,100,,93374,10,,,0,100,,93373,10,,,0,100,,93372,10,,,0,100,,93371,10,,,0,100,,93370,10,,,0,100,,93369,10,,,0,100,,93368,10,,,0,100,,93367,10,,,0,100,,93366,10,,,0,100,,93365,10,,,0
681500,'2_merged_15291797',757,,93384,10,,,0,100,,93385,10,,,0,100,,93386,10,,,0,100,,93387,10,,,0,100,,93388,10,,,0,100,,93389,10,,,0,100,,93390,10,,,0,100,,93391,10,,,0,100,,93392,10,,,0,100,,93393,10,,,0,100,,93394,10,,,0,100,,93395,10,,,0,100,,93396,10,,,0,100,,93397,10,,,0,100,,93398,10,,,0,100,,93399,10,,,0
681500,'3_merged_15291796',857,,93405,10,,,0,100,,93404,10,,,0,100,,93403,10,,,0,100,,93402,10,,,0,100,,93401,10,,,0,100,,93400,10,,,0,100,,93409,10,,,0,100,,93408,10,,,0,100,,93406,10,,,0,100,,93407,10,,,0
1870500,'1_merged_15291795',614,,99365,30,,,0,16,,99369,30,,,0,16,,99376,30,,,0,55,,99349,30,,,0,15,,99350,30,,,0,16,,99370,30,,,0,12,,99384,30,,,0,14,,99380,30,,,0,52,,99351,30,,,0,15,,99352,30,,,0,20,,99371,30,,,0,60,,99353,30,,,0,20,,99354,30,,,0,20,,99337,30,,,0,70,,99338,30,,,0,30,,99339,30,,,0,71,,99340,30,,,0,30,,99341,30,,,0,70,,99368,30,,,0,31,,99342,30,,,0,70,,99343,30,,,0,31,,99345,30,,,0,63,,99344,30,,,0,20,,99372,30,,,0,20,,99378,30,,,0,61,,99346,30,,,0,20,,99373,30,,,0,21,,99347,30,,,0,61,,99348,30,,,0,20,,99374,30,,,0,19,,99355,30,,,0,56,,99356,30,,,0,18,,99377,30,,,0,17,,99379,30,,,0,58,,99375,30,,,0,16,,99357,30,,,0,19,,99358,30,,,0,20,,99359,30,,,0,63,,99360,30,,,0,28,,99361,30,,,0,70,,99362,30,,,0,30,,99363,30,,,0,67,,99364,30,,,0,97,,99381,30,,,0,99,,99382,30,,,0,100,,99383,30,,,0
1870500,'2_merged_15291797',613,,99408,30,,,0,35,,99409,30,,,0,71,,99410,30,,,0,30,,99411,30,,,0,71,,99412,30,,,0,32,,99413,30,,,0,71,,99414,30,,,0,30,,99415,30,,,0,70,,99385,30,,,0,30,,99386,30,,,0,70,,99387,30,,,0,29,,99388,30,,,0,68,,99389,30,,,0,28,,99390,30,,,0,70,,99391,30,,,0,30,,99392,30,,,0,70,,99393,30,,,0,30,,99394,30,,,0,70,,99395,30,,,0,30,,99396,30,,,0,70,,99397,30,,,0,29,,99398,30,,,0,70,,99399,30,,,0,31,,99400,30,,,0,72,,99404,30,,,0,32,,99401,30,,,0,71,,99402,30,,,0,29,,99403,30,,,0,69,,99405,30,,,0,29,,99406,30,,,0,70,,99407,30,,,0,95,,99416,30,,,0,99,,99417,30,,,0,100,,99418,30,,,0
1870500,'3_merged_15291796',614,,99423,30,,,0,33,,99424,30,,,0,70,,99425,30,,,0,30,,99426,30,,,0,70,,99434,30,,,0,30,,99427,30,,,0,70,,99428,30,,,0,30,,99429,30,,,0,70,,99430,30,,,0,30,,99431,30,,,0,70,,99432,30,,,0,32,,99433,30,,,0,71,,99435,30,,,0,31,,99436,30,,,0,69,,99437,30,,,0,30,,99438,30,,,0,70,,99439,30,,,0,31,,99440,30,,,0,67,,99441,30,,,0,30,,99442,30,,,0,70,,99443,30,,,0,30,,99444,30,,,0,69,,99445,30,,,0,30,,99446,30,,,0,69,,99447,30,,,0,29,,99448,30,,,0,70,,99449,30,,,0,32,,99419,30,,,0,70,,99420,30,,,0,30,,99421,30,,,0,69,,99422,30,,,0,99,,99450,30,,,0,100,,99451,30,,,0,100,,99452,30,,,0
3404501,'1_merged_15291795',708,,107622,13,,,0,100,,107621,13,,,0,100,,107620,13,,,0,100,,107619,13,,,0,100,,107618,13,,,0,100,,107617,13,,,0,100,,107616,13,,,0,100,,107615,13,,,0,100,,107614,13,,,0,100,,107613,13,,,0,100,,107612,13,,,0,100,,107611,13,,,0,100,,107610,13,,,0,100,,107609,13,,,0,100,,107608,13,,,0,99,,107607,13,,,0,101,,107606,13,,,0,100,,107623,13,,,0
3404501,'2_merged_15291797',808,,107624,13,,,0,100,,107625,13,,,0,100,,107626,13,,,0,100,,107627,13,,,0,100,,107628,13,,,0,100,,107629,13,,,0,100,,107630,13,,,0,100,,107631,13,,,0,100,,107632,13,,,0,100,,107633,13,,,0,100,,107634,13,,,0,100,,107635,13,,,0,100,,107636,13,,,0,100,,107637,13,,,0,100,,107638,13,,,0,100,,107639,13,,,0,100,,107640,13,,,0
3404501,'3_merged_15291796',908,,107646,13,,,0,100,,107645,13,,,0,100,,107644,13,,,0,100,,107643,13,,,0,100,,107642,13,,,0,100,,107641,13,,,0,100,,107654,13,,,0,100,,107653,13,,,0,100,,107647,13,,,0,100,,107651,13,,,0,100,,107650,13,,,0,100,,107652,13,,,0,100,,107649,13,,,0,100,,107648,13,,,0,100,,107655,13,,,0,100,,107656,13,,,0
