667700,'101_merged_15291802',1617,,78039,20,,,0
667700,'1101_merged_15291806',2521,,78040,20,,,0
667700,'1201_merged_15291788',2521,,78041,20,,,0
667700,'1_merged_15291795',620,,78079,20,,,0,29,,78052,20,,,0,71,,78060,20,,,0,30,,78067,20,,,0,73,,78077,20,,,0,29,,78063,20,,,0,78,,78047,20,,,0,24,,78085,20,,,0,87,,78046,20,,,0,71,,78054,20,,,0,29,,78061,20,,,0,70,,78059,20,,,0,30,,78058,20,,,0,71,,78068,20,,,0,31,,78045,20,,,0,69,,78083,20,,,0,16,,78048,20,,,0,31,,78049,20,,,0,65,,78042,20,,,0,20,,78073,20,,,0,14,,78053,20,,,0,70,,78056,20,,,0,19,,78064,20,,,0,12,,78057,20,,,0,59,,78074,20,,,0,12,,78069,20,,,0,19,,78080,20,,,0,60,,78084,20,,,0,13,,78070,20,,,0,15,,78081,20,,,0,12,,78078,20,,,0,56,,78071,20,,,0,10,,78051,20,,,0,11,,78072,20,,,0,14,,78066,20,,,0,16,,78086,20,,,0,57,,78062,20,,,0,15,,78044,20,,,0,15,,78082,20,,,0,11,,78043,20,,,0,68,,78075,20,,,0,29,,78065,20,,,0,69,,78055,20,,,0,30,,78088,20,,,0,68,,78076,20,,,0,30,,78087,20,,,0,70,,78050,20,,,0
667700,'2_merged_15291797',652,,78116,20,,,0,66,,78117,20,,,0,31,,78096,20,,,0,70,,78124,20,,,0,32,,78125,20,,,0,72,,78092,20,,,0,30,,78122,20,,,0,69,,78099,20,,,0,32,,78130,20,,,0,71,,78094,20,,,0,28,,78129,20,,,0,71,,78131,20,,,0,31,,78097,20,,,0,70,,78095,20,,,0,32,,78134,20,,,0,56,,78105,20,,,0,20,,78132,20,,,0,22,,78090,20,,,0,59,,78115,20,,,0,19,,78121,20,,,0,22,,78120,20,,,0,59,,78114,20,,,0,20,,78091,20,,,0,21,,78098,20,,,0,59,,78113,20,,,0,24,,78133,20,,,0,19,,78100,20,,,0,60,,78112,20,,,0,23,,78126,20,,,0,60,,78123,20,,,0,24,,78111,20,,,0,16,,78104,20,,,0,14,,78101,20,,,0,55,,78119,20,,,0,16,,78110,20,,,0,29,,78127,20,,,0,72,,78118,20,,,0,28,,78102,20,,,0,69,,78107,20,,,0,30,,78106,20,,,0,70,,78128,20,,,0,30,,78109,20,,,0,69,,78093,20,,,0,32,,78108,20,,,0,64,,78103,20,,,0,36,,78089,20,,,0
667700,'3_merged_15291796',823,,78152,20,,,0,30,,78146,20,,,0,70,,78155,20,,,0,29,,78145,20,,,0,70,,78153,20,,,0,30,,78144,20,,,0,69,,78154,20,,,0,32,,78135,20,,,0,69,,78156,20,,,0,32,,78143,20,,,0,69,,78139,20,,,0,32,,78151,20,,,0,70,,78158,20,,,0,31,,78150,20,,,0,53,,78172,20,,,0,30,,78159,20,,,0,15,,78149,20,,,0,57,,78171,20,,,0,29,,78162,20,,,0,16,,78148,20,,,0,55,,78170,20,,,0,32,,78160,20,,,0,13,,78147,20,,,0,56,,78169,20,,,0,29,,78157,20,,,0,14,,78142,20,,,0,57,,78168,20,,,0,26,,78137,20,,,0,15,,78141,20,,,0,59,,78167,20,,,0,26,,78136,20,,,0,17,,78140,20,,,0,67,,78138,20,,,0,30,,78166,20,,,0,71,,78163,20,,,0,30,,78165,20,,,0,71,,78161,20,,,0,34,,78164,20,,,0
683700,'1101_merged_15291806',2700,,95616,47,,,0
683700,'1201_merged_15291788',2700,,95617,47,,,0
683700,'1_merged_15291795',2540,,95624,47,,,0,60,,95623,47,,,0,20,,95619,47,,,0,29,,95622,47,,,0,74,,95621,47,,,0,19,,95620,47,,,0,68,,95618,47,,,0
683700,'2_merged_15291797',528,,95633,21,,,0,2019,,95627,47,,,0,62,,95632,47,,,0,14,,95626,47,,,0,19,,95631,47,,,0,60,,95628,47,,,0,30,,95630,47,,,0,12,,95629,47,,,0,74,,95625,47,,,0
683700,'3_merged_15291796',558,,95642,21,,,0,74,,95643,21,,,0,71,,95644,21,,,0,30,,95645,41,,,0,1687,,95638,47,,,0,32,,95637,47,,,0,70,,95636,47,,,0,37,,95635,47,,,0,71,,95634,47,,,0,24,,95641,47,,,0,88,,95640,47,,,0,65,,95639,47,,,0
