662200,'152201_merged_15288067',2521,,62140,77,4,,0,33,,62141,77,4,,0
662200,'152301_merged_15288069',2521,,62152,75,4,,0,33,,62153,75,4,,0
662200,'2_merged_15288065',2525,,62311,75,4,,0,30,,62313,75,4,,0
662200,'3_merged_15288064',2522,,62402,75,4,,0,29,,62403,75,4,,0
662401,'1_merged_15288063',515,,63550,15,,,0,34,,63553,15,,,0,55,,63554,15,,,0,14,,63555,15,,,0,15,,63556,15,,,0,12,,63557,15,,,0,12,,63558,15,,,0,52,,63559,15,,,0,11,,63560,15,,,0,11,,63561,15,,,0,11,,63562,15,,,0,12,,63563,15,,,0,51,,63564,15,,,0,12,,63565,15,,,0,12,,63566,15,,,0,12,,63616,15,,,0,12,,63617,15,,,0,52,,63618,15,,,0,12,,63619,15,,,0,12,,63620,15,,,0,12,,63621,15,,,0,12,,63622,15,,,0,52,,63623,15,,,0,12,,63624,15,,,0,12,,63625,15,,,0,12,,63626,15,,,0,12,,63627,15,,,0,52,,63628,15,,,0,12,,63629,15,,,0,12,,63630,15,,,0,12,,63631,15,,,0,12,,63632,15,,,0,52,,63633,15,,,0,12,,63634,15,,,0,12,,63635,15,,,0,12,,63636,15,,,0,12,,63637,15,,,0,52,,63638,15,,,0,12,,63639,15,,,0,12,,63640,15,,,0,12,,63641,15,,,0,12,,63642,15,,,0,52,,63643,15,,,0,12,,63567,15,,,0,12,,63568,15,,,0,10,,63569,15,,,0,11,,63570,15,,,0,50,,63571,15,,,0,10,,63572,15,,,0,10,,63573,15,,,0,10,,63646,15,,,0,11,,63574,15,,,0,10,,63575,15,,,0,50,,63576,15,,,0,10,,63577,15,,,0,10,,63578,15,,,0,10,,63579,15,,,0,10,,63580,15,,,0,10,,63581,15,,,0,50,,63582,15,,,0,10,,63583,15,,,0,10,,63584,15,,,0,10,,63585,15,,,0,12,,63586,15,,,0,12,,63587,15,,,0,52,,63588,15,,,0,13,,63589,15,,,0,12,,63590,15,,,0,13,,63591,15,,,0,12,,63592,15,,,0,52,,63593,15,,,0,12,,63594,15,,,0,12,,63645,15,,,0,14,,63595,15,,,0,12,,63596,15,,,0,52,,63597,15,,,0,13,,63598,15,,,0,11,,63599,15,,,0,13,,63644,15,,,0,55,,63600,15,,,0,15,,63601,15,,,0,19,,63602,15,,,0,18,,63603,15,,,0,60,,63604,15,,,0,20,,63605,15,,,0,22,,63606,15,,,0,60,,63607,15,,,0,22,,63608,15,,,0,73,,63609,15,,,0,36,,63611,15,,,0,65,,63612,15,0,10,0
662401,'2_merged_15288065',503,,63649,15,0,10,0,29,,63650,15,0,10,0,68,,63652,15,,,0,20,,63653,15,,,0,19,,63654,15,,,0,15,,63655,15,,,0,55,,63716,15,,,0,14,,63656,15,,,0,15,,63717,15,,,0,12,,63718,15,,,0,51,,63719,15,,,0,12,,63720,15,,,0,11,,63721,15,,,0,12,,63722,15,,,0,11,,63723,15,,,0,12,,63724,15,,,0,52,,63725,15,,,0,11,,63726,15,,,0,12,,63727,15,,,0,10,,63728,15,,,0,12,,63729,15,,,0,52,,63730,15,,,0,12,,63731,15,,,0,12,,63732,15,,,0,11,,63733,15,,,0,12,,63734,15,,,0,52,,63735,15,,,0,12,,63736,15,,,0,12,,63737,15,,,0,11,,63738,15,,,0,12,,63739,15,,,0,52,,63740,15,,,0,12,,63741,15,,,0,12,,63742,15,,,0,12,,63743,15,,,0,12,,63659,15,,,0,52,,63660,15,,,0,12,,63661,15,,,0,11,,63662,15,,,0,12,,63663,15,,,0,11,,63664,15,,,0,52,,63665,15,,,0,11,,63666,15,,,0,12,,63667,15,,,0,11,,63668,15,,,0,12,,63669,15,,,0,52,,63670,15,,,0,12,,63671,15,,,0,12,,63672,15,,,0,12,,63673,15,,,0,12,,63674,15,,,0,52,,63675,15,,,0,14,,63676,15,,,0,12,,63677,15,,,0,12,,63678,15,,,0,12,,63679,15,,,0,52,,63680,15,,,0,12,,63681,15,,,0,12,,63682,15,,,0,12,,63683,15,,,0,12,,63684,15,,,0,52,,63685,15,,,0,14,,63686,15,,,0,12,,63687,15,,,0,12,,63688,15,,,0,12,,63689,15,,,0,52,,63690,15,,,0,13,,63691,15,,,0,15,,63692,15,,,0,15,,63693,15,,,0,55,,63694,15,,,0,11,,63695,15,,,0,16,,63696,15,,,0,16,,63697,15,,,0,55,,63698,15,,,0,15,,63699,15,,,0,17,,63700,15,,,0,22,,63701,15,,,0,60,,63702,15,,,0,21,,63703,15,,,0,20,,63704,15,,,0,59,,63705,15,,,0,14,,63706,15,,,0,18,,63707,15,,,0,60,,63708,15,,,0,29,,63709,15,,,0,79,,63711,15,0,10,0
662401,'3_merged_15288064',516,,63793,15,0,10,0,18,,63794,15,0,10,0,19,,63796,15,,,0,58,,63797,15,,,0,15,,63798,15,,,0,14,,63799,15,,,0,15,,63800,15,,,0,55,,63801,15,,,0,15,,63802,15,,,0,15,,63803,15,,,0,14,,63804,15,,,0,55,,63805,15,,,0,15,,63806,15,,,0,15,,63807,15,,,0,15,,63808,15,,,0,52,,63868,15,,,0,9,,63869,15,,,0,12,,63870,15,,,0,12,,63871,15,,,0,11,,63872,15,,,0,52,,63873,15,,,0,12,,63874,15,,,0,12,,63875,15,,,0,12,,63876,15,,,0,12,,63877,15,,,0,52,,63878,15,,,0,10,,63879,15,,,0,12,,63880,15,,,0,12,,63881,15,,,0,12,,63882,15,,,0,52,,63883,15,,,0,12,,63884,15,,,0,12,,63885,15,,,0,12,,63886,15,,,0,12,,63887,15,,,0,52,,63888,15,,,0,13,,63889,15,,,0,12,,63890,15,,,0,12,,63891,15,,,0,12,,63892,15,,,0,52,,63893,15,,,0,12,,63894,15,,,0,12,,63895,15,,,0,11,,63813,15,,,0,10,,63814,15,,,0,10,,63815,15,,,0,50,,63816,15,,,0,10,,63817,15,,,0,10,,63818,15,,,0,10,,63819,15,,,0,10,,63820,15,,,0,10,,63821,15,,,0,50,,63822,15,,,0,10,,63823,15,,,0,10,,63824,15,,,0,10,,63825,15,,,0,11,,63826,15,,,0,10,,63827,15,,,0,50,,63828,15,,,0,11,,63829,15,,,0,10,,63830,15,,,0,10,,63831,15,,,0,10,,63832,15,,,0,9,,63833,15,,,0,50,,63834,15,,,0,10,,63835,15,,,0,10,,63836,15,,,0,10,,63837,15,,,0,10,,63838,15,,,0,10,,63839,15,,,0,50,,63840,15,,,0,10,,63841,15,,,0,10,,63842,15,,,0,14,,63844,15,,,0,15,,63845,15,,,0,55,,63846,15,,,0,15,,63847,15,,,0,15,,63848,15,,,0,16,,63849,15,,,0,55,,63850,15,,,0,15,,63851,15,,,0,15,,63852,15,,,0,60,,63853,15,,,0,19,,63855,15,,,0,21,,63856,15,,,0,60,,63857,15,,,0,20,,63858,15,,,0,20,,63859,15,,,0,74,,63861,15,,,0,25,,63862,15,,,0,73,,63864,15,0,10,0
683401,'1_merged_15288063',2536,,95552,58,,,0,68,,95551,58,,,0,32,,95550,58,,,0
683401,'2_merged_15288065',2455,,95556,58,,,0,81,,95555,58,,,0,70,,95554,58,,,0,31,,95553,58,,,0
683401,'3_merged_15288064',2536,,95557,58,,,0,70,,95558,58,,,0,30,,95559,58,,,0
