666100,'1_merged_15291795',542,,74941,2,,,0,15,,74942,2,,,0,55,,74943,2,,,0,15,,74944,2,,,0,14,,74945,2,,,0,17,,74946,2,,,0,55,,74947,2,,,0,11,,74948,2,,,0,19,,74949,2,,,0,15,,74950,2,,,0,56,,74951,2,,,0,13,,74952,2,,,0,18,,74953,2,,,0,55,,74954,2,,,0,30,,74955,2,,,0,70,,74956,2,,,0,30,,74957,2,,,0,70,,74958,2,,,0,30,,74959,2,,,0,70,,74912,2,,,0,30,,74913,2,,,0,70,,74914,2,,,0,30,,74915,2,,,0,70,,74916,2,,,0,26,,74917,2,,,0,32,,74918,2,,,0,55,,74919,2,,,0,13,,74920,2,,,0,14,,74921,2,,,0,18,,74922,2,,,0,53,,74923,2,,,0,17,,74924,2,,,0,17,,74925,2,,,0,13,,74926,2,,,0,55,,74927,2,,,0,15,,74928,2,,,0,15,,74929,2,,,0,15,,74930,2,,,0,52,,74931,2,,,0,18,,74932,2,,,0,19,,74933,2,,,0,61,,74934,2,,,0,30,,74935,2,,,0,70,,74936,2,,,0,30,,74937,2,,,0,70,,74938,2,,,0,30,,74939,2,,,0,66,,74940,2,,,0,100,,74960,2,,,0
666100,'2_merged_15291797',607,,74968,2,,,0,30,,74972,2,,,0,70,,74966,2,,,0,30,,74969,2,,,0,70,,74970,2,,,0,30,,74967,2,,,0,70,,74963,2,,,0,30,,74974,2,,,0,70,,74962,2,,,0,30,,74961,2,,,0,70,,74985,2,,,0,30,,74989,2,,,0,70,,74965,2,,,0,30,,74988,2,,,0,70,,74987,2,,,0,31,,74986,2,,,0,70,,74973,2,,,0,30,,74991,2,,,0,70,,74984,2,,,0,30,,74976,2,,,0,70,,74990,2,,,0,30,,74983,2,,,0,70,,74982,2,,,0,30,,74981,2,,,0,70,,74980,2,,,0,29,,74979,2,,,0,70,,74964,2,,,0,30,,74978,2,,,0,70,,74992,2,,,0,30,,74977,2,,,0,70,,74993,2,,,0,30,,74971,2,,,0,70,,74994,2,,,0,30,,74975,2,,,0,100,,74995,2,,,0
666100,'3_merged_15291796',737,,74997,2,,,0,70,,75013,2,,,0,30,,74998,2,,,0,70,,75014,2,,,0,30,,74999,2,,,0,70,,75015,2,,,0,30,,75000,2,,,0,71,,75016,2,,,0,30,,75001,2,,,0,70,,75017,2,,,0,30,,75002,2,,,0,70,,75018,2,,,0,30,,75003,2,,,0,70,,75019,2,,,0,30,,75004,2,,,0,70,,75020,2,,,0,30,,75005,2,,,0,70,,75021,2,,,0,30,,75006,2,,,0,70,,75022,2,,,0,30,,75007,2,,,0,69,,75023,2,,,0,30,,75008,2,,,0,70,,74996,2,,,0,30,,75009,2,,,0,68,,75024,2,,,0,32,,75010,2,,,0,70,,75025,2,,,0,30,,75011,2,,,0,100,,75012,2,,,0,100,,75026,2,,,0
666401,'1_merged_15291795',547,,75767,2,,,0,70,,75768,2,,,0,27,,75750,2,,,0,72,,75783,2,,,0,33,,75751,2,,,0,68,,75752,2,,,0,37,,75753,2,,,0,65,,75754,2,,,0,29,,75756,2,,,0,70,,75757,2,,,0,30,,75758,2,,,0,70,,75759,2,,,0,30,,75761,2,,,0,71,,75760,2,,,0,30,,75755,2,,,0,70,,75762,2,,,0,30,,75763,2,,,0,70,,75769,2,,,0,30,,75770,2,,,0,70,,75773,2,,,0,30,,75771,2,,,0,70,,75772,2,,,0,30,,75764,2,,,0,70,,75774,2,,,0,30,,75775,2,,,0,73,,75776,2,,,0,34,,75777,2,,,0,70,,75778,2,,,0,33,,75779,2,,,0,66,,75780,2,,,0,87,,75786,2,,,0,40,,75765,2,,,0,82,,75785,2,,,0,79,,75766,2,,,0,40,,75781,2,,,0,80,,75784,2,,,0,80,,75782,2,,,0
666401,'2_merged_15291797',527,,75787,2,,,0,30,,75788,2,,,0,70,,75789,2,,,0,31,,75790,2,,,0,70,,75791,2,,,0,30,,75792,2,,,0,70,,75793,2,,,0,30,,75794,2,,,0,70,,75795,2,,,0,30,,75796,2,,,0,70,,75797,2,,,0,30,,75798,2,,,0,70,,75799,2,,,0,30,,75800,2,,,0,70,,75801,2,,,0,30,,75802,2,,,0,70,,75803,2,,,0,30,,75804,2,,,0,70,,75805,2,,,0,31,,75806,2,,,0,71,,75807,2,,,0,29,,75808,2,,,0,69,,75809,2,,,0,30,,75810,2,,,0,70,,75811,2,,,0,30,,75812,2,,,0,70,,75813,2,,,0,30,,75814,2,,,0,70,,75815,2,,,0,30,,75816,2,,,0,70,,75817,2,,,0,100,,75818,2,,,0,100,,75819,2,,,0,100,,75820,2,,,0,185,,75821,2,,,0
666401,'3_merged_15291796',632,,75829,2,,,0,100,,75830,2,,,0,101,,75831,2,,,0,85,,75832,2,,,0,100,,75833,2,,,0,100,,75834,2,,,0,30,,75847,2,,,0,70,,75835,2,,,0,30,,75841,2,,,0,70,,75836,2,,,0,30,,75842,2,,,0,71,,75837,2,,,0,29,,75843,2,,,0,71,,75838,2,,,0,29,,75844,2,,,0,71,,75828,2,,,0,29,,75845,2,,,0,71,,75839,2,,,0,29,,75846,2,,,0,70,,75840,2,,,0,100,,75825,2,,,0,100,,75822,2,,,0,100,,75827,2,,,0,100,,75823,2,,,0,135,,75824,2,,,0,160,,75826,2,,,0
666600,'101_merged_15291802',747,,76074,2,,,0,5,,76072,2,,,0,870,,76073,2,,,0
666600,'1_merged_15291795',554,,76112,2,,,0,67,,76095,2,,,0,26,,76111,2,,,0,64,,76110,2,,,0,24,,76109,2,,,0,87,,76108,2,,,0,30,,76107,2,,,0,70,,76106,2,,,0,30,,76105,2,,,0,70,,76091,2,,,0,30,,76090,2,,,0,70,,76089,2,,,0,30,,76104,2,,,0,70,,76088,2,,,0,30,,76103,2,,,0,70,,76102,2,,,0,30,,76101,2,,,0,70,,76100,2,,,0,36,,76087,2,,,0,70,,76086,2,,,0,20,,76116,2,,,0,55,,76077,2,,,0,32,,76115,2,,,0,17,,76099,2,,,0,56,,76076,2,,,0,17,,76098,2,,,0,13,,76097,2,,,0,15,,76096,2,,,0,54,,76075,2,,,0,15,,76094,2,,,0,20,,76085,2,,,0,70,,76093,2,,,0,30,,76092,2,,,0,70,,76078,2,,,0,30,,76079,2,,,0,70,,76117,2,,,0,30,,76080,2,,,0,92,,76081,2,,,0,86,,76082,2,,,0,81,,76083,2,,,0,43,,76084,2,,,0,84,,76114,2,,,0
666600,'2_merged_15291797',652,,76118,2,,,0,70,,76119,2,,,0,30,,76120,2,,,0,70,,76121,2,,,0,30,,76122,2,,,0,70,,76123,2,,,0,30,,76124,2,,,0,70,,76125,2,,,0,30,,76126,2,,,0,70,,76127,2,,,0,30,,76128,2,,,0,70,,76129,2,,,0,30,,76130,2,,,0,70,,76131,2,,,0,30,,76132,2,,,0,70,,76133,2,,,0,30,,76134,2,,,0,70,,76135,2,,,0,30,,76136,2,,,0,70,,76137,2,,,0,30,,76138,2,,,0,70,,76139,2,,,0,30,,76140,2,,,0,70,,76141,2,,,0,30,,76142,2,,,0,70,,76143,2,,,0,30,,76151,2,,,0,70,,76144,2,,,0,30,,76152,2,,,0,70,,76145,2,,,0,100,,76146,2,,,0,100,,76147,2,,,0,100,,76148,2,,,0,100,,76149,2,,,0,34,,76150,2,,,0
666600,'3_merged_15291796',707,,76169,2,,,0,95,,76170,2,,,0,100,,76153,2,,,0,30,,76178,2,,,0,70,,76154,2,,,0,30,,76179,2,,,0,70,,76155,2,,,0,30,,76171,2,,,0,70,,76156,2,,,0,30,,76172,2,,,0,70,,76157,2,,,0,30,,76173,2,,,0,70,,76158,2,,,0,30,,76174,2,,,0,70,,76159,2,,,0,30,,76175,2,,,0,70,,76160,2,,,0,30,,76176,2,,,0,70,,76161,2,,,0,30,,76177,2,,,0,70,,76162,2,,,0,30,,76180,2,,,0,70,,76163,2,,,0,30,,76181,2,,,0,70,,76164,2,,,0,30,,76182,2,,,0,70,,76165,2,,,0,100,,76166,2,,,0,99,,76167,2,,,0,110,,76168,2,,,0
666800,'1_merged_15291795',547,,76694,2,,,0,70,,76726,2,,,0,30,,76695,2,,,0,71,,76727,2,,,0,31,,76696,2,,,0,73,,76728,2,,,0,30,,76697,2,,,0,70,,76729,2,,,0,26,,76698,2,,,0,70,,76730,2,,,0,29,,76699,2,,,0,70,,76731,2,,,0,30,,76700,2,,,0,70,,76732,2,,,0,30,,76701,2,,,0,71,,76704,2,,,0,31,,76702,2,,,0,70,,76705,2,,,0,30,,76703,2,,,0,70,,76706,2,,,0,39,,76715,2,,,0,65,,76707,2,,,0,26,,76716,2,,,0,70,,76708,2,,,0,29,,76717,2,,,0,69,,76709,2,,,0,20,,76718,2,,,0,65,,76710,2,,,0,30,,76719,2,,,0,70,,76711,2,,,0,30,,76720,2,,,0,70,,76712,2,,,0,30,,76721,2,,,0,70,,76713,2,,,0,30,,76722,2,,,0,70,,76714,2,,,0,100,,76723,2,,,0,100,,76724,2,,,0,100,,76725,2,,,0
666800,'2_merged_15291797',552,,76733,2,,,0,75,,76734,2,,,0,25,,76735,2,,,0,70,,76736,2,,,0,30,,76737,2,,,0,70,,76738,2,,,0,30,,76739,2,,,0,70,,76740,2,,,0,30,,76741,2,,,0,70,,76742,2,,,0,30,,76743,2,,,0,70,,76744,2,,,0,31,,76745,2,,,0,70,,76746,2,,,0,30,,76747,2,,,0,70,,76748,2,,,0,30,,76749,2,,,0,70,,76750,2,,,0,30,,76751,2,,,0,70,,76752,2,,,0,30,,76753,2,,,0,70,,76754,2,,,0,30,,76755,2,,,0,69,,76756,2,,,0,30,,76757,2,,,0,70,,76758,2,,,0,30,,76759,2,,,0,70,,76760,2,,,0,30,,76761,2,,,0,70,,76762,2,,,0,30,,76763,2,,,0,70,,76764,2,,,0,30,,76765,2,,,0,75,,76766,2,,,0,75,,76767,2,,,0,30,,76768,2,,,0,70,,76769,2,,,0,30,,76770,2,,,0,70,,76771,2,,,0,30,,76772,2,,,0,70,,76773,2,,,0
666800,'3_merged_15291796',556,,76775,2,,,0,70,,76776,2,,,0,31,,76809,2,,,0,70,,76810,2,,,0,30,,76777,2,,,0,70,,76778,2,,,0,30,,76779,2,,,0,70,,76780,2,,,0,30,,76781,2,,,0,70,,76782,2,,,0,30,,76783,2,,,0,70,,76784,2,,,0,30,,76785,2,,,0,70,,76786,2,,,0,30,,76787,2,,,0,70,,76788,2,,,0,30,,76789,2,,,0,70,,76790,2,,,0,31,,76791,2,,,0,70,,76792,2,,,0,29,,76793,2,,,0,70,,76794,2,,,0,30,,76795,2,,,0,70,,76796,2,,,0,30,,76797,2,,,0,70,,76798,2,,,0,30,,76799,2,,,0,70,,76800,2,,,0,30,,76801,2,,,0,70,,76802,2,,,0,30,,76803,2,,,0,71,,76804,2,,,0,25,,76805,2,,,0,75,,76806,2,,,0,29,,76807,2,,,0,67,,76808,2,,,0,33,,76774,2,,,0
722400,'101_merged_15291802',711,,95975,2,0,67,0
722400,'1_merged_15291795',518,,96006,2,,,0,10,,96018,2,0,67,0,10,,96004,2,,,0,12,,96014,2,0,67,0,51,,95981,2,,,0,9,,95979,2,,,0,11,,96015,2,0,67,0,10,,96007,2,,,0,8,,96011,2,,,0,12,,96016,2,0,67,0,51,,96005,2,,,0,20,,96002,2,,,0,11,,96008,2,,,0,26,,96001,2,,,0,58,,96000,2,,,0,23,,96012,2,,,0,17,,95997,2,,,0,73,,95996,2,,,0,26,,95994,2,,,0,70,,95993,2,,,0,30,,95992,2,,,0,71,,95991,2,,,0,30,,95990,2,,,0,70,,95989,2,,,0,30,,95995,2,,,0,70,,95988,2,,,0,30,,96003,2,,,0,70,,95999,2,,,0,30,,96009,2,,,0,60,,95998,2,,,0,20,,95987,2,,,0,65,,96010,2,,,0,15,,95986,2,,,0,20,,95978,2,,,0,18,,95976,2,,,0,57,,96013,2,,,0,18,,95985,2,,,0,22,,95984,2,,,0,74,,95983,2,,,0,20,,95982,2,,,0,60,,95977,2,,,0,25,,95980,2,,,0,72,,96017,2,,,0
