674700,'169801_merged_15288072',1518,,90381,4,,,0,102,,90382,4,,,0,92,,90383,4,,,0,100,,90384,4,,,0,118,,90385,4,,,0,90,,90386,4,,,0,90,,90387,4,,,0,139,,90388,4,,,0,165,,90389,4,,,0
674700,'1_merged_15288063',716,,90390,4,,,0,85,,90391,4,,,0,15,,90392,4,,,0,100,,90393,4,,,0,3,,90394,4,,,0,100,,90395,4,,,0,2,,90396,4,,,0,90,,90397,4,,,0,8,,90398,4,,,0,92,,90399,4,,,0,8,,90400,4,,,0,92,,90401,4,,,0,5,,90402,4,,,0,95,,90403,4,,,0,8,,90404,4,,,0,95,,90405,4,,,0,9,,90406,4,,,0,90,,90407,4,,,0,3,,90408,4,,,0,93,,90409,4,,,0,6,,90410,4,,,0,5,,90411,4,,,0,95,,90412,4,,,0,5,,90413,4,,,0,89,,90414,4,,,0,6,,90415,4,,,0,5,,90416,4,,,0,90,,90417,4,,,0,15,,90418,4,,,0,94,,90419,4,,,0,4,,90420,4,,,0,86,,90421,4,,,0,105,,90422,4,,,0,205,,90423,4,,,0
674700,'253403_merged_15288062',1826,,90424,4,,,0,188,,90425,4,,,0,198,,90426,4,,,0
674700,'2_merged_15288065',715,,90427,4,,,0,5,,90428,4,,,0,95,,90429,4,,,0,5,,90430,4,,,0,90,,90431,4,,,0,5,,90432,4,,,0,5,,90433,4,,,0,91,,90434,4,,,0,5,,90435,4,,,0,5,,90436,4,,,0,90,,90437,4,,,0,5,,90438,4,,,0,5,,90439,4,,,0,90,,90440,4,,,0,5,,90441,4,,,0,5,,90442,4,,,0,90,,90443,4,,,0,5,,90444,4,,,0,5,,90445,4,,,0,90,,90446,4,,,0,5,,90447,4,,,0,5,,90448,4,,,0,92,,90449,4,,,0,5,,90450,4,,,0,5,,90451,4,,,0,90,,90452,4,,,0,5,,90453,4,,,0,5,,90454,4,,,0,90,,90455,4,,,0,5,,90456,4,,,0,93,,90457,4,,,0,4,,90458,4,,,0,95,,90459,4,,,0,5,,90460,4,,,0,95,,90461,4,,,0,10,,90462,4,,,0,94,,90463,4,,,0,3,,90464,4,,,0,97,,90465,4,,,0,95,,90466,4,,,0,5,,90467,4,,,0,16,,90468,4,,,0
674700,'3_merged_15288064',714,,90469,4,,,0,45,,90470,4,,,0,155,,90471,4,,,0,3,,90472,4,,,0,97,,90473,4,,,0,3,,90474,4,,,0,2,,90475,4,,,0,90,,90476,4,,,0,6,,90477,4,,,0,5,,90478,4,,,0,93,,90479,4,,,0,2,,90480,4,,,0,3,,90481,4,,,0,98,,90482,4,,,0,3,,90483,4,,,0,2,,90484,4,,,0,95,,90485,4,,,0,3,,90486,4,,,0,2,,90487,4,,,0,99,,90488,4,,,0,3,,90489,4,,,0,2,,90490,4,,,0,91,,90491,4,,,0,3,,90492,4,,,0,2,,90493,4,,,0,98,,90494,4,,,0,3,,90495,4,,,0,2,,90496,4,,,0,95,,90497,4,,,0,3,,90498,4,,,0,2,,90499,4,,,0,91,,90500,4,,,0,3,,90501,4,,,0,2,,90502,4,,,0,92,,90503,4,,,0,3,,90504,4,,,0,5,,90505,4,,,0,90,,90506,4,,,0,5,,90507,4,,,0,10,,90508,4,,,0,89,,90509,4,,,0,5,,90510,4,,,0,95,,90511,4,,,0,100,,90512,4,,,0,103,,90513,4,,,0
682200,'1_merged_15288063',622,,94757,7,,,0,20,,94734,7,,,0,8,,94729,7,,,0,52,,94746,7,,,0,20,,94758,7,,,0,22,,94735,7,,,0,59,,94747,7,,,0,21,,94759,7,,,0,23,,94736,7,,,0,66,,94748,7,,,0,29,,94737,7,,,0,69,,94753,7,,,0,30,,94738,7,,,0,66,,94754,7,,,0,24,,94739,7,,,0,71,,94749,7,,,0,30,,94740,7,,,0,75,,94750,7,,,0,31,,94741,7,,,0,75,,94751,7,,,0,19,,94770,7,,,0,8,,94731,1,,,0,12,,94742,7,,,0,60,,94752,7,,,0,5,,94769,7,,,0,21,,94760,7,,,0,20,,94743,7,,,0,60,,94733,7,,,0,20,,94761,7,,,0,21,,94755,7,,,0,43,,94730,7,,,0,21,,94732,7,,,0,18,,94762,7,,,0,18,,94744,7,,,0,60,,94756,7,,,0,19,,94763,7,,,0,20,,94745,7,,,0,62,,94764,7,,,0,22,,94765,7,,,0,69,,94766,7,,,0,40,,94767,7,,,0,76,,94768,7,,,0
682200,'2_merged_15288065',728,,94782,7,,,0,73,,94783,7,,,0,22,,94799,7,,,0,9,,94774,7,,,0,70,,94784,7,,,0,30,,94775,7,,,0,70,,94785,7,,,0,30,,94776,7,,,0,71,,94786,7,,,0,30,,94777,7,,,0,70,,94787,7,,,0,30,,94778,7,,,0,71,,94788,7,,,0,30,,94781,7,,,0,70,,94789,7,,,0,21,,94800,7,,,0,12,,94779,7,,,0,69,,94790,7,,,0,31,,94780,7,,,0,72,,94791,7,,,0,14,,94801,7,,,0,15,,94771,7,,,0,72,,94792,7,,,0,31,,94772,7,,,0,72,,94793,7,,,0,29,,94773,7,,,0,66,,94794,7,,,0,30,,94795,7,,,0,67,,94796,7,,,0,27,,94797,7,,,0,71,,94798,7,,,0,100,,94802,7,,,0
682200,'3_merged_15288064',754,,94814,7,,,0,71,,94830,7,,,0,6,,94803,7,,,0,70,,94815,7,,,0,30,,94808,7,,,0,70,,94816,7,,,0,30,,94809,7,,,0,71,,94817,7,,,0,30,,94810,7,,,0,70,,94818,7,,,0,30,,94811,7,,,0,70,,94819,7,,,0,30,,94812,7,,,0,70,,94820,7,,,0,21,,94831,7,,,0,10,,94813,7,,,0,70,,94821,7,,,0,30,,94804,7,,,0,71,,94822,7,,,0,8,,94832,7,,,0,24,,94805,7,,,0,70,,94823,7,,,0,31,,94806,7,,,0,67,,94824,7,,,0,28,,94807,7,,,0,71,,94825,7,,,0,29,,94826,7,,,0,70,,94827,7,,,0,30,,94828,7,,,0,71,,94829,7,,,0,99,,94833,7,,,0
682300,'1_merged_15288063',804,,94944,14,4,,0,30,,94956,14,4,,0,70,,94938,14,4,,0,29,,94957,14,4,,0,69,,94958,14,4,,0,30,,94939,14,4,,0,71,,94940,14,4,,0,30,,94941,14,4,,0,69,,94942,14,4,,0,30,,94945,14,4,,0,71,,94946,14,4,,0,30,,94947,14,4,,0,25,,94950,14,4,,0,72,,94951,14,4,,0,85,,94952,14,4,,0,25,,94953,14,4,,0,63,,94948,14,4,,0,30,,94943,14,4,,0,70,,94959,14,4,,0,30,,94960,14,4,,0,68,,94954,14,4,,0,30,,94949,14,4,,0,70,,94955,14,4,,0
682300,'2_merged_15288065',901,,94967,14,4,,0,32,,94966,14,4,,0,71,,94965,14,4,,0,29,,94964,14,4,,0,70,,94963,14,4,,0,30,,94962,14,4,,0,70,,94961,14,4,,0,30,,94981,14,4,,0,70,,94980,14,4,,0,30,,94979,14,4,,0,71,,94978,14,4,,0,29,,94977,14,4,,0,70,,94976,14,4,,0,30,,94975,14,4,,0,70,,94974,14,4,,0,31,,94973,14,4,,0,70,,94972,14,4,,0,30,,94971,14,4,,0,70,,94970,14,4,,0,30,,94969,14,4,,0,67,,94968,14,4,,0
682300,'3_merged_15288064',902,,94995,14,4,,0,40,,94996,14,4,,0,80,,94997,14,4,,0,80,,94982,14,4,,0,40,,94983,14,4,,0,81,,94984,14,4,,0,80,,94985,14,4,,0,40,,94986,14,4,,0,79,,94987,14,4,,0,80,,94988,14,4,,0,39,,94989,14,4,,0,80,,94990,14,4,,0,79,,94991,14,4,,0,40,,94992,14,4,,0,80,,94993,14,4,,0,80,,94994,14,4,,0
1169600,'1_merged_15288063',605,,97635,40,4,,0,28,,97636,40,4,,0,70,,97637,40,4,,0,33,,97638,40,4,,0,72,,97639,40,4,,0,30,,97640,40,4,,0,71,,97641,40,4,,0,30,,97642,40,4,,0,67,,97661,40,4,,0,33,,97643,40,4,,0,70,,97662,40,4,,0,30,,97644,40,4,,0,70,,97663,40,4,,0,30,,97645,40,4,,0,70,,97664,40,4,,0,30,,97646,40,4,,0,70,,97665,40,4,,0,30,,97647,40,4,,0,70,,97666,40,4,,0,32,,97648,40,4,,0,70,,97667,40,4,,0,30,,97649,40,4,,0,68,,97650,40,4,,0,27,,97651,40,4,,0,70,,97652,40,4,,0,30,,97653,40,4,,0,70,,97654,40,4,,0,30,,97655,40,4,,0,70,,97668,40,4,,0,20,,97656,40,4,,0,78,,97669,40,4,,0,30,,97657,40,4,,0,70,,97670,40,4,,0,30,,97658,40,4,,0,70,,97671,40,4,,0,30,,97659,40,4,,0,70,,97672,40,4,,0,30,,97660,40,4,,0
1169600,'2_merged_15288065',726,,97673,40,4,,0,29,,97700,40,4,,0,70,,97674,40,4,,0,76,,97675,40,4,,0,27,,97676,40,4,,0,30,,97699,40,4,,0,71,,97677,40,4,,0,30,,97678,40,4,,0,70,,97679,40,4,,0,71,,97680,40,4,,0,30,,97681,40,4,,0,70,,97682,40,4,,0,30,,97683,40,4,,0,70,,97684,40,4,,0,30,,97685,40,4,,0,29,,97686,40,4,,0,72,,97687,40,4,,0,71,,97688,40,4,,0,29,,97689,40,4,,0,69,,97690,40,4,,0,28,,97691,40,4,,0,29,,97692,40,4,,0,70,,97693,40,4,,0,30,,97694,40,4,,0,70,,97701,40,4,,0,30,,97695,40,4,,0,68,,97696,40,4,,0,30,,97702,40,4,,0,70,,97697,40,4,,0,30,,97703,40,4,,0,70,,97698,40,4,,0
1169600,'3_merged_15288064',759,,97727,40,4,,0,70,,97704,40,4,,0,72,,97705,40,4,,0,30,,97728,40,4,,0,69,,97706,40,4,,0,32,,97707,40,4,,0,25,,97708,40,4,,0,70,,97709,40,4,,0,31,,97710,40,4,,0,70,,97711,40,4,,0,30,,97712,40,4,,0,70,,97713,40,4,,0,30,,97714,40,4,,0,70,,97715,40,4,,0,30,,97716,40,4,,0,70,,97717,40,4,,0,30,,97718,40,4,,0,70,,97719,40,4,,0,29,,97720,40,4,,0,70,,97721,40,4,,0,29,,97722,40,4,,0,70,,97723,40,4,,0,30,,97729,40,4,,0,70,,97724,40,4,,0,30,,97730,40,4,,0,70,,97725,40,4,,0,30,,97731,40,4,,0,70,,97726,40,4,,0
