674100,'101_merged_15291802',1506,,89946,16,,,0
674100,'1_merged_15291795',423,,89947,16,,,0,29,,89948,16,,,0,67,,89949,16,,,0,17,,89950,16,,,0,13,,89951,16,,,0,59,,89952,16,,,0,51,,89959,13,,,0,71,,89962,13,,,0,24,,89964,16,,,0,55,,89965,16,,,0,15,,89966,13,,,0,13,,89967,16,,,0,15,,89968,16,,,0,70,,89970,16,,,0,16,,89971,16,,,0,15,,89972,16,,,0,59,,89973,16,,,0,28,,89974,16,,,0,68,,89975,16,,,0,20,,90016,16,,,0,20,,89976,16,,,0,59,,89977,16,,,0,20,,90014,16,,,0,20,,89978,16,,,0,60,,90013,16,,,0,19,,89979,16,,,0,21,,90015,16,,,0,60,,89980,16,,,0,18,,89981,16,,,0,12,,89982,16,,,0,11,,89983,16,,,0,53,,89984,16,,,0,19,,89985,16,,,0,15,,89986,16,,,0,15,,89987,16,,,0,55,,89988,16,,,0,16,,89989,16,,,0,15,,89990,16,,,0,15,,89991,16,,,0,56,,89992,16,,,0,16,,89993,16,,,0,15,,89994,13,,,0,15,,89995,16,,,0,56,,89996,16,,,0,21,,89997,13,,,0,21,,89998,16,,,0,59,,89999,16,,,0,19,,90000,16,,,0,20,,90001,16,,,0,60,,90002,16,,,0,20,,90003,16,,,0,20,,90004,16,,,0,67,,90005,16,,,0,32,,90006,16,,,0,70,,90007,16,,,0,32,,90008,16,,,0,70,,90009,16,,,0,100,,90010,16,,,0,92,,90011,16,,,0,137,,90012,16,0,96 99,0
674100,'2_merged_15291797',426,,90062,16,,,0,102,,90061,16,,,0,105,,90060,16,,,0,69,,90059,16,,,0,22,,90067,16,,,0,22,,90058,16,,,0,62,,90056,16,,,0,20,,90068,16,,,0,20,,90055,16,,,0,61,,90054,16,,,0,20,,90069,16,,,0,21,,90053,16,,,0,60,,90057,16,,,0,22,,90070,16,,,0,20,,90052,16,,,0,61,,90051,16,,,0,20,,90023,16,,,0,20,,90050,16,,,0,60,,90049,16,,,0,20,,90022,16,,,0,20,,90048,16,,,0,60,,90047,16,,,0,20,,90021,16,,,0,20,,90046,16,,,0,60,,90045,16,,,0,20,,90020,16,,,0,22,,90032,16,,,0,59,,90031,16,,,0,20,,90019,16,,,0,17,,90044,16,,,0,57,,90063,16,,,0,16,,90043,16,,,0,15,,90018,16,,,0,15,,90042,16,,,0,55,,90064,16,,,0,15,,90041,16,,,0,15,,90017,16,,,0,15,,90024,16,,,0,55,,90065,16,,,0,15,,90040,16,,,0,20,,90039,16,,,0,60,,90038,16,,,0,20,,90066,16,,,0,20,,90037,16,,,0,60,,90036,16,,,0,32,,90035,16,,,0,70,,90034,16,,,0,30,,90026,16,,,0,70,,90033,16,,,0,30,,90025,16,,,0,78,,90030,16,,,0,99,,90029,16,,,0,108,,90028,16,,,0,123,,90027,16,,,0
674100,'3_merged_15291796',427,,90116,16,,,0,103,,90115,16,,,0,103,,90114,16,,,0,72,,90113,16,,,0,31,,90112,16,,,0,71,,90110,16,,,0,20,,90122,16,,,0,19,,90109,16,,,0,60,,90108,16,,,0,20,,90123,16,,,0,18,,90107,16,,,0,62,,90111,16,,,0,19,,90124,16,,,0,21,,90106,16,,,0,61,,90105,16,,,0,19,,90125,16,,,0,12,,90077,16,,,0,20,,90104,16,,,0,60,,90103,16,,,0,20,,90076,16,,,0,20,,90102,16,,,0,60,,90101,16,,,0,20,,90075,16,,,0,20,,90100,16,,,0,60,,90099,16,,,0,21,,90074,16,,,0,20,,90086,16,,,0,60,,90085,16,,,0,20,,90073,16,,,0,17,,90098,16,,,0,53,,90117,16,,,0,14,,90097,16,,,0,17,,90072,16,,,0,15,,90096,16,,,0,54,,90118,16,,,0,15,,90095,16,,,0,15,,90071,16,,,0,15,,90078,16,,,0,54,,90119,16,,,0,15,,90094,16,,,0,15,,90093,16,,,0,15,,90120,16,,,0,57,,90092,16,,,0,16,,90121,16,,,0,19,,90091,16,,,0,60,,90090,16,,,0,32,,90089,16,,,0,69,,90088,16,,,0,30,,90080,16,,,0,70,,90087,16,,,0,30,,90079,16,,,0,76,,90084,16,,,0,102,,90083,16,,,0,106,,90082,16,,,0,123,,90081,16,,,0
674200,'1_merged_15291795',546,,90295,16,,,0,88,,90296,16,,,0,13,,90289,16,,,0,73,,90290,16,,,0,28,,90291,16,,,0,75,,90292,16,,,0,28,,90293,16,,,0,53,,90294,16,,,0
674400,'1_merged_15291795',621,,90333,14,0,89 90 12,0,82,,90334,14,,,0,17,,90335,14,,,0,24,,90336,14,,,0,11,,90337,14,,,0,52,,90338,14,,,0,823,,90339,14,0,89 90 12,0,77,,90340,14,0,89 90 12,0,48,,90341,14,0,89 90 12,0,67,,90342,14,0,89 90 12,0,86,,90343,14,0,89 90 12,0,24,,90344,14,0,89 90 12,0
684400,'1_merged_15291795',935,,95903,13,,,0,100,,95902,13,,,0,100,,95901,13,,,0,100,,95900,13,,,0,100,,95899,13,,,0,100,,95911,13,,,0,100,,95910,13,,,0,101,,95909,13,,,0,103,,95908,13,,,0,96,,95907,13,,,0,100,,95906,13,,,0,100,,95905,13,,,0,99,,95904,13,,,0
684400,'2_merged_15291797',926,,95912,13,,,0,100,,95914,13,,,0,100,,95913,13,,,0,100,,95924,13,,,0,101,,95923,13,,,0,100,,95922,13,,,0,98,,95921,13,,,0,101,,95920,13,,,0,100,,95919,13,,,0,99,,95918,13,,,0,99,,95917,13,,,0,105,,95916,13,,,0,100,,95915,13,,,0
684400,'3_merged_15291796',924,,95934,13,,,0,101,,95931,13,,,0,100,,95930,13,,,0,100,,95927,13,,,0,101,,95926,13,,,0,100,,95925,13,,,0,99,,95936,13,,,0,100,,95935,13,,,0,100,,95933,13,,,0,100,,95929,13,,,0,100,,95932,13,,,0,100,,95928,13,,,0
1169601,'1_merged_15291795',517,,97732,37,,,0,31,,97733,37,,,0,70,,97734,37,,,0,32,,97735,37,,,0,72,,97736,37,,,0,30,,97737,37,,,0,71,,97738,37,,,0,30,,97739,37,,,0,70,,97740,37,,,0,33,,97760,37,,,0,70,,97741,37,,,0,30,,97761,37,,,0,70,,97742,37,,,0,30,,97762,37,,,0,69,,97743,37,,,0,30,,97763,37,,,0,71,,97744,37,,,0,30,,97764,37,,,0,70,,97745,37,,,0,30,,97765,37,,,0,71,,97746,37,,,0,30,,97757,37,,,0,70,,97747,37,,,0,30,,97748,37,,,0,69,,97749,37,,,0,30,,97750,37,,,0,68,,97751,37,,,0,29,,97752,37,,,0,69,,97753,37,,,0,30,,97766,37,,,0,69,,97754,37,,,0,30,,97767,37,,,0,70,,97755,37,,,0,30,,97768,37,,,0,70,,97756,37,,,0,29,,97769,37,,,0,70,,97758,37,,,0,30,,97770,37,,,0,70,,97759,37,,,0
1169601,'2_merged_15291797',642,,97771,37,,,0,71,,97772,37,,,0,30,,97799,37,,,0,72,,97773,37,,,0,30,,97774,37,,,0,72,,97800,37,,,0,32,,97775,37,,,0,70,,97776,37,,,0,31,,97777,37,,,0,69,,97778,37,,,0,30,,97779,37,,,0,70,,97780,37,,,0,30,,97781,37,,,0,71,,97782,37,,,0,30,,97783,37,,,0,71,,97784,37,,,0,30,,97785,37,,,0,72,,97786,37,,,0,28,,97787,37,,,0,69,,97788,37,,,0,30,,97789,37,,,0,70,,97790,37,,,0,30,,97791,37,,,0,69,,97792,37,,,0,30,,97793,37,,,0,70,,97794,37,,,0,30,,97795,37,,,0,68,,97796,37,,,0,30,,97801,37,,,0,70,,97797,37,,,0,30,,97802,37,,,0,70,,97798,37,,,0
1169601,'3_merged_15291796',717,,97803,37,,,0,26,,97827,37,,,0,70,,97804,37,,,0,34,,97805,37,,,0,70,,97828,37,,,0,33,,97806,37,,,0,70,,97807,37,,,0,30,,97808,37,,,0,71,,97809,37,,,0,30,,97810,37,,,0,70,,97811,37,,,0,30,,97812,37,,,0,70,,97813,37,,,0,30,,97814,37,,,0,70,,97815,37,,,0,30,,97816,37,,,0,68,,97817,37,,,0,33,,97818,37,,,0,68,,97819,37,,,0,31,,97820,37,,,0,67,,97821,37,,,0,30,,97822,37,,,0,70,,97823,37,,,0,30,,97824,37,,,0,70,,97825,37,,,0,30,,97829,37,,,0,68,,97826,37,,,0,30,,97830,37,,,0,68,,97831,37,,,0
