672200,'101_merged_15524987',1458,,146450,1,,,0,85,,146449,1,,,0
672200,'1_merged_15524980',439,,146514,1,,,0,61,,146515,1,,,0,20,,146516,1,,,0,11,,146517,1,,,0,13,,146518,1,,,0,15,,146519,1,,,0,55,,146451,1,,,0,14,,146452,1,,,0,15,,146453,1,,,0,14,,146454,1,,,0,55,,146455,1,,,0,15,,146456,1,,,0,13,,146457,1,,,0,15,,146458,1,,,0,55,,146459,1,,,0,15,,146460,1,,,0,14,,146461,1,,,0,15,,146462,1,,,0,55,,146463,1,,,0,15,,146464,1,,,0,15,,146465,1,,,0,15,,146466,1,,,0,55,,146467,1,,,0,15,,146468,1,,,0,15,,146469,1,,,0,15,,146470,1,,,0,55,,146471,1,,,0,15,,146472,1,,,0,15,,146473,1,,,0,15,,146474,1,,,0,55,,146475,1,,,0,15,,146476,1,,,0,15,,146477,1,,,0,15,,146478,1,,,0,55,,146479,1,,,0,15,,146480,1,,,0,15,,146481,1,,,0,15,,146482,1,,,0,55,,146483,1,,,0,15,,146484,1,,,0,12,,146485,1,,,0,14,,146486,1,,,0,57,,146487,1,,,0,17,,146488,1,,,0,32,,146489,1,,,0,55,,146490,1,,,0,16,,146491,1,,,0,15,,146492,1,,,0,15,,146493,1,,,0,55,,146494,1,,,0,15,,146495,1,,,0,18,,146496,1,,,0,55,,146497,1,,,0,15,,146498,1,,,0,15,,146499,1,,,0,16,,146500,1,,,0,55,,146501,1,,,0,15,,146502,1,,,0,17,,146503,1,,,0,20,,146504,1,,,0,70,,146505,1,,,0,32,,146506,1,,,0,70,,146507,1,,,0,31,,146508,1,,,0,71,,146509,1,,,0,31,,146510,1,,,0,69,,146511,1,,,0,100,,146512,1,,,0,100,,146513,1,,,0
672200,'201',1543,,146520,1,,,0
672200,'2_merged_15524982',501,,146530,1,,,0,33,,146581,1,,,0,70,,146575,1,,,0,30,,146582,1,,,0,67,,146544,1,,,0,20,,146566,1,,,0,20,,146571,1,,,0,60,,146532,1,,,0,17,,146538,1,,,0,16,,146570,1,,,0,13,,146547,1,,,0,55,,146529,1,,,0,13,,146578,1,,,0,15,,146569,1,,,0,15,,146565,1,,,0,55,,146560,1,,,0,15,,146540,1,,,0,15,,146528,1,,,0,14,,146531,1,,,0,15,,146550,1,,,0,54,,146551,1,,,0,15,,146527,1,,,0,15,,146552,1,,,0,15,,146574,1,,,0,55,,146549,1,,,0,15,,146526,1,,,0,15,,146563,1,,,0,15,,146545,1,,,0,55,,146580,1,,,0,15,,146525,1,,,0,15,,146572,1,,,0,15,,146533,1,,,0,55,,146534,1,,,0,15,,146524,1,,,0,15,,146535,1,,,0,15,,146536,1,,,0,55,,146556,1,,,0,15,,146523,1,,,0,15,,146537,1,,,0,15,,146577,1,,,0,55,,146548,1,,,0,15,,146522,1,,,0,15,,146554,1,,,0,15,,146555,1,,,0,56,,146561,1,,,0,15,,146521,1,,,0,15,,146562,1,,,0,59,,146557,1,,,0,20,,146539,1,,,0,20,,146564,1,,,0,60,,146568,1,,,0,22,,146541,1,,,0,20,,146542,1,,,0,62,,146567,1,,,0,20,,146543,1,,,0,21,,146573,1,,,0,70,,146553,1,,,0,30,,146576,1,,,0,73,,146546,1,,,0,103,,146558,1,,,0,100,,146579,1,,,0,101,,146559,1,,,0
672200,'3_merged_15524981',511,,146606,1,,,0,30,,146594,1,,,0,70,,146605,1,,,0,30,,146593,1,,,0,70,,146604,1,,,0,27,,146603,1,,,0,64,,146633,1,,,0,19,,146621,1,,,0,21,,146626,1,,,0,60,,146583,1,,,0,20,,146611,1,,,0,20,,146623,1,,,0,60,,146584,1,,,0,20,,146622,1,,,0,20,,146601,1,,,0,62,,146585,1,,,0,20,,146619,1,,,0,21,,146629,1,,,0,58,,146586,1,,,0,20,,146618,1,,,0,20,,146617,1,,,0,60,,146587,1,,,0,20,,146616,1,,,0,20,,146615,1,,,0,60,,146588,1,,,0,20,,146614,1,,,0,20,,146613,1,,,0,60,,146589,1,,,0,20,,146602,1,,,0,20,,146612,1,,,0,61,,146590,1,,,0,20,,146610,1,,,0,20,,146609,1,,,0,60,,146591,1,,,0,20,,146608,1,,,0,20,,146620,1,,,0,63,,146592,1,,,0,20,,146599,1,,,0,20,,146600,1,,,0,60,,146631,1,,,0,20,,146598,1,,,0,20,,146597,1,,,0,60,,146632,1,,,0,20,,146595,1,,,0,30,,146624,1,,,0,70,,146628,1,,,0,30,,146630,1,,,0,70,,146596,1,,,0,100,,146607,1,,,0,100,,146625,1,,,0,98,,146627,1,,,0
672300,'1_merged_15524980',429,,146823,1,,,0,79,,146824,1,,,0,30,,146825,1,,,0,62,,146826,1,,,0,15,,146827,1,,,0,15,,146828,1,,,0,15,,146829,1,,,0,55,,146830,1,,,0,15,,146831,1,,,0,15,,146832,1,,,0,15,,146833,1,,,0,55,,146834,1,,,0,15,,146835,1,,,0,16,,146836,1,,,0,16,,146837,1,,,0,56,,146838,1,,,0,16,,146839,1,,,0,15,,146840,1,,,0,15,,146841,1,,,0,55,,146842,1,,,0,22,,146843,1,,,0,32,,146844,1,,,0,70,,146845,1,,,0,30,,146846,1,,,0,70,,146847,1,,,0,29,,146848,1,,,0,71,,146849,1,,,0,20,,146850,1,,,0,62,,146851,1,,,0,19,,146852,1,,,0,17,,146853,1,,,0,57,,146854,1,,,0,20,,146855,1,,,0,13,,146856,1,,,0,13,,146857,1,,,0,55,,146858,1,,,0,15,,146859,1,,,0,15,,146860,1,,,0,15,,146861,1,,,0,55,,146862,1,,,0,15,,146863,1,,,0,15,,146864,1,,,0,15,,146865,1,,,0,55,,146866,1,,,0,15,,146867,1,,,0,15,,146868,1,,,0,15,,146869,1,,,0,60,,146880,1,,,0,17,,146870,1,,,0,18,,146871,1,,,0,69,,146879,1,,,0,31,,146872,1,,,0,70,,146878,1,,,0,30,,146873,1,,,0,70,,146877,1,,,0,42,,146874,1,,,0,100,,146875,1,,,0,148,,146876,1,,,0
672300,'2_merged_15524982',632,,146902,1,,,0,100,,146886,1,,,0,70,,146900,1,,,0,30,,146889,1,,,0,70,,146899,1,,,0,30,,146907,1,,,0,71,,146909,1,,,0,30,,146910,1,,,0,70,,146911,1,,,0,30,,146912,1,,,0,70,,146888,1,,,0,30,,146897,1,,,0,70,,146881,1,,,0,30,,146905,1,,,0,70,,146904,1,,,0,30,,146887,1,,,0,70,,146913,1,,,0,30,,146903,1,,,0,70,,146890,1,,,0,31,,146891,1,,,0,70,,146892,1,,,0,30,,146901,1,,,0,70,,146898,1,,,0,30,,146906,1,,,0,70,,146893,1,,,0,30,,146914,1,,,0,70,,146882,1,,,0,30,,146894,1,,,0,70,,146895,1,,,0,30,,146896,1,,,0,70,,146883,1,,,0,100,,146908,1,,,0,102,,146884,1,,,0,40,,146885,1,,,0
672300,'3_merged_15524981',618,,146937,1,,,0,100,,146933,1,,,0,101,,146940,1,,,0,30,,146946,1,,,0,71,,146918,1,,,0,30,,146948,1,,,0,70,,146945,1,,,0,30,,146944,1,,,0,68,,146917,1,,,0,29,,146941,1,,,0,72,,146920,1,,,0,27,,146924,1,,,0,70,,146930,1,,,0,30,,146938,1,,,0,70,,146939,1,,,0,30,,146943,1,,,0,70,,146922,1,,,0,30,,146926,1,,,0,70,,146927,1,,,0,31,,146928,1,,,0,71,,146936,1,,,0,30,,146923,1,,,0,73,,146916,1,,,0,32,,146921,1,,,0,71,,146925,1,,,0,30,,146929,1,,,0,70,,146931,1,,,0,29,,146932,1,,,0,70,,146942,1,,,0,30,,146919,1,,,0,70,,146915,1,,,0,27,,146947,1,,,0,100,,146934,1,,,0,98,,146935,1,,,0
682800,'101_merged_15524987',840,,155116,2,,,0
682800,'1201_merged_15524973',2108,,155117,2,,,0,107,,155118,2,,,0
682800,'1_merged_15524980',800,,155136,2,,,0,120,,155135,2,,,0,80,,155134,2,,,0,37,,155133,2,,,0,83,,155132,2,,,0,80,,155131,2,,,0,40,,155130,2,,,0,80,,155129,2,,,0,80,,155128,2,,,0,40,,155127,2,,,0,80,,155126,2,,,0,85,,155125,2,,,0,39,,155124,2,,,0,78,,155123,2,,,0,80,,155122,2,,,0,38,,155121,2,,,0,90,,155120,2,,,0,70,,155119,2,,,0
682800,'201',840,,155137,2,,,0
682800,'2_merged_15524982',910,,155139,2,,,0,40,,155156,2,,,0,80,,155155,2,,,0,80,,155154,2,,,0,40,,155153,2,,,0,80,,155152,2,,,0,80,,155151,2,,,0,40,,155150,2,,,0,80,,155149,2,,,0,80,,155148,2,,,0,40,,155147,2,,,0,80,,155146,2,,,0,80,,155145,2,,,0,40,,155144,2,,,0,77,,155143,2,,,0,110,,155142,2,,,0,110,,155141,2,,,0,107,,155140,2,,,0,104,,155138,2,,,0
682800,'3_merged_15524981',1110,,155162,2,,,0,40,,155169,2,,,0,80,,155161,2,,,0,80,,155168,2,,,0,40,,155167,2,,,0,80,,155160,2,,,0,80,,155166,2,,,0,40,,155159,2,,,0,80,,155158,2,,,0,80,,155165,2,,,0,40,,155164,2,,,0,80,,155157,2,,,0,80,,155163,2,,,0
