674900,'101_merged_15291802',740,,90976,37,0,62 63 64,0,68,,90977,19,,,0,4,,90976,57,0,62 63 64,0
674900,'1_merged_15291795',553,,91041,37,,,0,53,,91042,37,,,0,17,,91043,37,,,0,17,,91044,37,,,0,19,,91045,37,,,0,54,,91046,37,,,0,17,,91047,37,,,0,75,,91048,37,,,0,43,,90987,37,,,0,68,,91033,37,,,0,29,,91035,37,,,0,67,,91038,37,,,0,33,,91040,37,,,0,70,,91013,37,,,0,29,,91015,37,,,0,72,,91017,37,,,0,32,,91019,37,,,0,70,,91021,37,,,0,30,,91023,37,,,0,68,,91025,37,,,0,99,,91027,37,,,0,15,,91028,37,,,0,15,,91029,37,,,0,13,,91030,37,,,0,57,,91031,37,,,0,15,,90979,37,,,0,16,,90985,37,,,0,63,,91007,37,,,0,6,,90989,37,,,0,21,,90978,37,,,0,5,,91008,37,,,0,62,,91009,37,,,0,7,,91010,37,,,0,15,,91011,37,,,0,16,,91012,37,,,0,7,,90986,37,,,0,59,,90980,37,,,0,9,,90990,37,,,0,16,,90991,37,,,0,15,,91002,37,,,0,56,,91003,37,,,0,13,,91004,37,,,0,30,,91006,37,,,0,55,,90984,37,,,0,15,,90981,37,,,0,28,,90995,37,,,0,70,,90996,37,,,0,28,,90997,37,,,0,70,,90982,37,,,0,29,,90999,37,,,0,70,,90993,37,,,0,25,,90998,37,,,0,70,,90983,37,,,0
674900,'2_merged_15291797',639,,91053,37,,,0,70,,91054,37,,,0,29,,91055,37,,,0,15,,91056,37,,,0,70,,91058,37,,,0,26,,91060,37,,,0,71,,91062,37,,,0,34,,91064,37,,,0,72,,91066,37,,,0,28,,91068,37,,,0,73,,91070,37,,,0,30,,91072,37,,,0,71,,91074,37,,,0,72,,91076,37,,,0,27,,91078,37,,,0,31,,91080,37,,,0,68,,91082,37,,,0,30,,91084,37,,,0,72,,91086,37,,,0,31,,91088,37,,,0,72,,91090,37,,,0,26,,91092,37,,,0,67,,91094,37,,,0,29,,91096,37,,,0,71,,91098,37,,,0,31,,91100,37,,,0,55,,91101,37,,,0,12,,91102,37,,,0,20,,91103,37,,,0,60,,91104,37,,,0,17,,91105,37,,,0,22,,91106,37,,,0,60,,91107,37,,,0,19,,91108,37,,,0,25,,91109,37,,,0,70,,91110,37,,,0,29,,91111,37,,,0,70,,91112,37,,,0,26,,91113,37,,,0,70,,91114,37,,,0,29,,91115,37,,,0,70,,91116,37,,,0
674900,'3_merged_15291796',642,,91147,37,,,0,73,,91146,37,,,0,23,,91152,37,,,0,71,,91151,37,,,0,32,,91162,37,,,0,70,,91160,37,,,0,34,,91158,37,,,0,72,,91181,37,,,0,30,,91156,37,,,0,69,,91154,37,,,0,24,,91150,37,,,0,73,,91148,37,,,0,32,,91122,37,,,0,71,,91120,37,,,0,28,,91118,37,,,0,64,,91179,37,,,0,36,,91177,37,,,0,70,,91175,37,,,0,29,,91172,37,,,0,70,,91170,37,,,0,30,,91168,37,,,0,71,,91166,37,,,0,29,,91164,37,,,0,70,,91145,37,,,0,35,,91143,37,,,0,70,,91141,37,,,0,25,,91139,37,,,0,70,,91137,37,,,0,30,,91134,37,,,0,66,,91132,37,,,0,20,,91131,37,,,0,20,,91130,37,,,0,71,,91129,37,,,0,31,,91128,37,,,0,70,,91127,37,,,0,28,,91126,37,,,0,70,,91125,37,,,0,29,,91124,37,,,0
674900,'701_merged_15291789',1500,,91183,37,,,0
674900,'801_merged_15291807',1455,,91184,37,,,0
680500,'1_merged_15291795',656,,92727,4,,,0,200,,92726,4,,,0,200,,92725,4,,,0,202,,92724,4,,,0,269,,92723,4,,,0,175,,92722,4,,,0,156,,92728,4,,,0
680500,'2_merged_15291797',856,,92731,4,,,0,200,,92732,4,,,0,201,,92733,4,,,0,199,,92734,4,,,0,198,,92729,4,,,0,202,,92730,4,,,0
3182100,'101_merged_15291802',743,,105877,5,,,0,772,,105876,5,,,0,143,,105874,9,,,0
3182100,'1_merged_15291795',507,,105896,5,,,0,30,,105895,5,,,0,70,,105894,5,,,0,31,,105893,5,,,0,70,,105892,5,,,0,22,,105891,5,,,0,74,,105890,5,,,0,50,,105889,5,,,0,85,,105888,5,,,0,85,,105887,5,,,0,86,,105886,5,,,0,44,,105885,5,,,0,85,,105884,5,,,0,85,,105883,5,,,0,87,,105882,5,,,0,41,,105881,5,,,0,76,,105902,5,,,0,12,,105880,5,,,0,81,,105879,5,,,0,106,,105878,9,,,0,30,,105901,9,,,0,80,,105900,9,,,0,90,,105899,9,,,0,82,,105898,5,,,0,47,,105897,5,,,0
3182100,'2_merged_15291797',701,,105921,5,,,0,45,,105920,5,,,0,85,,105919,5,,,0,85,,105918,5,,,0,85,,105917,5,,,0,45,,105916,5,,,0,85,,105915,5,,,0,85,,105914,5,,,0,85,,105913,5,,,0,45,,105912,5,,,0,84,,105911,5,,,0,85,,105922,5,,,0,85,,105910,5,,,0,45,,105909,5,,,0,85,,105908,5,,,0,85,,105907,5,,,0,85,,105906,5,,,0,45,,105905,5,,,0,85,,105904,5,,,0,85,,105903,5,,,0
3182100,'3_merged_15291796',749,,105936,5,,,0,87,,105935,5,,,0,85,,105934,5,,,0,85,,105933,5,,,0,45,,105932,5,,,0,85,,105931,5,,,0,85,,105930,5,,,0,85,,105929,5,,,0,45,,105928,5,,,0,85,,105927,5,,,0,85,,105926,5,,,0,85,,105925,5,,,0,45,,105924,5,,,0,85,,105923,5,,,0,85,,105941,5,,,0,85,,105940,5,,,0,43,,105939,5,,,0,85,,105938,5,,,0,85,,105937,5,,,0
