677600,'1_merged_15288063',612,,91400,17,,,0,30,,91410,17,,,0,68,,91402,17,,,0,30,,91404,17,,,0,71,,91407,17,,,0,29,,91406,17,,,0,98,,91412,17,,,0,104,,91413,17,,,0,98,,91419,17,,,0,100,,91408,17,,,0,100,,91416,17,,,0,100,,91417,17,,,0,72,,91418,17,,,0,30,,91405,17,,,0,70,,91421,17,,,0,29,,91399,17,,,0,71,,91401,17,,,0,30,,91415,17,,,0,70,,91414,17,,,0,28,,91420,17,,,0,99,,91403,17,,,0,100,,91411,17,,,0,99,,91409,17,,,0
677600,'2_merged_15288065',739,,91422,17,,,0,102,,91430,17,,,0,100,,91423,17,,,0,100,,91424,17,,,0,101,,91425,17,,,0,100,,91429,17,,,0,100,,91426,17,,,0,100,,91431,17,,,0,102,,91427,17,,,0,101,,91428,17,,,0,101,,91432,17,,,0,97,,91434,17,,,0,97,,91436,17,,,0,99,,91433,17,,,0,100,,91435,17,,,0
677600,'3_merged_15288064',841,,91446,17,,,0,100,,91445,17,,,0,100,,91447,17,,,0,100,,91450,17,,,0,101,,91437,17,,,0,100,,91448,17,,,0,99,,91438,17,,,0,101,,91440,17,,,0,100,,91439,17,,,0,101,,91443,17,,,0,99,,91441,17,,,0,100,,91442,17,,,0,100,,91449,17,,,0,100,,91444,17,,,0
683801,'1_merged_15288063',2513,,95696,21,,,0,29,,95692,21,,,0,70,,95691,21,,,0,30,,95690,21,,,0,73,,95693,21,,,0,27,,95694,21,,,0,69,,95695,21,,,0,40,,95688,21,,,0,70,,95689,21,,,0
683801,'2_merged_15288065',2543,,95698,21,,,0,77,,95700,21,,,0,21,,95699,21,,,0,60,,95701,21,,,0,23,,95702,21,,,0,20,,95703,21,,,0,60,,95704,21,,,0,27,,95705,21,,,0,70,,95706,21,,,0,29,,95697,21,,,0
683801,'3_merged_15288064',2540,,95708,21,,,0,70,,95707,21,,,0,31,,95709,21,,,0,79,,95710,21,,,0,17,,95711,21,,,0,74,,95712,21,,,0,30,,95713,21,,,0,80,,95714,21,,,0
732201,'1_merged_15288063',633,,96361,13,,,0,72,,96362,13,,,0,28,,96363,13,,,0,70,,96364,13,,,0,31,,96365,13,,,0,70,,96366,13,,,0,98,,96356,13,,,0,104,,96357,13,,,0,98,,96358,13,,,0,100,,96359,13,,,0,100,,96360,13,,,0,100,,96354,13,,,0,34,,96367,13,,,0,70,,96345,13,,,0,30,,96346,13,,,0,67,,96347,13,,,0,31,,96348,13,,,0,70,,96349,13,,,0,29,,96350,13,,,0,67,,96351,13,,,0,98,,96352,13,,,0,101,,96353,13,,,0,57,,96355,13,,,0
732201,'2_merged_15288065',758,,96369,13,,,0,143,,96370,13,,,0,100,,96371,13,,,0,101,,96372,13,,,0,103,,96373,13,,,0,101,,96374,13,,,0,100,,96375,13,,,0,102,,96376,13,,,0,102,,96377,13,,,0,101,,96378,13,,,0,100,,96379,13,,,0,97,,96380,13,,,0,94,,96381,13,,,0,99,,96368,13,,,0,58,,96382,13,,,0
732201,'3_merged_15288064',902,,96390,13,,,0,100,,96385,13,,,0,101,,96386,13,,,0,101,,96387,13,,,0,102,,96388,13,,,0,99,,96389,13,,,0,99,,96383,13,,,0,102,,96391,13,,,0,100,,96392,13,,,0,99,,96393,13,,,0,98,,96394,13,,,0,99,,96395,13,,,0,100,,96396,13,,,0,100,,96384,13,,,0
3780701,'1_merged_15288063',507,,109357,6,,,0,28,,109368,8,,,0,16,,109391,8,,,0,56,,109361,8,,,0,10,,109407,8,,,0,21,,109367,8,,,0,16,,109317,8,,,0,56,,109337,8,,,0,7,,109387,8,,,0,7,,109356,8,,,0,6,,109400,8,,,0,6,,109362,8,,,0,7,,109409,8,,,0,7,,109307,8,,,0,5,,109332,8,,,0,45,,109417,8,,,0,5,,109306,8,,,0,5,,109390,8,,,0,7,,109331,8,,,0,6,,109413,8,,,0,9,,109305,8,,,0,6,,109410,8,,,0,7,,109304,8,,,0,6,,109330,8,,,0,50,,109396,8,,,0,5,,109303,8,,,0,8,,109365,8,,,0,6,,109364,8,,,0,8,,109339,8,,,0,12,,109302,8,,,0,12,,109384,8,,,0,52,,109338,8,,,0,12,,109385,8,,,0,7,,109366,8,,,0,16,,109386,8,,,0,15,,109301,8,,,0,55,,109300,8,,,0,15,,109299,8,,,0,15,,109382,8,,,0,15,,109298,8,,,0,55,,109297,8,,,0,15,,109381,8,,,0,15,,109380,8,,,0,15,,109383,8,,,0,55,,109379,8,,,0,15,,109377,8,,,0,15,,109314,8,,,0,14,,109378,8,,,0,56,,109313,8,,,0,14,,109401,8,,,0,13,,109376,8,,,0,12,,109311,8,,,0,56,,109375,8,,,0,8,,109312,8,,,0,13,,109310,8,,,0,11,,109349,8,,,0,3,,109405,8,,,0,9,,109374,8,,,0,7,,109347,8,,,0,50,,109348,8,,,0,7,,109346,8,,,0,6,,109373,8,,,0,11,,109345,8,,,0,7,,109329,8,,,0,8,,109344,8,,,0,8,,109372,8,,,0,6,,109388,8,,,0,50,,109325,8,,,0,6,,109343,8,,,0,8,,109371,8,,,0,6,,109370,8,,,0,5,,109342,8,,,0,9,,109328,8,,,0,8,,109341,8,,,0,8,,109389,8,,,0,48,,109369,8,,,0,7,,109340,8,,,0,7,,109327,8,,,0,11,,109326,8,,,0,13,,109359,8,,,0,15,,109315,8,,,0,54,,109324,8,,,0,16,,109336,8,,,0,13,,109351,8,,,0,14,,109316,8,,,0,57,,109323,8,,,0,15,,109335,8,,,0,15,,109322,8,,,0,16,,109321,8,,,0,54,,109320,8,,,0,13,,109319,8,,,0,15,,109334,8,,,0,15,,109318,8,,,0,55,,109309,8,,,0,15,,109355,8,,,0,15,,109354,8,,,0,15,,109350,8,,,0,55,,109353,8,,,0,14,,109352,8,,,0,17,,109333,8,,,0,60,,109308,8,,,0,18,,109360,8,,,0,20,,109358,8,,,0,60,,109363,8,,,0
3780701,'2_merged_15288065',523,,109429,8,,,0,84,,109424,6,,,0,16,,109452,8,,,0,27,,109451,8,,,0,68,,109425,8,,,0,17,,109420,8,,,0,16,,109426,8,,,0,56,,109422,8,,,0,13,,109421,8,,,0,15,,109434,8,,,0,19,,109423,8,,,0,54,,109455,8,,,0,16,,109456,8,,,0,15,,109457,8,,,0,15,,109458,8,,,0,55,,109459,8,,,0,16,,109463,8,,,0,15,,109460,8,,,0,16,,109461,8,,,0,55,,109462,8,,,0,13,,109464,8,,,0,15,,109465,8,,,0,16,,109466,8,,,0,55,,109467,8,,,0,15,,109468,8,,,0,15,,109469,8,,,0,15,,109470,8,,,0,55,,109471,8,,,0,15,,109472,8,,,0,14,,109473,8,,,0,15,,109474,8,,,0,55,,109475,8,,,0,18,,109476,8,,,0,15,,109477,8,,,0,15,,109478,8,,,0,55,,109479,8,,,0,14,,109480,8,,,0,16,,109481,8,,,0,14,,109482,8,,,0,55,,109484,8,,,0,15,,109485,8,,,0,12,,109486,8,,,0,12,,109487,8,,,0,52,,109488,8,,,0,12,,109489,8,,,0,11,,109490,8,,,0,12,,109491,8,,,0,12,,109492,8,,,0,52,,109493,8,,,0,12,,109494,8,,,0,11,,109495,8,,,0,12,,109496,8,,,0,12,,109497,8,,,0,52,,109498,8,,,0,12,,109499,8,,,0,12,,109500,8,,,0,12,,109442,8,,,0,12,,109448,8,,,0,52,,109441,8,,,0,12,,109440,8,,,0,11,,109439,8,,,0,12,,109438,8,,,0,12,,109447,8,,,0,12,,109436,8,,,0,52,,109437,8,,,0,11,,109453,8,,,0,12,,109433,8,,,0,12,,109446,8,,,0,12,,109435,8,,,0,52,,109501,8,,,0,12,,109450,8,,,0,15,,109428,8,,,0,15,,109432,8,,,0,56,,109445,8,,,0,14,,109449,8,,,0,20,,109430,8,,,0,16,,109444,8,,,0,57,,109427,8,,,0,16,,109431,8,,,0,17,,109419,8,,,0,58,,109443,8,,,0,17,,109454,8,,,0
3780701,'3_merged_15288064',526,,109552,8,,,0,78,,109538,6,,,0,15,,109583,8,,,0,33,,109582,8,,,0,62,,109539,8,,,0,17,,109521,8,,,0,15,,109541,8,,,0,13,,109535,8,,,0,55,,109531,8,,,0,16,,109556,8,,,0,15,,109536,8,,,0,55,,109543,8,,,0,16,,109545,8,,,0,15,,109585,8,,,0,15,,109516,8,,,0,56,,109558,8,,,0,14,,109557,8,,,0,17,,109518,8,,,0,15,,109530,8,,,0,54,,109515,8,,,0,15,,109532,8,,,0,15,,109517,8,,,0,16,,109534,8,,,0,54,,109524,8,,,0,14,,109522,8,,,0,12,,109546,8,,,0,14,,109551,8,,,0,15,,109547,8,,,0,55,,109527,8,,,0,16,,109537,8,,,0,15,,109529,8,,,0,57,,109540,8,,,0,15,,109526,8,,,0,14,,109550,8,,,0,15,,109528,8,,,0,15,,109525,8,,,0,54,,109523,8,,,0,13,,109519,8,,,0,19,,109548,8,,,0,55,,109514,8,,,0,13,,109513,8,,,0,14,,109512,8,,,0,17,,109511,8,,,0,9,,109510,8,,,0,52,,109508,8,,,0,12,,109507,8,,,0,12,,109509,8,,,0,12,,109580,8,,,0,12,,109573,8,,,0,53,,109572,8,,,0,12,,109571,8,,,0,10,,109570,8,,,0,12,,109575,8,,,0,11,,109569,8,,,0,52,,109568,8,,,0,11,,109567,8,,,0,15,,109542,8,,,0,15,,109566,8,,,0,15,,109579,8,,,0,55,,109565,8,,,0,14,,109564,8,,,0,15,,109563,8,,,0,14,,109562,8,,,0,55,,109578,8,,,0,16,,109560,8,,,0,15,,109561,8,,,0,15,,109584,8,,,0,54,,109555,8,,,0,15,,109577,8,,,0,15,,109559,8,,,0,15,,109581,8,,,0,55,,109544,8,,,0,13,,109554,8,,,0,15,,109576,8,,,0,15,,109549,8,,,0,59,,109533,8,,,0,21,,109553,8,,,0,20,,109520,8,,,0,60,,109574,8,,,0
