667201,'101_merged_15288070',1614,,77038,25,,,0
667201,'1_merged_15288063',551,,77059,25,,,0,72,,77050,25,,,0,17,,77058,25,,,0,15,,77045,25,,,0,55,,77055,25,,,0,9,,77082,25,,,0,10,,77078,25,,,0,10,,77074,25,,,0,13,,77071,25,,,0,53,,77076,25,,,0,14,,77077,25,,,0,14,,77073,25,,,0,15,,77043,25,,,0,57,,77041,25,,,0,10,,77070,25,,,0,11,,77040,25,,,0,14,,77068,25,,,0,60,,77047,25,,,0,25,,77042,25,,,0,30,,77044,25,,,0,70,,77064,25,,,0,29,,77072,25,,,0,69,,77067,25,,,0,29,,77054,25,,,0,66,,77053,25,,,0,38,,77052,25,,,0,70,,77046,25,,,0,28,,77051,25,,,0,74,,77048,25,,,0,28,,77081,25,,,0,50,,77080,25,,,0,29,,77079,25,,,0,15,,77060,25,,,0,61,,77066,25,,,0,12,,77065,25,,,0,20,,77069,25,,,0,57,,77057,25,,,0,14,,77063,25,,,0,16,,77062,25,,,0,13,,77061,25,,,0,59,,77056,25,,,0,31,,77075,25,,,0
667201,'2_merged_15288065',625,,77088,2,,,0,29,,77093,25,,,0,71,,77092,25,,,0,30,,77087,25,,,0,70,,77090,25,,,0,30,,77085,25,,,0,70,,77096,25,,,0,30,,77083,25,,,0,70,,77100,25,,,0,30,,77099,25,,,0,69,,77095,25,,,0,28,,77106,25,,,0,73,,77094,25,,,0,31,,77105,25,,,0,71,,77098,25,,,0,30,,77089,25,,,0,59,,77104,25,,,0,20,,77110,25,,,0,20,,77111,25,,,0,61,,77112,25,,,0,20,,77086,25,,,0,20,,77103,25,,,0,62,,77097,25,,,0,19,,77107,25,,,0,20,,77108,25,,,0,60,,77109,25,,,0,21,,77102,25,,,0,18,,77084,25,,,0,61,,77113,25,,,0,20,,77091,25,,,0,20,,77114,25,,,0,60,,77101,25,,,0,17,,77115,25,,,0
667201,'3_merged_15288064',654,,77117,2,,,0,70,,77141,25,,,0,30,,77140,25,,,0,70,,77121,25,,,0,30,,77123,25,,,0,70,,77134,25,,,0,30,,77124,25,,,0,70,,77130,25,,,0,30,,77126,25,,,0,71,,77133,25,,,0,29,,77128,25,,,0,71,,77119,25,,,0,30,,77129,25,,,0,70,,77137,25,,,0,30,,77127,25,,,0,71,,77122,25,,,0,30,,77118,25,,,0,70,,77136,25,,,0,30,,77135,25,,,0,70,,77131,25,,,0,29,,77139,25,,,0,71,,77132,25,,,0,29,,77120,25,,,0,70,,77125,25,,,0,30,,77138,25,,,0,70,,77116,25,,,0
667301,'1_merged_15288063',657,,77272,30,,,0,49,,77286,30,,,0,9,,77298,30,,,0,15,,77304,30,,,0,12,,77292,30,,,0,59,,77263,30,,,0,21,,77285,30,,,0,18,,77281,30,,,0,68,,77302,30,,,0,37,,77303,30,,,0,10,,77267,30,,,0,66,,77266,30,,,0,23,,77265,30,,,0,67,,77289,30,,,0,30,,77290,30,,,0,72,,77288,30,,,0,28,,77279,30,,,0,68,,77287,30,,,0,32,,77291,30,,,0,71,,77271,30,,,0,32,,77276,30,,,0,64,,77268,30,,,0,40,,77293,30,,,0,63,,77299,30,,,0,26,,77284,30,,,0,74,,77277,30,,,0,35,,77295,30,,,0,9,,77264,30,,,0,64,,77300,30,,,0
667301,'2_merged_15288065',938,,77310,30,,,0,69,,77311,30,,,0,35,,77312,30,,,0,71,,77335,30,,,0,25,,77313,30,,,0,70,,77331,30,,,0,36,,77314,30,,,0,73,,77315,30,,,0,24,,77337,30,,,0,72,,77332,30,,,0,31,,77316,30,,,0,71,,77336,30,,,0,33,,77317,30,,,0,76,,77333,30,,,0,26,,77318,30,,,0,72,,77319,30,,,0,29,,77320,30,,,0
667301,'3_merged_15288064',939,,77358,30,,,0,75,,77362,30,,,0,29,,77344,30,,,0,71,,77363,30,,,0,26,,77345,30,,,0,73,,77364,30,,,0,29,,77346,30,,,0,71,,77365,30,,,0,31,,77347,30,,,0,72,,77366,30,,,0,29,,77348,30,,,0,72,,77367,30,,,0,31,,77349,30,,,0,70,,77368,30,,,0,30,,77350,30,,,0,70,,77359,30,,,0
667501,'1_merged_15288063',717,,77681,15,,,0,23,,77683,15,,,0,72,,77692,15,,,0,24,,77688,15,,,0,68,,77693,15,,,0
1671701,'1_merged_15288063',1957,,98157,25,,,0,69,,98156,25,,,0,26,,98155,25,,,0,70,,98168,25,,,0,30,,98167,25,,,0,70,,98166,25,,,0,30,,98165,25,,,0,66,,98164,25,,,0,34,,98163,25,,,0,70,,98162,25,,,0,118,,98159,2,,,0
1671701,'2_merged_15288065',1949,,98171,25,,,0,69,,98170,25,,,0,29,,98169,25,,,0,70,,98181,25,,,0,31,,98180,25,,,0,70,,98179,25,,,0,30,,98178,25,,,0,70,,98177,25,,,0,30,,98176,25,,,0,69,,98175,25,,,0,130,,98172,2,,,0
1671701,'3_merged_15288064',1952,,98183,25,,,0,70,,98196,25,,,0,30,,98195,25,,,0,70,,98194,25,,,0,30,,98193,25,,,0,69,,98192,25,,,0,28,,98191,25,,,0,70,,98190,25,,,0,30,,98189,25,,,0,70,,98188,25,,,0,113,,98184,2,,,0,27,,98185,25,,,0
