666401,'1_merged_15288063',614,,75767,45,,,0,33,,75768,45,,,0,68,,75750,45,,,0,34,,75783,45,,,0,75,,75751,45,,,0,28,,75752,45,,,0,74,,75753,45,,,0,26,,75754,45,,,0,68,,75756,45,,,0,30,,75757,45,,,0,70,,75758,45,,,0,31,,75759,45,,,0,70,,75761,45,,,0,31,,75760,45,,,0,70,,75755,45,,,0,30,,75762,45,,,0,70,,75763,45,,,0,31,,75769,45,,,0,70,,75770,45,,,0,30,,75773,45,,,0,70,,75771,45,,,0,30,,75772,45,,,0,70,,75764,45,,,0,29,,75774,45,,,0,70,,75775,45,,,0,32,,75776,45,,,0,73,,75777,45,,,0,29,,75778,45,,,0,73,,75779,45,,,0,24,,75780,45,,,0,86,,75786,45,,,0,80,,75765,45,,,0,40,,75785,45,,,0,79,,75766,45,,,0,80,,75781,45,,,0,40,,75784,45,,,0,80,,75782,45,,,0
666401,'2_merged_15288065',551,,75787,45,,,0,70,,75788,45,,,0,30,,75789,45,,,0,72,,75790,45,,,0,32,,75791,45,,,0,72,,75792,45,,,0,30,,75793,45,,,0,70,,75794,45,,,0,32,,75795,45,,,0,70,,75796,45,,,0,30,,75797,45,,,0,69,,75798,45,,,0,29,,75799,45,,,0,70,,75800,45,,,0,32,,75801,45,,,0,70,,75802,45,,,0,30,,75803,45,,,0,70,,75804,45,,,0,30,,75805,45,,,0,71,,75806,45,,,0,72,,75807,45,,,0,29,,75808,45,,,0,28,,75809,45,,,0,70,,75810,45,,,0,30,,75811,45,,,0,70,,75812,45,,,0,71,,75813,45,,,0,29,,75814,45,,,0,28,,75815,45,,,0,69,,75816,45,,,0,30,,75817,45,,,0,100,,75818,45,,,0,98,,75819,45,,,0,100,,75820,45,,,0,185,,75821,45,,,0
666401,'3_merged_15288064',657,,75829,45,,,0,100,,75830,45,,,0,143,,75831,45,,,0,46,,75832,45,,,0,101,,75833,45,,,0,100,,75834,45,,,0,68,,75847,45,,,0,32,,75835,45,,,0,70,,75841,45,,,0,32,,75836,45,,,0,69,,75842,45,,,0,32,,75837,45,,,0,65,,75843,45,,,0,35,,75838,45,,,0,67,,75844,45,,,0,33,,75828,45,,,0,67,,75845,45,,,0,33,,75839,45,,,0,67,,75846,45,,,0,32,,75840,45,,,0,98,,75825,45,,,0,100,,75822,45,,,0,98,,75827,45,,,0,101,,75823,45,,,0,175,,75824,45,,,0,115,,75826,45,,,0
684101,'1_merged_15288063',353,,95798,28,,,0,69,,95797,28,,,0,12,,95796,28,,,0,2005,,95800,28,,,0,70,,95794,28,,,0,35,,95793,28,,,0,70,,95792,28,,,0,30,,95795,28,,,0,75,,95799,28,,,0
684101,'2_merged_15288065',349,,95801,28,,,0,70,,95806,28,,,0,31,,95807,28,,,0,68,,95808,28,,,0,28,,95805,28,,,0,1890,,95810,28,,,0,75,,95802,28,,,0,37,,95809,28,,,0,61,,95803,28,,,0,29,,95804,28,,,0,78,,95811,28,,,0
684101,'3_merged_15288064',350,,95820,28,,,0,70,,95822,28,,,0,28,,95819,28,,,0,70,,95818,28,,,0,15,,95825,28,,,0,15,,95815,28,,,0,55,,95826,28,,,0,16,,95817,28,,,0,1789,,95823,28,,,0,34,,95824,28,,,0,70,,95812,28,,,0,27,,95813,28,,,0,70,,95814,28,,,0,38,,95816,28,,,0,70,,95821,28,,,0
3004301,'101_merged_15288070',1533,,102503,22,,,0
3004301,'1_merged_15288063',500,,102546,27,,,0,19,,102545,27,,,0,20,,102544,27,,,0,61,,102543,27,,,0,18,,102558,27,,,0,17,,102557,27,,,0,14,,102556,27,,,0,54,,102555,27,,,0,19,,102554,27,,,0,19,,102553,27,,,0,13,,102552,27,,,0,56,,102551,27,,,0,17,,102550,27,,,0,17,,102549,27,,,0,15,,102548,27,,,0,57,,102547,27,,,0,15,,102524,27,,,0,14,,102523,27,,,0,14,,102568,27,,,0,59,,102522,27,,,0,12,,102567,27,,,0,15,,102521,27,,,0,55,,102566,27,,,0,15,,102520,27,,,0,16,,102565,27,,,0,15,,102519,27,,,0,55,,102564,27,,,0,15,,102518,27,,,0,15,,102563,27,,,0,15,,102505,27,,,0,55,,102562,27,,,0,15,,102517,27,,,0,15,,102561,27,,,0,15,,102516,27,,,0,55,,102560,27,,,0,15,,102542,27,,,0,15,,102559,27,,,0,25,,102541,27,,,0,67,,102540,27,,,0,18,,102539,27,,,0,16,,102538,27,,,0,53,,102537,27,,,0,16,,102536,27,,,0,16,,102535,27,,,0,15,,102534,27,,,0,54,,102533,27,,,0,15,,102532,27,,,0,19,,102531,27,,,0,10,,102530,27,,,0,55,,102529,27,,,0,14,,102528,27,,,0,15,,102527,27,,,0,17,,102526,27,,,0,53,,102525,27,,,0,12,,102515,27,,,0,19,,102514,27,,,0,60,,102569,27,,,0,19,,102513,27,,,0,20,,102512,27,,,0,20,,102570,27,,,0,59,,102511,27,,,0,30,,102510,27,,,0,70,,102504,27,,,0,30,,102509,27,,,0,70,,102508,27,,,0,30,,102507,27,,,0,70,,102506,27,,,0
3004301,'2_merged_15288065',621,,102572,27,,,0,30,,102603,27,,,0,72,,102602,27,,,0,30,,102601,27,,,0,71,,102600,27,,,0,30,,102599,27,,,0,70,,102598,27,,,0,32,,102597,27,,,0,71,,102596,27,,,0,18,,102595,27,,,0,61,,102605,27,,,0,21,,102594,27,,,0,19,,102593,27,,,0,59,,102606,27,,,0,20,,102592,27,,,0,20,,102591,27,,,0,61,,102607,27,,,0,20,,102590,27,,,0,20,,102589,27,,,0,60,,102608,27,,,0,20,,102588,27,,,0,20,,102587,27,,,0,60,,102609,27,,,0,19,,102586,27,,,0,20,,102585,27,,,0,60,,102610,27,,,0,20,,102584,27,,,0,20,,102583,27,,,0,60,,102611,27,,,0,15,,102571,27,,,0,25,,102582,27,,,0,59,,102612,27,,,0,14,,102581,27,,,0,36,,102580,27,,,0,65,,102579,27,,,0,35,,102578,27,,,0,70,,102577,27,,,0,30,,102576,27,,,0,70,,102575,27,,,0,30,,102604,27,,,0,69,,102574,27,,,0,24,,102613,27,,,0,76,,102573,27,,,0
3004301,'3_merged_15288064',723,,102640,27,,,0,30,,102639,27,,,0,71,,102638,27,,,0,30,,102637,27,,,0,69,,102636,27,,,0,31,,102635,27,,,0,71,,102634,27,,,0,20,,102641,27,,,0,60,,102633,27,,,0,22,,102632,27,,,0,19,,102642,27,,,0,55,,102631,27,,,0,22,,102630,27,,,0,20,,102643,27,,,0,61,,102629,27,,,0,20,,102628,27,,,0,20,,102644,27,,,0,60,,102627,27,,,0,18,,102626,27,,,0,20,,102645,27,,,0,59,,102625,27,,,0,20,,102624,27,,,0,21,,102646,27,,,0,60,,102622,27,,,0,20,,102621,27,,,0,20,,102647,27,,,0,59,,102620,27,,,0,20,,102619,27,,,0,24,,102648,27,,,0,60,,102618,27,,,0,30,,102617,27,,,0,70,,102651,27,,,0,30,,102652,27,,,0,70,,102623,27,,,0,28,,102616,27,,,0,20,,102615,27,,,0,79,,102614,27,,,0,70,,102649,27,,,0,30,,102654,27,,,0,70,,102650,27,,,0,29,,102653,27,,,0
