673700,'101_merged_15524987',810,,148923,22,,,0,736,,148925,22,,,0,96,,148924,22,,,0
673700,'1_merged_15524980',516,,148968,22,,,0,34,,148926,22,,,0,61,,148965,22,,,0,20,,148977,22,,,0,20,,148978,22,,,0,59,,148979,22,,,0,12,,148966,22,,,0,11,,148967,22,,,0,12,,148975,22,,,0,11,,148976,22,,,0,75,,148944,22,,,0,25,,148927,22,,,0,60,,148951,22,,,0,20,,148952,22,,,0,70,,148953,22,,,0,30,,148954,22,,,0,69,,148955,22,,,0,28,,148956,22,,,0,68,,148957,22,,,0,30,,148958,22,,,0,70,,148959,22,,,0,27,,148960,22,,,0,20,,148961,22,,,0,60,,148962,22,,,0,18,,148963,22,,,0,15,,148964,22,,,0,9,,148928,22,,,0,7,,148980,22,,,0,49,,148946,22,,,0,9,,148947,22,,,0,15,,148948,22,,,0,19,,148949,22,,,0,10,,148950,22,,,0,50,,148941,22,,,0,11,,148942,22,,,0,10,,148943,22,,,0,26,,148929,22,,,0,55,,148945,22,,,0,18,,148930,22,,,0,15,,148969,22,,,0,59,,148970,22,,,0,16,,148971,22,,,0,16,,148972,22,,,0,15,,148973,22,,,0,55,,148931,22,,,0,28,,148932,22,,,0,70,,148933,22,,,0,31,,148934,22,,,0,70,,148974,22,,,0,31,,148935,22,,,0,69,,148936,22,,,0,31,,148937,22,,,0,68,,148938,22,,,0,41,,148939,22,,,0,95,,148940,22,,,0
673700,'201',810,,148981,22,,,0,736,,148983,22,,,0,96,,148982,22,,,0
673700,'2_merged_15524982',620,,148984,22,,,0,28,,148985,22,,,0,64,,148986,22,,,0,24,,148987,22,,,0,64,,148988,22,,,0,21,,148989,22,,,0,20,,148990,22,,,0,60,,148991,22,,,0,20,,148992,22,,,0,20,,148993,22,,,0,60,,148994,22,,,0,20,,148995,22,,,0,20,,148996,22,,,0,59,,148997,22,,,0,20,,148998,22,,,0,20,,148999,22,,,0,60,,149000,22,,,0,22,,149001,22,,,0,20,,149002,22,,,0,60,,149003,22,,,0,20,,149004,22,,,0,19,,149005,22,,,0,60,,149006,22,,,0,20,,149007,22,,,0,20,,149008,22,,,0,60,,149009,22,,,0,20,,149010,22,,,0,20,,149011,22,,,0,59,,149012,22,,,0,20,,149013,22,,,0,21,,149014,22,,,0,15,,149015,22,,,0,53,,149032,22,,,0,14,,149016,22,,,0,17,,149017,22,,,0,14,,149018,22,,,0,55,,149033,22,,,0,16,,149019,22,,,0,15,,149020,22,,,0,60,,149021,22,,,0,22,,149022,22,,,0,19,,149023,22,,,0,59,,149024,22,,,0,19,,149025,22,,,0,30,,149026,22,,,0,70,,149027,22,,,0,32,,149028,22,,,0,70,,149029,22,,,0,30,,149034,22,,,0,76,,149030,22,,,0,112,,149031,22,,,0
673700,'3_merged_15524981',605,,149040,22,,,0,34,,149039,22,,,0,73,,149038,22,,,0,33,,149037,22,,,0,72,,149061,22,,,0,32,,149041,22,,,0,71,,149035,22,,,0,30,,149042,22,,,0,71,,149059,22,,,0,30,,149045,22,,,0,68,,149052,22,,,0,28,,149051,22,,,0,69,,149043,22,,,0,29,,149050,22,,,0,69,,149054,22,,,0,30,,149049,22,,,0,61,,149060,22,,,0,20,,149075,22,,,0,20,,149048,22,,,0,70,,149058,22,,,0,30,,149047,22,,,0,70,,149057,22,,,0,30,,149046,22,,,0,60,,149056,22,,,0,19,,149067,22,,,0,20,,149044,22,,,0,59,,149068,22,,,0,18,,149055,22,,,0,21,,149069,22,,,0,61,,149072,22,,,0,20,,149063,22,,,0,21,,149070,22,,,0,61,,149073,22,,,0,21,,149062,22,,,0,20,,149071,22,,,0,60,,149074,22,,,0,20,,149064,22,,,0,19,,149065,22,,,0,70,,149053,22,,,0,31,,149066,22,,,0,75,,149036,22,,,0
1169301,'1_merged_15524980',535,,157655,4,,,0,23,,157654,4,,,0,72,,157653,4,,,0,28,,157652,4,,,0,68,,157651,4,,,0,29,,157650,4,,,0,69,,157665,4,,,0,32,,157649,4,,,0,71,,157663,4,,,0,31,,157666,4,,,0,70,,157667,4,,,0,30,,157668,4,,,0,70,,157669,4,,,0,30,,157670,4,,,0,70,,157671,4,,,0,30,,157672,4,,,0,70,,157673,4,,,0,29,,157674,4,,,0,73,,157675,4,,,0,29,,157662,4,,,0,72,,157661,4,,,0,70,,157664,4,,,0,33,,157660,4,,,0,70,,157659,4,,,0,30,,157658,4,,,0,67,,157657,4,,,0,38,,157656,4,,,0,69,,157676,4,,,0,31,,157677,4,,,0,70,,157678,4,,,0,30,,157679,4,,,0,70,,157680,4,,,0
1294000,'101_merged_15524987',1632,,157878,20,,,0
1294000,'1_merged_15524980',452,,157879,20,0,62 103 8,0,72,,157880,20,,,0,30,,157881,20,,,0,71,,157882,20,,,0,31,,157883,20,,,0,74,,157884,20,,,0,73,,157885,20,,,0,33,,157886,20,0,62 103 8,0,71,,157887,20,0,62 103 8,0,30,,157888,20,0,62 103 8,0,70,,157889,20,0,62 103 8,0,30,,157890,20,0,62 103 8,0,73,,157891,20,0,62 103 8,0,30,,157892,20,0,62 103 8,0,70,,157893,20,0,62 103 8,0,30,,157894,20,0,62 103 8,0,70,,157895,20,0,62 103 8,0,30,,157896,20,0,62 103 8,0,67,,157897,20,0,62 103 8,0,27,,157898,20,0,62 103 8,0,71,,157899,20,0,62 103 8,0,32,,157913,20,0,62 103 8,0,68,,157914,20,,,0,53,,157900,20,,,0,66,,157901,20,,,0,27,,157902,20,,,0,66,,157903,20,,,0,28,,157904,20,,,0,69,,157905,20,0,62 103 8,0,30,,157906,20,0,62 103 8,0,69,,157907,20,0,62 103 8,0,29,,157908,20,0,62 103 8,0,73,,157909,20,0,62 103 8,0,34,,157910,20,0,62 103 8,0,100,,157911,20,0,62 103 8,0,100,,157912,20,0,62 103 8,0
1294000,'201',1632,,157915,20,,,0
1294000,'2_merged_15524982',621,,157945,20,0,62 103 8,0,30,,157933,20,0,62 103 8,0,70,,157934,20,0,62 103 8,0,30,,157935,20,0,62 103 8,0,73,,157936,20,0,62 103 8,0,32,,157937,20,0,62 103 8,0,71,,157938,20,0,62 103 8,0,31,,157939,20,0,62 103 8,0,71,,157940,20,0,62 103 8,0,30,,157941,20,0,62 103 8,0,70,,157942,20,0,62 103 8,0,30,,157943,20,0,62 103 8,0,70,,157944,20,0,62 103 8,0,30,,157922,20,0,62 103 8,0,70,,157923,20,0,62 103 8,0,30,,157924,20,0,62 103 8,0,71,,157925,20,0,62 103 8,0,70,,157926,20,0,62 103 8,0,30,,157927,20,0,62 103 8,0,70,,157928,20,0,62 103 8,0,29,,157929,20,0,62 103 8,0,30,,157930,20,0,62 103 8,0,70,,157920,20,0,62 103 8,0,30,,157921,20,0,62 103 8,0,70,,157931,20,0,62 103 8,0,30,,157916,20,0,62 103 8,0,70,,157917,20,0,62 103 8,0,30,,157918,20,0,62 103 8,0,68,,157919,20,0,62 103 8,0,30,,157932,20,0,62 103 8,0,96,,157946,20,0,62 103 8,0,100,,157947,20,0,62 103 8,0,147,,157948,20,0,62 103 8,0
1294000,'3_merged_15524981',628,,157952,20,0,62 103 8,0,74,,157953,20,0,62 103 8,0,31,,157978,20,0,62 103 8,0,71,,157954,20,0,62 103 8,0,31,,157955,20,0,62 103 8,0,70,,157956,20,0,62 103 8,0,30,,157957,20,0,62 103 8,0,71,,157958,20,0,62 103 8,0,30,,157959,20,0,62 103 8,0,70,,157949,20,0,62 103 8,0,31,,157960,20,0,62 103 8,0,70,,157961,20,0,62 103 8,0,30,,157962,20,0,62 103 8,0,70,,157963,20,0,62 103 8,0,30,,157964,20,0,62 103 8,0,70,,157965,20,0,62 103 8,0,30,,157950,20,0,62 103 8,0,70,,157966,20,0,62 103 8,0,30,,157967,20,0,62 103 8,0,69,,157968,20,0,62 103 8,0,30,,157969,20,0,62 103 8,0,70,,157970,20,0,62 103 8,0,31,,157971,20,0,62 103 8,0,71,,157972,20,0,62 103 8,0,31,,157973,20,0,62 103 8,0,71,,157974,20,0,62 103 8,0,31,,157975,20,0,62 103 8,0,71,,157976,20,0,62 103 8,0,30,,157977,20,0,62 103 8,0,71,,157951,20,0,62 103 8,0,102,,157979,20,0,62 103 8,0,97,,157980,20,0,62 103 8,0,100,,157981,20,0,62 103 8,0
