667700,'101_merged_15524987',1551,,137782,1,,,0
667700,'1101_merged_15524991',2505,,137783,1,,,0
667700,'1201_merged_15524973',2505,,137784,1,,,0
667700,'1_merged_15524980',602,,137822,1,,,0,29,,137795,1,,,0,71,,137803,1,,,0,28,,137810,1,,,0,72,,137820,1,,,0,28,,137806,1,,,0,78,,137790,1,,,0,23,,137828,1,,,0,88,,137789,1,,,0,31,,137797,1,,,0,68,,137804,1,,,0,30,,137802,1,,,0,70,,137801,1,,,0,30,,137811,1,,,0,71,,137788,1,,,0,29,,137826,1,,,0,53,,137791,1,,,0,31,,137792,1,,,0,26,,137785,1,,,0,59,,137816,1,,,0,15,,137796,1,,,0,68,,137799,1,,,0,21,,137807,1,,,0,12,,137800,1,,,0,18,,137817,1,,,0,54,,137812,1,,,0,19,,137823,1,,,0,20,,137827,1,,,0,13,,137813,1,,,0,56,,137824,1,,,0,12,,137821,1,,,0,14,,137814,1,,,0,13,,137794,1,,,0,52,,137815,1,,,0,14,,137809,1,,,0,16,,137829,1,,,0,17,,137805,1,,,0,57,,137787,1,,,0,15,,137825,1,,,0,14,,137786,1,,,0,68,,137818,1,,,0,27,,137808,1,,,0,70,,137798,1,,,0,30,,137831,1,,,0,70,,137819,1,,,0,30,,137830,1,,,0,70,,137793,1,,,0
667700,'201',1551,,137832,1,,,0
667700,'2_merged_15524982',636,,137860,1,,,0,66,,137861,1,,,0,30,,137840,1,,,0,70,,137868,1,,,0,30,,137869,1,,,0,70,,137836,1,,,0,30,,137866,1,,,0,70,,137843,1,,,0,31,,137874,1,,,0,70,,137838,1,,,0,28,,137873,1,,,0,71,,137875,1,,,0,30,,137841,1,,,0,70,,137839,1,,,0,33,,137878,1,,,0,16,,137849,1,,,0,60,,137876,1,,,0,22,,137834,1,,,0,19,,137859,1,,,0,59,,137865,1,,,0,21,,137864,1,,,0,19,,137858,1,,,0,60,,137835,1,,,0,21,,137842,1,,,0,19,,137857,1,,,0,65,,137877,1,,,0,19,,137844,1,,,0,20,,137856,1,,,0,62,,137870,1,,,0,21,,137867,1,,,0,64,,137855,1,,,0,16,,137848,1,,,0,15,,137845,1,,,0,15,,137863,1,,,0,56,,137854,1,,,0,30,,137871,1,,,0,70,,137862,1,,,0,30,,137846,1,,,0,70,,137851,1,,,0,30,,137850,1,,,0,70,,137872,1,,,0,30,,137853,1,,,0,70,,137837,1,,,0,32,,137852,1,,,0,66,,137847,1,,,0,36,,137833,1,,,0
667700,'3_merged_15524981',804,,137896,1,,,0,30,,137890,1,,,0,70,,137899,1,,,0,29,,137889,1,,,0,69,,137897,1,,,0,30,,137888,1,,,0,68,,137898,1,,,0,31,,137879,1,,,0,70,,137900,1,,,0,30,,137887,1,,,0,71,,137883,1,,,0,30,,137895,1,,,0,71,,137902,1,,,0,28,,137894,1,,,0,16,,137916,1,,,0,69,,137903,1,,,0,16,,137893,1,,,0,15,,137915,1,,,0,70,,137906,1,,,0,16,,137892,1,,,0,15,,137914,1,,,0,71,,137904,1,,,0,14,,137891,1,,,0,17,,137913,1,,,0,70,,137901,1,,,0,14,,137886,1,,,0,17,,137912,1,,,0,68,,137881,1,,,0,15,,137885,1,,,0,18,,137911,1,,,0,65,,137880,1,,,0,17,,137884,1,,,0,69,,137882,1,,,0,30,,137910,1,,,0,72,,137907,1,,,0,30,,137909,1,,,0,70,,137905,1,,,0,34,,137908,1,,,0
683701,'1_merged_15524980',2502,,155476,1,,,0,103,,155477,23,,,0
683701,'2_merged_15524982',553,,155480,23,,,0,1951,,155478,1,,,0,106,,155479,23,,,0
683701,'3_merged_15524981',619,,155487,23,,,0,39,,155488,23,,,0,71,,155489,23,,,0,72,,155490,23,,,0,1517,,155491,23,4,,0,13,,155483,1,,,0,71,,155482,1,,,0,45,,155485,23,,,0,71,,155484,23,,,0,28,,155481,23,4,,0,79,,155486,23,,,0,29,,155492,23,,,0
