661400,'152201_merged_15288067',2040,,57844,3,0,10,0,60,,57845,3,0,10,0,20,,57849,3,0,10,0,21,,57846,3,0,10,0,60,,57850,3,0,10,0,20,,57851,3,0,10,0,22,,57847,3,0,10,0,60,,57843,3,0,10,0,20,,57848,3,0,10,0,29,,57842,3,0,10,0
661400,'152301_merged_15288069',2040,,57852,3,0,10,0,60,,57853,3,0,10,0,20,,57854,3,0,10,0,21,,57855,3,0,10,0,60,,57856,3,0,10,0,20,,57857,3,0,10,0,22,,57858,3,0,10,0,60,,57859,3,0,10,0,20,,57860,3,0,10,0,29,,57861,3,0,10,0
661400,'1_merged_15288063',708,,57897,3,,,0,14,,57898,3,,,0,14,,57905,3,,,0,14,,57911,3,,,0,56,,57925,3,,,0,16,,57899,3,,,0,15,,57865,3,,,0,15,,57866,3,,,0,55,,57907,3,,,0,15,,57908,3,,,0,15,,57909,3,,,0,15,,57910,3,,,0,54,,57926,3,,,0,15,,57927,3,,,0,15,,57922,3,,,0,15,,57902,3,,,0,55,,57867,3,,,0,15,,57894,3,,,0,14,,57869,3,,,0,15,,57903,3,,,0,55,,57906,3,,,0,15,,57862,3,,,0,15,,57863,3,,,0,15,,57889,3,,,0,55,,57887,3,,,0,15,,57890,3,,,0,12,,57891,3,,,0,12,,57900,3,,,0,12,,57920,3,,,0,51,,57921,3,,,0,13,,57901,3,,,0,11,,57873,3,,,0,12,,57874,3,,,0,11,,57875,3,,,0,50,,57917,3,,,0,11,,57876,3,,,0,12,,57877,3,,,0,10,,57878,3,,,0,10,,57880,3,,,0,10,,57915,3,,,0,51,,57929,3,,,0,11,,57904,3,,,0,10,,57928,3,,,0,10,,57914,3,,,0,10,,57916,3,,,0,10,,57883,3,,,0,49,,57930,3,,,0,8,,57918,3,,,0,9,,57931,3,,,0,8,,57919,3,,,0,9,,57882,3,,,0,12,,57892,3,,,0,53,,57881,3,,,0,12,,57868,3,,,0,17,,57913,3,,,0,20,,57871,3,,,0,60,,57912,3,,,0,24,,57879,3,0,10,0,60,,57893,3,0,10,0,20,,57864,3,0,10,0
661400,'2_merged_15288065',857,,57984,3,,,0,54,,57985,3,,,0,14,,57956,3,,,0,10,,57973,3,,,0,14,,57971,3,,,0,53,,57936,3,,,0,13,,57937,3,,,0,13,,57938,3,,,0,12,,58006,3,,,0,12,,57959,3,,,0,50,,57941,3,,,0,12,,57940,3,,,0,12,,57989,3,,,0,12,,57958,3,,,0,11,,57960,3,,,0,52,,57999,3,,,0,11,,57961,3,,,0,11,,57962,3,,,0,11,,58007,3,,,0,11,,57990,3,,,0,11,,57995,3,,,0,51,,57949,3,,,0,11,,58000,3,,,0,12,,57935,3,,,0,12,,57944,3,,,0,12,,57945,3,,,0,52,,57946,3,,,0,12,,58001,3,,,0,12,,57986,3,,,0,12,,58002,3,,,0,12,,57996,3,,,0,52,,57955,3,,,0,12,,57975,3,,,0,12,,57988,3,,,0,12,,58003,3,,,0,12,,57977,3,,,0,53,,57991,3,,,0,12,,57963,3,,,0,12,,57994,3,,,0,12,,57967,3,,,0,12,,58004,3,,,0,52,,57998,3,,,0,14,,57932,3,,,0,12,,57933,3,,,0,13,,57934,3,,,0,12,,58005,3,,,0,52,,58008,3,,,0,13,,57942,3,,,0,13,,57943,3,,,0,16,,57976,3,,,0,61,,57964,3,,,0,22,,57978,3,0,10,0,20,,57992,3,0,10,0,61,,57974,3,0,10,0,20,,57979,3,0,10,0,21,,57987,3,0,10,0,62,,57947,3,0,10,0,22,,57972,3,0,10,0,60,,57951,3,0,10,0,20,,57980,3,0,10,0,23,,57950,3,0,10,0,60,,57993,3,0,10,0,19,,57970,3,0,10,0,30,,57966,3,0,10,0
661400,'3_merged_15288064',944,,58033,3,,,0,56,,58062,3,,,0,14,,58063,3,,,0,15,,58060,3,,,0,14,,58053,3,,,0,15,,58018,3,,,0,55,,58052,3,,,0,13,,58034,3,,,0,15,,58065,3,,,0,15,,58066,3,,,0,54,,58067,3,,,0,12,,58068,3,,,0,12,,58069,3,,,0,12,,58016,3,,,0,12,,58010,3,,,0,53,,58072,3,,,0,12,,58023,3,,,0,12,,58036,3,,,0,12,,58027,3,,,0,12,,58037,3,,,0,50,,58073,3,,,0,12,,58039,3,,,0,12,,58022,3,,,0,12,,58071,3,,,0,13,,58011,3,,,0,52,,58074,3,,,0,12,,58014,3,,,0,13,,58046,3,,,0,13,,58047,3,,,0,55,,58048,3,,,0,15,,58025,3,,,0,15,,58040,3,,,0,15,,58041,3,,,0,55,,58042,3,,,0,16,,58043,3,,,0,15,,58029,3,,,0,15,,58064,3,,,0,55,,58015,3,,,0,15,,58019,3,,,0,20,,58020,3,,,0,19,,58021,3,,,0,59,,58070,3,,,0,20,,58012,3,0,10,0,20,,58009,3,0,10,0,58,,58055,3,0,10,0,20,,58056,3,0,10,0,22,,58038,3,0,10,0,64,,58035,3,0,10,0,22,,58013,3,0,10,0,60,,58058,3,0,10,0,20,,58028,3,0,10,0,23,,58051,3,0,10,0,61,,58059,3,0,10,0,20,,58024,3,0,10,0,28,,58050,3,0,10,0
683300,'1_merged_15288063',2541,,95482,3,,,0,73,,95484,3,,,0,31,,95483,3,,,0
683300,'2_merged_15288065',2537,,95485,3,,,0,70,,95487,3,,,0,28,,95486,3,,,0
683300,'3_merged_15288064',2540,,95488,3,,,0,70,,95490,3,,,0,30,,95489,3,,,0,77,,95491,3,,,0
1671800,'152201_merged_15288067',2036,,98198,3,0,10,0,16,,98199,3,0,10,0,55,,98200,3,0,10,0,15,,98201,3,0,10,0,18,,98202,3,0,10,0,60,,98203,3,0,10,0,21,,98204,3,0,10,0,20,,98205,3,0,10,0,60,,98206,3,0,10,0,30,,98207,3,0,10,0,16,,98197,3,0,10,0,55,,98208,3,0,10,0,15,,98211,3,0,10,0,15,,98209,3,0,10,0,70,,98210,3,0,10,0
1671800,'152301_merged_15288069',2036,,98214,3,0,10,0,16,,98215,3,0,10,0,55,,98216,3,0,10,0,15,,98217,3,0,10,0,18,,98218,3,0,10,0,60,,98219,3,0,10,0,21,,98220,3,0,10,0,20,,98221,3,0,10,0,60,,98222,3,0,10,0,30,,98223,3,0,10,0,16,,98212,3,0,10,0,55,,98224,3,0,10,0,15,,98213,3,0,10,0,15,,98225,3,0,10,0,70,,98226,3,0,10,0
1671800,'1_merged_15288063',300,,98299,3,0,10,0,30,,98300,3,0,10,0,76,,98301,3,0,10,0,31,,98268,3,,,0,77,,98270,3,,,0,19,,98265,3,,,0,26,,98272,3,,,0,54,,98273,3,,,0,15,,98274,3,,,0,12,,98275,3,,,0,12,,98262,3,,,0,54,,98263,3,,,0,13,,98279,3,,,0,14,,98280,3,,,0,13,,98281,3,,,0,12,,98282,3,,,0,51,,98283,3,,,0,13,,98284,3,,,0,14,,98285,3,,,0,14,,98286,3,,,0,54,,98287,3,,,0,14,,98288,3,,,0,15,,98289,3,,,0,15,,98290,3,,,0,55,,98291,3,,,0,15,,98292,3,,,0,14,,98293,3,,,0,15,,98294,3,,,0,55,,98295,3,,,0,16,,98296,3,,,0,15,,98297,3,,,0,15,,98298,3,,,0,54,,98276,3,,,0,15,,98277,3,,,0,15,,98278,3,,,0,15,,98255,3,,,0,55,,98256,3,,,0,15,,98257,3,,,0,16,,98227,3,,,0,15,,98228,3,,,0,54,,98229,3,,,0,8,,98230,3,,,0,8,,98267,3,,,0,14,,98231,3,,,0,14,,98232,3,,,0,12,,98233,3,,,0,53,,98234,3,,,0,12,,98235,3,,,0,10,,98305,3,,,0,11,,98236,3,,,0,10,,98237,3,,,0,50,,98238,3,,,0,11,,98239,3,,,0,10,,98240,3,,,0,10,,98241,3,,,0,9,,98242,3,,,0,9,,98243,3,,,0,49,,98304,3,,,0,9,,98244,3,,,0,9,,98245,3,,,0,10,,98246,3,,,0,10,,98247,3,,,0,12,,98248,3,,,0,54,,98249,3,,,0,13,,98250,3,,,0,13,,98251,3,,,0,11,,98252,3,0,10,0,15,,98253,3,0,10,0,57,,98254,3,0,10,0,15,,98258,3,0,10,0,18,,98259,3,0,10,0,55,,98261,3,0,10,0,16,,98260,3,0,10,0
1671800,'2_merged_15288065',301,,98403,3,0,10,0,30,,98404,3,0,10,0,75,,98399,3,0,10,0,30,,98334,3,,,0,78,,98365,3,,,0,25,,98366,3,,,0,15,,98343,3,,,0,56,,98344,3,,,0,18,,98345,3,,,0,20,,98346,3,,,0,56,,98347,3,,,0,14,,98348,3,,,0,13,,98349,3,,,0,13,,98351,3,,,0,11,,98352,3,,,0,53,,98353,3,,,0,14,,98354,3,,,0,15,,98355,3,,,0,15,,98356,3,,,0,53,,98357,3,,,0,15,,98358,3,,,0,15,,98359,3,,,0,15,,98360,3,,,0,54,,98361,3,,,0,15,,98362,3,,,0,12,,98363,3,,,0,12,,98364,3,,,0,12,,98350,3,,,0,51,,98335,3,,,0,12,,98367,3,,,0,13,,98368,3,,,0,12,,98369,3,,,0,13,,98370,3,,,0,50,,98336,3,,,0,10,,98371,3,,,0,10,,98372,3,,,0,10,,98373,3,,,0,10,,98374,3,,,0,10,,98375,3,,,0,49,,98337,3,,,0,10,,98376,3,,,0,10,,98377,3,,,0,10,,98378,3,,,0,10,,98379,3,,,0,11,,98380,3,,,0,51,,98338,3,,,0,11,,98381,3,,,0,12,,98382,3,,,0,10,,98383,3,,,0,10,,98384,3,,,0,50,,98385,3,,,0,10,,98339,3,,,0,10,,98386,3,,,0,10,,98387,3,,,0,10,,98389,3,,,0,10,,98390,3,,,0,50,,98391,3,,,0,10,,98340,3,,,0,9,,98392,3,,,0,10,,98393,3,,,0,10,,98388,3,,,0,9,,98394,3,,,0,10,,98395,3,,,0,50,,98341,3,,,0,11,,98396,3,,,0,11,,98397,3,,,0,12,,98398,3,,,0,12,,98306,3,,,0,52,,98307,3,,,0,12,,98308,3,,,0,15,,98309,3,,,0,13,,98310,3,0,10,0,55,,98311,3,0,10,0,15,,98312,3,0,10,0,15,,98313,3,0,10,0,16,,98314,3,0,10,0,55,,98315,3,0,10,0,14,,98316,3,0,10,0,14,,98317,3,0,10,0,16,,98318,3,0,10,0,55,,98319,3,0,10,0,15,,98320,3,0,10,0,22,,98329,3,0,10,0,20,,98321,3,0,10,0,60,,98322,3,0,10,0,21,,98323,3,0,10,0,61,,98324,3,0,10,0,24,,98325,3,0,10,0,33,,98326,3,0,10,0,70,,98327,3,0,10,0,30,,98328,3,0,10,0
1671800,'3_merged_15288064',300,,98489,3,0,10,0,30,,98490,3,0,10,0,76,,98487,3,0,10,0,30,,98488,3,0,10,0,76,,98483,3,,,0,23,,98424,3,,,0,20,,98430,3,,,0,59,,98431,3,,,0,26,,98484,3,,,0,60,,98432,3,,,0,14,,98434,3,,,0,15,,98407,3,,,0,12,,98433,3,,,0,12,,98435,3,,,0,54,,98436,3,,,0,15,,98437,3,,,0,14,,98438,3,,,0,16,,98439,3,,,0,55,,98440,3,,,0,16,,98441,3,,,0,14,,98442,3,,,0,15,,98443,3,,,0,56,,98444,3,,,0,16,,98445,3,,,0,14,,98446,3,,,0,14,,98447,3,,,0,51,,98448,3,,,0,14,,98468,3,,,0,13,,98449,3,,,0,12,,98450,3,,,0,13,,98451,3,,,0,52,,98408,3,,,0,11,,98452,3,,,0,12,,98453,3,,,0,12,,98454,3,,,0,12,,98455,3,,,0,52,,98409,3,,,0,13,,98456,3,,,0,10,,98457,3,,,0,13,,98458,3,,,0,12,,98459,3,,,0,52,,98420,3,,,0,13,,98460,3,,,0,12,,98461,3,,,0,13,,98462,3,,,0,12,,98463,3,,,0,52,,98421,3,,,0,12,,98464,3,,,0,11,,98465,3,,,0,12,,98466,3,,,0,12,,98429,3,,,0,51,,98422,3,,,0,11,,98467,3,,,0,12,,98425,3,,,0,12,,98426,3,,,0,14,,98427,3,,,0,52,,98423,3,,,0,12,,98410,3,,,0,14,,98411,3,,,0,14,,98412,3,,,0,55,,98413,3,,,0,15,,98414,3,,,0,15,,98415,3,,,0,16,,98416,3,0,10,0,56,,98417,3,0,10,0,16,,98418,3,0,10,0,15,,98419,3,0,10,0,15,,98428,3,0,10,0,55,,98486,3,0,10,0,15,,98470,3,0,10,0,18,,98471,3,0,10,0,15,,98472,3,0,10,0,55,,98473,3,0,10,0,15,,98485,3,0,10,0,21,,98474,3,0,10,0,60,,98475,3,0,10,0,20,,98476,3,0,10,0,22,,98477,3,0,10,0,61,,98478,3,0,10,0,24,,98479,3,0,10,0,72,,98480,3,0,10,0,30,,98481,3,0,10,0,70,,98482,3,0,10,0
