667700,'101_merged_15288070',1602,,78039,8,,,0
667700,'1101_merged_15288074',2513,,78040,8,,,0
667700,'1201_merged_15288056',2513,,78041,8,,,0
667700,'1_merged_15288063',610,,78079,8,,,0,29,,78052,8,,,0,71,,78060,8,,,0,30,,78067,8,,,0,72,,78077,8,,,0,28,,78063,8,,,0,78,,78047,8,,,0,24,,78085,8,,,0,87,,78046,8,,,0,71,,78054,8,,,0,28,,78061,8,,,0,30,,78059,8,,,0,70,,78058,8,,,0,31,,78068,8,,,0,71,,78045,8,,,0,29,,78083,8,,,0,55,,78048,8,,,0,30,,78049,8,,,0,65,,78042,8,,,0,20,,78073,8,,,0,14,,78053,8,,,0,70,,78056,8,,,0,19,,78064,8,,,0,12,,78057,8,,,0,59,,78074,8,,,0,14,,78069,8,,,0,19,,78080,8,,,0,20,,78084,8,,,0,53,,78070,8,,,0,15,,78081,8,,,0,12,,78078,8,,,0,16,,78071,8,,,0,50,,78051,8,,,0,12,,78072,8,,,0,14,,78066,8,,,0,16,,78086,8,,,0,57,,78062,8,,,0,16,,78044,8,,,0,15,,78082,8,,,0,11,,78043,8,,,0,69,,78075,8,,,0,29,,78065,8,,,0,69,,78055,8,,,0,30,,78088,8,,,0,70,,78076,8,,,0,30,,78087,8,,,0,70,,78050,8,,,0
667700,'2_merged_15288065',644,,78116,8,,,0,66,,78117,8,,,0,30,,78096,8,,,0,70,,78124,8,,,0,30,,78125,8,,,0,72,,78092,8,,,0,30,,78122,8,,,0,69,,78099,8,,,0,32,,78130,8,,,0,71,,78094,8,,,0,28,,78129,8,,,0,71,,78131,8,,,0,30,,78097,8,,,0,70,,78095,8,,,0,32,,78134,8,,,0,56,,78105,8,,,0,20,,78132,8,,,0,22,,78090,8,,,0,59,,78115,8,,,0,19,,78121,8,,,0,22,,78120,8,,,0,59,,78114,8,,,0,20,,78091,8,,,0,20,,78098,8,,,0,60,,78113,8,,,0,24,,78133,8,,,0,19,,78100,8,,,0,60,,78112,8,,,0,23,,78126,8,,,0,20,,78123,8,,,0,64,,78111,8,,,0,16,,78104,8,,,0,15,,78101,8,,,0,15,,78119,8,,,0,56,,78110,8,,,0,29,,78127,8,,,0,73,,78118,8,,,0,28,,78102,8,,,0,69,,78107,8,,,0,30,,78106,8,,,0,70,,78128,8,,,0,30,,78109,8,,,0,69,,78093,8,,,0,32,,78108,8,,,0,66,,78103,8,,,0,36,,78089,8,,,0
667700,'3_merged_15288064',813,,78152,8,,,0,30,,78146,8,,,0,70,,78155,8,,,0,29,,78145,8,,,0,69,,78153,8,,,0,30,,78144,8,,,0,69,,78154,8,,,0,31,,78135,8,,,0,69,,78156,8,,,0,32,,78143,8,,,0,69,,78139,8,,,0,32,,78151,8,,,0,70,,78158,8,,,0,31,,78150,8,,,0,13,,78172,8,,,0,70,,78159,8,,,0,15,,78149,8,,,0,17,,78171,8,,,0,69,,78162,8,,,0,16,,78148,8,,,0,15,,78170,8,,,0,71,,78160,8,,,0,13,,78147,8,,,0,16,,78169,8,,,0,71,,78157,8,,,0,14,,78142,8,,,0,57,,78168,8,,,0,27,,78137,8,,,0,15,,78141,8,,,0,59,,78167,8,,,0,25,,78136,8,,,0,17,,78140,8,,,0,68,,78138,8,,,0,30,,78166,8,,,0,71,,78163,8,,,0,30,,78165,8,,,0,71,,78161,8,,,0,34,,78164,8,,,0
667800,'1_merged_15288063',537,,78330,8,,,0,15,,78332,8,,,0,73,,78334,8,,,0,21,,78346,8,,,0,55,,78314,8,,,0,13,,78310,8,,,0,15,,78349,8,,,0,13,,78323,8,,,0,17,,78350,8,,,0,72,,78343,8,,,0,26,,78320,8,,,0,73,,78348,8,,,0,72,,78342,8,,,0,26,,78316,8,,,0,30,,78321,8,,,0,69,,78335,8,,,0,30,,78352,8,,,0,70,,78325,8,,,0,31,,78315,8,,,0,68,,78317,8,,,0,32,,78326,8,,,0,71,,78340,8,,,0,30,,78322,8,,,0,59,,78351,8,,,0,22,,78355,8,,,0,19,,78356,8,,,0,54,,78339,8,,,0,17,,78345,8,,,0,16,,78354,8,,,0,57,,78312,8,,,0,12,,78341,8,,,0,18,,78353,8,,,0,11,,78327,8,,,0,61,,78328,8,,,0,10,,78309,8,,,0,10,,78338,8,,,0,10,,78311,8,,,0,10,,78313,8,,,0,60,,78329,8,,,0,14,,78318,8,,,0,30,,78324,8,,,0,70,,78337,8,,,0,30,,78319,8,,,0,78,,78336,8,,,0,30,,78331,8,,,0,97,,78333,8,,,0,99,,78344,8,,,0,100,,78347,8,,,0
667800,'2_merged_15288065',602,,78360,2,,,0,24,,78366,8,,,0,30,,78358,8,,,0,70,,78379,8,,,0,30,,78359,8,,,0,72,,78390,8,,,0,30,,78389,8,,,0,70,,78381,8,,,0,30,,78391,8,,,0,69,,78387,8,,,0,30,,78363,8,,,0,70,,78361,8,,,0,28,,78357,8,,,0,74,,78362,8,,,0,29,,78364,8,,,0,70,,78392,8,,,0,31,,78365,8,,,0,69,,78375,8,,,0,29,,78382,8,,,0,70,,78371,8,,,0,30,,78383,8,,,0,73,,78372,8,,,0,29,,78384,8,,,0,70,,78373,8,,,0,30,,78388,8,,,0,70,,78376,8,,,0,30,,78385,8,,,0,70,,78367,8,,,0,30,,78386,8,,,0,70,,78369,8,,,0,30,,78377,8,,,0,68,,78393,8,,,0,17,,78368,8,,,0,70,,78380,8,,,0,30,,78378,8,,,0,100,,78374,8,,,0,100,,78370,8,,,0
667800,'3_merged_15288064',756,,78419,2,,,0,69,,78418,8,,,0,31,,78422,8,,,0,70,,78417,8,,,0,28,,78402,8,,,0,63,,78416,8,,,0,30,,78401,8,,,0,71,,78415,8,,,0,37,,78420,8,,,0,73,,78414,8,,,0,72,,78421,8,,,0,29,,78413,8,,,0,30,,78398,8,,,0,71,,78412,8,,,0,70,,78395,8,,,0,30,,78411,8,,,0,70,,78396,8,,,0,30,,78410,8,,,0,70,,78394,8,,,0,30,,78409,8,,,0,70,,78403,8,,,0,29,,78408,8,,,0,71,,78397,8,,,0,30,,78407,8,,,0,70,,78400,8,,,0,30,,78406,8,,,0,25,,78404,8,,,0,92,,78399,8,,,0,95,,78423,8,,,0,105,,78405,8,,,0,95,,78424,8,,,0
667901,'1_merged_15288063',537,,78647,19,,,0,66,,78648,19,,,0,27,,78662,19,,,0,71,,78649,19,,,0,25,,78661,19,,,0,79,,78641,19,,,0,31,,78665,19,,,0,74,,78656,19,,,0,24,,78636,19,,,0,70,,78655,19,,,0,31,,78634,19,,,0,74,,78664,19,,,0,31,,78637,19,,,0,68,,78652,19,,,0,28,,78643,19,,,0,70,,78651,19,,,0,30,,78642,19,,,0,70,,78654,19,,,0,32,,78658,19,,,0,73,,78640,19,,,0,31,,78657,19,,,0,67,,78635,19,,,0,32,,78666,19,,,0,68,,78660,19,,,0,31,,78650,19,,,0,69,,78646,19,,,0,26,,78639,19,,,0,77,,78645,19,,,0,27,,78638,19,,,0,65,,78633,19,,,0,33,,78659,19,,,0,69,,78663,19,,,0,30,,78644,19,,,0,71,,78653,19,,,0
667901,'2_merged_15288065',629,,78698,19,,,0,71,,78692,19,,,0,30,,78693,19,,,0,72,,78674,19,,,0,30,,78667,19,,,0,70,,78687,19,,,0,30,,78689,19,,,0,74,,78679,19,,,0,29,,78670,19,,,0,71,,78669,19,,,0,31,,78685,19,,,0,70,,78671,19,,,0,30,,78678,19,,,0,70,,78675,19,,,0,30,,78668,19,,,0,70,,78686,19,,,0,30,,78697,19,,,0,70,,78680,19,,,0,30,,78684,19,,,0,70,,78677,19,,,0,30,,78672,19,,,0,73,,78683,19,,,0,22,,78688,19,,,0,73,,78696,19,,,0,31,,78676,19,,,0,68,,78691,19,,,0,30,,78682,19,,,0,69,,78694,19,,,0,31,,78695,19,,,0,71,,78681,19,,,0,30,,78690,19,,,0,70,,78673,19,,,0
667901,'3_merged_15288064',733,,78711,19,,,0,70,,78701,19,,,0,30,,78716,19,,,0,70,,78718,19,,,0,30,,78705,19,,,0,70,,78723,19,,,0,30,,78715,19,,,0,70,,78727,19,,,0,30,,78726,19,,,0,71,,78699,19,,,0,31,,78722,19,,,0,71,,78704,19,,,0,31,,78714,19,,,0,71,,78717,19,,,0,29,,78703,19,,,0,71,,78720,19,,,0,30,,78710,19,,,0,70,,78721,19,,,0,31,,78700,19,,,0,70,,78702,19,,,0,31,,78719,19,,,0,68,,78706,19,,,0,30,,78707,19,,,0,70,,78725,19,,,0,30,,78708,19,,,0,69,,78713,19,,,0,30,,78712,19,,,0,70,,78728,19,,,0,30,,78709,19,,,0,68,,78724,19,,,0
668300,'1_merged_15288063',627,,79528,2,,,0,8,,79524,2,,,0,17,,79523,2,,,0,55,,79522,2,,,0,30,,79520,2,,,0,868,,79518,24,,,0,21,,79529,24,,,0,14,,79530,24,,,0,10,,79531,24,,,0,59,,79525,24,,,0,22,,79527,24,,,0,24,,79516,24,,,0,65,,79519,24,,,0,9,,79517,24,,,0,11,,79515,24,,,0,66,,79514,24,,,0,24,,79521,24,,,0,26,,79526,24,,,0
683700,'1101_merged_15288074',2653,,95616,35,,,0
683700,'1201_merged_15288056',2653,,95617,35,,,0
683700,'1_merged_15288063',2533,,95624,35,,,0,20,,95623,35,,,0,60,,95619,35,,,0,29,,95622,35,,,0,74,,95621,35,,,0,19,,95620,35,,,0,68,,95618,35,,,0
683700,'2_merged_15288065',520,,95633,9,,,0,2019,,95627,35,,,0,62,,95632,35,,,0,14,,95626,35,,,0,19,,95631,35,,,0,20,,95628,35,,,0,70,,95630,35,,,0,12,,95629,35,,,0,74,,95625,35,,,0
683700,'3_merged_15288064',550,,95642,9,,,0,74,,95643,9,,,0,31,,95644,9,,,0,68,,95645,29,,,0,1688,,95638,35,,,0,32,,95637,35,,,0,70,,95636,35,,,0,38,,95635,35,,,0,71,,95634,35,,,0,24,,95641,35,,,0,88,,95640,35,,,0,25,,95639,35,,,0
