667700,'101_merged_15524987',1617,,137782,19,,,0
667700,'1101_merged_15524991',2521,,137783,19,,,0
667700,'1201_merged_15524973',2521,,137784,19,,,0
667700,'1_merged_15524980',619,,137822,19,,,0,29,,137795,19,,,0,73,,137803,19,,,0,28,,137810,19,,,0,73,,137820,19,,,0,29,,137806,19,,,0,79,,137790,19,,,0,24,,137828,19,,,0,88,,137789,19,,,0,71,,137797,19,,,0,28,,137804,19,,,0,69,,137802,19,,,0,31,,137801,19,,,0,70,,137811,19,,,0,30,,137788,19,,,0,71,,137826,19,,,0,14,,137791,19,,,0,32,,137792,19,,,0,66,,137785,19,,,0,19,,137816,19,,,0,15,,137796,19,,,0,68,,137799,19,,,0,21,,137807,19,,,0,11,,137800,19,,,0,58,,137817,19,,,0,13,,137812,19,,,0,19,,137823,19,,,0,59,,137827,19,,,0,13,,137813,19,,,0,16,,137824,19,,,0,12,,137821,19,,,0,52,,137814,19,,,0,13,,137794,19,,,0,12,,137815,19,,,0,14,,137809,19,,,0,15,,137829,19,,,0,57,,137805,19,,,0,16,,137787,19,,,0,15,,137825,19,,,0,14,,137786,19,,,0,68,,137818,19,,,0,27,,137808,19,,,0,69,,137798,19,,,0,30,,137831,19,,,0,68,,137819,19,,,0,30,,137830,19,,,0,70,,137793,19,,,0
667700,'201',1617,,137832,19,,,0
667700,'2_merged_15524982',652,,137860,19,,,0,66,,137861,19,,,0,32,,137840,19,,,0,70,,137868,19,,,0,30,,137869,19,,,0,71,,137836,19,,,0,30,,137866,19,,,0,70,,137843,19,,,0,33,,137874,19,,,0,70,,137838,19,,,0,27,,137873,19,,,0,73,,137875,19,,,0,30,,137841,19,,,0,70,,137839,19,,,0,34,,137878,19,,,0,56,,137849,19,,,0,18,,137876,19,,,0,22,,137834,19,,,0,59,,137859,19,,,0,20,,137865,19,,,0,21,,137864,19,,,0,59,,137858,19,,,0,20,,137835,19,,,0,22,,137842,19,,,0,59,,137857,19,,,0,24,,137877,19,,,0,19,,137844,19,,,0,60,,137856,19,,,0,23,,137870,19,,,0,19,,137867,19,,,0,64,,137855,19,,,0,16,,137848,19,,,0,14,,137845,19,,,0,55,,137863,19,,,0,16,,137854,19,,,0,30,,137871,19,,,0,70,,137862,19,,,0,30,,137846,19,,,0,69,,137851,19,,,0,30,,137850,19,,,0,68,,137872,19,,,0,30,,137853,19,,,0,69,,137837,19,,,0,32,,137852,19,,,0,66,,137847,19,,,0,36,,137833,19,,,0
667700,'3_merged_15524981',822,,137896,19,,,0,30,,137890,19,,,0,70,,137899,19,,,0,31,,137889,19,,,0,69,,137897,19,,,0,30,,137888,19,,,0,68,,137898,19,,,0,33,,137879,19,,,0,70,,137900,19,,,0,30,,137887,19,,,0,72,,137883,19,,,0,30,,137895,19,,,0,71,,137902,19,,,0,28,,137894,19,,,0,56,,137916,19,,,0,29,,137903,19,,,0,15,,137893,19,,,0,55,,137915,19,,,0,31,,137906,19,,,0,16,,137892,19,,,0,55,,137914,19,,,0,31,,137904,19,,,0,14,,137891,19,,,0,57,,137913,19,,,0,28,,137901,19,,,0,14,,137886,19,,,0,57,,137912,19,,,0,28,,137881,19,,,0,15,,137885,19,,,0,58,,137911,19,,,0,25,,137880,19,,,0,17,,137884,19,,,0,69,,137882,19,,,0,30,,137910,19,,,0,69,,137907,19,,,0,30,,137909,19,,,0,70,,137905,19,,,0,34,,137908,19,,,0
683700,'1101_merged_15524991',2659,,155444,46,,,0
683700,'1201_merged_15524973',2659,,155445,46,,,0
683700,'1_merged_15524980',2539,,155452,46,,,0,20,,155451,46,,,0,60,,155447,46,,,0,29,,155450,46,,,0,74,,155449,46,,,0,19,,155448,46,,,0,68,,155446,46,,,0
683700,'2_merged_15524982',527,,155461,20,,,0,2019,,155455,46,,,0,62,,155460,46,,,0,14,,155454,46,,,0,19,,155459,46,,,0,60,,155456,46,,,0,30,,155458,46,,,0,12,,155457,46,,,0,74,,155453,46,,,0
683700,'3_merged_15524981',557,,155470,20,,,0,74,,155471,20,,,0,71,,155472,20,,,0,31,,155473,40,,,0,1688,,155466,46,,,0,34,,155465,46,,,0,68,,155464,46,,,0,79,,155463,46,,,0,29,,155462,46,,,0,21,,155469,46,,,0,88,,155468,46,,,0,67,,155467,46,,,0
