679900,'1_merged_15524980',633,,152335,36,4,,0,990,,152339,36,4,,0
680000,'1_merged_15524980',1849,,152434,32,4,,0
680401,'1_merged_15524980',848,,152539,39,4,,0,667,,152537,39,4,,0
680500,'1_merged_15524980',655,,152552,1,,,0,200,,152551,1,,,0,200,,152550,1,,,0,200,,152549,1,,,0,270,,152548,1,,,0,175,,152547,1,,,0,157,,152553,1,,,0
680500,'2_merged_15524982',855,,152556,1,,,0,200,,152557,1,,,0,200,,152558,1,,,0,200,,152559,1,,,0,198,,152554,1,,,0,202,,152555,1,,,0
680501,'1_merged_15524980',657,,152563,14,4,,0,1150,,152561,37,4,,0,193,,152560,37,4,,0
3182101,'1_merged_15524980',1648,,166782,20,4,,0
3182101,'2_merged_15524982',1241,,166811,20,4,,0
3182201,'101_merged_15524987',1620,,166913,16,4,,0
3182201,'1_merged_15524980',1630,,166918,16,4,,0
3182201,'2_merged_15524982',1454,,166952,16,4,,0,385,,166957,16,4,,0
3404201,'1_merged_15524980',613,,168157,26,4,,0,100,,168156,26,4,,0,35,,168161,26,4,,0,66,,168155,26,4,,0,29,,168160,26,4,,0,70,,168154,26,4,,0,102,,168153,26,4,,0,35,,168162,26,4,,0,65,,168152,26,4,,0,30,,168163,26,4,,0,72,,168151,26,4,,0,100,,168150,26,4,,0,100,,168149,26,4,,0,101,,168148,26,4,,0,130,,168140,26,4,,0,82,,168146,26,4,,0,24,,168139,26,4,,0,72,,168145,26,4,,0,80,,168144,26,4,,0,51,,168143,26,4,,0,96,,168142,26,4,,0,102,,168141,26,4,,0
3404201,'2_merged_15524982',1046,,168170,26,4,,0,200,,168171,26,4,,0,204,,168172,26,4,,0,199,,168173,26,4,,0,196,,168174,26,4,,0
3404300,'101_merged_15524987',1600,,168186,1,,,0
3404300,'1_merged_15524980',530,,168206,1,,,0,100,,168205,1,,,0,74,,168188,1,,,0,26,,168204,1,,,0,70,,168209,1,,,0,30,,168203,1,,,0,100,,168202,1,,,0,75,,168210,1,,,0,25,,168201,1,,,0,70,,168211,1,,,0,30,,168200,1,,,0,100,,168199,1,,,0,100,,168198,1,,,0,100,,168197,1,,,0,100,,168196,1,,,0,110,,168208,1,,,0,68,,168189,1,,,0,3,,168207,1,,,0,29,,168187,1,,,0,80,,168193,1,,,0,93,,168192,1,,,0,100,,168191,1,,,0,102,,168190,1,,,0
3404300,'201',1600,,168212,1,,,0
3404300,'2_merged_15524982',905,,168218,1,,,0,100,,168219,1,,,0,100,,168217,1,,,0,98,,168220,1,,,0,102,,168216,1,,,0,100,,168221,1,,,0,100,,168215,1,,,0,100,,168222,1,,,0,100,,168214,1,,,0,100,,168223,1,,,0,95,,168213,1,,,0
3404300,'3_merged_15524981',900,,168229,1,,,0,100,,168230,1,,,0,100,,168228,1,,,0,100,,168231,1,,,0,100,,168227,1,,,0,100,,168232,1,,,0,100,,168226,1,,,0,100,,168233,1,,,0,100,,168225,1,,,0,100,,168234,1,,,0,100,,168224,1,,,0
3404301,'1_merged_15524980',640,,168258,22,4,,0,272,,168239,21,4,,0,131,,168254,21,4,,0,1078,,168244,21,4,,0
3404301,'2_merged_15524982',845,,168271,21,4,,0,101,,168272,21,4,,0,100,,168270,21,4,,0,102,,168273,21,4,,0,200,,168274,21,4,,0,99,,168268,21,4,,0,100,,168275,21,4,,0,101,,168267,21,4,,0,99,,168276,21,4,,0
