667201,'101_merged_15288070',1524,,77039,10,0,11 12,0,33,,77038,20,,,0
667201,'1_merged_15288063',539,,77059,20,,,0,72,,77050,20,,,0,17,,77058,20,,,0,15,,77045,20,,,0,15,,77055,20,,,0,49,,77082,20,,,0,9,,77078,20,,,0,9,,77074,20,,,0,13,,77071,20,,,0,12,,77076,20,,,0,53,,77077,20,,,0,14,,77073,20,,,0,15,,77043,20,,,0,17,,77041,20,,,0,51,,77070,20,,,0,11,,77040,20,,,0,14,,77068,20,,,0,20,,77047,20,,,0,65,,77042,20,,,0,30,,77044,20,,,0,70,,77064,20,,,0,29,,77072,20,,,0,69,,77067,20,,,0,29,,77054,20,,,0,66,,77053,20,,,0,38,,77052,20,,,0,69,,77046,20,,,0,28,,77051,20,,,0,73,,77048,20,,,0,27,,77081,20,,,0,10,,77080,20,,,0,70,,77079,20,,,0,15,,77060,20,,,0,22,,77066,20,,,0,52,,77065,20,,,0,20,,77069,20,,,0,18,,77057,20,,,0,14,,77063,20,,,0,56,,77062,20,,,0,14,,77061,20,,,0,19,,77056,20,,,0,61,,77049,20,0,11 12,0,10,,77075,20,,,0
667201,'2_merged_15288065',642,,77093,20,,,0,70,,77092,20,,,0,30,,77087,20,,,0,70,,77090,20,,,0,30,,77085,20,,,0,70,,77096,20,,,0,30,,77083,20,,,0,69,,77100,20,,,0,29,,77099,20,,,0,69,,77095,20,,,0,28,,77106,20,,,0,73,,77094,20,,,0,30,,77105,20,,,0,71,,77098,20,,,0,30,,77089,20,,,0,60,,77104,20,,,0,20,,77110,20,,,0,20,,77111,20,,,0,61,,77112,20,,,0,20,,77086,20,,,0,20,,77103,20,,,0,62,,77097,20,,,0,19,,77107,20,,,0,19,,77108,20,,,0,60,,77109,20,,,0,21,,77102,20,,,0,18,,77084,20,,,0,62,,77113,20,,,0,20,,77091,20,,,0,20,,77114,20,,,0,61,,77101,20,,,0,17,,77115,20,,,0
667201,'3_merged_15288064',711,,77141,20,,,0,30,,77140,20,,,0,70,,77121,20,,,0,30,,77123,20,,,0,70,,77134,20,,,0,29,,77124,20,,,0,70,,77130,20,,,0,29,,77126,20,,,0,71,,77133,20,,,0,28,,77128,20,,,0,71,,77119,20,,,0,30,,77129,20,,,0,70,,77137,20,,,0,30,,77127,20,,,0,71,,77122,20,,,0,30,,77118,20,,,0,70,,77136,20,,,0,30,,77135,20,,,0,70,,77131,20,,,0,29,,77139,20,,,0,71,,77132,20,,,0,30,,77120,20,,,0,71,,77125,20,,,0,30,,77138,20,,,0,70,,77116,20,,,0
669200,'1_merged_15288063',622,,80833,44,,,0,30,,80834,44,,,0,70,,80835,44,,,0,21,,80836,44,,,0,60,,80837,44,,,0,20,,80838,44,,,0,20,,80839,44,,,0,60,,80840,44,,,0,20,,80841,44,,,0,20,,80842,44,,,0,60,,80843,44,,,0,20,,80844,44,,,0,21,,80845,44,,,0,60,,80846,44,,,0,20,,80847,44,,,0,21,,80848,44,,,0,61,,80849,44,,,0,20,,80850,44,,,0,20,,80851,44,,,0,60,,80852,44,,,0,20,,80853,44,,,0,20,,80854,44,,,0,60,,80855,44,,,0,20,,80856,44,,,0,24,,80857,44,,,0,60,,80858,44,,,0,20,,80859,44,,,0,21,,80860,44,,,0,60,,80861,44,,,0,20,,80862,44,,,0,20,,80863,44,,,0,60,,80864,44,,,0,20,,80865,44,,,0,20,,80866,44,,,0,60,,80867,44,,,0,17,,80868,44,,,0,19,,80869,44,,,0,65,,80870,44,,,0,28,,80871,44,,,0,68,,80872,44,,,0,27,,80873,44,,,0,20,,80874,44,,,0,70,,80875,44,,,0,80,,80876,44,,,0,31,,80877,31,,,0,75,,80878,31,,,0,29,,80879,31,,,0,79,,80880,31,,,0,32,,80881,31,,,0,86,,80882,31,,,0
669200,'2_merged_15288065',615,,80883,44,,,0,20,,80884,44,,,0,70,,80885,44,,,0,30,,80886,44,,,0,70,,80887,44,,,0,30,,80888,44,,,0,72,,80889,44,,,0,30,,80890,44,,,0,70,,80891,44,,,0,30,,80892,44,,,0,70,,80893,44,,,0,30,,80894,44,,,0,22,,80895,44,,,0,61,,80896,44,,,0,20,,80897,44,,,0,60,,80898,44,,,0,20,,80899,44,,,0,20,,80900,44,,,0,60,,80901,44,,,0,20,,80902,44,,,0,20,,80903,44,,,0,60,,80904,44,,,0,20,,80905,44,,,0,20,,80906,44,,,0,60,,80907,44,,,0,20,,80908,44,,,0,20,,80909,44,,,0,60,,80910,44,,,0,20,,80911,44,,,0,19,,80912,44,,,0,20,,80913,44,,,0,60,,80914,44,,,0,20,,80915,44,,,0,70,,80916,44,,,0,28,,80917,44,,,0,71,,80918,44,,,0,30,,80919,44,,,0,69,,80920,44,,,0,17,,80921,31,,,0,80,,80922,31,,,0,40,,80923,31,,,0,79,,80924,31,,,0,81,,80925,31,,,0,40,,80926,31,,,0,80,,80927,31,,,0
669200,'3_merged_15288064',706,,80928,44,,,0,30,,80929,44,,,0,70,,80930,44,,,0,33,,80931,44,,,0,70,,80932,44,,,0,30,,80933,44,,,0,71,,80934,44,,,0,30,,80935,44,,,0,70,,80936,44,,,0,30,,80937,44,,,0,60,,80938,44,,,0,21,,80939,44,,,0,20,,80940,44,,,0,60,,80941,44,,,0,20,,80942,44,,,0,20,,80943,44,,,0,60,,80944,44,,,0,20,,80945,44,,,0,20,,80946,44,,,0,60,,80947,44,,,0,20,,80948,44,,,0,20,,80949,44,,,0,60,,80950,44,,,0,20,,80951,44,,,0,20,,80952,44,,,0,60,,80953,44,,,0,20,,80954,44,,,0,20,,80955,44,,,0,60,,80956,44,,,0,19,,80957,44,,,0,20,,80958,44,,,0,67,,80959,44,,,0,31,,80960,44,,,0,70,,80961,44,,,0,30,,80962,44,,,0,69,,80963,44,,,0,19,,80964,31,,,0,80,,80965,31,,,0,40,,80966,31,,,0,78,,80967,31,,,0,82,,80968,31,,,0,40,,80969,31,,,0,80,,80970,31,,,0
1671701,'1_merged_15288063',1947,,98157,20,,,0,69,,98156,20,,,0,26,,98155,20,,,0,70,,98168,20,,,0,30,,98167,20,,,0,70,,98166,20,,,0,30,,98165,20,,,0,66,,98164,20,,,0,34,,98163,20,,,0,70,,98162,20,,,0,31,,98158,20,0,11 12,0,11,,98161,20,0,11 12,0,99,,98160,20,0,11 12,0
1671701,'2_merged_15288065',1939,,98171,20,,,0,69,,98170,20,,,0,29,,98169,20,,,0,70,,98181,20,,,0,31,,98180,20,,,0,70,,98179,20,,,0,30,,98178,20,,,0,70,,98177,20,,,0,30,,98176,20,,,0,70,,98175,20,,,0,20,,98182,20,0,11 12,0,28,,98174,20,0,11 12,0,98,,98173,20,0,11 12,0
1671701,'3_merged_15288064',1941,,98183,20,,,0,70,,98196,20,,,0,30,,98195,20,,,0,70,,98194,20,,,0,30,,98193,20,,,0,69,,98192,20,,,0,28,,98191,20,,,0,70,,98190,20,,,0,30,,98189,20,,,0,69,,98188,20,,,0,30,,98187,20,0,11 12,0,20,,98186,20,0,11 12,0,93,,98185,20,,,0
2263901,'1_merged_15288063',627,,100215,18,,,0,30,,100216,18,,,0,70,,100217,18,,,0,28,,100218,18,,,0,72,,100219,18,,,0,28,,100220,18,,,0,70,,100221,18,,,0,30,,100222,18,,,0,70,,100223,18,,,0,30,,100224,18,,,0,70,,100225,18,,,0,30,,100226,18,,,0,70,,100227,18,,,0,30,,100228,18,,,0,70,,100229,18,,,0,30,,100230,18,,,0,70,,100231,18,,,0,30,,100232,18,,,0,70,,100233,18,,,0,32,,100234,18,,,0,70,,100235,18,,,0,30,,100236,18,,,0,73,,100237,18,,,0,27,,100238,18,,,0,69,,100239,18,,,0,28,,100240,18,,,0,70,,100241,18,,,0,30,,100242,18,,,0,100,,100243,18,,,0
2263901,'2_merged_15288065',654,,100244,18,,,0,70,,100245,18,,,0,30,,100246,18,,,0,67,,100247,18,,,0,30,,100248,18,,,0,70,,100249,18,,,0,30,,100250,18,,,0,73,,100251,18,,,0,30,,100252,18,,,0,70,,100253,18,,,0,30,,100254,18,,,0,70,,100255,18,,,0,15,,100256,18,,,0,14,,100257,18,,,0,55,,100258,18,,,0,15,,100259,18,,,0,15,,100260,18,,,0,15,,100261,18,,,0,55,,100262,18,,,0,15,,100263,18,,,0,15,,100264,18,,,0,15,,100265,18,,,0,55,,100266,18,,,0,15,,100267,18,,,0,15,,100268,18,,,0,16,,100269,18,,,0,55,,100270,18,,,0,16,,100271,18,,,0,15,,100272,18,,,0,15,,100273,18,,,0,55,,100274,18,,,0,15,,100275,18,,,0,15,,100276,18,,,0,14,,100277,18,,,0,55,,100278,18,,,0,15,,100279,18,,,0,15,,100280,18,,,0,15,,100281,18,,,0,55,,100282,18,,,0,15,,100283,18,,,0,15,,100284,18,,,0,15,,100285,18,,,0,100,,100286,18,,,0
2263901,'3_merged_15288064',825,,100287,18,,,0,28,,100288,18,,,0,70,,100289,18,,,0,30,,100290,18,,,0,70,,100291,18,,,0,30,,100292,18,,,0,70,,100293,18,,,0,30,,100294,18,,,0,70,,100295,18,,,0,15,,100296,18,,,0,15,,100297,18,,,0,55,,100298,18,,,0,15,,100299,18,,,0,15,,100300,18,,,0,15,,100301,18,,,0,55,,100302,18,,,0,15,,100303,18,,,0,15,,100304,18,,,0,15,,100305,18,,,0,55,,100306,18,,,0,15,,100307,18,,,0,15,,100308,18,,,0,14,,100309,18,,,0,55,,100310,18,,,0,15,,100311,18,,,0,15,,100312,18,,,0,15,,100313,18,,,0,55,,100314,18,,,0,15,,100315,18,,,0,15,,100316,18,,,0,15,,100317,18,,,0,55,,100318,18,,,0,15,,100319,18,,,0,15,,100320,18,,,0,15,,100321,18,,,0,55,,100322,18,,,0,15,,100323,18,,,0,17,,100324,18,,,0,15,,100325,18,,,0,100,,100326,18,,,0
