'1merged15072454',3004300,53100,4,'',0,2000,4,'',0,5900,4,'',0,1500,4,'',0,1300,4,'',0,1600,4,'',0,6000,4,'',0,1400,4,'',0,1500,4,'',0,1400,4,'',0,5800,4,'',0,1800,4,'',0,1600,4,'',0,5700,4,'',0,1400,4,'',0,1200,4,'',0,1500,4,'',0,5500,4,'',0,1500,4,'',0,1500,4,'',0,1500,4,'',0,5500,4,'',0,1500,4,'',0,1500,4,'',0,1500,4,'',0,5500,4,'',0,1500,4,'',0,1500,4,'',0,1500,4,'',0,5600,4,'',0,1500,4,'',0,1700,4,'',0,1500,4,'',0,5400,4,'',0,1500,4,'',0,1600,4,'',0,1500,4,'',0,5900,4,'',0,1500,4,'',0,1700,4,'',0,1500,4,'',0,5700,4,'',0,1400,4,'',0,1600,4,'',0,1300,4,'',0,5500,4,'',0,1400,4,'',0,1600,4,'',0,1500,4,'',0,5600,4,'',0,1500,4,'',0,1200,4,'',0,1500,4,'',0,5300,4,'',0,2000,4,'',0,2000,4,'',0,6500,4,'',0,2200,4,'',0,1800,4,'',0,6000,4,'',0,2400,4,'',0,6900,4,'',0,2700,4,'',0,7000,4,'',0,2700,4,'',0,3000,4,'',0,7000,4,'',0,3000,4,'',0
'2merged15072456',3004300,62200,4,'',0,3300,4,'',0,7200,4,'',0,3000,4,'',0,7000,4,'',0,7300,4,'',0,3100,4,'',0,7000,4,'',0,3100,4,'',0,7100,4,'',0,3000,4,'',0,1900,4,'',0,6000,4,'',0,2000,4,'',0,2000,4,'',0,6200,4,'',0,2100,4,'',0,2000,4,'',0,6000,4,'',0,2000,4,'',0,2000,4,'',0,6000,4,'',0,2000,4,'',0,2000,4,'',0,6000,4,'',0,2000,4,'',0,1900,4,'',0,6100,4,'',0,1700,4,'',0,2000,4,'',0,6000,4,'',0,1800,4,'',0,2500,4,'',0,7700,4,'',0,2500,4,'',0,8000,4,'',0,6300,4,'',0,2900,4,'',0,3000,4,'',0,7400,4,'',0,2500,4,'',0,7400,4,'',0,2500,4,'',0
'3merged15072455',3004300,65600,4,'',0,7000,4,'',0,3100,4,'',0,7000,4,'',0,3000,4,'',0,7200,4,'',0,3000,4,'',0,7300,4,'',0,6900,4,'',0,2900,4,'',0,2000,4,'',0,6000,4,'',0,2200,4,'',0,2000,4,'',0,6000,4,'',0,2000,4,'',0,2000,4,'',0,6000,4,'',0,2000,4,'',0,2000,4,'',0,6000,4,'',0,2000,4,'',0,2000,4,'',0,6000,4,'',0,2000,4,'',0,2000,4,'',0,6000,4,'',0,2100,4,'',0,2000,4,'',0,6000,4,'',0,1400,4,'',0,3000,4,'',0,7000,4,'',0,2900,4,'',0,7000,4,'',0,3000,4,'',0,6900,4,'',0,3000,4,'',0,6800,4,'',0,3000,4,'',0,6800,4,'',0,3000,4,'',0
'1merged15072454',3004401,60800,4,'',0,3000,4,'',0,7000,4,'',0,3300,4,'',0,6500,4,'',0,3400,4,'',0,6900,4,'',0,3900,4,'',0,8000,4,'',0,8000,4,'',0,4100,4,'',0,8000,4,'',0,8000,4,'',0,4000,4,'',0,8000,4,'',0,7900,4,'',0,3100,4,'',0,7100,4,'',0,4100,4,'',0,7100,4,'',0,2900,4,'',0,8200,4,'',0,1600,4,'',0,6900,4,'',0,9600,4,'',0,9900,4,'',0,12600,4,'',0,10000,4,'',0
'2merged15072456',3004401,80300,4,'',0,10000,4,'',0,10000,4,'',0,10200,4,'',0,10000,4,'',0,10000,4,'',0,10200,4,'',0,10000,4,'',0,10000,4,'',0,10000,4,'',0,9800,4,'',0,10000,4,'',0,10300,4,'',0,10200,4,'',0,10000,4,'',0,12700,4,'',0
'3merged15072455',3004401,90300,4,'',0,10000,4,'',0,10100,4,'',0,10000,4,'',0,10000,4,'',0,10300,4,'',0,10000,4,'',0,10000,4,'',0,9900,4,'',0,10000,4,'',0,10000,4,'',0,10400,4,'',0,10200,4,'',0,10000,4,'',0,12400,4,'',0
'1merged15072454',3004501,60400,4,'',0,2900,4,'',0,7300,4,'',0,3200,4,'',0,6700,4,'',0,3400,4,'',0,6400,4,'',0,3100,4,'',0,2500,4,'',0,6800,4,'',0,7300,4,'',0,3000,4,'',0,7100,4,'',0,3000,4,'',0,7000,4,'',0,3500,4,'',0,7000,4,'',0,3000,4,'',0,7000,4,'',0,2500,4,'',0,7000,4,'',0,2900,4,'',0,2600,4,'',0,8100,4,'',0,6900,4,'',0,2900,4,'',0,7800,4,'',0,1700,4,'',0,2900,4,'',0,8000,4,'',0,9700,4,'',0
'2merged15072456',3004501,92500,4,'',0,10000,4,'',0,10200,4,'',0,10000,4,'',0,10200,4,'',0,9800,4,'',0,10100,4,'',0,9900,4,'',0,10000,4,'',0,10100,4,'',0,9800,4,'',0,9800,4,'',0,9800,4,'',0
'3merged15072455',3004501,92400,4,'',0,10000,4,'',0,10000,4,'',0,10000,4,'',0,10600,4,'',0,10100,4,'',0,9800,4,'',0,10000,4,'',0,9800,4,'',0,9900,4,'',0,9800,4,'',0,9800,4,'',0,9800,4,'',0
'1merged15072454',3004601,50800,4,'',0,2200,4,'',0,2000,4,'',0,6000,4,'',0,1500,4,'',0,1400,4,'',0,1600,4,'',0,5400,4,'',0,1600,4,'',0,1500,4,'',0,1600,4,'',0,5400,4,'',0,1300,4,'',0,1300,4,'',0,1900,4,'',0,6500,4,'',0,2700,4,'',0,7000,4,'',0,2700,4,'',0,7000,4,'',0,3100,4,'',0,7000,4,'',0,3100,4,'',0,7200,4,'',0,3000,4,'',0,7200,4,'',0,3100,4,'',0,7200,4,'',0,2100,4,'',0,6000,4,'',0,1600,4,'',0,2100,4,'',0,1300,4,'',0,6100,4,'',0,900,4,'',0,1500,4,'',0,1300,4,'',0,5500,4,'',0,1500,4,'',0,2100,4,'',0,6100,4,'',0,2400,4,'',0,1700,4,'',0,6900,4,'',0,2800,4,'',0,7000,4,'',0,2800,4,'',0,7000,4,'',0,2800,4,'',0,7000,4,'',0,3000,4,'',0,7000,4,'',0,3000,4,'',0,7000,4,'',0,3000,4,'',0,7000,4,'',0
'2merged15072456',3004601,54600,4,'',0,7200,4,'',0,3000,4,'',0,7000,4,'',0,3200,4,'',0,7000,4,'',0,3000,4,'',0,7200,4,'',0,3100,4,'',0,7000,4,'',0,3300,4,'',0,7200,4,'',0,3000,4,'',0,7000,4,'',0,3000,4,'',0,7000,4,'',0,3000,4,'',0,7000,4,'',0,3000,4,'',0,7000,4,'',0,3000,4,'',0,7000,4,'',0,2900,4,'',0,7000,4,'',0,3000,4,'',0,7000,4,'',0,2800,4,'',0,6700,4,'',0,3000,4,'',0,7000,4,'',0,2900,4,'',0,7200,4,'',0,2800,4,'',0,7000,4,'',0,2600,4,'',0,7000,4,'',0,3000,4,'',0,7000,4,'',0,3000,4,'',0,7000,4,'',0,3000,4,'',0
'3merged15072455',3004601,54600,4,'',0,7000,4,'',0,3000,4,'',0,7200,4,'',0,3000,4,'',0,7000,4,'',0,3000,4,'',0,7200,4,'',0,3100,4,'',0,7000,4,'',0,3000,4,'',0,7000,4,'',0,3000,4,'',0,7100,4,'',0,3200,4,'',0,7000,4,'',0,3000,4,'',0,7000,4,'',0,3000,4,'',0,7000,4,'',0,3100,4,'',0,7000,4,'',0,3300,4,'',0,6700,4,'',0,3300,4,'',0,6700,4,'',0,2800,4,'',0,7000,4,'',0,2800,4,'',0,7000,4,'',0,2900,4,'',0,7000,4,'',0,3000,4,'',0,7000,4,'',0,2700,4,'',0,7000,4,'',0,3000,4,'',0,7000,4,'',0,2900,4,'',0,7000,4,'',0
'1merged15072454',3004701,55400,4,'',0,5700,4,'',0,1500,4,'',0,1600,4,'',0,800,4,'',0,6100,4,'',0,1600,4,'',0,1300,4,'',0,6200,4,'',0,1500,4,'',0,1500,4,'',0,1500,4,'',0,5500,4,'',0,1500,4,'',0,2500,4,'',0,6900,4,'',0,3000,4,'',0,7000,4,'',0,3000,4,'',0,7000,4,'',0,3000,4,'',0,7000,4,'',0,2900,4,'',0,6900,4,'',0,3300,4,'',0,7100,4,'',0,2500,4,'',0,1500,4,'',0,5500,4,'',0,1500,4,'',0,1500,4,'',0,1500,4,'',0,5600,4,'',0,1500,4,'',0,1500,4,'',0,1400,4,'',0,5400,4,'',0,1400,4,'',0,1000,4,'',0,1800,4,'',0,5100,4,'',0,2000,4,'',0,2000,4,'',0,6900,4,'',0,3000,4,'',0,7000,4,'',0,3000,4,'',0,7000,4,'',0,3000,4,'',0,7000,4,'',0,3000,4,'',0,7000,4,'',0
'2merged15072456',3004701,73600,4,'',0,7500,4,'',0,3000,4,'',0,7000,4,'',0,3000,4,'',0,6800,4,'',0,3100,4,'',0,7000,4,'',0,3200,4,'',0,6800,4,'',0,3000,4,'',0,6900,4,'',0,3000,4,'',0,7100,4,'',0,3100,4,'',0,7000,4,'',0,2900,4,'',0,7000,4,'',0,2900,4,'',0,6900,4,'',0,2900,4,'',0,7100,4,'',0,2800,4,'',0,7100,4,'',0,3100,4,'',0,7000,4,'',0,3000,4,'',0,7000,4,'',0,2900,4,'',0,7000,4,'',0,2800,4,'',0,7200,4,'',0,2800,4,'',0,7000,4,'',0
'3merged15072455',3004701,80700,4,'',0,3000,4,'',0,7000,4,'',0,3100,4,'',0,7200,4,'',0,3000,4,'',0,6800,4,'',0,3000,4,'',0,7000,4,'',0,3200,4,'',0,7000,4,'',0,3000,4,'',0,7000,4,'',0,3000,4,'',0,6800,4,'',0,3100,4,'',0,7100,4,'',0,2900,4,'',0,7000,4,'',0,3000,4,'',0,7100,4,'',0,3000,4,'',0,6900,4,'',0,3000,4,'',0,7500,4,'',0,2400,4,'',0,7000,4,'',0,3000,4,'',0,7000,4,'',0
