667700,'101_merged_15291802',1614,,78039,17,,,0
667700,'1101_merged_15291806',2519,,78040,17,,,0
667700,'1201_merged_15291788',2519,,78041,17,,,0
667700,'1_merged_15291795',618,,78079,17,,,0,29,,78052,17,,,0,71,,78060,17,,,0,30,,78067,17,,,0,73,,78077,17,,,0,28,,78063,17,,,0,78,,78047,17,,,0,24,,78085,17,,,0,87,,78046,17,,,0,71,,78054,17,,,0,29,,78061,17,,,0,70,,78059,17,,,0,30,,78058,17,,,0,71,,78068,17,,,0,31,,78045,17,,,0,69,,78083,17,,,0,16,,78048,17,,,0,31,,78049,17,,,0,65,,78042,17,,,0,20,,78073,17,,,0,14,,78053,17,,,0,70,,78056,17,,,0,19,,78064,17,,,0,12,,78057,17,,,0,59,,78074,17,,,0,12,,78069,17,,,0,19,,78080,17,,,0,60,,78084,17,,,0,13,,78070,17,,,0,15,,78081,17,,,0,12,,78078,17,,,0,56,,78071,17,,,0,10,,78051,17,,,0,11,,78072,17,,,0,14,,78066,17,,,0,16,,78086,17,,,0,57,,78062,17,,,0,16,,78044,17,,,0,15,,78082,17,,,0,11,,78043,17,,,0,68,,78075,17,,,0,29,,78065,17,,,0,69,,78055,17,,,0,30,,78088,17,,,0,68,,78076,17,,,0,30,,78087,17,,,0,70,,78050,17,,,0
667700,'2_merged_15291797',650,,78116,17,,,0,66,,78117,17,,,0,31,,78096,17,,,0,70,,78124,17,,,0,32,,78125,17,,,0,72,,78092,17,,,0,30,,78122,17,,,0,69,,78099,17,,,0,32,,78130,17,,,0,71,,78094,17,,,0,28,,78129,17,,,0,71,,78131,17,,,0,30,,78097,17,,,0,70,,78095,17,,,0,32,,78134,17,,,0,56,,78105,17,,,0,20,,78132,17,,,0,22,,78090,17,,,0,59,,78115,17,,,0,19,,78121,17,,,0,22,,78120,17,,,0,59,,78114,17,,,0,20,,78091,17,,,0,21,,78098,17,,,0,59,,78113,17,,,0,24,,78133,17,,,0,19,,78100,17,,,0,60,,78112,17,,,0,23,,78126,17,,,0,20,,78123,17,,,0,64,,78111,17,,,0,16,,78104,17,,,0,15,,78101,17,,,0,55,,78119,17,,,0,16,,78110,17,,,0,29,,78127,17,,,0,72,,78118,17,,,0,28,,78102,17,,,0,69,,78107,17,,,0,30,,78106,17,,,0,70,,78128,17,,,0,30,,78109,17,,,0,69,,78093,17,,,0,32,,78108,17,,,0,64,,78103,17,,,0,36,,78089,17,,,0
667700,'3_merged_15291796',821,,78152,17,,,0,30,,78146,17,,,0,70,,78155,17,,,0,29,,78145,17,,,0,70,,78153,17,,,0,30,,78144,17,,,0,69,,78154,17,,,0,31,,78135,17,,,0,69,,78156,17,,,0,32,,78143,17,,,0,69,,78139,17,,,0,32,,78151,17,,,0,70,,78158,17,,,0,31,,78150,17,,,0,53,,78172,17,,,0,30,,78159,17,,,0,15,,78149,17,,,0,57,,78171,17,,,0,29,,78162,17,,,0,16,,78148,17,,,0,55,,78170,17,,,0,32,,78160,17,,,0,13,,78147,17,,,0,56,,78169,17,,,0,30,,78157,17,,,0,14,,78142,17,,,0,57,,78168,17,,,0,26,,78137,17,,,0,15,,78141,17,,,0,59,,78167,17,,,0,26,,78136,17,,,0,17,,78140,17,,,0,67,,78138,17,,,0,30,,78166,17,,,0,71,,78163,17,,,0,30,,78165,17,,,0,71,,78161,17,,,0,34,,78164,17,,,0
683700,'1101_merged_15291806',2658,,95616,44,,,0
683700,'1201_merged_15291788',2658,,95617,44,,,0
683700,'1_merged_15291795',2538,,95624,44,,,0,20,,95623,44,,,0,60,,95619,44,,,0,29,,95622,44,,,0,74,,95621,44,,,0,19,,95620,44,,,0,68,,95618,44,,,0
683700,'2_merged_15291797',525,,95633,18,,,0,2020,,95627,44,,,0,62,,95632,44,,,0,14,,95626,44,,,0,19,,95631,44,,,0,60,,95628,44,,,0,30,,95630,44,,,0,12,,95629,44,,,0,74,,95625,44,,,0
683700,'3_merged_15291796',555,,95642,18,,,0,74,,95643,18,,,0,71,,95644,18,,,0,30,,95645,38,,,0,1687,,95638,44,,,0,32,,95637,44,,,0,70,,95636,44,,,0,38,,95635,44,,,0,71,,95634,44,,,0,24,,95641,44,,,0,88,,95640,44,,,0,65,,95639,44,,,0
