672100,'1_merged_15291795',1616,,86648,35,,,0,35,,86652,35,,,0,75,,86647,35,,,0,74,,86653,35,,,0,20,,86651,35,,,0,16,,86654,35,,,0,17,,86656,35,,,0,60,,86650,35,,,0,17,,86657,35,,,0,17,,86655,35,,,0,59,,86649,35,,,0
681601,'1_merged_15291795',737,,93500,6,,,0,100,,93499,6,,,0,100,,93498,6,,,0,100,,93497,6,,,0,100,,93496,6,,,0,100,,93495,6,,,0,100,,93494,6,,,0,100,,93508,6,,,0,100,,93507,6,,,0,100,,93506,6,,,0,100,,93505,6,,,0,100,,93504,6,,,0,100,,93503,6,,,0,100,,93502,6,,,0,100,,93501,6,,,0
681601,'2_merged_15291797',937,,93509,6,,,0,100,,93510,6,,,0,100,,93511,6,,,0,100,,93512,6,,,0,100,,93513,6,,,0,100,,93514,6,,,0,100,,93515,6,,,0,100,,93516,6,,,0,100,,93517,6,,,0,100,,93518,6,,,0,100,,93519,6,,,0,100,,93520,6,,,0,100,,93521,6,,,0
681601,'3_merged_15291796',937,,93530,6,,,0,100,,93529,6,,,0,100,,93528,6,,,0,100,,93527,6,,,0,100,,93531,6,,,0,100,,93526,6,,,0,100,,93525,6,,,0,100,,93524,6,,,0,100,,93523,6,,,0,100,,93522,6,,,0
1169200,'1_merged_15291795',538,,97321,42,,,0,18,,97322,42,,,0,59,,97339,42,,,0,20,,97323,42,,,0,18,,97320,42,,,0,57,,97356,42,,,0,16,,97340,42,,,0,19,,97319,42,,,0,56,,97357,42,,,0,17,,97318,42,,,0,16,,97341,42,,,0,15,,97360,42,,,0,54,,97317,42,,,0,15,,97316,42,,,0,16,,97342,42,,,0,19,,97315,42,,,0,60,,97343,42,,,0,20,,97314,42,,,0,20,,97313,42,,,0,60,,97344,42,,,0,21,,97307,42,,,0,20,,97333,42,,,0,60,,97345,42,,,0,21,,97325,42,,,0,21,,97324,42,,,0,60,,97346,42,,,0,22,,97312,42,,,0,62,,97311,42,,,0,20,,97347,42,,,0,22,,97310,42,,,0,62,,97309,42,,,0,19,,97308,42,,,0,23,,97348,42,,,0,61,,97306,42,,,0,20,,97338,42,,,0,20,,97349,42,,,0,58,,97337,42,,,0,15,,97350,42,,,0,14,,97336,42,,,0,14,,97353,42,,,0,54,,97335,42,,,0,12,,97351,42,,,0,13,,97334,42,,,0,14,,97354,42,,,0,14,,97332,42,,,0,60,,97352,42,,,0,20,,97331,42,,,0,18,,97330,42,,,0,60,,97355,42,,,0,23,,97329,42,,,0,70,,97328,42,,,0,30,,97327,42,,,0,69,,97326,42,,,0,98,,97358,42,,,0,97,,97359,42,,,0
1169200,'2_merged_15291797',611,,97399,42,,,0,28,,97373,42,,,0,63,,97405,42,,,0,23,,97372,42,,,0,22,,97374,42,,,0,62,,97375,42,,,0,22,,97388,42,,,0,20,,97376,42,,,0,60,,97377,42,,,0,21,,97389,42,,,0,21,,97378,42,,,0,60,,97379,42,,,0,21,,97390,42,,,0,22,,97380,42,,,0,60,,97381,42,,,0,20,,97391,42,,,0,20,,97382,42,,,0,60,,97370,42,,,0,20,,97392,42,,,0,20,,97383,42,,,0,60,,97393,42,,,0,23,,97384,42,,,0,62,,97385,42,,,0,21,,97394,42,,,0,22,,97386,42,,,0,61,,97387,42,,,0,20,,97395,42,,,0,19,,97362,42,,,0,58,,97371,42,,,0,20,,97396,42,,,0,20,,97363,42,,,0,59,,97364,42,,,0,20,,97400,42,,,0,19,,97397,42,,,0,60,,97365,42,,,0,20,,97366,42,,,0,20,,97367,42,,,0,60,,97398,42,,,0,20,,97368,42,,,0,29,,97369,42,,,0,70,,97361,42,,,0,98,,97401,42,,,0,99,,97402,42,,,0,98,,97403,42,,,0,98,,97404,42,,,0
1169200,'3_merged_15291796',628,,97444,42,,,0,31,,97432,42,,,0,72,,97417,42,,,0,73,,97416,42,,,0,32,,97418,42,,,0,72,,97419,42,,,0,31,,97420,42,,,0,70,,97421,42,,,0,30,,97422,42,,,0,73,,97428,42,,,0,30,,97423,42,,,0,70,,97424,42,,,0,31,,97425,42,,,0,70,,97426,42,,,0,30,,97427,42,,,0,71,,97429,42,,,0,20,,97434,42,,,0,20,,97430,42,,,0,60,,97431,42,,,0,19,,97435,42,,,0,20,,97406,42,,,0,60,,97407,42,,,0,19,,97436,42,,,0,19,,97408,42,,,0,60,,97409,42,,,0,20,,97437,42,,,0,20,,97410,42,,,0,60,,97411,42,,,0,20,,97438,42,,,0,19,,97412,42,,,0,60,,97413,42,,,0,19,,97439,42,,,0,26,,97414,42,,,0,65,,97415,42,,,0,26,,97433,42,,,0,95,,97440,42,,,0,96,,97441,42,,,0,97,,97442,42,,,0,98,,97443,42,,,0
1870501,'1_merged_15291795',528,,99499,4,,,0,15,,99457,4,,,0,15,,99459,4,,,0,55,,99494,4,,,0,15,,99484,4,,,0,20,,99458,4,,,0,60,,99485,4,,,0,20,,99460,4,,,0,20,,99461,4,,,0,60,,99486,4,,,0,20,,99462,4,,,0,20,,99463,4,,,0,60,,99487,4,,,0,20,,99464,4,,,0,20,,99465,4,,,0,60,,99495,4,,,0,20,,99466,4,,,0,23,,99467,4,,,0,70,,99480,4,,,0,30,,99468,4,,,0,70,,99456,4,,,0,30,,99469,4,,,0,70,,99470,4,,,0,30,,99471,4,,,0,56,,99492,4,,,0,18,,99472,4,,,0,18,,99473,4,,,0,57,,99488,4,,,0,17,,99474,4,,,0,17,,99493,4,,,0,17,,99475,4,,,0,57,,99489,4,,,0,21,,99476,4,,,0,21,,99477,4,,,0,61,,99490,4,,,0,22,,99479,4,,,0,21,,99478,4,,,0,61,,99491,4,,,0,21,,99481,4,,,0,21,,99482,4,,,0,63,,99483,4,,,0,29,,99453,4,,,0,69,,99454,4,,,0,29,,99455,4,,,0,99,,99496,4,,,0,100,,99497,4,,,0,100,,99498,4,,,0
1870501,'2_merged_15291797',551,,99518,4,,,0,70,,99519,4,,,0,30,,99520,4,,,0,70,,99521,4,,,0,30,,99522,4,,,0,70,,99523,4,,,0,30,,99524,4,,,0,70,,99525,4,,,0,31,,99503,4,,,0,72,,99504,4,,,0,32,,99505,4,,,0,72,,99506,4,,,0,31,,99507,4,,,0,71,,99508,4,,,0,70,,99509,4,,,0,30,,99510,4,,,0,70,,99511,4,,,0,30,,99512,4,,,0,70,,99513,4,,,0,30,,99514,4,,,0,70,,99515,4,,,0,30,,99516,4,,,0,70,,99517,4,,,0,28,,99526,4,,,0,28,,99527,4,,,0,68,,99528,4,,,0,28,,99529,4,,,0,70,,99530,4,,,0,30,,99500,4,,,0,70,,99501,4,,,0,30,,99502,4,,,0,99,,99531,4,,,0,100,,99532,4,,,0,100,,99533,4,,,0
1870501,'3_merged_15291796',551,,99560,4,,,0,70,,99561,4,,,0,30,,99562,4,,,0,70,,99563,4,,,0,30,,99534,4,,,0,70,,99535,4,,,0,30,,99536,4,,,0,70,,99537,4,,,0,30,,99538,4,,,0,70,,99539,4,,,0,30,,99540,4,,,0,70,,99541,4,,,0,30,,99542,4,,,0,70,,99543,4,,,0,30,,99544,4,,,0,72,,99545,4,,,0,32,,99546,4,,,0,70,,99547,4,,,0,30,,99548,4,,,0,70,,99549,4,,,0,30,,99550,4,,,0,70,,99551,4,,,0,30,,99552,4,,,0,70,,99553,4,,,0,30,,99554,4,,,0,70,,99555,4,,,0,30,,99556,4,,,0,70,,99557,4,,,0,30,,99558,4,,,0,70,,99564,4,,,0,30,,99559,4,,,0,96,,99565,4,,,0,100,,99566,4,,,0,100,,99567,4,,,0
