667700,'101_merged_15288070',1558,,78039,5,,,0
667700,'1101_merged_15288074',2510,,78040,5,,,0
667700,'1201_merged_15288056',2510,,78041,5,,,0
667700,'1_merged_15288063',607,,78079,5,,,0,29,,78052,5,,,0,71,,78060,5,,,0,29,,78067,5,,,0,72,,78077,5,,,0,28,,78063,5,,,0,78,,78047,5,,,0,24,,78085,5,,,0,87,,78046,5,,,0,31,,78054,5,,,0,68,,78061,5,,,0,30,,78059,5,,,0,70,,78058,5,,,0,31,,78068,5,,,0,71,,78045,5,,,0,29,,78083,5,,,0,55,,78048,5,,,0,30,,78049,5,,,0,65,,78042,5,,,0,20,,78073,5,,,0,14,,78053,5,,,0,70,,78056,5,,,0,19,,78064,5,,,0,12,,78057,5,,,0,18,,78074,5,,,0,54,,78069,5,,,0,19,,78080,5,,,0,20,,78084,5,,,0,53,,78070,5,,,0,16,,78081,5,,,0,12,,78078,5,,,0,16,,78071,5,,,0,10,,78051,5,,,0,52,,78072,5,,,0,14,,78066,5,,,0,16,,78086,5,,,0,17,,78062,5,,,0,56,,78044,5,,,0,15,,78082,5,,,0,11,,78043,5,,,0,69,,78075,5,,,0,29,,78065,5,,,0,70,,78055,5,,,0,30,,78088,5,,,0,70,,78076,5,,,0,30,,78087,5,,,0,70,,78050,5,,,0
667700,'2_merged_15288065',641,,78116,5,,,0,66,,78117,5,,,0,30,,78096,5,,,0,70,,78124,5,,,0,30,,78125,5,,,0,71,,78092,5,,,0,30,,78122,5,,,0,69,,78099,5,,,0,32,,78130,5,,,0,71,,78094,5,,,0,28,,78129,5,,,0,71,,78131,5,,,0,30,,78097,5,,,0,70,,78095,5,,,0,32,,78134,5,,,0,16,,78105,5,,,0,60,,78132,5,,,0,22,,78090,5,,,0,19,,78115,5,,,0,59,,78121,5,,,0,22,,78120,5,,,0,19,,78114,5,,,0,60,,78091,5,,,0,20,,78098,5,,,0,20,,78113,5,,,0,64,,78133,5,,,0,19,,78100,5,,,0,60,,78112,5,,,0,23,,78126,5,,,0,20,,78123,5,,,0,64,,78111,5,,,0,16,,78104,5,,,0,15,,78101,5,,,0,15,,78119,5,,,0,56,,78110,5,,,0,29,,78127,5,,,0,73,,78118,5,,,0,28,,78102,5,,,0,69,,78107,5,,,0,30,,78106,5,,,0,70,,78128,5,,,0,30,,78109,5,,,0,70,,78093,5,,,0,32,,78108,5,,,0,66,,78103,5,,,0,36,,78089,5,,,0
667700,'3_merged_15288064',809,,78152,5,,,0,30,,78146,5,,,0,70,,78155,5,,,0,29,,78145,5,,,0,69,,78153,5,,,0,30,,78144,5,,,0,69,,78154,5,,,0,31,,78135,5,,,0,69,,78156,5,,,0,32,,78143,5,,,0,69,,78139,5,,,0,32,,78151,5,,,0,70,,78158,5,,,0,31,,78150,5,,,0,13,,78172,5,,,0,70,,78159,5,,,0,15,,78149,5,,,0,17,,78171,5,,,0,69,,78162,5,,,0,16,,78148,5,,,0,15,,78170,5,,,0,71,,78160,5,,,0,13,,78147,5,,,0,16,,78169,5,,,0,71,,78157,5,,,0,14,,78142,5,,,0,17,,78168,5,,,0,67,,78137,5,,,0,15,,78141,5,,,0,19,,78167,5,,,0,65,,78136,5,,,0,17,,78140,5,,,0,68,,78138,5,,,0,30,,78166,5,,,0,72,,78163,5,,,0,30,,78165,5,,,0,70,,78161,5,,,0,34,,78164,5,,,0
667800,'1_merged_15288063',534,,78330,5,,,0,15,,78332,5,,,0,73,,78334,5,,,0,21,,78346,5,,,0,15,,78314,5,,,0,53,,78310,5,,,0,15,,78349,5,,,0,12,,78323,5,,,0,17,,78350,5,,,0,72,,78343,5,,,0,26,,78320,5,,,0,73,,78348,5,,,0,32,,78342,5,,,0,66,,78316,5,,,0,30,,78321,5,,,0,69,,78335,5,,,0,30,,78352,5,,,0,70,,78325,5,,,0,30,,78315,5,,,0,68,,78317,5,,,0,32,,78326,5,,,0,71,,78340,5,,,0,31,,78322,5,,,0,59,,78351,5,,,0,22,,78355,5,,,0,19,,78356,5,,,0,54,,78339,5,,,0,17,,78345,5,,,0,16,,78354,5,,,0,17,,78312,5,,,0,52,,78341,5,,,0,18,,78353,5,,,0,11,,78327,5,,,0,61,,78328,5,,,0,10,,78309,5,,,0,10,,78338,5,,,0,10,,78311,5,,,0,10,,78313,5,,,0,60,,78329,5,,,0,14,,78318,5,,,0,30,,78324,5,,,0,70,,78337,5,,,0,30,,78319,5,,,0,78,,78336,5,,,0,30,,78331,5,,,0,98,,78333,5,,,0,99,,78344,5,,,0,100,,78347,5,,,0
667800,'2_merged_15288065',623,,78366,5,,,0,30,,78358,5,,,0,70,,78379,5,,,0,30,,78359,5,,,0,71,,78390,5,,,0,30,,78389,5,,,0,70,,78381,5,,,0,30,,78391,5,,,0,69,,78387,5,,,0,30,,78363,5,,,0,70,,78361,5,,,0,28,,78357,5,,,0,74,,78362,5,,,0,29,,78364,5,,,0,70,,78392,5,,,0,31,,78365,5,,,0,69,,78375,5,,,0,29,,78382,5,,,0,70,,78371,5,,,0,30,,78383,5,,,0,73,,78372,5,,,0,29,,78384,5,,,0,69,,78373,5,,,0,31,,78388,5,,,0,70,,78376,5,,,0,30,,78385,5,,,0,70,,78367,5,,,0,30,,78386,5,,,0,70,,78369,5,,,0,30,,78377,5,,,0,68,,78393,5,,,0,17,,78368,5,,,0,71,,78380,5,,,0,30,,78378,5,,,0,100,,78374,5,,,0,100,,78370,5,,,0
667800,'3_merged_15288064',821,,78418,5,,,0,31,,78422,5,,,0,70,,78417,5,,,0,28,,78402,5,,,0,63,,78416,5,,,0,30,,78401,5,,,0,71,,78415,5,,,0,37,,78420,5,,,0,73,,78414,5,,,0,32,,78421,5,,,0,69,,78413,5,,,0,30,,78398,5,,,0,71,,78412,5,,,0,30,,78395,5,,,0,70,,78411,5,,,0,30,,78396,5,,,0,70,,78410,5,,,0,30,,78394,5,,,0,70,,78409,5,,,0,30,,78403,5,,,0,69,,78408,5,,,0,31,,78397,5,,,0,70,,78407,5,,,0,30,,78400,5,,,0,71,,78406,5,,,0,25,,78404,5,,,0,92,,78399,5,,,0,95,,78423,5,,,0,105,,78405,5,,,0,95,,78424,5,,,0
683700,'1101_merged_15288074',2651,,95616,31,,,0
683700,'1201_merged_15288056',2651,,95617,31,,,0
683700,'1_merged_15288063',2531,,95624,31,,,0,20,,95623,31,,,0,60,,95619,31,,,0,29,,95622,31,,,0,74,,95621,31,,,0,19,,95620,31,,,0,68,,95618,31,,,0
683700,'2_merged_15288065',518,,95633,5,,,0,2019,,95627,31,,,0,22,,95632,31,,,0,54,,95626,31,,,0,19,,95631,31,,,0,20,,95628,31,,,0,70,,95630,31,,,0,12,,95629,31,,,0,74,,95625,31,,,0
683700,'3_merged_15288064',548,,95642,5,,,0,74,,95643,5,,,0,31,,95644,5,,,0,68,,95645,25,,,0,1688,,95638,31,,,0,32,,95637,31,,,0,70,,95636,31,,,0,38,,95635,31,,,0,71,,95634,31,,,0,24,,95641,31,,,0,88,,95640,31,,,0,25,,95639,31,,,0
