3454000,'1_merged_15291795',529,,107657,1,,,0,30,,107658,1,,,0,70,,107659,1,,,0,30,,107660,1,,,0,71,,107661,1,,,0,70,,107662,1,,,0,30,,107663,1,,,0,80,,107664,1,,,0,40,,107665,1,,,0,81,,107666,1,,,0,80,,107667,1,,,0,40,,107668,1,,,0,81,,107669,1,,,0,80,,107670,1,,,0,40,,107671,1,,,0,80,,107672,1,,,0,82,,107673,1,,,0,28,,107674,1,,,0,70,,107675,1,,,0,40,,107676,1,,,0,70,,107677,1,,,0,30,,107678,1,,,0,80,,107679,1,,,0,90,,107680,1,,,0,80,,107681,1,,,0,40,,107682,1,,,0,80,,107683,1,,,0,80,,107684,1,,,0
3454000,'2_merged_15291797',850,,107685,1,,,0,85,,107686,1,,,0,85,,107687,1,,,0,85,,107688,1,,,0,45,,107689,1,,,0,85,,107690,1,,,0,85,,107691,1,,,0,85,,107692,1,,,0,45,,107693,1,,,0,85,,107694,1,,,0,85,,107695,1,,,0,85,,107696,1,,,0,45,,107697,1,,,0,85,,107698,1,,,0,85,,107699,1,,,0,85,,107700,1,,,0,45,,107701,1,,,0,85,,107702,1,,,0,85,,107703,1,,,0
3454000,'3_merged_15291796',850,,107704,1,,,0,85,,107705,1,,,0,85,,107706,1,,,0,85,,107707,1,,,0,45,,107708,1,,,0,85,,107709,1,,,0,85,,107710,1,,,0,85,,107711,1,,,0,45,,107712,1,,,0,85,,107713,1,,,0,85,,107714,1,,,0,85,,107715,1,,,0,45,,107716,1,,,0,85,,107717,1,,,0,85,,107718,1,,,0,85,,107719,1,,,0,45,,107720,1,,,0,85,,107721,1,,,0,85,,107722,1,,,0
3454001,'1_merged_15291795',538,,107723,13,4,,0,70,,107724,13,4,,0,30,,107725,13,4,,0,70,,107726,13,4,,0,30,,107727,13,4,,0,70,,107728,13,4,,0,30,,107729,13,4,,0,71,,107730,13,4,,0,39,,107731,13,4,,0,80,,107732,13,4,,0,80,,107733,13,4,,0,40,,107734,13,4,,0,80,,107735,13,4,,0,80,,107736,13,4,,0,40,,107737,13,4,,0,80,,107738,13,4,,0,81,,107739,13,4,,0,40,,107740,13,4,,0,75,,107741,13,4,,0,30,,107742,13,4,,0,71,,107743,13,4,,0,29,,107744,13,4,,0,78,,107745,13,4,,0,90,,107746,13,4,,0,81,,107747,13,4,,0,40,,107748,13,4,,0,80,,107749,13,4,,0,80,,107750,13,4,,0
3454001,'2_merged_15291797',823,,107751,13,4,,0,85,,107752,13,4,,0,45,,107753,13,4,,0,85,,107754,13,4,,0,85,,107755,13,4,,0,85,,107756,13,4,,0,45,,107757,13,4,,0,86,,107758,13,4,,0,85,,107759,13,4,,0,87,,107760,13,4,,0,45,,107761,13,4,,0,85,,107762,13,4,,0,85,,107763,13,4,,0,85,,107764,13,4,,0,45,,107765,13,4,,0,85,,107766,13,4,,0,85,,107767,13,4,,0,85,,107768,13,4,,0,45,,107769,13,4,,0
3454001,'3_merged_15291796',823,,107770,13,4,,0,85,,107771,13,4,,0,45,,107772,13,4,,0,85,,107773,13,4,,0,85,,107774,13,4,,0,85,,107775,13,4,,0,46,,107776,13,4,,0,85,,107777,13,4,,0,85,,107778,13,4,,0,85,,107779,13,4,,0,45,,107780,13,4,,0,85,,107781,13,4,,0,85,,107782,13,4,,0,85,,107783,13,4,,0,45,,107784,13,4,,0,85,,107785,13,4,,0,85,,107786,13,4,,0,85,,107787,13,4,,0,45,,107788,13,4,,0
3454100,'1_merged_15291795',538,,107789,1,,,0,70,,107790,1,,,0,30,,107791,1,,,0,70,,107792,1,,,0,30,,107793,1,,,0,70,,107794,1,,,0,30,,107795,1,,,0,71,,107796,1,,,0,39,,107797,1,,,0,80,,107798,1,,,0,80,,107799,1,,,0,40,,107800,1,,,0,80,,107801,1,,,0,80,,107802,1,,,0,40,,107803,1,,,0,80,,107804,1,,,0,81,,107805,1,,,0,40,,107806,1,,,0,75,,107807,1,,,0,30,,107808,1,,,0,71,,107809,1,,,0,29,,107810,1,,,0,78,,107811,1,,,0,90,,107812,1,,,0,81,,107813,1,,,0,40,,107814,1,,,0,80,,107815,1,,,0,80,,107816,1,,,0
3454100,'2_merged_15291797',823,,107817,1,,,0,85,,107818,1,,,0,45,,107819,1,,,0,85,,107820,1,,,0,85,,107821,1,,,0,85,,107822,1,,,0,45,,107823,1,,,0,86,,107824,1,,,0,85,,107825,1,,,0,87,,107826,1,,,0,45,,107827,1,,,0,85,,107828,1,,,0,85,,107829,1,,,0,85,,107830,1,,,0,45,,107831,1,,,0,85,,107832,1,,,0,85,,107833,1,,,0,85,,107834,1,,,0,45,,107835,1,,,0
3454100,'3_merged_15291796',823,,107836,1,,,0,85,,107837,1,,,0,45,,107838,1,,,0,85,,107839,1,,,0,85,,107840,1,,,0,85,,107841,1,,,0,46,,107842,1,,,0,85,,107843,1,,,0,85,,107844,1,,,0,85,,107845,1,,,0,45,,107846,1,,,0,85,,107847,1,,,0,85,,107848,1,,,0,85,,107849,1,,,0,45,,107850,1,,,0,85,,107851,1,,,0,85,,107852,1,,,0,85,,107853,1,,,0,45,,107854,1,,,0
3454101,'1_merged_15291795',529,,107855,23,4,,0,30,,107856,23,4,,0,70,,107857,23,4,,0,30,,107858,23,4,,0,71,,107859,23,4,,0,70,,107860,23,4,,0,30,,107861,23,4,,0,80,,107862,23,4,,0,40,,107863,23,4,,0,81,,107864,23,4,,0,80,,107865,23,4,,0,40,,107866,23,4,,0,81,,107867,23,4,,0,80,,107868,23,4,,0,40,,107869,23,4,,0,80,,107870,23,4,,0,82,,107871,23,4,,0,28,,107872,23,4,,0,70,,107873,23,4,,0,40,,107874,23,4,,0,70,,107875,23,4,,0,30,,107876,23,4,,0,80,,107877,23,4,,0,90,,107878,23,4,,0,80,,107879,23,4,,0,40,,107880,23,4,,0,80,,107881,23,4,,0,80,,107882,23,4,,0
3454101,'2_merged_15291797',850,,107883,23,4,,0,85,,107884,23,4,,0,85,,107885,23,4,,0,85,,107886,23,4,,0,45,,107887,23,4,,0,85,,107888,23,4,,0,85,,107889,23,4,,0,85,,107890,23,4,,0,45,,107891,23,4,,0,85,,107892,23,4,,0,85,,107893,23,4,,0,85,,107894,23,4,,0,45,,107895,23,4,,0,85,,107896,23,4,,0,85,,107897,23,4,,0,85,,107898,23,4,,0,45,,107899,23,4,,0,85,,107900,23,4,,0,85,,107901,23,4,,0
3454101,'3_merged_15291796',850,,107902,23,4,,0,85,,107903,23,4,,0,85,,107904,23,4,,0,85,,107905,23,4,,0,45,,107906,23,4,,0,85,,107907,23,4,,0,85,,107908,23,4,,0,85,,107909,23,4,,0,45,,107910,23,4,,0,85,,107911,23,4,,0,85,,107912,23,4,,0,85,,107913,23,4,,0,45,,107914,23,4,,0,85,,107915,23,4,,0,85,,107916,23,4,,0,85,,107917,23,4,,0,45,,107918,23,4,,0,85,,107919,23,4,,0,85,,107920,23,4,,0
