666701,'101_merged_15529707',836,,136187,24,,,0
666701,'1_merged_15529700',456,,136215,24,,,0,58,,136255,24,,,0,23,,136188,24,,,0,20,,136189,24,,,0,60,,136190,24,,,0,17,,136191,24,,,0,11,,136192,24,,,0,8,,136193,24,,,0,50,,136194,24,,,0,14,,136259,24,,,0,16,,136260,24,,,0,17,,136195,24,,,0,50,,136196,24,,,0,19,,136197,24,,,0,33,,136198,24,,,0,55,,136199,24,,,0,17,,136200,24,,,0,14,,136258,24,,,0,17,,136216,24,,,0,53,,136217,24,,,0,15,,136254,24,,,0,15,,136201,24,,,0,15,,136202,24,,,0,55,,136203,24,,,0,16,,136204,24,,,0,14,,136205,24,,,0,17,,136206,24,,,0,54,,136207,24,,,0,18,,136257,24,,,0,15,,136218,24,,,0,15,,136219,24,,,0,55,,136253,24,,,0,15,,136208,24,,,0,15,,136209,24,,,0,14,,136210,24,,,0,55,,136211,24,,,0,16,,136212,24,,,0,16,,136213,24,,,0,14,,136214,24,,,0,55,,136256,24,,,0,16,,136220,24,,,0,13,,136221,24,,,0,16,,136252,24,,,0,55,,136222,24,,,0,14,,136223,24,,,0,15,,136224,24,,,0,15,,136225,24,,,0,54,,136226,24,,,0,15,,136227,24,,,0,11,,136228,24,,,0,18,,136229,24,,,0,55,,136251,24,,,0,15,,136236,24,,,0,15,,136248,24,,,0,13,,136249,24,,,0,55,,136230,24,,,0,15,,136231,24,,,0,15,,136232,24,,,0,14,,136233,24,,,0,55,,136234,24,,,0,15,,136235,24,,,0,15,,136250,24,,,0,20,,136237,24,,,0,57,,136247,24,,,0,19,,136238,24,,,0,27,,136239,24,,,0,71,,136240,24,,,0,72,,136241,24,,,0,32,,136242,24,,,0,70,,136243,24,,,0,26,,136244,24,,,0,70,,136245,24,,,0,30,,136246,24,,,0
666701,'201',836,,136261,24,,,0
666701,'2_merged_15529702',606,,136270,24,,,0,29,,136271,24,,,0,20,,136288,24,,,0,61,,136289,24,,,0,20,,136285,24,,,0,15,,136290,24,,,0,57,,136291,24,,,0,14,,136292,24,,,0,15,,136293,24,,,0,12,,136294,24,,,0,8,,136262,24,,,0,53,,136295,24,,,0,16,,136296,24,,,0,14,,136297,24,,,0,13,,136298,24,,,0,56,,136299,24,,,0,18,,136300,24,,,0,16,,136301,24,,,0,14,,136302,24,,,0,55,,136303,24,,,0,13,,136305,24,,,0,15,,136306,24,,,0,17,,136307,24,,,0,55,,136304,24,,,0,17,,136308,24,,,0,14,,136284,24,,,0,13,,136309,24,,,0,56,,136310,24,,,0,14,,136311,24,,,0,15,,136313,24,,,0,16,,136314,24,,,0,55,,136315,24,,,0,17,,136316,24,,,0,15,,136317,24,,,0,57,,136318,24,,,0,15,,136319,24,,,0,16,,136320,24,,,0,15,,136321,24,,,0,53,,136322,24,,,0,15,,136323,24,,,0,15,,136324,24,,,0,15,,136325,24,,,0,14,,136326,24,,,0,55,,136327,24,,,0,13,,136328,24,,,0,15,,136263,24,,,0,15,,136264,24,,,0,64,,136265,24,,,0,14,,136266,24,,,0,10,,136287,24,,,0,14,,136267,24,,,0,55,,136268,24,,,0,15,,136286,24,,,0,14,,136269,24,,,0,57,,136273,24,,,0,20,,136272,24,,,0,19,,136274,24,,,0,61,,136275,24,,,0,31,,136312,24,,,0,73,,136276,24,,,0,30,,136277,24,,,0,75,,136278,24,,,0,27,,136279,24,,,0,69,,136280,24,,,0,32,,136281,24,,,0,70,,136282,24,,,0,25,,136283,24,,,0
666701,'3_merged_15529701',717,,136344,24,,,0,20,,136345,24,,,0,17,,136330,24,,,0,57,,136346,24,,,0,15,,136347,24,,,0,14,,136343,24,,,0,12,,136329,24,,,0,53,,136348,24,,,0,12,,136349,24,,,0,12,,136350,24,,,0,12,,136351,24,,,0,10,,136352,24,,,0,59,,136353,24,,,0,15,,136354,24,,,0,15,,136355,24,,,0,14,,136356,24,,,0,57,,136357,24,,,0,15,,136358,24,,,0,15,,136359,24,,,0,16,,136338,24,,,0,55,,136339,24,,,0,18,,136340,24,,,0,14,,136360,24,,,0,15,,136361,24,,,0,55,,136362,24,,,0,14,,136363,24,,,0,15,,136364,24,,,0,14,,136365,24,,,0,54,,136366,24,,,0,17,,136367,24,,,0,16,,136368,24,,,0,15,,136369,24,,,0,56,,136337,24,,,0,14,,136370,24,,,0,13,,136371,24,,,0,16,,136372,24,,,0,55,,136373,24,,,0,14,,136374,24,,,0,13,,136375,24,,,0,19,,136376,24,,,0,53,,136377,24,,,0,15,,136378,24,,,0,15,,136379,24,,,0,15,,136380,24,,,0,56,,136381,24,,,0,15,,136382,24,,,0,15,,136342,24,,,0,15,,136383,24,,,0,52,,136384,24,,,0,15,,136341,24,,,0,15,,136385,24,,,0,15,,136386,24,,,0,60,,136387,24,,,0,21,,136388,24,,,0,66,,136389,24,,,0,33,,136390,24,,,0,67,,136331,24,,,0,35,,136332,24,,,0,71,,136333,24,,,0,25,,136334,24,,,0,70,,136335,24,,,0,27,,136336,24,,,0
684101,'1_merged_15529700',342,,155626,16,,,0,69,,155625,16,,,0,12,,155624,16,,,0,2006,,155628,16,,,0,30,,155622,16,,,0,75,,155621,16,,,0,70,,155620,16,,,0,30,,155623,16,,,0,75,,155627,16,,,0
684101,'2_merged_15529702',337,,155629,16,,,0,70,,155634,16,,,0,32,,155635,16,,,0,67,,155636,16,,,0,29,,155633,16,,,0,1890,,155638,16,,,0,75,,155630,16,,,0,37,,155637,16,,,0,21,,155631,16,,,0,69,,155632,16,,,0,78,,155639,16,,,0
684101,'3_merged_15529701',339,,155648,16,,,0,70,,155650,16,,,0,30,,155647,16,,,0,70,,155646,16,,,0,13,,155653,16,,,0,15,,155643,16,,,0,15,,155654,16,,,0,55,,155645,16,,,0,1750,,155651,16,,,0,75,,155652,16,,,0,70,,155640,16,,,0,27,,155641,16,,,0,30,,155642,16,,,0,78,,155644,16,,,0,70,,155649,16,,,0
3004601,'101_merged_15529707',1652,,163330,32,,,0
3004601,'1_merged_15529700',504,,163347,32,,,0,22,,163348,32,,,0,20,,163349,32,,,0,58,,163350,32,,,0,15,,163351,32,,,0,16,,163333,32,,,0,16,,163352,32,,,0,52,,163353,32,,,0,18,,163354,32,,,0,13,,163355,32,,,0,18,,163334,32,,,0,52,,163384,32,,,0,13,,163363,32,,,0,13,,163364,32,,,0,20,,163365,32,,,0,61,,163366,32,,,0,30,,163367,32,,,0,69,,163368,32,,,0,30,,163369,32,,,0,73,,163370,32,,,0,31,,163371,32,,,0,69,,163372,32,,,0,32,,163373,32,,,0,70,,163374,32,,,0,30,,163375,32,,,0,70,,163376,32,,,0,31,,163377,32,,,0,69,,163378,32,,,0,18,,163331,32,,,0,20,,163382,32,,,0,61,,163385,32,,,0,23,,163383,32,,,0,72,,163356,32,,,0,11,,163357,32,,,0,13,,163358,32,,,0,15,,163359,32,,,0,53,,163360,32,,,0,15,,163361,32,,,0,23,,163362,32,,,0,61,,163332,32,,,0,24,,163380,32,,,0,17,,163381,32,,,0,68,,163335,32,,,0,28,,163336,32,,,0,73,,163379,32,,,0,26,,163337,32,,,0,70,,163338,32,,,0,30,,163346,32,,,0,70,,163339,32,,,0,30,,163340,32,,,0,70,,163345,32,,,0,30,,163341,32,,,0,70,,163342,32,,,0,30,,163344,32,,,0,70,,163343,32,,,0
3004601,'201',1652,,163386,32,,,0
3004601,'2_merged_15529702',543,,163424,32,,,0,71,,163399,32,,,0,30,,163425,32,,,0,70,,163426,32,,,0,32,,163427,32,,,0,70,,163387,32,,,0,30,,163388,32,,,0,72,,163389,32,,,0,30,,163390,32,,,0,70,,163391,32,,,0,32,,163392,32,,,0,72,,163393,32,,,0,30,,163394,32,,,0,70,,163395,32,,,0,30,,163396,32,,,0,70,,163397,32,,,0,32,,163398,32,,,0,70,,163400,32,,,0,30,,163401,32,,,0,70,,163402,32,,,0,30,,163403,32,,,0,70,,163404,32,,,0,30,,163405,32,,,0,70,,163406,32,,,0,30,,163407,32,,,0,67,,163408,32,,,0,30,,163409,32,,,0,69,,163410,32,,,0,29,,163411,32,,,0,70,,163412,32,,,0,30,,163413,32,,,0,70,,163414,32,,,0,29,,163415,32,,,0,69,,163416,32,,,0,31,,163417,32,,,0,69,,163418,32,,,0,30,,163419,32,,,0,70,,163420,32,,,0,27,,163421,32,,,0,70,,163422,32,,,0,30,,163423,32,,,0
3004601,'3_merged_15529701',543,,163429,32,,,0,70,,163430,32,,,0,30,,163431,32,,,0,71,,163432,32,,,0,30,,163433,32,,,0,70,,163434,32,,,0,32,,163435,32,,,0,70,,163436,32,,,0,30,,163437,32,,,0,71,,163438,32,,,0,33,,163439,32,,,0,70,,163440,32,,,0,30,,163441,32,,,0,72,,163428,32,,,0,30,,163442,32,,,0,70,,163443,32,,,0,30,,163444,32,,,0,70,,163445,32,,,0,30,,163446,32,,,0,70,,163447,32,,,0,29,,163448,32,,,0,70,,163449,32,,,0,33,,163450,32,,,0,67,,163451,32,,,0,33,,163452,32,,,0,67,,163453,32,,,0,30,,163454,32,,,0,68,,163455,32,,,0,29,,163456,32,,,0,70,,163457,32,,,0,29,,163458,32,,,0,70,,163459,32,,,0,30,,163460,32,,,0,70,,163461,32,,,0,27,,163462,32,,,0,70,,163463,32,,,0,29,,163464,32,,,0,70,,163465,32,,,0,30,,163466,32,,,0,70,,163467,32,,,0
