670800,'101_merged_15524987',712,,144573,18,,,0,794,,144574,12,,,0,48,,144572,18,,,0
670800,'1_merged_15524980',533,,144616,17,,,0,20,,144612,18,,,0,57,,144586,18,,,0,18,,144591,17,,,0,18,,144614,17,,,0,13,,144581,17,,,0,64,,144613,18,,,0,12,,144620,18,,,0,14,,144615,17,,,0,55,,144593,18,,,0,17,,144576,18,,,0,18,,144592,18,,,0,18,,144578,18,,,0,69,,144583,18,,,0,30,,144584,18,,,0,70,,144596,18,,,0,30,,144579,18,,,0,70,,144597,18,,,0,31,,144602,18,,,0,70,,144598,18,,,0,30,,144585,18,,,0,70,,144599,18,,,0,30,,144609,18,,,0,70,,144600,18,,,0,29,,144587,17,,,0,58,,144589,18,,,0,20,,144594,17,,,0,80,,144575,18,,,0,20,,144590,18,,,0,20,,144603,18,,,0,57,,144617,18,,,0,17,,144604,18,,,0,20,,144605,18,,,0,11,,144595,18,,,0,55,,144618,18,,,0,15,,144606,18,,,0,15,,144607,18,,,0,15,,144619,18,,,0,55,,144588,18,,,0,16,,144611,18,,,0,20,,144621,18,,,0,60,,144610,18,,,0,20,,144601,18,,,0,20,,144622,18,,,0,60,,144580,18,,,0,98,,144582,18,,,0,99,,144608,18,,,0,103,,144577,18,,,0
670800,'201',712,,144623,18,,,0,842,,144624,17,,,0
670800,'2_merged_15524982',551,,144659,17,,,0,56,,144658,17,,,0,17,,144647,17,,,0,20,,144660,17,,,0,60,,144646,18,,,0,20,,144631,17,,,0,20,,144661,18,,,0,60,,144645,18,,,0,31,,144630,18,,,0,71,,144644,18,,,0,30,,144625,18,,,0,70,,144643,18,,,0,30,,144651,18,,,0,70,,144642,18,,,0,30,,144629,18,,,0,70,,144641,18,,,0,31,,144627,18,,,0,70,,144640,18,,,0,30,,144626,18,,,0,70,,144639,18,,,0,29,,144652,18,,,0,69,,144638,18,,,0,31,,144662,18,,,0,71,,144637,18,,,0,30,,144655,18,,,0,70,,144636,17,,,0,30,,144628,18,,,0,70,,144635,18,,,0,29,,144657,18,,,0,69,,144634,18,,,0,29,,144656,18,,,0,70,,144633,18,,,0,30,,144654,18,,,0,72,,144632,18,,,0,32,,144653,18,,,0,98,,144650,18,,,0,97,,144649,18,,,0,99,,144648,18,,,0
670800,'3_merged_15524981',633,,144663,17,,,0,20,,144694,17,,,0,60,,144693,18,,,0,20,,144692,18,,,0,70,,144671,18,,,0,30,,144691,18,,,0,70,,144681,18,,,0,32,,144690,18,,,0,70,,144680,18,,,0,30,,144689,18,,,0,71,,144676,18,,,0,30,,144688,18,,,0,70,,144675,18,,,0,23,,144687,17,,,0,21,,144697,18,,,0,60,,144674,18,,,0,20,,144698,17,,,0,20,,144686,18,,,0,60,,144673,18,,,0,20,,144685,18,,,0,20,,144699,18,,,0,60,,144677,18,,,0,19,,144668,18,,,0,20,,144700,18,,,0,60,,144672,18,,,0,20,,144667,18,,,0,20,,144701,18,,,0,60,,144678,18,,,0,20,,144695,18,,,0,21,,144702,18,,,0,61,,144684,18,,,0,20,,144666,18,,,0,21,,144696,18,,,0,61,,144679,18,,,0,30,,144665,18,,,0,70,,144669,18,,,0,30,,144664,18,,,0,73,,144683,18,,,0,90,,144670,18,,,0,97,,144682,18,,,0,99,,144703,18,,,0
670901,'101_merged_15524987',645,,144885,25,,,0
670901,'1_merged_15524980',519,,144908,25,,,0,24,,144898,25,,,0,60,,144910,25,,,0,20,,144899,25,,,0,82,,144906,25,,,0,20,,144911,25,,,0,20,,144915,25,,,0,56,,144887,25,,,0,15,,144890,25,,,0,21,,144912,25,,,0,20,,144889,25,,,0,70,,144913,25,,,0,31,,144888,25,,,0,101,,144902,25,,,0,100,,144903,25,,,0,141,,144905,25,,,0,100,,144914,25,,,0,36,,144904,25,,,0,72,,144909,25,,,0,30,,144900,25,,,0,70,,144892,25,,,0,27,,144886,25,,,0,66,,144893,25,,,0,30,,144894,25,,,0,69,,144895,25,,,0,31,,144896,25,,,0,75,,144891,25,,,0,35,,144907,25,,,0,105,,144897,25,,,0,106,,144901,25,,,0
670901,'201',645,,144916,25,,,0
670901,'2_merged_15524982',820,,144929,25,,,0,102,,144927,25,,,0,102,,144926,25,,,0,101,,144924,25,,,0,102,,144923,25,,,0,100,,144922,25,,,0,101,,144921,25,,,0,100,,144925,25,,,0,99,,144918,25,,,0,99,,144920,25,,,0,100,,144928,25,,,0,99,,144919,25,,,0,100,,144917,25,,,0,100,,144930,25,,,0
670901,'3_merged_15524981',1142,,144932,25,,,0,106,,144937,25,,,0,105,,144938,25,,,0,100,,144934,25,,,0,100,,144933,25,,,0,100,,144935,25,,,0,100,,144931,25,,,0,100,,144941,25,,,0,100,,144936,25,,,0,94,,144940,25,,,0,96,,144939,25,,,0
