667201,'101_merged_15291802',1511,,77039,4,0,11 12,0,35,,77038,14,,,0
667201,'1_merged_15291795',532,,77059,14,,,0,72,,77050,14,,,0,17,,77058,14,,,0,15,,77045,14,,,0,15,,77055,14,,,0,49,,77082,14,,,0,9,,77078,14,,,0,9,,77074,14,,,0,13,,77071,14,,,0,11,,77076,14,,,0,12,,77077,14,,,0,54,,77073,14,,,0,15,,77043,14,,,0,17,,77041,14,,,0,12,,77070,14,,,0,51,,77040,14,,,0,15,,77068,14,,,0,20,,77047,14,,,0,65,,77042,14,,,0,30,,77044,14,,,0,70,,77064,14,,,0,29,,77072,14,,,0,69,,77067,14,,,0,29,,77054,14,,,0,26,,77053,14,,,0,78,,77052,14,,,0,67,,77046,14,,,0,28,,77051,14,,,0,72,,77048,14,,,0,26,,77081,14,,,0,10,,77080,14,,,0,72,,77079,14,,,0,15,,77060,14,,,0,22,,77066,14,,,0,12,,77065,14,,,0,60,,77069,14,,,0,18,,77057,14,,,0,15,,77063,14,,,0,56,,77062,14,,,0,15,,77061,14,,,0,19,,77056,14,,,0,60,,77049,14,0,11 12,0,11,,77075,14,,,0
667201,'2_merged_15291797',636,,77093,14,,,0,70,,77092,14,,,0,30,,77087,14,,,0,69,,77090,14,,,0,30,,77085,14,,,0,70,,77096,14,,,0,30,,77083,14,,,0,68,,77100,14,,,0,29,,77099,14,,,0,69,,77095,14,,,0,28,,77106,14,,,0,73,,77094,14,,,0,30,,77105,14,,,0,71,,77098,14,,,0,29,,77089,14,,,0,20,,77104,14,,,0,60,,77110,14,,,0,21,,77111,14,,,0,21,,77112,14,,,0,60,,77086,14,,,0,20,,77103,14,,,0,22,,77097,14,,,0,59,,77107,14,,,0,19,,77108,14,,,0,20,,77109,14,,,0,61,,77102,14,,,0,18,,77084,14,,,0,23,,77113,14,,,0,60,,77091,14,,,0,20,,77114,14,,,0,21,,77101,14,,,0,57,,77115,14,,,0
667201,'3_merged_15291796',705,,77141,14,,,0,30,,77140,14,,,0,70,,77121,14,,,0,30,,77123,14,,,0,69,,77134,14,,,0,29,,77124,14,,,0,70,,77130,14,,,0,29,,77126,14,,,0,71,,77133,14,,,0,28,,77128,14,,,0,70,,77119,14,,,0,30,,77129,14,,,0,70,,77137,14,,,0,30,,77127,14,,,0,71,,77122,14,,,0,30,,77118,14,,,0,70,,77136,14,,,0,30,,77135,14,,,0,71,,77131,14,,,0,29,,77139,14,,,0,71,,77132,14,,,0,30,,77120,14,,,0,71,,77125,14,,,0,30,,77138,14,,,0,70,,77116,14,,,0
683701,'1_merged_15291795',2549,,95649,2,,,0
683701,'2_merged_15291797',536,,95652,2,,,0,2018,,95651,2,,,0
683701,'3_merged_15291796',601,,95659,2,,,0,39,,95660,2,,,0,71,,95661,2,,,0,32,,95662,2,,,0,1558,,95663,2,0,50 51,0,126,,95657,2,,,0,73,,95656,2,,,0,30,,95653,2,0,50 51,0,78,,95658,2,,,0,29,,95664,2,,,0
1671701,'1_merged_15291795',1940,,98157,14,,,0,69,,98156,14,,,0,26,,98155,14,,,0,70,,98168,14,,,0,30,,98167,14,,,0,71,,98166,14,,,0,29,,98165,14,,,0,67,,98164,14,,,0,34,,98163,14,,,0,70,,98162,14,,,0,31,,98158,14,0,11 12,0,11,,98161,14,0,11 12,0,99,,98160,14,0,11 12,0
1671701,'2_merged_15291797',1932,,98171,14,,,0,69,,98170,14,,,0,29,,98169,14,,,0,70,,98181,14,,,0,31,,98180,14,,,0,71,,98179,14,,,0,30,,98178,14,,,0,70,,98177,14,,,0,30,,98176,14,,,0,70,,98175,14,,,0,20,,98182,14,0,11 12,0,28,,98174,14,0,11 12,0,98,,98173,14,0,11 12,0
1671701,'3_merged_15291796',1935,,98183,14,,,0,70,,98196,14,,,0,30,,98195,14,,,0,70,,98194,14,,,0,30,,98193,14,,,0,69,,98192,14,,,0,28,,98191,14,,,0,70,,98190,14,,,0,30,,98189,14,,,0,69,,98188,14,,,0,30,,98187,14,0,11 12,0,20,,98186,14,0,11 12,0,93,,98185,14,,,0
