671401,'1_merged_15291795',903,,86074,37,4,,0,31,,86096,37,4,,0,13,,86076,37,4,,0,69,,86078,37,4,,0,15,,86079,37,4,,0,15,,86106,37,4,,0,64,,86080,37,4,,0,30,,86081,37,4,,0,71,,86082,37,4,,0,31,,86083,37,4,,0,70,,86084,37,4,,0,30,,86085,37,4,,0,73,,86087,37,4,,0,30,,86069,37,4,,0,73,,86070,37,4,,0,23,,86068,37,4,,0,62,,86071,37,4,,0,20,,86064,37,4,,0
672001,'1_merged_15291795',544,,86635,22,4,,0,66,,86637,22,4,,0,30,,86638,22,4,,0,70,,86639,22,4,,0,30,,86640,22,4,,0,73,,86641,22,4,,0,800,,86636,22,4,,0,30,,86634,22,4,,0,71,,86642,22,4,,0,31,,86643,22,4,,0,77,,86644,22,4,,0,26,,86645,22,4,,0,70,,86646,22,4,,0,28,,86633,22,4,,0
1870501,'1_merged_15291795',617,,99499,53,,,0,15,,99457,53,,,0,15,,99459,53,,,0,57,,99494,53,,,0,15,,99484,53,,,0,22,,99458,53,,,0,63,,99485,53,,,0,20,,99460,53,,,0,20,,99461,53,,,0,159,,99487,53,,,0,450,,99471,53,,,0,183,,99493,53,,,0,17,,99475,53,,,0,57,,99489,53,,,0,21,,99476,53,,,0,21,,99477,53,,,0,60,,99490,53,,,0,19,,99479,53,,,0,21,,99478,53,,,0,58,,99491,53,,,0,18,,99481,53,,,0,21,,99482,53,,,0,62,,99483,53,,,0,28,,99453,53,,,0,69,,99454,53,,,0,27,,99455,53,,,0,95,,99496,53,,,0,100,,99497,53,,,0,100,,99498,53,,,0
1870501,'2_merged_15291797',630,,99518,53,,,0,72,,99519,53,,,0,33,,99520,53,,,0,72,,99521,53,,,0,33,,99522,53,,,0,72,,99523,53,,,0,31,,99524,53,,,0,70,,99525,53,,,0,31,,99503,53,,,0,72,,99504,53,,,0,32,,99505,53,,,0,72,,99506,53,,,0,31,,99507,53,,,0,71,,99508,53,,,0,30,,99509,53,,,0,72,,99510,53,,,0,30,,99511,53,,,0,70,,99512,53,,,0,30,,99513,53,,,0,70,,99514,53,,,0,30,,99515,53,,,0,70,,99516,53,,,0,28,,99517,53,,,0,68,,99526,53,,,0,27,,99527,53,,,0,67,,99528,53,,,0,28,,99529,53,,,0,68,,99530,53,,,0,30,,99500,53,,,0,70,,99501,53,,,0,30,,99502,53,,,0,99,,99531,53,,,0,100,,99532,53,,,0,100,,99533,53,,,0
1870501,'3_merged_15291796',633,,99560,53,,,0,70,,99561,53,,,0,30,,99562,53,,,0,70,,99563,53,,,0,30,,99534,53,,,0,73,,99535,53,,,0,30,,99536,53,,,0,70,,99537,53,,,0,30,,99538,53,,,0,72,,99539,53,,,0,30,,99540,53,,,0,70,,99541,53,,,0,32,,99542,53,,,0,72,,99543,53,,,0,30,,99544,53,,,0,74,,99545,53,,,0,32,,99546,53,,,0,70,,99547,53,,,0,31,,99548,53,,,0,70,,99549,53,,,0,30,,99550,53,,,0,70,,99551,53,,,0,30,,99552,53,,,0,68,,99553,53,,,0,29,,99554,53,,,0,65,,99555,53,,,0,30,,99556,53,,,0,70,,99557,53,,,0,29,,99558,53,,,0,70,,99564,53,,,0,30,,99559,53,,,0,95,,99565,53,,,0,100,,99566,53,,,0,98,,99567,53,,,0
3181701,'1_merged_15291795',530,,105286,2,,,0,70,,105287,2,,,0,30,,105288,2,,,0,71,,105260,2,,,0,29,,105261,2,,,0,70,,105262,2,,,0,30,,105285,2,,,0,70,,105263,2,,,0,30,,105264,2,,,0,70,,105275,2,,,0,30,,105276,2,,,0,70,,105277,2,,,0,30,,105278,2,,,0,70,,105279,2,,,0,30,,105280,2,,,0,70,,105281,2,,,0,30,,105266,2,,,0,70,,105265,2,,,0,30,,105267,2,,,0,70,,105268,2,,,0,30,,105269,2,,,0,71,,105270,2,,,0,29,,105271,2,,,0,70,,105272,2,,,0,30,,105273,2,,,0,70,,105274,2,,,0,30,,105282,2,,,0,70,,105283,2,,,0,30,,105284,2,,,0
3181701,'2_merged_15291797',800,,105289,2,,,0,100,,105290,2,,,0,100,,105291,2,,,0,100,,105292,2,,,0,100,,105293,2,,,0,100,,105302,2,,,0,100,,105294,2,,,0,100,,105295,2,,,0,100,,105296,2,,,0,100,,105297,2,,,0,100,,105298,2,,,0,100,,105299,2,,,0,100,,105300,2,,,0,100,,105301,2,,,0
3181701,'3_merged_15291796',905,,105306,2,,,0,100,,105307,2,,,0,99,,105308,2,,,0,99,,105309,2,,,0,55,,105310,2,,,0,142,,105311,2,,,0,100,,105312,2,,,0,101,,105303,2,,,0,99,,105304,2,,,0,101,,105305,2,,,0
3181801,'1201_merged_15291788',2213,,105405,2,,,0,41,,105407,2,,,0,80,,105406,2,,,0,70,,105408,2,,,0,30,,105409,2,,,0
3181801,'1_merged_15291795',931,,105415,2,,,0,70,,105416,2,,,0,30,,105417,2,,,0,70,,105418,2,,,0,30,,105419,2,,,0,70,,105420,2,,,0,31,,105421,2,,,0,70,,105422,2,,,0,30,,105423,2,,,0,69,,105424,2,,,0,30,,105425,2,,,0,70,,105426,2,,,0,31,,105427,2,,,0,71,,105428,2,,,0,28,,105429,2,,,0,70,,105430,2,,,0,30,,105431,2,,,0,70,,105432,2,,,0,30,,105433,2,,,0,70,,105434,2,,,0,32,,105410,2,,,0,70,,105411,2,,,0,30,,105412,2,,,0,70,,105413,2,,,0,30,,105414,2,,,0
3181801,'2_merged_15291797',800,,105464,2,,,0,30,,105435,2,,,0,29,,105465,2,,,0,70,,105451,2,,,0,29,,105437,2,,,0,71,,105436,2,,,0,30,,105438,2,,,0,70,,105442,2,,,0,30,,105439,2,,,0,70,,105452,2,,,0,30,,105440,2,,,0,70,,105453,2,,,0,30,,105441,2,,,0,70,,105455,2,,,0,71,,105454,2,,,0,29,,105456,2,,,0,72,,105443,2,,,0,29,,105457,2,,,0,29,,105444,2,,,0,70,,105458,2,,,0,30,,105445,2,,,0,70,,105459,2,,,0,72,,105446,2,,,0,29,,105460,2,,,0,70,,105447,2,,,0,30,,105461,2,,,0,70,,105448,2,,,0,30,,105462,2,,,0,71,,105449,2,,,0,30,,105466,2,,,0,71,,105450,2,,,0,30,,105463,2,,,0,70,,105467,2,,,0,30,,105468,2,,,0
3181801,'3_merged_15291796',832,,105493,2,,,0,70,,105479,2,,,0,30,,105494,2,,,0,70,,105480,2,,,0,29,,105495,2,,,0,70,,105481,2,,,0,29,,105492,2,,,0,70,,105482,2,,,0,30,,105469,2,,,0,71,,105483,2,,,0,29,,105470,2,,,0,71,,105484,2,,,0,29,,105471,2,,,0,71,,105485,2,,,0,30,,105472,2,,,0,70,,105486,2,,,0,29,,105473,2,,,0,70,,105487,2,,,0,31,,105474,2,,,0,70,,105488,2,,,0,30,,105475,2,,,0,72,,105489,2,,,0,30,,105476,2,,,0,70,,105490,2,,,0,30,,105477,2,,,0,71,,105491,2,,,0,30,,105478,2,,,0
