672401,'1_merged_15291795',525,,87499,42,,,0,30,,87488,42,,,0,72,,87514,42,,,0,73,,87498,42,,,0,35,,87515,42,,,0,14,,87522,42,,,0,57,,87523,42,,,0,16,,87524,42,,,0,18,,87525,42,,,0,15,,87526,42,,,0,55,,87527,42,,,0,14,,87528,42,,,0,15,,87529,42,,,0,15,,87530,42,,,0,55,,87531,42,,,0,15,,87516,42,,,0,17,,87532,42,,,0,59,,87503,42,,,0,22,,87500,42,,,0,23,,87504,42,,,0,60,,87501,42,,,0,21,,87502,42,,,0,22,,87505,42,,,0,60,,87487,42,,,0,20,,87489,42,,,0,18,,87506,42,,,0,61,,87492,42,,,0,22,,87493,42,,,0,21,,87507,41,,,0,58,,87486,41,,,0,20,,87517,41,,,0,16,,87513,41,,,0,56,,87521,41,,,0,14,,87512,41,,,0,15,,87533,41,,,0,16,,87534,41,,,0,55,,87535,41,,,0,15,,87536,41,,,0,15,,87537,41,,,0,15,,87538,41,,,0,14,,87539,41,,,0,55,,87540,41,,,0,12,,87541,41,,,0,15,,87542,42,,,0,15,,87543,42,,,0,53,,87544,42,,,0,15,,87545,42,,,0,14,,87546,42,,,0,13,,87547,42,,,0,63,,87508,42,,,0,33,,87509,42,,,0,71,,87510,42,,,0,27,,87511,42,,,0,70,,87494,42,,,0,26,,87495,42,,,0,70,,87496,42,,,0,29,,87497,42,,,0,70,,87518,42,,,0,26,,87490,42,,,0,66,,87519,42,,,0,27,,87491,42,,,0,77,,87520,42,,,0
672401,'2_merged_15291797',518,,87584,42,,,0,37,,87586,42,,,0,72,,87587,42,,,0,75,,87588,42,,,0,35,,87589,42,,,0,71,,87590,42,,,0,25,,87591,42,,,0,20,,87592,42,,,0,63,,87593,42,,,0,21,,87548,42,,,0,21,,87549,42,,,0,55,,87550,42,,,0,14,,87551,42,,,0,16,,87552,42,,,0,14,,87553,42,,,0,54,,87554,42,,,0,15,,87555,42,,,0,16,,87556,42,,,0,16,,87557,42,,,0,55,,87558,42,,,0,15,,87559,42,,,0,19,,87560,42,,,0,55,,87561,42,,,0,15,,87562,42,,,0,15,,87563,42,,,0,15,,87564,42,,,0,55,,87565,42,,,0,15,,87566,42,,,0,15,,87567,42,,,0,14,,87568,42,,,0,54,,87569,42,,,0,16,,87570,42,,,0,15,,87571,42,,,0,13,,87572,42,,,0,15,,87573,42,,,0,55,,87574,42,,,0,15,,87575,42,,,0,14,,87576,42,,,0,15,,87577,42,,,0,54,,87578,42,,,0,15,,87579,42,,,0,15,,87580,42,,,0,15,,87581,42,,,0,53,,87582,42,,,0,19,,87583,42,,,0,20,,87594,42,,,0,59,,87595,42,,,0,18,,87596,42,,,0,19,,87597,42,,,0,61,,87610,42,,,0,17,,87598,42,,,0,20,,87599,42,,,0,64,,87600,42,,,0,28,,87601,42,,,0,70,,87602,42,,,0,30,,87603,42,,,0,71,,87604,42,,,0,26,,87605,42,,,0,25,,87606,42,,,0,83,,87607,42,,,0,68,,87608,42,,,0,37,,87609,42,,,0,69,,87585,42,,,0
672401,'3_merged_15291796',528,,87617,42,,,0,30,,87619,42,,,0,70,,87620,42,,,0,31,,87621,42,,,0,70,,87622,42,,,0,72,,87623,42,,,0,24,,87624,42,,,0,20,,87625,42,,,0,61,,87626,42,,,0,23,,87627,42,,,0,20,,87628,42,,,0,62,,87629,42,,,0,20,,87630,42,,,0,20,,87631,42,,,0,64,,87632,42,,,0,21,,87633,42,,,0,20,,87634,42,,,0,61,,87635,42,,,0,22,,87636,42,,,0,20,,87637,42,,,0,60,,87638,42,,,0,19,,87639,42,,,0,20,,87640,42,,,0,61,,87641,42,,,0,17,,87642,42,,,0,16,,87611,42,,,0,55,,87643,42,,,0,17,,87644,42,,,0,15,,87645,42,,,0,14,,87612,42,,,0,55,,87646,42,,,0,15,,87647,42,,,0,15,,87648,42,,,0,14,,87613,42,,,0,55,,87649,42,,,0,15,,87650,42,,,0,15,,87651,42,,,0,15,,87614,42,,,0,55,,87652,42,,,0,13,,87653,42,,,0,15,,87654,42,,,0,15,,87615,42,,,0,55,,87655,42,,,0,17,,87656,42,,,0,19,,87657,42,,,0,62,,87658,42,,,0,20,,87616,42,,,0,20,,87659,42,,,0,74,,87660,42,,,0,30,,87661,42,,,0,73,,87662,42,,,0,28,,87663,42,,,0,72,,87664,42,,,0,29,,87665,42,,,0,72,,87666,42,,,0,29,,87667,42,,,0,85,,87668,42,,,0,70,,87618,42,,,0
672500,'1_merged_15291795',605,,87669,27,,,0,40,,87670,27,,,0,71,,87671,27,,,0,33,,87672,27,,,0,71,,87673,27,,,0,31,,87674,27,,,0,70,,87675,27,,,0,28,,87676,27,,,0,72,,87677,27,,,0,30,,87678,27,,,0,72,,87679,27,,,0,29,,87680,27,,,0,70,,87681,27,,,0,30,,87682,27,,,0,70,,87683,27,,,0,30,,87684,27,,,0,69,,87685,27,,,0,30,,87686,26,,,0,73,,87687,26,,,0,32,,87688,26,,,0,69,,87689,26,,,0,30,,87690,26,,,0,69,,87691,26,,,0,30,,87692,26,,,0,69,,87693,26,,,0,28,,87694,27,,,0,70,,87695,27,,,0,30,,87696,27,,,0,70,,87697,27,,,0,30,,87698,27,,,0,70,,87699,27,,,0,30,,87700,27,,,0,69,,87701,27,,,0,93,,87702,27,,,0,99,,87703,27,,,0,100,,87704,27,,,0
672500,'2_merged_15291797',559,,87734,27,,,0,86,,87723,27,,,0,70,,87733,27,,,0,32,,87706,27,,,0,69,,87730,27,,,0,30,,87731,27,,,0,70,,87714,27,,,0,33,,87737,27,,,0,70,,87738,27,,,0,30,,87726,27,,,0,70,,87736,27,,,0,31,,87721,27,,,0,70,,87729,27,,,0,32,,87707,27,,,0,71,,87708,27,,,0,29,,87709,27,,,0,70,,87710,27,,,0,31,,87711,27,,,0,70,,87712,27,,,0,30,,87713,27,,,0,68,,87732,27,,,0,30,,87725,27,,,0,70,,87735,27,,,0,30,,87724,27,,,0,70,,87728,27,,,0,31,,87720,27,,,0,70,,87727,27,,,0,30,,87715,27,,,0,70,,87718,27,,,0,29,,87722,27,,,0,69,,87719,27,,,0,30,,87705,27,,,0,71,,87739,27,,,0,91,,87716,27,,,0,99,,87740,27,,,0,99,,87717,27,,,0
672500,'3_merged_15291796',702,,87762,27,,,0,33,,87770,27,,,0,70,,87769,27,,,0,32,,87743,27,,,0,70,,87747,27,,,0,31,,87763,27,,,0,71,,87764,27,,,0,30,,87765,27,,,0,70,,87750,27,,,0,30,,87772,27,,,0,71,,87760,27,,,0,28,,87774,27,,,0,72,,87766,27,,,0,29,,87773,27,,,0,70,,87751,27,,,0,29,,87767,27,,,0,70,,87768,27,,,0,30,,87771,27,,,0,70,,87761,27,,,0,30,,87752,27,,,0,70,,87754,27,,,0,30,,87749,27,,,0,70,,87744,27,,,0,30,,87745,27,,,0,71,,87746,27,,,0,31,,87748,27,,,0,70,,87755,27,,,0,31,,87756,27,,,0,70,,87757,27,,,0,30,,87758,27,,,0,80,,87741,27,,,0,108,,87759,27,,,0,100,,87742,27,,,0,100,,87753,27,,,0
682800,'101_merged_15291802',908,,95289,33,,,0
682800,'1201_merged_15291788',2129,,95290,32,,,0,107,,95291,32,,,0
682800,'1_merged_15291795',828,,95309,33,,,0,119,,95308,32,,,0,78,,95307,32,,,0,77,,95306,32,,,0,43,,95305,32,,,0,80,,95304,32,,,0,80,,95303,32,,,0,42,,95302,32,,,0,80,,95301,32,,,0,82,,95300,31,,,0,40,,95299,31,,,0,84,,95298,31,,,0,78,,95297,31,,,0,38,,95296,31,,,0,79,,95295,31,,,0,78,,95294,32,,,0,48,,95293,32,,,0,69,,95292,32,,,0
682800,'2_merged_15291797',935,,95311,32,,,0,80,,95328,32,,,0,40,,95327,32,,,0,80,,95326,32,,,0,80,,95325,32,,,0,41,,95324,32,,,0,80,,95323,32,,,0,80,,95322,32,,,0,41,,95321,32,,,0,80,,95320,32,,,0,80,,95319,32,,,0,40,,95318,32,,,0,80,,95317,32,,,0,78,,95316,32,,,0,37,,95315,32,,,0,107,,95314,32,,,0,150,,95313,32,,,0,107,,95312,32,,,0,104,,95310,32,,,0
682800,'3_merged_15291796',1134,,95334,32,,,0,82,,95341,32,,,0,40,,95333,32,,,0,81,,95340,32,,,0,80,,95339,32,,,0,40,,95332,32,,,0,80,,95338,32,,,0,78,,95331,32,,,0,40,,95330,32,,,0,80,,95337,32,,,0,80,,95336,32,,,0,40,,95329,32,,,0,75,,95335,32,,,0
3454300,'1_merged_15291795',1852,,108435,26,,,0,55,,108436,26,,,0,15,,108437,26,,,0,15,,108438,26,,,0,16,,108439,26,,,0,55,,108440,26,,,0,15,,108441,26,,,0,15,,108442,26,,,0,70,,108443,26,,,0,29,,108444,26,,,0,70,,108445,26,,,0,29,,108446,26,,,0,69,,108447,26,,,0,29,,108448,26,,,0,70,,108449,26,,,0
3454300,'2_merged_15291797',545,,108496,29,,,0,67,,108495,29,,,0,30,,108494,29,,,0,66,,108493,29,,,0,33,,108492,29,,,0,71,,108491,29,,,0,30,,108490,29,,,0,71,,108489,29,,,0,22,,108469,29,,,0,20,,108488,29,,,0,60,,108487,29,,,0,20,,108486,29,,,0,21,,108485,29,,,0,60,,108484,29,,,0,23,,108483,29,,,0,62,,108482,29,,,0,20,,108481,29,,,0,20,,108480,29,,,0,59,,108479,29,,,0,20,,108478,29,,,0,20,,108477,29,,,0,60,,108476,29,,,0,20,,108475,29,,,0,20,,108474,29,,,0,60,,108473,29,,,0,20,,108472,29,,,0,20,,108471,29,,,0,60,,108470,29,,,0,20,,108517,29,,,0,20,,108516,29,,,0,61,,108515,29,,,0,20,,108514,29,,,0,18,,108513,29,,,0,20,,108512,29,,,0,60,,108511,29,,,0,20,,108510,29,,,0,19,,108509,29,,,0,56,,108508,26,,,0,29,,108507,26,,,0,70,,108506,26,,,0,31,,108505,26,,,0,70,,108504,26,,,0,29,,108503,26,,,0,70,,108502,26,,,0,30,,108501,26,,,0,70,,108500,26,,,0,98,,108499,26,,,0
3454300,'3_merged_15291796',545,,108560,29,,,0,75,,108561,29,,,0,30,,108518,29,,,0,71,,108519,29,,,0,30,,108520,29,,,0,70,,108521,29,,,0,30,,108545,29,,,0,70,,108546,29,,,0,28,,108547,29,,,0,67,,108548,29,,,0,25,,108553,29,,,0,62,,108549,29,,,0,20,,108550,29,,,0,20,,108554,29,,,0,60,,108551,29,,,0,20,,108552,29,,,0,20,,108555,29,,,0,60,,108522,29,,,0,20,,108523,29,,,0,20,,108556,29,,,0,60,,108524,29,,,0,20,,108525,29,,,0,20,,108557,29,,,0,60,,108526,29,,,0,20,,108527,29,,,0,20,,108558,29,,,0,61,,108528,29,,,0,20,,108529,29,,,0,20,,108559,29,,,0,60,,108530,29,,,0,26,,108531,29,,,0,26,,108532,29,,,0,69,,108533,29,,,0,29,,108534,26,,,0,75,,108535,26,,,0,75,,108536,26,,,0,35,,108537,26,,,0,75,,108538,26,,,0,34,,108539,26,,,0,75,,108540,26,,,0,35,,108541,26,,,0,145,,108542,26,,,0
