661400,'152301_merged_15288069',2116,,57852,26,0,10,0,20,,57853,26,0,10,0,20,,57854,26,0,10,0,59,,57855,26,0,10,0,20,,57856,26,0,10,0,20,,57857,26,0,10,0,60,,57858,26,0,10,0,20,,57859,26,0,10,0,20,,57860,26,0,10,0,65,,57861,26,0,10,0
661400,'2_merged_15288065',2112,,57979,26,0,10,0,21,,57987,26,0,10,0,22,,57947,26,0,10,0,60,,57972,26,0,10,0,20,,57951,26,0,10,0,20,,57980,26,0,10,0,60,,57950,26,0,10,0,20,,57993,26,0,10,0,19,,57970,26,0,10,0,68,,57966,26,0,10,0
661400,'3_merged_15288064',2049,,58055,26,0,10,0,60,,58056,26,0,10,0,20,,58038,26,0,10,0,24,,58035,26,0,10,0,62,,58013,26,0,10,0,20,,58058,26,0,10,0,20,,58028,26,0,10,0,59,,58051,26,0,10,0,21,,58059,26,0,10,0,20,,58024,26,0,10,0,67,,58050,26,0,10,0
661700,'152301_merged_15288069',2107,,59605,31,,,0,20,,59606,31,,,0,20,,59607,31,,,0,60,,59608,31,,,0,20,,59609,31,,,0,20,,59610,31,,,0,60,,59611,31,,,0,21,,59612,31,,,0,20,,59613,31,,,0,59,,59614,31,,,0,25,,59615,31,,,0,75,,59616,31,,,0
661700,'2_merged_15288065',2104,,59739,31,,,0,21,,59740,31,,,0,21,,59741,31,,,0,60,,59742,31,,,0,21,,59743,31,,,0,21,,59744,31,,,0,60,,59745,31,,,0,17,,59746,31,,,0,19,,59747,31,,,0,56,,59748,31,,,0,35,,59749,31,,,0,72,,59750,31,,,0
661700,'3_merged_15288064',2109,,59800,31,,,0,20,,59801,31,,,0,20,,59802,31,,,0,60,,59803,31,,,0,20,,59804,31,,,0,20,,59805,31,,,0,59,,59806,31,,,0,20,,59807,31,,,0,20,,59808,31,,,0,60,,59809,31,,,0,31,,59810,31,,,0,68,,59811,31,,,0
662000,'152301_merged_15288069',2110,,61222,33,,,0,15,,61223,33,,,0,15,,61224,33,,,0,16,,61225,33,,,0,60,,61226,33,,,0,20,,61228,33,,,0,20,,61230,33,,,0,60,,61227,33,,,0,20,,61229,33,,,0,22,,61231,33,,,0,70,,61232,33,,,0,30,,61220,33,,,0,70,,61221,33,,,0
662000,'2_merged_15288065',2054,,61377,33,,,0,59,,61378,33,,,0,20,,61379,33,,,0,20,,61380,33,,,0,60,,61381,33,,,0,20,,61382,33,,,0,20,,61383,33,,,0,62,,61384,33,,,0,20,,61385,33,,,0,65,,61386,33,,,0,30,,61387,33,,,0,71,,61388,33,,,0,30,,61389,33,,,0
662000,'3_merged_15288064',2104,,61449,33,,,0,20,,61450,33,,,0,20,,61451,33,,,0,60,,61452,33,,,0,20,,61453,33,,,0,20,,61454,33,,,0,60,,61455,33,,,0,20,,61456,33,,,0,20,,61457,33,,,0,56,,61458,33,,,0,30,,61459,33,,,0,70,,61460,33,,,0,30,,61461,33,,,0
662200,'152301_merged_15288069',2106,,62142,31,0,24 14 8,0,18,,62143,31,0,24 14 8,0,23,,62144,31,0,24 14 8,0,57,,62145,31,0,24 14 8,0,21,,62146,31,0,24 14 8,0,24,,62147,31,0,24 14 8,0,59,,62148,31,0,24 14 8,0,16,,62149,31,0,24 14 8,0,22,,62150,31,0,24 14 8,0,67,,62151,31,0,24 14 8,0,32,,62152,31,,,0,73,,62153,31,,,0
662200,'2_merged_15288065',2055,,62265,31,0,24 14 8,0,55,,62307,31,0,24 14 8,0,16,,62250,31,0,24 14 8,0,15,,62244,31,0,24 14 8,0,60,,62246,31,0,24 14 8,0,20,,62255,31,0,24 14 8,0,24,,62312,31,0,24 14 8,0,60,,62253,31,0,24 14 8,0,20,,62310,31,0,24 14 8,0,22,,62309,31,0,24 14 8,0,67,,62249,31,0,24 14 8,0,30,,62311,31,,,0,70,,62313,31,,,0
662200,'3_merged_15288064',2112,,62392,31,0,24 14 8,0,16,,62393,31,0,24 14 8,0,17,,62394,31,0,24 14 8,0,58,,62395,31,0,24 14 8,0,19,,62396,31,0,24 14 8,0,20,,62397,31,0,24 14 8,0,60,,62398,31,0,24 14 8,0,20,,62399,31,0,24 14 8,0,27,,62400,31,0,24 14 8,0,66,,62401,31,,,0,30,,62402,31,,,0,69,,62403,31,,,0
662301,'152301_merged_15288069',2057,,62908,2,,,0,60,,62909,2,,,0,20,,62910,2,,,0,20,,62911,2,,,0,60,,62912,2,,,0,20,,62913,2,,,0,20,,62914,2,,,0,64,,62915,2,,,0,20,,62916,2,,,0,60,,62917,2,,,0,25,,62918,2,,,0,33,,62919,2,,,0,68,,62920,2,,,0
662301,'2_merged_15288065',2054,,63042,2,,,0,58,,63043,2,,,0,20,,63044,2,,,0,20,,63045,2,,,0,58,,63046,2,,,0,21,,63047,2,,,0,20,,63048,2,,,0,60,,63049,2,,,0,20,,63050,2,,,0,70,,63051,2,,,0,30,,63052,2,,,0,70,,63053,2,,,0,32,,63054,2,,,0
662301,'3_merged_15288064',2104,,63114,2,,,0,15,,63115,2,,,0,15,,63116,2,,,0,15,,63117,2,,,0,60,,63118,2,,,0,20,,63119,2,,,0,20,,63120,2,,,0,60,,63121,2,,,0,20,,63122,2,,,0,20,,63123,2,,,0,60,,63124,2,,,0,28,,63125,2,,,0,70,,63126,2,,,0,32,,63127,2,,,0
662501,'152301_merged_15288069',2117,,64239,2,,,0,15,,64240,2,,,0,14,,64241,2,,,0,54,,64242,2,,,0,14,,64243,2,,,0,14,,64244,2,,,0,12,,64245,2,,,0,15,,64246,2,,,0,54,,64247,2,,,0,15,,64248,2,,,0,10,,64249,2,,,0,13,,64250,2,,,0,55,,64251,2,0,106,0,14,,64254,2,0,22 14,0,18,,64252,2,0,106,0,21,,64255,2,0,22 14,0,60,,64256,2,0,22 14,0,20,,64253,2,0,106,0,20,,64238,2,0,22 14,0
662501,'2_merged_15288065',2101,,64353,2,,,0,15,,64415,2,,,0,13,,64363,2,,,0,15,,64412,2,,,0,15,,64384,2,,,0,55,,64380,2,,,0,12,,64389,2,,,0,15,,64388,2,,,0,15,,64387,2,,,0,55,,64386,2,,,0,15,,64351,2,,,0,15,,64350,2,,,0,64,,64364,2,0,106,0,29,,64347,2,0,106,0,70,,64358,2,0,106,0,30,,64417,2,0,106,0
662501,'3_merged_15288064',2107,,64431,2,,,0,13,,64446,2,,,0,15,,64445,2,,,0,16,,64440,2,,,0,54,,64434,2,,,0,16,,64436,2,,,0,15,,64432,2,,,0,15,,64447,2,,,0,54,,64435,2,,,0,15,,64433,2,,,0,13,,64442,2,,,0,15,,64491,2,,,0,55,,64441,2,0,106,0,31,,64443,2,0,106,0,70,,64439,2,0,106,0,30,,64444,2,0,106,0
663700,'152301_merged_15288069',2102,,67921,12,,,0,16,,67922,12,,,0,20,,67923,12,,,0,20,,67924,12,,,0,63,,67925,12,,,0,18,,67926,12,,,0,65,,67927,12,,,0,23,,67928,12,,,0,22,,67933,12,,,0,74,,67929,12,,,0,25,,67930,12,,,0,70,,67931,12,,,0,39,,67932,12,,,0
663700,'2_merged_15288065',2056,,68048,12,,,0,60,,68049,12,,,0,21,,68050,12,,,0,20,,68051,12,,,0,61,,68052,12,,,0,20,,68053,12,,,0,20,,68054,12,,,0,63,,68055,12,,,0,31,,68056,12,,,0,71,,68057,12,,,0,30,,68058,12,,,0,69,,68059,12,,,0,19,,68060,12,,,0
663700,'3_merged_15288064',2116,,68118,12,,,0,20,,68119,12,,,0,20,,68120,12,,,0,64,,68121,12,,,0,22,,68122,12,,,0,14,,68123,12,,,0,61,,68124,12,,,0,26,,68125,12,,,0,70,,68126,12,,,0,31,,68127,12,,,0,68,,68128,12,,,0,30,,68129,12,,,0
683300,'1_merged_15288063',2604,,95482,33,4,,0,33,,95484,33,4,,0,71,,95483,33,4,,0
683300,'2_merged_15288065',2603,,95485,33,4,,0,30,,95487,33,4,,0,68,,95486,33,4,,0
683300,'3_merged_15288064',2603,,95488,33,4,,0,30,,95490,33,4,,0,70,,95489,33,4,,0,37,,95491,33,4,,0
683301,'1_merged_15288063',2609,,95492,1,,,0,14,,95495,1,,,0,19,,95493,1,,,0,72,,95494,1,,,0
683301,'2_merged_15288065',2612,,95498,1,,,0,13,,95499,1,,,0,20,,95497,1,,,0,61,,95496,1,,,0
683301,'3_merged_15288064',2610,,95502,1,,,0,30,,95501,1,,,0,70,,95500,1,,,0
1671800,'152301_merged_15288069',2110,,98214,34,0,10,0,16,,98215,34,0,10,0,15,,98216,34,0,10,0,15,,98217,34,0,10,0,55,,98218,34,0,10,0,20,,98219,34,0,10,0,21,,98220,34,0,10,0,58,,98221,34,0,10,0,20,,98222,34,0,10,0,70,,98223,34,0,10,0,16,,98212,34,0,10,0,15,,98224,34,0,10,0,15,,98213,34,0,10,0,55,,98225,34,0,10,0,30,,98226,34,0,10,0
1671800,'2_merged_15288065',326,,98403,34,0,10,0,30,,98404,34,0,10,0,1751,,98317,34,0,10,0,15,,98318,34,0,10,0,15,,98319,34,0,10,0,15,,98320,34,0,10,0,60,,98329,34,0,10,0,20,,98321,34,0,10,0,20,,98322,34,0,10,0,60,,98323,34,0,10,0,21,,98324,34,0,10,0,24,,98325,34,0,10,0,70,,98326,34,0,10,0,30,,98327,34,0,10,0,70,,98328,34,0,10,0
1671800,'3_merged_15288064',324,,98489,34,0,10,0,30,,98490,34,0,10,0,1758,,98471,34,0,10,0,15,,98472,34,0,10,0,15,,98473,34,0,10,0,15,,98485,34,0,10,0,59,,98474,34,0,10,0,20,,98475,34,0,10,0,20,,98476,34,0,10,0,59,,98477,34,0,10,0,21,,98478,34,0,10,0,64,,98479,34,0,10,0,30,,98480,34,0,10,0,70,,98481,34,0,10,0,30,,98482,34,0,10,0
