670800,'101_merged_15524987',711,,144573,17,,,0,794,,144574,11,,,0,49,,144572,17,,,0
670800,'1_merged_15524980',532,,144616,16,,,0,20,,144612,17,,,0,57,,144586,17,,,0,18,,144591,16,,,0,18,,144614,16,,,0,13,,144581,16,,,0,64,,144613,17,,,0,12,,144620,17,,,0,14,,144615,16,,,0,55,,144593,17,,,0,17,,144576,17,,,0,18,,144592,17,,,0,18,,144578,17,,,0,69,,144583,17,,,0,30,,144584,17,,,0,70,,144596,17,,,0,30,,144579,17,,,0,71,,144597,17,,,0,30,,144602,17,,,0,70,,144598,17,,,0,30,,144585,17,,,0,70,,144599,17,,,0,30,,144609,17,,,0,70,,144600,17,,,0,30,,144587,16,,,0,58,,144589,17,,,0,20,,144594,16,,,0,80,,144575,17,,,0,20,,144590,17,,,0,20,,144603,17,,,0,57,,144617,17,,,0,17,,144604,17,,,0,19,,144605,17,,,0,11,,144595,17,,,0,55,,144618,17,,,0,15,,144606,17,,,0,15,,144607,17,,,0,15,,144619,17,,,0,55,,144588,17,,,0,16,,144611,17,,,0,20,,144621,17,,,0,60,,144610,17,,,0,20,,144601,17,,,0,20,,144622,17,,,0,60,,144580,17,,,0,98,,144582,17,,,0,99,,144608,17,,,0,104,,144577,17,,,0
670800,'201',711,,144623,17,,,0,843,,144624,16,,,0
670800,'2_merged_15524982',550,,144659,16,,,0,56,,144658,16,,,0,18,,144647,16,,,0,20,,144660,16,,,0,60,,144646,17,,,0,20,,144631,16,,,0,20,,144661,17,,,0,60,,144645,17,,,0,30,,144630,17,,,0,71,,144644,17,,,0,30,,144625,17,,,0,70,,144643,17,,,0,30,,144651,17,,,0,70,,144642,17,,,0,30,,144629,17,,,0,70,,144641,17,,,0,31,,144627,17,,,0,71,,144640,17,,,0,30,,144626,17,,,0,70,,144639,17,,,0,29,,144652,17,,,0,69,,144638,17,,,0,31,,144662,17,,,0,71,,144637,17,,,0,30,,144655,17,,,0,70,,144636,16,,,0,30,,144628,17,,,0,70,,144635,17,,,0,29,,144657,17,,,0,68,,144634,17,,,0,29,,144656,17,,,0,70,,144633,17,,,0,30,,144654,17,,,0,72,,144632,17,,,0,32,,144653,17,,,0,98,,144650,17,,,0,97,,144649,17,,,0,99,,144648,17,,,0
670800,'3_merged_15524981',632,,144663,16,,,0,20,,144694,16,,,0,60,,144693,17,,,0,20,,144692,17,,,0,71,,144671,17,,,0,30,,144691,17,,,0,70,,144681,17,,,0,31,,144690,17,,,0,70,,144680,17,,,0,30,,144689,17,,,0,71,,144676,17,,,0,30,,144688,17,,,0,70,,144675,17,,,0,23,,144687,16,,,0,21,,144697,17,,,0,60,,144674,17,,,0,20,,144698,16,,,0,20,,144686,17,,,0,60,,144673,17,,,0,20,,144685,17,,,0,20,,144699,17,,,0,60,,144677,17,,,0,20,,144668,17,,,0,19,,144700,17,,,0,60,,144672,17,,,0,20,,144667,17,,,0,20,,144701,17,,,0,60,,144678,17,,,0,20,,144695,17,,,0,21,,144702,17,,,0,61,,144684,17,,,0,20,,144666,17,,,0,21,,144696,17,,,0,61,,144679,17,,,0,30,,144665,17,,,0,70,,144669,17,,,0,30,,144664,17,,,0,73,,144683,17,,,0,90,,144670,17,,,0,97,,144682,17,,,0,99,,144703,17,,,0
670901,'101_merged_15524987',644,,144885,24,,,0
670901,'1_merged_15524980',518,,144908,24,,,0,24,,144898,24,,,0,60,,144910,24,,,0,20,,144899,24,,,0,82,,144906,24,,,0,20,,144911,24,,,0,21,,144915,24,,,0,56,,144887,24,,,0,15,,144890,24,,,0,20,,144912,24,,,0,20,,144889,24,,,0,70,,144913,24,,,0,31,,144888,24,,,0,101,,144902,24,,,0,100,,144903,24,,,0,101,,144905,24,,,0,100,,144914,24,,,0,76,,144904,24,,,0,72,,144909,24,,,0,30,,144900,24,,,0,70,,144892,24,,,0,27,,144886,24,,,0,66,,144893,24,,,0,30,,144894,24,,,0,29,,144895,24,,,0,71,,144896,24,,,0,76,,144891,24,,,0,34,,144907,24,,,0,105,,144897,24,,,0,106,,144901,24,,,0
670901,'201',644,,144916,24,,,0
670901,'2_merged_15524982',819,,144929,24,,,0,102,,144927,24,,,0,102,,144926,24,,,0,102,,144924,24,,,0,101,,144923,24,,,0,100,,144922,24,,,0,101,,144921,24,,,0,100,,144925,24,,,0,100,,144918,24,,,0,98,,144920,24,,,0,100,,144928,24,,,0,99,,144919,24,,,0,100,,144917,24,,,0,100,,144930,24,,,0
670901,'3_merged_15524981',1141,,144932,24,,,0,107,,144937,24,,,0,105,,144938,24,,,0,100,,144934,24,,,0,100,,144933,24,,,0,100,,144935,24,,,0,100,,144931,24,,,0,100,,144941,24,,,0,99,,144936,24,,,0,94,,144940,24,,,0,96,,144939,24,,,0
