670001,'1_merged_15524980',534,,141711,1,,,0,67,,141685,1,,,0,22,,141730,1,,,0,20,,141715,1,,,0,59,,141706,1,,,0,19,,141696,1,,,0,19,,141707,1,,,0,60,,141719,1,,,0,20,,141710,1,,,0,20,,141703,1,,,0,60,,141702,1,,,0,30,,141714,1,,,0,70,,141720,1,,,0,30,,141705,1,,,0,70,,141709,1,,,0,30,,141721,1,,,0,70,,141700,1,,,0,30,,141701,1,,,0,70,,141717,1,,,0,30,,141718,1,,,0,70,,141694,1,,,0,30,,141686,1,,,0,70,,141684,1,,,0,25,,141728,1,,,0,20,,141687,1,,,0,60,,141713,1,,,0,20,,141716,1,,,0,20,,141695,1,,,0,60,,141690,1,,,0,20,,141699,1,,,0,20,,141697,1,,,0,60,,141704,1,,,0,20,,141731,1,,,0,20,,141693,1,,,0,60,,141729,1,,,0,20,,141698,1,,,0,20,,141708,1,,,0,60,,141732,1,,,0,20,,141722,1,,,0,20,,141688,1,,,0,60,,141723,1,,,0,30,,141691,1,,,0,70,,141724,1,,,0,30,,141683,1,,,0,70,,141725,1,,,0,30,,141689,1,,,0,70,,141726,1,,,0,30,,141712,1,,,0,70,,141727,1,,,0,33,,141692,1,,,0
670001,'2_merged_15524982',601,,141765,1,,,0,36,,141766,1,,,0,74,,141763,1,,,0,34,,141738,1,,,0,70,,141762,1,,,0,30,,141737,1,,,0,70,,141761,1,,,0,30,,141736,1,,,0,70,,141760,1,,,0,30,,141759,1,,,0,70,,141764,1,,,0,30,,141757,1,,,0,70,,141756,1,,,0,30,,141755,1,,,0,70,,141754,1,,,0,30,,141753,1,,,0,70,,141752,1,,,0,30,,141751,1,,,0,70,,141750,1,,,0,29,,141749,1,,,0,69,,141748,1,,,0,29,,141747,1,,,0,69,,141733,1,,,0,31,,141746,1,,,0,71,,141745,1,,,0,31,,141744,1,,,0,71,,141735,1,,,0,30,,141743,1,,,0,70,,141734,1,,,0,30,,141742,1,,,0,70,,141741,1,,,0,30,,141767,1,,,0,68,,141740,1,,,0,27,,141768,1,,,0,67,,141769,1,,,0,27,,141758,1,,,0,70,,141770,1,,,0,39,,141739,1,,,0
670001,'3_merged_15524981',743,,141801,1,,,0,70,,141780,1,,,0,30,,141797,1,,,0,70,,141794,1,,,0,30,,141774,1,,,0,70,,141782,1,,,0,30,,141775,1,,,0,70,,141773,1,,,0,30,,141791,1,,,0,70,,141772,1,,,0,30,,141792,1,,,0,70,,141779,1,,,0,30,,141795,1,,,0,70,,141777,1,,,0,30,,141788,1,,,0,70,,141776,1,,,0,30,,141778,1,,,0,70,,141793,1,,,0,30,,141787,1,,,0,70,,141771,1,,,0,30,,141781,1,,,0,70,,141786,1,,,0,30,,141798,1,,,0,70,,141785,1,,,0,30,,141799,1,,,0,70,,141784,1,,,0,30,,141800,1,,,0,70,,141783,1,,,0,107,,141789,1,,,0,112,,141790,1,,,0,109,,141796,1,,,0
671801,'1_merged_15524980',1547,,146386,1,,,0,74,,146384,1,,,0,34,,146385,1,,,0,76,,146383,1,,,0,76,,146382,1,,,0
683400,'1201_merged_15524973',2700,,155331,83,,,0,22,,155334,83,,,0,129,,155333,83,,,0
683400,'1_merged_15524980',2645,,155341,83,,,0,67,,155339,83,,,0,89,,155340,83,,,0,15,,155338,83,,,0,19,,155337,83,,,0,71,,155335,83,,,0,25,,155342,83,,,0
683400,'2_merged_15524982',541,,155352,83,,,0,14,,155351,83,,,0,72,,155355,83,,,0,25,,155350,83,,,0,67,,155349,83,,,0,1905,,155356,83,,,0,19,,155357,83,,,0,60,,155354,83,,,0,20,,155358,83,,,0,15,,155347,83,,,0,15,,155344,83,,,0,55,,155346,83,,,0,20,,155345,83,,,0,105,,155353,83,,,0
683400,'3_merged_15524981',548,,155368,83,,,0,70,,155369,83,,,0,15,,155370,83,,,0,15,,155376,83,,,0,55,,155375,83,,,0,16,,155371,83,,,0,23,,155359,83,,,0,59,,155377,83,,,0,12,,155372,83,,,0,1744,,155374,83,,,0,57,,155373,83,,,0,22,,155363,83,,,0,78,,155360,83,,,0,40,,155361,83,,,0,62,,155362,83,,,0,101,,155367,83,,,0
683401,'1_merged_15524980',2459,,155380,7,,,0,68,,155379,7,,,0,32,,155378,7,,,0
683401,'2_merged_15524982',2414,,155384,7,,,0,41,,155383,7,,,0,70,,155382,7,,,0,31,,155381,7,,,0
683401,'3_merged_15524981',2458,,155385,7,,,0,70,,155386,7,,,0,30,,155387,7,,,0
