681501,'1803_merged_15524988',1832,,153238,7,,,0,100,,153237,7,,,0,100,,153236,7,,,0,100,,153235,7,,,0
681501,'1_merged_15524980',532,,153241,7,,,0,100,,153240,7,,,0,100,,153239,7,,,0,100,,153242,7,,,0,100,,153256,7,,,0,100,,153255,7,,,0,100,,153254,7,,,0,100,,153253,7,,,0,100,,153252,7,,,0,100,,153251,7,,,0,100,,153250,7,,,0,100,,153249,7,,,0,100,,153248,7,,,0,100,,153247,7,,,0,100,,153246,7,,,0,100,,153245,7,,,0,100,,153244,7,,,0,100,,153243,7,,,0
681501,'2_merged_15524982',832,,153257,7,,,0,100,,153258,7,,,0,100,,153259,7,,,0,100,,153260,7,,,0,100,,153261,7,,,0,100,,153262,7,,,0,100,,153263,7,,,0,100,,153264,7,,,0,100,,153265,7,,,0,100,,153266,7,,,0,100,,153267,7,,,0,100,,153268,7,,,0,100,,153269,7,,,0,100,,153270,7,,,0,100,,153271,7,,,0
681501,'3_merged_15524981',932,,153277,7,,,0,100,,153276,7,,,0,100,,153275,7,,,0,100,,153274,7,,,0,100,,153273,7,,,0,100,,153272,7,,,0,100,,153280,7,,,0,100,,153279,7,,,0,100,,153278,7,,,0
2904001,'101_merged_15524987',801,,161339,6,,,0
3404501,'1_merged_15524980',719,,168458,26,,,0,100,,168457,26,,,0,100,,168456,26,,,0,100,,168455,26,,,0,100,,168454,26,,,0,100,,168453,26,,,0,100,,168452,26,,,0,100,,168451,26,,,0,100,,168450,26,,,0,100,,168449,26,,,0,100,,168448,26,,,0,100,,168447,26,,,0,100,,168446,26,,,0,100,,168445,26,,,0,100,,168444,26,,,0,96,,168443,26,,,0,104,,168442,26,,,0,100,,168459,26,,,0
3404501,'2_merged_15524982',819,,168460,26,,,0,100,,168461,26,,,0,100,,168462,26,,,0,100,,168463,26,,,0,100,,168464,26,,,0,100,,168465,26,,,0,100,,168466,26,,,0,100,,168467,26,,,0,100,,168468,26,,,0,100,,168469,26,,,0,100,,168470,26,,,0,100,,168471,26,,,0,100,,168472,26,,,0,100,,168473,26,,,0,100,,168474,26,,,0,100,,168475,26,,,0,100,,168476,26,,,0
3404501,'3_merged_15524981',919,,168482,26,,,0,100,,168481,26,,,0,100,,168480,26,,,0,100,,168479,26,,,0,100,,168478,26,,,0,100,,168477,26,,,0,100,,168490,26,,,0,100,,168489,26,,,0,100,,168483,26,,,0,100,,168487,26,,,0,100,,168486,26,,,0,100,,168488,26,,,0,100,,168485,26,,,0,100,,168484,26,,,0,100,,168491,26,,,0,100,,168492,26,,,0
5312701,'2_merged_15524982',803,,181232,7,,,0,100,,181233,7,,,0,100,,181234,7,,,0,100,,181235,7,,,0,100,,181236,7,,,0,100,,181237,7,,,0,100,,181238,7,,,0,100,,181239,7,,,0,100,,181240,7,,,0,100,,181241,7,,,0,100,,181242,7,,,0,100,,181243,7,,,0,100,,181244,7,,,0
5312701,'3_merged_15524981',803,,181245,7,,,0,100,,181246,7,,,0,100,,181247,7,,,0,100,,181248,7,,,0,100,,181249,7,,,0,100,,181250,7,,,0,100,,181251,7,,,0,100,,181252,7,,,0,100,,181253,7,,,0,100,,181254,7,,,0,100,,181255,7,,,0,100,,181256,7,,,0,100,,181257,7,,,0
