674900,'101_merged_15291802',741,,90976,38,0,62 63 64,0,69,,90977,20,,,0,3,,90976,58,0,62 63 64,0
674900,'1_merged_15291795',554,,91041,38,,,0,53,,91042,38,,,0,17,,91043,38,,,0,17,,91044,38,,,0,59,,91045,38,,,0,14,,91046,38,,,0,17,,91047,38,,,0,75,,91048,38,,,0,43,,90987,38,,,0,68,,91033,38,,,0,29,,91035,38,,,0,67,,91038,38,,,0,33,,91040,38,,,0,71,,91013,38,,,0,28,,91015,38,,,0,72,,91017,38,,,0,32,,91019,38,,,0,70,,91021,38,,,0,30,,91023,38,,,0,68,,91025,38,,,0,100,,91027,38,,,0,15,,91028,38,,,0,15,,91029,38,,,0,12,,91030,38,,,0,57,,91031,38,,,0,15,,90979,38,,,0,16,,90985,38,,,0,63,,91007,38,,,0,6,,90989,38,,,0,21,,90978,38,,,0,5,,91008,38,,,0,62,,91009,38,,,0,7,,91010,38,,,0,15,,91011,38,,,0,16,,91012,38,,,0,7,,90986,38,,,0,59,,90980,38,,,0,9,,90990,38,,,0,16,,90991,38,,,0,15,,91002,38,,,0,56,,91003,38,,,0,13,,91004,38,,,0,30,,91006,38,,,0,55,,90984,38,,,0,15,,90981,38,,,0,28,,90995,38,,,0,70,,90996,38,,,0,28,,90997,38,,,0,70,,90982,38,,,0,28,,90999,38,,,0,70,,90993,38,,,0,25,,90998,38,,,0,70,,90983,38,,,0
674900,'2_merged_15291797',640,,91053,38,,,0,70,,91054,38,,,0,29,,91055,38,,,0,15,,91056,38,,,0,70,,91058,38,,,0,26,,91060,38,,,0,71,,91062,38,,,0,34,,91064,38,,,0,72,,91066,38,,,0,28,,91068,38,,,0,73,,91070,38,,,0,30,,91072,38,,,0,71,,91074,38,,,0,72,,91076,38,,,0,27,,91078,38,,,0,31,,91080,38,,,0,68,,91082,38,,,0,30,,91084,38,,,0,72,,91086,38,,,0,71,,91088,38,,,0,32,,91090,38,,,0,26,,91092,38,,,0,67,,91094,38,,,0,29,,91096,38,,,0,71,,91098,38,,,0,31,,91100,38,,,0,55,,91101,38,,,0,12,,91102,38,,,0,20,,91103,38,,,0,60,,91104,38,,,0,17,,91105,38,,,0,22,,91106,38,,,0,60,,91107,38,,,0,19,,91108,38,,,0,25,,91109,38,,,0,70,,91110,38,,,0,29,,91111,38,,,0,70,,91112,38,,,0,26,,91113,38,,,0,70,,91114,38,,,0,29,,91115,38,,,0,70,,91116,38,,,0
674900,'3_merged_15291796',643,,91147,38,,,0,73,,91146,38,,,0,23,,91152,38,,,0,71,,91151,38,,,0,32,,91162,38,,,0,70,,91160,38,,,0,34,,91158,38,,,0,72,,91181,38,,,0,30,,91156,38,,,0,69,,91154,38,,,0,24,,91150,38,,,0,73,,91148,38,,,0,32,,91122,38,,,0,71,,91120,38,,,0,28,,91118,38,,,0,64,,91179,38,,,0,36,,91177,38,,,0,70,,91175,38,,,0,29,,91172,38,,,0,70,,91170,38,,,0,30,,91168,38,,,0,71,,91166,38,,,0,29,,91164,38,,,0,70,,91145,38,,,0,35,,91143,38,,,0,70,,91141,38,,,0,25,,91139,38,,,0,70,,91137,38,,,0,30,,91134,38,,,0,66,,91132,38,,,0,20,,91131,38,,,0,20,,91130,38,,,0,71,,91129,38,,,0,31,,91128,38,,,0,70,,91127,38,,,0,28,,91126,38,,,0,70,,91125,38,,,0,29,,91124,38,,,0
674900,'701_merged_15291789',1502,,91183,38,,,0
674900,'801_merged_15291807',1457,,91184,38,,,0
680500,'1_merged_15291795',657,,92727,5,,,0,200,,92726,5,,,0,200,,92725,5,,,0,201,,92724,5,,,0,269,,92723,5,,,0,175,,92722,5,,,0,157,,92728,5,,,0
680500,'2_merged_15291797',857,,92731,5,,,0,200,,92732,5,,,0,200,,92733,5,,,0,200,,92734,5,,,0,198,,92729,5,,,0,202,,92730,5,,,0
3404200,'101_merged_15291802',800,,107249,7,,,0,658,,107251,7,,,0,48,,107250,7,,,0,94,,107252,7,,,0
3404200,'1_merged_15291795',508,,107275,7,,,0,30,,107265,7,,,0,63,,107264,7,,,0,5,,107274,7,,,0,25,,107256,7,,,0,5,,107255,7,,,0,65,,107273,7,,,0,5,,107276,7,,,0,30,,107263,7,,,0,69,,107272,7,,,0,30,,107262,7,,,0,70,,107271,7,,,0,100,,107270,7,,,0,100,,107269,7,,,0,103,,107268,7,,,0,98,,107267,7,,,0,94,,107266,7,,,0,36,,107277,7,,,0,84,,107261,7,,,0,26,,107278,7,,,0,68,,107260,7,,,0,111,,107259,15,,,0,78,,107254,7,,,0,42,,107253,7,,,0,102,,107258,7,,,0,100,,107257,7,,,0
3404200,'2_merged_15291797',809,,107284,7,,,0,100,,107285,7,,,0,100,,107283,7,,,0,101,,107286,7,,,0,100,,107282,7,,,0,100,,107287,7,,,0,100,,107281,7,,,0,100,,107288,7,,,0,101,,107280,7,,,0,99,,107289,7,,,0,100,,107279,7,,,0
3404200,'3_merged_15291796',804,,107295,7,,,0,101,,107296,7,,,0,100,,107294,7,,,0,100,,107297,7,,,0,100,,107293,7,,,0,100,,107298,7,,,0,100,,107292,7,,,0,100,,107299,7,,,0,100,,107291,7,,,0,100,,107300,7,,,0,100,,107290,7,,,0
