674900,'101_merged_15524987',728,,150770,21,0,62 63 64,0,23,,150771,3,,,0
674900,'1_merged_15524980',541,,150835,21,,,0,13,,150836,21,,,0,57,,150837,21,,,0,17,,150838,21,,,0,15,,150839,21,,,0,16,,150840,21,,,0,56,,150841,21,,,0,30,,150842,21,,,0,55,,150843,21,0,58 59,0,15,,150844,21,0,58 59,0,12,,150781,21,,,0,14,,150826,21,0,58 59,0,18,,150827,21,,,0,55,,150828,21,0,58 59,0,15,,150829,21,,,0,8,,150830,21,0,60 61 8,0,9,,150831,21,0,58 59,0,13,,150832,21,,,0,55,,150833,21,0,58 59,0,15,,150834,21,,,0,15,,150782,21,0,58 59,0,15,,150807,21,,,0,55,,150808,21,0,58 59,0,15,,150809,21,,,0,15,,150810,21,0,58 59,0,57,,150811,21,,,0,15,,150812,21,0,58 59,0,15,,150813,21,,,0,12,,150814,21,0,58 59,0,57,,150815,21,,,0,14,,150816,21,0,58 59,0,15,,150817,21,,,0,17,,150818,21,0,58 59,0,13,,150819,21,,,0,57,,150820,21,0,60 61 8,0,37,,150821,21,,,0,54,,150822,21,,,0,15,,150823,21,,,0,17,,150824,21,,,0,17,,150825,21,,,0,54,,150773,21,,,0,14,,150779,21,,,0,24,,150801,21,,,0,6,,150783,21,,,0,63,,150772,21,,,0,5,,150802,21,,,0,24,,150803,21,,,0,6,,150804,21,,,0,55,,150805,21,,,0,21,,150806,21,,,0,5,,150780,21,,,0,19,,150774,21,,,0,49,,150784,21,,,0,16,,150785,21,,,0,14,,150796,21,,,0,16,,150797,21,,,0,54,,150798,21,,,0,13,,150799,21,0,60 61 8,0,17,,150800,21,,,0,15,,150778,21,,,0,56,,150775,21,,,0,16,,150788,21,0,60 61 8,0,12,,150789,21,,,0,70,,150790,21,,,0,30,,150791,21,,,0,70,,150776,21,,,0,29,,150793,21,,,0,30,,150787,21,,,0,66,,150792,21,,,0,30,,150777,21,,,0,70,,150795,21,0,58 59,0,29,,150786,21,0,58 59,0,70,,150794,21,0,58 59,0
674900,'201',727,,150845,21,,,0
674900,'2_merged_15524982',629,,150848,21,,,0,30,,150849,21,,,0,67,,150850,21,,,0,15,,150851,21,,,0,15,,150852,21,0,58 59,0,55,,150853,21,,,0,10,,150854,21,0,58 59,0,15,,150855,21,,,0,15,,150856,21,0,58 59,0,55,,150857,21,,,0,16,,150858,21,0,58 59,0,16,,150859,21,,,0,15,,150860,21,0,58 59,0,54,,150861,21,,,0,15,,150862,21,0,58 59,0,18,,150863,21,,,0,15,,150864,21,0,58 59,0,54,,150865,21,,,0,15,,150866,21,0,58 59,0,15,,150867,21,,,0,16,,150868,21,0,58 59,0,55,,150869,21,,,0,17,,150870,21,0,58 59,0,15,,150871,21,,,0,12,,150872,21,0,58 59,0,55,,150873,21,,,0,15,,150874,21,0,58 59,0,16,,150875,21,,,0,15,,150876,21,0,58 59,0,55,,150877,21,,,0,15,,150878,21,0,58 59,0,17,,150879,21,,,0,15,,150880,21,0,58 59,0,55,,150881,21,,,0,15,,150882,21,0,58 59,0,13,,150883,21,,,0,15,,150884,21,0,58 59,0,57,,150885,21,,,0,13,,150886,21,0,58 59,0,16,,150887,21,,,0,14,,150888,21,0,58 59,0,54,,150889,21,,,0,15,,150890,21,0,58 59,0,15,,150891,21,,,0,15,,150892,21,0,58 59,0,55,,150893,21,,,0,15,,150894,21,0,58 59,0,14,,150895,21,,,0,15,,150896,21,,,0,55,,150897,21,,,0,20,,150898,21,,,0,20,,150899,21,,,0,57,,150900,21,,,0,22,,150901,21,,,0,20,,150902,21,,,0,59,,150903,21,,,0,24,,150904,21,,,0,70,,150905,21,,,0,30,,150906,21,,,0,70,,150907,21,,,0,28,,150908,21,,,0,30,,150909,21,,,0,69,,150910,21,,,0,30,,150911,21,,,0,68,,150912,21,0,58 59,0,75,,150846,21,0,58 59,0,25,,150847,21,0,58 59,0
674900,'3_merged_15524981',631,,150942,21,,,0,72,,150941,21,,,0,23,,150947,21,,,0,31,,150946,21,,,0,55,,150958,21,0,58 59,0,17,,150957,21,,,0,15,,150956,21,0,58 59,0,15,,150955,21,,,0,56,,150954,21,0,58 59,0,16,,150953,21,,,0,15,,150977,21,0,58 59,0,56,,150976,21,,,0,15,,150952,21,0,58 59,0,16,,150951,21,,,0,15,,150950,21,0,58 59,0,53,,150949,21,,,0,10,,150948,21,0,58 59,0,14,,150945,21,,,0,16,,150944,21,0,58 59,0,15,,150943,21,,,0,53,,150969,21,0,58 59,0,19,,150917,21,,,0,15,,150916,21,0,58 59,0,15,,150915,21,,,0,54,,150914,21,0,58 59,0,16,,150913,21,,,0,15,,150975,21,0,58 59,0,9,,150974,21,,,0,63,,150973,21,0,58 59,0,15,,150972,21,,,0,15,,150971,21,0,58 59,0,55,,150970,21,,,0,15,,150968,21,0,58 59,0,14,,150967,21,,,0,14,,150966,21,0,58 59,0,14,,150965,21,,,0,45,,150964,21,0,58 59,0,25,,150963,21,,,0,15,,150962,21,0,58 59,0,15,,150961,21,,,0,53,,150960,21,0,58 59,0,17,,150959,21,,,0,16,,150930,21,0,58 59,0,14,,150940,21,,,0,56,,150939,21,0,58 59,0,19,,150938,21,,,0,15,,150937,21,0,58 59,0,55,,150936,21,,,0,14,,150935,21,0,58 59,0,14,,150934,21,,,0,15,,150933,21,0,58 59,0,55,,150932,21,,,0,15,,150931,21,0,58 59,0,15,,150929,21,,,0,15,,150928,21,0,58 59,0,11,,150927,21,,,0,60,,150926,21,,,0,20,,150925,21,,,0,71,,150924,21,,,0,31,,150923,21,,,0,70,,150922,21,,,0,27,,150921,21,,,0,70,,150920,21,,,0,31,,150919,21,,,0,101,,150918,21,0,58 59,0
674900,'701_merged_15524974',1439,,150978,21,0,62 63 121 122 123,0
674900,'801_merged_15524992',1433,,150979,21,,,0
722400,'1_merged_15524980',552,,155834,28,,,0,60,,155832,28,,,0,24,,155809,28,,,0,10,,155807,28,,,0,62,,155835,28,,,0,7,,155839,28,,,0,24,,155833,28,,,0,20,,155830,28,,,0,51,,155836,28,,,0,26,,155829,28,,,0,18,,155828,28,,,0,63,,155840,28,,,0,17,,155825,28,,,0,72,,155824,28,,,0,26,,155822,28,,,0,70,,155821,28,,,0,30,,155820,28,,,0,73,,155819,28,,,0,30,,155818,28,,,0,70,,155817,28,,,0,30,,155823,28,,,0,71,,155816,28,,,0,33,,155831,28,,,0,71,,155827,28,,,0,32,,155837,28,,,0,60,,155826,28,,,0,19,,155815,28,,,0,27,,155838,28,,,0,54,,155814,28,,,0,19,,155806,28,,,0,16,,155804,28,,,0,15,,155841,28,,,0,55,,155813,28,,,0,21,,155812,28,,,0,73,,155811,28,,,0,21,,155810,28,,,0,19,,155805,28,,,0,62,,155808,28,,,0,32,,155845,28,,,0
1294000,'101_merged_15524987',1651,,157878,25,,,0
1294000,'1_merged_15524980',538,,157880,25,,,0,70,,157881,25,,,0,31,,157882,25,,,0,71,,157883,25,,,0,35,,157884,25,,,0,73,,157885,25,,,0,806,,157914,25,,,0,93,,157900,25,,,0,26,,157901,25,,,0,65,,157902,25,,,0,23,,157903,25,,,0,28,,157904,25,,,0
1294000,'201',1651,,157915,25,,,0
