670401,'1_merged_15291795',442,,83091,2,,,0,71,,83089,2,,,0,32,,83087,2,,,0,69,,83078,2,,,0,28,,83081,2,,,0,69,,83123,2,,,0,31,,83122,2,,,0,70,,83120,2,,,0,32,,83119,2,,,0,72,,83117,2,,,0,30,,83115,2,,,0,70,,83113,2,,,0,30,,83111,2,,,0,69,,83102,2,,,0,30,,83100,2,,,0,70,,83099,2,,,0,26,,83097,2,,,0,69,,83095,2,,,0,29,,83085,2,,,0,65,,83083,2,,,0,29,,83149,2,,,0,26,,83151,2,,,0,52,,83079,2,,,0,13,,83148,2,,,0,13,,83110,2,,,0,13,,83076,2,,,0,54,,83108,2,,,0,14,,83107,2,,,0,12,,83106,2,,,0,13,,83077,2,,,0,13,,83105,2,,,0,57,,83104,2,,,0,12,,83150,2,,,0,12,,83142,2,,,0,15,,83075,2,,,0,51,,83141,2,,,0,28,,83139,2,,,0,24,,83137,2,,,0,67,,83135,2,,,0,95,,83132,2,,,0,97,,83130,2,,,0,100,,83128,2,,,0,102,,83126,2,,,0,106,,83124,2,,,0
670401,'2_merged_15291797',508,,83218,2,,,0,34,,83220,2,,,0,74,,83175,2,,,0,125,,83209,2,,,0,79,,83210,2,,,0,33,,83211,2,,,0,64,,83212,2,,,0,27,,83173,2,,,0,68,,83174,2,,,0,28,,83215,2,,,0,69,,83217,2,,,0,27,,83153,2,,,0,69,,83155,2,,,0,30,,83157,2,,,0,71,,83159,2,,,0,31,,83161,2,,,0,70,,83183,2,,,0,28,,83185,2,,,0,70,,83187,2,,,0,31,,83189,2,,,0,70,,83191,2,,,0,32,,83193,2,,,0,71,,83195,2,,,0,34,,83196,2,,,0,71,,83197,2,,,0,30,,83198,2,,,0,70,,83170,2,,,0,30,,83178,2,,,0,15,,83201,2,,,0,96,,83204,2,,,0,90,,83163,2,,,0,103,,83165,2,,,0,105,,83167,2,,,0,95,,83168,2,,,0
670401,'3_merged_15291796',600,,83280,2,,,0,109,,83266,2,,,0,44,,83251,2,,,0,70,,83264,2,,,0,30,,83244,2,,,0,70,,83269,2,,,0,28,,83230,2,,,0,70,,83275,2,,,0,28,,83231,2,,,0,69,,83229,2,,,0,28,,83246,2,,,0,71,,83222,2,,,0,30,,83279,2,,,0,70,,83252,2,,,0,31,,83273,2,,,0,69,,83272,2,,,0,31,,83278,2,,,0,70,,83274,2,,,0,30,,83223,2,,,0,71,,83225,2,,,0,30,,83271,2,,,0,69,,83253,2,,,0,32,,83248,2,,,0,70,,83270,2,,,0,31,,83262,2,,,0,72,,83254,2,,,0,29,,83250,2,,,0,163,,83276,2,,,0,100,,83226,2,,,0,103,,83221,2,,,0
681501,'1803_merged_15291803',1831,,93413,2,,,0,100,,93412,2,,,0,100,,93411,2,,,0,100,,93410,2,,,0
681501,'1_merged_15291795',531,,93416,2,,,0,100,,93415,2,,,0,100,,93414,2,,,0,100,,93417,2,,,0,100,,93431,2,,,0,100,,93430,2,,,0,100,,93429,2,,,0,100,,93428,2,,,0,100,,93427,2,,,0,100,,93426,2,,,0,100,,93425,2,,,0,100,,93424,2,,,0,100,,93423,2,,,0,100,,93422,2,,,0,100,,93421,2,,,0,100,,93420,2,,,0,100,,93419,2,,,0,100,,93418,2,,,0
681501,'2_merged_15291797',831,,93432,2,,,0,100,,93433,2,,,0,100,,93434,2,,,0,100,,93435,2,,,0,100,,93436,2,,,0,100,,93437,2,,,0,100,,93438,2,,,0,100,,93439,2,,,0,100,,93440,2,,,0,100,,93441,2,,,0,100,,93442,2,,,0,100,,93443,2,,,0,100,,93444,2,,,0,100,,93445,2,,,0,100,,93446,2,,,0
681501,'3_merged_15291796',931,,93452,2,,,0,100,,93451,2,,,0,100,,93450,2,,,0,100,,93449,2,,,0,100,,93448,2,,,0,100,,93447,2,,,0,100,,93455,2,,,0,100,,93454,2,,,0,100,,93453,2,,,0
681600,'1_merged_15291795',701,,93470,2,,,0,100,,93469,2,,,0,100,,93468,2,,,0,100,,93467,2,,,0,100,,93466,2,,,0,100,,93465,2,,,0,100,,93464,2,,,0,100,,93463,2,,,0,100,,93461,2,,,0,100,,93460,2,,,0,100,,93459,2,,,0,100,,93458,2,,,0,100,,93457,2,,,0,100,,93456,2,,,0,100,,93462,2,,,0
681600,'2_merged_15291797',901,,93471,2,,,0,100,,93472,2,,,0,100,,93473,2,,,0,100,,93474,2,,,0,100,,93475,2,,,0,100,,93476,2,,,0,100,,93477,2,,,0,100,,93478,2,,,0,100,,93479,2,,,0,100,,93480,2,,,0,100,,93481,2,,,0,100,,93482,2,,,0,100,,93483,2,,,0
681600,'3_merged_15291796',901,,93486,2,,,0,100,,93485,2,,,0,100,,93484,2,,,0,100,,93493,2,,,0,100,,93492,2,,,0,100,,93491,2,,,0,100,,93490,2,,,0,100,,93489,2,,,0,100,,93488,2,,,0,100,,93487,2,,,0
1870501,'1_merged_15291795',535,,99499,11,,,0,15,,99457,11,,,0,55,,99459,11,,,0,16,,99494,11,,,0,15,,99484,11,,,0,20,,99458,11,,,0,61,,99485,11,,,0,20,,99460,11,,,0,20,,99461,11,,,0,60,,99486,11,,,0,20,,99462,11,,,0,20,,99463,11,,,0,59,,99487,11,,,0,21,,99464,11,,,0,20,,99465,11,,,0,60,,99495,11,,,0,20,,99466,11,,,0,63,,99467,11,,,0,30,,99480,11,,,0,70,,99468,11,,,0,30,,99456,11,,,0,70,,99469,11,,,0,31,,99470,11,,,0,70,,99471,11,,,0,16,,99492,11,,,0,18,,99472,11,,,0,18,,99473,11,,,0,57,,99488,11,,,0,17,,99474,11,,,0,17,,99493,11,,,0,57,,99475,11,,,0,17,,99489,11,,,0,21,,99476,11,,,0,61,,99477,11,,,0,20,,99490,11,,,0,22,,99479,11,,,0,61,,99478,11,,,0,20,,99491,11,,,0,21,,99481,11,,,0,61,,99482,11,,,0,23,,99483,11,,,0,28,,99453,11,,,0,69,,99454,11,,,0,29,,99455,11,,,0,98,,99496,11,,,0,100,,99497,11,,,0,100,,99498,11,,,0
1870501,'2_merged_15291797',557,,99518,11,,,0,70,,99519,11,,,0,30,,99520,11,,,0,71,,99521,11,,,0,30,,99522,11,,,0,71,,99523,11,,,0,30,,99524,11,,,0,70,,99525,11,,,0,71,,99503,11,,,0,32,,99504,11,,,0,72,,99505,11,,,0,32,,99506,11,,,0,71,,99507,11,,,0,31,,99508,11,,,0,70,,99509,11,,,0,30,,99510,11,,,0,70,,99511,11,,,0,30,,99512,11,,,0,70,,99513,11,,,0,30,,99514,11,,,0,70,,99515,11,,,0,30,,99516,11,,,0,70,,99517,11,,,0,28,,99526,11,,,0,68,,99527,11,,,0,27,,99528,11,,,0,28,,99529,11,,,0,70,,99530,11,,,0,30,,99500,11,,,0,70,,99501,11,,,0,30,,99502,11,,,0,99,,99531,11,,,0,100,,99532,11,,,0,100,,99533,11,,,0
1870501,'3_merged_15291796',557,,99560,11,,,0,70,,99561,11,,,0,30,,99562,11,,,0,70,,99563,11,,,0,30,,99534,11,,,0,71,,99535,11,,,0,30,,99536,11,,,0,70,,99537,11,,,0,30,,99538,11,,,0,70,,99539,11,,,0,30,,99540,11,,,0,70,,99541,11,,,0,30,,99542,11,,,0,71,,99543,11,,,0,30,,99544,11,,,0,72,,99545,11,,,0,72,,99546,11,,,0,30,,99547,11,,,0,70,,99548,11,,,0,30,,99549,11,,,0,70,,99550,11,,,0,30,,99551,11,,,0,70,,99552,11,,,0,30,,99553,11,,,0,70,,99554,11,,,0,29,,99555,11,,,0,70,,99556,11,,,0,30,,99557,11,,,0,70,,99558,11,,,0,30,,99564,11,,,0,70,,99559,11,,,0,55,,99565,11,,,0,100,,99566,11,,,0,100,,99567,11,,,0
2903801,'1_merged_15291795',447,,101048,2,,,0,10,,101055,2,,,0,50,,101030,2,,,0,20,,101029,2,,,0,19,,101038,2,,,0,55,,101028,2,,,0,15,,101027,2,,,0,16,,101039,2,,,0,12,,101052,2,,,0,11,,101026,2,,,0,52,,101053,2,,,0,13,,101025,2,,,0,16,,101040,2,,,0,16,,101024,2,,,0,56,,101023,2,,,0,16,,101022,2,,,0,16,,101041,2,,,0,15,,101021,2,,,0,55,,101020,2,,,0,15,,101032,2,,,0,15,,101042,2,,,0,15,,101019,2,,,0,55,,101018,2,,,0,15,,101033,2,,,0,15,,101017,2,,,0,17,,101016,2,,,0,60,,101034,2,,,0,20,,101015,2,,,0,20,,101014,2,,,0,60,,101035,2,,,0,20,,101013,2,,,0,20,,101012,2,,,0,60,,101036,2,,,0,20,,101011,2,,,0,20,,101007,2,,,0,60,,101010,2,,,0,17,,101054,2,,,0,16,,101037,2,,,0,55,,101009,2,,,0,15,,101008,2,,,0,15,,101031,2,,,0,14,,101043,2,,,0,54,,101006,2,,,0,17,,101005,2,,,0,15,,101044,2,,,0,15,,101004,2,,,0,55,,101045,2,,,0,15,,101003,2,,,0,16,,101002,2,,,0,20,,101001,2,,,0,60,,101000,2,,,0,20,,101046,2,,,0,20,,100999,2,,,0,60,,100998,2,,,0,20,,101047,2,,,0,20,,100997,2,,,0,60,,100996,2,,,0,33,,100995,2,,,0,74,,100994,2,,,0,99,,101049,2,,,0,100,,101050,2,,,0,100,,101051,2,,,0
2903801,'2_merged_15291797',640,,101101,2,,,0,60,,101097,2,,,0,20,,101073,2,,,0,20,,101083,2,,,0,60,,101074,2,,,0,20,,101075,2,,,0,20,,101084,2,,,0,60,,101085,2,,,0,20,,101076,2,,,0,20,,101086,2,,,0,60,,101077,2,,,0,20,,101078,2,,,0,21,,101087,2,,,0,60,,101079,2,,,0,20,,101080,2,,,0,20,,101088,2,,,0,60,,101081,2,,,0,20,,101071,2,,,0,20,,101096,2,,,0,60,,101082,2,,,0,20,,101056,2,,,0,20,,101089,2,,,0,60,,101057,2,,,0,20,,101058,2,,,0,20,,101090,2,,,0,60,,101059,2,,,0,20,,101060,2,,,0,20,,101091,2,,,0,60,,101061,2,,,0,20,,101062,2,,,0,20,,101092,2,,,0,60,,101063,2,,,0,20,,101072,2,,,0,20,,101093,2,,,0,60,,101064,2,,,0,20,,101065,2,,,0,20,,101094,2,,,0,60,,101066,2,,,0,20,,101067,2,,,0,20,,101095,2,,,0,60,,101068,2,,,0,20,,101069,2,,,0,30,,101070,2,,,0,99,,101098,2,,,0,100,,101099,2,,,0,100,,101100,2,,,0
2903801,'3_merged_15291796',700,,101103,2,,,0,30,,101104,2,,,0,70,,101105,2,,,0,30,,101106,2,,,0,70,,101107,2,,,0,30,,101108,2,,,0,70,,101109,2,,,0,31,,101110,2,,,0,70,,101111,2,,,0,30,,101112,2,,,0,70,,101113,2,,,0,30,,101114,2,,,0,70,,101115,2,,,0,30,,101116,2,,,0,70,,101117,2,,,0,30,,101118,2,,,0,26,,101119,2,,,0,60,,101131,2,,,0,20,,101120,2,,,0,20,,101132,2,,,0,60,,101121,2,,,0,20,,101122,2,,,0,20,,101133,2,,,0,60,,101123,2,,,0,20,,101124,2,,,0,20,,101134,2,,,0,60,,101125,2,,,0,20,,101126,2,,,0,70,,101127,2,,,0,30,,101128,2,,,0,70,,101129,2,,,0,30,,101130,2,,,0,69,,101102,2,,,0,99,,101135,2,,,0,99,,101136,2,,,0
3404500,'101_merged_15291802',815,,107554,2,0,101 102,0
3404500,'1_merged_15291795',606,,107572,2,,,0,100,,107570,2,,,0,100,,107569,2,,,0,100,,107568,2,,,0,100,,107567,2,,,0,100,,107566,2,,,0,100,,107565,2,,,0,100,,107564,2,,,0,100,,107563,2,,,0,103,,107562,2,,,0,97,,107561,2,,,0,100,,107560,2,,,0,100,,107559,2,,,0,100,,107558,2,,,0,100,,107557,2,,,0,100,,107556,2,,,0,100,,107555,2,,,0,100,,107571,2,,,0
3404500,'2_merged_15291797',706,,107573,2,,,0,100,,107574,2,,,0,100,,107575,2,,,0,100,,107576,2,,,0,100,,107577,2,,,0,100,,107578,2,,,0,100,,107579,2,,,0,100,,107580,2,,,0,100,,107581,2,,,0,100,,107582,2,,,0,100,,107583,2,,,0,100,,107584,2,,,0,100,,107585,2,,,0,100,,107586,2,,,0,100,,107587,2,,,0,100,,107588,2,,,0,100,,107589,2,,,0
3404500,'3_merged_15291796',806,,107604,2,,,0,100,,107603,2,,,0,100,,107602,2,,,0,100,,107601,2,,,0,100,,107600,2,,,0,100,,107599,2,,,0,100,,107598,2,,,0,100,,107597,2,,,0,100,,107596,2,,,0,100,,107595,2,,,0,100,,107594,2,,,0,100,,107593,2,,,0,100,,107592,2,,,0,100,,107591,2,,,0,100,,107590,2,,,0,100,,107605,2,,,0
