'1merged14809295',669800,54800,4,'',0,7000,4,'',0,1400,4,'',0,1400,4,'',0,5500,4,'',0,1900,4,'',0,1500,4,'',0,1500,4,'',0,5500,4,'',0,1500,4,'',0,1600,4,'',0,1600,4,'',0,5600,4,'',0,1700,4,'',0,1500,4,'',0,1400,4,'',0,6700,4,'',0,2500,4,'',0,6500,4,'',0,3000,4,'',0,7100,4,'',0,3000,4,'',0,7000,4,'',0,3200,4,'',0,6800,4,'',0,3000,4,'',0,6900,4,'',0,1500,4,'',0,1900,4,'',0,5500,4,'',0,1500,4,'',0,1500,4,'',0,1600,4,'',0,5600,4,'',0,1500,4,'',0,1500,4,'',0,1500,4,'',0,5500,4,'',0,1500,4,'',0,2000,4,'',0,2000,4,'',0,6000,4,'',0,1600,4,'',0,6900,4,'',0,2900,4,'',0,6900,4,'',0,3000,4,'',0,7000,4,'',0,3000,4,'',0,11600,4,'',0
'2merged14809297',669800,64200,4,'',0,7400,4,'',0,3000,4,'',0,7000,4,'',0,3100,4,'',0,7000,4,'',0,3000,4,'',0,7000,4,'',0,3000,4,'',0,6800,4,'',0,3000,4,'',0,7200,4,'',0,3000,4,'',0,7100,4,'',0,3300,4,'',0,6600,4,'',0,3000,4,'',0,7000,4,'',0,3100,4,'',0,7000,4,'',0,3000,4,'',0,7100,4,'',0,2900,4,'',0,6900,4,'',0,3000,4,'',0,7100,4,'',0,3000,4,'',0,7500,4,'',0,3100,4,'',0,6900,4,'',0,10000,4,'',0,10000,4,'',0
'3merged14809296',669800,64700,4,'',0,5900,4,'',0,1900,4,'',0,1900,4,'',0,6000,4,'',0,2000,4,'',0,2000,4,'',0,7200,4,'',0,3000,4,'',0,7000,4,'',0,3000,4,'',0,7000,4,'',0,3000,4,'',0,7100,4,'',0,3100,4,'',0,7200,4,'',0,3000,4,'',0,7000,4,'',0,3000,4,'',0,7300,4,'',0,3000,4,'',0,7000,4,'',0,3000,4,'',0,7000,4,'',0,2900,4,'',0,7000,4,'',0,3000,4,'',0,6800,4,'',0,3100,4,'',0,7000,4,'',0,2800,4,'',0,7000,4,'',0,10000,4,'',0,10000,4,'',0
'101',670301,180000,4,'',0
'1merged14809295',670301,53200,4,'',0,1000,4,'',0,1100,4,'',0,5200,4,'',0,1100,4,'',0,1100,4,'',0,1200,4,'',0,1100,4,'',0,5000,4,'',0,1200,4,'',0,1000,4,'',0,1000,4,'',0,1000,4,'',0,1000,4,'',0,5000,4,'',0,1000,4,'',0,1100,4,'',0,1000,4,'',0,1000,4,'',0,1000,4,'',0,5000,4,'',0,1000,4,'',0,1000,4,'',0,1000,4,'',0,1100,4,'',0,1000,4,'',0,5000,4,'',0,1000,4,'',0,1400,4,'',0,1600,4,'',0,1500,4,'',0,5500,4,'',0,1500,4,'',0,1500,4,'',0,1500,4,'',0,5600,4,'',0,1500,4,'',0,1500,4,'',0,5500,4,'',0,1600,4,'',0,1500,4,'',0,1600,4,'',0,5500,4,'',0,1600,4,'',0,1500,4,'',0,1700,4,'',0,5500,4,'',0,1700,4,'',0,1500,4,'',0,1600,4,'',0,5000,4,'',0,1000,4,'',0,1000,4,'',0,1000,4,'',0,1000,4,'',0,1000,4,'',0,5000,4,'',0,1000,4,'',0,900,4,'',0,1000,4,'',0,1000,4,'',0,1000,4,'',0,5800,4,'',0,1000,4,'',0,1000,4,'',0,1000,4,'',0,800,4,'',0,1000,4,'',0,5000,4,'',0,900,4,'',0,900,4,'',0,1000,4,'',0,1300,4,'',0,5500,4,'',0,1500,4,'',0,1500,4,'',0,1500,4,'',0,5500,4,'',0,1400,4,'',0,1500,4,'',0,1300,4,'',0,5500,4,'',0,1400,4,'',0,1500,4,'',0,1400,4,'',0,1500,4,'',0,5500,4,'',0,1500,4,'',0,1300,4,'',0,1500,4,'',0,5500,4,'',0,1500,4,'',0,1300,4,'',0,1500,4,'',0,5500,4,'',0,1500,4,'',0,1400,4,'',0,1600,4,'',0,6000,4,'',0,2000,4,'',0
'201',670301,180000,4,'',0
'2merged14809297',670301,61700,4,'',0,1500,4,'',0,1500,4,'',0,5500,4,'',0,1500,4,'',0,1500,4,'',0,1500,4,'',0,5500,4,'',0,1500,4,'',0,1600,4,'',0,1500,4,'',0,5600,4,'',0,1500,4,'',0,1500,4,'',0,1500,4,'',0,5600,4,'',0,1500,4,'',0,1500,4,'',0,1500,4,'',0,5700,4,'',0,1500,4,'',0,1500,4,'',0,1500,4,'',0,5500,4,'',0,1500,4,'',0,1500,4,'',0,1500,4,'',0,5700,4,'',0,1500,4,'',0,1600,4,'',0,1500,4,'',0,5500,4,'',0,1500,4,'',0,1600,4,'',0,1500,4,'',0,5500,4,'',0,1500,4,'',0,1500,4,'',0,1500,4,'',0,5500,4,'',0,1500,4,'',0,1500,4,'',0,1500,4,'',0,5500,4,'',0,1500,4,'',0,1500,4,'',0,1500,4,'',0,5500,4,'',0,1500,4,'',0,1400,4,'',0,1500,4,'',0,5300,4,'',0,1500,4,'',0,1400,4,'',0,1500,4,'',0,5500,4,'',0,1500,4,'',0,1600,4,'',0,1500,4,'',0,5500,4,'',0,1500,4,'',0,1300,4,'',0,1500,4,'',0,5500,4,'',0,1500,4,'',0,1300,4,'',0,1500,4,'',0,5500,4,'',0,1500,4,'',0,1300,4,'',0,1500,4,'',0,5500,4,'',0,1500,4,'',0,1500,4,'',0,1500,4,'',0,5500,4,'',0,1500,4,'',0,1300,4,'',0,2000,4,'',0,6000,4,'',0,1900,4,'',0
'3merged14809296',670301,64900,4,'',0,5300,4,'',0,1500,4,'',0,1500,4,'',0,1500,4,'',0,5500,4,'',0,1500,4,'',0,1500,4,'',0,1500,4,'',0,5700,4,'',0,1500,4,'',0,1700,4,'',0,1500,4,'',0,5500,4,'',0,1500,4,'',0,1500,4,'',0,1500,4,'',0,5500,4,'',0,1500,4,'',0,1500,4,'',0,1500,4,'',0,5700,4,'',0,1500,4,'',0,1500,4,'',0,1500,4,'',0,5600,4,'',0,1500,4,'',0,1600,4,'',0,1500,4,'',0,5500,4,'',0,1500,4,'',0,1600,4,'',0,1500,4,'',0,5500,4,'',0,1500,4,'',0,1500,4,'',0,1600,4,'',0,5600,4,'',0,1500,4,'',0,1500,4,'',0,1400,4,'',0,5400,4,'',0,1500,4,'',0,1500,4,'',0,1500,4,'',0,5500,4,'',0,1400,4,'',0,1300,4,'',0,1500,4,'',0,5500,4,'',0,1500,4,'',0,1500,4,'',0,1500,4,'',0,5500,4,'',0,1500,4,'',0,1300,4,'',0,1500,4,'',0,5400,4,'',0,1500,4,'',0,1500,4,'',0,1500,4,'',0,5500,4,'',0,1500,4,'',0,1200,4,'',0,1500,4,'',0,5500,4,'',0,1500,4,'',0,1500,4,'',0,1600,4,'',0,5600,4,'',0,1600,4,'',0,1300,4,'',0,1500,4,'',0,5500,4,'',0,1600,4,'',0,1800,4,'',0
'1merged14809295',670501,265000,4,'',0
'2merged14809297',670501,253300,4,'',0,10600,4,'',0
'3merged14809296',670501,254300,4,'',0
'1merged14809295',671901,173200,4,'',0,7200,4,'',0,3100,4,'',0,7200,4,'',0,3100,4,'',0
'1merged14809295',3780801,52000,4,'',0,1600,4,'',0,1500,4,'',0,5500,4,'',0,1500,4,'',0,1200,4,'',0,1100,4,'',0,1000,4,'',0,5000,4,'',0,1000,4,'',0,1000,4,'',0,1000,4,'',0,1000,4,'',0,1000,4,'',0,5000,4,'',0,1000,4,'',0,1000,4,'',0,1000,4,'',0,1000,4,'',0,1000,4,'',0,5000,4,'',0,1000,4,'',0,1000,4,'',0,1000,4,'',0,1000,4,'',0,1200,4,'',0,5200,4,'',0,1200,4,'',0,1200,4,'',0,1200,4,'',0,1200,4,'',0,5200,4,'',0,1200,4,'',0,1200,4,'',0,1200,4,'',0,1200,4,'',0,5200,4,'',0,1200,4,'',0,1200,4,'',0,1000,4,'',0,1200,4,'',0,5200,4,'',0,1200,4,'',0,1200,4,'',0,1200,4,'',0,1200,4,'',0,5200,4,'',0,1000,4,'',0,1000,4,'',0,1000,4,'',0,1000,4,'',0,1000,4,'',0,5000,4,'',0,1000,4,'',0,1000,4,'',0,800,4,'',0,800,4,'',0,600,4,'',0,700,4,'',0,4700,4,'',0,800,4,'',0,700,4,'',0,800,4,'',0,700,4,'',0,800,4,'',0,900,4,'',0,800,4,'',0,5000,4,'',0,800,4,'',0,900,4,'',0,800,4,'',0,700,4,'',0,800,4,'',0,700,4,'',0,4800,4,'',0,800,4,'',0,800,4,'',0,700,4,'',0,700,4,'',0,700,4,'',0,800,4,'',0,500,4,'',0,600,4,'',0,4500,4,'',0,700,4,'',0,600,4,'',0,800,4,'',0,400,4,'',0,800,4,'',0,600,4,'',0,1000,4,'',0,5200,4,'',0,1200,4,'',0,1200,4,'',0,1200,4,'',0,1200,4,'',0,5200,4,'',0,1200,4,'',0,1400,4,'',0,1500,4,'',0,5500,4,'',0,1500,4,'',0,1500,4,'',0,1500,4,'',0,5500,4,'',0,1500,4,'',0,1500,4,'',0,1500,4,'',0,5500,4,'',0,1400,4,'',0,1600,4,'',0,1500,4,'',0,5500,4,'',0,2000,4,'',0
'2merged14809297',3780801,52400,4,'',0,2100,4,'',0,5600,4,'',0,1500,4,'',0,1500,4,'',0,1500,4,'',0,5500,4,'',0,1500,4,'',0,1500,4,'',0,1500,4,'',0,5500,4,'',0,1500,4,'',0,1500,4,'',0,1500,4,'',0,5400,4,'',0,1500,4,'',0,1600,4,'',0,1500,4,'',0,5500,4,'',0,1500,4,'',0,1500,4,'',0,1600,4,'',0,5500,4,'',0,1500,4,'',0,1600,4,'',0,1300,4,'',0,5500,4,'',0,1500,4,'',0,1500,4,'',0,1200,4,'',0,1200,4,'',0,5200,4,'',0,1200,4,'',0,1200,4,'',0,1200,4,'',0,1200,4,'',0,5200,4,'',0,1200,4,'',0,1200,4,'',0,1200,4,'',0,1200,4,'',0,5200,4,'',0,1200,4,'',0,1200,4,'',0,1200,4,'',0,1200,4,'',0,5200,4,'',0,1200,4,'',0,1200,4,'',0,1200,4,'',0,1000,4,'',0,5000,4,'',0,1000,4,'',0,1000,4,'',0,1000,4,'',0,1000,4,'',0,1000,4,'',0,5000,4,'',0,1000,4,'',0,1000,4,'',0,1000,4,'',0,1000,4,'',0,1000,4,'',0,4900,4,'',0,1000,4,'',0,1000,4,'',0,1100,4,'',0,800,4,'',0,1100,4,'',0,5100,4,'',0,1100,4,'',0,500,4,'',0,1400,4,'',0,1300,4,'',0,5400,4,'',0,1800,4,'',0,1600,4,'',0,1400,4,'',0,5500,4,'',0,1500,4,'',0,1500,4,'',0,1500,4,'',0,5500,4,'',0,1400,4,'',0,1400,4,'',0,1400,4,'',0,1400,4,'',0,5500,4,'',0,1500,4,'',0,1800,4,'',0,5800,4,'',0,1700,4,'',0
'3merged14809296',3780801,52400,4,'',0,2600,4,'',0,5500,4,'',0,1500,4,'',0,1500,4,'',0,1500,4,'',0,5500,4,'',0,1500,4,'',0,1500,4,'',0,1500,4,'',0,5600,4,'',0,1500,4,'',0,1500,4,'',0,1500,4,'',0,5700,4,'',0,1600,4,'',0,1500,4,'',0,1500,4,'',0,5400,4,'',0,1400,4,'',0,1500,4,'',0,1400,4,'',0,5400,4,'',0,1500,4,'',0,1500,4,'',0,1500,4,'',0,5500,4,'',0,1500,4,'',0,1500,4,'',0,1500,4,'',0,5500,4,'',0,1500,4,'',0,1200,4,'',0,1200,4,'',0,1200,4,'',0,5200,4,'',0,1200,4,'',0,1200,4,'',0,1200,4,'',0,1200,4,'',0,5200,4,'',0,1200,4,'',0,1200,4,'',0,1200,4,'',0,1200,4,'',0,5200,4,'',0,1200,4,'',0,1200,4,'',0,1000,4,'',0,1000,4,'',0,5000,4,'',0,1000,4,'',0,1100,4,'',0,1100,4,'',0,1000,4,'',0,1000,4,'',0,5000,4,'',0,900,4,'',0,1000,4,'',0,1000,4,'',0,1000,4,'',0,1000,4,'',0,5000,4,'',0,900,4,'',0,1000,4,'',0,1000,4,'',0,1000,4,'',0,1200,4,'',0,5200,4,'',0,1400,4,'',0,1500,4,'',0,1500,4,'',0,5500,4,'',0,1500,4,'',0,1500,4,'',0,1500,4,'',0,5600,4,'',0,1500,4,'',0,1500,4,'',0,1500,4,'',0,5400,4,'',0,1500,4,'',0,1500,4,'',0,1500,4,'',0,5600,4,'',0,1900,4,'',0,2000,4,'',0,1400,4,'',0,5400,4,'',0,1600,4,'',0
'1merged14809295',4660401,53500,4,'',0,1000,4,'',0,1100,4,'',0,5000,4,'',0,900,4,'',0,1300,4,'',0,1000,4,'',0,1000,4,'',0,700,4,'',0,4800,4,'',0,700,4,'',0,900,4,'',0,700,4,'',0,800,4,'',0,700,4,'',0,800,4,'',0,700,4,'',0,4800,4,'',0,700,4,'',0,800,4,'',0,700,4,'',0,800,4,'',0,700,4,'',0,900,4,'',0,700,4,'',0,4800,4,'',0,700,4,'',0,800,4,'',0,700,4,'',0,800,4,'',0,700,4,'',0,800,4,'',0,700,4,'',0,4800,4,'',0,1000,4,'',0,1000,4,'',0,1100,4,'',0,1000,4,'',0,1000,4,'',0,5000,4,'',0,1000,4,'',0,1000,4,'',0,1100,4,'',0,1000,4,'',0,1000,4,'',0,5100,4,'',0,1000,4,'',0,1000,4,'',0,1000,4,'',0,1000,4,'',0,900,4,'',0,5100,4,'',0,1000,4,'',0,1000,4,'',0,1100,4,'',0,1000,4,'',0,1000,4,'',0,5000,4,'',0,1000,4,'',0,1000,4,'',0,1200,4,'',0,1000,4,'',0,5000,4,'',0,1200,4,'',0,1000,4,'',0,1000,4,'',0,1100,4,'',0,1000,4,'',0,5000,4,'',0,700,4,'',0,800,4,'',0,700,4,'',0,800,4,'',0,800,4,'',0,800,4,'',0,700,4,'',0,4800,4,'',0,600,4,'',0,800,4,'',0,700,4,'',0,800,4,'',0,600,4,'',0,800,4,'',0,700,4,'',0,4800,4,'',0,700,4,'',0,800,4,'',0,700,4,'',0,800,4,'',0,600,4,'',0,800,4,'',0,700,4,'',0,4800,4,'',0,500,4,'',0,800,4,'',0,700,4,'',0,800,4,'',0,400,4,'',0,800,4,'',0,1100,4,'',0,5100,4,'',0,900,4,'',0,1000,4,'',0,900,4,'',0,1000,4,'',0,1000,4,'',0,4900,4,'',0,1000,4,'',0,1000,4,'',0,1000,4,'',0,1000,4,'',0,1000,4,'',0,5100,4,'',0,1000,4,'',0,1200,4,'',0,900,4,'',0,1400,4,'',0,5500,4,'',0,1400,4,'',0,1300,4,'',0,1500,4,'',0,1500,4,'',0,5500,4,'',0,1300,4,'',0,1500,4,'',0,6400,4,'',0,1500,4,'',0,1500,4,'',0
'2merged14809297',4660401,62100,4,'',0,1600,4,'',0,1000,4,'',0,1000,4,'',0,5000,4,'',0,1000,4,'',0,1000,4,'',0,1000,4,'',0,1000,4,'',0,1000,4,'',0,5000,4,'',0,1100,4,'',0,1000,4,'',0,1000,4,'',0,1000,4,'',0,1000,4,'',0,5000,4,'',0,1100,4,'',0,1000,4,'',0,1000,4,'',0,1000,4,'',0,1000,4,'',0,5000,4,'',0,1000,4,'',0,1000,4,'',0,1000,4,'',0,1000,4,'',0,5100,4,'',0,1000,4,'',0,1000,4,'',0,1500,4,'',0,1000,4,'',0,1000,4,'',0,5100,4,'',0,1000,4,'',0,1000,4,'',0,1100,4,'',0,1000,4,'',0,1000,4,'',0,5000,4,'',0,1000,4,'',0,1000,4,'',0,1100,4,'',0,1000,4,'',0,1000,4,'',0,5100,4,'',0,1000,4,'',0,1000,4,'',0,1000,4,'',0,1000,4,'',0,1000,4,'',0,5000,4,'',0,1000,4,'',0,1000,4,'',0,1000,4,'',0,1000,4,'',0,1000,4,'',0,5000,4,'',0,1000,4,'',0,1000,4,'',0,1000,4,'',0,1000,4,'',0,1000,4,'',0,5100,4,'',0,1000,4,'',0,1000,4,'',0,1000,4,'',0,1000,4,'',0,900,4,'',0,4900,4,'',0,1000,4,'',0,1000,4,'',0,900,4,'',0,1000,4,'',0,1000,4,'',0,5000,4,'',0,1000,4,'',0,1000,4,'',0,800,4,'',0,600,4,'',0,1000,4,'',0,5000,4,'',0,1000,4,'',0,1000,4,'',0,1000,4,'',0,1000,4,'',0,1000,4,'',0,4900,4,'',0,1000,4,'',0,1000,4,'',0,1000,4,'',0,1500,4,'',0,5500,4,'',0,1500,4,'',0,1500,4,'',0,1500,4,'',0,5500,4,'',0,1400,4,'',0,1400,4,'',0,1500,4,'',0,1500,4,'',0,5500,4,'',0,1400,4,'',0,1500,4,'',0,1500,4,'',0,5500,4,'',0,1400,4,'',0
'3merged14809296',4660401,65400,4,'',0,5600,4,'',0,1500,4,'',0,1200,4,'',0,1300,4,'',0,5200,4,'',0,1500,4,'',0,1600,4,'',0,1200,4,'',0,1200,4,'',0,5600,4,'',0,1700,4,'',0,1600,4,'',0,5500,4,'',0,1400,4,'',0,1500,4,'',0,1600,4,'',0,5700,4,'',0,1500,4,'',0,1500,4,'',0,1500,4,'',0,5500,4,'',0,1500,4,'',0,1300,4,'',0,1000,4,'',0,1000,4,'',0,5000,4,'',0,1000,4,'',0,1000,4,'',0,1100,4,'',0,1000,4,'',0,1000,4,'',0,5000,4,'',0,1000,4,'',0,1000,4,'',0,1000,4,'',0,1000,4,'',0,1000,4,'',0,5100,4,'',0,1000,4,'',0,1000,4,'',0,1000,4,'',0,1000,4,'',0,1000,4,'',0,4900,4,'',0,1000,4,'',0,1000,4,'',0,1000,4,'',0,1000,4,'',0,1000,4,'',0,5000,4,'',0,1000,4,'',0,1000,4,'',0,1000,4,'',0,1000,4,'',0,1000,4,'',0,5000,4,'',0,1000,4,'',0,1000,4,'',0,1000,4,'',0,1000,4,'',0,1000,4,'',0,5000,4,'',0,1000,4,'',0,1000,4,'',0,900,4,'',0,1000,4,'',0,1000,4,'',0,5000,4,'',0,1000,4,'',0,1000,4,'',0,1000,4,'',0,1000,4,'',0,1000,4,'',0,800,4,'',0,5000,4,'',0,1000,4,'',0,1000,4,'',0,1400,4,'',0,1500,4,'',0,5500,4,'',0,1500,4,'',0,1400,4,'',0,1500,4,'',0,5500,4,'',0,1500,4,'',0,1400,4,'',0,1500,4,'',0,5500,4,'',0,1500,4,'',0,1400,4,'',0,1500,4,'',0,5500,4,'',0,1500,4,'',0
