672700,'101_merged_15529707',1632,,147852,51,,,0
672700,'1_merged_15529700',458,,147864,51,,,0,63,,147865,51,,,0,83,,147853,51,,,0,19,,147866,51,,,0,21,,147867,51,,,0,59,,147868,51,,,0,18,,147869,51,,,0,24,,147870,51,,,0,66,,147871,51,,,0,24,,147872,51,,,0,71,,147873,51,,,0,20,,147874,51,,,0,20,,147875,51,,,0,65,,147876,51,,,0,30,,147877,51,,,0,70,,147878,51,,,0,28,,147879,51,,,0,70,,147880,51,,,0,22,,147881,51,,,0,72,,147882,51,,,0,31,,147883,51,,,0,68,,147884,51,,,0,25,,147885,51,,,0,18,,147886,51,,,0,69,,147887,51,,,0,30,,147888,51,,,0,63,,147889,51,,,0,45,,147890,51,,,0,63,,147891,51,,,0,10,,147892,51,,,0,25,,147893,51,,,0,55,,147894,51,,,0,20,,147895,51,,,0,25,,147896,51,,,0,70,,147897,51,,,0,28,,147854,51,,,0,70,,147863,51,,,0,28,,147855,51,,,0,72,,147856,51,,,0,26,,147861,51,,,0,79,,147862,51,,,0,30,,147857,51,,,0,74,,147858,51,,,0,92,,147859,51,,,0,103,,147860,51,,,0
672700,'201',1632,,147898,51,,,0
672700,'2_merged_15529702',721,,147917,51,,,0,32,,147902,51,,,0,74,,147909,51,,,0,32,,147933,51,,,0,68,,147899,51,,,0,31,,147910,51,,,0,71,,147901,51,,,0,75,,147922,51,,,0,32,,147900,51,,,0,72,,147929,51,,,0,32,,147904,51,,,0,72,,147906,51,,,0,29,,147907,51,,,0,70,,147905,51,,,0,31,,147912,51,,,0,70,,147913,51,,,0,30,,147931,51,,,0,71,,147914,51,,,0,29,,147923,51,,,0,68,,147924,51,,,0,29,,147925,51,,,0,68,,147926,51,,,0,31,,147920,51,,,0,67,,147928,51,,,0,30,,147919,51,,,0,67,,147921,51,,,0,28,,147915,51,,,0,70,,147916,51,,,0,30,,147932,51,,,0,70,,147911,51,,,0,30,,147927,51,,,0,29,,147908,51,,,0,71,,147903,51,,,0,104,,147918,51,,,0,91,,147930,51,,,0
672700,'3_merged_15529701',812,,147934,51,,,0,101,,147943,51,,,0,93,,147946,51,,,0,43,,147954,51,,,0,67,,147948,51,,,0,29,,147961,51,,,0,69,,147937,51,,,0,31,,147964,51,,,0,71,,147950,51,,,0,31,,147951,51,,,0,70,,147952,51,,,0,31,,147938,51,,,0,68,,147936,51,,,0,30,,147960,51,,,0,71,,147962,51,,,0,26,,147965,51,,,0,72,,147953,51,,,0,28,,147958,51,,,0,70,,147959,51,,,0,30,,147956,51,,,0,67,,147935,51,,,0,30,,147947,51,,,0,68,,147944,51,,,0,30,,147945,51,,,0,70,,147941,51,,,0,27,,147942,51,,,0,68,,147963,51,,,0,29,,147949,51,,,0,69,,147955,51,,,0,28,,147939,51,,,0,99,,147940,51,,,0,95,,147957,51,,,0
673000,'101_merged_15529707',1613,,148597,11,,,0
673000,'1_merged_15529700',514,,148617,11,,,0,15,,148618,11,,,0,16,,148619,11,,,0,55,,148620,11,,,0,11,,148664,11,,,0,10,,148621,11,,,0,10,,148622,11,,,0,10,,148623,11,,,0,12,,148624,11,,,0,51,,148625,11,,,0,10,,148626,11,,,0,11,,148627,11,,,0,10,,148663,11,,,0,10,,148628,11,,,0,10,,148629,11,,,0,51,,148630,11,,,0,14,,148631,11,,,0,12,,148632,11,,,0,13,,148633,11,,,0,12,,148634,11,,,0,52,,148635,11,,,0,12,,148636,11,,,0,11,,148662,11,,,0,12,,148637,11,,,0,12,,148638,11,,,0,55,,148639,11,,,0,16,,148640,11,,,0,15,,148641,11,,,0,62,,148642,11,,,0,20,,148643,11,,,0,20,,148644,11,,,0,60,,148645,11,,,0,20,,148646,11,,,0,20,,148647,11,,,0,61,,148648,11,,,0,21,,148649,11,,,0,20,,148650,11,,,0,56,,148651,11,,,0,15,,148652,11,,,0,15,,148653,11,,,0,15,,148654,11,,,0,53,,148655,11,,,0,15,,148656,11,,,0,12,,148657,11,,,0,13,,148658,11,,,0,12,,148659,11,,,0,52,,148660,11,,,0,21,,148661,11,,,0,12,,148598,11,,,0,12,,148599,11,,,0,52,,148600,11,,,0,12,,148601,11,,,0,11,,148602,11,,,0,12,,148603,11,,,0,12,,148604,11,,,0,52,,148605,11,,,0,15,,148606,11,,,0,14,,148607,11,,,0,15,,148608,11,,,0,12,,148609,11,,,0,68,,148610,11,,,0,30,,148611,11,,,0,70,,148612,11,,,0,31,,148613,11,,,0,70,,148614,11,,,0,100,,148615,11,,,0,100,,148616,11,,,0
673000,'201',1613,,148665,11,,,0
673000,'2_merged_15529702',705,,148693,11,,,0,20,,148681,11,,,0,20,,148683,11,,,0,62,,148703,11,,,0,20,,148680,11,,,0,23,,148692,11,,,0,60,,148704,11,,,0,24,,148679,11,,,0,20,,148691,11,,,0,60,,148705,11,,,0,21,,148678,11,,,0,21,,148695,11,,,0,60,,148690,11,,,0,23,,148677,11,,,0,16,,148710,11,,,0,56,,148696,11,,,0,18,,148666,11,,,0,18,,148697,11,,,0,54,,148711,11,,,0,14,,148676,11,,,0,15,,148689,11,,,0,15,,148675,11,,,0,56,,148712,11,,,0,15,,148698,11,,,0,15,,148688,11,,,0,15,,148674,11,,,0,55,,148699,11,,,0,15,,148706,11,,,0,15,,148687,11,,,0,15,,148673,11,,,0,55,,148700,11,,,0,15,,148686,11,,,0,14,,148707,11,,,0,15,,148672,11,,,0,55,,148702,11,,,0,15,,148685,11,,,0,15,,148708,11,,,0,14,,148701,11,,,0,15,,148713,11,,,0,55,,148671,11,,,0,14,,148684,11,,,0,16,,148670,11,,,0,59,,148709,11,,,0,18,,148682,11,,,0,24,,148669,11,,,0,70,,148694,11,,,0,30,,148668,11,,,0,70,,148667,11,,,0,97,,148714,11,,,0,96,,148715,11,,,0
673000,'3_merged_15529701',810,,148749,11,,,0,18,,148729,11,,,0,20,,148739,11,,,0,60,,148750,11,,,0,23,,148728,11,,,0,23,,148738,11,,,0,64,,148751,11,,,0,22,,148727,11,,,0,61,,148741,11,,,0,21,,148737,11,,,0,20,,148726,11,,,0,60,,148742,11,,,0,20,,148716,11,,,0,20,,148743,11,,,0,61,,148725,11,,,0,20,,148736,11,,,0,20,,148724,11,,,0,62,,148744,11,,,0,19,,148735,11,,,0,15,,148754,11,,,0,15,,148723,11,,,0,55,,148745,11,,,0,13,,148734,11,,,0,15,,148755,11,,,0,15,,148722,11,,,0,55,,148746,11,,,0,13,,148733,11,,,0,16,,148756,11,,,0,15,,148721,11,,,0,55,,148748,11,,,0,15,,148732,11,,,0,15,,148757,11,,,0,15,,148747,11,,,0,55,,148720,11,,,0,14,,148731,11,,,0,18,,148719,11,,,0,20,,148752,11,,,0,60,,148730,11,,,0,20,,148718,11,,,0,19,,148753,11,,,0,60,,148740,11,,,0,20,,148758,11,,,0,20,,148717,11,,,0,98,,148759,11,,,0,100,,148760,11,,,0
