674901,'101_merged_15291802',1458,,91187,7,0,58 59,0,56,,91185,7,,,0
674901,'1_merged_15291795',446,,91229,7,,,0,68,,91230,7,,,0,30,,91188,7,,,0,72,,91233,7,,,0,11,,91234,7,,,0,19,,91235,7,,,0,8,,91195,7,,,0,57,,91236,7,,,0,11,,91237,7,,,0,18,,91238,7,,,0,17,,91239,7,,,0,73,,91241,7,,,0,15,,91242,7,,,0,68,,91196,7,,,0,31,,91245,7,,,0,70,,91247,7,,,0,29,,91249,7,,,0,65,,91251,7,,,0,33,,91253,7,,,0,70,,91255,7,,,0,30,,91257,7,,,0,71,,91259,7,,,0,30,,91261,7,,,0,69,,91218,7,,,0,19,,91194,7,,,0,23,,91219,7,,,0,67,,91220,7,,,0,18,,91221,7,,,0,12,,91223,7,,,0,59,,91224,7,,,0,15,,91225,7,,,0,15,,91226,7,,,0,19,,91227,7,,,0,54,,91190,7,,,0,13,,91193,7,,,0,13,,91215,7,,,0,15,,91202,7,,,0,55,,91203,7,,,0,18,,91204,7,,,0,12,,91205,7,,,0,15,,91206,7,,,0,55,,91207,7,,,0,15,,91197,7,,,0,17,,91189,7,,,0,14,,91201,7,,,0,55,,91208,7,,,0,30,,91209,7,,,0,70,,91210,7,,,0,33,,91191,7,,,0,63,,91216,7,,,0,40,,91212,7,,,0,65,,91213,7,,,0,30,,91192,7,,,0,70,,91214,7,,,0,30,,91198,7,,,0,70,,91262,7,,,0
674901,'2_merged_15291797',519,,91263,7,,,0,95,,91265,7,,,0,86,,91267,7,,,0,27,,91269,7,,,0,30,,91271,7,,,0,70,,91273,7,,,0,29,,91275,7,,,0,70,,91277,7,,,0,30,,91279,7,,,0,69,,91281,7,,,0,30,,91283,7,,,0,67,,91285,7,,,0,34,,91287,7,,,0,70,,91289,7,,,0,30,,91291,7,,,0,69,,91293,7,,,0,31,,91295,7,,,0,70,,91297,7,,,0,29,,91299,7,,,0,70,,91301,7,,,0,30,,91303,7,,,0,75,,91305,7,,,0,70,,91307,7,,,0,31,,91309,7,,,0,70,,91311,7,,,0,31,,91313,7,,,0,70,,91315,7,,,0,15,,91316,7,,,0,14,,91317,7,,,0,15,,91318,7,,,0,63,,91319,7,,,0,31,,91320,7,,,0,70,,91321,7,,,0,30,,91322,7,,,0,70,,91323,7,,,0,30,,91324,7,,,0,70,,91325,7,,,0,30,,91326,7,,,0,70,,91327,7,,,0,30,,91328,7,,,0,68,,91329,7,,,0
674901,'3_merged_15291796',713,,91354,7,,,0,29,,91353,7,,,0,70,,91351,7,,,0,29,,91387,7,,,0,70,,91385,7,,,0,30,,91383,7,,,0,71,,91381,7,,,0,31,,91337,7,,,0,69,,91379,7,,,0,30,,91377,7,,,0,70,,91375,7,,,0,30,,91373,7,,,0,69,,91371,7,,,0,29,,91369,7,,,0,70,,91349,7,,,0,22,,91347,7,,,0,78,,91345,7,,,0,30,,91343,7,,,0,70,,91341,7,,,0,30,,91362,7,,,0,69,,91360,7,,,0,31,,91358,7,,,0,70,,91356,7,,,0,32,,91336,7,,,0,72,,91334,7,,,0,29,,91333,7,,,0,72,,91330,7,,,0,35,,91391,7,,,0,70,,91368,7,,,0,30,,91390,7,,,0,71,,91389,7,,,0,30,,91364,7,,,0,72,,91365,7,,,0,32,,91366,7,,,0,67,,91393,7,,,0,29,,91367,7,,,0
680501,'1_merged_15291795',652,,92738,7,,,0,102,,92742,35,,,0,199,,92741,35,,,0,199,,92740,35,,,0,204,,92737,30,,,0,269,,92739,30,,,0,176,,92736,30,,,0,154,,92735,30,,,0
680501,'2_merged_15291797',948,,92744,35,,,0,202,,92743,35,,,0,204,,92745,30,,,0,196,,92746,30,,,0,198,,92747,30,,,0,200,,92748,30,,,0
828901,'101_merged_15291802',1502,,96559,12,,,0,5,,96560,12,,,0
3404201,'1_merged_15291795',604,,107323,17,,,0,101,,107322,17,,,0,35,,107327,17,,,0,67,,107321,17,,,0,31,,107326,17,,,0,70,,107320,17,,,0,98,,107319,17,,,0,35,,107328,17,,,0,66,,107318,17,,,0,30,,107329,17,,,0,72,,107317,17,,,0,100,,107316,17,,,0,100,,107315,17,,,0,102,,107314,17,,,0,100,,107313,17,,,0,30,,107306,17,,,0,79,,107312,17,,,0,3,,107325,17,,,0,26,,107305,17,,,0,3,,107324,17,,,0,67,,107311,17,,,0,2,,107304,17,,,0,37,,107310,17,,,0,92,,107309,17,,,0,94,,107308,17,,,0,102,,107307,17,,,0
3404201,'2_merged_15291797',940,,107335,17,,,0,100,,107336,17,,,0,100,,107334,17,,,0,99,,107337,17,,,0,102,,107333,17,,,0,100,,107338,17,,,0,101,,107332,17,,,0,100,,107339,17,,,0,99,,107331,17,,,0,98,,107340,17,,,0,94,,107330,17,,,0
3404201,'3_merged_15291796',934,,107346,17,,,0,102,,107347,17,,,0,100,,107345,17,,,0,101,,107348,17,,,0,100,,107344,17,,,0,100,,107349,17,,,0,99,,107343,17,,,0,99,,107350,17,,,0,100,,107342,17,,,0,99,,107351,17,,,0,100,,107341,17,,,0
3404301,'101_merged_15291802',837,,107402,19,,,0
3404301,'1_merged_15291795',810,,107406,19,,,0
