'259801',677700,44500,,'',0,10000,,'',0,10500,,'',0,10500,,'',0,14500,,'',0,11000,,'',0,21500,,'',0,19000,,'',0,10500,,'',0,11000,,'',0,10500,,'',0,11000,,'',0,9500,,'',0
'259801',677701,54000,4,'',0,10000,4,'',0,10500,4,'',0,10500,4,'',0,10500,4,'',0,25500,4,'',0,19000,4,'',0,11000,4,'',0,10500,4,'',0,11000,4,'',0,10500,4,'',0,11000,4,'',0,10000,4,'',0
'259802',677700,75500,,'',0,25500,,'',0,22000,,'',0,18500,,'',0,21500,,'',0,20000,,'',0
'259802',677701,100000,4,'',0,21000,4,'',0,19000,4,'',0,21500,4,'',0,21500,4,'',0,11000,4,'',0
'259803',677700,75500,,'',0,25500,,'',0,22000,,'',0,18500,,'',0,21500,,'',0,20000,,'',0
'259803',677701,100000,4,'',0,21000,4,'',0,19000,4,'',0,21500,4,'',0,21500,4,'',0,11000,4,'',0
'4901merged14607528',677700,44500,,'',0,10000,,'',0,10500,,'',0,10500,,'',0,14500,,'',0,11000,,'',0,21500,,'',0,19000,,'',0,10500,,'',0,11000,,'',0,10500,,'',0,11000,,'',0,9500,,'',0
'4901merged14607528',677701,54000,4,'',0,10000,4,'',0,10500,4,'',0,10500,4,'',0,10500,4,'',0,25500,4,'',0,19000,4,'',0,11000,4,'',0,10500,4,'',0,11000,4,'',0,10500,4,'',0,11000,4,'',0,10000,4,'',0
'4902merged14607530',677700,75500,,'',0,25500,,'',0,22000,,'',0,18500,,'',0,21500,,'',0,20000,,'',0
'4902merged14607530',677701,100000,4,'',0,21000,4,'',0,19000,4,'',0,21500,4,'',0,21500,4,'',0,11000,4,'',0
'4903merged14607529',677700,75500,,'',0,25500,,'',0,22000,,'',0,18500,,'',0,21500,,'',0,20000,,'',0
'4903merged14607529',677701,100000,4,'',0,21000,4,'',0,19000,4,'',0,21500,4,'',0,21500,4,'',0,11000,4,'',0
