673900,'101_merged_15288070',830,,89924,38,,,0,716,,89925,38,,,0
673900,'1_merged_15288063',849,,89933,38,,,0
681401,'1803_merged_15288071',2042,,93266,39,,,0,100,,93267,39,,,0,100,,93268,39,,,0,100,,93269,39,,,0
681401,'1_merged_15288063',606,,93270,39,,,0,123,,93271,39,,,0,80,,93272,39,,,0,20,,93273,39,,,0,20,,93274,39,,,0,60,,93275,39,,,0,20,,93276,39,,,0,20,,93277,39,,,0,60,,93278,39,,,0,20,,93279,39,,,0,20,,93303,39,,,0,60,,93280,39,,,0,20,,93281,39,,,0,20,,93304,39,,,0,60,,93282,39,,,0,20,,93283,39,,,0,20,,93305,39,,,0,60,,93284,39,,,0,20,,93285,39,,,0,20,,93306,39,,,0,60,,93286,39,,,0,20,,93287,39,,,0,20,,93307,39,,,0,60,,93288,39,,,0,20,,93289,39,,,0,20,,93308,39,,,0,60,,93290,39,,,0,20,,93291,39,,,0,20,,93309,39,,,0,60,,93292,39,,,0,20,,93293,39,,,0,20,,93310,39,,,0,60,,93294,39,,,0,20,,93295,39,,,0,20,,93311,39,,,0,60,,93296,39,,,0,30,,93297,39,,,0,100,,93298,39,,,0,100,,93299,39,,,0,100,,93300,39,,,0,100,,93301,39,,,0,100,,93302,39,,,0
681401,'2_merged_15288065',919,,93312,39,,,0,20,,93313,39,,,0,20,,93314,39,,,0,60,,93315,39,,,0,20,,93316,39,,,0,20,,93317,39,,,0,60,,93318,39,,,0,20,,93319,39,,,0,20,,93320,39,,,0,60,,93321,39,,,0,20,,93322,39,,,0,20,,93323,39,,,0,60,,93324,39,,,0,20,,93325,39,,,0,20,,93326,39,,,0,60,,93327,39,,,0,20,,93328,39,,,0,20,,93329,39,,,0,60,,93330,39,,,0,20,,93331,39,,,0,20,,93332,39,,,0,60,,93333,39,,,0,20,,93334,39,,,0,20,,93335,39,,,0,60,,93336,39,,,0,20,,93337,39,,,0,68,,93338,39,,,0,32,,93339,39,,,0,70,,93340,39,,,0,30,,93341,39,,,0,100,,93342,39,,,0,100,,93343,39,,,0,100,,93344,39,,,0,100,,93345,39,,,0,103,,93346,39,,,0
681401,'3_merged_15288064',942,,93347,39,,,0,100,,93348,39,,,0,100,,93349,39,,,0,100,,93350,39,,,0,100,,93351,39,,,0,100,,93352,39,,,0,100,,93353,39,,,0,100,,93354,39,,,0,100,,93355,39,,,0,100,,93356,39,,,0,100,,93357,39,,,0
3182000,'1803_merged_15288071',1807,,105698,20,,,0,100,,105699,20,,,0,95,,105700,20,,,0,100,,105701,20,,,0
3182000,'1_merged_15288063',708,,105733,20,,,0,29,,105732,20,,,0,72,,105731,20,,,0,28,,105730,20,,,0,70,,105729,20,,,0,30,,105728,20,,,0,70,,105727,20,,,0,30,,105726,20,,,0,70,,105725,20,,,0,30,,105724,20,,,0,70,,105723,20,,,0,30,,105722,20,,,0,70,,105721,20,,,0,30,,105720,20,,,0,70,,105719,20,,,0,30,,105718,20,,,0,70,,105717,20,,,0,30,,105716,20,,,0,70,,105715,20,,,0,30,,105714,20,,,0,70,,105713,20,,,0,30,,105712,20,,,0,70,,105711,20,,,0,30,,105710,20,,,0,70,,105709,20,,,0,30,,105708,20,,,0,70,,105707,20,,,0,30,,105706,20,,,0,70,,105705,20,,,0,30,,105704,20,,,0,70,,105703,20,,,0,40,,105702,20,,,0
3182000,'2_merged_15288065',807,,105734,20,,,0,30,,105735,20,,,0,70,,105736,20,,,0,30,,105737,20,,,0,70,,105738,20,,,0,30,,105739,20,,,0,70,,105740,20,,,0,30,,105741,20,,,0,70,,105742,20,,,0,30,,105743,20,,,0,70,,105744,20,,,0,30,,105745,20,,,0,70,,105746,20,,,0,30,,105747,20,,,0,70,,105748,20,,,0,30,,105749,20,,,0,70,,105750,20,,,0,30,,105751,20,,,0,70,,105752,20,,,0,30,,105753,20,,,0,70,,105754,20,,,0,30,,105755,20,,,0,70,,105756,20,,,0,30,,105757,20,,,0,70,,105758,20,,,0,30,,105759,20,,,0,70,,105760,20,,,0,30,,105761,20,,,0
3182000,'32603_merged_15288055',1807,,105762,20,,,0,100,,105763,20,,,0,95,,105764,20,,,0,100,,105765,20,,,0
3182000,'3_merged_15288064',907,,105766,20,,,0,30,,105767,20,,,0,70,,105768,20,,,0,30,,105769,20,,,0,70,,105770,20,,,0,30,,105771,20,,,0,70,,105772,20,,,0,30,,105773,20,,,0,70,,105774,20,,,0,30,,105775,20,,,0,70,,105776,20,,,0,30,,105777,20,,,0,70,,105778,20,,,0,30,,105779,20,,,0,70,,105780,20,,,0,30,,105781,20,,,0,70,,105782,20,,,0,30,,105783,20,,,0,100,,105784,20,,,0,95,,105785,20,,,0,100,,105786,20,,,0,100,,105787,20,,,0
