672700,'101_merged_15524987',1612,,147852,39,,,0
672700,'1_merged_15524980',448,,147864,39,,,0,63,,147865,39,,,0,42,,147853,39,,,0,59,,147866,39,,,0,20,,147867,39,,,0,19,,147868,39,,,0,57,,147869,39,,,0,24,,147870,39,,,0,26,,147871,39,,,0,63,,147872,39,,,0,29,,147873,39,,,0,60,,147874,39,,,0,20,,147875,39,,,0,24,,147876,39,,,0,70,,147877,39,,,0,30,,147878,39,,,0,69,,147879,39,,,0,30,,147880,39,,,0,62,,147881,39,,,0,32,,147882,39,,,0,71,,147883,39,,,0,26,,147884,39,,,0,65,,147885,39,,,0,19,,147886,39,,,0,26,,147887,39,,,0,70,,147888,39,,,0,23,,147889,39,,,0,85,,147890,39,,,0,23,,147891,39,,,0,50,,147892,39,,,0,25,,147893,39,,,0,16,,147894,39,,,0,61,,147895,39,,,0,27,,147896,39,,,0,71,,147897,39,,,0,28,,147854,39,,,0,71,,147863,39,,,0,28,,147855,39,,,0,72,,147856,39,,,0,28,,147861,39,,,0,79,,147862,39,,,0,31,,147857,39,,,0,74,,147858,39,,,0,93,,147859,39,,,0,103,,147860,39,,,0
672700,'201',1612,,147898,39,,,0
672700,'2_merged_15524982',709,,147917,39,,,0,30,,147902,39,,,0,74,,147909,39,,,0,32,,147933,39,,,0,68,,147899,39,,,0,30,,147910,39,,,0,71,,147901,39,,,0,33,,147922,39,,,0,71,,147900,39,,,0,31,,147929,39,,,0,72,,147904,39,,,0,32,,147906,39,,,0,68,,147907,39,,,0,30,,147905,39,,,0,70,,147912,39,,,0,30,,147913,39,,,0,70,,147931,39,,,0,31,,147914,39,,,0,70,,147923,39,,,0,29,,147924,39,,,0,69,,147925,39,,,0,30,,147926,39,,,0,71,,147920,39,,,0,28,,147928,39,,,0,70,,147919,39,,,0,29,,147921,39,,,0,68,,147915,39,,,0,30,,147916,39,,,0,71,,147932,39,,,0,30,,147911,39,,,0,70,,147927,39,,,0,29,,147908,39,,,0,71,,147903,39,,,0,107,,147918,39,,,0,91,,147930,39,,,0
672700,'3_merged_15524981',759,,147934,39,,,0,141,,147943,39,,,0,53,,147946,39,,,0,81,,147954,39,,,0,67,,147948,39,,,0,29,,147961,39,,,0,29,,147937,39,,,0,71,,147964,39,,,0,70,,147950,39,,,0,29,,147951,39,,,0,71,,147952,39,,,0,29,,147938,39,,,0,71,,147936,39,,,0,27,,147960,39,,,0,32,,147962,39,,,0,68,,147965,39,,,0,32,,147953,39,,,0,68,,147958,39,,,0,30,,147959,39,,,0,70,,147956,39,,,0,29,,147935,39,,,0,70,,147947,39,,,0,29,,147944,39,,,0,70,,147945,39,,,0,30,,147941,39,,,0,68,,147942,39,,,0,28,,147963,39,,,0,69,,147949,39,,,0,30,,147955,39,,,0,68,,147939,39,,,0,99,,147940,39,,,0,96,,147957,39,,,0
673000,'101_merged_15524987',1558,,148597,5,,,0
673000,'1_merged_15524980',505,,148617,5,,,0,15,,148618,5,,,0,16,,148619,5,,,0,15,,148620,5,,,0,51,,148664,5,,,0,10,,148621,5,,,0,10,,148622,5,,,0,10,,148623,5,,,0,11,,148624,5,,,0,10,,148625,5,,,0,50,,148626,5,,,0,11,,148627,5,,,0,10,,148663,5,,,0,10,,148628,5,,,0,10,,148629,5,,,0,11,,148630,5,,,0,53,,148631,5,,,0,12,,148632,5,,,0,12,,148633,5,,,0,12,,148634,5,,,0,12,,148635,5,,,0,52,,148636,5,,,0,11,,148662,5,,,0,12,,148637,5,,,0,12,,148638,5,,,0,15,,148639,5,,,0,56,,148640,5,,,0,15,,148641,5,,,0,21,,148642,5,,,0,60,,148643,5,,,0,20,,148644,5,,,0,20,,148645,5,,,0,60,,148646,5,,,0,20,,148647,5,,,0,20,,148648,5,,,0,60,,148649,5,,,0,20,,148650,5,,,0,16,,148651,5,,,0,55,,148652,5,,,0,15,,148653,5,,,0,15,,148654,5,,,0,14,,148655,5,,,0,55,,148656,5,,,0,12,,148657,5,,,0,13,,148658,5,,,0,12,,148659,5,,,0,12,,148660,5,,,0,60,,148661,5,,,0,12,,148598,5,,,0,12,,148599,5,,,0,12,,148600,5,,,0,12,,148601,5,,,0,52,,148602,5,,,0,12,,148603,5,,,0,12,,148604,5,,,0,12,,148605,5,,,0,55,,148606,5,,,0,15,,148607,5,,,0,15,,148608,5,,,0,14,,148609,5,,,0,68,,148610,5,,,0,30,,148611,5,,,0,70,,148612,5,,,0,32,,148613,5,,,0,70,,148614,5,,,0,100,,148615,5,,,0,100,,148616,5,,,0
673000,'201',1558,,148665,5,,,0
673000,'2_merged_15524982',656,,148693,5,,,0,60,,148681,5,,,0,20,,148683,5,,,0,21,,148703,5,,,0,60,,148680,5,,,0,22,,148692,5,,,0,20,,148704,5,,,0,62,,148679,5,,,0,20,,148691,5,,,0,60,,148705,5,,,0,21,,148678,5,,,0,21,,148695,5,,,0,60,,148690,5,,,0,22,,148677,5,,,0,16,,148710,5,,,0,16,,148696,5,,,0,57,,148666,5,,,0,18,,148697,5,,,0,14,,148711,5,,,0,54,,148676,5,,,0,15,,148689,5,,,0,15,,148675,5,,,0,15,,148712,5,,,0,55,,148698,5,,,0,15,,148688,5,,,0,15,,148674,5,,,0,15,,148699,5,,,0,55,,148706,5,,,0,15,,148687,5,,,0,15,,148673,5,,,0,15,,148700,5,,,0,55,,148686,5,,,0,15,,148707,5,,,0,15,,148672,5,,,0,15,,148702,5,,,0,55,,148685,5,,,0,15,,148708,5,,,0,15,,148701,5,,,0,15,,148713,5,,,0,55,,148671,5,,,0,14,,148684,5,,,0,16,,148670,5,,,0,20,,148709,5,,,0,59,,148682,5,,,0,24,,148669,5,,,0,70,,148694,5,,,0,30,,148668,5,,,0,70,,148667,5,,,0,99,,148714,5,,,0,56,,148715,5,,,0
673000,'3_merged_15524981',801,,148749,5,,,0,18,,148729,5,,,0,20,,148739,5,,,0,20,,148750,5,,,0,62,,148728,5,,,0,22,,148738,5,,,0,63,,148751,5,,,0,22,,148727,5,,,0,21,,148741,5,,,0,61,,148737,5,,,0,20,,148726,5,,,0,20,,148742,5,,,0,60,,148716,5,,,0,20,,148743,5,,,0,20,,148725,5,,,0,60,,148736,5,,,0,20,,148724,5,,,0,21,,148744,5,,,0,59,,148735,5,,,0,15,,148754,5,,,0,15,,148723,5,,,0,15,,148745,5,,,0,54,,148734,5,,,0,15,,148755,5,,,0,15,,148722,5,,,0,15,,148746,5,,,0,53,,148733,5,,,0,16,,148756,5,,,0,15,,148721,5,,,0,15,,148748,5,,,0,56,,148732,5,,,0,15,,148757,5,,,0,15,,148747,5,,,0,15,,148720,5,,,0,54,,148731,5,,,0,18,,148719,5,,,0,20,,148752,5,,,0,60,,148730,5,,,0,20,,148718,5,,,0,20,,148753,5,,,0,60,,148740,5,,,0,20,,148758,5,,,0,20,,148717,5,,,0,99,,148759,5,,,0,100,,148760,5,,,0
