682800,'101_merged_15291802',811,,95288,16,0,32,0,48,,95289,24,,,0
682800,'1201_merged_15291788',2122,,95290,23,,,0,107,,95291,23,,,0
682800,'1_merged_15291795',819,,95309,24,,,0,119,,95308,23,,,0,79,,95307,23,,,0,37,,95306,23,,,0,83,,95305,23,,,0,80,,95304,23,,,0,40,,95303,23,,,0,81,,95302,23,,,0,80,,95301,23,,,0,82,,95300,23,,,0,40,,95299,23,,,0,84,,95298,23,,,0,78,,95297,23,,,0,38,,95296,23,,,0,80,,95295,23,,,0,38,,95294,23,,,0,88,,95293,23,,,0,70,,95292,23,,,0
682800,'2_merged_15291797',927,,95311,23,,,0,80,,95328,23,,,0,40,,95327,23,,,0,80,,95326,23,,,0,80,,95325,23,,,0,41,,95324,23,,,0,80,,95323,23,,,0,80,,95322,23,,,0,40,,95321,23,,,0,80,,95320,23,,,0,80,,95319,23,,,0,40,,95318,23,,,0,80,,95317,23,,,0,79,,95316,23,,,0,37,,95315,23,,,0,108,,95314,23,,,0,150,,95313,23,,,0,107,,95312,23,,,0,104,,95310,23,,,0
682800,'3_merged_15291796',1126,,95334,23,,,0,82,,95341,23,,,0,40,,95333,23,,,0,80,,95340,23,,,0,80,,95339,23,,,0,40,,95332,23,,,0,80,,95338,23,,,0,79,,95331,23,,,0,40,,95330,23,,,0,80,,95337,23,,,0,80,,95336,23,,,0,40,,95329,23,,,0,76,,95335,23,,,0
3454300,'101_merged_15291802',1553,,108390,16,0,37,0
3454300,'1_merged_15291795',501,,108454,16,0,37,0,22,,108455,16,0,37,0,15,,108465,16,0,37,0,15,,108391,16,0,37,0,55,,108392,16,0,37,0,13,,108393,16,0,37,0,15,,108464,16,0,37,0,12,,108394,16,0,37,0,52,,108395,16,0,37,0,12,,108396,16,0,37,0,12,,108463,16,0,37,0,13,,108397,16,0,37,0,11,,108398,16,0,37,0,10,,108399,16,0,37,0,50,,108400,16,0,37,0,12,,108462,16,0,37,0,11,,108401,16,0,37,0,9,,108467,16,0,37,0,12,,108402,16,0,37,0,52,,108403,16,0,37,0,15,,108404,16,0,37,0,15,,108461,16,0,37,0,16,,108405,16,0,37,0,55,,108406,16,0,37,0,15,,108407,16,0,37,0,15,,108460,16,0,37,0,16,,108408,16,0,37,0,55,,108409,16,0,37,0,15,,108410,16,0,37,0,15,,108459,16,0,37,0,15,,108411,16,0,37,0,55,,108412,16,0,37,0,15,,108413,16,0,37,0,15,,108458,16,0,37,0,14,,108414,16,0,37,0,56,,108415,16,0,37,0,16,,108416,16,0,37,0,15,,108457,16,0,37,0,15,,108451,16,0,37,0,55,,108452,16,0,37,0,18,,108453,16,0,37,0,15,,108466,16,0,37,0,15,,108417,16,0,37,0,56,,108418,16,0,37,0,21,,108419,16,0,37,0,9,,108420,16,0,37,0,64,,108421,16,0,37,0,12,,108422,16,0,37,0,11,,108423,16,0,37,0,11,,108424,16,0,37,0,11,,108425,16,0,37,0,9,,108426,16,0,37,0,52,,108427,16,0,37,0,12,,108428,16,0,37,0,12,,108429,16,0,37,0,11,,108430,16,0,37,0,10,,108431,16,0,37,0,52,,108432,16,0,37,0,10,,108433,16,0,37,0,12,,108434,16,0,37,0,12,,108435,16,,,0,16,,108436,16,,,0,55,,108437,16,,,0,15,,108438,16,,,0,16,,108439,16,,,0,15,,108440,16,,,0,55,,108441,16,,,0,15,,108442,16,,,0,30,,108443,16,,,0,69,,108444,16,,,0,30,,108445,16,,,0,69,,108446,16,,,0,29,,108447,16,,,0,70,,108448,16,,,0,30,,108449,16,,,0,102,,108450,16,0,37,0,97,,108456,16,0,37,0
3454300,'2001_merged_15291805',1432,,108468,4,0,37,0
3454300,'2_merged_15291797',535,,108496,16,,,0,67,,108495,16,,,0,30,,108494,16,,,0,26,,108493,16,,,0,72,,108492,16,,,0,71,,108491,16,,,0,30,,108490,16,,,0,71,,108489,16,,,0,22,,108469,16,,,0,20,,108488,16,,,0,60,,108487,16,,,0,20,,108486,16,,,0,21,,108485,16,,,0,60,,108484,16,,,0,21,,108483,16,,,0,21,,108482,16,,,0,60,,108481,16,,,0,20,,108480,16,,,0,19,,108479,16,,,0,60,,108478,16,,,0,20,,108477,16,,,0,20,,108476,16,,,0,60,,108475,16,,,0,20,,108474,16,,,0,20,,108473,16,,,0,60,,108472,16,,,0,20,,108471,16,,,0,20,,108470,16,,,0,60,,108517,16,,,0,20,,108516,16,,,0,21,,108515,16,,,0,60,,108514,16,,,0,19,,108513,16,,,0,20,,108512,16,,,0,60,,108511,16,,,0,20,,108510,16,,,0,19,,108509,16,,,0,60,,108508,16,,,0,29,,108507,16,,,0,70,,108506,16,,,0,31,,108505,16,,,0,70,,108504,16,,,0,30,,108503,16,,,0,70,,108502,16,,,0,30,,108501,16,,,0,70,,108500,16,,,0,98,,108499,16,,,0,99,,108498,16,0,37,0,98,,108497,16,0,37,0
3454300,'3_merged_15291796',536,,108560,16,,,0,74,,108561,16,,,0,30,,108518,16,,,0,71,,108519,16,,,0,30,,108520,16,,,0,70,,108521,16,,,0,30,,108545,16,,,0,69,,108546,16,,,0,28,,108547,16,,,0,66,,108548,16,,,0,25,,108553,16,,,0,22,,108549,16,,,0,60,,108550,16,,,0,20,,108554,16,,,0,19,,108551,16,,,0,60,,108552,16,,,0,20,,108555,16,,,0,20,,108522,16,,,0,60,,108523,16,,,0,20,,108556,16,,,0,20,,108524,16,,,0,60,,108525,16,,,0,20,,108557,16,,,0,20,,108526,16,,,0,60,,108527,16,,,0,20,,108558,16,,,0,21,,108528,16,,,0,60,,108529,16,,,0,20,,108559,16,,,0,20,,108530,16,,,0,66,,108531,16,,,0,26,,108532,16,,,0,68,,108533,16,,,0,34,,108534,16,,,0,75,,108535,16,,,0,35,,108536,16,,,0,75,,108537,16,,,0,75,,108538,16,,,0,34,,108539,16,,,0,75,,108540,16,,,0,35,,108541,16,,,0,106,,108542,16,,,0,145,,108543,16,0,37,0,100,,108544,16,0,37,0
3454300,'62101_merged_15291793',1511,,108562,4,0,37,0
