672600,'1_merged_15291795',546,,87889,25,,,0,70,,87890,25,,,0,31,,87891,25,,,0,68,,87892,25,,,0,25,,87893,25,,,0,75,,87894,25,,,0,32,,87895,25,,,0,73,,87896,25,,,0,28,,87897,25,,,0,79,,87898,25,,,0,27,,87899,25,,,0,66,,87900,25,,,0,26,,87901,25,,,0,77,,87902,25,,,0,31,,87903,25,,,0,69,,87904,25,,,0,25,,87905,25,,,0,78,,87906,25,,,0,33,,87907,25,,,0,75,,87908,25,,,0,70,,87909,35,,,0,25,,87910,35,,,0,72,,87911,35,,,0,30,,87912,35,,,0,75,,87913,35,,,0,26,,87914,35,,,0,71,,87915,35,,,0,25,,87916,35,,,0,26,,87917,35,,,0,71,,87918,35,,,0,30,,87919,35,,,0,69,,87920,35,,,0,30,,87886,35,,,0,67,,87887,35,,,0,95,,87888,35,,,0
672600,'2_merged_15291797',617,,87926,4,,,0,91,,87942,25,,,0,50,,87939,25,,,0,93,,87927,25,,,0,72,,87949,25,,,0,33,,87928,25,,,0,70,,87944,25,,,0,31,,87929,25,,,0,69,,87946,25,,,0,31,,87938,25,,,0,71,,87947,25,,,0,72,,87930,25,,,0,30,,87948,25,,,0,29,,87931,25,,,0,70,,87943,25,,,0,30,,87932,25,,,0,70,,87950,25,,,0,28,,87933,35,,,0,70,,87921,35,,,0,30,,87934,35,,,0,70,,87945,35,,,0,28,,87935,35,,,0,70,,87922,35,,,0,30,,87936,35,,,0,72,,87941,35,,,0,26,,87937,35,,,0,70,,87923,35,,,0,95,,87924,35,,,0,100,,87925,35,,,0,100,,87940,35,,,0
672600,'3_merged_15291796',803,,87957,25,,,0,104,,87958,25,,,0,36,,87960,25,,,0,76,,87970,25,,,0,35,,87963,25,,,0,77,,87972,25,,,0,74,,87964,25,,,0,33,,87971,25,,,0,65,,87965,25,,,0,30,,87973,25,,,0,71,,87966,25,,,0,29,,87974,25,,,0,70,,87967,25,,,0,29,,87975,25,,,0,70,,87968,35,,,0,29,,87976,35,,,0,70,,87969,35,,,0,29,,87959,35,,,0,70,,87961,35,,,0,30,,87951,35,,,0,29,,87962,35,,,0,70,,87952,35,,,0,100,,87953,35,,,0,104,,87954,35,,,0,100,,87955,35,,,0,101,,87956,35,,,0
672700,'101_merged_15291802',1605,,88069,37,,,0
672700,'1_merged_15291795',446,,88081,37,,,0,63,,88082,37,,,0,41,,88070,37,,,0,60,,88083,37,,,0,20,,88084,37,,,0,18,,88085,37,,,0,58,,88086,37,,,0,25,,88087,37,,,0,23,,88088,37,,,0,67,,88089,37,,,0,28,,88090,37,,,0,62,,88091,37,,,0,16,,88092,37,,,0,24,,88093,37,,,0,67,,88094,37,,,0,30,,88095,37,,,0,70,,88096,37,,,0,30,,88097,37,,,0,65,,88098,37,,,0,30,,88099,37,,,0,72,,88100,37,,,0,23,,88101,37,,,0,70,,88102,37,,,0,16,,88103,37,,,0,33,,88104,37,,,0,64,,88105,37,,,0,23,,88106,37,,,0,78,,88107,37,,,0,28,,88108,37,,,0,51,,88109,37,,,0,26,,88110,37,,,0,15,,88111,37,,,0,62,,88112,37,,,0,26,,88113,37,,,0,24,,88114,37,,,0,71,,88071,37,,,0,33,,88080,37,,,0,69,,88072,37,,,0,74,,88073,37,,,0,30,,88078,37,,,0,78,,88079,37,,,0,31,,88074,37,,,0,74,,88075,37,,,0,94,,88076,37,,,0,103,,88077,37,,,0
672700,'2_merged_15291797',706,,88133,37,,,0,30,,88118,37,,,0,74,,88125,37,,,0,32,,88149,37,,,0,68,,88115,37,,,0,30,,88126,37,,,0,70,,88117,37,,,0,32,,88138,37,,,0,72,,88116,37,,,0,30,,88145,37,,,0,72,,88120,37,,,0,32,,88122,37,,,0,68,,88123,37,,,0,30,,88121,37,,,0,71,,88128,37,,,0,30,,88129,37,,,0,70,,88147,37,,,0,32,,88130,37,,,0,68,,88139,37,,,0,29,,88140,37,,,0,70,,88141,37,,,0,29,,88142,37,,,0,69,,88136,37,,,0,26,,88144,37,,,0,72,,88135,37,,,0,27,,88137,37,,,0,72,,88131,37,,,0,31,,88132,37,,,0,70,,88148,37,,,0,30,,88127,37,,,0,70,,88143,37,,,0,29,,88124,37,,,0,74,,88119,37,,,0,106,,88134,37,,,0,91,,88146,37,,,0
672700,'3_merged_15291796',755,,88150,37,,,0,100,,88159,37,,,0,92,,88162,37,,,0,80,,88170,37,,,0,30,,88164,37,,,0,69,,88177,37,,,0,28,,88153,37,,,0,70,,88180,37,,,0,32,,88166,37,,,0,69,,88167,37,,,0,32,,88168,37,,,0,70,,88154,37,,,0,29,,88152,37,,,0,71,,88176,37,,,0,29,,88178,37,,,0,70,,88181,37,,,0,29,,88169,37,,,0,70,,88174,37,,,0,28,,88175,37,,,0,69,,88172,37,,,0,30,,88151,37,,,0,70,,88163,37,,,0,31,,88160,37,,,0,70,,88161,37,,,0,29,,88157,37,,,0,69,,88158,37,,,0,28,,88179,37,,,0,69,,88165,37,,,0,28,,88171,37,,,0,68,,88155,37,,,0,101,,88156,37,,,0,96,,88173,37,,,0
673000,'101_merged_15291802',1553,,88812,4,,,0
673000,'1_merged_15291795',503,,88832,4,,,0,15,,88833,4,,,0,16,,88834,4,,,0,15,,88835,4,,,0,51,,88879,4,,,0,10,,88836,4,,,0,10,,88837,4,,,0,10,,88838,4,,,0,10,,88839,4,,,0,11,,88840,4,,,0,50,,88841,4,,,0,11,,88842,4,,,0,10,,88878,4,,,0,10,,88843,4,,,0,10,,88844,4,,,0,10,,88845,4,,,0,51,,88846,4,,,0,12,,88847,4,,,0,12,,88848,4,,,0,12,,88849,4,,,0,13,,88850,4,,,0,52,,88851,4,,,0,12,,88877,4,,,0,10,,88852,4,,,0,13,,88853,4,,,0,15,,88854,4,,,0,54,,88855,4,,,0,16,,88856,4,,,0,20,,88857,4,,,0,61,,88858,4,,,0,20,,88859,4,,,0,21,,88860,4,,,0,60,,88861,4,,,0,20,,88862,4,,,0,20,,88863,4,,,0,60,,88864,4,,,0,17,,88865,4,,,0,15,,88866,4,,,0,15,,88867,4,,,0,55,,88868,4,,,0,15,,88869,4,,,0,15,,88870,4,,,0,15,,88871,4,,,0,52,,88872,4,,,0,12,,88873,4,,,0,12,,88874,4,,,0,12,,88875,4,,,0,64,,88876,4,,,0,12,,88813,4,,,0,12,,88814,4,,,0,12,,88815,4,,,0,12,,88816,4,,,0,52,,88817,4,,,0,12,,88818,4,,,0,12,,88819,4,,,0,12,,88820,4,,,0,15,,88821,4,,,0,55,,88822,4,,,0,15,,88823,4,,,0,14,,88824,4,,,0,68,,88825,4,,,0,30,,88826,4,,,0,70,,88827,4,,,0,33,,88828,4,,,0,70,,88829,4,,,0,100,,88830,4,,,0,100,,88831,4,,,0
673000,'2_merged_15291797',656,,88907,4,,,0,60,,88895,4,,,0,20,,88897,4,,,0,20,,88917,4,,,0,60,,88894,4,,,0,21,,88906,4,,,0,20,,88918,4,,,0,61,,88893,4,,,0,20,,88905,4,,,0,20,,88919,4,,,0,61,,88892,4,,,0,20,,88909,4,,,0,20,,88904,4,,,0,60,,88891,4,,,0,17,,88924,4,,,0,17,,88910,4,,,0,55,,88880,4,,,0,16,,88911,4,,,0,14,,88925,4,,,0,14,,88890,4,,,0,55,,88903,4,,,0,15,,88889,4,,,0,15,,88926,4,,,0,15,,88912,4,,,0,55,,88902,4,,,0,15,,88888,4,,,0,16,,88913,4,,,0,15,,88920,4,,,0,55,,88901,4,,,0,14,,88887,4,,,0,15,,88914,4,,,0,15,,88900,4,,,0,55,,88921,4,,,0,15,,88886,4,,,0,15,,88916,4,,,0,15,,88899,4,,,0,55,,88922,4,,,0,15,,88915,4,,,0,15,,88927,4,,,0,15,,88885,4,,,0,54,,88898,4,,,0,20,,88884,4,,,0,21,,88923,4,,,0,59,,88896,4,,,0,22,,88883,4,,,0,31,,88908,4,,,0,70,,88882,4,,,0,30,,88881,4,,,0,100,,88928,4,,,0,97,,88929,4,,,0
673000,'3_merged_15291796',758,,88963,4,,,0,58,,88943,4,,,0,20,,88953,4,,,0,21,,88964,4,,,0,62,,88942,4,,,0,21,,88952,4,,,0,61,,88965,4,,,0,23,,88941,4,,,0,21,,88955,4,,,0,58,,88951,4,,,0,20,,88940,4,,,0,22,,88956,4,,,0,61,,88930,4,,,0,20,,88957,4,,,0,21,,88939,4,,,0,60,,88950,4,,,0,22,,88938,4,,,0,18,,88958,4,,,0,60,,88949,4,,,0,13,,88968,4,,,0,15,,88937,4,,,0,16,,88959,4,,,0,53,,88948,4,,,0,16,,88969,4,,,0,14,,88936,4,,,0,15,,88960,4,,,0,55,,88947,4,,,0,16,,88970,4,,,0,13,,88935,4,,,0,15,,88962,4,,,0,56,,88946,4,,,0,14,,88971,4,,,0,15,,88961,4,,,0,15,,88934,4,,,0,55,,88945,4,,,0,20,,88933,4,,,0,20,,88966,4,,,0,60,,88944,4,,,0,20,,88932,4,,,0,20,,88967,4,,,0,60,,88954,4,,,0,20,,88972,4,,,0,20,,88931,4,,,0,99,,88973,4,,,0,100,,88974,4,,,0
682900,'1_merged_15291795',602,,95402,6,,,0,30,,95401,6,,,0,76,,95400,6,,,0,34,,95403,6,,,0,75,,95406,6,,,0,38,,95399,6,,,0,75,,95398,6,,,0,576,,95404,6,,,0,35,,95411,6,,,0,75,,95410,6,,,0,39,,95405,6,,,0,76,,95409,6,,,0,77,,95408,6,,,0,35,,95407,6,,,0
