667700,'101_merged_15288070',1606,,78039,10,,,0
667700,'1101_merged_15288074',2515,,78040,10,,,0
667700,'1201_merged_15288056',2515,,78041,10,,,0
667700,'1_merged_15288063',612,,78079,10,,,0,29,,78052,10,,,0,71,,78060,10,,,0,30,,78067,10,,,0,73,,78077,10,,,0,28,,78063,10,,,0,78,,78047,10,,,0,24,,78085,10,,,0,87,,78046,10,,,0,71,,78054,10,,,0,28,,78061,10,,,0,70,,78059,10,,,0,30,,78058,10,,,0,71,,78068,10,,,0,31,,78045,10,,,0,69,,78083,10,,,0,15,,78048,10,,,0,31,,78049,10,,,0,65,,78042,10,,,0,20,,78073,10,,,0,14,,78053,10,,,0,70,,78056,10,,,0,19,,78064,10,,,0,12,,78057,10,,,0,59,,78074,10,,,0,13,,78069,10,,,0,19,,78080,10,,,0,20,,78084,10,,,0,53,,78070,10,,,0,15,,78081,10,,,0,12,,78078,10,,,0,16,,78071,10,,,0,50,,78051,10,,,0,12,,78072,10,,,0,14,,78066,10,,,0,16,,78086,10,,,0,57,,78062,10,,,0,16,,78044,10,,,0,15,,78082,10,,,0,11,,78043,10,,,0,68,,78075,10,,,0,29,,78065,10,,,0,69,,78055,10,,,0,30,,78088,10,,,0,70,,78076,10,,,0,30,,78087,10,,,0,70,,78050,10,,,0
667700,'2_merged_15288065',646,,78116,10,,,0,66,,78117,10,,,0,30,,78096,10,,,0,70,,78124,10,,,0,31,,78125,10,,,0,72,,78092,10,,,0,30,,78122,10,,,0,69,,78099,10,,,0,32,,78130,10,,,0,71,,78094,10,,,0,28,,78129,10,,,0,71,,78131,10,,,0,30,,78097,10,,,0,70,,78095,10,,,0,32,,78134,10,,,0,56,,78105,10,,,0,20,,78132,10,,,0,22,,78090,10,,,0,59,,78115,10,,,0,19,,78121,10,,,0,22,,78120,10,,,0,59,,78114,10,,,0,20,,78091,10,,,0,20,,78098,10,,,0,60,,78113,10,,,0,24,,78133,10,,,0,19,,78100,10,,,0,60,,78112,10,,,0,23,,78126,10,,,0,20,,78123,10,,,0,64,,78111,10,,,0,16,,78104,10,,,0,15,,78101,10,,,0,55,,78119,10,,,0,16,,78110,10,,,0,29,,78127,10,,,0,72,,78118,10,,,0,28,,78102,10,,,0,69,,78107,10,,,0,30,,78106,10,,,0,70,,78128,10,,,0,30,,78109,10,,,0,69,,78093,10,,,0,32,,78108,10,,,0,66,,78103,10,,,0,36,,78089,10,,,0
667700,'3_merged_15288064',815,,78152,10,,,0,30,,78146,10,,,0,70,,78155,10,,,0,29,,78145,10,,,0,70,,78153,10,,,0,30,,78144,10,,,0,69,,78154,10,,,0,31,,78135,10,,,0,69,,78156,10,,,0,32,,78143,10,,,0,69,,78139,10,,,0,32,,78151,10,,,0,70,,78158,10,,,0,31,,78150,10,,,0,53,,78172,10,,,0,30,,78159,10,,,0,15,,78149,10,,,0,57,,78171,10,,,0,29,,78162,10,,,0,16,,78148,10,,,0,55,,78170,10,,,0,31,,78160,10,,,0,13,,78147,10,,,0,56,,78169,10,,,0,31,,78157,10,,,0,14,,78142,10,,,0,57,,78168,10,,,0,26,,78137,10,,,0,15,,78141,10,,,0,59,,78167,10,,,0,26,,78136,10,,,0,17,,78140,10,,,0,67,,78138,10,,,0,30,,78166,10,,,0,71,,78163,10,,,0,30,,78165,10,,,0,71,,78161,10,,,0,34,,78164,10,,,0
667800,'1_merged_15288063',539,,78330,10,,,0,15,,78332,10,,,0,73,,78334,10,,,0,21,,78346,10,,,0,55,,78314,10,,,0,13,,78310,10,,,0,15,,78349,10,,,0,13,,78323,10,,,0,57,,78350,10,,,0,32,,78343,10,,,0,67,,78320,10,,,0,33,,78348,10,,,0,72,,78342,10,,,0,26,,78316,10,,,0,70,,78321,10,,,0,29,,78335,10,,,0,70,,78352,10,,,0,30,,78325,10,,,0,70,,78315,10,,,0,28,,78317,10,,,0,72,,78326,10,,,0,31,,78340,10,,,0,70,,78322,10,,,0,19,,78351,10,,,0,22,,78355,10,,,0,59,,78356,10,,,0,14,,78339,10,,,0,17,,78345,10,,,0,16,,78354,10,,,0,57,,78312,10,,,0,12,,78341,10,,,0,18,,78353,10,,,0,11,,78327,10,,,0,61,,78328,10,,,0,10,,78309,10,,,0,10,,78338,10,,,0,10,,78311,10,,,0,10,,78313,10,,,0,60,,78329,10,,,0,14,,78318,10,,,0,30,,78324,10,,,0,70,,78337,10,,,0,30,,78319,10,,,0,78,,78336,10,,,0,30,,78331,10,,,0,96,,78333,10,,,0,99,,78344,10,,,0,100,,78347,10,,,0
667800,'2_merged_15288065',604,,78360,4,,,0,24,,78366,10,,,0,30,,78358,10,,,0,70,,78379,10,,,0,30,,78359,10,,,0,72,,78390,10,,,0,70,,78389,10,,,0,30,,78381,10,,,0,70,,78391,10,,,0,30,,78387,10,,,0,70,,78363,10,,,0,29,,78361,10,,,0,28,,78357,10,,,0,74,,78362,10,,,0,69,,78364,10,,,0,30,,78392,10,,,0,71,,78365,10,,,0,29,,78375,10,,,0,29,,78382,10,,,0,70,,78371,10,,,0,30,,78383,10,,,0,73,,78372,10,,,0,69,,78384,10,,,0,30,,78373,10,,,0,70,,78388,10,,,0,30,,78376,10,,,0,70,,78385,10,,,0,30,,78367,10,,,0,70,,78386,10,,,0,30,,78369,10,,,0,70,,78377,10,,,0,28,,78393,10,,,0,17,,78368,10,,,0,69,,78380,10,,,0,30,,78378,10,,,0,100,,78374,10,,,0,100,,78370,10,,,0
667800,'3_merged_15288064',758,,78419,4,,,0,69,,78418,10,,,0,31,,78422,10,,,0,70,,78417,10,,,0,28,,78402,10,,,0,63,,78416,10,,,0,30,,78401,10,,,0,71,,78415,10,,,0,37,,78420,10,,,0,73,,78414,10,,,0,72,,78421,10,,,0,29,,78413,10,,,0,70,,78398,10,,,0,31,,78412,10,,,0,70,,78395,10,,,0,30,,78411,10,,,0,70,,78396,10,,,0,30,,78410,10,,,0,70,,78394,10,,,0,30,,78409,10,,,0,70,,78403,10,,,0,29,,78408,10,,,0,71,,78397,10,,,0,30,,78407,10,,,0,69,,78400,10,,,0,30,,78406,10,,,0,25,,78404,10,,,0,92,,78399,10,,,0,95,,78423,10,,,0,105,,78405,10,,,0,95,,78424,10,,,0
667901,'1_merged_15288063',538,,78647,21,,,0,66,,78648,21,,,0,27,,78662,21,,,0,71,,78649,21,,,0,26,,78661,21,,,0,79,,78641,21,,,0,31,,78665,21,,,0,74,,78656,21,,,0,24,,78636,21,,,0,70,,78655,21,,,0,31,,78634,21,,,0,74,,78664,21,,,0,31,,78637,21,,,0,68,,78652,21,,,0,28,,78643,21,,,0,70,,78651,21,,,0,30,,78642,21,,,0,70,,78654,21,,,0,32,,78658,21,,,0,73,,78640,21,,,0,31,,78657,21,,,0,67,,78635,21,,,0,32,,78666,21,,,0,68,,78660,21,,,0,31,,78650,21,,,0,69,,78646,21,,,0,26,,78639,21,,,0,77,,78645,21,,,0,27,,78638,21,,,0,65,,78633,21,,,0,33,,78659,21,,,0,69,,78663,21,,,0,30,,78644,21,,,0,71,,78653,21,,,0
667901,'2_merged_15288065',630,,78698,21,,,0,71,,78692,21,,,0,31,,78693,21,,,0,71,,78674,21,,,0,31,,78667,21,,,0,70,,78687,21,,,0,30,,78689,21,,,0,74,,78679,21,,,0,29,,78670,21,,,0,71,,78669,21,,,0,31,,78685,21,,,0,70,,78671,21,,,0,30,,78678,21,,,0,70,,78675,21,,,0,30,,78668,21,,,0,70,,78686,21,,,0,30,,78697,21,,,0,70,,78680,21,,,0,30,,78684,21,,,0,70,,78677,21,,,0,30,,78672,21,,,0,73,,78683,21,,,0,22,,78688,21,,,0,73,,78696,21,,,0,31,,78676,21,,,0,68,,78691,21,,,0,30,,78682,21,,,0,69,,78694,21,,,0,31,,78695,21,,,0,71,,78681,21,,,0,30,,78690,21,,,0,70,,78673,21,,,0
667901,'3_merged_15288064',734,,78711,21,,,0,70,,78701,21,,,0,30,,78716,21,,,0,71,,78718,21,,,0,30,,78705,21,,,0,70,,78723,21,,,0,30,,78715,21,,,0,70,,78727,21,,,0,30,,78726,21,,,0,71,,78699,21,,,0,31,,78722,21,,,0,71,,78704,21,,,0,31,,78714,21,,,0,71,,78717,21,,,0,29,,78703,21,,,0,71,,78720,21,,,0,30,,78710,21,,,0,70,,78721,21,,,0,31,,78700,21,,,0,70,,78702,21,,,0,31,,78719,21,,,0,68,,78706,21,,,0,30,,78707,21,,,0,70,,78725,21,,,0,30,,78708,21,,,0,69,,78713,21,,,0,30,,78712,21,,,0,70,,78728,21,,,0,30,,78709,21,,,0,68,,78724,21,,,0
668300,'1_merged_15288063',628,,79528,4,,,0,8,,79524,4,,,0,17,,79523,4,,,0,55,,79522,4,,,0,30,,79520,4,,,0,869,,79518,26,,,0,21,,79529,26,,,0,15,,79530,26,,,0,10,,79531,26,,,0,59,,79525,26,,,0,22,,79527,26,,,0,23,,79516,26,,,0,65,,79519,26,,,0,9,,79517,26,,,0,11,,79515,26,,,0,66,,79514,26,,,0,24,,79521,26,,,0,26,,79526,26,,,0
683700,'1101_merged_15288074',2654,,95616,37,,,0
683700,'1201_merged_15288056',2654,,95617,37,,,0
683700,'1_merged_15288063',2534,,95624,37,,,0,20,,95623,37,,,0,60,,95619,37,,,0,29,,95622,37,,,0,74,,95621,37,,,0,19,,95620,37,,,0,68,,95618,37,,,0
683700,'2_merged_15288065',521,,95633,11,,,0,2019,,95627,37,,,0,62,,95632,37,,,0,14,,95626,37,,,0,19,,95631,37,,,0,20,,95628,37,,,0,70,,95630,37,,,0,12,,95629,37,,,0,74,,95625,37,,,0
683700,'3_merged_15288064',551,,95642,11,,,0,74,,95643,11,,,0,31,,95644,11,,,0,69,,95645,31,,,0,1687,,95638,37,,,0,32,,95637,37,,,0,70,,95636,37,,,0,38,,95635,37,,,0,71,,95634,37,,,0,24,,95641,37,,,0,88,,95640,37,,,0,65,,95639,37,,,0
