669900,'1_merged_15288063',430,,81770,2,,,0,71,,81771,2,,,0,20,,81772,2,,,0,22,,81773,2,,,0,59,,81774,2,,,0,15,,81775,2,,,0,13,,81776,2,,,0,19,,81780,2,,,0,56,,81777,2,,,0,15,,81778,2,,,0,16,,81779,2,,,0,15,,81781,2,,,0,60,,81769,2,,,0
670000,'101_merged_15288070',706,,81794,2,,,0
670000,'1_merged_15288063',521,,81807,2,,,0,15,,81816,2,,,0,15,,81831,2,,,0,55,,81841,2,,,0,15,,81800,2,,,0,15,,81832,2,,,0,15,,81818,2,,,0,70,,81840,2,,,0,19,,81811,2,,,0,60,,81809,2,,,0,20,,81826,2,,,0,20,,81842,2,,,0,60,,81798,2,,,0,20,,81801,2,,,0,27,,81819,2,,,0,70,,81829,2,,,0,30,,81799,2,,,0,70,,81795,2,,,0,30,,81827,2,,,0,70,,81821,2,,,0,30,,81828,2,,,0,70,,81813,2,,,0,30,,81797,2,,,0,70,,81833,2,,,0,30,,81839,2,,,0,60,,81808,2,,,0,20,,81825,2,,,0,20,,81823,2,,,0,60,,81820,2,,,0,20,,81806,2,,,0,20,,81805,2,,,0,60,,81804,2,,,0,21,,81803,2,,,0,30,,81810,2,,,0,70,,81830,2,,,0,30,,81822,2,,,0,70,,81812,2,,,0,30,,81834,2,,,0,70,,81815,2,,,0,30,,81835,2,,,0,69,,81814,2,,,0,30,,81836,2,,,0,70,,81802,2,,,0,30,,81837,2,,,0,70,,81817,2,,,0,30,,81838,2,,,0,75,,81796,2,,,0,76,,81824,2,,,0
670000,'2_merged_15288065',531,,81876,2,,,0,28,,81877,2,,,0,58,,81883,2,,,0,18,,81878,2,,,0,70,,81863,2,,,0,30,,81847,2,,,0,70,,81862,2,,,0,30,,81846,2,,,0,68,,81861,2,,,0,28,,81860,2,,,0,70,,81859,2,,,0,31,,81858,2,,,0,70,,81857,2,,,0,30,,81856,2,,,0,70,,81855,2,,,0,30,,81864,2,,,0,70,,81854,2,,,0,30,,81853,2,,,0,70,,81852,2,,,0,30,,81851,2,,,0,70,,81850,2,,,0,30,,81849,2,,,0,70,,81848,2,,,0,30,,81875,2,,,0,70,,81874,2,,,0,30,,81873,2,,,0,70,,81872,2,,,0,30,,81845,2,,,0,70,,81871,2,,,0,29,,81844,2,,,0,70,,81870,2,,,0,30,,81843,2,,,0,70,,81869,2,,,0,30,,81879,2,,,0,70,,81868,2,,,0,30,,81880,2,,,0,70,,81867,2,,,0,35,,81881,2,,,0,74,,81866,2,,,0,32,,81882,2,,,0,75,,81865,2,,,0
670000,'3_merged_15288064',730,,81915,2,,,0,70,,81898,2,,,0,30,,81911,2,,,0,70,,81902,2,,,0,30,,81894,2,,,0,70,,81899,2,,,0,30,,81895,2,,,0,70,,81888,2,,,0,30,,81900,2,,,0,70,,81891,2,,,0,31,,81892,2,,,0,70,,81893,2,,,0,30,,81901,2,,,0,70,,81890,2,,,0,30,,81910,2,,,0,70,,81904,2,,,0,30,,81905,2,,,0,70,,81909,2,,,0,30,,81906,2,,,0,70,,81907,2,,,0,30,,81897,2,,,0,69,,81903,2,,,0,30,,81884,2,,,0,70,,81885,2,,,0,30,,81912,2,,,0,70,,81886,2,,,0,30,,81913,2,,,0,70,,81889,2,,,0,30,,81914,2,,,0,70,,81887,2,,,0,57,,81908,2,,,0,150,,81896,2,,,0
670200,'1_merged_15288063',521,,82182,2,,,0,20,,82201,2,,,0,60,,82194,2,,,0,20,,82198,2,,,0,20,,82189,2,,,0,60,,82197,2,,,0,20,,82199,2,,,0,20,,82180,2,,,0,60,,82196,2,,,0,20,,82200,2,,,0,20,,82178,2,,,0,60,,82177,2,,,0,28,,82176,2,,,0,30,,82175,2,,,0,70,,82174,2,,,0,30,,82173,2,,,0,70,,82185,2,,,0,30,,82184,2,,,0,70,,82190,2,,,0,30,,82169,2,,,0,70,,82171,2,,,0,30,,82170,2,,,0,69,,82181,2,,,0,30,,82188,2,,,0,70,,82168,2,,,0,30,,82167,2,,,0,70,,82195,2,,,0,30,,82193,2,,,0,70,,82183,2,,,0,31,,82191,2,,,0,71,,82192,2,,,0,71,,82179,2,,,0,31,,82187,2,,,0,103,,82172,2,,,0,102,,82186,2,,,0
670200,'2_merged_15288065',601,,82202,2,,,0,35,,82203,2,,,0,75,,82204,2,,,0,35,,82205,2,,,0,70,,82206,2,,,0,30,,82207,2,,,0,70,,82208,2,,,0,30,,82209,2,,,0,70,,82210,2,,,0,30,,82211,2,,,0,70,,82212,2,,,0,30,,82213,2,,,0,70,,82214,2,,,0,30,,82215,2,,,0,70,,82216,2,,,0,30,,82217,2,,,0,70,,82218,2,,,0,30,,82219,2,,,0,70,,82220,2,,,0,30,,82221,2,,,0,70,,82222,2,,,0,31,,82223,2,,,0,70,,82224,2,,,0,30,,82225,2,,,0,70,,82226,2,,,0,30,,82227,2,,,0,70,,82228,2,,,0,30,,82229,2,,,0,70,,82230,2,,,0,30,,82231,2,,,0,67,,82232,2,,,0,26,,82233,2,,,0
670200,'3_merged_15288064',811,,82241,2,,,0,102,,82240,2,,,0,102,,82236,2,,,0,102,,82235,2,,,0,102,,82242,2,,,0,32,,82250,2,,,0,70,,82245,2,,,0,30,,82251,2,,,0,70,,82234,2,,,0,30,,82252,2,,,0,70,,82237,2,,,0,30,,82253,2,,,0,70,,82248,2,,,0,30,,82254,2,,,0,70,,82238,2,,,0,30,,82255,2,,,0,70,,82243,2,,,0,30,,82256,2,,,0,70,,82246,2,,,0,100,,82247,2,,,0,100,,82244,2,,,0,98,,82239,2,,,0,98,,82249,2,,,0
671301,'1_merged_15288063',517,,85884,2,,,0,16,,85885,2,,,0,16,,85886,2,,,0,55,,85888,2,,,0,16,,85889,2,,,0,15,,85890,2,,,0,16,,85891,2,,,0,56,,85892,2,,,0,16,,85902,2,,,0,16,,85893,2,,,0,16,,85894,2,,,0,55,,85907,2,,,0,15,,85908,2,,,0,18,,85903,2,,,0,59,,85909,2,,,0,20,,85911,2,,,0,20,,85918,2,,,0,60,,85912,2,,,0,30,,85913,2,,,0,70,,85914,2,,,0,30,,85915,2,,,0,70,,85916,2,,,0,30,,85917,2,,,0,70,,85895,2,,,0,30,,85896,2,,,0,68,,85897,2,,,0,28,,85898,2,,,0,28,,85910,2,,,0,65,,85904,2,,,0,16,,85899,2,,,0,15,,85887,2,,,0,55,,85900,2,,,0,15,,85905,2,,,0,15,,85901,2,,,0,15,,85870,2,,,0,55,,85876,2,,,0,15,,85868,2,,,0,16,,85877,2,,,0,15,,85871,2,,,0,55,,85878,2,,,0,15,,85869,2,,,0,16,,85879,2,,,0,15,,85919,2,,,0,55,,85880,2,,,0,15,,85920,2,,,0,15,,85872,2,,,0,15,,85921,2,,,0,55,,85881,2,,,0,15,,85922,2,,,0,15,,85873,2,,,0,18,,85923,2,,,0,60,,85882,2,,,0,20,,85875,2,,,0,20,,85924,2,,,0,60,,85874,2,,,0,20,,85925,2,,,0,68,,85883,2,,,0,30,,85926,2,,,0,70,,85906,2,,,0,32,,85927,2,,,0
671301,'2_merged_15288065',538,,85949,2,,,0,21,,85967,2,,,0,61,,85942,2,,,0,20,,85960,2,,,0,60,,85966,2,,,0,20,,85941,2,,,0,21,,85948,2,,,0,61,,85965,2,,,0,20,,85932,2,,,0,21,,85939,2,,,0,61,,85968,2,,,0,22,,85961,2,,,0,30,,85938,2,,,0,70,,85931,2,,,0,30,,85937,2,,,0,70,,85930,2,,,0,30,,85929,2,,,0,70,,85928,2,,,0,30,,85944,2,,,0,70,,85943,2,,,0,30,,85959,2,,,0,70,,85958,2,,,0,30,,85957,2,,,0,71,,85956,2,,,0,23,,85964,2,,,0,62,,85955,2,,,0,22,,85954,2,,,0,22,,85963,2,,,0,60,,85953,2,,,0,20,,85952,2,,,0,70,,85962,2,,,0,30,,85951,2,,,0,70,,85950,2,,,0,30,,85940,2,,,0,70,,85947,2,,,0,30,,85946,2,,,0,70,,85936,2,,,0,30,,85945,2,,,0,70,,85935,2,,,0,94,,85934,2,,,0,104,,85933,2,,,0
671301,'3_merged_15288064',543,,85999,2,,,0,74,,85971,2,,,0,23,,85972,2,,,0,60,,85973,2,,,0,20,,86001,2,,,0,20,,86000,2,,,0,60,,85982,2,,,0,20,,86002,2,,,0,20,,85975,2,,,0,60,,86003,2,,,0,30,,85983,2,,,0,70,,85976,2,,,0,30,,85984,2,,,0,70,,85977,2,,,0,30,,85985,2,,,0,70,,85986,2,,,0,30,,85987,2,,,0,70,,85988,2,,,0,30,,85989,2,,,0,70,,85990,2,,,0,30,,85991,2,,,0,70,,85992,2,,,0,30,,85993,2,,,0,70,,85994,2,,,0,30,,85995,2,,,0,70,,86005,2,,,0,31,,86004,2,,,0,70,,85996,2,,,0,30,,85997,2,,,0,70,,85998,2,,,0,30,,85974,2,,,0,70,,85969,2,,,0,30,,85970,2,,,0,70,,85978,2,,,0,58,,85979,2,,,0,150,,85980,2,,,0,101,,85981,2,,,0
671800,'101_merged_15288070',714,,86595,2,,,0
671800,'1_merged_15288063',520,,86599,2,,,0,29,,86597,2,,,0,70,,86600,2,,,0,30,,86598,2,,,0,106,,86596,2,,,0
682201,'1_merged_15288063',530,,94844,2,,,0,20,,94855,2,,,0,50,,94834,2,,,0,10,,94860,2,,,0,15,,94845,2,,,0,20,,94861,2,,,0,60,,94864,2,,,0,20,,94865,2,,,0,25,,94846,2,,,0,62,,94862,2,,,0,30,,94847,2,,,0,68,,94839,2,,,0,30,,94848,2,,,0,70,,94840,2,,,0,24,,94849,2,,,0,70,,94841,2,,,0,31,,94850,2,,,0,75,,94842,2,,,0,31,,94851,2,,,0,70,,94843,2,,,0,36,,94852,2,,,0,66,,94859,2,,,0,9,,94836,2,,,0,12,,94866,2,,,0,20,,94853,2,,,0,61,,94863,2,,,0,22,,94867,2,,,0,21,,94856,2,,,0,50,,94835,2,,,0,14,,94837,2,,,0,20,,94868,2,,,0,60,,94857,2,,,0,20,,94838,2,,,0,20,,94869,2,,,0,60,,94858,2,,,0,25,,94854,2,,,0,23,,94870,2,,,0,70,,94871,2,,,0,80,,94872,2,,,0,40,,94873,2,,,0,100,,94874,2,,,0
682201,'2_merged_15288065',642,,94888,2,,,0,74,,94889,2,,,0,19,,94903,2,,,0,12,,94885,2,,,0,70,,94876,2,,,0,29,,94875,2,,,0,70,,94887,2,,,0,30,,94890,2,,,0,69,,94877,2,,,0,30,,94891,2,,,0,69,,94878,2,,,0,29,,94892,2,,,0,71,,94879,2,,,0,30,,94893,2,,,0,70,,94880,2,,,0,14,,94904,2,,,0,18,,94894,2,,,0,69,,94881,2,,,0,31,,94895,2,,,0,73,,94882,2,,,0,6,,94905,2,,,0,24,,94896,2,,,0,72,,94883,2,,,0,31,,94897,2,,,0,73,,94884,2,,,0,31,,94898,2,,,0,67,,94886,2,,,0,30,,94899,2,,,0,68,,94900,2,,,0,27,,94901,2,,,0,72,,94902,2,,,0,100,,94906,2,,,0
682201,'3_merged_15288064',711,,94919,2,,,0,25,,94934,2,,,0,11,,94908,2,,,0,69,,94909,2,,,0,29,,94907,2,,,0,70,,94910,2,,,0,30,,94921,2,,,0,70,,94911,2,,,0,30,,94922,2,,,0,70,,94912,2,,,0,30,,94923,2,,,0,69,,94913,2,,,0,30,,94924,2,,,0,68,,94914,2,,,0,5,,94935,2,,,0,26,,94925,2,,,0,70,,94915,2,,,0,30,,94926,2,,,0,72,,94916,2,,,0,6,,94936,2,,,0,27,,94927,2,,,0,71,,94917,2,,,0,31,,94928,2,,,0,69,,94918,2,,,0,29,,94929,2,,,0,71,,94920,2,,,0,30,,94930,2,,,0,69,,94931,2,,,0,30,,94932,2,,,0,72,,94933,2,,,0,100,,94937,2,,,0
1169200,'1_merged_15288063',457,,97321,2,,,0,58,,97322,2,,,0,18,,97339,2,,,0,18,,97323,2,,,0,57,,97320,2,,,0,17,,97356,2,,,0,16,,97340,2,,,0,16,,97319,2,,,0,55,,97357,2,,,0,15,,97318,2,,,0,15,,97341,2,,,0,15,,97360,2,,,0,55,,97317,2,,,0,15,,97316,2,,,0,18,,97342,2,,,0,60,,97315,2,,,0,20,,97343,2,,,0,20,,97314,2,,,0,60,,97313,2,,,0,20,,97344,2,,,0,20,,97307,2,,,0,60,,97333,2,,,0,20,,97345,2,,,0,20,,97325,2,,,0,60,,97324,2,,,0,20,,97346,2,,,0,20,,97312,2,,,0,60,,97311,2,,,0,20,,97347,2,,,0,21,,97310,2,,,0,59,,97309,2,,,0,19,,97308,2,,,0,21,,97348,2,,,0,61,,97306,2,,,0,20,,97338,2,,,0,20,,97349,2,,,0,60,,97337,2,,,0,15,,97350,2,,,0,15,,97336,2,,,0,15,,97353,2,,,0,55,,97335,2,,,0,15,,97351,2,,,0,15,,97334,2,,,0,15,,97354,2,,,0,54,,97332,2,,,0,20,,97352,2,,,0,20,,97331,2,,,0,60,,97330,2,,,0,20,,97355,2,,,0,25,,97329,2,,,0,70,,97328,2,,,0,30,,97327,2,,,0,70,,97326,2,,,0,99,,97358,2,,,0,98,,97359,2,,,0
1169200,'2_merged_15288065',530,,97399,2,,,0,28,,97373,2,,,0,62,,97405,2,,,0,22,,97372,2,,,0,62,,97374,2,,,0,22,,97375,2,,,0,20,,97388,2,,,0,60,,97376,2,,,0,20,,97377,2,,,0,20,,97389,2,,,0,60,,97378,2,,,0,20,,97379,2,,,0,20,,97390,2,,,0,60,,97380,2,,,0,20,,97381,2,,,0,20,,97391,2,,,0,60,,97382,2,,,0,20,,97370,2,,,0,20,,97392,2,,,0,60,,97383,2,,,0,20,,97393,2,,,0,20,,97384,2,,,0,61,,97385,2,,,0,21,,97394,2,,,0,22,,97386,2,,,0,60,,97387,2,,,0,20,,97395,2,,,0,20,,97362,2,,,0,60,,97371,2,,,0,20,,97396,2,,,0,20,,97363,2,,,0,60,,97364,2,,,0,20,,97400,2,,,0,19,,97397,2,,,0,60,,97365,2,,,0,20,,97366,2,,,0,20,,97367,2,,,0,60,,97398,2,,,0,22,,97368,2,,,0,70,,97369,2,,,0,30,,97361,2,,,0,100,,97401,2,,,0,100,,97402,2,,,0,100,,97403,2,,,0,100,,97404,2,,,0
1169200,'3_merged_15288064',547,,97444,2,,,0,70,,97432,2,,,0,32,,97417,2,,,0,72,,97416,2,,,0,31,,97418,2,,,0,71,,97419,2,,,0,31,,97420,2,,,0,70,,97421,2,,,0,30,,97422,2,,,0,68,,97428,2,,,0,30,,97423,2,,,0,70,,97424,2,,,0,30,,97425,2,,,0,70,,97426,2,,,0,30,,97427,2,,,0,70,,97429,2,,,0,20,,97434,2,,,0,60,,97430,2,,,0,20,,97431,2,,,0,20,,97435,2,,,0,60,,97406,2,,,0,20,,97407,2,,,0,20,,97436,2,,,0,60,,97408,2,,,0,20,,97409,2,,,0,20,,97437,2,,,0,60,,97410,2,,,0,20,,97411,2,,,0,20,,97438,2,,,0,60,,97412,2,,,0,20,,97413,2,,,0,20,,97439,2,,,0,66,,97414,2,,,0,26,,97415,2,,,0,66,,97433,2,,,0,55,,97440,2,,,0,100,,97441,2,,,0,100,,97442,2,,,0,101,,97443,2,,,0
