664200,'1_merged_15291795',507,,69602,8,,,0,13,,69634,8,,,0,12,,69601,8,,,0,12,,69689,8,,,0,12,,69649,8,,,0,52,,69640,8,,,0,8,,69659,8,,,0,7,,69676,8,,,0,8,,69600,8,,,0,9,,69677,8,,,0,8,,69658,8,,,0,9,,69641,8,,,0,46,,69631,8,,,0,6,,69642,8,,,0,6,,69690,8,,,0,5,,69583,8,,,0,7,,69670,8,,,0,7,,69621,8,,,0,7,,69643,8,,,0,7,,69664,8,,,0,7,,69661,8,,,0,47,,69644,8,,,0,7,,69671,8,,,0,7,,69630,8,,,0,8,,69691,8,,,0,6,,69587,8,,,0,7,,69645,8,,,0,7,,69594,8,,,0,8,,69665,8,,,0,7,,69593,8,,,0,47,,69639,8,,,0,7,,69674,8,,,0,13,,69586,8,,,0,11,,69660,8,,,0,11,,69663,8,,,0,52,,69648,8,,,0,12,,69629,8,,,0,12,,69620,8,,,0,12,,69619,8,,,0,15,,69584,8,,,0,54,,69628,8,,,0,14,,69618,8,,,0,14,,69599,8,,,0,15,,69617,8,,,0,54,,69582,8,,,0,15,,69616,8,,,0,15,,69650,8,,,0,15,,69637,8,,,0,55,,69627,8,,,0,15,,69636,8,,,0,15,,69590,8,,,0,15,,69615,8,,,0,55,,69626,8,,,0,14,,69592,8,,,0,16,,69653,8,,,0,14,,69614,8,,,0,54,,69596,8,,,0,8,,69688,8,,,0,8,,69625,8,,,0,8,,69684,8,,,0,9,,69672,8,,,0,10,,69685,8,,,0,7,,69595,8,,,0,9,,69686,8,,,0,48,,69624,8,,,0,8,,69687,8,,,0,10,,69633,8,,,0,8,,69646,8,,,0,9,,69662,8,,,0,8,,69598,8,,,0,8,,69632,8,,,0,48,,69667,8,,,0,9,,69607,8,,,0,7,,69610,8,,,0,7,,69656,8,,,0,10,,69597,8,,,0,9,,69673,8,,,0,9,,69647,8,,,0,48,,69669,8,,,0,8,,69591,8,,,0,9,,69606,8,,,0,9,,69608,8,,,0,9,,69638,8,,,0,9,,69666,8,,,0,51,,69675,8,,,0,12,,69678,8,,,0,14,,69652,8,,,0,15,,69655,8,,,0,15,,69588,8,,,0,55,,69668,8,,,0,15,,69635,8,,,0,15,,69589,8,,,0,15,,69605,8,,,0,55,,69657,8,,,0,15,,69613,8,,,0,15,,69679,8,,,0,15,,69604,8,,,0,55,,69612,8,,,0,13,,69654,8,,,0,15,,69680,8,,,0,15,,69603,8,,,0,55,,69651,8,,,0,14,,69682,8,,,0,16,,69681,8,,,0,19,,69611,8,,,0,61,,69585,8,,,0,19,,69683,8,,,0,21,,69609,8,,,0,70,,69622,8,,,0,30,,69623,8,,,0
664200,'2_merged_15291797',512,,69725,8,,,0,20,,69724,8,,,0,20,,69723,8,,,0,58,,69756,8,,,0,27,,69755,8,,,0,18,,69732,8,,,0,52,,69757,8,,,0,13,,69773,8,,,0,12,,69742,8,,,0,12,,69754,8,,,0,12,,69752,8,,,0,52,,69713,8,,,0,12,,69774,8,,,0,12,,69753,8,,,0,12,,69707,8,,,0,13,,69731,8,,,0,53,,69706,8,,,0,13,,69775,8,,,0,12,,69730,8,,,0,14,,69737,8,,,0,53,,69729,8,,,0,12,,69760,8,,,0,12,,69693,8,,,0,16,,69738,8,,,0,12,,69728,8,,,0,59,,69759,8,,,0,12,,69762,8,,,0,12,,69776,8,,,0,12,,69743,8,,,0,53,,69727,8,,,0,11,,69758,8,,,0,13,,69763,8,,,0,12,,69703,8,,,0,8,,69777,8,,,0,11,,69739,8,,,0,52,,69692,8,,,0,12,,69702,8,,,0,12,,69764,8,,,0,12,,69778,8,,,0,12,,69740,8,,,0,52,,69761,8,,,0,12,,69722,8,,,0,12,,69765,8,,,0,12,,69779,8,,,0,12,,69741,8,,,0,52,,69714,8,,,0,12,,69721,8,,,0,12,,69780,8,,,0,13,,69720,8,,,0,12,,69734,8,,,0,52,,69712,8,,,0,12,,69719,8,,,0,10,,69718,8,,,0,14,,69735,8,,,0,12,,69711,8,,,0,52,,69697,8,,,0,12,,69781,8,,,0,12,,69766,8,,,0,12,,69696,8,,,0,12,,69733,8,,,0,52,,69709,8,,,0,14,,69695,8,,,0,17,,69767,8,,,0,14,,69736,8,,,0,53,,69768,8,,,0,15,,69694,8,,,0,15,,69710,8,,,0,15,,69771,8,,,0,55,,69717,8,,,0,15,,69708,8,,,0,14,,69716,8,,,0,13,,69744,8,,,0,55,,69772,8,,,0,13,,69726,8,,,0,16,,69698,8,,,0,12,,69746,8,,,0,55,,69700,8,,,0,15,,69747,8,,,0,13,,69745,8,,,0,16,,69748,8,,,0,55,,69699,8,,,0,14,,69715,8,,,0,15,,69705,8,,,0,15,,69769,8,,,0,15,,69704,8,,,0,65,,69770,8,,,0,20,,69701,8,,,0,60,,69749,8,,,0,25,,69750,8,,,0,30,,69751,8,,,0
664200,'3_merged_15291796',506,,69790,8,,,0,24,,69789,8,,,0,20,,69788,8,,,0,58,,69804,8,,,0,23,,69803,8,,,0,17,,69802,8,,,0,54,,69805,8,,,0,17,,69801,8,,,0,17,,69799,8,,,0,11,,69861,8,,,0,56,,69851,8,,,0,15,,69800,8,,,0,15,,69843,8,,,0,16,,69798,8,,,0,59,,69797,8,,,0,15,,69808,8,,,0,17,,69796,8,,,0,15,,69807,8,,,0,55,,69812,8,,,0,15,,69852,8,,,0,14,,69806,8,,,0,13,,69795,8,,,0,53,,69794,8,,,0,17,,69853,8,,,0,15,,69825,8,,,0,17,,69793,8,,,0,55,,69792,8,,,0,16,,69854,8,,,0,13,,69823,8,,,0,12,,69818,8,,,0,52,,69811,8,,,0,13,,69817,8,,,0,12,,69855,8,,,0,13,,69810,8,,,0,13,,69835,8,,,0,52,,69809,8,,,0,10,,69834,8,,,0,11,,69856,8,,,0,12,,69787,8,,,0,12,,69833,8,,,0,53,,69822,8,,,0,11,,69832,8,,,0,13,,69857,8,,,0,12,,69819,8,,,0,12,,69831,8,,,0,51,,69850,8,,,0,12,,69830,8,,,0,12,,69858,8,,,0,12,,69862,8,,,0,12,,69829,8,,,0,52,,69849,8,,,0,12,,69816,8,,,0,12,,69859,8,,,0,12,,69863,8,,,0,10,,69815,8,,,0,54,,69846,8,,,0,12,,69814,8,,,0,12,,69837,8,,,0,12,,69864,8,,,0,12,,69848,8,,,0,52,,69813,8,,,0,15,,69847,8,,,0,17,,69828,8,,,0,13,,69844,8,,,0,55,,69827,8,,,0,15,,69845,8,,,0,15,,69826,8,,,0,15,,69821,8,,,0,55,,69791,8,,,0,15,,69785,8,,,0,13,,69838,8,,,0,16,,69839,8,,,0,56,,69783,8,,,0,15,,69860,8,,,0,15,,69784,8,,,0,15,,69786,8,,,0,59,,69782,8,,,0,17,,69824,8,,,0,30,,69842,8,,,0,70,,69841,8,,,0,30,,69840,8,,,0,71,,69820,8,,,0,33,,69836,8,,,0
683500,'1_merged_15291795',2519,,95561,4,,,0,15,,95560,4,,,0,15,,95563,4,,,0,70,,95564,4,,,0,30,,95562,4,,,0,70,,95565,4,,,0,30,,95566,4,,,0,70,,95567,4,,,0
683500,'2_merged_15291797',2523,,95571,4,,,0,15,,95568,4,,,0,15,,95570,4,,,0,68,,95569,4,,,0,30,,95572,4,,,0,70,,95573,4,,,0,30,,95574,4,,,0,70,,95575,4,,,0
683500,'3_merged_15291796',2519,,95578,4,,,0,30,,95577,4,,,0,70,,95576,4,,,0
684001,'1_merged_15291795',2532,,95735,4,,,0,70,,95737,4,,,0,30,,95736,4,,,0,70,,95738,4,,,0,30,,95739,4,,,0,70,,95740,4,,,0,30,,95734,4,,,0
684001,'2_merged_15291797',2532,,95743,4,,,0,75,,95742,4,,,0,25,,95744,4,,,0,70,,95745,4,,,0,30,,95746,4,,,0,70,,95741,4,,,0,30,,95747,4,,,0
684001,'3_merged_15291796',2533,,95750,4,,,0,70,,95749,4,,,0,30,,95748,4,,,0
4559600,'1_merged_15291795',532,,113022,2,,,0,70,,113023,2,,,0,30,,113024,2,,,0,71,,113025,2,,,0,30,,113026,2,,,0,70,,113027,2,,,0,30,,113028,2,,,0,70,,113036,2,,,0,30,,113037,2,,,0,70,,113038,2,,,0,30,,113039,2,,,0,70,,113040,2,,,0,30,,113041,2,,,0,70,,113042,2,,,0,30,,113043,2,,,0,70,,113044,2,,,0,30,,113045,2,,,0,70,,113046,2,,,0,31,,113047,2,,,0,70,,113029,2,,,0,30,,113030,2,,,0,70,,113031,2,,,0,30,,113032,2,,,0,70,,113033,2,,,0,30,,113034,2,,,0,70,,113035,2,,,0
