3004400,'1_merged_15524980',2216,,162873,36,4,,0,100,,162874,36,4,,0,98,,162875,36,4,,0
3004400,'2_merged_15524982',809,,162904,26,4,,0,30,,162906,26,4,,0,72,,162903,26,4,,0,30,,162907,26,4,,0,70,,162902,26,4,,0,30,,162908,26,4,,0,70,,162901,26,4,,0,30,,162909,26,4,,0,70,,162898,26,4,,0,30,,162910,26,4,,0,70,,162900,26,4,,0,30,,162911,26,4,,0,70,,162899,26,4,,0,30,,162912,26,4,,0,70,,162897,26,4,,0,31,,162913,26,4,,0,69,,162896,26,4,,0,30,,162914,26,4,,0,71,,162905,26,4,,0,29,,162915,26,4,,0,70,,162895,26,4,,0,30,,162916,26,4,,0,70,,162894,26,4,,0,30,,162917,26,4,,0,75,,162893,26,4,,0,102,,162892,26,4,,0,99,,162891,26,4,,0,101,,162890,36,4,,0,97,,162889,36,4,,0
3004400,'3_merged_15524981',912,,162932,26,4,,0,30,,162934,26,4,,0,70,,162931,26,4,,0,29,,162935,26,4,,0,70,,162930,26,4,,0,30,,162936,26,4,,0,70,,162929,26,4,,0,30,,162937,26,4,,0,70,,162928,26,4,,0,30,,162938,26,4,,0,71,,162927,26,4,,0,29,,162939,26,4,,0,73,,162926,26,4,,0,28,,162940,26,4,,0,71,,162933,26,4,,0,28,,162941,26,4,,0,70,,162925,26,4,,0,30,,162942,26,4,,0,70,,162924,26,4,,0,30,,162943,26,4,,0,70,,162923,26,4,,0,30,,162944,26,4,,0,75,,162922,26,4,,0,102,,162921,26,4,,0,98,,162920,26,4,,0,97,,162919,36,4,,0,100,,162918,36,4,,0
3004401,'1_merged_15524980',2216,,162971,1,,,0,100,,162972,1,,,0
3004401,'2_merged_15524982',809,,162988,1,,,0,30,,162989,1,,,0,72,,162987,1,,,0,30,,162990,1,,,0,70,,162986,1,,,0,30,,162991,1,,,0,70,,162985,1,,,0,30,,162992,1,,,0,70,,162993,1,,,0,30,,162984,1,,,0,70,,162983,1,,,0,30,,162994,1,,,0,70,,162982,1,,,0,30,,162995,1,,,0,70,,162981,1,,,0,31,,162996,1,,,0,69,,162980,1,,,0,30,,162997,1,,,0,71,,162979,1,,,0,29,,162998,1,,,0,70,,162973,1,,,0,30,,162978,1,,,0,70,,162999,1,,,0,30,,163000,1,,,0,75,,162977,1,,,0,102,,162976,1,,,0,99,,162975,1,,,0,101,,162974,1,,,0
3004401,'3_merged_15524981',912,,163017,1,,,0,30,,163014,1,,,0,70,,163018,1,,,0,29,,163013,1,,,0,70,,163019,1,,,0,30,,163012,1,,,0,70,,163020,1,,,0,30,,163011,1,,,0,70,,163021,1,,,0,30,,163010,1,,,0,71,,163022,1,,,0,29,,163009,1,,,0,73,,163023,1,,,0,28,,163008,1,,,0,71,,163024,1,,,0,28,,163007,1,,,0,70,,163025,1,,,0,30,,163006,1,,,0,70,,163026,1,,,0,30,,163005,1,,,0,70,,163027,1,,,0,30,,163004,1,,,0,75,,163016,1,,,0,102,,163003,1,,,0,108,,163028,1,,,0,87,,163002,1,,,0
3004500,'1_merged_15524980',629,,163053,37,4,,0,72,,163054,37,4,,0,25,,163055,37,4,,0,74,,163057,37,4,,0,23,,163029,37,4,,0,32,,163030,37,4,,0,69,,163031,37,4,,0,25,,163032,37,4,,0,75,,163047,37,4,,0,29,,163033,37,4,,0,70,,163048,37,4,,0,31,,163034,37,4,,0,70,,163049,37,4,,0,33,,163035,40,4,,0,70,,163050,40,4,,0,31,,163036,40,4,,0,70,,163051,40,4,,0,27,,163037,40,4,,0,70,,163052,40,4,,0,30,,163038,40,4,,0,66,,163039,40,4,,0,81,,163040,40,4,,0,30,,163041,40,4,,0,70,,163045,40,4,,0,37,,163046,40,4,,0,17,,163056,40,4,,0,72,,163042,40,4,,0,78,,163043,40,4,,0,100,,163044,40,4,,0
3004500,'2_merged_15524982',846,,163070,37,4,,0,70,,163071,37,4,,0,30,,163069,37,4,,0,70,,163072,37,4,,0,31,,163068,37,4,,0,70,,163073,37,4,,0,30,,163067,37,4,,0,70,,163074,37,4,,0,29,,163066,40,4,,0,77,,163075,40,4,,0,32,,163065,40,4,,0,71,,163076,40,4,,0,29,,163064,40,4,,0,70,,163077,40,4,,0,30,,163063,40,4,,0,70,,163078,40,4,,0,30,,163062,40,4,,0,70,,163079,40,4,,0,31,,163061,40,4,,0,68,,163080,40,4,,0,30,,163060,40,4,,0,65,,163081,40,4,,0,35,,163059,40,4,,0,70,,163082,40,4,,0,30,,163058,40,4,,0
3004500,'3_merged_15524981',846,,163095,37,4,,0,70,,163096,37,4,,0,30,,163094,37,4,,0,72,,163097,37,4,,0,30,,163093,37,4,,0,70,,163098,37,4,,0,30,,163092,37,4,,0,70,,163099,37,4,,0,33,,163091,40,4,,0,73,,163100,40,4,,0,32,,163090,40,4,,0,69,,163101,40,4,,0,31,,163089,40,4,,0,70,,163102,40,4,,0,30,,163088,40,4,,0,69,,163103,40,4,,0,30,,163087,40,4,,0,70,,163104,40,4,,0,30,,163086,40,4,,0,70,,163105,40,4,,0,28,,163085,40,4,,0,69,,163106,40,4,,0,30,,163084,40,4,,0,70,,163107,40,4,,0,30,,163083,40,4,,0
3004501,'1_merged_15524980',530,,163124,1,,,0,29,,163125,1,,,0,70,,163126,1,,,0,72,,163127,1,,,0,25,,163128,1,,,0,74,,163138,1,,,0,23,,163129,1,,,0,32,,163130,1,,,0,69,,163131,1,,,0,25,,163132,1,,,0,75,,163118,1,,,0,29,,163133,1,,,0,70,,163119,1,,,0,31,,163134,1,,,0,70,,163120,1,,,0,33,,163135,1,,,0,70,,163121,1,,,0,31,,163136,1,,,0,70,,163122,1,,,0,27,,163137,1,,,0,70,,163123,1,,,0,30,,163108,1,,,0,66,,163109,1,,,0,81,,163110,1,,,0,30,,163111,1,,,0,70,,163112,1,,,0,37,,163113,1,,,0,17,,163117,1,,,0,72,,163114,1,,,0,78,,163115,1,,,0,100,,163116,1,,,0
3004501,'2_merged_15524982',846,,163151,1,,,0,70,,163152,1,,,0,30,,163150,1,,,0,70,,163153,1,,,0,31,,163149,1,,,0,70,,163154,1,,,0,30,,163148,1,,,0,70,,163155,1,,,0,29,,163147,1,,,0,77,,163163,1,,,0,32,,163146,1,,,0,71,,163156,1,,,0,29,,163145,1,,,0,70,,163157,1,,,0,30,,163144,1,,,0,70,,163158,1,,,0,30,,163143,1,,,0,70,,163159,1,,,0,31,,163142,1,,,0,68,,163160,1,,,0,30,,163141,1,,,0,65,,163161,1,,,0,35,,163140,1,,,0,70,,163162,1,,,0,30,,163139,1,,,0
3004501,'3_merged_15524981',846,,163176,1,,,0,70,,163177,1,,,0,30,,163175,1,,,0,72,,163178,1,,,0,30,,163174,1,,,0,70,,163179,1,,,0,30,,163173,1,,,0,70,,163180,1,,,0,33,,163172,1,,,0,73,,163181,1,,,0,32,,163171,1,,,0,69,,163182,1,,,0,31,,163170,1,,,0,70,,163183,1,,,0,30,,163169,1,,,0,69,,163184,1,,,0,30,,163168,1,,,0,70,,163185,1,,,0,30,,163167,1,,,0,70,,163186,1,,,0,28,,163166,1,,,0,69,,163187,1,,,0,30,,163165,1,,,0,70,,163188,1,,,0,30,,163164,1,,,0
