662201,'101_merged_15529707',1613,,121603,26,,,0
662201,'152201_merged_15529704',2051,,121604,26,,,0,56,,121605,26,,,0,18,,121606,26,,,0,20,,121607,26,,,0,60,,121608,26,,,0,21,,121609,26,,,0,19,,121610,26,,,0,62,,121611,26,,,0,20,,121612,26,,,0,23,,121613,26,,,0,72,,121614,26,,,0,30,,121615,26,,,0,70,,121616,26,,,0
662201,'152301_merged_15529706',2051,,121617,26,,,0,56,,121618,26,,,0,18,,121619,26,,,0,20,,121620,26,,,0,60,,121621,26,,,0,21,,121622,26,,,0,19,,121623,26,,,0,62,,121624,26,,,0,20,,121625,26,,,0,23,,121626,26,,,0,72,,121627,26,,,0,30,,121628,26,,,0,70,,121629,26,,,0
662201,'1_merged_15529700',527,,121631,31,,,0,17,,121632,31,,,0,57,,121633,31,,,0,19,,121634,31,,,0,12,,121635,26,,,0,13,,121636,31,,,0,12,,121637,26,,,0,52,,121638,26,,,0,12,,121639,26,,,0,12,,121640,26,,,0,12,,121641,31,,,0,12,,121642,26,,,0,54,,121643,26,,,0,12,,121644,26,,,0,12,,121645,26,,,0,10,,121646,26,,,0,10,,121647,26,,,0,50,,121648,26,,,0,10,,121649,26,,,0,11,,121650,26,,,0,10,,121707,26,,,0,10,,121651,26,,,0,12,,121652,26,,,0,52,,121653,26,,,0,11,,121654,26,,,0,12,,121709,26,,,0,12,,121655,26,,,0,12,,121656,26,,,0,52,,121657,26,,,0,12,,121658,26,,,0,12,,121710,26,,,0,12,,121659,26,,,0,12,,121660,26,,,0,52,,121661,26,,,0,13,,121662,26,,,0,12,,121711,26,,,0,12,,121663,26,,,0,12,,121664,26,,,0,52,,121665,26,,,0,12,,121666,26,,,0,12,,121712,26,,,0,12,,121667,26,,,0,12,,121668,26,,,0,52,,121669,26,,,0,12,,121670,26,,,0,12,,121671,26,,,0,13,,121672,26,,,0,12,,121673,26,,,0,52,,121674,26,,,0,12,,121675,26,,,0,11,,121676,26,,,0,8,,121677,26,,,0,8,,121678,26,,,0,8,,121679,26,,,0,47,,121680,26,,,0,15,,121681,26,,,0,8,,121682,26,,,0,7,,121683,26,,,0,8,,121684,26,,,0,7,,121685,26,,,0,8,,121686,26,,,0,46,,121687,26,,,0,8,,121708,26,,,0,7,,121688,26,,,0,8,,121689,26,,,0,8,,121690,26,,,0,8,,121691,26,,,0,8,,121692,26,,,0,8,,121693,26,,,0,48,,121694,26,,,0,9,,121695,26,,,0,10,,121696,26,,,0,10,,121697,26,,,0,10,,121698,26,,,0,12,,121699,26,,,0,52,,121700,26,,,0,13,,121701,26,,,0,15,,121702,26,,,0,15,,121703,26,,,0,55,,121704,26,,,0,15,,121705,26,,,0,15,,121706,26,,,0
662201,'201',1613,,121713,26,,,0
662201,'2_merged_15529702',530,,121775,31,,,0,20,,121723,31,,,0,60,,121785,31,,,0,20,,121783,26,,,0,19,,121719,31,,,0,56,,121716,26,,,0,15,,121778,31,,,0,17,,121724,26,,,0,15,,121782,26,,,0,55,,121721,31,,,0,16,,121714,26,,,0,15,,121779,26,,,0,15,,121777,26,,,0,55,,121792,26,,,0,15,,121720,26,,,0,15,,121788,26,,,0,19,,121715,26,,,0,55,,121725,26,,,0,13,,121732,26,,,0,12,,121798,26,,,0,12,,121733,26,,,0,52,,121734,26,,,0,12,,121735,26,,,0,12,,121744,26,,,0,12,,121799,26,,,0,11,,121737,26,,,0,52,,121781,26,,,0,12,,121738,26,,,0,12,,121739,26,,,0,12,,121800,26,,,0,12,,121740,26,,,0,52,,121741,26,,,0,12,,121742,26,,,0,12,,121743,26,,,0,12,,121745,26,,,0,12,,121746,26,,,0,52,,121747,26,,,0,11,,121748,26,,,0,10,,121749,26,,,0,9,,121750,26,,,0,9,,121751,26,,,0,9,,121793,26,,,0,10,,121752,26,,,0,50,,121753,26,,,0,10,,121754,26,,,0,10,,121755,26,,,0,10,,121756,26,,,0,11,,121796,26,,,0,10,,121757,26,,,0,50,,121758,26,,,0,10,,121759,26,,,0,10,,121760,26,,,0,10,,121761,26,,,0,10,,121794,26,,,0,10,,121762,26,,,0,50,,121763,26,,,0,10,,121764,26,,,0,10,,121765,26,,,0,11,,121766,26,,,0,10,,121795,26,,,0,50,,121767,26,,,0,10,,121768,26,,,0,11,,121769,26,,,0,10,,121770,26,,,0,10,,121771,26,,,0,9,,121772,26,,,0,52,,121797,26,,,0,12,,121773,26,,,0,11,,121726,26,,,0,16,,121727,26,,,0,15,,121736,26,,,0,56,,121728,26,,,0,14,,121729,26,,,0,14,,121730,26,,,0,15,,121731,26,,,0,55,,121791,26,,,0,17,,121722,26,,,0,20,,121718,26,,,0,60,,121776,26,,,0,20,,121786,26,,,0,21,,121790,26,,,0,62,,121774,26,,,0,20,,121787,26,,,0,23,,121717,26,,,0,70,,121780,26,,,0,30,,121784,26,,,0,70,,121789,26,,,0
662201,'3_merged_15529701',619,,121801,31,,,0,21,,121802,31,,,0,19,,121803,31,,,0,61,,121804,31,,,0,20,,121805,31,,,0,62,,121806,31,,,0,19,,121807,26,,,0,16,,121808,31,,,0,15,,121809,26,,,0,55,,121810,26,,,0,16,,121811,26,,,0,15,,121812,26,,,0,15,,121813,26,,,0,55,,121814,26,,,0,15,,121815,26,,,0,15,,121816,26,,,0,15,,121817,26,,,0,53,,121818,26,,,0,13,,121819,26,,,0,12,,121820,26,,,0,12,,121821,26,,,0,12,,121822,26,,,0,52,,121823,26,,,0,14,,121824,26,,,0,12,,121825,26,,,0,12,,121826,26,,,0,12,,121827,26,,,0,52,,121828,26,,,0,12,,121829,26,,,0,12,,121830,26,,,0,12,,121831,26,,,0,10,,121832,26,,,0,52,,121833,26,,,0,12,,121834,26,,,0,12,,121835,26,,,0,12,,121836,26,,,0,12,,121837,26,,,0,52,,121838,26,,,0,12,,121839,26,,,0,12,,121840,26,,,0,12,,121841,26,,,0,12,,121842,26,,,0,52,,121843,26,,,0,12,,121844,26,,,0,12,,121845,26,,,0,12,,121846,26,,,0,12,,121847,26,,,0,53,,121848,26,,,0,14,,121849,26,,,0,14,,121850,26,,,0,14,,121851,26,,,0,55,,121852,26,,,0,15,,121853,26,,,0,15,,121854,26,,,0,15,,121855,26,,,0,55,,121856,26,,,0,14,,121857,26,,,0,15,,121858,26,,,0,15,,121859,26,,,0,57,,121860,26,,,0,20,,121861,26,,,0,20,,121862,26,,,0,60,,121863,26,,,0,19,,121864,26,,,0,20,,121865,26,,,0,60,,121866,26,,,0,20,,121867,26,,,0,20,,121868,26,,,0,60,,121869,26,,,0,19,,121870,26,,,0,27,,121871,26,,,0,72,,121872,26,,,0,30,,121873,26,,,0,70,,121874,31,,,0
683801,'1_merged_15529700',2522,,155524,34,,,0,29,,155520,34,,,0,70,,155519,34,,,0,30,,155518,34,,,0,73,,155521,34,,,0,27,,155522,34,,,0,69,,155523,34,,,0,80,,155516,34,,,0,30,,155517,34,,,0
683801,'2_merged_15529702',2552,,155526,34,,,0,77,,155528,34,,,0,21,,155527,34,,,0,60,,155529,34,,,0,23,,155530,34,,,0,20,,155531,34,,,0,60,,155532,34,,,0,27,,155533,34,,,0,70,,155534,34,,,0,29,,155525,34,,,0
683801,'3_merged_15529701',2549,,155536,34,,,0,70,,155535,34,,,0,31,,155537,34,,,0,79,,155538,34,,,0,17,,155539,34,,,0,74,,155540,34,,,0,30,,155541,34,,,0,80,,155542,34,,,0
1671801,'1_merged_15529700',542,,158690,9,,,0,14,,158691,9,,,0,53,,158692,9,,,0,13,,158716,9,,,0,13,,158693,9,,,0,13,,158694,9,,,0,53,,158695,9,,,0,15,,158696,9,,,0,15,,158712,9,,,0,14,,158697,9,,,0,55,,158698,9,,,0,15,,158699,9,,,0,15,,158700,9,,,0,15,,158701,9,,,0,14,,158702,9,,,0,54,,158703,9,,,0,14,,158704,9,,,0,15,,158705,9,,,0,14,,158706,9,,,0,55,,158707,9,,,0,15,,158708,9,,,0,15,,158683,9,,,0,15,,158684,9,,,0,55,,158685,9,,,0,15,,158686,9,,,0,15,,158687,9,,,0,15,,158688,9,,,0,55,,158689,9,,,0,15,,158650,9,,,0,16,,158651,9,,,0,15,,158652,9,,,0,56,,158653,9,,,0,15,,158654,9,,,0,15,,158655,9,,,0,15,,158656,9,,,0,55,,158657,9,,,0,15,,158658,9,,,0,15,,158659,9,,,0,15,,158660,9,,,0,53,,158661,9,,,0,12,,158662,9,,,0,12,,158663,9,,,0,11,,158664,9,,,0,10,,158665,9,,,0,50,,158666,9,,,0,10,,158667,9,,,0,11,,158668,9,,,0,12,,158669,9,,,0,12,,158670,9,,,0,52,,158671,9,,,0,12,,158672,9,,,0,12,,158673,9,,,0,12,,158674,9,,,0,12,,158675,9,,,0,54,,158676,9,,,0,15,,158677,9,,,0,15,,158678,9,,,0,15,,158679,9,,,0,55,,158680,9,,,0
1671801,'291101',1833,,158717,9,0,10,0,15,,158718,9,0,10,0,10,,158719,9,0,10,0,60,,158720,9,0,10,0,15,,158721,9,0,10,0,15,,158722,9,0,10,0,55,,158723,9,0,10,0,15,,158724,9,0,10,0,15,,158725,9,0,10,0,15,,158726,9,0,10,0,55,,158727,9,0,10,0,15,,158728,9,0,10,0,15,,158729,9,0,10,0,15,,158730,9,0,10,0,55,,158731,9,0,10,0,15,,158732,9,0,10,0,15,,158733,9,0,10,0,15,,158734,9,0,10,0,55,,158735,9,0,10,0,15,,158736,9,0,10,0,15,,158737,9,0,10,0,15,,158738,9,0,10,0,55,,158739,9,0,10,0
1671801,'291102',1833,,158740,9,0,10,0,11,,158741,9,0,10,0,13,,158742,9,0,10,0,61,,158743,9,0,10,0,15,,158744,9,0,10,0,15,,158745,9,0,10,0,55,,158746,9,0,10,0,15,,158747,9,0,10,0,15,,158748,9,0,10,0,15,,158749,9,0,10,0,55,,158750,9,0,10,0,15,,158751,9,0,10,0,15,,158752,9,0,10,0,15,,158753,9,0,10,0,55,,158754,9,0,10,0,15,,158755,9,0,10,0,15,,158756,9,0,10,0,15,,158757,9,0,10,0,55,,158758,9,0,10,0,15,,158759,9,0,10,0,15,,158760,9,0,10,0,15,,158761,9,0,10,0,55,,158762,9,0,10,0
1671801,'291103',1835,,158763,9,0,10,0,15,,158764,9,0,10,0,53,,158765,9,0,10,0,15,,158766,9,0,10,0,15,,158767,9,0,10,0,15,,158768,9,0,10,0,55,,158769,9,0,10,0,15,,158770,9,0,10,0,15,,158771,9,0,10,0,15,,158772,9,0,10,0,55,,158773,9,0,10,0,15,,158774,9,0,10,0,15,,158775,9,0,10,0,15,,158776,9,0,10,0,55,,158777,9,0,10,0,15,,158778,9,0,10,0,15,,158779,9,0,10,0,15,,158780,9,0,10,0,55,,158781,9,0,10,0,15,,158782,9,0,10,0,15,,158783,9,0,10,0,15,,158784,9,0,10,0,55,,158785,9,0,10,0
1671801,'2_merged_15529702',541,,158834,9,,,0,18,,158835,9,,,0,55,,158847,9,,,0,14,,158848,9,,,0,15,,158849,9,,,0,15,,158850,9,,,0,54,,158851,9,,,0,15,,158852,9,,,0,15,,158853,9,,,0,15,,158803,9,,,0,56,,158854,9,,,0,15,,158855,9,,,0,16,,158856,9,,,0,56,,158857,9,,,0,15,,158858,9,,,0,15,,158859,9,,,0,16,,158860,9,,,0,55,,158861,9,,,0,16,,158862,9,,,0,12,,158846,9,,,0,12,,158797,9,,,0,12,,158798,9,,,0,52,,158799,9,,,0,12,,158800,9,,,0,11,,158796,9,,,0,12,,158801,9,,,0,12,,158802,9,,,0,52,,158804,9,,,0,12,,158805,9,,,0,12,,158828,9,,,0,10,,158806,9,,,0,10,,158807,9,,,0,10,,158808,9,,,0,50,,158809,9,,,0,10,,158810,9,,,0,10,,158829,9,,,0,10,,158820,9,,,0,10,,158821,9,,,0,10,,158822,9,,,0,50,,158823,9,,,0,10,,158824,9,,,0,10,,158830,9,,,0,10,,158825,9,,,0,10,,158826,9,,,0,10,,158827,9,,,0,50,,158811,9,,,0,10,,158793,9,,,0,10,,158831,9,,,0,10,,158812,9,,,0,10,,158813,9,,,0,10,,158814,9,,,0,50,,158815,9,,,0,10,,158816,9,,,0,10,,158832,9,,,0,10,,158817,9,,,0,10,,158818,9,,,0,10,,158819,9,,,0,50,,158836,9,,,0,10,,158837,9,,,0,10,,158833,9,,,0,12,,158838,9,,,0,12,,158839,9,,,0,52,,158840,9,,,0,12,,158841,9,,,0,12,,158842,9,,,0,12,,158843,9,,,0,13,,158844,9,,,0,53,,158845,9,,,0
1671801,'3_merged_15529701',614,,158944,9,,,0,22,,158945,9,,,0,22,,158946,9,,,0,62,,158947,9,,,0,16,,158957,9,,,0,15,,158948,9,,,0,56,,158949,9,,,0,16,,158950,9,,,0,15,,158951,9,,,0,15,,158952,9,,,0,54,,158953,9,,,0,15,,158954,9,,,0,15,,158955,9,,,0,15,,158956,9,,,0,55,,158879,9,,,0,15,,158881,9,,,0,15,,158882,9,,,0,15,,158883,9,,,0,55,,158884,9,,,0,15,,158885,9,,,0,15,,158935,9,,,0,15,,158886,9,,,0,55,,158887,9,,,0,13,,158888,9,,,0,12,,158936,9,,,0,12,,158889,9,,,0,11,,158893,9,,,0,51,,158894,9,,,0,12,,158895,9,,,0,12,,158937,9,,,0,12,,158896,9,,,0,12,,158897,9,,,0,52,,158898,9,,,0,12,,158899,9,,,0,12,,158938,9,,,0,12,,158900,9,,,0,12,,158880,9,,,0,52,,158901,9,,,0,12,,158902,9,,,0,12,,158939,9,,,0,12,,158903,9,,,0,12,,158904,9,,,0,52,,158905,9,,,0,12,,158906,9,,,0,13,,158940,9,,,0,12,,158907,9,,,0,13,,158908,9,,,0,52,,158909,9,,,0,12,,158910,9,,,0,13,,158941,9,,,0,13,,158911,9,,,0,13,,158942,9,,,0,55,,158912,9,,,0,15,,158913,9,,,0,15,,158914,9,,,0,15,,158915,9,,,0
