677600,'1_merged_15291795',614,,91400,18,4,,0,30,,91410,18,4,,0,68,,91402,18,4,,0,30,,91404,18,4,,0,71,,91407,18,4,,0,29,,91406,18,4,,0,98,,91412,18,4,,0,104,,91413,18,4,,0,98,,91419,18,4,,0,100,,91408,18,4,,0,100,,91416,18,4,,0,100,,91417,18,4,,0,72,,91418,18,4,,0,30,,91405,18,4,,0,70,,91421,18,4,,0,29,,91399,18,4,,0,71,,91401,18,4,,0,30,,91415,18,4,,0,70,,91414,18,4,,0,28,,91420,18,4,,0,99,,91403,18,4,,0,100,,91411,18,4,,0,98,,91409,18,4,,0
677600,'2_merged_15291797',740,,91422,18,4,,0,102,,91430,18,4,,0,100,,91423,18,4,,0,100,,91424,18,4,,0,102,,91425,18,4,,0,100,,91429,18,4,,0,100,,91426,18,4,,0,100,,91431,18,4,,0,102,,91427,18,4,,0,101,,91428,18,4,,0,101,,91432,18,4,,0,97,,91434,18,4,,0,96,,91436,18,4,,0,99,,91433,18,4,,0,100,,91435,18,4,,0
677600,'3_merged_15291796',843,,91446,18,4,,0,100,,91445,18,4,,0,100,,91447,18,4,,0,100,,91450,18,4,,0,101,,91437,18,4,,0,100,,91448,18,4,,0,99,,91438,18,4,,0,101,,91440,18,4,,0,100,,91439,18,4,,0,101,,91443,18,4,,0,98,,91441,18,4,,0,100,,91442,18,4,,0,100,,91449,18,4,,0,100,,91444,18,4,,0
677601,'1_merged_15291795',634,,91456,1,,,0,72,,91461,1,,,0,28,,91462,1,,,0,71,,91463,1,,,0,31,,91464,1,,,0,70,,91465,1,,,0,98,,91458,1,,,0,104,,91472,1,,,0,98,,91468,1,,,0,100,,91469,1,,,0,100,,91471,1,,,0,100,,91470,1,,,0,33,,91451,1,,,0,70,,91466,1,,,0,30,,91452,1,,,0,67,,91459,1,,,0,31,,91454,1,,,0,70,,91473,1,,,0,29,,91457,1,,,0,67,,91467,1,,,0,98,,91453,1,,,0,101,,91460,1,,,0,57,,91455,1,,,0
677601,'2_merged_15291797',759,,91487,1,,,0,143,,91476,1,,,0,100,,91488,1,,,0,102,,91474,1,,,0,102,,91479,1,,,0,101,,91478,1,,,0,100,,91481,1,,,0,103,,91475,1,,,0,102,,91483,1,,,0,101,,91482,1,,,0,100,,91477,1,,,0,97,,91485,1,,,0,93,,91486,1,,,0,99,,91480,1,,,0,98,,91484,1,,,0
677601,'3_merged_15291796',903,,91497,1,,,0,100,,91493,1,,,0,101,,91498,1,,,0,101,,91499,1,,,0,102,,91501,1,,,0,99,,91500,1,,,0,99,,91502,1,,,0,102,,91491,1,,,0,100,,91490,1,,,0,99,,91489,1,,,0,98,,91492,1,,,0,99,,91494,1,,,0,100,,91495,1,,,0,100,,91496,1,,,0
732200,'1_merged_15291795',614,,96295,1,,,0,30,,96294,1,,,0,68,,96293,1,,,0,30,,96296,1,,,0,71,,96297,1,,,0,29,,96298,1,,,0,98,,96299,1,,,0,104,,96300,1,,,0,98,,96301,1,,,0,100,,96305,1,,,0,100,,96306,1,,,0,100,,96307,1,,,0,72,,96308,1,,,0,30,,96309,1,,,0,70,,96310,1,,,0,29,,96315,1,,,0,71,,96311,1,,,0,30,,96312,1,,,0,70,,96313,1,,,0,28,,96314,1,,,0,99,,96302,1,,,0,100,,96303,1,,,0,98,,96304,1,,,0
732200,'2_merged_15291797',740,,96329,1,,,0,102,,96330,1,,,0,100,,96317,1,,,0,100,,96318,1,,,0,102,,96319,1,,,0,100,,96316,1,,,0,100,,96321,1,,,0,100,,96322,1,,,0,102,,96323,1,,,0,101,,96324,1,,,0,101,,96325,1,,,0,97,,96326,1,,,0,96,,96327,1,,,0,99,,96328,1,,,0,100,,96320,1,,,0
732200,'3_merged_15291796',843,,96333,1,,,0,100,,96334,1,,,0,100,,96335,1,,,0,100,,96336,1,,,0,101,,96337,1,,,0,100,,96338,1,,,0,99,,96339,1,,,0,101,,96340,1,,,0,100,,96341,1,,,0,101,,96342,1,,,0,98,,96343,1,,,0,100,,96344,1,,,0,100,,96331,1,,,0,100,,96332,1,,,0
732201,'1_merged_15291795',634,,96361,14,4,,0,72,,96362,14,4,,0,28,,96363,14,4,,0,71,,96364,14,4,,0,31,,96365,14,4,,0,70,,96366,14,4,,0,98,,96356,14,4,,0,104,,96357,14,4,,0,98,,96358,14,4,,0,100,,96359,14,4,,0,100,,96360,14,4,,0,100,,96354,14,4,,0,33,,96367,14,4,,0,70,,96345,14,4,,0,30,,96346,14,4,,0,67,,96347,14,4,,0,31,,96348,14,4,,0,70,,96349,14,4,,0,29,,96350,14,4,,0,67,,96351,14,4,,0,98,,96352,14,4,,0,101,,96353,14,4,,0,57,,96355,14,4,,0
732201,'2_merged_15291797',759,,96369,14,4,,0,143,,96370,14,4,,0,100,,96371,14,4,,0,102,,96372,14,4,,0,102,,96373,14,4,,0,101,,96374,14,4,,0,100,,96375,14,4,,0,103,,96376,14,4,,0,102,,96377,14,4,,0,101,,96378,14,4,,0,100,,96379,14,4,,0,97,,96380,14,4,,0,93,,96381,14,4,,0,99,,96368,14,4,,0,98,,96382,14,4,,0
732201,'3_merged_15291796',903,,96390,14,4,,0,100,,96385,14,4,,0,101,,96386,14,4,,0,101,,96387,14,4,,0,102,,96388,14,4,,0,99,,96389,14,4,,0,99,,96383,14,4,,0,102,,96391,14,4,,0,100,,96392,14,4,,0,99,,96393,14,4,,0,98,,96394,14,4,,0,99,,96395,14,4,,0,100,,96396,14,4,,0,100,,96384,14,4,,0
