2263801,'101_merged_15288070',1551,,99966,26,,,0,63,,99965,26,,,0
2263801,'1_merged_15288063',445,,99985,26,,,0,71,,99986,26,,,0,22,,99987,26,,,0,14,,99988,26,,,0,54,,99989,26,,,0,15,,99990,26,,,0,12,,99991,26,,,0,14,,99992,26,,,0,54,,99993,26,,,0,18,,99994,26,,,0,7,,99995,26,,,0,21,,99996,26,,,0,12,,99997,26,,,0,57,,99998,26,,,0,12,,99999,26,,,0,24,,100000,26,,,0,70,,100001,26,,,0,31,,100002,26,,,0,68,,100003,26,,,0,30,,100004,26,,,0,70,,100005,26,,,0,30,,100006,26,,,0,70,,100007,26,,,0,31,,100008,26,,,0,70,,100009,26,,,0,31,,100010,26,,,0,70,,100011,26,,,0,20,,100023,26,,,0,63,,100012,26,,,0,20,,100013,26,,,0,20,,100014,26,,,0,80,,100015,26,,,0,15,,100016,26,,,0,16,,100017,26,,,0,55,,100018,26,,,0,12,,100019,26,,,0,13,,100020,26,,,0,15,,99967,26,,,0,59,,99976,26,,,0,21,,99974,26,,,0,19,,99975,26,,,0,70,,100022,26,,,0,19,,99969,26,,,0,15,,100021,26,,,0,67,,99984,26,,,0,22,,99968,26,,,0,69,,99977,26,,,0,28,,99978,26,,,0,70,,99979,26,,,0,29,,99970,26,,,0,70,,99982,26,,,0,20,,99983,26,,,0,29,,99971,26,,,0,69,,99981,26,,,0,29,,99972,26,,,0,70,,99980,26,,,0,30,,99973,26,,,0
2263801,'2_merged_15288065',550,,100024,26,,,0,71,,100025,26,,,0,31,,100026,26,,,0,70,,100027,26,,,0,31,,100028,26,,,0,70,,100029,26,,,0,30,,100030,26,,,0,73,,100031,26,,,0,30,,100032,26,,,0,70,,100033,26,,,0,30,,100034,26,,,0,71,,100035,26,,,0,73,,100036,26,,,0,30,,100037,26,,,0,29,,100038,26,,,0,70,,100039,26,,,0,30,,100040,26,,,0,69,,100041,26,,,0,30,,100042,26,,,0,70,,100043,26,,,0,30,,100044,26,,,0,70,,100045,26,,,0,30,,100046,26,,,0,70,,100047,26,,,0,29,,100048,26,,,0,69,,100049,26,,,0,30,,100050,26,,,0,69,,100051,26,,,0,30,,100052,26,,,0,64,,100053,26,,,0,30,,100054,26,,,0,70,,100055,26,,,0,30,,100056,26,,,0,68,,100057,26,,,0,30,,100058,26,,,0,68,,100059,26,,,0,30,,100060,26,,,0,69,,100061,26,,,0,30,,100062,26,,,0,76,,100063,26,,,0
2263801,'3_merged_15288064',701,,100069,26,,,0,30,,100070,26,,,0,71,,100068,26,,,0,30,,100074,26,,,0,71,,100075,26,,,0,31,,100076,26,,,0,70,,100080,26,,,0,30,,100081,26,,,0,70,,100082,26,,,0,32,,100083,26,,,0,71,,100064,26,,,0,30,,100065,26,,,0,70,,100066,26,,,0,30,,100084,26,,,0,70,,100085,26,,,0,30,,100086,26,,,0,69,,100087,26,,,0,30,,100088,26,,,0,70,,100089,26,,,0,30,,100090,26,,,0,70,,100091,26,,,0,30,,100092,26,,,0,69,,100071,26,,,0,28,,100094,26,,,0,70,,100095,26,,,0,30,,100096,26,,,0,70,,100097,26,,,0,30,,100098,26,,,0,69,,100099,26,,,0,29,,100100,26,,,0,75,,100067,26,,,0,28,,100072,26,,,0,70,,100073,26,,,0,29,,100077,26,,,0,70,,100078,26,,,0,29,,100079,26,,,0,70,,100093,26,,,0
3004001,'101_merged_15288070',741,,102125,13,,,0
3004001,'1_merged_15288063',517,,102138,13,,,0,21,,102153,13,,,0,9,,102139,13,,,0,61,,102152,13,,,0,10,,102140,13,,,0,19,,102151,13,,,0,9,,102141,13,,,0,58,,102150,13,,,0,11,,102155,13,,,0,30,,102156,13,,,0,61,,102142,13,,,0,20,,102157,13,,,0,81,,102158,13,,,0,30,,102159,13,,,0,70,,102160,13,,,0,30,,102161,13,,,0,68,,102162,13,,,0,32,,102163,13,,,0,71,,102164,13,,,0,30,,102165,13,,,0,70,,102148,13,,,0,28,,102149,13,,,0,73,,102166,13,,,0,33,,102167,13,,,0,69,,102154,13,,,0,28,,102168,13,,,0,69,,102169,13,,,0,32,,102170,13,,,0,18,,102126,13,,,0,50,,102147,13,,,0,17,,102127,13,,,0,12,,102146,13,,,0,21,,102128,13,,,0,49,,102145,13,,,0,29,,102129,13,,,0,9,,102144,13,,,0,12,,102130,13,,,0,64,,102131,13,,,0,12,,102143,13,,,0,18,,102132,13,,,0,94,,102133,13,,,0,104,,102134,13,,,0,101,,102135,13,,,0,100,,102136,13,,,0,100,,102137,13,,,0
3004001,'2_merged_15288065',706,,102178,13,,,0,30,,102196,13,,,0,70,,102179,13,,,0,31,,102197,13,,,0,70,,102180,13,,,0,31,,102200,13,,,0,69,,102181,13,,,0,30,,102171,13,,,0,72,,102182,13,,,0,28,,102172,13,,,0,70,,102183,13,,,0,30,,102173,13,,,0,70,,102184,13,,,0,30,,102174,13,,,0,70,,102185,13,,,0,30,,102198,13,,,0,70,,102186,13,,,0,30,,102199,13,,,0,70,,102187,13,,,0,30,,102175,13,,,0,70,,102188,13,,,0,30,,102176,13,,,0,70,,102189,13,,,0,30,,102177,13,,,0,70,,102190,13,,,0,46,,102191,13,,,0,99,,102192,13,,,0,100,,102193,13,,,0,99,,102194,13,,,0,102,,102195,13,,,0
3004001,'3_merged_15288064',705,,102202,13,,,0,101,,102203,13,,,0,100,,102204,13,,,0,100,,102205,13,,,0,31,,102219,13,,,0,70,,102206,13,,,0,30,,102220,13,,,0,70,,102207,13,,,0,30,,102221,13,,,0,70,,102208,13,,,0,30,,102222,13,,,0,70,,102209,13,,,0,30,,102223,13,,,0,70,,102210,13,,,0,30,,102224,13,,,0,70,,102211,13,,,0,30,,102225,13,,,0,70,,102212,13,,,0,30,,102226,13,,,0,69,,102213,13,,,0,30,,102227,13,,,0,20,,102215,13,,,0,100,,102201,13,,,0,100,,102214,13,,,0,100,,102216,13,,,0,100,,102217,13,,,0,99,,102218,13,,,0
3058401,'1_merged_15288063',546,,105010,8,,,0,69,,105011,8,,,0,32,,104999,8,,,0,65,,105031,8,,,0,18,,105032,8,,,0,17,,105012,8,,,0,61,,105013,8,,,0,18,,105033,8,,,0,19,,105014,8,,,0,74,,105015,8,,,0,27,,105016,8,,,0,63,,105017,8,,,0,30,,105018,8,,,0,70,,105019,8,,,0,35,,105020,8,,,0,68,,105021,8,,,0,28,,105022,8,,,0,70,,105023,8,,,0,33,,105024,8,,,0,71,,105025,8,,,0,34,,105026,8,,,0,68,,105027,8,,,0,34,,105028,8,,,0,70,,105029,8,,,0,38,,105030,8,,,0,61,,105000,8,,,0,38,,105009,8,,,0,77,,105001,8,,,0,67,,105008,8,,,0,21,,105002,8,,,0,33,,105007,8,,,0,67,,105003,8,,,0,32,,105006,8,,,0,71,,105004,8,,,0,28,,105005,8,,,0,99,,105034,8,,,0
3058401,'2_merged_15288065',614,,105035,8,,,0,28,,105036,8,,,0,75,,105037,8,,,0,30,,105038,8,,,0,71,,105039,8,,,0,30,,105040,8,,,0,70,,105041,8,,,0,31,,105042,8,,,0,73,,105043,8,,,0,30,,105044,8,,,0,71,,105045,8,,,0,31,,105046,8,,,0,70,,105047,8,,,0,30,,105048,8,,,0,71,,105049,8,,,0,30,,105050,8,,,0,70,,105051,8,,,0,30,,105052,8,,,0,69,,105053,8,,,0,30,,105054,8,,,0,70,,105055,8,,,0,28,,105056,8,,,0,70,,105057,8,,,0,29,,105058,8,,,0,71,,105059,8,,,0,30,,105060,8,,,0,70,,105061,8,,,0,29,,105062,8,,,0,68,,105063,8,,,0,30,,105066,8,,,0,73,,105064,8,,,0,32,,105065,8,,,0,100,,105067,8,,,0,100,,105068,8,,,0
3058401,'3_merged_15288064',753,,105069,8,,,0,71,,105070,8,,,0,30,,105071,8,,,0,72,,105072,8,,,0,29,,105073,8,,,0,72,,105074,8,,,0,31,,105075,8,,,0,74,,105076,8,,,0,69,,105080,8,,,0,31,,105081,8,,,0,70,,105082,8,,,0,30,,105083,8,,,0,72,,105084,8,,,0,28,,105085,8,,,0,24,,105086,8,,,0,71,,105087,8,,,0,30,,105088,8,,,0,71,,105089,8,,,0,30,,105090,8,,,0,71,,105091,8,,,0,28,,105092,8,,,0,70,,105093,8,,,0,29,,105094,8,,,0,70,,105095,8,,,0,29,,105096,8,,,0,73,,105077,8,,,0,30,,105078,8,,,0,68,,105079,8,,,0,32,,105097,8,,,0,98,,105098,8,,,0,100,,105099,8,,,0
