667300,'101_merged_15288070',837,,77144,33,4,,0,696,,77145,20,4,,0,169,,77143,38,4,,0,50,,77142,38,4,,0
667300,'1_merged_15288063',543,,77175,26,4,,0,76,,77183,26,4,,0,20,,77174,26,4,,0,12,,77184,26,4,,0,67,,77173,26,4,,0,24,,77172,26,4,,0,68,,77146,36,4,,0,12,,77185,24,4,,0,37,,77186,36,4,,0,56,,77148,24,4,,0,24,,77147,24,4,,0,63,,77169,26,4,,0,26,,77168,26,4,,0,30,,77167,38,4,,0,70,,77159,38,4,,0,30,,77158,38,4,,0,67,,77157,38,4,,0,32,,77156,38,4,,0,71,,77155,38,4,,0,30,,77176,38,4,,0,64,,77154,38,4,,0,36,,77153,38,4,,0,66,,77152,38,4,,0,28,,77171,38,4,,0,69,,77162,38,4,,0,5,,77170,38,4,,0,15,,77166,38,4,,0,77,,77161,38,4,,0,21,,77160,38,4,,0,67,,77165,38,4,,0,14,,77179,38,4,,0,13,,77164,38,4,,0,15,,77150,38,4,,0,67,,77163,38,4,,0,32,,77178,26,4,,0,70,,77187,26,4,,0,30,,77181,26,4,,0,70,,77188,26,4,,0,28,,77151,26,4,,0,99,,77180,26,4,,0,100,,77182,26,4,,0,100,,77149,26,4,,0,94,,77177,26,4,,0
667300,'2_merged_15288065',634,,77189,26,4,,0,102,,77190,26,4,,0,103,,77191,26,4,,0,101,,77192,26,4,,0,71,,77193,26,4,,0,31,,77194,26,4,,0,14,,77195,38,4,,0,68,,77196,38,4,,0,35,,77211,38,4,,0,73,,77197,38,4,,0,24,,77212,38,4,,0,72,,77198,38,4,,0,72,,77213,38,4,,0,30,,77199,38,4,,0,74,,77200,38,4,,0,32,,77214,38,4,,0,69,,77201,38,4,,0,32,,77215,38,4,,0,72,,77202,38,4,,0,35,,77216,38,4,,0,68,,77217,38,4,,0,28,,77218,38,4,,0,72,,77210,26,4,,0,29,,77203,26,4,,0,70,,77219,26,4,,0,29,,77204,26,4,,0,70,,77220,26,4,,0,32,,77205,26,4,,0,70,,77222,26,4,,0,28,,77206,26,4,,0,70,,77221,26,4,,0,29,,77207,26,4,,0,100,,77208,26,4,,0,103,,77209,26,4,,0
667300,'3_merged_15288064',714,,77223,26,4,,0,94,,77224,26,4,,0,92,,77252,26,4,,0,40,,77243,26,4,,0,63,,77245,26,4,,0,35,,77225,26,4,,0,19,,77226,38,4,,0,72,,77242,38,4,,0,29,,77227,38,4,,0,71,,77251,38,4,,0,30,,77228,38,4,,0,73,,77250,38,4,,0,69,,77229,38,4,,0,32,,77249,38,4,,0,72,,77230,38,4,,0,29,,77248,38,4,,0,71,,77231,38,4,,0,32,,77247,38,4,,0,67,,77232,38,4,,0,30,,77246,38,4,,0,70,,77233,38,4,,0,30,,77234,38,4,,0,17,,77244,26,4,,0,67,,77255,26,4,,0,29,,77235,26,4,,0,70,,77253,26,4,,0,31,,77236,26,4,,0,70,,77254,26,4,,0,27,,77237,26,4,,0,70,,77256,26,4,,0,30,,77238,26,4,,0,70,,77257,26,4,,0,29,,77239,26,4,,0,107,,77240,26,4,,0,97,,77241,26,4,,0
667301,'101_merged_15288070',1452,,77259,1,0,11 12,0,93,,77258,1,0,11 12,0
667301,'1_merged_15288063',518,,77296,1,0,11 12,0,30,,77273,1,0,11 12,0,77,,77272,1,,,0,9,,77286,1,,,0,8,,77298,1,,,0,15,,77304,1,,,0,50,,77292,1,,,0,17,,77263,1,,,0,20,,77285,1,,,0,57,,77281,1,,,0,17,,77269,1,0,11 12,0,11,,77302,1,,,0,13,,77280,1,0,11 12,0,65,,77303,1,,,0,10,,77267,1,,,0,27,,77266,1,,,0,64,,77265,1,,,0,27,,77289,1,,,0,70,,77290,1,,,0,32,,77288,1,,,0,67,,77279,1,,,0,26,,77287,1,,,0,72,,77291,1,,,0,31,,77271,1,,,0,70,,77276,1,,,0,24,,77268,1,,,0,79,,77293,1,,,0,25,,77299,1,,,0,26,,77284,1,,,0,74,,77277,1,,,0,76,,77295,1,,,0,13,,77264,1,,,0,24,,77300,1,,,0,59,,77283,1,0,11 12,0,22,,77282,1,0,11 12,0,18,,77301,1,0,11 12,0,77,,77274,1,0,11 12,0,29,,77305,1,0,11 12,0,71,,77294,1,0,11 12,0,31,,77306,1,0,11 12,0,69,,77261,1,0,11 12,0,102,,77270,1,0,11 12,0,98,,77262,1,0,11 12,0,103,,77297,1,0,11 12,0,31,,77275,1,0,11 12,0,90,,77278,1,0,11 12,0
667301,'2_merged_15288065',617,,77307,1,0,11 12,0,30,,77308,1,0,11 12,0,104,,77309,1,0,11 12,0,152,,77310,1,,,0,29,,77311,1,,,0,74,,77312,1,,,0,30,,77335,1,,,0,65,,77313,1,,,0,30,,77331,1,,,0,73,,77314,1,,,0,33,,77315,1,,,0,64,,77337,1,,,0,32,,77332,1,,,0,72,,77316,1,,,0,30,,77336,1,,,0,74,,77317,1,,,0,35,,77333,1,,,0,66,,77318,1,,,0,32,,77319,1,,,0,73,,77320,1,,,0,34,,77334,1,0,11 12,0,69,,77328,1,0,11 12,0,29,,77329,1,0,11 12,0,70,,77321,1,0,11 12,0,30,,77338,1,0,11 12,0,70,,77322,1,0,11 12,0,31,,77339,1,0,11 12,0,71,,77323,1,0,11 12,0,30,,77340,1,0,11 12,0,69,,77324,1,0,11 12,0,31,,77341,1,0,11 12,0,69,,77325,1,0,11 12,0,100,,77326,1,0,11 12,0,30,,77330,1,0,11 12,0,103,,77327,1,0,11 12,0
667301,'3_merged_15288064',719,,77342,1,0,11 12,0,100,,77343,1,0,11 12,0,87,,77358,1,,,0,34,,77362,1,,,0,68,,77344,1,,,0,31,,77363,1,,,0,63,,77345,1,,,0,32,,77364,1,,,0,69,,77346,1,,,0,31,,77365,1,,,0,70,,77347,1,,,0,33,,77366,1,,,0,69,,77348,1,,,0,32,,77367,1,,,0,72,,77349,1,,,0,29,,77368,1,,,0,71,,77350,1,,,0,30,,77359,1,,,0,77,,77361,1,0,11 12,0,35,,77360,1,0,11 12,0,73,,77372,1,0,11 12,0,31,,77369,1,0,11 12,0,70,,77371,1,0,11 12,0,28,,77351,1,0,11 12,0,70,,77370,1,0,11 12,0,30,,77352,1,0,11 12,0,70,,77373,1,0,11 12,0,30,,77353,1,0,11 12,0,70,,77374,1,0,11 12,0,31,,77354,1,0,11 12,0,100,,77355,1,0,11 12,0,101,,77356,1,0,11 12,0,100,,77357,1,0,11 12,0
667400,'101_merged_15288070',1550,,77375,20,,,0
667400,'1_merged_15288063',513,,77406,20,,,0,33,,77407,20,,,0,90,,77398,20,4,,0,70,,77404,20,,,0,30,,77397,20,4,,0,74,,77388,20,,,0,27,,77396,20,4,,0,71,,77383,20,4,,0,31,,77382,20,,,0,75,,77381,20,,,0,30,,77380,20,,,0,70,,77390,20,,,0,31,,77389,20,,,0,69,,77377,20,,,0,32,,77379,20,,,0,63,,77405,20,,,0,30,,77378,20,,,0,72,,77384,20,,,0,28,,77399,20,,,0,70,,77385,20,,,0,97,,77395,20,,,0,31,,77400,20,,,0,73,,77387,20,4,,0,31,,77394,20,,,0,73,,77393,20,,,0,23,,77391,20,,,0,78,,77402,20,4,,0,29,,77408,20,4,,0,71,,77401,20,4,,0,31,,77409,20,4,,0,68,,77403,20,4,,0,101,,77376,20,4,,0,100,,77392,20,4,,0,101,,77386,20,4,,0
667400,'2_merged_15288065',548,,77438,20,,,0,86,,77410,20,,,0,100,,77411,20,,,0,70,,77442,20,,,0,30,,77412,20,,,0,72,,77441,20,,,0,21,,77413,20,4,,0,31,,77414,20,4,,0,73,,77415,20,4,,0,76,,77416,20,,,0,32,,77417,20,,,0,71,,77418,20,,,0,31,,77419,20,,,0,70,,77420,20,,,0,30,,77421,20,,,0,70,,77422,20,,,0,32,,77423,20,,,0,68,,77424,20,,,0,30,,77425,20,,,0,70,,77426,20,,,0,34,,77427,20,,,0,68,,77428,20,,,0,31,,77429,20,,,0,70,,77430,20,,,0,30,,77431,20,,,0,67,,77432,20,4,,0,30,,77439,20,4,,0,70,,77433,20,4,,0,30,,77440,20,4,,0,70,,77434,20,4,,0,30,,77443,20,4,,0,70,,77435,20,4,,0,29,,77444,20,4,,0,70,,77436,20,4,,0,100,,77437,20,4,,0
667400,'3_merged_15288064',746,,77471,20,,,0,89,,77445,20,,,0,70,,77446,20,,,0,28,,77469,20,4,,0,71,,77470,20,,,0,30,,77447,20,4,,0,70,,77448,20,,,0,30,,77449,20,,,0,72,,77450,20,,,0,30,,77451,20,,,0,70,,77452,20,,,0,30,,77453,20,,,0,70,,77454,20,,,0,30,,77455,20,,,0,70,,77456,20,,,0,30,,77457,20,,,0,69,,77458,20,,,0,29,,77459,20,4,,0,73,,77460,20,,,0,28,,77461,20,4,,0,73,,77462,20,,,0,30,,77463,20,,,0,70,,77464,20,,,0,29,,77472,20,,,0,70,,77465,20,,,0,30,,77473,20,,,0,71,,77466,20,4,,0,29,,77474,20,4,,0,70,,77467,20,4,,0,31,,77475,20,4,,0,73,,77468,20,4,,0
667401,'1_merged_15288063',2156,,77486,1,,,0,144,,77504,1,,,0,100,,77496,1,,,0
667401,'2_merged_15288065',2151,,77541,1,,,0,70,,77546,1,,,0,30,,77537,1,,,0,70,,77547,1,,,0,31,,77538,1,,,0
667401,'3_merged_15288064',2121,,77571,1,,,0,30,,77577,1,,,0,72,,77572,1,,,0,30,,77578,1,,,0,69,,77573,1,,,0
