672400,'1_merged_15288063',428,,87300,3,,,0,26,,87303,3,,,0,60,,87330,3,,,0,24,,87293,3,,,0,20,,87305,3,,,0,54,,87294,3,,,0,15,,87332,3,,,0,14,,87316,3,,,0,12,,87337,3,,,0,54,,87338,3,,,0,15,,87339,3,,,0,13,,87340,3,,,0,14,,87304,3,,,0,52,,87341,3,,,0,17,,87298,3,,,0,15,,87342,3,,,0,14,,87314,3,,,0,55,,87343,3,,,0,16,,87326,3,,,0,17,,87317,3,,,0,17,,87344,3,,,0,58,,87345,3,,,0,20,,87318,3,,,0,18,,87312,3,,,0,60,,87328,3,,,0,20,,87319,3,,,0,19,,87329,3,,,0,60,,87299,3,,,0,21,,87320,3,,,0,20,,87297,3,,,0,59,,87309,3,,,0,20,,87321,3,,,0,20,,87313,3,,,0,60,,87333,3,,,0,14,,87302,3,,,0,15,,87323,3,,,0,14,,87308,3,,,0,55,,87334,3,,,0,15,,87310,3,,,0,14,,87315,3,,,0,17,,87301,3,,,0,56,,87346,3,,,0,15,,87347,3,,,0,15,,87348,3,,,0,15,,87349,3,,,0,55,,87350,3,,,0,18,,87351,3,,,0,15,,87352,3,,,0,19,,87353,3,,,0,55,,87354,3,,,0,18,,87355,3,,,0,15,,87356,3,,,0,57,,87357,3,,,0,16,,87306,3,,,0,19,,87358,3,,,0,65,,87307,3,,,0,25,,87331,3,,,0,29,,87295,3,,,0,71,,87322,3,,,0,30,,87324,3,,,0,78,,87296,3,,,0,64,,87311,3,,,0,30,,87335,3,,,0,70,,87325,3,,,0,30,,87336,3,,,0,27,,87327,3,,,0,58,,87292,3,0,95 43,0,22,,87290,3,0,95 43,0,77,,87291,3,0,95 43,0
672400,'2_merged_15288065',420,,87396,3,,,0,35,,87400,3,,,0,74,,87401,3,,,0,29,,87402,3,,,0,69,,87403,3,,,0,31,,87404,3,,,0,71,,87405,3,,,0,27,,87406,3,,,0,68,,87407,3,,,0,20,,87408,3,,,0,14,,87420,3,,,0,55,,87421,3,,,0,14,,87422,3,,,0,15,,87423,3,,,0,14,,87424,3,,,0,55,,87360,3,,,0,14,,87361,3,,,0,15,,87362,3,,,0,14,,87363,3,,,0,55,,87364,3,,,0,15,,87365,3,,,0,15,,87366,3,,,0,12,,87367,3,,,0,56,,87368,3,,,0,12,,87369,3,,,0,15,,87370,3,,,0,15,,87371,3,,,0,56,,87372,3,,,0,13,,87373,3,,,0,15,,87374,3,,,0,15,,87375,3,,,0,55,,87376,3,,,0,14,,87377,3,,,0,15,,87378,3,,,0,13,,87379,3,,,0,55,,87380,3,,,0,15,,87381,3,,,0,17,,87382,3,,,0,15,,87359,3,,,0,56,,87383,3,,,0,16,,87384,3,,,0,16,,87385,3,,,0,21,,87386,3,,,0,56,,87387,3,,,0,15,,87388,3,,,0,15,,87389,3,,,0,17,,87409,3,,,0,63,,87410,3,,,0,21,,87411,3,,,0,63,,87412,3,,,0,22,,87413,3,,,0,20,,87414,3,,,0,66,,87416,3,,,0,30,,87418,3,,,0,10,,87417,3,0,95 43,0,60,,87419,3,,,0,32,,87392,3,,,0,70,,87393,3,,,0,34,,87394,3,,,0,66,,87415,3,,,0,27,,87397,3,,,0,68,,87391,3,,,0,39,,87398,3,,,0,69,,87390,3,,,0,34,,87395,3,0,95 43,0,69,,87399,3,0,95 43,0
672400,'3_merged_15288064',453,,87449,3,,,0,70,,87453,3,,,0,30,,87454,3,,,0,69,,87455,3,,,0,30,,87456,3,,,0,68,,87457,3,,,0,20,,87458,3,,,0,60,,87459,3,,,0,20,,87460,3,,,0,20,,87461,3,,,0,61,,87462,3,,,0,20,,87463,3,,,0,16,,87464,3,,,0,20,,87465,3,,,0,60,,87466,3,,,0,18,,87467,3,,,0,20,,87468,3,,,0,60,,87469,3,,,0,18,,87470,3,,,0,19,,87471,3,,,0,60,,87472,3,,,0,20,,87473,3,,,0,20,,87474,3,,,0,60,,87475,3,,,0,19,,87476,3,,,0,20,,87477,3,,,0,56,,87436,3,,,0,15,,87478,3,,,0,15,,87479,3,,,0,15,,87480,3,,,0,54,,87437,3,,,0,17,,87481,3,,,0,16,,87482,3,,,0,16,,87483,3,,,0,56,,87438,3,,,0,16,,87484,3,,,0,15,,87485,3,,,0,15,,87425,3,,,0,55,,87439,3,,,0,15,,87426,3,,,0,16,,87427,3,,,0,57,,87428,3,,,0,15,,87440,3,,,0,18,,87434,3,,,0,16,,87435,3,,,0,59,,87433,3,,,0,20,,87441,3,,,0,18,,87429,3,,,0,60,,87430,3,,,0,29,,87431,3,,,0,70,,87432,3,,,0,32,,87445,3,,,0,69,,87446,3,,,0,31,,87447,3,,,0,71,,87442,3,,,0,31,,87450,3,,,0,71,,87444,3,,,0,31,,87451,3,,,0,70,,87443,3,,,0,34,,87448,3,0,95 43,0,70,,87452,3,0,95 43,0
672501,'1_merged_15288063',618,,87779,3,,,0,30,,87780,3,,,0,70,,87781,3,,,0,30,,87782,3,,,0,70,,87783,3,,,0,30,,87784,3,,,0,70,,87785,3,,,0,30,,87786,3,,,0,70,,87787,3,,,0,30,,87788,3,,,0,70,,87789,3,,,0,30,,87790,3,,,0,70,,87791,3,,,0,30,,87792,3,,,0,70,,87793,3,,,0,30,,87794,3,,,0,70,,87795,3,,,0,30,,87796,3,,,0,70,,87797,3,,,0,30,,87798,3,,,0,70,,87799,3,,,0,30,,87800,3,,,0,70,,87801,3,,,0,30,,87802,3,,,0,70,,87803,3,,,0,31,,87804,3,,,0,71,,87805,3,,,0,30,,87806,3,,,0,70,,87807,3,,,0,31,,87808,3,,,0,70,,87809,3,,,0,30,,87810,3,,,0,71,,87811,3,,,0,100,,87812,3,,,0,100,,87813,3,,,0,112,,87814,3,0,96 3 97 43,0
672501,'2_merged_15288065',609,,87815,3,,,0,31,,87833,3,,,0,72,,87834,3,,,0,31,,87835,3,,,0,70,,87836,3,,,0,30,,87817,3,,,0,70,,87837,3,,,0,33,,87838,3,,,0,70,,87839,3,,,0,30,,87818,3,,,0,70,,87843,3,,,0,30,,87844,3,,,0,71,,87845,3,,,0,30,,87832,3,,,0,70,,87822,3,,,0,30,,87831,3,,,0,70,,87848,3,,,0,30,,87825,3,,,0,70,,87830,3,,,0,30,,87842,3,,,0,70,,87841,3,,,0,30,,87823,3,,,0,70,,87828,3,,,0,30,,87826,3,,,0,70,,87827,3,,,0,29,,87840,3,,,0,71,,87819,3,,,0,31,,87816,3,,,0,71,,87820,3,,,0,30,,87850,3,,,0,70,,87821,3,,,0,100,,87846,3,,,0,103,,87824,3,,,0,98,,87829,3,,,0
672501,'3_merged_15288064',720,,87857,3,,,0,31,,87854,3,,,0,70,,87856,3,,,0,31,,87869,3,,,0,70,,87883,3,,,0,29,,87882,3,,,0,71,,87881,3,,,0,29,,87879,3,,,0,70,,87863,3,,,0,30,,87867,3,,,0,70,,87858,3,,,0,30,,87859,3,,,0,70,,87860,3,,,0,30,,87855,3,,,0,71,,87861,3,,,0,30,,87862,3,,,0,70,,87885,3,,,0,30,,87870,3,,,0,70,,87871,3,,,0,30,,87866,3,,,0,70,,87864,3,,,0,31,,87878,3,,,0,70,,87884,3,,,0,30,,87851,3,,,0,70,,87852,3,,,0,30,,87853,3,,,0,71,,87872,3,,,0,30,,87873,3,,,0,71,,87874,3,,,0,31,,87875,3,,,0,89,,87876,3,,,0,95,,87877,3,,,0,100,,87880,3,,,0,100,,87865,3,0,96 3 97 43,0
682801,'1101_merged_15288074',2034,,95343,3,,,0
682801,'1201_merged_15288056',2034,,95346,3,,,0,108,,95345,3,,,0,107,,95344,3,,,0
682801,'1_merged_15288063',843,,95362,3,,,0,80,,95363,3,,,0,80,,95360,3,,,0,39,,95361,3,,,0,80,,95359,3,,,0,80,,95347,3,,,0,40,,95364,3,,,0,80,,95358,3,,,0,80,,95357,3,,,0,40,,95356,3,,,0,80,,95355,3,,,0,82,,95354,3,,,0,39,,95353,3,,,0,79,,95352,3,,,0,80,,95351,3,,,0,40,,95350,3,,,0,80,,95349,3,,,0,82,,95348,3,,,0
682801,'2_merged_15288065',911,,95376,3,,,0,40,,95375,3,,,0,80,,95374,3,,,0,80,,95373,3,,,0,40,,95372,3,,,0,80,,95371,3,,,0,80,,95370,3,,,0,40,,95369,3,,,0,81,,95368,3,,,0,80,,95367,3,,,0,40,,95366,3,,,0,80,,95365,3,,,0,80,,95384,3,,,0,40,,95383,3,,,0,80,,95382,3,,,0,70,,95381,3,,,0,110,,95380,3,,,0,107,,95379,3,,,0,107,,95378,3,,,0,104,,95377,3,,,0
682801,'3_merged_15288064',1111,,95385,3,,,0,40,,95397,3,,,0,81,,95396,3,,,0,80,,95395,3,,,0,40,,95394,3,,,0,78,,95393,3,,,0,83,,95392,3,,,0,40,,95391,3,,,0,80,,95390,3,,,0,80,,95389,3,,,0,40,,95388,3,,,0,80,,95387,3,,,0,78,,95386,3,,,0
3454301,'1_merged_15288063',1905,,108614,3,,,0,15,,108615,3,,,0,15,,108616,3,,,0,15,,108617,3,,,0,56,,108618,3,,,0,15,,108619,3,,,0,28,,108620,3,,,0,69,,108621,3,,,0,29,,108622,3,,,0,70,,108623,3,,,0,29,,108624,3,,,0,70,,108625,3,,,0,30,,108626,3,,,0,70,,108627,3,,,0
3454301,'2_merged_15288065',519,,108691,3,,,0,35,,108690,3,,,0,70,,108689,3,,,0,30,,108688,3,,,0,68,,108687,3,,,0,29,,108686,3,,,0,66,,108685,3,,,0,20,,108684,3,,,0,20,,108683,3,,,0,58,,108682,3,,,0,20,,108681,3,,,0,20,,108680,3,,,0,60,,108679,3,,,0,19,,108678,3,,,0,20,,108677,3,,,0,60,,108676,3,,,0,20,,108675,3,,,0,20,,108674,3,,,0,60,,108673,3,,,0,20,,108672,3,,,0,20,,108671,3,,,0,60,,108670,3,,,0,20,,108669,3,,,0,20,,108668,3,,,0,60,,108667,3,,,0,20,,108666,3,,,0,21,,108645,3,,,0,60,,108644,3,,,0,20,,108665,3,,,0,21,,108664,3,,,0,57,,108663,3,,,0,21,,108662,3,,,0,22,,108661,3,,,0,61,,108660,3,,,0,20,,108659,3,,,0,20,,108658,3,,,0,62,,108657,3,,,0,31,,108656,3,,,0,71,,108655,3,,,0,33,,108654,3,,,0,70,,108653,3,,,0,31,,108652,3,,,0,70,,108651,3,,,0,31,,108650,3,,,0,70,,108649,3,,,0,99,,108648,3,,,0,96,,108647,3,,,0
3454301,'3_merged_15288064',523,,108700,3,,,0,35,,108701,3,,,0,74,,108732,3,,,0,68,,108733,3,,,0,31,,108734,3,,,0,71,,108702,3,,,0,30,,108703,3,,,0,70,,108704,3,,,0,28,,108705,3,,,0,29,,108706,3,,,0,70,,108697,3,,,0,27,,108707,3,,,0,59,,108708,3,,,0,18,,108698,3,,,0,20,,108709,3,,,0,62,,108710,3,,,0,20,,108699,3,,,0,20,,108711,3,,,0,63,,108712,3,,,0,21,,108696,3,,,0,20,,108713,3,,,0,61,,108714,3,,,0,21,,108693,3,,,0,18,,108715,3,,,0,60,,108716,3,,,0,18,,108694,3,,,0,21,,108717,3,,,0,60,,108718,3,,,0,20,,108695,3,,,0,20,,108719,3,,,0,70,,108720,3,,,0,31,,108731,3,,,0,78,,108721,3,,,0,75,,108722,3,,,0,35,,108723,3,,,0,75,,108726,3,,,0,35,,108725,3,,,0,75,,108724,3,,,0,75,,108727,3,,,0,37,,108728,3,,,0,75,,108692,3,,,0,104,,108729,3,,,0
