'101merged14514338',662800,154800,4,'',0,7800,4,'',0
'1merged14514327',662800,54500,4,'',0,7100,4,'',0,1500,4,'',0,1300,4,'',0,5800,4,'',0,2000,4,'',0,1700,4,'',0,1600,4,'',0,5800,4,'',0,1500,4,'',0,1800,4,'',0,5400,4,'',0,1400,4,'',0,1500,4,'',0,1100,4,'',0,1900,4,'',0,6000,4,'',0,2000,4,'',0,2000,4,'',0,6000,4,'',0,2000,4,'',0,2000,4,'',0,6000,4,'',0,2000,4,'',0,2000,4,'',0,6000,4,'',0,2300,4,'',0,5800,4,'',0,2200,4,'',0,2300,4,'',0,5700,4,'',0,2300,4,'',0,2100,4,'',0,6300,4,'',0,3000,4,'',0,1400,4,'',0,5900,4,'',0,1100,4,'',0,1500,4,'',0,1600,4,'',0,5400,4,'',0,1500,4,'',0,1300,4,'',0,1300,4,'',0,6200,4,'',0,1000,4,'',0,1900,4,'',0,6900,4,'',0,3000,4,'',0,7000,4,'',0,2900,4,'',0,7000,4,'',0,4100,4,'',0,10400,4,'',0,10600,4,'',0,9900,4,'',0
'201merged14514317',662800,162600,4,'',0
'2merged14514329',662800,60300,4,'',0,4400,4,'',0,6600,4,'',0,2000,4,'',0,2200,4,'',0,5800,4,'',0,2000,4,'',0,2300,4,'',0,6300,4,'',0,1900,4,'',0,2000,4,'',0,6000,4,'',0,2000,4,'',0,2000,4,'',0,6000,4,'',0,2200,4,'',0,6000,4,'',0,2000,4,'',0,2000,4,'',0,6000,4,'',0,2000,4,'',0,2100,4,'',0,6000,4,'',0,2100,4,'',0,2000,4,'',0,6000,4,'',0,2000,4,'',0,2000,4,'',0,6000,4,'',0,2100,4,'',0,2000,4,'',0,6100,4,'',0,2100,4,'',0,1900,4,'',0,5900,4,'',0,1900,4,'',0,2000,4,'',0,6000,4,'',0,2800,4,'',0,2900,4,'',0,7000,4,'',0,3000,4,'',0,7000,4,'',0,3000,4,'',0,7000,4,'',0,2800,4,'',0,14300,4,'',0,10200,4,'',0,9900,4,'',0
'3merged14514328',662800,70900,4,'',0,3000,4,'',0,7300,4,'',0,3100,4,'',0,7000,4,'',0,3100,4,'',0,7000,4,'',0,3000,4,'',0,7000,4,'',0,3200,4,'',0,7100,4,'',0,3000,4,'',0,7000,4,'',0,3300,4,'',0,7200,4,'',0,2800,4,'',0,7100,4,'',0,3100,4,'',0,7100,4,'',0,2900,4,'',0,7000,4,'',0,2900,4,'',0,7000,4,'',0,2600,4,'',0,6900,4,'',0,3000,4,'',0,7100,4,'',0,2900,4,'',0,7000,4,'',0,2800,4,'',0,6900,4,'',0,3400,4,'',0,10800,4,'',0,15300,4,'',0
'1merged14514327',662901,51700,4,'',0,3900,4,'',0,7300,4,'',0,1900,4,'',0,5500,4,'',0,1500,4,'',0,1500,4,'',0,1500,4,'',0,5500,4,'',0,1900,4,'',0,1200,4,'',0,1400,4,'',0,5500,4,'',0,1400,4,'',0,1300,4,'',0,2000,4,'',0,6000,4,'',0,1900,4,'',0,2000,4,'',0,6000,4,'',0,2000,4,'',0,2000,4,'',0,6000,4,'',0,2000,4,'',0,2000,4,'',0,6000,4,'',0,2000,4,'',0,2000,4,'',0,6000,4,'',0,2000,4,'',0,2200,4,'',0,6000,4,'',0,2200,4,'',0,2000,4,'',0,5500,4,'',0,1500,4,'',0,1800,4,'',0,1600,4,'',0,5800,4,'',0,1500,4,'',0,1600,4,'',0,5500,4,'',0,1800,4,'',0,1200,4,'',0,1500,4,'',0,1300,4,'',0,5700,4,'',0,2600,4,'',0,6700,4,'',0,3000,4,'',0,7000,4,'',0,3000,4,'',0,7000,4,'',0,3000,4,'',0,10000,4,'',0,10200,4,'',0
'2merged14514329',662901,61500,4,'',0,3000,4,'',0,5900,4,'',0,2100,4,'',0,2000,4,'',0,6100,4,'',0,2000,4,'',0,1900,4,'',0,6200,4,'',0,2000,4,'',0,2000,4,'',0,6000,4,'',0,2000,4,'',0,2100,4,'',0,6000,4,'',0,2000,4,'',0,2000,4,'',0,6100,4,'',0,2000,4,'',0,2000,4,'',0,6000,4,'',0,2000,4,'',0,2000,4,'',0,6000,4,'',0,2000,4,'',0,2000,4,'',0,6100,4,'',0,2000,4,'',0,2100,4,'',0,6000,4,'',0,2000,4,'',0,2000,4,'',0,6000,4,'',0,2000,4,'',0,2000,4,'',0,6000,4,'',0,2000,4,'',0,2100,4,'',0,6000,4,'',0,2500,4,'',0,7200,4,'',0,3000,4,'',0,7000,4,'',0,3000,4,'',0,6900,4,'',0,3200,4,'',0,10000,4,'',0,10000,4,'',0
'3merged14514328',662901,71900,4,'',0,2500,4,'',0,6400,4,'',0,3000,4,'',0,7100,4,'',0,3100,4,'',0,7100,4,'',0,3100,4,'',0,7000,4,'',0,3000,4,'',0,7000,4,'',0,3000,4,'',0,7000,4,'',0,3000,4,'',0,7000,4,'',0,3100,4,'',0,7100,4,'',0,3000,4,'',0,7100,4,'',0,3000,4,'',0,6900,4,'',0,2900,4,'',0,6900,4,'',0,3000,4,'',0,6900,4,'',0,3000,4,'',0,6900,4,'',0,2900,4,'',0,7000,4,'',0,3000,4,'',0,7000,4,'',0,3000,4,'',0,8900,4,'',0,11600,4,'',0
'1merged14514327',663001,50900,4,'',0,2700,4,'',0,1200,4,'',0,5300,4,'',0,1300,4,'',0,400,4,'',0,2000,4,'',0,1900,4,'',0,5600,4,'',0,1200,4,'',0,1500,4,'',0,1500,4,'',0,5700,4,'',0,1600,4,'',0,1500,4,'',0,5700,4,'',0,1600,4,'',0,1300,4,'',0,1100,4,'',0,1400,4,'',0,5600,4,'',0,1600,4,'',0,1500,4,'',0,1700,4,'',0,5400,4,'',0,1600,4,'',0,1300,4,'',0,1300,4,'',0,5800,4,'',0,1200,4,'',0,1500,4,'',0,1500,4,'',0,5600,4,'',0,1800,4,'',0,1900,4,'',0,5600,4,'',0,1100,4,'',0,1600,4,'',0,1500,4,'',0,5600,4,'',0,1600,4,'',0,1600,4,'',0,1100,4,'',0,5800,4,'',0,1500,4,'',0,1700,4,'',0,1700,4,'',0,5600,4,'',0,1300,4,'',0,1500,4,'',0,1500,4,'',0,5700,4,'',0,1400,4,'',0,1600,4,'',0,700,4,'',0,1400,4,'',0,7100,4,'',0,1100,4,'',0,1500,4,'',0,5500,4,'',0,2000,4,'',0,2500,4,'',0,7000,4,'',0,2600,4,'',0,7000,4,'',0,2900,4,'',0,6600,4,'',0,3100,4,'',0,7000,4,'',0,3600,4,'',0,7000,4,'',0
'2merged14514329',663001,63400,4,'',0,2100,4,'',0,7100,4,'',0,2800,4,'',0,7200,4,'',0,2500,4,'',0,7300,4,'',0,2200,4,'',0,5700,4,'',0,2100,4,'',0,2000,4,'',0,5800,4,'',0,2500,4,'',0,2100,4,'',0,5900,4,'',0,2200,4,'',0,2200,4,'',0,5800,4,'',0,2300,4,'',0,1800,4,'',0,6000,4,'',0,2200,4,'',0,1800,4,'',0,6000,4,'',0,2200,4,'',0,1800,4,'',0,6000,4,'',0,2300,4,'',0,1700,4,'',0,5900,4,'',0,2200,4,'',0,2000,4,'',0,5900,4,'',0,2000,4,'',0,1600,4,'',0,6000,4,'',0,1700,4,'',0,3000,4,'',0,7300,4,'',0,2900,4,'',0,7000,4,'',0,3100,4,'',0,7000,4,'',0,2700,4,'',0,6600,4,'',0,3100,4,'',0,7100,4,'',0,3300,4,'',0,6800,4,'',0
'3merged14514328',663001,64900,4,'',0,6500,4,'',0,3200,4,'',0,7700,4,'',0,3100,4,'',0,7200,4,'',0,2700,4,'',0,7400,4,'',0,2700,4,'',0,6600,4,'',0,2000,4,'',0,1700,4,'',0,6300,4,'',0,2200,4,'',0,1700,4,'',0,6300,4,'',0,2200,4,'',0,5800,4,'',0,2200,4,'',0,2000,4,'',0,5900,4,'',0,2300,4,'',0,1700,4,'',0,6000,4,'',0,2300,4,'',0,1700,4,'',0,6000,4,'',0,2300,4,'',0,1700,4,'',0,6000,4,'',0,3300,4,'',0,2200,4,'',0,7100,4,'',0,2800,4,'',0,7200,4,'',0,2700,4,'',0,7000,4,'',0,2800,4,'',0,7000,4,'',0,3000,4,'',0,7200,4,'',0,2700,4,'',0,7000,4,'',0,8300,4,'',0
'1merged14514327',663300,42800,4,'',0,1900,4,'',0,5700,4,'',0,1300,4,'',0,1500,4,'',0,1300,4,'',0,5500,4,'',0,1700,4,'',0,1500,4,'',0,1500,4,'',0,5500,4,'',0,1400,4,'',0,800,4,'',0,1000,4,'',0,1700,4,'',0,5500,4,'',0,1600,4,'',0,1500,4,'',0,1500,4,'',0,5500,4,'',0,1300,4,'',0,1500,4,'',0,1500,4,'',0,5500,4,'',0,1500,4,'',0,1500,4,'',0,1500,4,'',0,5500,4,'',0,1500,4,'',0,1600,4,'',0,1500,4,'',0,5600,4,'',0,1500,4,'',0,1500,4,'',0,1600,4,'',0,5500,4,'',0,1500,4,'',0,1500,4,'',0,1500,4,'',0,5400,4,'',0,1400,4,'',0,1400,4,'',0,1700,4,'',0,5500,4,'',0,1500,4,'',0,1700,4,'',0,1500,4,'',0,5500,4,'',0,1500,4,'',0,1300,4,'',0,1500,4,'',0,5500,4,'',0,1500,4,'',0,1400,4,'',0,1500,4,'',0,5500,4,'',0,1500,4,'',0,1500,4,'',0,1400,4,'',0,5500,4,'',0,1400,4,'',0,1500,4,'',0,1500,4,'',0,5500,4,'',0,1500,4,'',0,1500,4,'',0,1400,4,'',0,5500,4,'',0,1500,4,'',0,1500,4,'',0,2000,4,'',0,7000,4,'',0,3000,4,'',0,6800,4,'',0,3000,4,'',0,7000,4,'',0,3000,4,'',0,7000,4,'',0,3100,4,'',0
'2merged14514329',663300,43500,4,'',0,1500,4,'',0,5300,4,'',0,1300,4,'',0,1400,4,'',0,1500,4,'',0,5500,4,'',0,1500,4,'',0,1500,4,'',0,1500,4,'',0,5600,4,'',0,1500,4,'',0,1700,4,'',0,1500,4,'',0,5500,4,'',0,1500,4,'',0,800,4,'',0,700,4,'',0,1500,4,'',0,5500,4,'',0,1500,4,'',0,1500,4,'',0,1700,4,'',0,5500,4,'',0,1500,4,'',0,1500,4,'',0,1500,4,'',0,5500,4,'',0,1600,4,'',0,1500,4,'',0,1500,4,'',0,5500,4,'',0,1500,4,'',0,1500,4,'',0,1600,4,'',0,5500,4,'',0,1500,4,'',0,1500,4,'',0,1500,4,'',0,5500,4,'',0,1400,4,'',0,1500,4,'',0,1500,4,'',0,5500,4,'',0,1500,4,'',0,1500,4,'',0,1500,4,'',0,5500,4,'',0,1500,4,'',0,1500,4,'',0,1500,4,'',0,5500,4,'',0,1500,4,'',0,1500,4,'',0,1500,4,'',0,5500,4,'',0,1500,4,'',0,1500,4,'',0,1300,4,'',0,5500,4,'',0,1500,4,'',0,1500,4,'',0,1500,4,'',0,5500,4,'',0,1500,4,'',0,1500,4,'',0,1500,4,'',0,5500,4,'',0,1500,4,'',0,1500,4,'',0,2000,4,'',0,6900,4,'',0,3000,4,'',0,6900,4,'',0,3000,4,'',0,7000,4,'',0,3000,4,'',0,7000,4,'',0,2900,4,'',0
'3merged14514328',663300,43400,4,'',0,1500,4,'',0,5400,4,'',0,1300,4,'',0,1300,4,'',0,1700,4,'',0,5500,4,'',0,1500,4,'',0,1500,4,'',0,1500,4,'',0,5500,4,'',0,1500,4,'',0,1500,4,'',0,1600,4,'',0,5500,4,'',0,1500,4,'',0,1700,4,'',0,1300,4,'',0,5500,4,'',0,1500,4,'',0,1500,4,'',0,1400,4,'',0,300,4,'',0,5500,4,'',0,1500,4,'',0,1500,4,'',0,1500,4,'',0,5500,4,'',0,1500,4,'',0,1500,4,'',0,1500,4,'',0,5500,4,'',0,1700,4,'',0,1500,4,'',0,1600,4,'',0,5500,4,'',0,1500,4,'',0,1500,4,'',0,1500,4,'',0,5500,4,'',0,1500,4,'',0,1500,4,'',0,1500,4,'',0,5500,4,'',0,1500,4,'',0,1500,4,'',0,1500,4,'',0,5500,4,'',0,1500,4,'',0,1500,4,'',0,1300,4,'',0,5500,4,'',0,1500,4,'',0,1500,4,'',0,1500,4,'',0,5500,4,'',0,1300,4,'',0,1500,4,'',0,1500,4,'',0,5500,4,'',0,1500,4,'',0,1400,4,'',0,1500,4,'',0,5500,4,'',0,1500,4,'',0,1500,4,'',0,1600,4,'',0,5500,4,'',0,1400,4,'',0,1500,4,'',0,2000,4,'',0,7000,4,'',0,3000,4,'',0,7000,4,'',0,3000,4,'',0,6800,4,'',0,3000,4,'',0,7000,4,'',0,3000,4,'',0
'1merged14514327',3781000,54200,4,'',0,1500,4,'',0,5500,4,'',0,1500,4,'',0,1700,4,'',0,1000,4,'',0,5200,4,'',0,800,4,'',0,1200,4,'',0,400,4,'',0,400,4,'',0,300,4,'',0,1000,4,'',0,400,4,'',0,400,4,'',0,300,4,'',0,4300,4,'',0,400,4,'',0,300,4,'',0,300,4,'',0,600,4,'',0,300,4,'',0,300,4,'',0,300,4,'',0,400,4,'',0,400,4,'',0,300,4,'',0,300,4,'',0,600,4,'',0,300,4,'',0,400,4,'',0,300,4,'',0,300,4,'',0,4300,4,'',0,500,4,'',0,500,4,'',0,500,4,'',0,500,4,'',0,500,4,'',0,400,4,'',0,400,4,'',0,500,4,'',0,400,4,'',0,400,4,'',0,400,4,'',0,700,4,'',0,4400,4,'',0,400,4,'',0,500,4,'',0,800,4,'',0,600,4,'',0,900,4,'',0,800,4,'',0,500,4,'',0,600,4,'',0,4600,4,'',0,800,4,'',0,800,4,'',0,800,4,'',0,800,4,'',0,800,4,'',0,1100,4,'',0,800,4,'',0,4800,4,'',0,700,4,'',0,800,4,'',0,800,4,'',0,800,4,'',0,800,4,'',0,800,4,'',0,4800,4,'',0,800,4,'',0,800,4,'',0,800,4,'',0,800,4,'',0,800,4,'',0,800,4,'',0,800,4,'',0,4800,4,'',0,800,4,'',0,800,4,'',0,800,4,'',0,800,4,'',0,800,4,'',0,1000,4,'',0,4500,4,'',0,500,4,'',0,500,4,'',0,500,4,'',0,500,4,'',0,500,4,'',0,400,4,'',0,400,4,'',0,400,4,'',0,400,4,'',0,400,4,'',0,400,4,'',0,5100,4,'',0,300,4,'',0,300,4,'',0,300,4,'',0,300,4,'',0,500,4,'',0,400,4,'',0,600,4,'',0,400,4,'',0,300,4,'',0,300,4,'',0,400,4,'',0,400,4,'',0,400,4,'',0,300,4,'',0,300,4,'',0,200,4,'',0,100,4,'',0,4300,4,'',0,300,4,'',0,300,4,'',0,300,4,'',0,500,4,'',0,500,4,'',0,500,4,'',0,500,4,'',0,500,4,'',0,500,4,'',0,300,4,'',0,300,4,'',0,300,4,'',0,300,4,'',0,100,4,'',0,300,4,'',0,4300,4,'',0,300,4,'',0,300,4,'',0,300,4,'',0,300,4,'',0,100,4,'',0,600,4,'',0,300,4,'',0,300,4,'',0,300,4,'',0,400,4,'',0,500,4,'',0,300,4,'',0,500,4,'',0,500,4,'',0,200,4,'',0,700,4,'',0,4500,4,'',0,600,4,'',0,600,4,'',0,600,4,'',0,500,4,'',0,700,4,'',0,600,4,'',0,400,4,'',0,300,4,'',0,800,4,'',0,4800,4,'',0,1300,4,'',0,1000,4,'',0,800,4,'',0,900,4,'',0,1000,4,'',0,5000,4,'',0,1000,4,'',0,900,4,'',0,1200,4,'',0,900,4,'',0,1200,4,'',0,5300,4,'',0,1200,4,'',0,1200,4,'',0,1000,4,'',0,1200,4,'',0,5300,4,'',0,800,4,'',0,1200,4,'',0,1500,4,'',0,1300,4,'',0,5500,4,'',0,1400,4,'',0,1400,4,'',0,1500,4,'',0,5500,4,'',0,1500,4,'',0,1500,4,'',0
'2merged14514329',3781000,62600,4,'',0,1500,4,'',0,1500,4,'',0,5500,4,'',0,1500,4,'',0,1600,4,'',0,1600,4,'',0,5500,4,'',0,1500,4,'',0,1800,4,'',0,1000,4,'',0,5000,4,'',0,1000,4,'',0,1000,4,'',0,900,4,'',0,700,4,'',0,1000,4,'',0,4800,4,'',0,800,4,'',0,900,4,'',0,800,4,'',0,800,4,'',0,900,4,'',0,900,4,'',0,800,4,'',0,4800,4,'',0,700,4,'',0,800,4,'',0,800,4,'',0,800,4,'',0,1200,4,'',0,800,4,'',0,4900,4,'',0,800,4,'',0,900,4,'',0,800,4,'',0,900,4,'',0,1000,4,'',0,4900,4,'',0,800,4,'',0,900,4,'',0,800,4,'',0,900,4,'',0,800,4,'',0,900,4,'',0,800,4,'',0,4900,4,'',0,800,4,'',0,900,4,'',0,800,4,'',0,900,4,'',0,700,4,'',0,900,4,'',0,4800,4,'',0,900,4,'',0,800,4,'',0,900,4,'',0,800,4,'',0,1000,4,'',0,800,4,'',0,4700,4,'',0,800,4,'',0,700,4,'',0,600,4,'',0,700,4,'',0,800,4,'',0,700,4,'',0,600,4,'',0,4800,4,'',0,900,4,'',0,800,4,'',0,700,4,'',0,800,4,'',0,800,4,'',0,700,4,'',0,800,4,'',0,4800,4,'',0,800,4,'',0,800,4,'',0,800,4,'',0,700,4,'',0,700,4,'',0,600,4,'',0,800,4,'',0,4900,4,'',0,800,4,'',0,900,4,'',0,800,4,'',0,900,4,'',0,1000,4,'',0,5100,4,'',0,1100,4,'',0,1000,4,'',0,1000,4,'',0,1100,4,'',0,1500,4,'',0,5500,4,'',0,1500,4,'',0,1500,4,'',0,1500,4,'',0,5500,4,'',0,1600,4,'',0,1400,4,'',0,1500,4,'',0,5600,4,'',0,1400,4,'',0,1000,4,'',0,1700,4,'',0,5500,4,'',0,1400,4,'',0,1500,4,'',0,1500,4,'',0,5700,4,'',0,1400,4,'',0,1500,4,'',0
'3merged14514328',3781000,61800,4,'',0,1900,4,'',0,1500,4,'',0,5500,4,'',0,1500,4,'',0,1500,4,'',0,1500,4,'',0,5500,4,'',0,1500,4,'',0,2000,4,'',0,1500,4,'',0,5500,4,'',0,1500,4,'',0,1800,4,'',0,5500,4,'',0,1500,4,'',0,1500,4,'',0,1800,4,'',0,1100,4,'',0,5200,4,'',0,1200,4,'',0,1200,4,'',0,1400,4,'',0,5300,4,'',0,1200,4,'',0,1200,4,'',0,1200,4,'',0,1200,4,'',0,5200,4,'',0,1400,4,'',0,1300,4,'',0,1200,4,'',0,1300,4,'',0,5200,4,'',0,1200,4,'',0,1200,4,'',0,1200,4,'',0,900,4,'',0,5000,4,'',0,1000,4,'',0,1000,4,'',0,1000,4,'',0,1000,4,'',0,1000,4,'',0,5000,4,'',0,1000,4,'',0,1000,4,'',0,1000,4,'',0,1000,4,'',0,1000,4,'',0,5000,4,'',0,1000,4,'',0,1000,4,'',0,1000,4,'',0,1000,4,'',0,900,4,'',0,5000,4,'',0,1000,4,'',0,800,4,'',0,1000,4,'',0,1000,4,'',0,900,4,'',0,1000,4,'',0,5000,4,'',0,700,4,'',0,1300,4,'',0,1200,4,'',0,1000,4,'',0,5100,4,'',0,1200,4,'',0,1200,4,'',0,900,4,'',0,1500,4,'',0,600,4,'',0,5700,4,'',0,1200,4,'',0,1400,4,'',0,1400,4,'',0,5300,4,'',0,1100,4,'',0,1500,4,'',0,1500,4,'',0,5500,4,'',0,1500,4,'',0,1200,4,'',0,1300,4,'',0,1500,4,'',0,5500,4,'',0,1500,4,'',0,1500,4,'',0,1500,4,'',0,5700,4,'',0,1500,4,'',0,1500,4,'',0
