3004201,'2_merged_15529702',849,,162518,10,,,0,75,,162519,10,,,0,35,,162520,10,,,0,75,,162521,10,,,0,75,,162522,10,,,0,35,,162523,10,,,0,75,,162524,10,,,0,35,,162525,10,,,0,76,,162526,10,,,0,75,,162527,10,,,0,36,,162528,10,,,0,75,,162529,10,,,0,35,,162530,10,,,0,74,,162531,10,,,0,75,,162532,10,,,0,34,,162533,10,,,0,74,,162534,10,,,0,32,,162535,10,,,0,74,,162536,10,,,0
3004201,'3_merged_15529701',848,,162537,10,,,0,75,,162538,10,,,0,35,,162539,10,,,0,75,,162540,10,,,0,75,,162541,10,,,0,35,,162542,10,,,0,76,,162543,10,,,0,35,,162544,10,,,0,75,,162545,10,,,0,75,,162546,10,,,0,35,,162547,10,,,0,75,,162548,10,,,0,35,,162549,10,,,0,75,,162550,10,,,0,35,,162551,10,,,0,75,,162552,10,,,0,73,,162553,10,,,0,32,,162554,10,,,0,75,,162555,10,,,0
3004501,'1_merged_15529700',552,,163124,23,,,0,69,,163125,23,,,0,30,,163126,23,,,0,73,,163127,23,,,0,26,,163128,23,,,0,74,,163138,23,,,0,22,,163129,23,,,0,72,,163130,23,,,0,29,,163131,23,,,0,66,,163132,23,,,0,35,,163118,23,,,0,68,,163133,23,,,0,30,,163119,23,,,0,71,,163134,23,,,0,30,,163120,23,,,0,73,,163135,23,,,0,30,,163121,23,,,0,67,,163136,20,,,0,30,,163122,20,,,0,68,,163137,20,,,0,30,,163123,20,,,0,70,,163108,20,,,0,25,,163109,20,,,0,81,,163110,20,,,0,30,,163111,20,,,0,70,,163112,20,,,0,37,,163113,20,,,0,57,,163117,20,,,0,32,,163114,20,,,0,78,,163115,20,,,0,100,,163116,20,,,0
3004501,'2_merged_15529702',910,,163151,23,,,0,30,,163152,23,,,0,70,,163150,23,,,0,30,,163153,23,,,0,71,,163149,23,,,0,30,,163154,23,,,0,70,,163148,23,,,0,30,,163155,23,,,0,69,,163147,23,,,0,33,,163163,20,,,0,72,,163146,20,,,0,31,,163156,20,,,0,69,,163145,20,,,0,30,,163157,20,,,0,70,,163144,20,,,0,30,,163158,20,,,0,70,,163143,20,,,0,30,,163159,20,,,0,71,,163142,20,,,0,28,,163160,20,,,0,69,,163141,20,,,0,25,,163161,20,,,0,75,,163140,20,,,0,30,,163162,20,,,0,70,,163139,20,,,0
3004501,'3_merged_15529701',909,,163176,23,,,0,30,,163177,23,,,0,71,,163175,23,,,0,32,,163178,23,,,0,70,,163174,23,,,0,30,,163179,23,,,0,70,,163173,23,,,0,30,,163180,23,,,0,73,,163172,23,,,0,29,,163181,20,,,0,72,,163171,20,,,0,29,,163182,20,,,0,71,,163170,20,,,0,30,,163183,20,,,0,70,,163169,20,,,0,29,,163184,20,,,0,70,,163168,20,,,0,30,,163185,20,,,0,70,,163167,20,,,0,30,,163186,20,,,0,68,,163166,20,,,0,29,,163187,20,,,0,70,,163165,20,,,0,29,,163188,20,,,0,70,,163164,20,,,0
3004601,'101_merged_15529707',1644,,163330,26,,,0
3004601,'1_merged_15529700',458,,163347,26,,,0,62,,163348,26,,,0,20,,163349,26,,,0,18,,163350,26,,,0,55,,163351,26,,,0,15,,163333,26,,,0,16,,163352,26,,,0,12,,163353,26,,,0,57,,163354,26,,,0,13,,163355,26,,,0,18,,163334,26,,,0,12,,163384,26,,,0,53,,163363,26,,,0,13,,163364,26,,,0,20,,163365,26,,,0,61,,163366,26,,,0,30,,163367,26,,,0,70,,163368,26,,,0,30,,163369,26,,,0,72,,163370,26,,,0,31,,163371,26,,,0,69,,163372,26,,,0,32,,163373,26,,,0,70,,163374,26,,,0,30,,163375,26,,,0,70,,163376,26,,,0,31,,163377,26,,,0,69,,163378,26,,,0,19,,163331,26,,,0,20,,163382,26,,,0,61,,163385,26,,,0,22,,163383,26,,,0,73,,163356,26,,,0,11,,163357,26,,,0,13,,163358,26,,,0,15,,163359,26,,,0,13,,163360,26,,,0,55,,163361,26,,,0,23,,163362,26,,,0,21,,163332,26,,,0,64,,163380,26,,,0,17,,163381,26,,,0,69,,163335,26,,,0,28,,163336,26,,,0,72,,163379,26,,,0,27,,163337,26,,,0,70,,163338,26,,,0,30,,163346,26,,,0,70,,163339,26,,,0,30,,163340,26,,,0,70,,163345,26,,,0,30,,163341,26,,,0,70,,163342,26,,,0,30,,163344,26,,,0,70,,163343,26,,,0
3004601,'201',1644,,163386,26,,,0
3004601,'2_merged_15529702',538,,163424,26,,,0,70,,163399,26,,,0,30,,163425,26,,,0,70,,163426,26,,,0,31,,163427,26,,,0,70,,163387,26,,,0,30,,163388,26,,,0,72,,163389,26,,,0,30,,163390,26,,,0,70,,163391,26,,,0,31,,163392,26,,,0,72,,163393,26,,,0,30,,163394,26,,,0,70,,163395,26,,,0,30,,163396,26,,,0,70,,163397,26,,,0,32,,163398,26,,,0,70,,163400,26,,,0,30,,163401,26,,,0,70,,163402,26,,,0,30,,163403,26,,,0,70,,163404,26,,,0,30,,163405,26,,,0,70,,163406,26,,,0,30,,163407,26,,,0,68,,163408,26,,,0,30,,163409,26,,,0,69,,163410,26,,,0,29,,163411,26,,,0,70,,163412,26,,,0,30,,163413,26,,,0,71,,163414,26,,,0,29,,163415,26,,,0,69,,163416,26,,,0,31,,163417,26,,,0,69,,163418,26,,,0,30,,163419,26,,,0,70,,163420,26,,,0,28,,163421,26,,,0,70,,163422,26,,,0,30,,163423,26,,,0
3004601,'3_merged_15529701',538,,163429,26,,,0,70,,163430,26,,,0,30,,163431,26,,,0,70,,163432,26,,,0,30,,163433,26,,,0,70,,163434,26,,,0,31,,163435,26,,,0,70,,163436,26,,,0,30,,163437,26,,,0,71,,163438,26,,,0,32,,163439,26,,,0,70,,163440,26,,,0,30,,163441,26,,,0,72,,163428,26,,,0,30,,163442,26,,,0,70,,163443,26,,,0,30,,163444,26,,,0,70,,163445,26,,,0,30,,163446,26,,,0,70,,163447,26,,,0,30,,163448,26,,,0,70,,163449,26,,,0,33,,163450,26,,,0,67,,163451,26,,,0,33,,163452,26,,,0,67,,163453,26,,,0,30,,163454,26,,,0,69,,163455,26,,,0,29,,163456,26,,,0,70,,163457,26,,,0,29,,163458,26,,,0,70,,163459,26,,,0,30,,163460,26,,,0,70,,163461,26,,,0,27,,163462,26,,,0,70,,163463,26,,,0,30,,163464,26,,,0,70,,163465,26,,,0,30,,163466,26,,,0,70,,163467,26,,,0
