674100,'101_merged_15288070',1536,,89946,41,,,0
674100,'1_merged_15288063',440,,89947,41,,,0,70,,89948,41,,,0,28,,89949,41,,,0,17,,89950,41,,,0,55,,89951,41,,,0,18,,89953,3,,,0,1,,89952,41,,,0,9,,89954,24,,,0,9,,89955,24,,,0,6,,89956,3,,,0,5,,89957,24,,,0,50,,89958,3,,,0,12,,89959,38,,,0,11,,89960,3,,,0,10,,89961,24,,,0,11,,89962,38,,,0,50,,89963,3,,,0,16,,89964,41,,,0,14,,89965,41,,,0,15,,89966,38,,,0,53,,89967,41,,,0,15,,89968,41,,,0,13,,89969,24,,,0,15,,89970,41,,,0,16,,89971,41,,,0,55,,89972,41,,,0,19,,89973,41,,,0,70,,89974,41,,,0,28,,89975,41,,,0,20,,90016,41,,,0,60,,89976,41,,,0,21,,89977,41,,,0,20,,90014,41,,,0,60,,89978,41,,,0,20,,90013,41,,,0,19,,89979,41,,,0,61,,90015,41,,,0,20,,89980,41,,,0,18,,89981,41,,,0,52,,89982,41,,,0,16,,89983,41,,,0,13,,89984,41,,,0,16,,89985,41,,,0,55,,89986,41,,,0,15,,89987,41,,,0,14,,89988,41,,,0,15,,89989,41,,,0,55,,89990,41,,,0,15,,89991,41,,,0,15,,89992,41,,,0,15,,89993,41,,,0,55,,89994,38,,,0,15,,89995,41,,,0,16,,89996,41,,,0,21,,89997,38,,,0,61,,89998,41,,,0,19,,89999,41,,,0,19,,90000,41,,,0,59,,90001,41,,,0,20,,90002,41,,,0,20,,90003,41,,,0,60,,90004,41,,,0,27,,90005,41,,,0,69,,90006,41,,,0,30,,90007,41,,,0,70,,90008,41,,,0,30,,90009,41,,,0,100,,90010,41,,,0,92,,90011,41,,,0,130,,90012,20,4,,0
674100,'2_merged_15288065',444,,90062,41,,,0,104,,90061,41,,,0,105,,90060,41,,,0,70,,90059,41,,,0,22,,90067,41,,,0,62,,90058,41,,,0,22,,90056,41,,,0,20,,90068,41,,,0,62,,90055,41,,,0,21,,90054,41,,,0,20,,90069,41,,,0,61,,90053,41,,,0,20,,90057,41,,,0,22,,90070,41,,,0,62,,90052,41,,,0,21,,90051,41,,,0,20,,90023,41,,,0,60,,90050,41,,,0,20,,90049,41,,,0,20,,90022,41,,,0,60,,90048,41,,,0,20,,90047,41,,,0,20,,90021,41,,,0,60,,90046,41,,,0,20,,90045,41,,,0,20,,90020,41,,,0,62,,90032,41,,,0,21,,90031,41,,,0,60,,90019,41,,,0,17,,90044,41,,,0,15,,90063,41,,,0,15,,90043,41,,,0,55,,90018,41,,,0,15,,90042,41,,,0,15,,90064,41,,,0,15,,90041,41,,,0,55,,90017,41,,,0,15,,90024,41,,,0,15,,90065,41,,,0,15,,90040,41,,,0,60,,90039,41,,,0,20,,90038,41,,,0,20,,90066,41,,,0,59,,90037,41,,,0,20,,90036,41,,,0,32,,90035,41,,,0,68,,90034,41,,,0,30,,90026,41,,,0,70,,90033,41,,,0,30,,90025,41,,,0,77,,90030,41,,,0,97,,90029,41,,,0,108,,90028,41,,,0,163,,90027,41,,,0
674100,'3_merged_15288064',443,,90116,41,,,0,105,,90115,41,,,0,104,,90114,41,,,0,72,,90113,41,,,0,31,,90112,41,,,0,70,,90110,41,,,0,20,,90122,41,,,0,61,,90109,41,,,0,20,,90108,41,,,0,20,,90123,41,,,0,60,,90107,41,,,0,22,,90111,41,,,0,20,,90124,41,,,0,61,,90106,41,,,0,22,,90105,41,,,0,19,,90125,41,,,0,53,,90077,41,,,0,20,,90104,41,,,0,20,,90103,41,,,0,60,,90076,41,,,0,20,,90102,41,,,0,20,,90101,41,,,0,60,,90075,41,,,0,20,,90100,41,,,0,20,,90099,41,,,0,60,,90074,41,,,0,20,,90086,41,,,0,20,,90085,41,,,0,60,,90073,41,,,0,17,,90098,41,,,0,15,,90117,41,,,0,14,,90097,41,,,0,55,,90072,41,,,0,15,,90096,41,,,0,14,,90118,41,,,0,15,,90095,41,,,0,55,,90071,41,,,0,15,,90078,41,,,0,13,,90119,41,,,0,15,,90094,41,,,0,55,,90093,41,,,0,15,,90120,41,,,0,15,,90092,41,,,0,16,,90121,41,,,0,59,,90091,41,,,0,20,,90090,41,,,0,32,,90089,41,,,0,69,,90088,41,,,0,30,,90080,41,,,0,70,,90087,41,,,0,30,,90079,41,,,0,74,,90084,41,,,0,100,,90083,41,,,0,107,,90082,41,,,0,163,,90081,41,,,0
674200,'1_merged_15288063',555,,90295,20,,,0,88,,90296,20,,,0,13,,90289,20,,,0,73,,90290,20,,,0,29,,90291,20,,,0,74,,90292,20,,,0,68,,90293,20,,,0,13,,90294,20,,,0
674300,'1_merged_15288063',629,,90308,25,,,0,90,,90309,25,,,0,31,,90310,25,,,0,69,,90311,25,,,0,21,,90312,25,,,0
674400,'1_merged_15288063',712,,90334,18,,,0,17,,90335,18,,,0,25,,90336,18,,,0,51,,90337,18,,,0,12,,90338,18,,,0
674800,'1_merged_15288063',555,,90658,3,,,0,63,,90662,3,,,0,10,,90664,3,,,0,15,,90666,3,,,0,15,,90668,3,,,0,55,,90670,3,,,0,15,,90672,3,,,0,15,,90674,3,,,0,15,,90676,3,,,0,55,,90677,3,,,0,15,,90678,3,,,0,15,,90679,3,,,0,15,,90680,3,,,0,54,,90681,3,,,0,16,,90682,3,,,0,15,,90683,3,,,0,15,,90684,3,,,0,55,,90685,3,,,0,20,,90686,3,,,0,20,,90687,3,,,0,60,,90688,3,,,0,20,,90689,3,,,0,20,,90690,3,,,0,60,,90691,3,,,0,20,,90692,3,,,0,20,,90694,3,,,0,60,,90696,3,,,0,20,,90699,3,,,0,20,,90702,3,,,0,58,,90704,3,,,0,14,,90706,3,,,0,15,,90708,3,,,0,16,,90710,3,,,0,55,,90712,3,,,0,15,,90714,3,,,0,15,,90716,3,,,0,11,,90718,3,,,0,53,,90720,3,,,0,16,,90722,3,,,0,14,,90724,3,,,0,15,,90726,3,,,0,52,,90727,3,,,0,21,,90728,3,,,0,20,,90729,3,,,0,8,,90730,3,,,0,58,,90731,3,,,0,19,,90732,3,,,0,21,,90733,3,,,0,60,,90734,3,,,0,20,,90735,3,,,0,20,,90736,3,,,0,60,,90737,3,,,0,20,,90738,3,,,0,20,,90739,3,,,0,60,,90740,3,,,0,20,,90741,3,,,0,20,,90742,3,,,0,60,,90743,3,,,0,20,,90744,3,,,0,20,,90745,3,,,0,60,,90746,3,,,0,32,,90747,3,,,0
674800,'2_merged_15288065',700,,90781,3,,,0,20,,90782,3,,,0,20,,90783,3,,,0,60,,90748,3,,,0,30,,90749,3,,,0,70,,90750,3,,,0,30,,90751,3,,,0,70,,90752,3,,,0,30,,90753,3,,,0,70,,90754,3,,,0,30,,90755,3,,,0,70,,90756,3,,,0,30,,90757,3,,,0,28,,90758,3,,,0,60,,90759,3,,,0,20,,90784,3,,,0,20,,90760,3,,,0,60,,90785,3,,,0,20,,90761,3,,,0,20,,90762,3,,,0,60,,90786,3,,,0,20,,90763,3,,,0,62,,90764,3,,,0,30,,90765,3,,,0,70,,90766,3,,,0,30,,90767,3,,,0,70,,90768,3,,,0,30,,90769,3,,,0,70,,90770,3,,,0,30,,90771,3,,,0,70,,90772,3,,,0,30,,90773,3,,,0,70,,90774,3,,,0,30,,90775,3,,,0,70,,90776,3,,,0,22,,90777,3,,,0,20,,90787,3,,,0,60,,90778,3,,,0,25,,90779,3,,,0
674800,'3_merged_15288064',727,,90809,3,,,0,32,,90818,3,,,0,70,,90789,3,,,0,30,,90819,3,,,0,70,,90790,3,,,0,30,,90820,3,,,0,70,,90788,3,,,0,30,,90805,3,,,0,70,,90814,3,,,0,30,,90804,3,,,0,70,,90813,3,,,0,30,,90803,3,,,0,70,,90812,3,,,0,30,,90802,3,,,0,70,,90795,3,,,0,30,,90801,3,,,0,70,,90811,3,,,0,30,,90800,3,,,0,70,,90810,3,,,0,30,,90799,3,,,0,70,,90806,3,,,0,30,,90798,3,,,0,70,,90808,3,,,0,30,,90797,3,,,0,70,,90794,3,,,0,30,,90796,3,,,0,70,,90793,3,,,0,30,,90815,3,,,0,70,,90807,3,,,0,30,,90816,3,,,0,70,,90792,3,,,0,30,,90817,3,,,0,71,,90791,3,,,0
