666701,'101_merged_15524987',833,,136187,20,,,0
666701,'1_merged_15524980',453,,136215,20,,,0,58,,136255,20,,,0,23,,136188,20,,,0,20,,136189,20,,,0,60,,136190,20,,,0,17,,136191,20,,,0,11,,136192,20,,,0,8,,136193,20,,,0,9,,136194,20,,,0,54,,136259,20,,,0,16,,136260,20,,,0,17,,136195,20,,,0,11,,136196,20,,,0,59,,136197,20,,,0,33,,136198,20,,,0,55,,136199,20,,,0,16,,136200,20,,,0,14,,136258,20,,,0,17,,136216,20,,,0,53,,136217,20,,,0,15,,136254,20,,,0,15,,136201,20,,,0,15,,136202,20,,,0,55,,136203,20,,,0,16,,136204,20,,,0,14,,136205,20,,,0,16,,136206,20,,,0,55,,136207,20,,,0,17,,136257,20,,,0,15,,136218,20,,,0,15,,136219,20,,,0,55,,136253,20,,,0,15,,136208,20,,,0,15,,136209,20,,,0,14,,136210,20,,,0,55,,136211,20,,,0,16,,136212,20,,,0,16,,136213,20,,,0,14,,136214,20,,,0,55,,136256,20,,,0,16,,136220,20,,,0,13,,136221,20,,,0,17,,136252,20,,,0,55,,136222,20,,,0,13,,136223,20,,,0,15,,136224,20,,,0,15,,136225,20,,,0,54,,136226,20,,,0,15,,136227,20,,,0,11,,136228,20,,,0,19,,136229,20,,,0,55,,136251,20,,,0,15,,136236,20,,,0,15,,136248,20,,,0,14,,136249,20,,,0,55,,136230,20,,,0,14,,136231,20,,,0,15,,136232,20,,,0,14,,136233,20,,,0,55,,136234,20,,,0,15,,136235,20,,,0,15,,136250,20,,,0,21,,136237,20,,,0,57,,136247,20,,,0,19,,136238,20,,,0,27,,136239,20,,,0,71,,136240,20,,,0,32,,136241,20,,,0,72,,136242,20,,,0,70,,136243,20,,,0,27,,136244,20,,,0,30,,136245,20,,,0,70,,136246,20,,,0
666701,'201',833,,136261,20,,,0
666701,'2_merged_15524982',603,,136270,20,,,0,29,,136271,20,,,0,20,,136288,20,,,0,61,,136289,20,,,0,20,,136285,20,,,0,15,,136290,20,,,0,57,,136291,20,,,0,14,,136292,20,,,0,15,,136293,20,,,0,11,,136294,20,,,0,8,,136262,20,,,0,53,,136295,20,,,0,16,,136296,20,,,0,14,,136297,20,,,0,13,,136298,20,,,0,56,,136299,20,,,0,18,,136300,20,,,0,16,,136301,20,,,0,14,,136302,20,,,0,55,,136303,20,,,0,13,,136305,20,,,0,15,,136306,20,,,0,17,,136307,20,,,0,55,,136304,20,,,0,17,,136308,20,,,0,14,,136284,20,,,0,13,,136309,20,,,0,56,,136310,20,,,0,14,,136311,20,,,0,15,,136313,20,,,0,16,,136314,20,,,0,55,,136315,20,,,0,17,,136316,20,,,0,15,,136317,20,,,0,17,,136318,20,,,0,55,,136319,20,,,0,16,,136320,20,,,0,15,,136321,20,,,0,13,,136322,20,,,0,54,,136323,20,,,0,15,,136324,20,,,0,15,,136325,20,,,0,14,,136326,20,,,0,55,,136327,20,,,0,14,,136328,20,,,0,15,,136263,20,,,0,15,,136264,20,,,0,64,,136265,20,,,0,14,,136266,20,,,0,11,,136287,20,,,0,14,,136267,20,,,0,55,,136268,20,,,0,15,,136286,20,,,0,14,,136269,20,,,0,16,,136273,20,,,0,60,,136272,20,,,0,19,,136274,20,,,0,21,,136275,20,,,0,71,,136312,20,,,0,73,,136276,20,,,0,31,,136277,20,,,0,75,,136278,20,,,0,27,,136279,20,,,0,69,,136280,20,,,0,33,,136281,20,,,0,70,,136282,20,,,0,25,,136283,20,,,0
666701,'3_merged_15524981',714,,136344,20,,,0,20,,136345,20,,,0,17,,136330,20,,,0,57,,136346,20,,,0,15,,136347,20,,,0,14,,136343,20,,,0,12,,136329,20,,,0,53,,136348,20,,,0,12,,136349,20,,,0,12,,136350,20,,,0,12,,136351,20,,,0,9,,136352,20,,,0,59,,136353,20,,,0,16,,136354,20,,,0,15,,136355,20,,,0,13,,136356,20,,,0,57,,136357,20,,,0,15,,136358,20,,,0,15,,136359,20,,,0,16,,136338,20,,,0,55,,136339,20,,,0,18,,136340,20,,,0,14,,136360,20,,,0,15,,136361,20,,,0,55,,136362,20,,,0,14,,136363,20,,,0,15,,136364,20,,,0,14,,136365,20,,,0,54,,136366,20,,,0,17,,136367,20,,,0,16,,136368,20,,,0,15,,136369,20,,,0,56,,136337,20,,,0,14,,136370,20,,,0,13,,136371,20,,,0,16,,136372,20,,,0,55,,136373,20,,,0,14,,136374,20,,,0,13,,136375,20,,,0,19,,136376,20,,,0,53,,136377,20,,,0,15,,136378,20,,,0,15,,136379,20,,,0,15,,136380,20,,,0,56,,136381,20,,,0,16,,136382,20,,,0,15,,136342,20,,,0,14,,136383,20,,,0,52,,136384,20,,,0,15,,136341,20,,,0,15,,136385,20,,,0,15,,136386,20,,,0,60,,136387,20,,,0,21,,136388,20,,,0,26,,136389,20,,,0,73,,136390,20,,,0,28,,136331,20,,,0,75,,136332,20,,,0,71,,136333,20,,,0,25,,136334,20,,,0,70,,136335,20,,,0,28,,136336,20,,,0
684101,'1_merged_15524980',339,,155626,12,,,0,69,,155625,12,,,0,12,,155624,12,,,0,2007,,155628,12,,,0,30,,155622,12,,,0,75,,155621,12,,,0,70,,155620,12,,,0,30,,155623,12,,,0,75,,155627,12,,,0
684101,'2_merged_15524982',335,,155629,12,,,0,70,,155634,12,,,0,32,,155635,12,,,0,66,,155636,12,,,0,29,,155633,12,,,0,1891,,155638,12,,,0,35,,155630,12,,,0,77,,155637,12,,,0,21,,155631,12,,,0,69,,155632,12,,,0,78,,155639,12,,,0
684101,'3_merged_15524981',337,,155648,12,,,0,70,,155650,12,,,0,30,,155647,12,,,0,70,,155646,12,,,0,13,,155653,12,,,0,15,,155643,12,,,0,15,,155654,12,,,0,55,,155645,12,,,0,1750,,155651,12,,,0,74,,155652,12,,,0,30,,155640,12,,,0,67,,155641,12,,,0,30,,155642,12,,,0,78,,155644,12,,,0,70,,155649,12,,,0
750900,'1_merged_15524980',956,,156227,9,,,0,75,,156228,9,,,0,75,,156229,9,,,0,35,,156230,9,,,0,75,,156231,9,,,0,35,,156232,9,,,0,75,,156233,9,,,0,75,,156234,9,,,0,35,,156235,9,,,0,75,,156236,9,,,0,35,,156237,9,,,0,76,,156238,9,,,0,35,,156239,9,,,0,74,,156240,9,,,0,75,,156241,9,,,0,35,,156242,9,,,0,75,,156243,9,,,0,35,,156244,9,,,0,70,,156245,9,,,0
750900,'2_merged_15524982',806,,156246,9,,,0,30,,156247,9,,,0,70,,156248,9,,,0,25,,156249,9,,,0,20,,156250,9,,,0,61,,156251,9,,,0,20,,156252,9,,,0,20,,156253,9,,,0,60,,156254,9,,,0,20,,156255,9,,,0,20,,156256,9,,,0,60,,156257,9,,,0,20,,156258,9,,,0,20,,156259,9,,,0,60,,156260,9,,,0,20,,156261,9,,,0,20,,156262,9,,,0,60,,156263,9,,,0,20,,156264,9,,,0,20,,156265,9,,,0,60,,156266,9,,,0,20,,156267,9,,,0,20,,156268,9,,,0,60,,156269,9,,,0,20,,156270,9,,,0,20,,156271,9,,,0,59,,156272,9,,,0,20,,156273,9,,,0,20,,156274,9,,,0,60,,156275,9,,,0,23,,156276,9,,,0,17,,156277,9,,,0,60,,156278,9,,,0,20,,156279,9,,,0,20,,156280,9,,,0,60,,156281,9,,,0
750900,'3_merged_15524981',805,,156282,9,,,0,30,,156283,9,,,0,71,,156284,9,,,0,25,,156285,9,,,0,20,,156286,9,,,0,60,,156287,9,,,0,20,,156288,9,,,0,22,,156289,9,,,0,60,,156290,9,,,0,20,,156291,9,,,0,20,,156292,9,,,0,60,,156293,9,,,0,20,,156294,9,,,0,20,,156295,9,,,0,60,,156296,9,,,0,20,,156297,9,,,0,20,,156298,9,,,0,60,,156299,9,,,0,20,,156300,9,,,0,23,,156301,9,,,0,60,,156302,9,,,0,19,,156303,9,,,0,20,,156304,9,,,0,60,,156305,9,,,0,20,,156306,9,,,0,20,,156307,9,,,0,60,,156308,9,,,0,20,,156309,9,,,0,20,,156310,9,,,0,60,,156311,9,,,0,20,,156312,9,,,0,20,,156313,9,,,0,60,,156314,9,,,0,20,,156315,9,,,0,20,,156316,9,,,0,60,,156317,9,,,0
