666100,'101_merged_15288070',1521,,74911,2,,,0
666100,'1_merged_15288063',552,,74941,19,,,0,55,,74942,19,,,0,15,,74943,19,,,0,15,,74944,19,,,0,15,,74945,19,,,0,57,,74946,19,,,0,16,,74947,19,,,0,11,,74948,19,,,0,19,,74949,19,,,0,55,,74950,19,,,0,16,,74951,19,,,0,14,,74952,19,,,0,18,,74953,19,,,0,55,,74954,19,,,0,29,,74955,19,,,0,70,,74956,19,,,0,30,,74957,19,,,0,70,,74958,19,,,0,30,,74959,19,,,0,69,,74912,19,,,0,31,,74913,19,,,0,71,,74914,19,,,0,30,,74915,19,,,0,70,,74916,19,,,0,26,,74917,19,,,0,72,,74918,19,,,0,15,,74919,19,,,0,14,,74920,19,,,0,14,,74921,19,,,0,58,,74922,19,,,0,13,,74923,19,,,0,17,,74924,19,,,0,17,,74925,19,,,0,53,,74926,19,,,0,15,,74927,19,,,0,15,,74928,19,,,0,15,,74929,19,,,0,55,,74930,19,,,0,12,,74931,19,,,0,18,,74932,19,,,0,58,,74933,19,,,0,20,,74934,19,,,0,29,,74935,19,,,0,70,,74936,19,,,0,30,,74937,19,,,0,70,,74938,19,,,0,30,,74939,19,,,0,66,,74940,19,,,0,100,,74960,19,,,0
666100,'2_merged_15288065',615,,74968,19,,,0,30,,74972,19,,,0,70,,74966,19,,,0,30,,74969,19,,,0,70,,74970,19,,,0,32,,74967,19,,,0,70,,74963,19,,,0,30,,74974,19,,,0,70,,74962,19,,,0,30,,74961,19,,,0,71,,74985,19,,,0,30,,74989,19,,,0,70,,74965,19,,,0,30,,74988,19,,,0,70,,74987,19,,,0,31,,74986,19,,,0,70,,74973,19,,,0,30,,74991,19,,,0,70,,74984,19,,,0,30,,74976,19,,,0,70,,74990,19,,,0,30,,74983,19,,,0,70,,74982,19,,,0,30,,74981,19,,,0,70,,74980,19,,,0,29,,74979,19,,,0,70,,74964,19,,,0,30,,74978,19,,,0,70,,74992,19,,,0,30,,74977,19,,,0,70,,74993,19,,,0,30,,74971,19,,,0,70,,74994,19,,,0,30,,74975,19,,,0,100,,74995,19,,,0
666100,'3_merged_15288064',747,,74997,19,,,0,70,,75013,19,,,0,30,,74998,19,,,0,70,,75014,19,,,0,30,,74999,19,,,0,71,,75015,19,,,0,30,,75000,19,,,0,71,,75016,19,,,0,30,,75001,19,,,0,70,,75017,19,,,0,30,,75002,19,,,0,71,,75018,19,,,0,30,,75003,19,,,0,70,,75019,19,,,0,30,,75004,19,,,0,70,,75020,19,,,0,29,,75005,19,,,0,70,,75021,19,,,0,30,,75006,19,,,0,70,,75022,19,,,0,30,,75007,19,,,0,69,,75023,19,,,0,30,,75008,19,,,0,70,,74996,19,,,0,30,,75009,19,,,0,68,,75024,19,,,0,32,,75010,19,,,0,70,,75025,19,,,0,30,,75011,19,,,0,100,,75012,19,,,0,100,,75026,19,,,0
666400,'1_merged_15288063',547,,75691,23,,,0,70,,75684,23,,,0,28,,75685,23,,,0,70,,75656,23,,,0,30,,75657,23,,,0,73,,75658,23,,,0,37,,75659,23,,,0,68,,75660,23,,,0,30,,75688,23,,,0,70,,75661,23,,,0,30,,75662,23,,,0,73,,75663,23,,,0,30,,75664,23,,,0,70,,75665,23,,,0,30,,75666,23,,,0,70,,75667,23,,,0,27,,75668,23,,,0,71,,75670,23,,,0,31,,75671,23,,,0,74,,75672,23,,,0,30,,75686,23,,,0,70,,75673,23,,,0,30,,75674,23,,,0,70,,75675,23,,,0,30,,75676,23,,,0,69,,75677,23,,,0,30,,75655,23,,,0,70,,75669,23,,,0,25,,75678,23,,,0,63,,75679,23,,,0,35,,75687,23,,,0,74,,75690,23,,,0,82,,75680,23,,,0,40,,75681,23,,,0,79,,75682,23,,,0,79,,75689,23,,,0,38,,75683,23,,,0
666400,'2_merged_15288065',620,,75692,23,,,0,30,,75693,23,,,0,70,,75694,23,,,0,30,,75695,23,,,0,70,,75696,23,,,0,30,,75697,23,,,0,70,,75698,23,,,0,30,,75699,23,,,0,72,,75700,23,,,0,30,,75701,23,,,0,72,,75702,23,,,0,30,,75703,23,,,0,70,,75704,23,,,0,30,,75705,23,,,0,70,,75706,23,,,0,30,,75707,23,,,0,72,,75708,23,,,0,30,,75709,23,,,0,70,,75710,23,,,0,30,,75711,23,,,0,68,,75712,23,,,0,30,,75713,23,,,0,70,,75714,23,,,0,30,,75715,23,,,0,70,,75716,23,,,0,28,,75717,23,,,0,71,,75718,23,,,0,30,,75719,23,,,0,98,,75720,23,,,0,100,,75721,23,,,0,99,,75722,23,,,0,100,,75723,23,,,0,97,,75724,23,,,0
666400,'3_merged_15288064',731,,75725,23,,,0,100,,75726,23,,,0,99,,75727,23,,,0,100,,75728,23,,,0,102,,75729,23,,,0,70,,75743,23,,,0,31,,75730,23,,,0,70,,75744,23,,,0,30,,75731,23,,,0,70,,75745,23,,,0,30,,75732,23,,,0,70,,75746,23,,,0,30,,75733,23,,,0,70,,75747,23,,,0,30,,75734,23,,,0,70,,75748,23,,,0,30,,75735,23,,,0,70,,75749,23,,,0,30,,75736,23,,,0,98,,75737,23,,,0,100,,75738,23,,,0,100,,75739,23,,,0,100,,75742,23,,,0,99,,75740,23,,,0,118,,75741,23,,,0
666500,'1_merged_15288063',545,,75873,19,,,0,70,,75883,19,,,0,30,,75882,19,,,0,72,,75881,19,,,0,30,,75880,19,,,0,72,,75879,19,,,0,30,,75866,19,,,0,70,,75878,19,,,0,28,,75865,19,,,0,70,,75864,19,,,0,30,,75863,19,,,0,70,,75877,19,,,0,30,,75862,19,,,0,70,,75876,19,,,0,30,,75875,19,,,0,70,,75855,19,,,0,30,,75872,19,,,0,78,,75861,19,,,0,23,,75860,19,,,0,73,,75871,19,,,0,34,,75874,19,,,0,68,,75870,19,,,0,29,,75869,19,,,0,69,,75868,19,,,0,29,,75859,19,,,0,69,,75867,19,,,0,28,,75858,19,,,0,70,,75857,19,,,0,30,,75856,19,,,0,65,,75854,19,,,0,32,,75853,19,,,0,71,,75852,19,,,0,31,,75851,19,,,0,70,,75850,19,,,0,31,,75849,19,,,0,68,,75848,19,,,0
666500,'2_merged_15288065',557,,75887,19,,,0,70,,75888,19,,,0,30,,75889,19,,,0,70,,75890,19,,,0,30,,75909,19,,,0,70,,75891,19,,,0,32,,75892,19,,,0,70,,75893,19,,,0,30,,75901,19,,,0,73,,75894,19,,,0,70,,75895,19,,,0,30,,75896,19,,,0,70,,75886,19,,,0,29,,75903,19,,,0,70,,75884,19,,,0,30,,75904,19,,,0,71,,75905,19,,,0,20,,75906,19,,,0,20,,75916,19,,,0,60,,75907,19,,,0,20,,75908,19,,,0,20,,75917,19,,,0,60,,75885,19,,,0,20,,75910,19,,,0,20,,75918,19,,,0,60,,75911,19,,,0,20,,75912,19,,,0,20,,75919,19,,,0,60,,75914,19,,,0,20,,75897,19,,,0,26,,75898,19,,,0,72,,75899,19,,,0,25,,75920,19,,,0,66,,75915,19,,,0,29,,75921,19,,,0,70,,75902,19,,,0,100,,75913,19,,,0,100,,75900,19,,,0,105,,75922,19,,,0
666500,'3_merged_15288064',724,,75951,19,,,0,80,,75942,19,,,0,30,,75932,19,,,0,70,,75931,19,,,0,30,,75930,19,,,0,70,,75950,19,,,0,30,,75929,19,,,0,71,,75928,19,,,0,30,,75923,19,,,0,70,,75933,19,,,0,30,,75948,19,,,0,71,,75935,19,,,0,30,,75947,19,,,0,70,,75946,19,,,0,16,,75952,19,,,0,20,,75945,19,,,0,60,,75944,19,,,0,20,,75953,19,,,0,20,,75943,19,,,0,60,,75934,19,,,0,20,,75954,19,,,0,20,,75941,19,,,0,60,,75940,19,,,0,20,,75955,19,,,0,20,,75939,19,,,0,60,,75937,19,,,0,19,,75956,19,,,0,20,,75927,19,,,0,65,,75926,19,,,0,30,,75925,19,,,0,70,,75957,19,,,0,30,,75936,19,,,0,70,,75958,19,,,0,25,,75949,19,,,0,100,,75938,19,,,0,104,,75924,19,,,0
