683100,'1_merged_15288063',2609,,95466,25,4,,0,30,,95465,25,4,,0,68,,95464,25,4,,0
683100,'2_merged_15288065',2609,,95469,25,4,,0,30,,95468,25,4,,0,70,,95467,25,4,,0
683100,'3_merged_15288064',2609,,95472,25,4,,0,30,,95471,25,4,,0,68,,95470,25,4,,0
683101,'1_merged_15288063',2609,,95475,1,,,0,30,,95474,1,,,0,70,,95473,1,,,0
683101,'2_merged_15288065',2609,,95477,1,,,0,30,,95476,1,,,0,70,,95478,1,,,0
683101,'3_merged_15288064',2609,,95481,1,,,0,30,,95480,1,,,0,70,,95479,1,,,0
683400,'1201_merged_15288056',2554,,95503,1,,,0,62,,95506,1,,,0,25,,95504,1,0,6 7 8,0,104,,95505,1,,,0
683400,'1_merged_15288063',2539,,95513,1,,,0,67,,95511,1,,,0,21,,95508,1,0,6 7 8,0,28,,95512,1,,,0,55,,95510,1,,,0,19,,95509,1,,,0,71,,95507,1,,,0,25,,95514,1,,,0
683400,'2_merged_15288065',434,,95524,1,,,0,14,,95523,1,,,0,71,,95527,1,,,0,20,,95522,1,,,0,69,,95521,1,,,0,1902,,95528,1,,,0,19,,95529,1,,,0,20,,95526,1,,,0,60,,95530,1,,,0,15,,95519,1,,,0,15,,95516,1,,,0,15,,95518,1,,,0,60,,95517,1,,,0,20,,95520,1,0,6 7 8,0,20,,95515,1,0,6 7 8,0,65,,95525,1,,,0
683400,'3_merged_15288064',437,,95540,1,,,0,70,,95541,1,,,0,15,,95542,1,,,0,15,,95548,1,,,0,15,,95547,1,,,0,56,,95543,1,,,0,21,,95531,1,,,0,20,,95549,1,,,0,60,,95544,1,,,0,1733,,95546,1,,,0,67,,95545,1,,,0,22,,95535,1,,,0,78,,95532,1,,,0,20,,95537,1,0,6 7 8,0,20,,95533,1,,,0,62,,95534,1,,,0,20,,95536,1,0,6 7 8,0,20,,95538,1,0,6 7 8,0,61,,95539,1,,,0
683401,'1_merged_15288063',2600,,95552,84,4,,0,28,,95551,84,4,,0,72,,95550,84,4,,0
683401,'2_merged_15288065',2520,,95556,84,4,,0,81,,95555,84,4,,0,30,,95554,84,4,,0,71,,95553,84,4,,0
683401,'3_merged_15288064',2559,,95557,84,4,,0,70,,95558,84,4,,0,30,,95559,84,4,,0
683500,'1_merged_15288063',2600,,95561,57,4,,0,15,,95560,57,4,,0,15,,95563,57,4,,0,70,,95564,57,4,,0,30,,95562,57,4,,0,70,,95565,57,4,,0,30,,95566,57,4,,0,70,,95567,57,4,,0
683500,'2_merged_15288065',2606,,95571,57,4,,0,15,,95568,57,4,,0,15,,95570,57,4,,0,68,,95569,57,4,,0,30,,95572,57,4,,0,70,,95573,57,4,,0,30,,95574,57,4,,0,70,,95575,57,4,,0
683500,'3_merged_15288064',2600,,95578,57,4,,0,30,,95577,57,4,,0,70,,95576,57,4,,0
683501,'1_merged_15288063',2609,,95580,1,,,0,20,,95579,1,,,0,20,,95581,1,,,0,60,,95582,1,,,0,30,,95583,1,,,0,70,,95584,1,,,0,30,,95585,1,,,0,70,,95586,1,,,0
683501,'2_merged_15288065',2609,,95590,1,,,0,20,,95587,1,,,0,20,,95589,1,,,0,60,,95588,1,,,0,30,,95591,1,,,0,70,,95592,1,,,0,30,,95593,1,,,0,70,,95594,1,,,0
683501,'3_merged_15288064',2609,,95597,1,,,0,30,,95596,1,,,0,70,,95595,1,,,0
683700,'1101_merged_15288074',2620,,95616,1,,,0
683700,'1201_merged_15288056',2620,,95617,1,,,0
683700,'1_merged_15288063',2500,,95624,1,,,0,20,,95623,1,,,0,20,,95619,1,,,0,69,,95622,1,,,0,34,,95621,1,,,0,59,,95620,1,,,0,28,,95618,1,,,0
683700,'2_merged_15288065',2502,,95627,1,,,0,22,,95632,1,,,0,14,,95626,1,,,0,19,,95631,1,,,0,60,,95628,1,,,0,30,,95630,1,,,0,12,,95629,1,,,0,74,,95625,1,,,0
683700,'3_merged_15288064',2332,,95638,1,,,0,73,,95637,1,,,0,30,,95636,1,,,0,80,,95635,1,,,0,31,,95634,1,,,0,64,,95641,1,,,0,48,,95640,1,,,0,65,,95639,1,,,0
683701,'1_merged_15288063',2530,,95648,31,4,,0,103,,95649,53,4,,0
683701,'2_merged_15288065',2532,,95650,31,4,,0,107,,95651,53,4,,0
683701,'3_merged_15288064',2400,,95655,31,4,,0,29,,95654,31,4,,0,81,,95657,53,4,,0,29,,95656,53,4,,0,108,,95658,53,4,,0,69,,95664,53,4,,0
