664300,'1_merged_15288063',555,,70146,39,4,,0,60,,70147,39,4,,0,20,,70148,39,4,,0,20,,70149,39,4,,0,60,,70150,39,4,,0,22,,70151,39,4,,0,63,,70152,39,4,,0,20,,70153,39,4,,0,24,,70154,39,4,,0,60,,70155,39,4,,0,24,,70156,39,4,,0,22,,70157,39,4,,0,75,,70158,39,4,,0,30,,70159,39,4,,0,70,,70160,39,4,,0,30,,70161,39,4,,0,70,,70162,39,4,,0,30,,70163,39,4,,0,70,,70164,39,4,,0,30,,70165,39,4,,0,69,,70166,39,4,,0,34,,70167,39,4,,0,76,,70168,39,4,,0,18,,70169,39,4,,0,60,,70170,39,4,,0,20,,70171,39,4,,0,22,,70172,39,4,,0,60,,70173,39,4,,0,20,,70174,39,4,,0,11,,70175,39,4,,0,58,,70176,39,4,,0,17,,70177,39,4,,0,17,,70178,39,4,,0,20,,70179,39,4,,0,63,,70180,39,4,,0,30,,70181,39,4,,0,69,,70182,39,4,,0,30,,70183,39,4,,0,69,,70184,39,4,,0,99,,70185,39,4,,0,100,,70186,39,4,,0,96,,70187,39,4,,0,113,,70188,39,4,,0
664300,'2_merged_15288065',644,,70189,39,4,,0,70,,70190,39,4,,0,30,,70191,39,4,,0,71,,70192,39,4,,0,30,,70193,39,4,,0,72,,70194,39,4,,0,31,,70195,39,4,,0,72,,70196,39,4,,0,31,,70197,39,4,,0,63,,70198,39,4,,0,30,,70199,39,4,,0,72,,70200,39,4,,0,30,,70201,39,4,,0,70,,70202,39,4,,0,30,,70203,39,4,,0,70,,70204,39,4,,0,31,,70205,39,4,,0,70,,70206,39,4,,0,30,,70207,39,4,,0,70,,70208,39,4,,0,30,,70209,39,4,,0,69,,70210,39,4,,0,30,,70211,39,4,,0,70,,70212,39,4,,0,29,,70213,39,4,,0,69,,70214,39,4,,0,37,,70215,39,4,,0,69,,70216,39,4,,0,30,,70217,39,4,,0,68,,70218,39,4,,0,99,,70222,39,4,,0,103,,70219,39,4,,0,100,,70220,39,4,,0,99,,70221,39,4,,0
664300,'3_merged_15288064',813,,70244,39,4,,0,30,,70243,39,4,,0,71,,70242,39,4,,0,32,,70241,39,4,,0,70,,70240,39,4,,0,30,,70239,39,4,,0,72,,70238,39,4,,0,31,,70237,39,4,,0,70,,70236,39,4,,0,30,,70235,39,4,,0,70,,70234,39,4,,0,31,,70233,39,4,,0,70,,70232,39,4,,0,30,,70224,39,4,,0,70,,70223,39,4,,0,30,,70253,39,4,,0,69,,70252,39,4,,0,30,,70251,39,4,,0,70,,70250,39,4,,0,30,,70249,39,4,,0,70,,70248,39,4,,0,29,,70247,39,4,,0,70,,70246,39,4,,0,30,,70225,39,4,,0,69,,70231,39,4,,0,31,,70230,39,4,,0,62,,70229,39,4,,0,95,,70227,39,4,,0,109,,70228,39,4,,0,104,,70226,39,4,,0,108,,70245,39,4,,0
664600,'101_merged_15288070',817,,71152,49,4,,0
664600,'1_merged_15288063',609,,71173,23,4,,0,5,,71159,49,4,,0,34,,71158,49,4,,0,70,,71188,49,4,,0,20,,71187,49,4,,0,65,,71183,49,4,,0,21,,71186,49,4,,0,21,,71170,49,4,,0,62,,71155,49,4,,0,23,,71154,49,4,,0,18,,71172,49,4,,0,60,,71195,49,4,,0,30,,71194,49,4,,0,70,,71193,49,4,,0,30,,71162,49,4,,0,70,,71166,49,4,,0,31,,71165,49,4,,0,70,,71164,49,4,,0,30,,71175,49,4,,0,71,,71189,49,4,,0,31,,71198,49,4,,0,76,,71180,49,4,,0,30,,71179,49,4,,0,72,,71176,49,4,,0,20,,71184,49,4,,0,20,,71156,49,4,,0,60,,71196,49,4,,0,20,,71181,49,4,,0,16,,71174,49,4,,0,60,,71178,49,4,,0,18,,71157,49,4,,0,17,,71167,49,4,,0,60,,71171,49,4,,0,23,,71182,49,4,,0,70,,71192,49,4,,0,27,,71153,49,4,,0,70,,71161,49,4,,0,30,,71160,49,4,,0,26,,71190,49,4,,0,70,,71163,49,4,,0,23,,71191,49,4,,0,70,,71169,49,4,,0,34,,71177,49,4,,0,71,,71168,49,4,,0,78,,71185,49,4,,0,48,,71197,49,4,,0
664600,'2_merged_15288065',640,,71233,49,4,,0,70,,71203,49,4,,0,31,,71212,49,4,,0,71,,71230,49,4,,0,30,,71231,49,4,,0,81,,71219,49,4,,0,36,,71199,49,4,,0,75,,71223,49,4,,0,70,,71211,49,4,,0,31,,71234,49,4,,0,72,,71213,49,4,,0,29,,71214,49,4,,0,70,,71206,49,4,,0,30,,71215,49,4,,0,72,,71216,49,4,,0,28,,71217,49,4,,0,72,,71200,49,4,,0,30,,71228,49,4,,0,69,,71220,49,4,,0,29,,71221,49,4,,0,71,,71222,49,4,,0,26,,71201,49,4,,0,70,,71204,49,4,,0,31,,71205,49,4,,0,68,,71232,49,4,,0,30,,71224,49,4,,0,70,,71225,49,4,,0,31,,71202,49,4,,0,71,,71226,49,4,,0,32,,71207,49,4,,0,68,,71208,49,4,,0,23,,71210,49,4,,0,27,,71209,49,4,,0,70,,71227,49,4,,0,86,,71229,49,4,,0,100,,71218,49,4,,0
664600,'3_merged_15288064',812,,71253,49,4,,0,32,,71248,49,4,,0,70,,71265,49,4,,0,33,,71236,49,4,,0,72,,71237,49,4,,0,30,,71252,49,4,,0,70,,71239,49,4,,0,30,,71240,49,4,,0,72,,71241,49,4,,0,30,,71243,49,4,,0,72,,71242,49,4,,0,30,,71256,49,4,,0,70,,71260,49,4,,0,30,,71244,49,4,,0,70,,71245,49,4,,0,30,,71246,49,4,,0,70,,71249,49,4,,0,30,,71257,49,4,,0,70,,71267,49,4,,0,30,,71258,49,4,,0,69,,71238,49,4,,0,28,,71250,49,4,,0,70,,71251,49,4,,0,30,,71255,49,4,,0,69,,71254,49,4,,0,27,,71235,49,4,,0,70,,71259,49,4,,0,30,,71261,49,4,,0,70,,71262,49,4,,0,28,,71263,49,4,,0,70,,71266,49,4,,0,99,,71264,49,4,,0,105,,71247,49,4,,0
665400,'101_merged_15288070',934,,73476,37,4,,0,804,,73477,37,4,,0
665400,'1_merged_15288063',603,,73481,37,4,,0,24,,73480,37,4,,0,73,,73497,37,4,,0,32,,73499,37,4,,0,73,,73483,37,4,,0,30,,73500,37,4,,0,70,,73482,37,4,,0,104,,73490,37,4,,0,29,,73491,37,4,,0,70,,73492,37,4,,0,27,,73489,37,4,,0,70,,73493,37,4,,0,29,,73494,37,4,,0,70,,73495,37,4,,0,30,,73496,37,4,,0,70,,73504,37,4,,0,32,,73505,37,4,,0,73,,73506,37,4,,0,33,,73507,37,4,,0,72,,73508,37,4,,0,30,,73501,37,4,,0,71,,73478,37,4,,0,91,,73485,37,4,,0,29,,73486,37,4,,0,74,,73498,37,4,,0,25,,73502,37,4,,0,66,,73509,37,4,,0,26,,73510,37,4,,0,28,,73484,37,4,,0,68,,73503,37,4,,0,30,,73511,37,4,,0,70,,73479,37,4,,0,104,,73487,37,4,,0,104,,73488,37,4,,0
665400,'2_merged_15288065',629,,73531,37,4,,0,75,,73545,37,4,,0,30,,73521,37,4,,0,70,,73546,37,4,,0,30,,73538,37,4,,0,72,,73537,37,4,,0,31,,73520,37,4,,0,70,,73535,37,4,,0,30,,73534,37,4,,0,71,,73524,37,4,,0,30,,73522,37,4,,0,70,,73527,37,4,,0,31,,73526,37,4,,0,70,,73525,37,4,,0,30,,73512,37,4,,0,70,,73514,37,4,,0,35,,73529,37,4,,0,70,,73528,37,4,,0,30,,73530,37,4,,0,69,,73541,37,4,,0,30,,73540,37,4,,0,70,,73519,37,4,,0,30,,73513,37,4,,0,70,,73532,37,4,,0,29,,73533,37,4,,0,70,,73523,37,4,,0,30,,73536,37,4,,0,69,,73543,37,4,,0,30,,73542,37,4,,0,70,,73518,37,4,,0,30,,73517,37,4,,0,70,,73516,37,4,,0,28,,73515,37,4,,0,90,,73544,37,4,,0,75,,73539,37,4,,0
665400,'3_merged_15288064',728,,73556,37,4,,0,75,,73555,37,4,,0,30,,73578,37,4,,0,73,,73564,37,4,,0,32,,73563,37,4,,0,70,,73562,37,4,,0,30,,73561,37,4,,0,70,,73560,37,4,,0,31,,73571,37,4,,0,70,,73548,37,4,,0,31,,73572,37,4,,0,70,,73558,37,4,,0,30,,73557,37,4,,0,70,,73565,37,4,,0,30,,73553,37,4,,0,70,,73552,37,4,,0,30,,73551,37,4,,0,70,,73550,37,4,,0,30,,73549,37,4,,0,70,,73570,37,4,,0,30,,73569,37,4,,0,70,,73547,37,4,,0,30,,73579,37,4,,0,70,,73554,37,4,,0,28,,73568,37,4,,0,70,,73577,37,4,,0,30,,73576,37,4,,0,69,,73566,37,4,,0,30,,73575,37,4,,0,70,,73574,37,4,,0,30,,73573,37,4,,0,77,,73559,37,4,,0,100,,73567,37,4,,0
666001,'101_merged_15288070',915,,74792,43,4,,0,639,,74793,43,4,,0
666001,'1_merged_15288063',548,,74826,40,4,,0,57,,74825,37,4,,0,18,,74824,40,4,,0,17,,74823,37,4,,0,16,,74822,40,4,,0,56,,74821,37,4,,0,19,,74820,40,4,,0,12,,74819,37,4,,0,58,,74818,40,4,,0,20,,74829,37,4,,0,15,,74828,40,4,,0,17,,74817,37,4,,0,74,,74816,37,4,,0,29,,74815,40,4,,0,70,,74814,40,4,,0,29,,74813,40,4,,0,70,,74812,40,4,,0,30,,74811,40,4,,0,76,,74810,40,4,,0,70,,74809,40,4,,0,30,,74808,40,4,,0,69,,74807,40,4,,0,32,,74806,40,4,,0,24,,74805,40,4,,0,54,,74840,40,4,,0,20,,74834,37,4,,0,71,,74831,37,4,,0,16,,74804,40,4,,0,19,,74830,37,4,,0,11,,74803,40,4,,0,57,,74802,37,4,,0,12,,74801,40,4,,0,14,,74800,37,4,,0,14,,74799,40,4,,0,13,,74798,37,4,,0,55,,74797,40,4,,0,15,,74796,37,4,,0,15,,74795,40,4,,0,60,,74839,40,4,,0,24,,74833,40,4,,0,14,,74838,40,4,,0,70,,74837,40,4,,0,29,,74794,40,4,,0,69,,74827,40,4,,0,100,,74836,40,4,,0,97,,74835,40,4,,0,108,,74832,40,4,,0
666001,'2_merged_15288065',653,,74841,40,4,,0,98,,74842,40,4,,0,72,,74843,40,4,,0,31,,74844,40,4,,0,70,,74845,40,4,,0,31,,74846,40,4,,0,70,,74847,40,4,,0,33,,74848,40,4,,0,70,,74849,40,4,,0,20,,74850,40,4,,0,60,,74872,40,4,,0,20,,74851,40,4,,0,20,,74852,40,4,,0,60,,74873,40,4,,0,20,,74853,40,4,,0,21,,74854,40,4,,0,60,,74874,40,4,,0,20,,74855,40,4,,0,20,,74856,40,4,,0,60,,74875,40,4,,0,20,,74857,40,4,,0,20,,74858,40,4,,0,60,,74876,40,4,,0,20,,74859,40,4,,0,20,,74860,40,4,,0,59,,74877,40,4,,0,20,,74861,40,4,,0,20,,74862,40,4,,0,58,,74878,40,4,,0,20,,74863,40,4,,0,30,,74864,40,4,,0,70,,74865,40,4,,0,30,,74866,40,4,,0,68,,74867,40,4,,0,31,,74879,40,4,,0,68,,74868,40,4,,0,100,,74869,40,4,,0,97,,74870,40,4,,0,99,,74871,40,4,,0
666001,'3_merged_15288064',726,,74887,40,4,,0,101,,74888,40,4,,0,30,,74889,40,4,,0,72,,74890,40,4,,0,30,,74886,40,4,,0,71,,74891,40,4,,0,70,,74893,40,4,,0,32,,74894,40,4,,0,70,,74895,40,4,,0,30,,74896,40,4,,0,70,,74897,40,4,,0,30,,74898,40,4,,0,70,,74899,40,4,,0,30,,74900,40,4,,0,70,,74901,40,4,,0,30,,74902,40,4,,0,70,,74903,40,4,,0,30,,74904,40,4,,0,70,,74905,40,4,,0,29,,74906,40,4,,0,70,,74907,40,4,,0,29,,74908,40,4,,0,70,,74880,40,4,,0,30,,74892,40,4,,0,28,,74881,40,4,,0,70,,74882,40,4,,0,72,,74910,40,4,,0,28,,74883,40,4,,0,98,,74885,40,4,,0,97,,74909,40,4,,0,99,,74884,40,4,,0
666401,'1_merged_15288063',620,,75767,50,4,,0,33,,75768,50,4,,0,68,,75750,50,4,,0,34,,75783,50,4,,0,75,,75751,50,4,,0,28,,75752,50,4,,0,74,,75753,50,4,,0,26,,75754,50,4,,0,68,,75756,50,4,,0,30,,75757,50,4,,0,70,,75758,50,4,,0,31,,75759,50,4,,0,70,,75761,50,4,,0,31,,75760,50,4,,0,70,,75755,50,4,,0,30,,75762,50,4,,0,70,,75763,50,4,,0,31,,75769,50,4,,0,70,,75770,50,4,,0,30,,75773,50,4,,0,70,,75771,50,4,,0,30,,75772,50,4,,0,70,,75764,50,4,,0,29,,75774,50,4,,0,70,,75775,50,4,,0,72,,75776,50,4,,0,33,,75777,50,4,,0,69,,75778,50,4,,0,33,,75779,50,4,,0,24,,75780,50,4,,0,86,,75786,50,4,,0,80,,75765,50,4,,0,79,,75785,50,4,,0,39,,75766,50,4,,0,80,,75781,50,4,,0,80,,75784,50,4,,0,40,,75782,50,4,,0
666401,'2_merged_15288065',555,,75787,50,4,,0,70,,75788,50,4,,0,30,,75789,50,4,,0,72,,75790,50,4,,0,73,,75791,50,4,,0,32,,75792,50,4,,0,72,,75793,50,4,,0,30,,75794,50,4,,0,72,,75795,50,4,,0,30,,75796,50,4,,0,70,,75797,50,4,,0,29,,75798,50,4,,0,69,,75799,50,4,,0,30,,75800,50,4,,0,72,,75801,50,4,,0,30,,75802,50,4,,0,70,,75803,50,4,,0,30,,75804,50,4,,0,69,,75805,50,4,,0,31,,75806,50,4,,0,72,,75807,50,4,,0,29,,75808,50,4,,0,68,,75809,50,4,,0,31,,75810,50,4,,0,70,,75811,50,4,,0,28,,75812,50,4,,0,71,,75813,50,4,,0,29,,75814,50,4,,0,68,,75815,50,4,,0,29,,75816,50,4,,0,70,,75817,50,4,,0,101,,75818,50,4,,0,56,,75819,50,4,,0,100,,75820,50,4,,0,185,,75821,50,4,,0
666401,'3_merged_15288064',702,,75829,50,4,,0,100,,75830,50,4,,0,103,,75831,50,4,,0,48,,75832,50,4,,0,101,,75833,50,4,,0,100,,75834,50,4,,0,68,,75847,50,4,,0,32,,75835,50,4,,0,70,,75841,50,4,,0,32,,75836,50,4,,0,70,,75842,50,4,,0,30,,75837,50,4,,0,65,,75843,50,4,,0,35,,75838,50,4,,0,67,,75844,50,4,,0,33,,75828,50,4,,0,67,,75845,50,4,,0,33,,75839,50,4,,0,68,,75846,50,4,,0,30,,75840,50,4,,0,98,,75825,50,4,,0,100,,75822,50,4,,0,98,,75827,50,4,,0,101,,75823,50,4,,0,175,,75824,50,4,,0,115,,75826,50,4,,0
666501,'1_merged_15288063',613,,75964,31,4,,0,32,,75963,31,4,,0,71,,75962,31,4,,0,28,,75961,31,4,,0,72,,75960,31,4,,0,31,,75980,31,4,,0,70,,75959,31,4,,0,28,,75968,31,4,,0,70,,75979,31,4,,0,29,,75995,31,4,,0,70,,75994,31,4,,0,31,,75993,31,4,,0,70,,75991,31,4,,0,31,,75978,31,4,,0,69,,75977,31,4,,0,30,,75976,31,4,,0,70,,75990,31,4,,0,34,,75975,31,4,,0,74,,75989,31,4,,0,28,,75988,31,4,,0,69,,75987,31,4,,0,31,,75986,31,4,,0,67,,75992,31,4,,0,30,,75974,31,4,,0,67,,75985,31,4,,0,31,,75984,31,4,,0,68,,75965,31,4,,0,29,,75983,31,4,,0,68,,75982,31,4,,0,30,,75966,31,4,,0,67,,75972,31,4,,0,30,,75981,31,4,,0,70,,75971,31,4,,0,30,,75973,31,4,,0,70,,75970,31,4,,0,23,,75969,31,4,,0,75,,75967,31,4,,0
666501,'2_merged_15288065',609,,76019,31,4,,0,35,,75998,31,4,,0,70,,75999,31,4,,0,31,,76016,31,4,,0,72,,76026,31,4,,0,30,,76025,31,4,,0,70,,76001,31,4,,0,32,,76002,31,4,,0,70,,76003,31,4,,0,30,,76005,31,4,,0,72,,76006,31,4,,0,30,,76007,31,4,,0,70,,76015,31,4,,0,30,,76017,31,4,,0,70,,76020,31,4,,0,31,,76014,31,4,,0,71,,76008,31,4,,0,30,,76011,31,4,,0,64,,76012,31,4,,0,20,,76029,31,4,,0,20,,76013,31,4,,0,60,,76004,31,4,,0,20,,76030,31,4,,0,20,,76010,31,4,,0,60,,76022,31,4,,0,20,,76031,31,4,,0,18,,76023,31,4,,0,60,,76024,31,4,,0,20,,76032,31,4,,0,19,,76000,31,4,,0,60,,76027,31,4,,0,35,,76009,31,4,,0,68,,76028,31,4,,0,40,,76021,31,4,,0,70,,76033,31,4,,0,30,,75996,31,4,,0,98,,75997,31,4,,0,100,,76018,31,4,,0
666501,'3_merged_15288064',646,,76054,31,4,,0,75,,76053,31,4,,0,30,,76036,31,4,,0,70,,76059,31,4,,0,30,,76060,31,4,,0,70,,76051,31,4,,0,32,,76050,31,4,,0,71,,76049,31,4,,0,30,,76047,31,4,,0,72,,76046,31,4,,0,30,,76045,31,4,,0,70,,76037,31,4,,0,30,,76035,31,4,,0,70,,76062,31,4,,0,30,,76038,31,4,,0,70,,76044,31,4,,0,31,,76041,31,4,,0,58,,76066,31,4,,0,20,,76040,31,4,,0,20,,76039,31,4,,0,60,,76067,31,4,,0,20,,76048,31,4,,0,20,,76042,31,4,,0,60,,76068,31,4,,0,20,,76064,31,4,,0,20,,76063,31,4,,0,60,,76069,31,4,,0,19,,76061,31,4,,0,19,,76052,31,4,,0,75,,76058,31,4,,0,25,,76043,31,4,,0,70,,76057,31,4,,0,29,,76070,31,4,,0,71,,76065,31,4,,0,30,,76071,31,4,,0,65,,76056,31,4,,0,93,,76055,31,4,,0,105,,76034,31,4,,0
1671900,'1_merged_15288063',524,,98784,17,4,,0,96,,98783,17,4,,0,103,,98785,17,4,,0,31,,98782,17,4,,0,70,,98781,17,4,,0,30,,98780,17,4,,0,70,,98779,17,4,,0,30,,98798,17,4,,0,71,,98778,17,4,,0,30,,98799,17,4,,0,70,,98777,17,4,,0,30,,98800,17,4,,0,70,,98776,17,4,,0,30,,98801,17,4,,0,74,,98775,17,4,,0,27,,98802,17,4,,0,72,,98774,17,4,,0,30,,98803,17,4,,0,74,,98773,17,4,,0,71,,98772,17,4,,0,30,,98771,17,4,,0,72,,98770,17,4,,0,30,,98797,17,4,,0,24,,98796,17,4,,0,68,,98795,17,4,,0,28,,98786,17,4,,0,67,,98794,17,4,,0,100,,98793,17,4,,0,100,,98792,17,4,,0,98,,98791,17,4,,0,100,,98790,17,4,,0,98,,98789,17,4,,0,100,,98788,17,4,,0,100,,98787,17,4,,0
1671900,'2_merged_15288065',516,,98810,17,4,,0,102,,98809,17,4,,0,100,,98813,17,4,,0,102,,98814,17,4,,0,102,,98815,17,4,,0,102,,98816,17,4,,0,101,,98817,17,4,,0,30,,98825,17,4,,0,70,,98820,17,4,,0,32,,98826,17,4,,0,72,,98811,17,4,,0,30,,98827,17,4,,0,68,,98812,17,4,,0,30,,98828,17,4,,0,70,,98821,17,4,,0,29,,98829,17,4,,0,70,,98822,17,4,,0,30,,98830,17,4,,0,69,,98823,17,4,,0,30,,98831,17,4,,0,70,,98824,17,4,,0,97,,98804,17,4,,0,99,,98805,17,4,,0,100,,98806,17,4,,0,100,,98818,17,4,,0,96,,98819,17,4,,0,100,,98807,17,4,,0,100,,98808,17,4,,0
1671900,'3_merged_15288064',721,,98834,17,4,,0,100,,98835,17,4,,0,101,,98836,17,4,,0,100,,98837,17,4,,0,100,,98838,17,4,,0,30,,98850,17,4,,0,70,,98839,17,4,,0,30,,98851,17,4,,0,72,,98840,17,4,,0,30,,98852,17,4,,0,70,,98841,17,4,,0,30,,98853,17,4,,0,70,,98842,17,4,,0,31,,98854,17,4,,0,69,,98832,17,4,,0,30,,98855,17,4,,0,69,,98833,17,4,,0,30,,98856,17,4,,0,70,,98843,17,4,,0,99,,98844,17,4,,0,100,,98845,17,4,,0,98,,98846,17,4,,0,100,,98847,17,4,,0,98,,98848,17,4,,0,100,,98849,17,4,,0
3004300,'1_merged_15288063',510,,102411,1,,,0,20,,102410,1,,,0,18,,102355,1,,,0,53,,102354,1,,,0,13,,102353,1,,,0,16,,102352,1,,,0,17,,102369,1,,,0,53,,102351,1,,,0,15,,102350,1,,,0,14,,102416,1,,,0,15,,102393,1,,,0,58,,102415,1,,,0,16,,102414,1,,,0,17,,102413,1,,,0,15,,102412,1,,,0,55,,102392,1,,,0,15,,102366,1,,,0,15,,102391,1,,,0,15,,102365,1,,,0,55,,102390,1,,,0,15,,102364,1,,,0,15,,102389,1,,,0,15,,102363,1,,,0,55,,102388,1,,,0,15,,102362,1,,,0,15,,102387,1,,,0,15,,102361,1,,,0,55,,102386,1,,,0,15,,102360,1,,,0,15,,102385,1,,,0,15,,102359,1,,,0,55,,102384,1,,,0,15,,102358,1,,,0,15,,102383,1,,,0,15,,102357,1,,,0,55,,102409,1,,,0,15,,102356,1,,,0,16,,102408,1,,,0,15,,102407,1,,,0,56,,102406,1,,,0,15,,102405,1,,,0,17,,102417,1,,,0,14,,102404,1,,,0,57,,102403,1,,,0,13,,102402,1,,,0,16,,102401,1,,,0,14,,102400,1,,,0,57,,102399,1,,,0,15,,102398,1,,,0,15,,102397,1,,,0,17,,102396,1,,,0,53,,102395,1,,,0,15,,102394,1,,,0,15,,102382,1,,,0,60,,102381,1,,,0,20,,102367,1,,,0,25,,102380,1,,,0,62,,102379,1,,,0,18,,102368,1,,,0,20,,102378,1,,,0,65,,102377,1,,,0,29,,102376,1,,,0,71,,102375,1,,,0,30,,102374,1,,,0,70,,102373,1,,,0,30,,102372,1,,,0,70,,102371,1,,,0,30,,102370,1,,,0
3004300,'2_merged_15288065',600,,102451,1,,,0,33,,102450,1,,,0,72,,102449,1,,,0,30,,102448,1,,,0,70,,102447,1,,,0,31,,102446,1,,,0,70,,102445,1,,,0,30,,102444,1,,,0,71,,102443,1,,,0,31,,102442,1,,,0,68,,102441,1,,,0,19,,102453,1,,,0,20,,102440,1,,,0,60,,102439,1,,,0,20,,102454,1,,,0,20,,102438,1,,,0,60,,102437,1,,,0,20,,102455,1,,,0,20,,102436,1,,,0,60,,102435,1,,,0,20,,102456,1,,,0,20,,102434,1,,,0,60,,102433,1,,,0,20,,102457,1,,,0,20,,102432,1,,,0,60,,102431,1,,,0,19,,102458,1,,,0,21,,102430,1,,,0,60,,102429,1,,,0,20,,102459,1,,,0,20,,102428,1,,,0,58,,102427,1,,,0,25,,102426,1,,,0,77,,102425,1,,,0,25,,102424,1,,,0,75,,102423,1,,,0,25,,102422,1,,,0,75,,102421,1,,,0,30,,102420,1,,,0,75,,102452,1,,,0,25,,102419,1,,,0,75,,102460,1,,,0,25,,102418,1,,,0
3004300,'3_merged_15288064',635,,102478,1,,,0,70,,102477,1,,,0,30,,102476,1,,,0,70,,102475,1,,,0,30,,102474,1,,,0,70,,102473,1,,,0,30,,102472,1,,,0,72,,102471,1,,,0,29,,102470,1,,,0,69,,102469,1,,,0,20,,102479,1,,,0,20,,102468,1,,,0,60,,102467,1,,,0,20,,102480,1,,,0,20,,102466,1,,,0,60,,102465,1,,,0,20,,102481,1,,,0,20,,102464,1,,,0,60,,102463,1,,,0,20,,102482,1,,,0,20,,102462,1,,,0,60,,102461,1,,,0,20,,102483,1,,,0,20,,102502,1,,,0,60,,102501,1,,,0,20,,102484,1,,,0,20,,102500,1,,,0,60,,102499,1,,,0,20,,102485,1,,,0,20,,102498,1,,,0,55,,102497,1,,,0,30,,102496,1,,,0,70,,102495,1,,,0,30,,102494,1,,,0,70,,102493,1,,,0,30,,102492,1,,,0,70,,102486,1,,,0,30,,102491,1,,,0,70,,102487,1,,,0,30,,102490,1,,,0,70,,102488,1,,,0,30,,102489,1,,,0
3004301,'101_merged_15288070',1540,,102503,27,4,,0
3004301,'1_merged_15288063',505,,102546,32,4,,0,19,,102545,32,4,,0,21,,102544,32,4,,0,61,,102543,32,4,,0,18,,102558,32,4,,0,17,,102557,32,4,,0,14,,102556,32,4,,0,54,,102555,32,4,,0,19,,102554,32,4,,0,19,,102553,32,4,,0,53,,102552,32,4,,0,16,,102551,32,4,,0,17,,102550,32,4,,0,17,,102549,32,4,,0,55,,102548,32,4,,0,17,,102547,32,4,,0,15,,102524,32,4,,0,14,,102523,32,4,,0,53,,102568,32,4,,0,19,,102522,32,4,,0,12,,102567,32,4,,0,15,,102521,32,4,,0,55,,102566,32,4,,0,15,,102520,32,4,,0,17,,102565,32,4,,0,15,,102519,32,4,,0,55,,102564,32,4,,0,15,,102518,32,4,,0,15,,102563,32,4,,0,15,,102505,32,4,,0,55,,102562,32,4,,0,15,,102517,32,4,,0,15,,102561,32,4,,0,15,,102516,32,4,,0,55,,102560,32,4,,0,15,,102542,32,4,,0,15,,102559,32,4,,0,65,,102541,32,4,,0,27,,102540,32,4,,0,19,,102539,32,4,,0,56,,102538,32,4,,0,12,,102537,32,4,,0,16,,102536,32,4,,0,16,,102535,32,4,,0,55,,102534,32,4,,0,14,,102533,32,4,,0,15,,102532,32,4,,0,19,,102531,32,4,,0,50,,102530,32,4,,0,15,,102529,32,4,,0,13,,102528,32,4,,0,15,,102527,32,4,,0,57,,102526,32,4,,0,13,,102525,32,4,,0,12,,102515,32,4,,0,19,,102514,32,4,,0,60,,102569,32,4,,0,19,,102513,32,4,,0,20,,102512,32,4,,0,60,,102570,32,4,,0,19,,102511,32,4,,0,30,,102510,32,4,,0,69,,102504,32,4,,0,30,,102509,32,4,,0,70,,102508,32,4,,0,30,,102507,32,4,,0,70,,102506,32,4,,0
3004301,'2_merged_15288065',626,,102572,32,4,,0,30,,102603,32,4,,0,72,,102602,32,4,,0,30,,102601,32,4,,0,71,,102600,32,4,,0,30,,102599,32,4,,0,70,,102598,32,4,,0,72,,102597,32,4,,0,32,,102596,32,4,,0,18,,102595,32,4,,0,61,,102605,32,4,,0,21,,102594,32,4,,0,19,,102593,32,4,,0,59,,102606,32,4,,0,20,,102592,32,4,,0,20,,102591,32,4,,0,61,,102607,32,4,,0,20,,102590,32,4,,0,20,,102589,32,4,,0,60,,102608,32,4,,0,20,,102588,32,4,,0,20,,102587,32,4,,0,60,,102609,32,4,,0,19,,102586,32,4,,0,20,,102585,32,4,,0,60,,102610,32,4,,0,20,,102584,32,4,,0,20,,102583,32,4,,0,60,,102611,32,4,,0,15,,102571,32,4,,0,25,,102582,32,4,,0,58,,102612,32,4,,0,14,,102581,32,4,,0,36,,102580,32,4,,0,65,,102579,32,4,,0,35,,102578,32,4,,0,70,,102577,32,4,,0,30,,102576,32,4,,0,70,,102575,32,4,,0,30,,102604,32,4,,0,69,,102574,32,4,,0,24,,102613,32,4,,0,76,,102573,32,4,,0
3004301,'3_merged_15288064',727,,102640,32,4,,0,31,,102639,32,4,,0,71,,102638,32,4,,0,30,,102637,32,4,,0,69,,102636,32,4,,0,31,,102635,32,4,,0,72,,102634,32,4,,0,20,,102641,32,4,,0,60,,102633,32,4,,0,22,,102632,32,4,,0,19,,102642,32,4,,0,55,,102631,32,4,,0,22,,102630,32,4,,0,20,,102643,32,4,,0,61,,102629,32,4,,0,20,,102628,32,4,,0,20,,102644,32,4,,0,61,,102627,32,4,,0,18,,102626,32,4,,0,20,,102645,32,4,,0,58,,102625,32,4,,0,20,,102624,32,4,,0,21,,102646,32,4,,0,60,,102622,32,4,,0,20,,102621,32,4,,0,20,,102647,32,4,,0,59,,102620,32,4,,0,20,,102619,32,4,,0,24,,102648,32,4,,0,60,,102618,32,4,,0,30,,102617,32,4,,0,70,,102651,32,4,,0,30,,102652,32,4,,0,70,,102623,32,4,,0,28,,102616,32,4,,0,20,,102615,32,4,,0,78,,102614,32,4,,0,70,,102649,32,4,,0,30,,102654,32,4,,0,70,,102650,32,4,,0,28,,102653,32,4,,0
