682801,'101_merged_15524987',1507,,155170,2,0,32,0
682801,'1101_merged_15524991',2042,,155171,14,,,0
682801,'1201_merged_15524973',2042,,155174,14,,,0,108,,155173,14,,,0,107,,155172,14,,,0
682801,'1_merged_15524980',853,,155190,14,,,0,80,,155191,14,,,0,79,,155188,14,,,0,39,,155189,14,,,0,81,,155187,14,,,0,80,,155175,14,,,0,40,,155192,14,,,0,80,,155186,14,,,0,80,,155185,14,,,0,40,,155184,14,,,0,80,,155183,14,,,0,82,,155182,14,,,0,39,,155181,14,,,0,79,,155180,14,,,0,79,,155179,14,,,0,40,,155178,14,,,0,80,,155177,14,,,0,81,,155176,14,,,0
682801,'2_merged_15524982',919,,155204,14,,,0,40,,155203,14,,,0,80,,155202,14,,,0,80,,155201,14,,,0,40,,155200,14,,,0,80,,155199,14,,,0,80,,155198,14,,,0,40,,155197,14,,,0,82,,155196,14,,,0,80,,155195,14,,,0,81,,155194,14,,,0,40,,155193,14,,,0,80,,155212,14,,,0,80,,155211,14,,,0,40,,155210,14,,,0,68,,155209,14,,,0,110,,155208,14,,,0,106,,155207,14,,,0,107,,155206,14,,,0,104,,155205,14,,,0
682801,'3_merged_15524981',1119,,155213,14,,,0,40,,155225,14,,,0,82,,155224,14,,,0,80,,155223,14,,,0,80,,155222,14,,,0,37,,155221,14,,,0,82,,155220,14,,,0,80,,155219,14,,,0,40,,155218,14,,,0,80,,155217,14,,,0,80,,155216,14,,,0,39,,155215,14,,,0,80,,155214,14,,,0
3454301,'101_merged_15524987',1514,,169401,8,,,0,7,,169402,8,,,0
3454301,'1901_merged_15524977',1506,,169403,12,,,0
3454301,'1_merged_15524980',449,,169469,12,,,0,57,,169470,12,,,0,16,,169404,12,,,0,15,,169405,12,,,0,15,,169406,12,,,0,55,,169479,12,,,0,14,,169407,12,,,0,12,,169408,12,,,0,12,,169409,12,,,0,11,,169478,12,,,0,51,,169410,12,,,0,10,,169411,12,,,0,10,,169412,12,,,0,11,,169413,12,,,0,10,,169477,12,,,0,10,,169414,12,,,0,50,,169480,12,,,0,11,,169415,12,,,0,13,,169416,12,,,0,12,,169417,12,,,0,12,,169476,12,,,0,52,,169418,12,,,0,12,,169419,12,,,0,13,,169420,12,,,0,14,,169421,12,,,0,55,,169475,12,,,0,15,,169422,12,,,0,15,,169423,12,,,0,16,,169424,12,,,0,55,,169474,12,,,0,15,,169425,12,,,0,15,,169426,12,,,0,13,,169427,12,,,0,57,,169473,12,,,0,15,,169428,12,,,0,15,,169429,12,,,0,15,,169430,12,,,0,55,,169472,12,,,0,15,,169466,12,,,0,15,,169467,12,,,0,15,,169468,12,,,0,55,,169471,12,,,0,17,,169431,12,,,0,16,,169432,12,,,0,21,,169433,12,,,0,70,,169434,12,,,0,12,,169435,12,,,0,64,,169436,12,,,0,12,,169437,12,,,0,12,,169438,12,,,0,12,,169439,12,,,0,12,,169440,12,,,0,52,,169441,12,,,0,11,,169442,12,,,0,12,,169443,12,,,0,11,,169444,12,,,0,12,,169445,12,,,0,53,,169446,12,,,0,13,,169447,12,,,0,14,,169448,12,,,0,12,,169449,12,,,0,11,,169450,12,,,0,49,,169451,12,,,0,17,,169452,16,,,0,14,,169453,16,,,0,15,,169454,16,,,0,55,,169455,16,,,0,15,,169456,16,,,0,15,,169457,16,,,0,68,,169458,16,,,0,30,,169459,16,,,0,28,,169460,16,,,0,70,,169461,16,,,0,29,,169462,16,,,0,69,,169463,16,,,0,29,,169464,16,,,0,70,,169465,16,,,0
3454301,'2001_merged_15524990',1506,,169481,12,,,0
3454301,'2_merged_15524982',529,,169529,16,,,0,75,,169528,16,,,0,30,,169527,16,,,0,69,,169526,16,,,0,29,,169525,16,,,0,70,,169524,16,,,0,26,,169523,16,,,0,19,,169522,16,,,0,60,,169521,16,,,0,20,,169520,16,,,0,20,,169519,16,,,0,60,,169518,16,,,0,20,,169517,16,,,0,21,,169516,16,,,0,60,,169515,16,,,0,21,,169514,16,,,0,20,,169513,16,,,0,60,,169512,16,,,0,20,,169511,16,,,0,20,,169510,16,,,0,60,,169509,16,,,0,20,,169508,16,,,0,20,,169507,16,,,0,60,,169506,16,,,0,20,,169505,16,,,0,20,,169504,16,,,0,59,,169483,16,,,0,20,,169482,16,,,0,22,,169503,16,,,0,61,,169502,16,,,0,17,,169501,16,,,0,21,,169500,16,,,0,61,,169499,16,,,0,21,,169498,16,,,0,20,,169497,16,,,0,60,,169496,16,,,0,22,,169495,16,,,0,69,,169494,16,,,0,31,,169493,16,,,0,73,,169492,16,,,0,30,,169491,16,,,0,71,,169490,16,,,0,30,,169489,16,,,0,70,,169488,16,,,0,30,,169487,16,,,0,98,,169486,16,,,0,100,,169485,16,,,0,96,,169484,12,,,0
3454301,'3_merged_15524981',534,,169538,16,,,0,75,,169539,16,,,0,34,,169570,16,,,0,70,,169571,16,,,0,31,,169572,16,,,0,70,,169540,16,,,0,30,,169541,16,,,0,71,,169542,16,,,0,32,,169543,16,,,0,70,,169544,16,,,0,32,,169535,16,,,0,64,,169545,16,,,0,20,,169546,16,,,0,19,,169536,16,,,0,60,,169547,16,,,0,20,,169548,16,,,0,20,,169537,16,,,0,60,,169549,16,,,0,20,,169550,16,,,0,20,,169534,16,,,0,60,,169551,16,,,0,20,,169552,16,,,0,20,,169531,16,,,0,60,,169553,16,,,0,20,,169554,16,,,0,20,,169532,16,,,0,60,,169555,16,,,0,19,,169556,16,,,0,20,,169533,16,,,0,60,,169557,16,,,0,30,,169558,16,,,0,70,,169569,16,,,0,37,,169559,16,,,0,74,,169560,16,,,0,79,,169561,16,,,0,31,,169564,16,,,0,79,,169563,16,,,0,40,,169562,16,,,0,70,,169565,16,,,0,31,,169566,16,,,0,80,,169530,16,,,0,98,,169567,16,,,0,100,,169568,12,,,0
3454301,'62101_merged_15524978',1551,,169573,12,,,0
3454301,'62201_merged_15524976',1551,,169574,12,,,0
