3003901,'101_merged_15529707',1544,,162117,26,,,0
3003901,'1_merged_15529700',529,,162150,26,,,0,24,,162139,26,,,0,47,,162151,26,,,0,21,,162149,26,,,0,11,,162152,26,,,0,21,,162148,26,,,0,50,,162153,26,,,0,19,,162147,26,,,0,11,,162154,26,,,0,20,,162146,26,,,0,50,,162155,26,,,0,23,,162140,26,,,0,16,,162156,26,,,0,68,,162157,26,,,0,31,,162158,26,,,0,66,,162159,26,,,0,34,,162160,26,,,0,72,,162161,26,,,0,27,,162162,26,,,0,74,,162163,26,,,0,25,,162118,26,,,0,70,,162119,26,,,0,30,,162120,26,,,0,77,,162121,26,,,0,34,,162122,26,,,0,67,,162123,26,,,0,29,,162124,26,,,0,69,,162125,26,,,0,30,,162126,26,,,0,71,,162127,26,,,0,12,,162145,26,,,0,18,,162128,26,,,0,9,,162144,26,,,0,59,,162129,26,,,0,10,,162143,26,,,0,28,,162130,26,,,0,51,,162142,26,,,0,10,,162131,26,,,0,26,,162132,26,,,0,9,,162141,26,,,0,59,,162133,26,,,0,34,,162134,26,,,0,97,,162135,26,,,0,100,,162136,26,,,0,98,,162137,26,,,0,97,,162138,26,,,0
3003901,'2_merged_15529702',634,,162178,26,,,0,70,,162167,26,,,0,30,,162179,26,,,0,71,,162164,26,,,0,30,,162180,26,,,0,71,,162165,26,,,0,31,,162181,26,,,0,71,,162168,26,,,0,32,,162182,26,,,0,70,,162169,26,,,0,31,,162183,26,,,0,70,,162170,26,,,0,30,,162184,26,,,0,70,,162171,26,,,0,30,,162185,26,,,0,70,,162172,26,,,0,30,,162186,26,,,0,70,,162173,26,,,0,30,,162187,26,,,0,70,,162174,26,,,0,28,,162188,26,,,0,70,,162175,26,,,0,30,,162189,26,,,0,68,,162176,26,,,0,30,,162192,26,,,0,70,,162177,26,,,0,30,,162190,26,,,0,99,,162191,26,,,0,100,,162193,26,,,0,98,,162194,26,,,0,100,,162195,26,,,0,98,,162166,26,,,0
3003901,'3_merged_15529701',634,,162197,26,,,0,100,,162198,26,,,0,101,,162199,26,,,0,101,,162200,26,,,0,100,,162201,26,,,0,101,,162202,26,,,0,70,,162215,26,,,0,30,,162203,26,,,0,70,,162216,26,,,0,31,,162204,26,,,0,70,,162217,26,,,0,30,,162205,26,,,0,70,,162218,26,,,0,30,,162206,26,,,0,70,,162219,26,,,0,33,,162207,26,,,0,67,,162220,26,,,0,30,,162208,26,,,0,68,,162221,26,,,0,30,,162209,26,,,0,101,,162210,26,,,0,99,,162211,26,,,0,100,,162212,26,,,0,99,,162213,26,,,0,100,,162214,26,,,0,100,,162196,26,,,0
3004001,'101_merged_15529707',759,,162327,32,,,0
3004001,'1_merged_15529700',532,,162340,32,,,0,21,,162355,32,,,0,49,,162341,32,,,0,21,,162354,32,,,0,10,,162342,32,,,0,20,,162353,32,,,0,49,,162343,32,,,0,19,,162352,32,,,0,11,,162357,32,,,0,71,,162358,32,,,0,20,,162344,32,,,0,20,,162359,32,,,0,83,,162360,32,,,0,28,,162361,32,,,0,70,,162362,32,,,0,34,,162363,32,,,0,65,,162364,32,,,0,35,,162365,32,,,0,70,,162366,32,,,0,30,,162367,32,,,0,74,,162350,32,,,0,25,,162351,32,,,0,72,,162368,32,,,0,72,,162369,32,,,0,31,,162356,32,,,0,27,,162370,32,,,0,69,,162371,32,,,0,72,,162372,32,,,0,18,,162328,32,,,0,10,,162349,32,,,0,21,,162329,32,,,0,9,,162348,32,,,0,59,,162330,32,,,0,6,,162347,32,,,0,29,,162331,32,,,0,50,,162346,32,,,0,12,,162332,32,,,0,24,,162333,32,,,0,12,,162345,32,,,0,58,,162334,32,,,0,94,,162335,32,,,0,104,,162336,32,,,0,101,,162337,32,,,0,99,,162338,32,,,0,98,,162339,32,,,0
3004001,'201',759,,162373,32,,,0
3004001,'2_merged_15529702',721,,162381,32,,,0,32,,162399,32,,,0,71,,162382,32,,,0,30,,162400,32,,,0,69,,162383,32,,,0,31,,162403,32,,,0,69,,162384,32,,,0,32,,162374,32,,,0,72,,162385,32,,,0,28,,162375,32,,,0,70,,162386,32,,,0,31,,162376,32,,,0,70,,162387,32,,,0,32,,162377,32,,,0,70,,162388,32,,,0,30,,162401,32,,,0,70,,162389,32,,,0,30,,162402,32,,,0,70,,162390,32,,,0,27,,162378,32,,,0,69,,162391,32,,,0,30,,162379,32,,,0,70,,162392,32,,,0,30,,162380,32,,,0,70,,162393,32,,,0,86,,162394,32,,,0,97,,162395,32,,,0,100,,162396,32,,,0,101,,162397,32,,,0,102,,162398,32,,,0
3004001,'3_merged_15529701',723,,162405,32,,,0,100,,162406,32,,,0,100,,162407,32,,,0,100,,162408,32,,,0,32,,162422,32,,,0,70,,162409,32,,,0,30,,162423,32,,,0,70,,162410,32,,,0,31,,162424,32,,,0,70,,162411,32,,,0,30,,162425,32,,,0,69,,162412,32,,,0,30,,162426,32,,,0,69,,162413,32,,,0,30,,162427,32,,,0,71,,162414,32,,,0,30,,162428,32,,,0,70,,162415,32,,,0,30,,162429,32,,,0,69,,162416,32,,,0,30,,162430,32,,,0,60,,162418,32,,,0,99,,162404,32,,,0,99,,162417,32,,,0,98,,162419,32,,,0,100,,162420,32,,,0,100,,162421,32,,,0
3004101,'1_merged_15529700',627,,162457,12,,,0,15,,162469,12,,,0,15,,162458,12,,,0,55,,162470,12,,,0,15,,162468,12,,,0,15,,162471,12,,,0,15,,162459,12,,,0,55,,162472,12,,,0,15,,162460,12,,,0,14,,162473,12,,,0,15,,162461,12,,,0,670,,162462,12,,,0,13,,162474,12,,,0,16,,162463,12,,,0,55,,162475,12,,,0,21,,162464,12,,,0,12,,162476,12,,,0,9,,162479,12,,,0,51,,162465,12,,,0,11,,162477,12,,,0,16,,162466,12,,,0,80,,162467,12,,,0,49,,162478,12,,,0
