672401,'1_merged_15288063',523,,87499,40,,,0,30,,87488,40,,,0,72,,87514,40,,,0,34,,87498,40,,,0,74,,87515,40,,,0,14,,87522,40,,,0,57,,87523,40,,,0,16,,87524,40,,,0,19,,87525,40,,,0,15,,87526,40,,,0,55,,87527,40,,,0,13,,87528,40,,,0,16,,87529,40,,,0,15,,87530,40,,,0,55,,87531,40,,,0,15,,87516,40,,,0,17,,87532,40,,,0,19,,87503,40,,,0,61,,87500,40,,,0,23,,87504,40,,,0,60,,87501,40,,,0,21,,87502,40,,,0,22,,87505,40,,,0,60,,87487,40,,,0,20,,87489,40,,,0,18,,87506,40,,,0,61,,87492,40,,,0,22,,87493,40,,,0,21,,87507,39,,,0,58,,87486,39,,,0,20,,87517,39,,,0,16,,87513,39,,,0,16,,87521,39,,,0,54,,87512,39,,,0,15,,87533,39,,,0,16,,87534,39,,,0,15,,87535,39,,,0,55,,87536,39,,,0,15,,87537,39,,,0,15,,87538,39,,,0,14,,87539,39,,,0,55,,87540,39,,,0,12,,87541,39,,,0,16,,87542,40,,,0,15,,87543,40,,,0,52,,87544,40,,,0,15,,87545,40,,,0,14,,87546,40,,,0,13,,87547,40,,,0,63,,87508,40,,,0,33,,87509,40,,,0,71,,87510,40,,,0,27,,87511,40,,,0,70,,87494,40,,,0,27,,87495,40,,,0,70,,87496,40,,,0,29,,87497,40,,,0,70,,87518,40,,,0,25,,87490,40,,,0,66,,87519,40,,,0,27,,87491,40,,,0,77,,87520,40,,,0
672401,'2_merged_15288065',517,,87584,40,,,0,37,,87586,40,,,0,72,,87587,40,,,0,75,,87588,40,,,0,34,,87589,40,,,0,72,,87590,40,,,0,25,,87591,40,,,0,20,,87592,40,,,0,63,,87593,40,,,0,21,,87548,40,,,0,21,,87549,40,,,0,55,,87550,40,,,0,14,,87551,40,,,0,15,,87552,40,,,0,14,,87553,40,,,0,54,,87554,40,,,0,15,,87555,40,,,0,16,,87556,40,,,0,16,,87557,40,,,0,55,,87558,40,,,0,15,,87559,40,,,0,19,,87560,40,,,0,55,,87561,40,,,0,15,,87562,40,,,0,15,,87563,40,,,0,15,,87564,40,,,0,55,,87565,40,,,0,15,,87566,40,,,0,15,,87567,40,,,0,15,,87568,40,,,0,14,,87569,40,,,0,56,,87570,40,,,0,15,,87571,40,,,0,13,,87572,40,,,0,15,,87573,40,,,0,55,,87574,40,,,0,15,,87575,40,,,0,14,,87576,40,,,0,15,,87577,40,,,0,54,,87578,40,,,0,15,,87579,40,,,0,15,,87580,40,,,0,15,,87581,40,,,0,53,,87582,40,,,0,19,,87583,40,,,0,19,,87594,40,,,0,59,,87595,40,,,0,18,,87596,40,,,0,19,,87597,40,,,0,61,,87610,40,,,0,17,,87598,40,,,0,20,,87599,40,,,0,64,,87600,40,,,0,28,,87601,40,,,0,70,,87602,40,,,0,30,,87603,40,,,0,71,,87604,40,,,0,27,,87605,40,,,0,25,,87606,40,,,0,82,,87607,40,,,0,68,,87608,40,,,0,37,,87609,40,,,0,69,,87585,40,,,0
672401,'3_merged_15288064',527,,87617,40,,,0,30,,87619,40,,,0,70,,87620,40,,,0,31,,87621,40,,,0,70,,87622,40,,,0,31,,87623,40,,,0,64,,87624,40,,,0,20,,87625,40,,,0,62,,87626,40,,,0,23,,87627,40,,,0,20,,87628,40,,,0,62,,87629,40,,,0,20,,87630,40,,,0,20,,87631,40,,,0,63,,87632,40,,,0,21,,87633,40,,,0,20,,87634,40,,,0,61,,87635,40,,,0,22,,87636,40,,,0,20,,87637,40,,,0,60,,87638,40,,,0,19,,87639,40,,,0,20,,87640,40,,,0,61,,87641,40,,,0,17,,87642,40,,,0,16,,87611,40,,,0,55,,87643,40,,,0,17,,87644,40,,,0,15,,87645,40,,,0,14,,87612,40,,,0,55,,87646,40,,,0,15,,87647,40,,,0,15,,87648,40,,,0,15,,87613,40,,,0,55,,87649,40,,,0,14,,87650,40,,,0,15,,87651,40,,,0,15,,87614,40,,,0,55,,87652,40,,,0,13,,87653,40,,,0,16,,87654,40,,,0,15,,87615,40,,,0,55,,87655,40,,,0,17,,87656,40,,,0,19,,87657,40,,,0,62,,87658,40,,,0,19,,87616,40,,,0,20,,87659,40,,,0,74,,87660,40,,,0,30,,87661,40,,,0,73,,87662,40,,,0,29,,87663,40,,,0,72,,87664,40,,,0,29,,87665,40,,,0,72,,87666,40,,,0,29,,87667,40,,,0,85,,87668,40,,,0,70,,87618,40,,,0
672500,'1_merged_15288063',604,,87669,25,,,0,40,,87670,25,,,0,71,,87671,25,,,0,32,,87672,25,,,0,71,,87673,25,,,0,32,,87674,25,,,0,70,,87675,25,,,0,27,,87676,25,,,0,72,,87677,25,,,0,30,,87678,25,,,0,72,,87679,25,,,0,29,,87680,25,,,0,70,,87681,25,,,0,30,,87682,25,,,0,70,,87683,25,,,0,30,,87684,25,,,0,69,,87685,25,,,0,30,,87686,24,,,0,73,,87687,24,,,0,32,,87688,24,,,0,69,,87689,24,,,0,30,,87690,24,,,0,69,,87691,24,,,0,30,,87692,24,,,0,69,,87693,24,,,0,29,,87694,25,,,0,70,,87695,25,,,0,30,,87696,25,,,0,70,,87697,25,,,0,30,,87698,25,,,0,70,,87699,25,,,0,30,,87700,25,,,0,68,,87701,25,,,0,93,,87702,25,,,0,99,,87703,25,,,0,100,,87704,25,,,0
672500,'2_merged_15288065',557,,87734,25,,,0,86,,87723,25,,,0,70,,87733,25,,,0,33,,87706,25,,,0,69,,87730,25,,,0,30,,87731,25,,,0,70,,87714,25,,,0,32,,87737,25,,,0,70,,87738,25,,,0,30,,87726,25,,,0,70,,87736,25,,,0,31,,87721,25,,,0,70,,87729,25,,,0,32,,87707,25,,,0,71,,87708,25,,,0,29,,87709,25,,,0,70,,87710,25,,,0,31,,87711,25,,,0,70,,87712,25,,,0,30,,87713,25,,,0,69,,87732,25,,,0,30,,87725,25,,,0,70,,87735,25,,,0,30,,87724,25,,,0,70,,87728,25,,,0,30,,87720,25,,,0,70,,87727,25,,,0,30,,87715,25,,,0,70,,87718,25,,,0,29,,87722,25,,,0,69,,87719,25,,,0,30,,87705,25,,,0,71,,87739,25,,,0,91,,87716,25,,,0,100,,87740,25,,,0,99,,87717,25,,,0
672500,'3_merged_15288064',701,,87762,25,,,0,33,,87770,25,,,0,70,,87769,25,,,0,32,,87743,25,,,0,70,,87747,25,,,0,31,,87763,25,,,0,71,,87764,25,,,0,30,,87765,25,,,0,70,,87750,25,,,0,30,,87772,25,,,0,70,,87760,25,,,0,29,,87774,25,,,0,71,,87766,25,,,0,29,,87773,25,,,0,70,,87751,25,,,0,30,,87767,25,,,0,70,,87768,25,,,0,30,,87771,25,,,0,70,,87761,25,,,0,29,,87752,25,,,0,70,,87754,25,,,0,30,,87749,25,,,0,70,,87744,25,,,0,31,,87745,25,,,0,71,,87746,25,,,0,30,,87748,25,,,0,70,,87755,25,,,0,31,,87756,25,,,0,70,,87757,25,,,0,30,,87758,25,,,0,80,,87741,25,,,0,109,,87759,25,,,0,100,,87742,25,,,0,100,,87753,25,,,0
682800,'101_merged_15288070',906,,95289,31,,,0
682800,'1201_merged_15288056',2128,,95290,30,,,0,107,,95291,30,,,0
682800,'1_merged_15288063',826,,95309,31,,,0,119,,95308,30,,,0,79,,95307,30,,,0,77,,95306,30,,,0,43,,95305,30,,,0,80,,95304,30,,,0,80,,95303,30,,,0,41,,95302,30,,,0,80,,95301,30,,,0,82,,95300,29,,,0,40,,95299,29,,,0,84,,95298,29,,,0,78,,95297,29,,,0,38,,95296,29,,,0,80,,95295,29,,,0,78,,95294,30,,,0,48,,95293,30,,,0,69,,95292,30,,,0
682800,'2_merged_15288065',934,,95311,30,,,0,80,,95328,30,,,0,40,,95327,30,,,0,80,,95326,30,,,0,80,,95325,30,,,0,41,,95324,30,,,0,80,,95323,30,,,0,80,,95322,30,,,0,40,,95321,30,,,0,80,,95320,30,,,0,80,,95319,30,,,0,40,,95318,30,,,0,80,,95317,30,,,0,79,,95316,30,,,0,37,,95315,30,,,0,107,,95314,30,,,0,150,,95313,30,,,0,107,,95312,30,,,0,104,,95310,30,,,0
682800,'3_merged_15288064',1133,,95334,30,,,0,82,,95341,30,,,0,40,,95333,30,,,0,80,,95340,30,,,0,80,,95339,30,,,0,40,,95332,30,,,0,80,,95338,30,,,0,79,,95331,30,,,0,40,,95330,30,,,0,80,,95337,30,,,0,80,,95336,30,,,0,40,,95329,30,,,0,75,,95335,30,,,0
3454300,'1_merged_15288063',1850,,108435,24,,,0,56,,108436,24,,,0,15,,108437,24,,,0,15,,108438,24,,,0,16,,108439,24,,,0,55,,108440,24,,,0,15,,108441,24,,,0,15,,108442,24,,,0,70,,108443,24,,,0,29,,108444,24,,,0,70,,108445,24,,,0,28,,108446,24,,,0,69,,108447,24,,,0,29,,108448,24,,,0,70,,108449,24,,,0
3454300,'2_merged_15288065',543,,108496,27,,,0,67,,108495,27,,,0,30,,108494,27,,,0,66,,108493,27,,,0,33,,108492,27,,,0,71,,108491,27,,,0,31,,108490,27,,,0,71,,108489,27,,,0,22,,108469,27,,,0,20,,108488,27,,,0,60,,108487,27,,,0,20,,108486,27,,,0,21,,108485,27,,,0,60,,108484,27,,,0,22,,108483,27,,,0,22,,108482,27,,,0,60,,108481,27,,,0,20,,108480,27,,,0,19,,108479,27,,,0,60,,108478,27,,,0,20,,108477,27,,,0,20,,108476,27,,,0,60,,108475,27,,,0,20,,108474,27,,,0,20,,108473,27,,,0,60,,108472,27,,,0,21,,108471,27,,,0,20,,108470,27,,,0,60,,108517,27,,,0,20,,108516,27,,,0,20,,108515,27,,,0,60,,108514,27,,,0,18,,108513,27,,,0,20,,108512,27,,,0,60,,108511,27,,,0,20,,108510,27,,,0,19,,108509,27,,,0,56,,108508,24,,,0,29,,108507,24,,,0,70,,108506,24,,,0,31,,108505,24,,,0,70,,108504,24,,,0,30,,108503,24,,,0,70,,108502,24,,,0,30,,108501,24,,,0,70,,108500,24,,,0,98,,108499,24,,,0
3454300,'3_merged_15288064',543,,108560,27,,,0,75,,108561,27,,,0,30,,108518,27,,,0,71,,108519,27,,,0,30,,108520,27,,,0,70,,108521,27,,,0,30,,108545,27,,,0,70,,108546,27,,,0,28,,108547,27,,,0,67,,108548,27,,,0,25,,108553,27,,,0,62,,108549,27,,,0,20,,108550,27,,,0,20,,108554,27,,,0,60,,108551,27,,,0,20,,108552,27,,,0,20,,108555,27,,,0,60,,108522,27,,,0,20,,108523,27,,,0,20,,108556,27,,,0,60,,108524,27,,,0,20,,108525,27,,,0,20,,108557,27,,,0,60,,108526,27,,,0,20,,108527,27,,,0,20,,108558,27,,,0,61,,108528,27,,,0,20,,108529,27,,,0,20,,108559,27,,,0,60,,108530,27,,,0,26,,108531,27,,,0,26,,108532,27,,,0,69,,108533,27,,,0,29,,108534,24,,,0,75,,108535,24,,,0,76,,108536,24,,,0,35,,108537,24,,,0,75,,108538,24,,,0,33,,108539,24,,,0,75,,108540,24,,,0,35,,108541,24,,,0,145,,108542,24,,,0
