661401,'152301_merged_15288069',2112,,58094,6,,,0,21,,58085,6,,,0,20,,58086,6,,,0,59,,58087,6,,,0,19,,58088,6,,,0,20,,58089,6,,,0,60,,58090,6,,,0,20,,58091,6,,,0,21,,58092,6,,,0,64,,58093,6,,,0
661401,'2_merged_15288065',2110,,58218,6,,,0,20,,58173,6,,,0,20,,58171,6,,,0,61,,58172,6,,,0,20,,58200,6,,,0,20,,58197,6,,,0,60,,58184,6,,,0,20,,58193,6,,,0,20,,58189,6,,,0,62,,58191,6,,,0
661401,'3_merged_15288064',2104,,58243,6,,,0,20,,58237,6,,,0,20,,58272,6,,,0,63,,58273,6,,,0,22,,58248,6,,,0,20,,58233,6,,,0,60,,58249,6,,,0,19,,58250,6,,,0,21,,58235,6,,,0,65,,58236,6,,,0
661701,'152201_merged_15288067',2506,,59824,35,,,0
661701,'152301_merged_15288069',2103,,59825,34,,,0,20,,59826,34,,,0,20,,59827,34,,,0,58,,59828,34,,,0,19,,59829,34,,,0,20,,59830,34,,,0,60,,59831,34,,,0,20,,59832,33,,,0,20,,59833,33,,,0,61,,59834,33,,,0,20,,59835,33,,,0,15,,59836,35,,,0,70,,59837,35,,,0
661701,'2_merged_15288065',2100,,59960,34,,,0,20,,59961,34,,,0,20,,59962,34,,,0,60,,59963,34,,,0,20,,59964,34,,,0,20,,59965,34,,,0,60,,59966,34,,,0,20,,59967,33,,,0,20,,59968,33,,,0,61,,59969,33,,,0,20,,59970,33,,,0,20,,59971,35,,,0,69,,59972,35,,,0
661701,'3_merged_15288064',2058,,60023,34,,,0,60,,60024,34,,,0,20,,60025,34,,,0,20,,60026,34,,,0,60,,60027,34,,,0,20,,60028,34,,,0,19,,60029,34,,,0,60,,60030,33,,,0,19,,60031,33,,,0,20,,60032,33,,,0,62,,60033,33,,,0,21,,60034,35,,,0,69,,60035,35,,,0
662001,'152301_merged_15288069',2103,,61476,5,,,0,16,,61477,5,,,0,15,,61478,5,,,0,15,,61479,5,,,0,55,,61480,5,,,0,20,,61481,5,,,0,20,,61482,5,,,0,59,,61483,5,,,0,20,,61484,5,,,0,20,,61485,5,,,0,70,,61486,5,,,0,30,,61487,5,,,0,70,,61488,5,0,18 17,0,30,,61489,5,0,18 17,0
662001,'2_merged_15288065',2103,,61623,5,,,0,19,,61624,5,,,0,20,,61625,5,,,0,60,,61626,5,,,0,20,,61627,5,,,0,20,,61628,5,,,0,60,,61629,5,,,0,22,,61630,5,,,0,20,,61631,5,,,0,69,,61632,5,,,0,30,,61633,5,,,0,70,,61634,5,0,18 17,0,30,,61635,5,0,18 17,0
662001,'3_merged_15288064',2113,,61695,5,,,0,20,,61696,5,,,0,20,,61697,5,,,0,59,,61698,5,,,0,20,,61699,5,,,0,20,,61700,5,,,0,60,,61701,5,,,0,20,,61702,5,,,0,20,,61703,5,,,0,61,,61704,5,,,0,30,,61705,5,,,0,70,,61706,5,0,18 17,0,30,,61707,5,0,18 17,0
662201,'152301_merged_15288069',2112,,62418,44,,,0,16,,62419,44,,,0,16,,62420,44,,,0,60,,62421,44,,,0,20,,62422,44,,,0,20,,62423,44,,,0,60,,62424,44,,,0,21,,62425,44,,,0,19,,62426,44,,,0,70,,62427,44,,,0,29,,62428,44,,,0,70,,62429,44,,,0,30,,62430,44,,,0
662201,'2_merged_15288065',2116,,62531,44,,,0,15,,62591,44,,,0,17,,62522,44,,,0,60,,62518,44,,,0,20,,62576,44,,,0,19,,62586,44,,,0,61,,62590,44,,,0,22,,62574,44,,,0,19,,62587,44,,,0,66,,62517,44,,,0,30,,62580,44,,,0,70,,62584,44,,,0,28,,62589,44,,,0
662201,'3_merged_15288064',2104,,62662,44,,,0,20,,62663,44,,,0,19,,62664,44,,,0,60,,62665,44,,,0,20,,62666,44,,,0,20,,62667,44,,,0,60,,62668,44,,,0,20,,62669,44,,,0,18,,62670,44,,,0,69,,62671,44,,,0,32,,62672,44,,,0,70,,62673,44,,,0,30,,62674,49,,,0
663701,'152301_merged_15288069',2057,,68143,9,,,0,62,,68144,9,,,0,23,,68145,9,,,0,60,,68146,9,,,0,20,,68147,9,,,0,22,,68149,9,,,0,58,,68150,9,,,0,25,,68148,9,,,0,23,,68151,9,,,0,62,,68152,9,,,0,34,,68153,9,,,0,65,,68154,9,,,0,28,,68155,9,,,0
663701,'2_merged_15288065',2106,,68272,9,,,0,19,,68273,9,,,0,20,,68274,9,,,0,60,,68275,9,,,0,23,,68276,9,,,0,21,,68277,9,,,0,70,,68278,9,,,0,29,,68279,9,,,0,68,,68280,9,,,0,31,,68281,9,,,0,70,,68282,9,,,0,28,,68283,9,,,0
663701,'3_merged_15288064',2123,,68343,9,,,0,21,,68344,9,,,0,61,,68345,9,,,0,20,,68346,9,,,0,21,,68347,9,,,0,70,,68348,9,,,0,30,,68349,9,,,0,70,,68350,9,,,0,30,,68351,9,,,0,71,,68352,9,,,0,26,,68353,9,,,0
683001,'1_merged_15288063',2612,,95446,4,,,0,31,,95447,4,,,0,70,,95448,4,,,0,30,,95449,4,,,0,70,,95450,4,,,0,29,,95451,4,,,0
683001,'2_merged_15288065',2614,,95457,4,,,0,34,,95453,4,,,0,70,,95452,4,,,0,30,,95456,4,,,0,72,,95455,4,,,0,34,,95454,4,,,0
683001,'3_merged_15288064',2613,,95459,4,,,0,30,,95458,4,,,0,70,,95463,4,,,0,30,,95462,4,,,0,70,,95461,4,,,0,40,,95460,4,,,0
683301,'1_merged_15288063',2613,,95492,4,,,0,14,,95495,4,,,0,19,,95493,4,,,0,72,,95494,4,,,0
683301,'2_merged_15288065',2616,,95498,4,,,0,13,,95499,4,,,0,20,,95497,4,,,0,61,,95496,4,,,0
683301,'3_merged_15288064',2614,,95502,4,,,0,30,,95501,4,,,0,70,,95500,4,,,0
684100,'1_merged_15288063',453,,95751,4,,,0,70,,95752,4,,,0,9,,95759,4,,,0,2006,,95760,4,,,0,70,,95754,4,,,0,20,,95756,4,,,0,20,,95753,4,,,0,62,,95755,4,,,0,30,,95757,4,,,0,75,,95758,4,,,0
684100,'2_merged_15288065',450,,95763,4,,,0,69,,95770,4,,,0,31,,95771,4,,,0,75,,95772,4,,,0,29,,95768,4,,,0,1884,,95774,4,,,0,74,,95765,4,,,0,17,,95769,4,,,0,20,,95773,4,,,0,60,,95766,4,,,0,30,,95767,4,,,0,80,,95775,4,,,0
684100,'3_merged_15288064',448,,95786,4,,,0,71,,95787,4,,,0,30,,95788,4,,,0,71,,95789,4,,,0,16,,95790,4,,,0,14,,95782,4,,,0,56,,95791,4,,,0,13,,95783,4,,,0,1789,,95776,4,,,0,30,,95777,4,,,0,72,,95780,4,,,0,30,,95779,4,,,0,70,,95778,4,,,0,35,,95781,4,,,0,75,,95785,4,,,0
1671801,'152301_merged_15288069',2105,,98516,6,,,0,16,,98517,6,,,0,16,,98518,6,,,0,15,,98519,6,,,0,55,,98520,6,,,0,15,,98521,6,,,0,20,,98522,6,,,0,61,,98523,6,,,0,18,,98524,6,,,0,20,,98513,6,,,0,70,,98508,6,,,0,15,,98515,6,,,0,15,,98509,6,,,0,15,,98514,6,,,0,54,,98510,6,,,0,30,,98511,6,,,0,5,,98512,6,,,0
1671801,'2_merged_15288065',2105,,98678,6,,,0,14,,98679,6,,,0,15,,98680,6,,,0,15,,98681,6,,,0,55,,98682,6,,,0,21,,98683,6,,,0,20,,98684,6,,,0,60,,98595,6,,,0,20,,98596,6,,,0,21,,98597,6,,,0,64,,98598,6,,,0,30,,98599,6,,,0,70,,98600,6,,,0,29,,98603,6,,,0,11,,98604,6,,,0
1671801,'3_merged_15288064',2123,,98730,6,,,0,15,,98731,6,,,0,15,,98732,6,,,0,55,,98740,6,,,0,17,,98733,6,,,0,20,,98734,6,,,0,60,,98699,6,,,0,19,,98700,6,,,0,21,,98701,6,,,0,64,,98735,6,,,0,30,,98736,6,,,0,70,,98737,6,,,0,30,,98738,6,,,0,8,,98743,6,,,0
