3004201,'2_merged_15524982',851,,162518,11,,,0,74,,162519,11,,,0,76,,162520,11,,,0,34,,162521,11,,,0,75,,162522,11,,,0,35,,162523,11,,,0,75,,162524,11,,,0,35,,162525,11,,,0,76,,162526,11,,,0,75,,162527,11,,,0,36,,162528,11,,,0,75,,162529,11,,,0,35,,162530,11,,,0,74,,162531,11,,,0,75,,162532,11,,,0,34,,162533,11,,,0,74,,162534,11,,,0,33,,162535,11,,,0,73,,162536,11,,,0
3004201,'3_merged_15524981',849,,162537,11,,,0,75,,162538,11,,,0,35,,162539,11,,,0,75,,162540,11,,,0,75,,162541,11,,,0,35,,162542,11,,,0,76,,162543,11,,,0,35,,162544,11,,,0,75,,162545,11,,,0,75,,162546,11,,,0,35,,162547,11,,,0,75,,162548,11,,,0,35,,162549,11,,,0,75,,162550,11,,,0,75,,162551,11,,,0,35,,162552,11,,,0,73,,162553,11,,,0,32,,162554,11,,,0,75,,162555,11,,,0
3004501,'1_merged_15524980',553,,163124,24,,,0,69,,163125,24,,,0,31,,163126,24,,,0,72,,163127,24,,,0,26,,163128,24,,,0,74,,163138,24,,,0,22,,163129,24,,,0,72,,163130,24,,,0,30,,163131,24,,,0,66,,163132,24,,,0,35,,163118,24,,,0,68,,163133,24,,,0,30,,163119,24,,,0,71,,163134,24,,,0,30,,163120,24,,,0,73,,163135,24,,,0,30,,163121,24,,,0,67,,163136,21,,,0,30,,163122,21,,,0,67,,163137,21,,,0,30,,163123,21,,,0,70,,163108,21,,,0,26,,163109,21,,,0,81,,163110,21,,,0,30,,163111,21,,,0,70,,163112,21,,,0,36,,163113,21,,,0,57,,163117,21,,,0,32,,163114,21,,,0,78,,163115,21,,,0,100,,163116,21,,,0
3004501,'2_merged_15524982',911,,163151,24,,,0,30,,163152,24,,,0,70,,163150,24,,,0,30,,163153,24,,,0,71,,163149,24,,,0,30,,163154,24,,,0,70,,163148,24,,,0,30,,163155,24,,,0,69,,163147,24,,,0,33,,163163,21,,,0,72,,163146,21,,,0,31,,163156,21,,,0,69,,163145,21,,,0,30,,163157,21,,,0,70,,163144,21,,,0,30,,163158,21,,,0,70,,163143,21,,,0,30,,163159,21,,,0,71,,163142,21,,,0,28,,163160,21,,,0,70,,163141,21,,,0,25,,163161,21,,,0,75,,163140,21,,,0,30,,163162,21,,,0,70,,163139,21,,,0
3004501,'3_merged_15524981',910,,163176,24,,,0,30,,163177,24,,,0,71,,163175,24,,,0,32,,163178,24,,,0,70,,163174,24,,,0,31,,163179,24,,,0,70,,163173,24,,,0,30,,163180,24,,,0,73,,163172,24,,,0,29,,163181,21,,,0,72,,163171,21,,,0,29,,163182,21,,,0,71,,163170,21,,,0,29,,163183,21,,,0,70,,163169,21,,,0,29,,163184,21,,,0,70,,163168,21,,,0,30,,163185,21,,,0,70,,163167,21,,,0,30,,163186,21,,,0,68,,163166,21,,,0,29,,163187,21,,,0,70,,163165,21,,,0,30,,163188,21,,,0,69,,163164,21,,,0
3004601,'101_merged_15524987',1646,,163330,27,,,0
3004601,'1_merged_15524980',500,,163347,27,,,0,22,,163348,27,,,0,20,,163349,27,,,0,58,,163350,27,,,0,15,,163351,27,,,0,15,,163333,27,,,0,16,,163352,27,,,0,12,,163353,27,,,0,57,,163354,27,,,0,13,,163355,27,,,0,18,,163334,27,,,0,12,,163384,27,,,0,53,,163363,27,,,0,13,,163364,27,,,0,20,,163365,27,,,0,61,,163366,27,,,0,30,,163367,27,,,0,69,,163368,27,,,0,30,,163369,27,,,0,73,,163370,27,,,0,31,,163371,27,,,0,69,,163372,27,,,0,32,,163373,27,,,0,70,,163374,27,,,0,30,,163375,27,,,0,70,,163376,27,,,0,31,,163377,27,,,0,69,,163378,27,,,0,18,,163331,27,,,0,20,,163382,27,,,0,61,,163385,27,,,0,23,,163383,27,,,0,72,,163356,27,,,0,12,,163357,27,,,0,13,,163358,27,,,0,15,,163359,27,,,0,13,,163360,27,,,0,55,,163361,27,,,0,23,,163362,27,,,0,21,,163332,27,,,0,64,,163380,27,,,0,17,,163381,27,,,0,69,,163335,27,,,0,28,,163336,27,,,0,72,,163379,27,,,0,27,,163337,27,,,0,70,,163338,27,,,0,30,,163346,27,,,0,70,,163339,27,,,0,30,,163340,27,,,0,70,,163345,27,,,0,30,,163341,27,,,0,70,,163342,27,,,0,30,,163344,27,,,0,70,,163343,27,,,0
3004601,'201',1646,,163386,27,,,0
3004601,'2_merged_15524982',539,,163424,27,,,0,71,,163399,27,,,0,30,,163425,27,,,0,70,,163426,27,,,0,31,,163427,27,,,0,70,,163387,27,,,0,30,,163388,27,,,0,72,,163389,27,,,0,30,,163390,27,,,0,70,,163391,27,,,0,31,,163392,27,,,0,72,,163393,27,,,0,30,,163394,27,,,0,70,,163395,27,,,0,30,,163396,27,,,0,70,,163397,27,,,0,32,,163398,27,,,0,70,,163400,27,,,0,30,,163401,27,,,0,70,,163402,27,,,0,30,,163403,27,,,0,70,,163404,27,,,0,30,,163405,27,,,0,70,,163406,27,,,0,30,,163407,27,,,0,67,,163408,27,,,0,30,,163409,27,,,0,70,,163410,27,,,0,29,,163411,27,,,0,70,,163412,27,,,0,30,,163413,27,,,0,71,,163414,27,,,0,29,,163415,27,,,0,69,,163416,27,,,0,31,,163417,27,,,0,69,,163418,27,,,0,29,,163419,27,,,0,70,,163420,27,,,0,28,,163421,27,,,0,70,,163422,27,,,0,30,,163423,27,,,0
3004601,'3_merged_15524981',539,,163429,27,,,0,70,,163430,27,,,0,30,,163431,27,,,0,71,,163432,27,,,0,30,,163433,27,,,0,70,,163434,27,,,0,31,,163435,27,,,0,70,,163436,27,,,0,30,,163437,27,,,0,71,,163438,27,,,0,32,,163439,27,,,0,70,,163440,27,,,0,30,,163441,27,,,0,72,,163428,27,,,0,30,,163442,27,,,0,70,,163443,27,,,0,30,,163444,27,,,0,70,,163445,27,,,0,30,,163446,27,,,0,70,,163447,27,,,0,29,,163448,27,,,0,70,,163449,27,,,0,33,,163450,27,,,0,67,,163451,27,,,0,33,,163452,27,,,0,67,,163453,27,,,0,30,,163454,27,,,0,69,,163455,27,,,0,29,,163456,27,,,0,70,,163457,27,,,0,29,,163458,27,,,0,70,,163459,27,,,0,30,,163460,27,,,0,70,,163461,27,,,0,27,,163462,27,,,0,70,,163463,27,,,0,30,,163464,27,,,0,70,,163465,27,,,0,30,,163466,27,,,0,70,,163467,27,,,0
