674901,'101_merged_15524987',1512,,150981,2,,,0,10,,150980,16,,,0
674901,'1_merged_15524980',400,,150994,2,,,0,30,,151023,2,,,0,22,,151024,16,,,0,68,,151025,16,,,0,9,,151026,2,,,0,21,,150983,16,,,0,9,,151027,2,,,0,62,,151028,16,,,0,10,,151029,16,,,0,20,,151030,16,,,0,8,,150990,16,,,0,58,,151031,16,,,0,10,,151032,16,,,0,20,,151033,16,,,0,57,,151034,16,,,0,16,,151035,2,,,0,17,,151036,16,,,0,15,,151037,16,,,0,54,,151038,2,,,0,14,,150991,16,,,0,15,,151039,2,,,0,15,,151040,16,,,0,55,,151041,2,,,0,15,,151042,16,,,0,15,,151043,2,,,0,15,,151044,16,,,0,8,,151045,3,,,0,57,,151046,16,,,0,17,,151047,2,,,0,16,,151048,16,,,0,55,,151049,2,,,0,15,,151050,16,,,0,15,,151051,2,,,0,15,,151052,16,,,0,54,,151053,2,,,0,18,,151054,16,,,0,15,,151055,2,,,0,15,,151056,16,,,0,55,,151012,2,,,0,14,,151013,16,,,0,19,,150989,16,,,0,63,,151014,16,,,0,27,,151015,16,,,0,18,,151016,16,,,0,7,,151017,3,,,0,5,,151018,16,,,0,58,,151019,16,,,0,15,,151020,16,,,0,15,,151021,16,,,0,58,,151022,16,,,0,14,,150985,16,,,0,13,,150988,16,,,0,13,,151010,16,,,0,15,,150997,16,,,0,55,,150998,16,,,0,18,,150999,16,,,0,12,,151000,16,,,0,15,,151001,16,,,0,55,,151002,16,,,0,15,,150992,16,,,0,17,,150984,16,,,0,54,,150996,16,,,0,15,,151003,16,,,0,30,,151004,16,,,0,70,,151005,16,,,0,16,,151006,3,,,0,17,,150986,16,,,0,62,,151011,16,,,0,21,,150995,3,,,0,19,,151007,16,,,0,65,,151008,16,,,0,30,,150987,16,,,0,70,,151009,16,,,0,30,,150993,16,,,0,70,,151057,16,,,0
674901,'201',1512,,151059,2,,,0,10,,151058,16,,,0
674901,'2_merged_15524982',524,,151060,16,,,0,29,,151061,2,,,0,66,,151062,16,,,0,28,,151063,2,,,0,57,,151064,16,,,0,15,,151065,2,,,0,15,,151066,16,,,0,13,,151067,2,,,0,55,,151068,16,,,0,15,,151069,2,,,0,15,,151070,16,,,0,15,,151071,2,,,0,55,,151072,16,,,0,15,,151073,2,,,0,15,,151074,16,,,0,15,,151075,2,,,0,55,,151076,16,,,0,15,,151077,2,,,0,14,,151078,16,,,0,15,,151079,2,,,0,55,,151080,16,,,0,14,,151081,2,,,0,14,,151082,16,,,0,18,,151083,2,,,0,55,,151084,16,,,0,15,,151085,2,,,0,15,,151086,16,,,0,15,,151087,2,,,0,55,,151088,16,,,0,15,,151089,2,,,0,15,,151090,16,,,0,15,,151091,2,,,0,55,,151092,16,,,0,15,,151093,2,,,0,15,,151094,16,,,0,15,,151095,2,,,0,55,,151096,16,,,0,15,,151097,2,,,0,15,,151098,16,,,0,15,,151099,2,,,0,55,,151100,16,,,0,20,,151101,2,,,0,15,,151102,16,,,0,15,,151103,2,,,0,55,,151104,16,,,0,15,,151105,2,,,0,15,,151106,16,,,0,15,,151107,2,,,0,55,,151108,16,,,0,15,,151109,2,,,0,15,,151110,16,,,0,11,,151111,2,,,0,59,,151112,16,,,0,15,,151113,16,,,0,15,,151114,16,,,0,15,,151115,16,,,0,63,,151116,16,,,0,30,,151117,16,,,0,70,,151118,16,,,0,30,,151119,16,,,0,70,,151120,16,,,0,30,,151121,16,,,0,70,,151122,16,,,0,30,,151123,16,,,0,70,,151124,16,,,0,30,,151125,16,,,0,68,,151126,16,,,0
674901,'3_merged_15524981',618,,151160,2,,,0,30,,151152,2,,,0,70,,151151,16,,,0,29,,151150,16,,,0,55,,151149,2,,,0,15,,151148,16,,,0,15,,151185,2,,,0,15,,151184,16,,,0,55,,151183,2,,,0,15,,151182,16,,,0,15,,151181,2,,,0,15,,151180,16,,,0,57,,151179,2,,,0,14,,151178,16,,,0,16,,151135,2,,,0,15,,151134,16,,,0,56,,151177,2,,,0,13,,151176,16,,,0,15,,151175,2,,,0,15,,151174,16,,,0,55,,151173,2,,,0,15,,151172,16,,,0,12,,151171,2,,,0,18,,151170,16,,,0,55,,151169,2,,,0,14,,151168,16,,,0,16,,151167,2,,,0,14,,151166,16,,,0,56,,151147,2,,,0,14,,151146,16,,,0,17,,151145,2,,,0,5,,151144,16,,,0,64,,151143,2,,,0,14,,151142,16,,,0,17,,151141,2,,,0,13,,151140,16,,,0,57,,151139,2,,,0,13,,151138,16,,,0,15,,151137,2,,,0,15,,151159,16,,,0,55,,151158,2,,,0,14,,151157,16,,,0,14,,151156,2,,,0,17,,151155,16,,,0,54,,151154,2,,,0,16,,151153,16,,,0,15,,151136,2,,,0,15,,151133,16,,,0,58,,151132,2,,,0,14,,151131,16,,,0,15,,151129,2,,,0,14,,151130,16,,,0,57,,151128,2,,,0,15,,151127,16,,,0,15,,151189,2,,,0,20,,151188,16,,,0,70,,151165,16,,,0,30,,151187,16,,,0,71,,151186,16,,,0,30,,151161,16,,,0,72,,151162,16,,,0,72,,151163,16,,,0,27,,151190,16,,,0,29,,151164,16,,,0
680001,'1_merged_15524980',516,,152479,2,,,0,30,,152478,2,,,0,72,,152477,2,,,0,28,,152471,2,,,0,68,,152476,2,,,0,21,,152493,2,,,0,70,,152492,2,,,0,35,,152491,2,,,0,80,,152490,2,,,0,80,,152489,2,,,0,40,,152488,2,,,0,81,,152487,2,,,0,80,,152486,2,,,0,40,,152485,2,,,0,80,,152484,2,,,0,80,,152469,2,,,0,43,,152475,2,,,0,77,,152474,2,,,0,80,,152473,2,,,0,34,,152470,2,,,0,70,,152472,2,,,0,30,,152483,2,,,0,95,,152482,2,,,0,80,,152481,2,,,0,94,,152494,2,,,0,106,,152495,2,,,0,105,,152480,2,,,0
680001,'2_merged_15524982',730,,152497,2,,,0,100,,152498,2,,,0,100,,152499,2,,,0,100,,152500,2,,,0,101,,152501,2,,,0,100,,152502,2,,,0,100,,152503,2,,,0,100,,152508,2,,,0,99,,152504,2,,,0,100,,152505,2,,,0,100,,152506,2,,,0,100,,152507,2,,,0,100,,152496,2,,,0
680001,'3_merged_15524981',830,,152509,2,,,0,100,,152510,2,,,0,100,,152511,2,,,0,100,,152512,2,,,0,100,,152513,2,,,0,100,,152514,2,,,0,100,,152515,2,,,0,100,,152516,2,,,0,100,,152517,2,,,0,100,,152518,2,,,0,100,,152519,2,,,0,100,,152520,2,,,0
722401,'101_merged_15524987',1521,,155848,2,,,0
722401,'1_merged_15524980',420,,155871,2,,,0,20,,155870,2,,,0,60,,155869,2,,,0,20,,155873,2,,,0,15,,155868,2,,,0,71,,155867,2,,,0,22,,155882,2,,,0,24,,155866,2,,,0,58,,155865,2,,,0,14,,155874,2,,,0,15,,155883,2,,,0,17,,155864,2,,,0,62,,155863,2,,,0,18,,155875,2,,,0,69,,155862,2,,,0,32,,155861,2,,,0,68,,155860,2,,,0,30,,155859,2,,,0,70,,155858,2,,,0,30,,155857,2,,,0,70,,155856,2,,,0,30,,155855,2,,,0,70,,155854,2,,,0,30,,155853,2,,,0,70,,155852,2,,,0,20,,155851,2,,,0,18,,155850,2,,,0,59,,155884,2,,,0,36,,155849,2,,,0,17,,155876,2,,,0,60,,155872,2,,,0,20,,155880,2,,,0,20,,155885,2,,,0,60,,155877,2,,,0,20,,155879,2,,,0,65,,155878,2,,,0,30,,155881,2,,,0,25,,155886,2,,,0,101,,155887,2,,,0,99,,155888,2,,,0
722401,'201',1521,,155891,2,,,0
3182101,'1_merged_15524980',532,,166774,21,,,0,70,,166798,21,,,0,31,,166797,21,,,0,70,,166796,21,,,0,30,,166795,21,,,0
3182201,'1_merged_15524980',529,,166926,17,,,0,30,,166927,17,,,0,71,,166928,17,,,0,29,,166929,17,,,0,70,,166930,17,,,0
3404200,'1_merged_15524980',1711,,168092,2,,,0
3404300,'101_merged_15524987',1600,,168186,2,,,0
3404300,'1_merged_15524980',530,,168206,2,,,0,100,,168205,2,,,0,74,,168188,2,,,0,26,,168204,2,,,0,70,,168209,2,,,0,30,,168203,2,,,0,100,,168202,2,,,0,75,,168210,2,,,0,25,,168201,2,,,0,70,,168211,2,,,0,30,,168200,2,,,0,100,,168199,2,,,0,100,,168198,2,,,0,100,,168197,2,,,0,100,,168196,2,,,0,111,,168208,2,,,0,68,,168189,2,,,0,3,,168207,2,,,0,29,,168187,2,,,0,80,,168193,2,,,0,93,,168192,2,,,0,99,,168191,2,,,0,102,,168190,2,,,0
3404300,'201',1600,,168212,2,,,0
3404300,'2_merged_15524982',905,,168218,2,,,0,100,,168219,2,,,0,100,,168217,2,,,0,98,,168220,2,,,0,102,,168216,2,,,0,100,,168221,2,,,0,100,,168215,2,,,0,100,,168222,2,,,0,100,,168214,2,,,0,100,,168223,2,,,0,95,,168213,2,,,0
3404300,'3_merged_15524981',900,,168229,2,,,0,100,,168230,2,,,0,100,,168228,2,,,0,100,,168231,2,,,0,100,,168227,2,,,0,100,,168232,2,,,0,100,,168226,2,,,0,100,,168233,2,,,0,100,,168225,2,,,0,100,,168234,2,,,0,100,,168224,2,,,0
