672201,'1_merged_15524980',453,,146634,30,,,0,60,,146635,30,,,0,18,,146636,30,,,0,71,,146638,30,,,0,15,,146639,30,,,0,15,,146640,30,,,0,18,,146641,30,,,0,55,,146642,30,,,0,15,,146643,30,,,0,16,,146644,30,,,0,16,,146645,30,,,0,55,,146646,30,,,0,15,,146647,30,,,0,14,,146648,30,,,0,19,,146649,30,,,0,56,,146650,30,,,0,15,,146651,30,,,0,15,,146652,30,,,0,14,,146653,30,,,0,55,,146654,30,,,0,15,,146655,30,,,0,15,,146656,30,,,0,16,,146657,30,,,0,54,,146658,30,,,0,16,,146659,30,,,0,15,,146660,30,,,0,15,,146661,30,,,0,55,,146662,30,,,0,15,,146663,30,,,0,15,,146664,30,,,0,15,,146665,30,,,0,55,,146666,30,,,0,15,,146667,30,,,0,15,,146668,30,,,0,15,,146669,30,,,0,55,,146670,30,,,0,15,,146671,30,,,0,15,,146672,30,,,0,17,,146673,30,,,0,55,,146674,30,,,0,15,,146675,30,,,0,15,,146676,30,,,0,15,,146677,30,,,0,55,,146678,30,,,0,16,,146679,30,,,0,15,,146680,30,,,0,15,,146681,30,,,0,55,,146682,30,,,0,15,,146683,30,,,0,15,,146684,30,,,0,56,,146685,30,,,0,15,,146686,30,,,0,15,,146687,30,,,0,15,,146688,30,,,0,55,,146689,30,,,0,15,,146690,30,,,0,14,,146691,30,,,0,15,,146692,30,,,0,70,,146694,30,,,0,33,,146696,30,,,0,70,,146697,30,,,0,32,,146698,30,,,0,70,,146699,30,,,0,28,,146700,30,,,0,71,,146701,30,,,0,97,,146703,30,,,0,195,,146705,30,,,0
672201,'2_merged_15524982',552,,146737,30,,,0,70,,146736,30,,,0,30,,146724,30,,,0,72,,146734,30,,,0,21,,146770,30,,,0,61,,146712,30,,,0,18,,146719,30,,,0,17,,146749,30,,,0,17,,146769,30,,,0,55,,146713,30,,,0,15,,146735,30,,,0,15,,146738,30,,,0,15,,146768,30,,,0,55,,146745,30,,,0,16,,146746,30,,,0,15,,146747,30,,,0,15,,146767,30,,,0,55,,146744,30,,,0,15,,146743,30,,,0,15,,146732,30,,,0,15,,146766,30,,,0,56,,146729,30,,,0,15,,146727,30,,,0,15,,146728,30,,,0,14,,146765,30,,,0,55,,146753,30,,,0,15,,146707,30,,,0,14,,146717,30,,,0,15,,146764,30,,,0,55,,146721,30,,,0,15,,146716,30,,,0,15,,146723,30,,,0,15,,146763,30,,,0,55,,146731,30,,,0,15,,146748,30,,,0,14,,146751,30,,,0,15,,146762,30,,,0,55,,146752,30,,,0,15,,146754,30,,,0,15,,146755,30,,,0,15,,146761,30,,,0,55,,146756,30,,,0,15,,146730,30,,,0,14,,146750,30,,,0,14,,146760,30,,,0,55,,146733,30,,,0,16,,146742,30,,,0,15,,146710,30,,,0,76,,146711,30,,,0,20,,146722,30,,,0,20,,146758,30,,,0,62,,146725,30,,,0,20,,146718,30,,,0,61,,146757,30,,,0,21,,146720,30,,,0,20,,146714,30,,,0,72,,146715,30,,,0,32,,146709,30,,,0,68,,146739,30,,,0,96,,146740,30,,,0,97,,146741,30,,,0,101,,146708,30,,,0
672201,'3_merged_15524981',559,,146794,30,,,0,70,,146795,30,,,0,71,,146799,30,,,0,31,,146793,30,,,0,70,,146798,30,,,0,30,,146796,30,,,0,24,,146771,30,,,0,59,,146807,30,,,0,20,,146797,30,,,0,21,,146772,30,,,0,60,,146806,30,,,0,20,,146814,30,,,0,21,,146773,30,,,0,60,,146812,30,,,0,22,,146820,30,,,0,21,,146774,30,,,0,60,,146810,30,,,0,21,,146809,30,,,0,61,,146775,30,,,0,20,,146808,30,,,0,19,,146822,30,,,0,60,,146776,30,,,0,20,,146792,30,,,0,22,,146785,30,,,0,59,,146777,30,,,0,20,,146786,30,,,0,20,,146803,30,,,0,60,,146778,30,,,0,20,,146787,30,,,0,20,,146805,30,,,0,60,,146779,30,,,0,19,,146802,30,,,0,20,,146789,30,,,0,60,,146780,30,,,0,20,,146804,30,,,0,20,,146813,30,,,0,60,,146781,30,,,0,20,,146784,30,,,0,20,,146821,30,,,0,60,,146782,30,,,0,20,,146801,30,,,0,19,,146790,30,,,0,80,,146788,30,,,0,28,,146791,30,,,0,70,,146818,30,,,0,29,,146815,30,,,0,71,,146819,30,,,0,99,,146800,30,,,0,98,,146817,30,,,0,99,,146816,30,,,0
672301,'1_merged_15524980',549,,146950,36,,,0,72,,146951,36,,,0,14,,146952,36,,,0,17,,146953,36,,,0,55,,146954,36,,,0,14,,146955,36,,,0,17,,146956,36,,,0,14,,146957,36,,,0,56,,146958,36,,,0,15,,146959,36,,,0,17,,146960,36,,,0,15,,146961,36,,,0,55,,146962,36,,,0,15,,146963,36,,,0,15,,146964,36,,,0,15,,146965,36,,,0,59,,146966,36,,,0,24,,146967,36,,,0,67,,146968,36,,,0,29,,146969,36,,,0,72,,146970,36,,,0,30,,146971,36,,,0,70,,146972,36,,,0,30,,146973,36,,,0,66,,146974,36,,,0,30,,146975,36,,,0,21,,146976,36,,,0,61,,146977,36,,,0,19,,146978,36,,,0,21,,146979,36,,,0,55,,146980,36,,,0,16,,146981,36,,,0,14,,146982,36,,,0,15,,146983,36,,,0,55,,146984,36,,,0,15,,146985,36,,,0,15,,146986,36,,,0,15,,146987,36,,,0,52,,146988,36,,,0,15,,146989,36,,,0,13,,146990,36,,,0,70,,146992,36,,,0,15,,146993,36,,,0,13,,146994,36,,,0,15,,146995,36,,,0,58,,147004,36,,,0,31,,146996,36,,,0,70,,147003,36,,,0,30,,146997,36,,,0,70,,147002,36,,,0,31,,146998,36,,,0,108,,146999,36,,,0,110,,147000,36,,,0,152,,147001,36,,,0
672301,'2_merged_15524982',623,,147023,36,,,0,215,,147011,36,,,0,1003,,147035,36,,,0,71,,147031,36,,,0,30,,147005,36,,,0,360,,147020,36,,,0,56,,147036,36,,,0
672301,'3_merged_15524981',710,,147063,36,,,0,102,,147064,36,,,0,29,,147065,36,,,0,69,,147062,36,,,0,30,,147061,36,,,0,71,,147070,36,,,0,31,,147060,36,,,0,802,,147051,36,,,0,72,,147052,36,,,0,30,,147053,36,,,0,70,,147055,36,,,0,28,,147056,36,,,0,70,,147049,36,,,0,29,,147048,36,,,0,70,,147068,36,,,0,29,,147040,36,,,0,70,,147039,36,,,0,30,,147069,36,,,0,93,,147071,36,,,0
672701,'1_merged_15524980',715,,147967,61,,,0,837,,147968,62,,,0,301,,147984,61,,,0,48,,147985,61,,,0,48,,147987,57,,,0,167,,147991,57,,,0,134,,147994,57,,,0
672701,'2_merged_15524982',736,,148043,57,,,0,172,,148046,57,,,0,31,,148023,57,,,0,72,,148025,57,,,0,30,,148014,57,,,0,75,,148034,57,,,0,31,,148045,57,,,0,70,,148036,57,,,0,28,,148037,57,,,0,70,,148038,57,,,0,31,,148039,57,,,0,70,,148047,57,,,0,30,,148042,57,,,0,69,,148016,57,,,0,33,,148017,57,,,0,67,,148030,57,,,0,33,,148028,57,,,0,68,,148029,57,,,0,32,,148031,57,,,0,67,,148032,57,,,0,201,,148013,57,,,0,30,,148020,57,,,0,70,,148015,57,,,0,25,,148027,57,,,0,70,,148021,57,,,0,222,,148040,57,,,0
672701,'3_merged_15524981',1110,,148068,57,,,0,28,,148065,57,,,0,74,,148051,57,,,0,24,,148061,57,,,0,69,,148060,57,,,0,31,,148063,57,,,0,70,,148062,57,,,0,28,,148048,57,,,0,72,,148064,57,,,0,30,,148066,57,,,0,70,,148055,57,,,0,31,,148054,57,,,0,70,,148067,57,,,0,31,,148070,57,,,0,74,,148058,57,,,0
682801,'101_merged_15524987',1533,,155170,29,0,32,0
682801,'1101_merged_15524991',2100,,155171,41,,,0
682801,'1201_merged_15524973',2100,,155174,41,,,0,106,,155173,41,,,0,106,,155172,41,,,0
682801,'1_merged_15524980',911,,155190,41,,,0,40,,155191,41,,,0,79,,155188,41,,,0,79,,155189,41,,,0,42,,155187,41,,,0,80,,155175,41,,,0,80,,155192,41,,,0,40,,155186,41,,,0,81,,155185,41,,,0,80,,155184,41,,,0,40,,155183,41,,,0,82,,155182,41,,,0,79,,155181,41,,,0,39,,155180,41,,,0,78,,155179,41,,,0,79,,155178,41,,,0,40,,155177,41,,,0,81,,155176,41,,,0
682801,'2_merged_15524982',935,,155204,41,,,0,82,,155203,41,,,0,40,,155202,41,,,0,80,,155201,41,,,0,80,,155200,41,,,0,40,,155199,41,,,0,80,,155198,41,,,0,80,,155197,41,,,0,42,,155196,41,,,0,80,,155195,41,,,0,82,,155194,41,,,0,80,,155193,41,,,0,39,,155212,41,,,0,80,,155211,41,,,0,80,,155210,41,,,0,28,,155209,41,,,0,110,,155208,41,,,0,105,,155207,41,,,0,107,,155206,41,,,0,104,,155205,41,,,0
682801,'3_merged_15524981',1136,,155213,41,,,0,80,,155225,41,,,0,43,,155224,41,,,0,80,,155223,41,,,0,80,,155222,41,,,0,37,,155221,41,,,0,82,,155220,41,,,0,79,,155219,41,,,0,41,,155218,41,,,0,80,,155217,41,,,0,80,,155216,41,,,0,38,,155215,41,,,0,80,,155214,41,,,0
