2263800,'101_merged_15291802',725,,99832,6,,,0,826,,99831,6,,,0
2263800,'1_merged_15291795',506,,99865,6,,,0,30,,99866,6,,,0,71,,99867,6,,,0,12,,99868,6,,,0,14,,99869,6,,,0,16,,99870,6,,,0,53,,99871,6,,,0,16,,99872,6,,,0,11,,99873,6,,,0,19,,99874,6,,,0,63,,99875,6,,,0,19,,99876,6,,,0,24,,99842,6,,,0,66,,99843,6,,,0,30,,99844,6,,,0,70,,99845,6,,,0,30,,99846,6,,,0,70,,99847,6,,,0,30,,99848,6,,,0,70,,99849,6,,,0,30,,99850,6,,,0,71,,99851,6,,,0,32,,99852,6,,,0,67,,99853,6,,,0,28,,99854,6,,,0,72,,99855,6,,,0,16,,99856,6,,,0,65,,99885,6,,,0,19,,99857,6,,,0,12,,99858,6,,,0,15,,99833,6,,,0,54,,99863,6,,,0,14,,99864,6,,,0,15,,99834,6,,,0,23,,99862,6,,,0,63,,99884,6,,,0,19,,99836,6,,,0,24,,99883,6,,,0,66,,99877,6,,,0,22,,99835,6,,,0,73,,99859,6,,,0,26,,99860,6,,,0,72,,99861,6,,,0,32,,99837,6,,,0,66,,99881,6,,,0,30,,99882,6,,,0,70,,99838,6,,,0,32,,99880,6,,,0,70,,99839,6,,,0,30,,99879,6,,,0,70,,99840,6,,,0,30,,99878,6,,,0,70,,99841,6,,,0
2263800,'2_merged_15291797',603,,99886,6,,,0,20,,99887,6,,,0,30,,99888,6,,,0,71,,99889,6,,,0,30,,99890,6,,,0,70,,99891,6,,,0,30,,99892,6,,,0,70,,99893,6,,,0,31,,99894,6,,,0,70,,99895,6,,,0,30,,99896,6,,,0,70,,99897,6,,,0,30,,99898,6,,,0,70,,99899,6,,,0,30,,99900,6,,,0,70,,99901,6,,,0,30,,99902,6,,,0,70,,99903,6,,,0,30,,99904,6,,,0,70,,99905,6,,,0,30,,99906,6,,,0,70,,99907,6,,,0,30,,99908,6,,,0,70,,99909,6,,,0,30,,99910,6,,,0,65,,99911,6,,,0,30,,99912,6,,,0,70,,99913,6,,,0,30,,99914,6,,,0,70,,99915,6,,,0,30,,99916,6,,,0,70,,99917,6,,,0,30,,99918,6,,,0,69,,99919,6,,,0,30,,99920,6,,,0,70,,99921,6,,,0,30,,99922,6,,,0,89,,99923,6,,,0,67,,99924,6,,,0,43,,99925,6,,,0,70,,99926,6,,,0
2263800,'3_merged_15291796',633,,99939,6,,,0,70,,99930,6,,,0,30,,99940,6,,,0,70,,99941,6,,,0,31,,99942,6,,,0,70,,99943,6,,,0,30,,99944,6,,,0,70,,99946,6,,,0,30,,99947,6,,,0,70,,99945,6,,,0,30,,99948,6,,,0,70,,99949,6,,,0,31,,99950,6,,,0,70,,99951,6,,,0,30,,99952,6,,,0,70,,99953,6,,,0,30,,99954,6,,,0,70,,99955,6,,,0,30,,99956,6,,,0,70,,99957,6,,,0,30,,99958,6,,,0,70,,99959,6,,,0,30,,99960,6,,,0,70,,99961,6,,,0,30,,99962,6,,,0,70,,99963,6,,,0,30,,99964,6,,,0,69,,99927,6,,,0,30,,99928,6,,,0,72,,99929,6,,,0,31,,99931,6,,,0,77,,99932,6,,,0,31,,99933,6,,,0,69,,99934,6,,,0,25,,99935,6,,,0,69,,99936,6,,,0,30,,99937,6,,,0,70,,99938,6,,,0
3004601,'101_merged_15291802',1624,,103121,6,,,0
3004601,'1_merged_15291795',444,,103138,6,,,0,62,,103139,6,,,0,20,,103140,6,,,0,18,,103141,6,,,0,15,,103142,6,,,0,54,,103124,6,,,0,16,,103143,6,,,0,12,,103144,6,,,0,16,,103145,6,,,0,52,,103146,6,,,0,18,,103125,6,,,0,12,,103175,6,,,0,13,,103154,6,,,0,53,,103155,6,,,0,21,,103156,6,,,0,21,,103157,6,,,0,69,,103158,6,,,0,30,,103159,6,,,0,70,,103160,6,,,0,30,,103161,6,,,0,71,,103162,6,,,0,30,,103163,6,,,0,71,,103164,6,,,0,30,,103165,6,,,0,70,,103166,6,,,0,30,,103167,6,,,0,71,,103168,6,,,0,29,,103169,6,,,0,60,,103122,6,,,0,20,,103173,6,,,0,19,,103176,6,,,0,62,,103174,6,,,0,33,,103147,6,,,0,12,,103148,6,,,0,53,,103149,6,,,0,15,,103150,6,,,0,15,,103151,6,,,0,15,,103152,6,,,0,63,,103153,6,,,0,21,,103123,6,,,0,64,,103171,6,,,0,16,,103172,6,,,0,30,,103126,6,,,0,70,,103127,6,,,0,30,,103170,6,,,0,69,,103128,6,,,0,30,,103129,6,,,0,70,,103137,6,,,0,30,,103130,6,,,0,70,,103131,6,,,0,30,,103136,6,,,0,70,,103132,6,,,0,30,,103133,6,,,0,70,,103135,6,,,0,30,,103134,6,,,0
3004601,'2_merged_15291797',524,,103214,6,,,0,30,,103189,6,,,0,70,,103215,6,,,0,30,,103216,6,,,0,70,,103217,6,,,0,30,,103177,6,,,0,70,,103178,6,,,0,31,,103179,6,,,0,70,,103180,6,,,0,30,,103181,6,,,0,71,,103182,6,,,0,30,,103183,6,,,0,70,,103184,6,,,0,30,,103185,6,,,0,70,,103186,6,,,0,31,,103187,6,,,0,70,,103188,6,,,0,30,,103190,6,,,0,70,,103191,6,,,0,30,,103192,6,,,0,70,,103193,6,,,0,30,,103194,6,,,0,70,,103195,6,,,0,30,,103196,6,,,0,70,,103197,6,,,0,30,,103198,6,,,0,69,,103199,6,,,0,30,,103200,6,,,0,70,,103201,6,,,0,30,,103202,6,,,0,70,,103203,6,,,0,32,,103204,6,,,0,68,,103205,6,,,0,30,,103206,6,,,0,70,,103207,6,,,0,30,,103208,6,,,0,70,,103209,6,,,0,30,,103210,6,,,0,69,,103211,6,,,0,30,,103212,6,,,0,70,,103213,6,,,0
3004601,'3_merged_15291796',524,,103219,6,,,0,30,,103220,6,,,0,70,,103221,6,,,0,30,,103222,6,,,0,70,,103223,6,,,0,30,,103224,6,,,0,70,,103225,6,,,0,30,,103226,6,,,0,71,,103227,6,,,0,30,,103228,6,,,0,70,,103229,6,,,0,30,,103230,6,,,0,70,,103231,6,,,0,31,,103218,6,,,0,70,,103232,6,,,0,30,,103233,6,,,0,70,,103234,6,,,0,30,,103235,6,,,0,70,,103236,6,,,0,30,,103237,6,,,0,70,,103238,6,,,0,30,,103239,6,,,0,73,,103240,6,,,0,27,,103241,6,,,0,73,,103242,6,,,0,27,,103243,6,,,0,70,,103244,6,,,0,30,,103245,6,,,0,70,,103246,6,,,0,30,,103247,6,,,0,69,,103248,6,,,0,30,,103249,6,,,0,70,,103250,6,,,0,30,,103251,6,,,0,69,,103252,6,,,0,30,,103253,6,,,0,70,,103254,6,,,0,30,,103255,6,,,0,70,,103256,6,,,0,30,,103257,6,,,0
3004900,'101_merged_15291802',1558,,103709,6,,,0,60,,103708,6,,,0
3004900,'1_merged_15291795',539,,103754,6,,,0,15,,103755,6,,,0,54,,103756,6,,,0,16,,103747,6,,,0,14,,103748,6,,,0,17,,103710,6,,,0,50,,103711,6,,,0,20,,103712,6,,,0,5,,103713,6,,,0,21,,103714,6,,,0,52,,103715,6,,,0,13,,103757,6,,,0,12,,103716,6,,,0,12,,103717,6,,,0,62,,103718,6,,,0,33,,103719,6,,,0,66,,103720,6,,,0,30,,103721,6,,,0,70,,103722,6,,,0,30,,103723,6,,,0,69,,103724,6,,,0,32,,103725,6,,,0,70,,103726,6,,,0,30,,103727,6,,,0,70,,103728,6,,,0,30,,103729,6,,,0,23,,103753,6,,,0,52,,103758,6,,,0,16,,103730,6,,,0,10,,103731,6,,,0,12,,103732,6,,,0,64,,103733,6,,,0,25,,103734,6,,,0,13,,103735,6,,,0,60,,103736,6,,,0,10,,103737,6,,,0,16,,103738,6,,,0,19,,103739,6,,,0,59,,103740,6,,,0,15,,103741,6,,,0,17,,103759,6,,,0,58,,103742,6,,,0,35,,103743,6,,,0,70,,103744,6,,,0,30,,103745,6,,,0,70,,103746,6,,,0,32,,103749,6,,,0,68,,103750,6,,,0,32,,103751,6,,,0,70,,103752,6,,,0
3004900,'2_merged_15291797',540,,103772,6,,,0,69,,103774,6,,,0,30,,103775,6,,,0,70,,103776,6,,,0,30,,103777,6,,,0,71,,103778,6,,,0,30,,103779,6,,,0,70,,103780,6,,,0,30,,103760,6,,,0,65,,103765,6,,,0,35,,103773,6,,,0,65,,103790,6,,,0,31,,103781,6,,,0,70,,103782,6,,,0,30,,103783,6,,,0,70,,103784,6,,,0,30,,103785,6,,,0,70,,103786,6,,,0,30,,103787,6,,,0,70,,103788,6,,,0,29,,103789,6,,,0,72,,103791,6,,,0,20,,103796,6,,,0,20,,103761,6,,,0,59,,103762,6,,,0,20,,103797,6,,,0,20,,103763,6,,,0,60,,103764,6,,,0,20,,103798,6,,,0,20,,103766,6,,,0,63,,103767,6,,,0,19,,103799,6,,,0,17,,103768,6,,,0,60,,103769,6,,,0,30,,103770,6,,,0,70,,103771,6,,,0,30,,103792,6,,,0,69,,103793,6,,,0,30,,103794,6,,,0,70,,103795,6,,,0
3004900,'3_merged_15291796',639,,103802,6,,,0,70,,103803,6,,,0,30,,103804,6,,,0,70,,103805,6,,,0,30,,103800,6,,,0,71,,103801,6,,,0,30,,103806,6,,,0,70,,103807,6,,,0,30,,103808,6,,,0,70,,103809,6,,,0,30,,103810,6,,,0,65,,103811,6,,,0,30,,103812,6,,,0,70,,103813,6,,,0,30,,103814,6,,,0,70,,103815,6,,,0,31,,103816,6,,,0,70,,103817,6,,,0,30,,103818,6,,,0,70,,103819,6,,,0,30,,103820,6,,,0,70,,103821,6,,,0,31,,103822,6,,,0,67,,103823,6,,,0,27,,103824,6,,,0,75,,103825,6,,,0,30,,103826,6,,,0,70,,103827,6,,,0,30,,103828,6,,,0,69,,103829,6,,,0,30,,103830,6,,,0,65,,103831,6,,,0,33,,103832,6,,,0,72,,103833,6,,,0
3058400,'1_merged_15291795',532,,104909,7,,,0,68,,104910,7,,,0,32,,104898,7,,,0,24,,104930,7,,,0,58,,104931,7,,,0,17,,104911,7,,,0,17,,104912,7,,,0,60,,104932,7,,,0,17,,104913,7,,,0,75,,104914,7,,,0,27,,104915,7,,,0,23,,104916,7,,,0,70,,104917,7,,,0,30,,104918,7,,,0,75,,104919,7,,,0,28,,104920,7,,,0,68,,104921,7,,,0,30,,104922,7,,,0,73,,104923,7,,,0,30,,104924,7,,,0,73,,104925,7,,,0,27,,104926,7,,,0,73,,104927,7,,,0,30,,104928,7,,,0,78,,104929,7,,,0,24,,104899,7,,,0,75,,104908,7,,,0,78,,104900,7,,,0,28,,104907,7,,,0,62,,104901,7,,,0,34,,104906,7,,,0,67,,104902,7,,,0,33,,104905,7,,,0,72,,104903,7,,,0,28,,104904,7,,,0,100,,104933,7,,,0
3058400,'2_merged_15291797',558,,104934,7,,,0,68,,104935,7,,,0,75,,104936,7,,,0,30,,104937,7,,,0,70,,104938,7,,,0,30,,104939,7,,,0,70,,104940,7,,,0,30,,104941,7,,,0,72,,104942,7,,,0,30,,104943,7,,,0,70,,104944,7,,,0,30,,104945,7,,,0,70,,104946,7,,,0,30,,104947,7,,,0,70,,104948,7,,,0,30,,104949,7,,,0,70,,104950,7,,,0,30,,104951,7,,,0,70,,104952,7,,,0,30,,104953,7,,,0,70,,104954,7,,,0,30,,104955,7,,,0,70,,104956,7,,,0,29,,104957,7,,,0,71,,104958,7,,,0,30,,104959,7,,,0,70,,104960,7,,,0,29,,104961,7,,,0,69,,104962,7,,,0,30,,104965,7,,,0,73,,104963,7,,,0,33,,104964,7,,,0,100,,104966,7,,,0,100,,104967,7,,,0
3058400,'3_merged_15291796',739,,104969,7,,,0,70,,104970,7,,,0,30,,104971,7,,,0,72,,104972,7,,,0,28,,104973,7,,,0,70,,104974,7,,,0,31,,104975,7,,,0,74,,104976,7,,,0,29,,104977,7,,,0,71,,104978,7,,,0,29,,104979,7,,,0,70,,104980,7,,,0,32,,104981,7,,,0,68,,104982,7,,,0,24,,104983,7,,,0,70,,104984,7,,,0,31,,104985,7,,,0,70,,104986,7,,,0,31,,104987,7,,,0,71,,104988,7,,,0,29,,104989,7,,,0,70,,104968,7,,,0,29,,104990,7,,,0,70,,104991,7,,,0,29,,104992,7,,,0,74,,104993,7,,,0,30,,104994,7,,,0,68,,104995,7,,,0,33,,104996,7,,,0,99,,104997,7,,,0,100,,104998,7,,,0
