674900,'101_merged_15288070',743,,90976,40,0,62 63 64,0,69,,90977,22,,,0,3,,90976,60,0,62 63 64,0
674900,'1_merged_15288063',555,,91041,40,,,0,53,,91042,40,,,0,17,,91043,40,,,0,18,,91044,40,,,0,59,,91045,40,,,0,14,,91046,40,,,0,17,,91047,40,,,0,75,,91048,40,,,0,43,,90987,40,,,0,68,,91033,40,,,0,29,,91035,40,,,0,67,,91038,40,,,0,33,,91040,40,,,0,71,,91013,40,,,0,28,,91015,40,,,0,72,,91017,40,,,0,32,,91019,40,,,0,70,,91021,40,,,0,30,,91023,40,,,0,68,,91025,40,,,0,100,,91027,40,,,0,15,,91028,40,,,0,15,,91029,40,,,0,52,,91030,40,,,0,17,,91031,40,,,0,15,,90979,40,,,0,16,,90985,40,,,0,63,,91007,40,,,0,6,,90989,40,,,0,21,,90978,40,,,0,5,,91008,40,,,0,62,,91009,40,,,0,7,,91010,40,,,0,15,,91011,40,,,0,16,,91012,40,,,0,7,,90986,40,,,0,59,,90980,40,,,0,9,,90990,40,,,0,16,,90991,40,,,0,15,,91002,40,,,0,56,,91003,40,,,0,13,,91004,40,,,0,30,,91006,40,,,0,55,,90984,40,,,0,14,,90981,40,,,0,29,,90995,40,,,0,70,,90996,40,,,0,27,,90997,40,,,0,70,,90982,40,,,0,29,,90999,40,,,0,70,,90993,40,,,0,25,,90998,40,,,0,70,,90983,40,,,0
674900,'2_merged_15288065',641,,91053,40,,,0,70,,91054,40,,,0,29,,91055,40,,,0,15,,91056,40,,,0,70,,91058,40,,,0,27,,91060,40,,,0,71,,91062,40,,,0,34,,91064,40,,,0,72,,91066,40,,,0,28,,91068,40,,,0,73,,91070,40,,,0,70,,91072,40,,,0,31,,91074,40,,,0,72,,91076,40,,,0,27,,91078,40,,,0,71,,91080,40,,,0,28,,91082,40,,,0,30,,91084,40,,,0,72,,91086,40,,,0,71,,91088,40,,,0,32,,91090,40,,,0,66,,91092,40,,,0,27,,91094,40,,,0,29,,91096,40,,,0,71,,91098,40,,,0,31,,91100,40,,,0,55,,91101,40,,,0,12,,91102,40,,,0,20,,91103,40,,,0,60,,91104,40,,,0,17,,91105,40,,,0,22,,91106,40,,,0,60,,91107,40,,,0,19,,91108,40,,,0,25,,91109,40,,,0,70,,91110,40,,,0,28,,91111,40,,,0,70,,91112,40,,,0,26,,91113,40,,,0,70,,91114,40,,,0,29,,91115,40,,,0,70,,91116,40,,,0
674900,'3_merged_15288064',644,,91147,40,,,0,73,,91146,40,,,0,23,,91152,40,,,0,72,,91151,40,,,0,31,,91162,40,,,0,71,,91160,40,,,0,34,,91158,40,,,0,72,,91181,40,,,0,30,,91156,40,,,0,69,,91154,40,,,0,24,,91150,40,,,0,73,,91148,40,,,0,32,,91122,40,,,0,71,,91120,40,,,0,28,,91118,40,,,0,64,,91179,40,,,0,36,,91177,40,,,0,70,,91175,40,,,0,29,,91172,40,,,0,70,,91170,40,,,0,30,,91168,40,,,0,71,,91166,40,,,0,29,,91164,40,,,0,70,,91145,40,,,0,34,,91143,40,,,0,70,,91141,40,,,0,25,,91139,40,,,0,70,,91137,40,,,0,30,,91134,40,,,0,66,,91132,40,,,0,20,,91131,40,,,0,20,,91130,40,,,0,71,,91129,40,,,0,31,,91128,40,,,0,70,,91127,40,,,0,28,,91126,40,,,0,70,,91125,40,,,0,29,,91124,40,,,0
674900,'701_merged_15288057',1504,,91183,40,,,0
674900,'801_merged_15288075',1459,,91184,40,,,0
680500,'1_merged_15288063',658,,92727,7,,,0,200,,92726,7,,,0,200,,92725,7,,,0,242,,92724,7,,,0,229,,92723,7,,,0,175,,92722,7,,,0,196,,92728,7,,,0
680500,'2_merged_15288065',858,,92731,7,,,0,200,,92732,7,,,0,201,,92733,7,,,0,199,,92734,7,,,0,198,,92729,7,,,0,202,,92730,7,,,0
3404200,'101_merged_15288070',802,,107249,9,,,0,698,,107251,9,,,0,8,,107250,9,,,0,94,,107252,9,,,0
3404200,'1_merged_15288063',509,,107275,9,,,0,30,,107265,9,,,0,63,,107264,9,,,0,5,,107274,9,,,0,25,,107256,9,,,0,5,,107255,9,,,0,65,,107273,9,,,0,5,,107276,9,,,0,31,,107263,9,,,0,69,,107272,9,,,0,30,,107262,9,,,0,70,,107271,9,,,0,100,,107270,9,,,0,100,,107269,9,,,0,103,,107268,9,,,0,98,,107267,9,,,0,94,,107266,9,,,0,36,,107277,9,,,0,84,,107261,9,,,0,26,,107278,9,,,0,68,,107260,9,,,0,111,,107259,17,,,0,78,,107254,9,,,0,42,,107253,9,,,0,102,,107258,9,,,0,100,,107257,9,,,0
3404200,'2_merged_15288065',811,,107284,9,,,0,100,,107285,9,,,0,100,,107283,9,,,0,101,,107286,9,,,0,100,,107282,9,,,0,100,,107287,9,,,0,100,,107281,9,,,0,100,,107288,9,,,0,101,,107280,9,,,0,99,,107289,9,,,0,100,,107279,9,,,0
3404200,'3_merged_15288064',806,,107295,9,,,0,100,,107296,9,,,0,100,,107294,9,,,0,100,,107297,9,,,0,100,,107293,9,,,0,101,,107298,9,,,0,100,,107292,9,,,0,100,,107299,9,,,0,100,,107291,9,,,0,100,,107300,9,,,0,100,,107290,9,,,0
