669201,'1_merged_15288063',515,,80971,12,,,0,88,,80972,27,,,0,30,,80973,27,,,0,70,,80974,27,,,0,20,,80975,27,,,0,25,,80976,27,,,0,60,,80977,27,,,0,20,,80978,27,,,0,20,,80979,27,,,0,60,,80980,27,,,0,20,,80981,27,,,0,20,,80982,27,,,0,60,,80983,27,,,0,20,,80984,27,,,0,20,,80985,27,,,0,60,,80986,27,,,0,20,,80987,27,,,0,20,,80988,27,,,0,60,,80989,27,,,0,20,,80990,27,,,0,20,,80991,27,,,0,60,,80992,27,,,0,20,,80993,27,,,0,20,,80994,27,,,0,60,,80995,27,,,0,20,,80996,27,,,0,20,,80997,27,,,0,60,,80998,27,,,0,21,,80999,27,,,0,20,,81000,27,,,0,60,,81001,27,,,0,20,,81002,27,,,0,20,,81003,27,,,0,60,,81004,27,,,0,20,,81005,27,,,0,20,,81006,27,,,0,60,,81007,27,,,0,19,,81008,27,,,0,25,,81009,27,,,0,68,,81010,27,,,0,30,,81011,27,,,0,69,,81012,27,,,0,30,,81013,27,,,0,67,,81014,27,,,0,35,,81015,27,0,46 47,0,77,,81016,27,0,46 47,0,29,,81017,27,0,46 47,0,77,,81018,27,0,46 47,0,69,,81019,27,0,46 47,0,44,,81020,27,0,46 47,0,72,,81021,27,0,46 47,0
669201,'2_merged_15288065',515,,81022,12,,,0,32,,81023,27,,,0,70,,81024,27,,,0,31,,81025,27,,,0,70,,81026,27,,,0,32,,81027,27,,,0,70,,81028,27,,,0,33,,81029,27,,,0,70,,81030,27,,,0,31,,81031,27,,,0,70,,81032,27,,,0,31,,81033,27,,,0,70,,81034,27,,,0,20,,81035,27,,,0,60,,81036,27,,,0,20,,81037,27,,,0,20,,81038,27,,,0,60,,81039,27,,,0,20,,81040,27,,,0,20,,81041,27,,,0,60,,81042,27,,,0,20,,81043,27,,,0,20,,81044,27,,,0,56,,81045,27,,,0,24,,81046,27,,,0,20,,81047,27,,,0,60,,81048,27,,,0,20,,81049,27,,,0,20,,81050,27,,,0,60,,81051,27,,,0,20,,81052,27,,,0,16,,81053,27,,,0,61,,81054,27,,,0,20,,81055,27,,,0,30,,81056,27,,,0,68,,81057,27,,,0,30,,81058,27,,,0,70,,81059,27,,,0,20,,81060,27,0,46 47,0,80,,81061,27,0,46 47,0,80,,81062,27,0,46 47,0,40,,81063,27,0,46 47,0,80,,81064,27,0,46 47,0,80,,81065,27,0,46 47,0,41,,81066,27,0,46 47,0,80,,81067,27,0,46 47,0
669201,'3_merged_15288064',627,,81068,12,,,0,23,,81069,27,,,0,70,,81070,27,,,0,30,,81071,27,,,0,71,,81072,27,,,0,30,,81073,27,,,0,70,,81074,27,,,0,31,,81075,27,,,0,70,,81076,27,,,0,30,,81077,27,,,0,70,,81078,27,,,0,20,,81079,27,,,0,60,,81080,27,,,0,20,,81081,27,,,0,20,,81082,27,,,0,60,,81083,27,,,0,20,,81084,27,,,0,20,,81085,27,,,0,60,,81086,27,,,0,20,,81087,27,,,0,20,,81088,27,,,0,60,,81089,27,,,0,20,,81090,27,,,0,20,,81091,27,,,0,60,,81092,27,,,0,20,,81093,27,,,0,20,,81094,27,,,0,60,,81095,27,,,0,20,,81096,27,,,0,20,,81097,27,,,0,60,,81098,27,,,0,20,,81099,27,,,0,28,,81100,27,,,0,72,,81101,27,,,0,30,,81102,27,,,0,68,,81103,27,,,0,30,,81104,27,,,0,68,,81105,27,0,46 47,0,40,,81106,27,0,46 47,0,80,,81107,27,0,46 47,0,78,,81108,27,0,46 47,0,42,,81109,27,0,46 47,0,82,,81110,27,0,46 47,0,80,,81111,27,0,46 47,0
683701,'1_merged_15288063',2504,,95648,7,,,0,103,,95649,29,,,0
683701,'2_merged_15288065',555,,95652,29,,,0,1951,,95650,7,,,0,107,,95651,29,,,0
683701,'3_merged_15288064',620,,95659,29,,,0,39,,95660,29,,,0,71,,95661,29,,,0,72,,95662,29,,,0,1531,,95655,7,,,0,71,,95654,7,,,0,41,,95657,29,,,0,72,,95656,29,,,0,108,,95658,29,,,0,29,,95664,29,,,0
3679900,'101_merged_15288070',1605,,108761,7,,,0
3679900,'1_merged_15288063',528,,108805,7,,,0,72,,108804,7,,,0,22,,108803,7,,,0,12,,108802,7,,,0,16,,108801,7,,,0,54,,108800,7,,,0,15,,108799,7,,,0,15,,108798,7,,,0,15,,108797,7,,,0,54,,108796,7,,,0,15,,108808,7,,,0,15,,108795,7,,,0,22,,108794,7,,,0,78,,108793,7,,,0,23,,108792,7,,,0,55,,108791,7,,,0,34,,108790,7,,,0,69,,108789,7,,,0,26,,108788,7,,,0,70,,108787,7,,,0,30,,108786,7,,,0,69,,108785,7,,,0,30,,108784,7,,,0,68,,108783,7,,,0,29,,108782,7,,,0,16,,108806,7,,,0,55,,108781,7,,,0,28,,108807,7,,,0,11,,108780,7,,,0,73,,108779,7,,,0,17,,108778,7,,,0,20,,108777,7,,,0,51,,108776,7,,,0,19,,108775,7,,,0,13,,108774,7,,,0,18,,108773,7,,,0,53,,108772,7,,,0,15,,108771,7,,,0,16,,108770,7,,,0,70,,108769,7,,,0,97,,108768,7,,,0,100,,108767,7,,,0,101,,108766,7,,,0,100,,108765,7,,,0,98,,108764,7,,,0,98,,108763,7,,,0,46,,108762,7,,,0
3679900,'2_merged_15288065',601,,108842,7,,,0,33,,108841,7,,,0,70,,108840,7,,,0,30,,108839,7,,,0,71,,108838,7,,,0,30,,108837,7,,,0,71,,108836,7,,,0,29,,108835,7,,,0,70,,108834,7,,,0,30,,108833,7,,,0,70,,108832,7,,,0,31,,108831,7,,,0,69,,108830,7,,,0,32,,108829,7,,,0,69,,108828,7,,,0,29,,108827,7,,,0,71,,108826,7,,,0,31,,108825,7,,,0,68,,108824,7,,,0,31,,108823,7,,,0,69,,108822,7,,,0,30,,108821,7,,,0,71,,108820,7,,,0,29,,108819,7,,,0,72,,108818,7,,,0,29,,108817,7,,,0,69,,108816,7,,,0,99,,108815,7,,,0,101,,108814,7,,,0,101,,108813,7,,,0,99,,108812,7,,,0,100,,108811,7,,,0,99,,108810,7,,,0,47,,108809,7,,,0
3679900,'3_merged_15288064',705,,108870,7,,,0,101,,108869,7,,,0,101,,108868,7,,,0,30,,108867,7,,,0,69,,108866,7,,,0,29,,108865,7,,,0,70,,108864,7,,,0,30,,108863,7,,,0,73,,108862,7,,,0,27,,108861,7,,,0,73,,108860,7,,,0,28,,108859,7,,,0,71,,108858,7,,,0,29,,108857,7,,,0,74,,108856,7,,,0,27,,108855,7,,,0,69,,108854,7,,,0,34,,108853,7,,,0,68,,108852,7,,,0,30,,108850,7,,,0,70,,108851,7,,,0,29,,108849,7,,,0,70,,108848,7,,,0,99,,108847,7,,,0,100,,108846,7,,,0,100,,108845,7,,,0,101,,108844,7,,,0,100,,108843,7,,,0
