667700,'101_merged_15291802',1617,,78039,21,,,0
667700,'1101_merged_15291806',2522,,78040,21,,,0
667700,'1201_merged_15291788',2522,,78041,21,,,0
667700,'1_merged_15291795',620,,78079,21,,,0,29,,78052,21,,,0,71,,78060,21,,,0,30,,78067,21,,,0,73,,78077,21,,,0,29,,78063,21,,,0,78,,78047,21,,,0,24,,78085,21,,,0,87,,78046,21,,,0,71,,78054,21,,,0,29,,78061,21,,,0,70,,78059,21,,,0,30,,78058,21,,,0,71,,78068,21,,,0,31,,78045,21,,,0,69,,78083,21,,,0,16,,78048,21,,,0,31,,78049,21,,,0,65,,78042,21,,,0,20,,78073,21,,,0,14,,78053,21,,,0,70,,78056,21,,,0,19,,78064,21,,,0,12,,78057,21,,,0,59,,78074,21,,,0,12,,78069,21,,,0,19,,78080,21,,,0,60,,78084,21,,,0,13,,78070,21,,,0,15,,78081,21,,,0,12,,78078,21,,,0,56,,78071,21,,,0,10,,78051,21,,,0,11,,78072,21,,,0,14,,78066,21,,,0,16,,78086,21,,,0,57,,78062,21,,,0,15,,78044,21,,,0,15,,78082,21,,,0,11,,78043,21,,,0,68,,78075,21,,,0,29,,78065,21,,,0,69,,78055,21,,,0,30,,78088,21,,,0,69,,78076,21,,,0,30,,78087,21,,,0,70,,78050,21,,,0
667700,'2_merged_15291797',653,,78116,21,,,0,66,,78117,21,,,0,31,,78096,21,,,0,70,,78124,21,,,0,31,,78125,21,,,0,72,,78092,21,,,0,30,,78122,21,,,0,69,,78099,21,,,0,32,,78130,21,,,0,71,,78094,21,,,0,28,,78129,21,,,0,71,,78131,21,,,0,31,,78097,21,,,0,70,,78095,21,,,0,32,,78134,21,,,0,56,,78105,21,,,0,20,,78132,21,,,0,22,,78090,21,,,0,59,,78115,21,,,0,19,,78121,21,,,0,22,,78120,21,,,0,59,,78114,21,,,0,20,,78091,21,,,0,21,,78098,21,,,0,59,,78113,21,,,0,24,,78133,21,,,0,19,,78100,21,,,0,60,,78112,21,,,0,23,,78126,21,,,0,60,,78123,21,,,0,24,,78111,21,,,0,16,,78104,21,,,0,14,,78101,21,,,0,55,,78119,21,,,0,16,,78110,21,,,0,29,,78127,21,,,0,72,,78118,21,,,0,28,,78102,21,,,0,69,,78107,21,,,0,30,,78106,21,,,0,70,,78128,21,,,0,30,,78109,21,,,0,69,,78093,21,,,0,32,,78108,21,,,0,65,,78103,21,,,0,36,,78089,21,,,0
667700,'3_merged_15291796',823,,78152,21,,,0,30,,78146,21,,,0,70,,78155,21,,,0,29,,78145,21,,,0,70,,78153,21,,,0,30,,78144,21,,,0,69,,78154,21,,,0,32,,78135,21,,,0,69,,78156,21,,,0,32,,78143,21,,,0,69,,78139,21,,,0,32,,78151,21,,,0,70,,78158,21,,,0,31,,78150,21,,,0,53,,78172,21,,,0,30,,78159,21,,,0,15,,78149,21,,,0,57,,78171,21,,,0,29,,78162,21,,,0,16,,78148,21,,,0,55,,78170,21,,,0,32,,78160,21,,,0,13,,78147,21,,,0,56,,78169,21,,,0,29,,78157,21,,,0,14,,78142,21,,,0,57,,78168,21,,,0,26,,78137,21,,,0,15,,78141,21,,,0,59,,78167,21,,,0,26,,78136,21,,,0,17,,78140,21,,,0,67,,78138,21,,,0,30,,78166,21,,,0,71,,78163,21,,,0,30,,78165,21,,,0,71,,78161,21,,,0,34,,78164,21,,,0
683700,'1101_merged_15291806',2700,,95616,48,,,0
683700,'1201_merged_15291788',2700,,95617,48,,,0
683700,'1_merged_15291795',2540,,95624,48,,,0,60,,95623,48,,,0,20,,95619,48,,,0,29,,95622,48,,,0,74,,95621,48,,,0,19,,95620,48,,,0,68,,95618,48,,,0
683700,'2_merged_15291797',528,,95633,22,,,0,2019,,95627,48,,,0,62,,95632,48,,,0,14,,95626,48,,,0,19,,95631,48,,,0,60,,95628,48,,,0,30,,95630,48,,,0,12,,95629,48,,,0,74,,95625,48,,,0
683700,'3_merged_15291796',558,,95642,22,,,0,74,,95643,22,,,0,71,,95644,22,,,0,30,,95645,42,,,0,1687,,95638,48,,,0,32,,95637,48,,,0,70,,95636,48,,,0,37,,95635,48,,,0,71,,95634,48,,,0,24,,95641,48,,,0,88,,95640,48,,,0,65,,95639,48,,,0
