666401,'1_merged_15291795',616,,75767,47,,,0,33,,75768,47,,,0,68,,75750,47,,,0,34,,75783,47,,,0,75,,75751,47,,,0,28,,75752,47,,,0,74,,75753,47,,,0,26,,75754,47,,,0,68,,75756,47,,,0,30,,75757,47,,,0,70,,75758,47,,,0,31,,75759,47,,,0,70,,75761,47,,,0,31,,75760,47,,,0,70,,75755,47,,,0,30,,75762,47,,,0,70,,75763,47,,,0,31,,75769,47,,,0,70,,75770,47,,,0,30,,75773,47,,,0,70,,75771,47,,,0,30,,75772,47,,,0,70,,75764,47,,,0,29,,75774,47,,,0,70,,75775,47,,,0,32,,75776,47,,,0,73,,75777,47,,,0,29,,75778,47,,,0,73,,75779,47,,,0,24,,75780,47,,,0,86,,75786,47,,,0,80,,75765,47,,,0,80,,75785,47,,,0,39,,75766,47,,,0,80,,75781,47,,,0,80,,75784,47,,,0,40,,75782,47,,,0
666401,'2_merged_15291797',552,,75787,47,,,0,70,,75788,47,,,0,30,,75789,47,,,0,72,,75790,47,,,0,33,,75791,47,,,0,72,,75792,47,,,0,30,,75793,47,,,0,70,,75794,47,,,0,72,,75795,47,,,0,30,,75796,47,,,0,70,,75797,47,,,0,29,,75798,47,,,0,29,,75799,47,,,0,70,,75800,47,,,0,72,,75801,47,,,0,30,,75802,47,,,0,70,,75803,47,,,0,30,,75804,47,,,0,70,,75805,47,,,0,31,,75806,47,,,0,72,,75807,47,,,0,29,,75808,47,,,0,68,,75809,47,,,0,30,,75810,47,,,0,70,,75811,47,,,0,30,,75812,47,,,0,71,,75813,47,,,0,29,,75814,47,,,0,28,,75815,47,,,0,69,,75816,47,,,0,30,,75817,47,,,0,100,,75818,47,,,0,97,,75819,47,,,0,100,,75820,47,,,0,185,,75821,47,,,0
666401,'3_merged_15291796',659,,75829,47,,,0,100,,75830,47,,,0,143,,75831,47,,,0,46,,75832,47,,,0,101,,75833,47,,,0,100,,75834,47,,,0,68,,75847,47,,,0,32,,75835,47,,,0,70,,75841,47,,,0,32,,75836,47,,,0,70,,75842,47,,,0,31,,75837,47,,,0,65,,75843,47,,,0,35,,75838,47,,,0,67,,75844,47,,,0,33,,75828,47,,,0,67,,75845,47,,,0,33,,75839,47,,,0,67,,75846,47,,,0,32,,75840,47,,,0,98,,75825,47,,,0,100,,75822,47,,,0,98,,75827,47,,,0,101,,75823,47,,,0,175,,75824,47,,,0,115,,75826,47,,,0
684101,'1_merged_15291795',354,,95798,30,,,0,69,,95797,30,,,0,12,,95796,30,,,0,2005,,95800,30,,,0,70,,95794,30,,,0,35,,95793,30,,,0,70,,95792,30,,,0,30,,95795,30,,,0,75,,95799,30,,,0
684101,'2_merged_15291797',350,,95801,30,,,0,70,,95806,30,,,0,32,,95807,30,,,0,68,,95808,30,,,0,28,,95805,30,,,0,1890,,95810,30,,,0,75,,95802,30,,,0,37,,95809,30,,,0,61,,95803,30,,,0,29,,95804,30,,,0,78,,95811,30,,,0
684101,'3_merged_15291796',352,,95820,30,,,0,70,,95822,30,,,0,28,,95819,30,,,0,70,,95818,30,,,0,15,,95825,30,,,0,15,,95815,30,,,0,55,,95826,30,,,0,16,,95817,30,,,0,1789,,95823,30,,,0,33,,95824,30,,,0,70,,95812,30,,,0,27,,95813,30,,,0,70,,95814,30,,,0,38,,95816,30,,,0,70,,95821,30,,,0
3004301,'101_merged_15291802',1536,,102503,24,,,0
3004301,'1_merged_15291795',502,,102546,29,,,0,19,,102545,29,,,0,20,,102544,29,,,0,61,,102543,29,,,0,18,,102558,29,,,0,17,,102557,29,,,0,14,,102556,29,,,0,54,,102555,29,,,0,19,,102554,29,,,0,19,,102553,29,,,0,13,,102552,29,,,0,56,,102551,29,,,0,17,,102550,29,,,0,17,,102549,29,,,0,55,,102548,29,,,0,17,,102547,29,,,0,15,,102524,29,,,0,14,,102523,29,,,0,54,,102568,29,,,0,19,,102522,29,,,0,12,,102567,29,,,0,15,,102521,29,,,0,55,,102566,29,,,0,15,,102520,29,,,0,16,,102565,29,,,0,15,,102519,29,,,0,55,,102564,29,,,0,15,,102518,29,,,0,15,,102563,29,,,0,15,,102505,29,,,0,55,,102562,29,,,0,15,,102517,29,,,0,15,,102561,29,,,0,15,,102516,29,,,0,55,,102560,29,,,0,15,,102542,29,,,0,15,,102559,29,,,0,25,,102541,29,,,0,67,,102540,29,,,0,19,,102539,29,,,0,56,,102538,29,,,0,12,,102537,29,,,0,16,,102536,29,,,0,16,,102535,29,,,0,15,,102534,29,,,0,54,,102533,29,,,0,15,,102532,29,,,0,19,,102531,29,,,0,10,,102530,29,,,0,55,,102529,29,,,0,14,,102528,29,,,0,15,,102527,29,,,0,17,,102526,29,,,0,53,,102525,29,,,0,12,,102515,29,,,0,19,,102514,29,,,0,60,,102569,29,,,0,19,,102513,29,,,0,20,,102512,29,,,0,60,,102570,29,,,0,19,,102511,29,,,0,30,,102510,29,,,0,69,,102504,29,,,0,30,,102509,29,,,0,70,,102508,29,,,0,30,,102507,29,,,0,70,,102506,29,,,0
3004301,'2_merged_15291797',623,,102572,29,,,0,30,,102603,29,,,0,72,,102602,29,,,0,30,,102601,29,,,0,71,,102600,29,,,0,30,,102599,29,,,0,70,,102598,29,,,0,32,,102597,29,,,0,71,,102596,29,,,0,18,,102595,29,,,0,61,,102605,29,,,0,21,,102594,29,,,0,19,,102593,29,,,0,59,,102606,29,,,0,20,,102592,29,,,0,20,,102591,29,,,0,61,,102607,29,,,0,20,,102590,29,,,0,20,,102589,29,,,0,60,,102608,29,,,0,20,,102588,29,,,0,20,,102587,29,,,0,60,,102609,29,,,0,19,,102586,29,,,0,20,,102585,29,,,0,60,,102610,29,,,0,20,,102584,29,,,0,20,,102583,29,,,0,60,,102611,29,,,0,15,,102571,29,,,0,25,,102582,29,,,0,59,,102612,29,,,0,14,,102581,29,,,0,36,,102580,29,,,0,65,,102579,29,,,0,35,,102578,29,,,0,70,,102577,29,,,0,30,,102576,29,,,0,70,,102575,29,,,0,30,,102604,29,,,0,69,,102574,29,,,0,24,,102613,29,,,0,76,,102573,29,,,0
3004301,'3_merged_15291796',724,,102640,29,,,0,31,,102639,29,,,0,71,,102638,29,,,0,30,,102637,29,,,0,69,,102636,29,,,0,31,,102635,29,,,0,71,,102634,29,,,0,20,,102641,29,,,0,60,,102633,29,,,0,22,,102632,29,,,0,19,,102642,29,,,0,55,,102631,29,,,0,22,,102630,29,,,0,20,,102643,29,,,0,61,,102629,29,,,0,20,,102628,29,,,0,20,,102644,29,,,0,61,,102627,29,,,0,18,,102626,29,,,0,20,,102645,29,,,0,58,,102625,29,,,0,20,,102624,29,,,0,21,,102646,29,,,0,60,,102622,29,,,0,20,,102621,29,,,0,20,,102647,29,,,0,59,,102620,29,,,0,20,,102619,29,,,0,24,,102648,29,,,0,60,,102618,29,,,0,30,,102617,29,,,0,70,,102651,29,,,0,30,,102652,29,,,0,70,,102623,29,,,0,28,,102616,29,,,0,20,,102615,29,,,0,79,,102614,29,,,0,70,,102649,29,,,0,30,,102654,29,,,0,70,,102650,29,,,0,28,,102653,29,,,0
