670800,'101_merged_15524987',710,,144573,16,,,0,794,,144574,10,,,0,48,,144572,16,,,0
670800,'1_merged_15524980',531,,144616,15,,,0,20,,144612,16,,,0,57,,144586,16,,,0,18,,144591,15,,,0,18,,144614,15,,,0,13,,144581,15,,,0,63,,144613,16,,,0,12,,144620,16,,,0,15,,144615,15,,,0,55,,144593,16,,,0,17,,144576,16,,,0,18,,144592,16,,,0,18,,144578,16,,,0,69,,144583,16,,,0,30,,144584,16,,,0,70,,144596,16,,,0,30,,144579,16,,,0,70,,144597,16,,,0,31,,144602,16,,,0,70,,144598,16,,,0,30,,144585,16,,,0,70,,144599,16,,,0,30,,144609,16,,,0,70,,144600,16,,,0,29,,144587,15,,,0,58,,144589,16,,,0,20,,144594,15,,,0,80,,144575,16,,,0,20,,144590,16,,,0,20,,144603,16,,,0,57,,144617,16,,,0,17,,144604,16,,,0,20,,144605,16,,,0,11,,144595,16,,,0,55,,144618,16,,,0,15,,144606,16,,,0,15,,144607,16,,,0,15,,144619,16,,,0,55,,144588,16,,,0,16,,144611,16,,,0,20,,144621,16,,,0,60,,144610,16,,,0,19,,144601,16,,,0,20,,144622,16,,,0,60,,144580,16,,,0,99,,144582,16,,,0,99,,144608,16,,,0,104,,144577,16,,,0
670800,'201',710,,144623,16,,,0,842,,144624,15,,,0
670800,'2_merged_15524982',549,,144659,15,,,0,56,,144658,15,,,0,17,,144647,15,,,0,20,,144660,15,,,0,60,,144646,16,,,0,20,,144631,15,,,0,20,,144661,16,,,0,60,,144645,16,,,0,31,,144630,16,,,0,70,,144644,16,,,0,30,,144625,16,,,0,71,,144643,16,,,0,30,,144651,16,,,0,70,,144642,16,,,0,30,,144629,16,,,0,70,,144641,16,,,0,31,,144627,16,,,0,70,,144640,16,,,0,30,,144626,16,,,0,70,,144639,16,,,0,29,,144652,16,,,0,69,,144638,16,,,0,31,,144662,16,,,0,71,,144637,16,,,0,30,,144655,16,,,0,70,,144636,15,,,0,30,,144628,16,,,0,70,,144635,16,,,0,29,,144657,16,,,0,69,,144634,16,,,0,29,,144656,16,,,0,70,,144633,16,,,0,30,,144654,16,,,0,72,,144632,16,,,0,32,,144653,16,,,0,98,,144650,16,,,0,97,,144649,16,,,0,99,,144648,16,,,0
670800,'3_merged_15524981',631,,144663,15,,,0,20,,144694,15,,,0,60,,144693,16,,,0,20,,144692,16,,,0,70,,144671,16,,,0,30,,144691,16,,,0,70,,144681,16,,,0,31,,144690,16,,,0,71,,144680,16,,,0,30,,144689,16,,,0,71,,144676,16,,,0,30,,144688,16,,,0,70,,144675,16,,,0,23,,144687,15,,,0,21,,144697,16,,,0,60,,144674,16,,,0,20,,144698,15,,,0,20,,144686,16,,,0,60,,144673,16,,,0,20,,144685,16,,,0,20,,144699,16,,,0,60,,144677,16,,,0,19,,144668,16,,,0,20,,144700,16,,,0,60,,144672,16,,,0,20,,144667,16,,,0,20,,144701,16,,,0,60,,144678,16,,,0,20,,144695,16,,,0,21,,144702,16,,,0,61,,144684,16,,,0,20,,144666,16,,,0,21,,144696,16,,,0,61,,144679,16,,,0,30,,144665,16,,,0,70,,144669,16,,,0,30,,144664,16,,,0,72,,144683,16,,,0,90,,144670,16,,,0,98,,144682,16,,,0,99,,144703,16,,,0
670901,'101_merged_15524987',643,,144885,23,,,0
670901,'1_merged_15524980',517,,144908,23,,,0,24,,144898,23,,,0,60,,144910,23,,,0,20,,144899,23,,,0,82,,144906,23,,,0,20,,144911,23,,,0,20,,144915,23,,,0,16,,144887,23,,,0,55,,144890,23,,,0,21,,144912,23,,,0,20,,144889,23,,,0,70,,144913,23,,,0,30,,144888,23,,,0,101,,144902,23,,,0,100,,144903,23,,,0,101,,144905,23,,,0,100,,144914,23,,,0,76,,144904,23,,,0,72,,144909,23,,,0,30,,144900,23,,,0,70,,144892,23,,,0,27,,144886,23,,,0,26,,144893,23,,,0,70,,144894,23,,,0,30,,144895,23,,,0,71,,144896,23,,,0,75,,144891,23,,,0,35,,144907,23,,,0,105,,144897,23,,,0,106,,144901,23,,,0
670901,'201',643,,144916,23,,,0
670901,'2_merged_15524982',818,,144929,23,,,0,102,,144927,23,,,0,102,,144926,23,,,0,101,,144924,23,,,0,102,,144923,23,,,0,100,,144922,23,,,0,101,,144921,23,,,0,100,,144925,23,,,0,99,,144918,23,,,0,99,,144920,23,,,0,100,,144928,23,,,0,99,,144919,23,,,0,100,,144917,23,,,0,100,,144930,23,,,0
670901,'3_merged_15524981',1140,,144932,23,,,0,106,,144937,23,,,0,105,,144938,23,,,0,100,,144934,23,,,0,100,,144933,23,,,0,100,,144935,23,,,0,100,,144931,23,,,0,100,,144941,23,,,0,100,,144936,23,,,0,94,,144940,23,,,0,96,,144939,23,,,0
