661401,'152201_merged_15288067',2145,,58084,31,,,0,61,,58083,31,,,0,17,,58075,31,,,0,19,,58076,31,,,0,59,,58078,31,,,0,20,,58077,31,,,0,20,,58079,31,,,0,60,,58080,31,,,0,17,,58081,31,,,0,23,,58082,31,,,0
661401,'152301_merged_15288069',2145,,58094,30,,,0,61,,58085,30,,,0,17,,58086,30,,,0,19,,58087,30,,,0,59,,58088,30,,,0,20,,58089,30,,,0,20,,58090,30,,,0,60,,58091,30,,,0,17,,58092,30,,,0,23,,58093,30,,,0
661401,'1_merged_15288063',705,,58111,51,,,0,20,,58155,51,,,0,22,,58144,51,,,0,55,,58142,51,,,0,15,,58143,51,,,0,16,,58151,51,,,0,15,,58147,51,,,0,55,,58114,51,,,0,16,,58109,51,,,0,15,,58119,51,,,0,16,,58115,51,,,0,54,,58116,51,,,0,15,,58117,51,,,0,16,,58118,51,,,0,15,,58125,51,,,0,54,,58126,51,,,0,14,,58127,51,,,0,17,,58128,51,,,0,15,,58112,51,,,0,56,,58095,51,,,0,15,,58121,51,,,0,15,,58146,51,,,0,15,,58099,51,,,0,57,,58139,51,,,0,15,,58140,51,,,0,15,,58097,51,,,0,15,,58148,51,,,0,55,,58134,51,,,0,15,,58141,51,,,0,15,,58150,51,,,0,15,,58130,51,,,0,55,,58113,51,,,0,15,,58152,51,,,0,15,,58153,51,,,0,15,,58106,51,,,0,56,,58107,51,,,0,15,,58100,51,,,0,12,,58137,51,,,0,11,,58138,51,,,0,53,,58131,51,,,0,11,,58129,51,,,0,12,,58132,51,,,0,12,,58145,51,,,0,13,,58122,51,,,0,52,,58123,51,,,0,12,,58149,51,,,0,12,,58103,51,,,0,11,,58133,51,,,0,12,,58108,51,,,0,10,,58104,51,,,0,52,,58101,51,,,0,12,,58105,51,,,0,10,,58102,51,,,0,17,,58098,51,,,0,57,,58124,51,,,0,18,,58136,51,,,0,19,,58135,51,,,0,60,,58120,51,,,0,20,,58154,51,,,0
661401,'2_merged_15288065',850,,58161,51,,,0,59,,58159,51,,,0,19,,58207,51,,,0,15,,58181,51,,,0,16,,58187,51,,,0,55,,58204,51,,,0,16,,58206,51,,,0,15,,58168,51,,,0,56,,58164,51,,,0,15,,58196,51,,,0,17,,58209,51,,,0,15,,58205,51,,,0,54,,58167,51,,,0,14,,58174,51,,,0,14,,58175,51,,,0,14,,58176,51,,,0,13,,58177,51,,,0,52,,58157,51,,,0,12,,58188,51,,,0,12,,58194,51,,,0,13,,58219,51,,,0,12,,58185,51,,,0,52,,58186,51,,,0,13,,58221,51,,,0,12,,58203,51,,,0,12,,58220,51,,,0,54,,58158,51,,,0,11,,58163,51,,,0,11,,58222,51,,,0,12,,58190,51,,,0,12,,58192,51,,,0,53,,58178,51,,,0,12,,58199,51,,,0,13,,58223,51,,,0,13,,58166,51,,,0,11,,58215,51,,,0,51,,58198,51,,,0,12,,58182,51,,,0,9,,58224,51,,,0,10,,58183,51,,,0,12,,58160,51,,,0,12,,58165,51,,,0,52,,58170,51,,,0,13,,58210,51,,,0,16,,58211,51,,,0,16,,58225,51,,,0,54,,58212,51,,,0,15,,58213,51,,,0,17,,58214,51,,,0,21,,58201,51,,,0,61,,58208,51,,,0,21,,58169,51,,,0,61,,58180,51,,,0,19,,58202,31,,,0,20,,58218,30,,,0,60,,58173,30,,,0,20,,58171,30,,,0,21,,58172,30,,,0,60,,58200,30,,,0,18,,58197,30,,,0,20,,58184,30,,,0,60,,58193,30,,,0,20,,58189,30,,,0,22,,58191,30,,,0
661401,'3_merged_15288064',920,,58234,51,,,0,25,,58263,51,,,0,64,,58231,51,,,0,20,,58266,51,,,0,20,,58262,51,,,0,58,,58240,51,,,0,18,,58254,51,,,0,17,,58283,51,,,0,59,,58264,51,,,0,17,,58239,51,,,0,17,,58274,51,,,0,16,,58275,51,,,0,56,,58279,51,,,0,15,,58245,51,,,0,14,,58228,51,,,0,15,,58232,51,,,0,56,,58255,51,,,0,14,,58269,51,,,0,13,,58270,51,,,0,12,,58267,51,,,0,12,,58229,51,,,0,52,,58230,51,,,0,12,,58285,51,,,0,12,,58227,51,,,0,12,,58244,51,,,0,10,,58271,51,,,0,52,,58253,51,,,0,12,,58286,51,,,0,12,,58282,51,,,0,15,,58284,51,,,0,54,,58251,51,,,0,14,,58268,51,,,0,14,,58258,51,,,0,15,,58280,51,,,0,13,,58281,51,,,0,55,,58242,51,,,0,15,,58259,51,,,0,15,,58260,51,,,0,14,,58261,51,,,0,55,,58241,51,,,0,15,,58226,51,,,0,17,,58238,51,,,0,58,,58247,51,,,0,20,,58256,51,,,0,17,,58257,51,,,0,20,,58252,51,,,0,58,,58265,31,,,0,17,,58243,30,,,0,20,,58237,30,,,0,60,,58272,30,,,0,21,,58273,30,,,0,22,,58248,30,,,0,60,,58233,30,,,0,19,,58249,30,,,0,19,,58250,30,,,0,61,,58235,30,,,0,24,,58236,30,,,0
683301,'1_merged_15288063',2636,,95492,30,,,0,14,,95495,30,,,0,59,,95493,30,,,0,33,,95494,30,,,0
683301,'2_merged_15288065',2642,,95498,30,,,0,13,,95499,30,,,0,60,,95497,30,,,0,21,,95496,30,,,0
683301,'3_merged_15288064',2638,,95502,30,,,0,70,,95501,30,,,0,30,,95500,30,,,0
1671801,'152201_merged_15288067',2140,,98493,34,,,0,15,,98494,34,,,0,56,,98495,34,,,0,15,,98496,34,,,0,11,,98497,34,,,0,15,,98498,34,,,0,60,,98499,34,,,0,21,,98500,34,,,0,16,,98501,34,,,0,60,,98502,34,,,0,30,,98503,34,,,0,15,,98505,34,,,0,55,,98504,34,,,0,15,,98506,34,,,0,13,,98507,34,,,0,70,,98492,34,,,0,5,,98491,34,,,0
1671801,'152301_merged_15288069',2140,,98516,34,,,0,15,,98517,34,,,0,56,,98518,34,,,0,15,,98519,34,,,0,11,,98520,34,,,0,15,,98521,34,,,0,60,,98522,34,,,0,21,,98523,34,,,0,16,,98524,34,,,0,60,,98513,34,,,0,30,,98508,34,,,0,15,,98515,34,,,0,55,,98509,34,,,0,15,,98514,34,,,0,13,,98510,34,,,0,70,,98511,34,,,0,5,,98512,34,,,0
1671801,'1_merged_15288063',357,,98591,34,,,0,70,,98592,34,,,0,76,,98593,34,,,0,29,,98525,34,,,0,70,,98526,34,,,0,23,,98568,57,,,0,14,,98569,57,,,0,13,,98570,57,,,0,55,,98594,57,,,0,14,,98571,57,,,0,15,,98572,57,,,0,14,,98573,57,,,0,57,,98574,57,,,0,17,,98590,57,,,0,19,,98575,57,,,0,15,,98576,57,,,0,56,,98577,57,,,0,13,,98578,57,,,0,15,,98579,57,,,0,14,,98580,57,,,0,54,,98581,57,,,0,14,,98582,57,,,0,15,,98583,57,,,0,14,,98584,57,,,0,58,,98585,57,,,0,15,,98586,57,,,0,17,,98561,57,,,0,15,,98562,57,,,0,56,,98563,57,,,0,15,,98564,57,,,0,15,,98565,57,,,0,15,,98566,57,,,0,55,,98567,57,,,0,15,,98528,57,,,0,15,,98529,57,,,0,15,,98530,57,,,0,56,,98531,57,,,0,16,,98532,57,,,0,15,,98533,57,,,0,55,,98534,57,,,0,15,,98535,57,,,0,18,,98536,57,,,0,15,,98537,57,,,0,53,,98538,57,,,0,13,,98539,57,,,0,12,,98540,57,,,0,13,,98541,57,,,0,11,,98542,57,,,0,50,,98543,57,,,0,11,,98544,57,,,0,10,,98545,57,,,0,11,,98546,57,,,0,12,,98547,57,,,0,12,,98548,57,,,0,52,,98549,57,,,0,12,,98550,57,,,0,12,,98551,57,,,0,11,,98552,57,,,0,9,,98553,57,,,0,52,,98554,57,,,0,15,,98555,57,,,0,14,,98556,57,,,0,15,,98557,57,,,0,54,,98558,57,,,0,9,,98560,34,,,0,13,,98527,34,,,0,15,,98559,34,,,0,14,,98587,34,,,0,55,,98588,34,,,0,15,,98589,34,,,0
1671801,'2_merged_15288065',358,,98687,34,,,0,70,,98685,34,,,0,78,,98686,34,,,0,39,,98601,34,,,0,74,,98643,57,,,0,19,,98644,57,,,0,15,,98656,57,,,0,54,,98657,57,,,0,20,,98658,57,,,0,15,,98659,57,,,0,14,,98660,57,,,0,57,,98661,57,,,0,16,,98662,57,,,0,15,,98612,57,,,0,57,,98663,57,,,0,17,,98664,57,,,0,17,,98665,57,,,0,16,,98666,57,,,0,55,,98667,57,,,0,21,,98668,57,,,0,16,,98669,57,,,0,16,,98670,57,,,0,56,,98671,57,,,0,13,,98655,57,,,0,12,,98606,57,,,0,12,,98607,57,,,0,55,,98608,57,,,0,12,,98609,57,,,0,11,,98605,57,,,0,12,,98610,57,,,0,12,,98611,57,,,0,53,,98613,57,,,0,12,,98614,57,,,0,12,,98637,57,,,0,10,,98615,57,,,0,10,,98616,57,,,0,50,,98617,57,,,0,10,,98618,57,,,0,10,,98619,57,,,0,10,,98638,57,,,0,10,,98629,57,,,0,10,,98630,57,,,0,50,,98631,57,,,0,10,,98632,57,,,0,10,,98633,57,,,0,11,,98639,57,,,0,10,,98634,57,,,0,10,,98635,57,,,0,50,,98636,57,,,0,10,,98620,57,,,0,10,,98602,57,,,0,10,,98640,57,,,0,10,,98621,57,,,0,10,,98622,57,,,0,50,,98623,57,,,0,10,,98624,57,,,0,8,,98625,57,,,0,10,,98641,57,,,0,10,,98626,57,,,0,10,,98627,57,,,0,50,,98628,57,,,0,10,,98645,57,,,0,10,,98646,57,,,0,9,,98642,57,,,0,12,,98647,57,,,0,12,,98648,57,,,0,52,,98649,57,,,0,12,,98650,57,,,0,7,,98651,57,,,0,12,,98652,57,,,0,13,,98653,57,,,0,53,,98654,57,,,0,10,,98672,34,,,0,12,,98673,34,,,0,15,,98674,34,,,0,15,,98675,34,,,0,57,,98676,34,,,0,14,,98677,34,,,0,14,,98678,34,,,0,13,,98679,34,,,0,55,,98680,34,,,0,15,,98681,34,,,0,15,,98682,34,,,0,19,,98683,34,,,0,60,,98684,34,,,0,20,,98595,34,,,0,19,,98596,34,,,0,61,,98597,34,,,0,24,,98598,34,,,0,70,,98599,34,,,0,28,,98600,34,,,0,69,,98603,34,,,0,11,,98604,34,,,0
1671801,'3_merged_15288064',354,,98769,34,,,0,70,,98767,34,,,0,78,,98768,34,,,0,35,,98739,34,,,0,68,,98752,34,,,0,48,,98753,57,,,0,64,,98754,57,,,0,22,,98755,57,,,0,20,,98756,57,,,0,57,,98766,57,,,0,17,,98757,57,,,0,16,,98758,57,,,0,59,,98759,57,,,0,16,,98760,57,,,0,16,,98761,57,,,0,17,,98762,57,,,0,55,,98763,57,,,0,15,,98764,57,,,0,15,,98765,57,,,0,58,,98688,57,,,0,15,,98690,57,,,0,17,,98691,57,,,0,15,,98692,57,,,0,57,,98693,57,,,0,15,,98694,57,,,0,15,,98744,57,,,0,15,,98695,57,,,0,55,,98696,57,,,0,13,,98697,57,,,0,14,,98745,57,,,0,12,,98698,57,,,0,11,,98702,57,,,0,53,,98703,57,,,0,12,,98704,57,,,0,12,,98746,57,,,0,12,,98705,57,,,0,12,,98706,57,,,0,52,,98707,57,,,0,12,,98708,57,,,0,12,,98747,57,,,0,12,,98709,57,,,0,12,,98689,57,,,0,50,,98710,57,,,0,12,,98711,57,,,0,12,,98748,57,,,0,12,,98712,57,,,0,12,,98713,57,,,0,52,,98714,57,,,0,13,,98715,57,,,0,14,,98749,57,,,0,12,,98716,57,,,0,13,,98717,57,,,0,51,,98718,57,,,0,12,,98719,57,,,0,11,,98750,57,,,0,13,,98720,57,,,0,13,,98751,57,,,0,55,,98721,57,,,0,14,,98722,57,,,0,15,,98723,57,,,0,15,,98724,57,,,0,55,,98725,34,,,0,15,,98726,34,,,0,16,,98727,34,,,0,15,,98728,34,,,0,55,,98742,34,,,0,15,,98729,34,,,0,13,,98741,34,,,0,16,,98730,34,,,0,55,,98731,34,,,0,15,,98732,34,,,0,11,,98740,34,,,0,17,,98733,34,,,0,60,,98734,34,,,0,20,,98699,34,,,0,19,,98700,34,,,0,61,,98701,34,,,0,24,,98735,34,,,0,70,,98736,34,,,0,30,,98737,34,,,0,70,,98738,34,,,0,8,,98743,34,,,0
