662201,'101_merged_15524987',1608,,121603,22,,,0
662201,'152201_merged_15524984',2047,,121604,22,,,0,56,,121605,22,,,0,18,,121606,22,,,0,20,,121607,22,,,0,60,,121608,22,,,0,21,,121609,22,,,0,19,,121610,22,,,0,62,,121611,22,,,0,21,,121612,22,,,0,23,,121613,22,,,0,71,,121614,22,,,0,30,,121615,22,,,0,70,,121616,22,,,0
662201,'152301_merged_15524986',2047,,121617,22,,,0,56,,121618,22,,,0,18,,121619,22,,,0,20,,121620,22,,,0,60,,121621,22,,,0,21,,121622,22,,,0,19,,121623,22,,,0,62,,121624,22,,,0,21,,121625,22,,,0,23,,121626,22,,,0,71,,121627,22,,,0,30,,121628,22,,,0,70,,121629,22,,,0
662201,'1_merged_15524980',507,,121630,25,0,29 15,0,16,,121631,27,,,0,17,,121632,27,,,0,17,,121633,27,,,0,59,,121634,27,,,0,12,,121635,22,,,0,13,,121636,27,,,0,12,,121637,22,,,0,52,,121638,22,,,0,12,,121639,22,,,0,12,,121640,22,,,0,12,,121641,27,,,0,12,,121642,22,,,0,53,,121643,22,,,0,12,,121644,22,,,0,12,,121645,22,,,0,10,,121646,22,,,0,10,,121647,22,,,0,50,,121648,22,,,0,10,,121649,22,,,0,11,,121650,22,,,0,10,,121707,22,,,0,10,,121651,22,,,0,12,,121652,22,,,0,52,,121653,22,,,0,11,,121654,22,,,0,12,,121709,22,,,0,12,,121655,22,,,0,12,,121656,22,,,0,52,,121657,22,,,0,12,,121658,22,,,0,12,,121710,22,,,0,12,,121659,22,,,0,12,,121660,22,,,0,52,,121661,22,,,0,13,,121662,22,,,0,12,,121711,22,,,0,12,,121663,22,,,0,12,,121664,22,,,0,52,,121665,22,,,0,12,,121666,22,,,0,12,,121712,22,,,0,12,,121667,22,,,0,12,,121668,22,,,0,52,,121669,22,,,0,12,,121670,22,,,0,12,,121671,22,,,0,13,,121672,22,,,0,12,,121673,22,,,0,52,,121674,22,,,0,12,,121675,22,,,0,11,,121676,22,,,0,8,,121677,22,,,0,8,,121678,22,,,0,8,,121679,22,,,0,47,,121680,22,,,0,15,,121681,22,,,0,8,,121682,22,,,0,7,,121683,22,,,0,8,,121684,22,,,0,7,,121685,22,,,0,8,,121686,22,,,0,6,,121687,22,,,0,48,,121708,22,,,0,7,,121688,22,,,0,8,,121689,22,,,0,8,,121690,22,,,0,8,,121691,22,,,0,8,,121692,22,,,0,8,,121693,22,,,0,48,,121694,22,,,0,9,,121695,22,,,0,10,,121696,22,,,0,10,,121697,22,,,0,11,,121698,22,,,0,12,,121699,22,,,0,52,,121700,22,,,0,13,,121701,22,,,0,15,,121702,22,,,0,15,,121703,22,,,0,55,,121704,22,,,0,15,,121705,22,,,0,15,,121706,22,,,0
662201,'201',1608,,121713,22,,,0
662201,'2_merged_15524982',527,,121775,27,,,0,20,,121723,27,,,0,60,,121785,27,,,0,20,,121783,22,,,0,19,,121719,27,,,0,56,,121716,22,,,0,15,,121778,27,,,0,16,,121724,22,,,0,15,,121782,22,,,0,55,,121721,27,,,0,16,,121714,22,,,0,15,,121779,22,,,0,15,,121777,22,,,0,55,,121792,22,,,0,15,,121720,22,,,0,15,,121788,22,,,0,18,,121715,22,,,0,55,,121725,22,,,0,13,,121732,22,,,0,12,,121798,22,,,0,12,,121733,22,,,0,12,,121734,22,,,0,52,,121735,22,,,0,12,,121744,22,,,0,12,,121799,22,,,0,11,,121737,22,,,0,12,,121781,22,,,0,52,,121738,22,,,0,12,,121739,22,,,0,12,,121800,22,,,0,12,,121740,22,,,0,12,,121741,22,,,0,52,,121742,22,,,0,12,,121743,22,,,0,12,,121745,22,,,0,12,,121746,22,,,0,12,,121747,22,,,0,51,,121748,22,,,0,10,,121749,22,,,0,9,,121750,22,,,0,9,,121751,22,,,0,9,,121793,22,,,0,10,,121752,22,,,0,50,,121753,22,,,0,10,,121754,22,,,0,10,,121755,22,,,0,10,,121756,22,,,0,11,,121796,22,,,0,10,,121757,22,,,0,50,,121758,22,,,0,10,,121759,22,,,0,10,,121760,22,,,0,10,,121761,22,,,0,10,,121794,22,,,0,10,,121762,22,,,0,50,,121763,22,,,0,10,,121764,22,,,0,10,,121765,22,,,0,11,,121766,22,,,0,10,,121795,22,,,0,10,,121767,22,,,0,50,,121768,22,,,0,10,,121769,22,,,0,10,,121770,22,,,0,10,,121771,22,,,0,10,,121772,22,,,0,12,,121797,22,,,0,52,,121773,22,,,0,11,,121726,22,,,0,16,,121727,22,,,0,16,,121736,22,,,0,56,,121728,22,,,0,14,,121729,22,,,0,14,,121730,22,,,0,15,,121731,22,,,0,55,,121791,22,,,0,17,,121722,22,,,0,20,,121718,22,,,0,60,,121776,22,,,0,20,,121786,22,,,0,21,,121790,22,,,0,62,,121774,22,,,0,21,,121787,22,,,0,23,,121717,22,,,0,70,,121780,22,,,0,30,,121784,22,,,0,70,,121789,22,,,0
662201,'3_merged_15524981',616,,121801,27,,,0,21,,121802,27,,,0,19,,121803,27,,,0,61,,121804,27,,,0,20,,121805,27,,,0,21,,121806,27,,,0,59,,121807,22,,,0,16,,121808,27,,,0,15,,121809,22,,,0,55,,121810,22,,,0,16,,121811,22,,,0,15,,121812,22,,,0,15,,121813,22,,,0,55,,121814,22,,,0,15,,121815,22,,,0,15,,121816,22,,,0,15,,121817,22,,,0,53,,121818,22,,,0,13,,121819,22,,,0,12,,121820,22,,,0,12,,121821,22,,,0,12,,121822,22,,,0,52,,121823,22,,,0,13,,121824,22,,,0,12,,121825,22,,,0,12,,121826,22,,,0,12,,121827,22,,,0,52,,121828,22,,,0,12,,121829,22,,,0,12,,121830,22,,,0,12,,121831,22,,,0,11,,121832,22,,,0,52,,121833,22,,,0,12,,121834,22,,,0,12,,121835,22,,,0,12,,121836,22,,,0,12,,121837,22,,,0,52,,121838,22,,,0,12,,121839,22,,,0,12,,121840,22,,,0,12,,121841,22,,,0,12,,121842,22,,,0,52,,121843,22,,,0,12,,121844,22,,,0,12,,121845,22,,,0,12,,121846,22,,,0,12,,121847,22,,,0,53,,121848,22,,,0,14,,121849,22,,,0,14,,121850,22,,,0,14,,121851,22,,,0,55,,121852,22,,,0,15,,121853,22,,,0,15,,121854,22,,,0,15,,121855,22,,,0,55,,121856,22,,,0,14,,121857,22,,,0,15,,121858,22,,,0,15,,121859,22,,,0,57,,121860,22,,,0,20,,121861,22,,,0,20,,121862,22,,,0,60,,121863,22,,,0,20,,121864,22,,,0,20,,121865,22,,,0,60,,121866,22,,,0,20,,121867,22,,,0,20,,121868,22,,,0,60,,121869,22,,,0,19,,121870,22,,,0,27,,121871,22,,,0,72,,121872,22,,,0,30,,121873,22,,,0,70,,121874,27,,,0
683801,'1_merged_15524980',2519,,155524,30,,,0,29,,155520,30,,,0,70,,155519,30,,,0,30,,155518,30,,,0,73,,155521,30,,,0,27,,155522,30,,,0,69,,155523,30,,,0,40,,155516,30,,,0,70,,155517,30,,,0
683801,'2_merged_15524982',2549,,155526,30,,,0,77,,155528,30,,,0,21,,155527,30,,,0,60,,155529,30,,,0,23,,155530,30,,,0,20,,155531,30,,,0,60,,155532,30,,,0,27,,155533,30,,,0,70,,155534,30,,,0,29,,155525,30,,,0
683801,'3_merged_15524981',2546,,155536,30,,,0,70,,155535,30,,,0,31,,155537,30,,,0,79,,155538,30,,,0,17,,155539,30,,,0,74,,155540,30,,,0,30,,155541,30,,,0,80,,155542,30,,,0
1671801,'1_merged_15524980',539,,158690,5,,,0,14,,158691,5,,,0,52,,158692,5,,,0,13,,158716,5,,,0,13,,158693,5,,,0,13,,158694,5,,,0,13,,158695,5,,,0,55,,158696,5,,,0,15,,158712,5,,,0,14,,158697,5,,,0,15,,158698,5,,,0,55,,158699,5,,,0,15,,158700,5,,,0,15,,158701,5,,,0,14,,158702,5,,,0,54,,158703,5,,,0,14,,158704,5,,,0,15,,158705,5,,,0,14,,158706,5,,,0,55,,158707,5,,,0,15,,158708,5,,,0,15,,158683,5,,,0,15,,158684,5,,,0,55,,158685,5,,,0,15,,158686,5,,,0,15,,158687,5,,,0,15,,158688,5,,,0,55,,158689,5,,,0,15,,158650,5,,,0,16,,158651,5,,,0,15,,158652,5,,,0,56,,158653,5,,,0,15,,158654,5,,,0,15,,158655,5,,,0,15,,158656,5,,,0,55,,158657,5,,,0,15,,158658,5,,,0,15,,158659,5,,,0,15,,158660,5,,,0,53,,158661,5,,,0,12,,158662,5,,,0,12,,158663,5,,,0,11,,158664,5,,,0,10,,158665,5,,,0,50,,158666,5,,,0,10,,158667,5,,,0,11,,158668,5,,,0,12,,158669,5,,,0,12,,158670,5,,,0,11,,158671,5,,,0,52,,158672,5,,,0,12,,158673,5,,,0,12,,158674,5,,,0,12,,158675,5,,,0,54,,158676,5,,,0,15,,158677,5,,,0,15,,158678,5,,,0,15,,158679,5,,,0,56,,158680,5,,,0
1671801,'291101',1830,,158717,5,0,10,0,15,,158718,5,0,10,0,10,,158719,5,0,10,0,60,,158720,5,0,10,0,15,,158721,5,0,10,0,15,,158722,5,0,10,0,55,,158723,5,0,10,0,15,,158724,5,0,10,0,15,,158725,5,0,10,0,15,,158726,5,0,10,0,55,,158727,5,0,10,0,15,,158728,5,0,10,0,15,,158729,5,0,10,0,15,,158730,5,0,10,0,55,,158731,5,0,10,0,15,,158732,5,0,10,0,15,,158733,5,0,10,0,15,,158734,5,0,10,0,55,,158735,5,0,10,0,15,,158736,5,0,10,0,15,,158737,5,0,10,0,15,,158738,5,0,10,0,55,,158739,5,0,10,0
1671801,'291102',1830,,158740,5,0,10,0,11,,158741,5,0,10,0,13,,158742,5,0,10,0,61,,158743,5,0,10,0,15,,158744,5,0,10,0,15,,158745,5,0,10,0,55,,158746,5,0,10,0,15,,158747,5,0,10,0,15,,158748,5,0,10,0,15,,158749,5,0,10,0,55,,158750,5,0,10,0,15,,158751,5,0,10,0,15,,158752,5,0,10,0,15,,158753,5,0,10,0,55,,158754,5,0,10,0,15,,158755,5,0,10,0,15,,158756,5,0,10,0,15,,158757,5,0,10,0,55,,158758,5,0,10,0,15,,158759,5,0,10,0,15,,158760,5,0,10,0,15,,158761,5,0,10,0,55,,158762,5,0,10,0
1671801,'291103',1832,,158763,5,0,10,0,15,,158764,5,0,10,0,53,,158765,5,0,10,0,15,,158766,5,0,10,0,15,,158767,5,0,10,0,15,,158768,5,0,10,0,55,,158769,5,0,10,0,15,,158770,5,0,10,0,15,,158771,5,0,10,0,15,,158772,5,0,10,0,55,,158773,5,0,10,0,15,,158774,5,0,10,0,15,,158775,5,0,10,0,15,,158776,5,0,10,0,55,,158777,5,0,10,0,15,,158778,5,0,10,0,15,,158779,5,0,10,0,15,,158780,5,0,10,0,55,,158781,5,0,10,0,15,,158782,5,0,10,0,15,,158783,5,0,10,0,15,,158784,5,0,10,0,55,,158785,5,0,10,0
1671801,'2_merged_15524982',538,,158834,5,,,0,18,,158835,5,,,0,55,,158847,5,,,0,14,,158848,5,,,0,15,,158849,5,,,0,15,,158850,5,,,0,54,,158851,5,,,0,15,,158852,5,,,0,15,,158853,5,,,0,14,,158803,5,,,0,56,,158854,5,,,0,15,,158855,5,,,0,16,,158856,5,,,0,16,,158857,5,,,0,55,,158858,5,,,0,15,,158859,5,,,0,16,,158860,5,,,0,15,,158861,5,,,0,56,,158862,5,,,0,12,,158846,5,,,0,12,,158797,5,,,0,12,,158798,5,,,0,51,,158799,5,,,0,12,,158800,5,,,0,11,,158796,5,,,0,12,,158801,5,,,0,12,,158802,5,,,0,12,,158804,5,,,0,52,,158805,5,,,0,12,,158828,5,,,0,10,,158806,5,,,0,10,,158807,5,,,0,10,,158808,5,,,0,50,,158809,5,,,0,10,,158810,5,,,0,10,,158829,5,,,0,10,,158820,5,,,0,10,,158821,5,,,0,10,,158822,5,,,0,50,,158823,5,,,0,10,,158824,5,,,0,10,,158830,5,,,0,10,,158825,5,,,0,10,,158826,5,,,0,9,,158827,5,,,0,50,,158811,5,,,0,10,,158793,5,,,0,10,,158831,5,,,0,10,,158812,5,,,0,10,,158813,5,,,0,11,,158814,5,,,0,50,,158815,5,,,0,10,,158816,5,,,0,10,,158832,5,,,0,10,,158817,5,,,0,10,,158818,5,,,0,10,,158819,5,,,0,50,,158836,5,,,0,10,,158837,5,,,0,10,,158833,5,,,0,12,,158838,5,,,0,12,,158839,5,,,0,12,,158840,5,,,0,52,,158841,5,,,0,13,,158842,5,,,0,12,,158843,5,,,0,13,,158844,5,,,0,53,,158845,5,,,0
1671801,'3_merged_15524981',611,,158944,5,,,0,22,,158945,5,,,0,22,,158946,5,,,0,62,,158947,5,,,0,16,,158957,5,,,0,15,,158948,5,,,0,56,,158949,5,,,0,16,,158950,5,,,0,15,,158951,5,,,0,15,,158952,5,,,0,53,,158953,5,,,0,15,,158954,5,,,0,15,,158955,5,,,0,15,,158956,5,,,0,55,,158879,5,,,0,15,,158881,5,,,0,15,,158882,5,,,0,15,,158883,5,,,0,55,,158884,5,,,0,15,,158885,5,,,0,15,,158935,5,,,0,15,,158886,5,,,0,55,,158887,5,,,0,13,,158888,5,,,0,11,,158936,5,,,0,12,,158889,5,,,0,11,,158893,5,,,0,51,,158894,5,,,0,12,,158895,5,,,0,12,,158937,5,,,0,12,,158896,5,,,0,12,,158897,5,,,0,52,,158898,5,,,0,12,,158899,5,,,0,13,,158938,5,,,0,12,,158900,5,,,0,12,,158880,5,,,0,52,,158901,5,,,0,12,,158902,5,,,0,12,,158939,5,,,0,12,,158903,5,,,0,12,,158904,5,,,0,52,,158905,5,,,0,12,,158906,5,,,0,13,,158940,5,,,0,12,,158907,5,,,0,13,,158908,5,,,0,52,,158909,5,,,0,12,,158910,5,,,0,13,,158941,5,,,0,13,,158911,5,,,0,13,,158942,5,,,0,55,,158912,5,,,0,15,,158913,5,,,0,15,,158914,5,,,0,15,,158915,5,,,0
