664701,'101_merged_15529707',1500,,131252,6,4,,0,148,,131251,17,,,0
664701,'1_merged_15529700',522,,131273,17,,,0,81,,131279,17,,,0,16,,131275,17,,,0,19,,131274,17,,,0,12,,131288,17,,,0,54,,131281,17,,,0,19,,131308,17,,,0,13,,131286,17,,,0,13,,131280,17,,,0,51,,131253,17,,,0,15,,131291,17,,,0,10,,131292,17,,,0,14,,131293,17,,,0,13,,131294,17,,,0,54,,131295,17,,,0,15,,131297,17,,,0,16,,131313,17,,,0,15,,131314,17,,,0,55,,131315,17,,,0,15,,131316,17,,,0,15,,131317,17,,,0,15,,131318,17,,,0,55,,131319,17,,,0,13,,131254,17,,,0,12,,131255,17,,,0,13,,131256,17,,,0,55,,131257,17,,,0,16,,131258,17,,,0,15,,131290,17,,,0,16,,131259,17,,,0,56,,131260,17,,,0,13,,131261,17,,,0,15,,131262,17,,,0,16,,131263,17,,,0,55,,131264,17,,,0,16,,131265,17,,,0,16,,131266,17,,,0,16,,131267,17,,,0,58,,131300,17,,,0,10,,131298,17,,,0,14,,131299,17,,,0,15,,131301,17,,,0,57,,131268,17,,,0,13,,131302,17,,,0,16,,131303,17,,,0,70,,131304,17,,,0,16,,131305,17,,,0,16,,131306,17,,,0,16,,131307,17,,,0,56,,131309,17,,,0,17,,131310,17,,,0,17,,131311,17,,,0,17,,131312,17,,,0,60,,131269,17,,,0,20,,131276,17,,,0,20,,131320,17,,,0,60,,131287,17,,,0,20,,131285,17,,,0,20,,131321,17,,,0,60,,131271,17,,,0,23,,131270,17,,,0,73,,131296,17,,,0,29,,131282,17,,,0,71,,131283,17,,,0,33,,131289,17,,,0,65,,131284,17,,,0,24,,131277,17,,,0,76,,131272,17,,,0,28,,131278,17,,,0
664701,'201',1648,,131322,17,,,0
664701,'2_merged_15529702',548,,131331,17,,,0,58,,131330,17,,,0,31,,131328,17,,,0,73,,131329,17,,,0,20,,131354,17,,,0,16,,131361,17,,,0,55,,131351,17,,,0,15,,131353,17,,,0,16,,131380,17,,,0,15,,131358,17,,,0,55,,131340,17,,,0,15,,131352,17,,,0,15,,131366,17,,,0,15,,131348,17,,,0,57,,131338,17,,,0,15,,131343,17,,,0,16,,131346,17,,,0,15,,131378,17,,,0,55,,131349,17,,,0,16,,131337,17,,,0,15,,131342,17,,,0,16,,131327,17,,,0,55,,131326,17,,,0,13,,131362,17,,,0,13,,131359,17,,,0,14,,131350,17,,,0,54,,131336,17,,,0,15,,131357,17,,,0,15,,131341,17,,,0,16,,131374,17,,,0,55,,131368,17,,,0,15,,131355,17,,,0,15,,131356,17,,,0,16,,131379,17,,,0,55,,131325,17,,,0,16,,131384,17,,,0,15,,131372,17,,,0,15,,131375,17,,,0,55,,131381,17,,,0,12,,131347,17,,,0,15,,131377,17,,,0,15,,131344,17,,,0,58,,131373,17,,,0,14,,131365,17,,,0,16,,131339,17,,,0,15,,131376,17,,,0,55,,131324,17,,,0,17,,131383,17,,,0,20,,131371,17,,,0,60,,131345,17,,,0,20,,131334,17,,,0,20,,131386,17,,,0,60,,131335,17,,,0,20,,131387,17,,,0,20,,131364,17,,,0,60,,131363,17,,,0,30,,131369,17,,,0,70,,131332,17,,,0,30,,131385,17,,,0,72,,131382,17,,,0,35,,131370,17,,,0,65,,131360,17,,,0,34,,131323,17,,,0,83,,131333,17,,,0,27,,131367,17,,,0
664701,'3_merged_15529701',704,,131412,17,,,0,35,,131415,17,,,0,70,,131392,17,,,0,30,,131403,17,,,0,63,,131418,17,,,0,20,,131424,17,,,0,21,,131414,17,,,0,60,,131408,17,,,0,20,,131425,17,,,0,20,,131391,17,,,0,60,,131393,17,,,0,20,,131426,17,,,0,19,,131411,17,,,0,62,,131420,17,,,0,20,,131427,17,,,0,21,,131416,17,,,0,60,,131429,17,,,0,20,,131404,17,,,0,21,,131409,17,,,0,60,,131430,17,,,0,20,,131398,17,,,0,20,,131388,17,,,0,60,,131431,17,,,0,19,,131401,17,,,0,20,,131407,17,,,0,60,,131432,17,,,0,20,,131390,17,,,0,20,,131422,17,,,0,60,,131433,17,,,0,20,,131397,17,,,0,19,,131419,17,,,0,60,,131434,17,,,0,20,,131400,17,,,0,20,,131406,17,,,0,60,,131410,17,,,0,20,,131428,17,,,0,18,,131395,17,,,0,63,,131435,17,,,0,18,,131423,17,,,0,19,,131402,17,,,0,60,,131436,17,,,0,20,,131394,17,,,0,22,,131389,17,,,0,70,,131413,17,,,0,29,,131396,17,,,0,69,,131417,17,,,0,31,,131399,17,,,0,72,,131405,17,,,0,30,,131421,17,,,0
664800,'101_merged_15529707',1705,,131437,37,,,0
664800,'1_merged_15529700',603,,131478,37,,,0,18,,131489,37,,,0,12,,131477,37,,,0,12,,131464,37,,,0,14,,131463,37,,,0,53,,131480,37,,,0,12,,131462,37,,,0,11,,131481,37,,,0,10,,131461,37,,,0,10,,131460,37,,,0,52,,131482,37,,,0,10,,131441,37,,,0,10,,131459,37,,,0,10,,131483,37,,,0,11,,131442,37,,,0,52,,131487,37,,,0,12,,131443,37,,,0,11,,131488,37,,,0,12,,131458,37,,,0,66,,131457,37,,,0,31,,131456,37,,,0,68,,131454,37,,,0,31,,131453,37,,,0,70,,131466,37,,,0,29,,131479,37,,,0,71,,131476,37,,,0,30,,131475,37,,,0,70,,131474,37,,,0,32,,131473,37,,,0,16,,131484,37,,,0,57,,131451,37,,,0,18,,131485,37,,,0,6,,131486,14,,,0,15,,131450,14,,,0,2,,131455,37,,,0,8,,131492,37,,,0,4,,131498,14,,,0,53,,131493,37,,,0,5,,131494,14,,,0,9,,131449,37,,,0,7,,131440,37,,,0,8,,131495,37,,,0,14,,131497,37,,,0,48,,131445,14,,,0,12,,131496,37,,,0,10,,131452,37,,,0,14,,131439,37,,,0,15,,131444,37,,,0,53,,131448,37,,,0,13,,131491,37,,,0,15,,131438,37,,,0,14,,131447,37,,,0,55,,131446,37,,,0,29,,131472,37,,,0,70,,131471,37,,,0,29,,131470,37,,,0,70,,131469,37,,,0,30,,131468,37,,,0,70,,131467,37,,,0,26,,131465,37,,,0,103,,131490,37,,,0
664800,'201',1705,,131499,37,,,0
664800,'2_merged_15529702',659,,131531,37,,,0,70,,131532,37,,,0,73,,131500,37,,,0,28,,131518,37,,,0,70,,131516,37,,,0,30,,131519,37,,,0,70,,131505,37,,,0,28,,131506,37,,,0,72,,131507,37,,,0,30,,131508,37,,,0,70,,131509,37,,,0,30,,131510,37,,,0,70,,131511,37,,,0,32,,131517,37,,,0,70,,131501,37,,,0,33,,131520,37,,,0,68,,131529,37,,,0,31,,131521,37,,,0,69,,131522,37,,,0,31,,131523,37,,,0,70,,131524,37,,,0,30,,131502,37,,,0,70,,131503,37,,,0,29,,131504,37,,,0,70,,131525,37,,,0,29,,131526,37,,,0,70,,131527,37,,,0,25,,131528,37,,,0,73,,131512,37,,,0,30,,131513,37,,,0,70,,131514,37,,,0,29,,131515,37,,,0,98,,131530,37,,,0
664800,'3_merged_15529701',800,,131561,37,,,0,30,,131562,37,,,0,70,,131563,37,,,0,33,,131559,37,,,0,70,,131552,37,,,0,30,,131553,37,,,0,70,,131556,37,,,0,30,,131554,37,,,0,70,,131557,37,,,0,30,,131558,37,,,0,71,,131533,37,,,0,30,,131534,37,,,0,70,,131535,37,,,0,31,,131536,37,,,0,70,,131537,37,,,0,30,,131538,37,,,0,70,,131539,37,,,0,30,,131540,37,,,0,70,,131541,37,,,0,30,,131542,37,,,0,70,,131543,37,,,0,30,,131544,37,,,0,67,,131555,37,,,0,28,,131545,37,,,0,70,,131546,37,,,0,30,,131547,37,,,0,29,,131548,37,,,0,70,,131549,37,,,0,30,,131550,37,,,0,70,,131551,37,,,0,98,,131560,37,,,0
