664601,'101_merged_15291802',826,,71270,3,,,0,681,,71269,3,0,41 8,0,44,,71268,3,,,0
664601,'1_merged_15291795',536,,71312,3,,,0,20,,71296,3,,,0,60,,71295,3,,,0,20,,71294,3,,,0,20,,71306,3,,,0,60,,71300,3,,,0,20,,71282,3,,,0,15,,71302,3,,,0,60,,71316,3,,,0,30,,71274,3,,,0,70,,71280,3,,,0,30,,71277,3,,,0,70,,71310,3,,,0,30,,71305,3,,,0,70,,71298,3,,,0,30,,71293,3,,,0,70,,71292,3,,,0,30,,71299,3,,,0,70,,71303,3,,,0,30,,71272,3,,,0,70,,71290,3,,,0,21,,71289,3,,,0,19,,71315,3,,,0,60,,71278,3,,,0,20,,71314,3,,,0,80,,71291,3,,,0,20,,71276,3,,,0,20,,71286,3,,,0,60,,71275,3,,,0,20,,71301,3,,,0,20,,71281,3,,,0,65,,71279,3,,,0,30,,71313,3,,,0,70,,71283,3,,,0,30,,71311,3,,,0,70,,71273,3,,,0,30,,71287,3,,,0,70,,71304,3,,,0,30,,71309,3,,,0,80,,71308,3,,,0,105,,71307,3,,,0,100,,71297,3,,,0,100,,71284,3,,,0
664601,'2_merged_15291797',617,,71330,3,,,0,30,,71323,3,,,0,69,,71321,3,,,0,31,,71336,3,,,0,76,,71337,3,,,0,30,,71338,3,,,0,58,,71317,3,,,0,30,,71327,3,,,0,67,,71340,3,,,0,36,,71333,3,,,0,70,,71342,3,,,0,30,,71343,3,,,0,72,,71344,3,,,0,28,,71346,3,,,0,71,,71341,3,,,0,30,,71318,3,,,0,72,,71319,3,,,0,29,,71320,3,,,0,68,,71352,3,,,0,30,,71347,3,,,0,69,,71350,3,,,0,29,,71348,3,,,0,71,,71349,3,,,0,28,,71351,3,,,0,70,,71334,3,,,0,31,,71328,3,,,0,71,,71329,3,,,0,28,,71335,3,,,0,70,,71324,3,,,0,30,,71339,3,,,0,70,,71345,3,,,0,32,,71325,3,,,0,90,,71326,3,,,0,98,,71322,3,,,0,100,,71331,3,,,0,100,,71332,3,,,0
664601,'3_merged_15291796',736,,71367,3,,,0,70,,71364,3,,,0,30,,71369,3,,,0,70,,71360,3,,,0,30,,71361,3,,,0,70,,71359,3,,,0,30,,71383,3,,,0,70,,71380,3,,,0,30,,71381,3,,,0,70,,71362,3,,,0,30,,71363,3,,,0,70,,71382,3,,,0,30,,71353,3,,,0,70,,71368,3,,,0,30,,71370,3,,,0,70,,71371,3,,,0,30,,71372,3,,,0,70,,71373,3,,,0,30,,71374,3,,,0,70,,71375,3,,,0,30,,71376,3,,,0,70,,71377,3,,,0,30,,71385,3,,,0,70,,71355,3,,,0,30,,71356,3,,,0,70,,71379,3,,,0,30,,71378,3,,,0,70,,71366,3,,,0,30,,71384,3,,,0,100,,71357,3,,,0,105,,71358,3,,,0,87,,71354,3,,,0,108,,71365,3,,,0
666400,'1_merged_15291795',532,,75691,3,,,0,70,,75684,3,,,0,28,,75685,3,,,0,70,,75656,3,,,0,28,,75657,3,,,0,73,,75658,3,,,0,36,,75659,3,,,0,68,,75660,3,,,0,32,,75688,3,,,0,70,,75661,3,,,0,30,,75662,3,,,0,73,,75663,3,,,0,30,,75664,3,,,0,70,,75665,3,,,0,30,,75666,3,,,0,70,,75667,3,,,0,27,,75668,3,,,0,71,,75670,3,,,0,30,,75671,3,,,0,72,,75672,3,,,0,30,,75686,3,,,0,70,,75673,3,,,0,30,,75674,3,,,0,70,,75675,3,,,0,30,,75676,3,,,0,70,,75677,3,,,0,30,,75655,3,,,0,70,,75669,3,,,0,26,,75678,3,,,0,23,,75679,3,,,0,75,,75687,3,,,0,76,,75690,3,,,0,42,,75680,3,,,0,80,,75681,3,,,0,80,,75682,3,,,0,39,,75689,3,,,0,80,,75683,3,,,0
666400,'2_merged_15291797',606,,75692,3,,,0,30,,75693,3,,,0,70,,75694,3,,,0,30,,75695,3,,,0,70,,75696,3,,,0,30,,75697,3,,,0,70,,75698,3,,,0,30,,75699,3,,,0,70,,75700,3,,,0,30,,75701,3,,,0,71,,75702,3,,,0,30,,75703,3,,,0,70,,75704,3,,,0,30,,75705,3,,,0,70,,75706,3,,,0,30,,75707,3,,,0,70,,75708,3,,,0,30,,75709,3,,,0,70,,75710,3,,,0,30,,75711,3,,,0,70,,75712,3,,,0,30,,75713,3,,,0,70,,75714,3,,,0,30,,75715,3,,,0,70,,75716,3,,,0,30,,75717,3,,,0,70,,75718,3,,,0,30,,75719,3,,,0,99,,75720,3,,,0,100,,75721,3,,,0,100,,75722,3,,,0,100,,75723,3,,,0,97,,75724,3,,,0
666400,'3_merged_15291796',716,,75725,3,,,0,100,,75726,3,,,0,99,,75727,3,,,0,100,,75728,3,,,0,101,,75729,3,,,0,30,,75743,3,,,0,70,,75730,3,,,0,30,,75744,3,,,0,70,,75731,3,,,0,30,,75745,3,,,0,70,,75732,3,,,0,30,,75746,3,,,0,70,,75733,3,,,0,30,,75747,3,,,0,70,,75734,3,,,0,30,,75748,3,,,0,70,,75735,3,,,0,30,,75749,3,,,0,70,,75736,3,,,0,100,,75737,3,,,0,100,,75738,3,,,0,100,,75739,3,,,0,100,,75742,3,,,0,100,,75740,3,,,0,118,,75741,3,,,0
684100,'1_merged_15291795',419,,95762,3,,,0,125,,95751,53,,,0,71,,95752,53,,,0,9,,95759,53,,,0,1992,,95761,3,,,0,11,,95760,53,,,0,30,,95754,53,,,0,60,,95756,53,,,0,20,,95753,53,,,0,22,,95755,53,,,0,70,,95757,53,,,0,75,,95758,53,,,0
684100,'2_merged_15291797',538,,95763,53,,,0,73,,95770,53,,,0,31,,95771,53,,,0,74,,95772,53,,,0,30,,95768,53,,,0,1804,,95764,3,,,0,79,,95774,53,,,0,74,,95765,53,,,0,17,,95769,53,,,0,20,,95773,53,,,0,60,,95766,53,,,0,30,,95767,53,,,0,80,,95775,53,,,0
684100,'3_merged_15291796',539,,95786,53,,,0,72,,95787,53,,,0,30,,95788,53,,,0,70,,95789,53,,,0,16,,95790,53,,,0,14,,95782,53,,,0,16,,95791,53,,,0,53,,95783,53,,,0,1705,,95784,3,,,0,41,,95776,53,,,0,70,,95777,53,,,0,32,,95780,53,,,0,70,,95779,53,,,0,30,,95778,53,,,0,75,,95781,53,,,0,75,,95785,53,,,0
3004300,'1_merged_15291795',511,,102411,3,,,0,20,,102410,3,,,0,18,,102355,3,,,0,53,,102354,3,,,0,13,,102353,3,,,0,16,,102352,3,,,0,17,,102369,3,,,0,53,,102351,3,,,0,15,,102350,3,,,0,14,,102416,3,,,0,15,,102393,3,,,0,59,,102415,3,,,0,16,,102414,3,,,0,17,,102413,3,,,0,15,,102412,3,,,0,54,,102392,3,,,0,15,,102366,3,,,0,15,,102391,3,,,0,15,,102365,3,,,0,55,,102390,3,,,0,15,,102364,3,,,0,15,,102389,3,,,0,15,,102363,3,,,0,55,,102388,3,,,0,15,,102362,3,,,0,15,,102387,3,,,0,15,,102361,3,,,0,55,,102386,3,,,0,15,,102360,3,,,0,15,,102385,3,,,0,15,,102359,3,,,0,56,,102384,3,,,0,15,,102358,3,,,0,15,,102383,3,,,0,15,,102357,3,,,0,55,,102409,3,,,0,15,,102356,3,,,0,16,,102408,3,,,0,15,,102407,3,,,0,56,,102406,3,,,0,15,,102405,3,,,0,17,,102417,3,,,0,14,,102404,3,,,0,57,,102403,3,,,0,13,,102402,3,,,0,16,,102401,3,,,0,14,,102400,3,,,0,57,,102399,3,,,0,15,,102398,3,,,0,15,,102397,3,,,0,17,,102396,3,,,0,53,,102395,3,,,0,15,,102394,3,,,0,14,,102382,3,,,0,60,,102381,3,,,0,20,,102367,3,,,0,25,,102380,3,,,0,62,,102379,3,,,0,18,,102368,3,,,0,20,,102378,3,,,0,65,,102377,3,,,0,29,,102376,3,,,0,71,,102375,3,,,0,30,,102374,3,,,0,70,,102373,3,,,0,30,,102372,3,,,0,70,,102371,3,,,0,30,,102370,3,,,0
3004300,'2_merged_15291797',601,,102451,3,,,0,33,,102450,3,,,0,72,,102449,3,,,0,30,,102448,3,,,0,70,,102447,3,,,0,31,,102446,3,,,0,70,,102445,3,,,0,30,,102444,3,,,0,71,,102443,3,,,0,31,,102442,3,,,0,68,,102441,3,,,0,19,,102453,3,,,0,20,,102440,3,,,0,60,,102439,3,,,0,20,,102454,3,,,0,20,,102438,3,,,0,60,,102437,3,,,0,20,,102455,3,,,0,20,,102436,3,,,0,60,,102435,3,,,0,20,,102456,3,,,0,20,,102434,3,,,0,60,,102433,3,,,0,20,,102457,3,,,0,20,,102432,3,,,0,60,,102431,3,,,0,19,,102458,3,,,0,21,,102430,3,,,0,60,,102429,3,,,0,21,,102459,3,,,0,20,,102428,3,,,0,58,,102427,3,,,0,24,,102426,3,,,0,77,,102425,3,,,0,25,,102424,3,,,0,75,,102423,3,,,0,25,,102422,3,,,0,75,,102421,3,,,0,30,,102420,3,,,0,75,,102452,3,,,0,25,,102419,3,,,0,75,,102460,3,,,0,25,,102418,3,,,0
3004300,'3_merged_15291796',636,,102478,3,,,0,70,,102477,3,,,0,30,,102476,3,,,0,70,,102475,3,,,0,30,,102474,3,,,0,70,,102473,3,,,0,30,,102472,3,,,0,72,,102471,3,,,0,29,,102470,3,,,0,69,,102469,3,,,0,20,,102479,3,,,0,20,,102468,3,,,0,60,,102467,3,,,0,20,,102480,3,,,0,20,,102466,3,,,0,60,,102465,3,,,0,20,,102481,3,,,0,20,,102464,3,,,0,61,,102463,3,,,0,20,,102482,3,,,0,20,,102462,3,,,0,60,,102461,3,,,0,20,,102483,3,,,0,20,,102502,3,,,0,59,,102501,3,,,0,20,,102484,3,,,0,20,,102500,3,,,0,60,,102499,3,,,0,20,,102485,3,,,0,20,,102498,3,,,0,55,,102497,3,,,0,30,,102496,3,,,0,70,,102495,3,,,0,30,,102494,3,,,0,70,,102493,3,,,0,30,,102492,3,,,0,70,,102486,3,,,0,30,,102491,3,,,0,70,,102487,3,,,0,30,,102490,3,,,0,70,,102488,3,,,0,30,,102489,3,,,0
