666701,'101_merged_15524987',829,,136187,16,,,0
666701,'1_merged_15524980',450,,136215,16,,,0,58,,136255,16,,,0,23,,136188,16,,,0,20,,136189,16,,,0,60,,136190,16,,,0,17,,136191,16,,,0,11,,136192,16,,,0,8,,136193,16,,,0,9,,136194,16,,,0,54,,136259,16,,,0,15,,136260,16,,,0,17,,136195,16,,,0,11,,136196,16,,,0,59,,136197,16,,,0,33,,136198,16,,,0,55,,136199,16,,,0,16,,136200,16,,,0,14,,136258,16,,,0,17,,136216,16,,,0,53,,136217,16,,,0,15,,136254,16,,,0,15,,136201,16,,,0,15,,136202,16,,,0,55,,136203,16,,,0,15,,136204,16,,,0,14,,136205,16,,,0,17,,136206,16,,,0,54,,136207,16,,,0,18,,136257,16,,,0,15,,136218,16,,,0,15,,136219,16,,,0,55,,136253,16,,,0,15,,136208,16,,,0,15,,136209,16,,,0,14,,136210,16,,,0,55,,136211,16,,,0,16,,136212,16,,,0,16,,136213,16,,,0,14,,136214,16,,,0,55,,136256,16,,,0,16,,136220,16,,,0,13,,136221,16,,,0,16,,136252,16,,,0,55,,136222,16,,,0,14,,136223,16,,,0,15,,136224,16,,,0,15,,136225,16,,,0,54,,136226,16,,,0,15,,136227,16,,,0,11,,136228,16,,,0,18,,136229,16,,,0,55,,136251,16,,,0,15,,136236,16,,,0,15,,136248,16,,,0,15,,136249,16,,,0,55,,136230,16,,,0,14,,136231,16,,,0,15,,136232,16,,,0,15,,136233,16,,,0,15,,136234,16,,,0,55,,136235,16,,,0,15,,136250,16,,,0,20,,136237,16,,,0,58,,136247,16,,,0,19,,136238,16,,,0,27,,136239,16,,,0,71,,136240,16,,,0,32,,136241,16,,,0,72,,136242,16,,,0,30,,136243,16,,,0,67,,136244,16,,,0,30,,136245,16,,,0,70,,136246,16,,,0
666701,'201',829,,136261,16,,,0
666701,'2_merged_15524982',600,,136270,16,,,0,29,,136271,16,,,0,20,,136288,16,,,0,61,,136289,16,,,0,20,,136285,16,,,0,15,,136290,16,,,0,57,,136291,16,,,0,14,,136292,16,,,0,15,,136293,16,,,0,11,,136294,16,,,0,8,,136262,16,,,0,52,,136295,16,,,0,16,,136296,16,,,0,14,,136297,16,,,0,13,,136298,16,,,0,56,,136299,16,,,0,18,,136300,16,,,0,16,,136301,16,,,0,14,,136302,16,,,0,55,,136303,16,,,0,13,,136305,16,,,0,15,,136306,16,,,0,16,,136307,16,,,0,55,,136304,16,,,0,17,,136308,16,,,0,14,,136284,16,,,0,13,,136309,16,,,0,56,,136310,16,,,0,14,,136311,16,,,0,15,,136313,16,,,0,16,,136314,16,,,0,55,,136315,16,,,0,17,,136316,16,,,0,15,,136317,16,,,0,17,,136318,16,,,0,55,,136319,16,,,0,16,,136320,16,,,0,15,,136321,16,,,0,13,,136322,16,,,0,55,,136323,16,,,0,15,,136324,16,,,0,15,,136325,16,,,0,14,,136326,16,,,0,55,,136327,16,,,0,14,,136328,16,,,0,15,,136263,16,,,0,15,,136264,16,,,0,64,,136265,16,,,0,14,,136266,16,,,0,11,,136287,16,,,0,14,,136267,16,,,0,55,,136268,16,,,0,15,,136286,16,,,0,14,,136269,16,,,0,16,,136273,16,,,0,60,,136272,16,,,0,19,,136274,16,,,0,21,,136275,16,,,0,72,,136312,16,,,0,33,,136276,16,,,0,71,,136277,16,,,0,75,,136278,16,,,0,27,,136279,16,,,0,29,,136280,16,,,0,73,,136281,16,,,0,70,,136282,16,,,0,25,,136283,16,,,0
666701,'3_merged_15524981',711,,136344,16,,,0,20,,136345,16,,,0,17,,136330,16,,,0,57,,136346,16,,,0,15,,136347,16,,,0,14,,136343,16,,,0,12,,136329,16,,,0,13,,136348,16,,,0,52,,136349,16,,,0,12,,136350,16,,,0,12,,136351,16,,,0,8,,136352,16,,,0,59,,136353,16,,,0,16,,136354,16,,,0,15,,136355,16,,,0,13,,136356,16,,,0,57,,136357,16,,,0,15,,136358,16,,,0,15,,136359,16,,,0,16,,136338,16,,,0,55,,136339,16,,,0,18,,136340,16,,,0,14,,136360,16,,,0,14,,136361,16,,,0,55,,136362,16,,,0,14,,136363,16,,,0,15,,136364,16,,,0,15,,136365,16,,,0,54,,136366,16,,,0,17,,136367,16,,,0,16,,136368,16,,,0,15,,136369,16,,,0,56,,136337,16,,,0,14,,136370,16,,,0,13,,136371,16,,,0,16,,136372,16,,,0,55,,136373,16,,,0,14,,136374,16,,,0,13,,136375,16,,,0,19,,136376,16,,,0,52,,136377,16,,,0,16,,136378,16,,,0,15,,136379,16,,,0,15,,136380,16,,,0,56,,136381,16,,,0,16,,136382,16,,,0,15,,136342,16,,,0,15,,136383,16,,,0,52,,136384,16,,,0,15,,136341,16,,,0,15,,136385,16,,,0,15,,136386,16,,,0,60,,136387,16,,,0,21,,136388,16,,,0,26,,136389,16,,,0,73,,136390,16,,,0,28,,136331,16,,,0,75,,136332,16,,,0,71,,136333,16,,,0,25,,136334,16,,,0,30,,136335,16,,,0,68,,136336,16,,,0
684101,'1_merged_15524980',337,,155626,8,,,0,69,,155625,8,,,0,12,,155624,8,,,0,2007,,155628,8,,,0,30,,155622,8,,,0,75,,155621,8,,,0,70,,155620,8,,,0,30,,155623,8,,,0,75,,155627,8,,,0
684101,'2_merged_15524982',333,,155629,8,,,0,70,,155634,8,,,0,32,,155635,8,,,0,66,,155636,8,,,0,29,,155633,8,,,0,1891,,155638,8,,,0,35,,155630,8,,,0,77,,155637,8,,,0,21,,155631,8,,,0,69,,155632,8,,,0,78,,155639,8,,,0
684101,'3_merged_15524981',335,,155648,8,,,0,70,,155650,8,,,0,30,,155647,8,,,0,70,,155646,8,,,0,13,,155653,8,,,0,15,,155643,8,,,0,15,,155654,8,,,0,55,,155645,8,,,0,1749,,155651,8,,,0,75,,155652,8,,,0,30,,155640,8,,,0,67,,155641,8,,,0,30,,155642,8,,,0,78,,155644,8,,,0,70,,155649,8,,,0
750900,'1_merged_15524980',953,,156227,5,,,0,75,,156228,5,,,0,75,,156229,5,,,0,36,,156230,5,,,0,75,,156231,5,,,0,35,,156232,5,,,0,74,,156233,5,,,0,35,,156234,5,,,0,75,,156235,5,,,0,76,,156236,5,,,0,35,,156237,5,,,0,75,,156238,5,,,0,35,,156239,5,,,0,75,,156240,5,,,0,75,,156241,5,,,0,35,,156242,5,,,0,74,,156243,5,,,0,35,,156244,5,,,0,70,,156245,5,,,0
750900,'2_merged_15524982',803,,156246,5,,,0,30,,156247,5,,,0,70,,156248,5,,,0,25,,156249,5,,,0,21,,156250,5,,,0,60,,156251,5,,,0,20,,156252,5,,,0,20,,156253,5,,,0,60,,156254,5,,,0,20,,156255,5,,,0,20,,156256,5,,,0,60,,156257,5,,,0,20,,156258,5,,,0,20,,156259,5,,,0,60,,156260,5,,,0,20,,156261,5,,,0,20,,156262,5,,,0,60,,156263,5,,,0,20,,156264,5,,,0,20,,156265,5,,,0,60,,156266,5,,,0,20,,156267,5,,,0,20,,156268,5,,,0,60,,156269,5,,,0,20,,156270,5,,,0,20,,156271,5,,,0,60,,156272,5,,,0,20,,156273,5,,,0,20,,156274,5,,,0,60,,156275,5,,,0,23,,156276,5,,,0,16,,156277,5,,,0,60,,156278,5,,,0,20,,156279,5,,,0,20,,156280,5,,,0,60,,156281,5,,,0
750900,'3_merged_15524981',803,,156282,5,,,0,30,,156283,5,,,0,70,,156284,5,,,0,25,,156285,5,,,0,20,,156286,5,,,0,60,,156287,5,,,0,20,,156288,5,,,0,22,,156289,5,,,0,61,,156290,5,,,0,20,,156291,5,,,0,20,,156292,5,,,0,60,,156293,5,,,0,20,,156294,5,,,0,20,,156295,5,,,0,60,,156296,5,,,0,20,,156297,5,,,0,20,,156298,5,,,0,60,,156299,5,,,0,20,,156300,5,,,0,22,,156301,5,,,0,60,,156302,5,,,0,20,,156303,5,,,0,19,,156304,5,,,0,61,,156305,5,,,0,19,,156306,5,,,0,20,,156307,5,,,0,60,,156308,5,,,0,20,,156309,5,,,0,20,,156310,5,,,0,60,,156311,5,,,0,20,,156312,5,,,0,20,,156313,5,,,0,60,,156314,5,,,0,20,,156315,5,,,0,20,,156316,5,,,0,60,,156317,5,,,0
