667700,'101_merged_15291802',1604,,78039,9,,,0
667700,'1101_merged_15291806',2514,,78040,9,,,0
667700,'1201_merged_15291788',2514,,78041,9,,,0
667700,'1_merged_15291795',611,,78079,9,,,0,29,,78052,9,,,0,71,,78060,9,,,0,30,,78067,9,,,0,73,,78077,9,,,0,28,,78063,9,,,0,78,,78047,9,,,0,24,,78085,9,,,0,87,,78046,9,,,0,71,,78054,9,,,0,28,,78061,9,,,0,70,,78059,9,,,0,30,,78058,9,,,0,71,,78068,9,,,0,31,,78045,9,,,0,69,,78083,9,,,0,15,,78048,9,,,0,30,,78049,9,,,0,65,,78042,9,,,0,20,,78073,9,,,0,14,,78053,9,,,0,70,,78056,9,,,0,19,,78064,9,,,0,12,,78057,9,,,0,59,,78074,9,,,0,14,,78069,9,,,0,19,,78080,9,,,0,20,,78084,9,,,0,53,,78070,9,,,0,15,,78081,9,,,0,12,,78078,9,,,0,16,,78071,9,,,0,50,,78051,9,,,0,12,,78072,9,,,0,14,,78066,9,,,0,16,,78086,9,,,0,57,,78062,9,,,0,16,,78044,9,,,0,15,,78082,9,,,0,11,,78043,9,,,0,68,,78075,9,,,0,29,,78065,9,,,0,69,,78055,9,,,0,30,,78088,9,,,0,70,,78076,9,,,0,30,,78087,9,,,0,70,,78050,9,,,0
667700,'2_merged_15291797',645,,78116,9,,,0,66,,78117,9,,,0,30,,78096,9,,,0,70,,78124,9,,,0,31,,78125,9,,,0,72,,78092,9,,,0,30,,78122,9,,,0,69,,78099,9,,,0,32,,78130,9,,,0,71,,78094,9,,,0,28,,78129,9,,,0,71,,78131,9,,,0,30,,78097,9,,,0,70,,78095,9,,,0,32,,78134,9,,,0,56,,78105,9,,,0,20,,78132,9,,,0,22,,78090,9,,,0,59,,78115,9,,,0,19,,78121,9,,,0,22,,78120,9,,,0,59,,78114,9,,,0,20,,78091,9,,,0,20,,78098,9,,,0,60,,78113,9,,,0,24,,78133,9,,,0,19,,78100,9,,,0,60,,78112,9,,,0,23,,78126,9,,,0,20,,78123,9,,,0,64,,78111,9,,,0,16,,78104,9,,,0,15,,78101,9,,,0,55,,78119,9,,,0,16,,78110,9,,,0,29,,78127,9,,,0,72,,78118,9,,,0,28,,78102,9,,,0,69,,78107,9,,,0,30,,78106,9,,,0,70,,78128,9,,,0,30,,78109,9,,,0,69,,78093,9,,,0,32,,78108,9,,,0,66,,78103,9,,,0,36,,78089,9,,,0
667700,'3_merged_15291796',814,,78152,9,,,0,30,,78146,9,,,0,70,,78155,9,,,0,29,,78145,9,,,0,70,,78153,9,,,0,30,,78144,9,,,0,69,,78154,9,,,0,31,,78135,9,,,0,69,,78156,9,,,0,32,,78143,9,,,0,69,,78139,9,,,0,32,,78151,9,,,0,70,,78158,9,,,0,31,,78150,9,,,0,13,,78172,9,,,0,70,,78159,9,,,0,15,,78149,9,,,0,57,,78171,9,,,0,29,,78162,9,,,0,16,,78148,9,,,0,55,,78170,9,,,0,31,,78160,9,,,0,13,,78147,9,,,0,56,,78169,9,,,0,31,,78157,9,,,0,14,,78142,9,,,0,57,,78168,9,,,0,26,,78137,9,,,0,15,,78141,9,,,0,59,,78167,9,,,0,26,,78136,9,,,0,17,,78140,9,,,0,67,,78138,9,,,0,30,,78166,9,,,0,71,,78163,9,,,0,30,,78165,9,,,0,71,,78161,9,,,0,34,,78164,9,,,0
667800,'1_merged_15291795',538,,78330,9,,,0,15,,78332,9,,,0,73,,78334,9,,,0,21,,78346,9,,,0,55,,78314,9,,,0,13,,78310,9,,,0,15,,78349,9,,,0,13,,78323,9,,,0,57,,78350,9,,,0,32,,78343,9,,,0,27,,78320,9,,,0,73,,78348,9,,,0,72,,78342,9,,,0,26,,78316,9,,,0,70,,78321,9,,,0,29,,78335,9,,,0,30,,78352,9,,,0,70,,78325,9,,,0,30,,78315,9,,,0,68,,78317,9,,,0,32,,78326,9,,,0,71,,78340,9,,,0,70,,78322,9,,,0,19,,78351,9,,,0,22,,78355,9,,,0,59,,78356,9,,,0,14,,78339,9,,,0,17,,78345,9,,,0,16,,78354,9,,,0,57,,78312,9,,,0,12,,78341,9,,,0,18,,78353,9,,,0,11,,78327,9,,,0,61,,78328,9,,,0,10,,78309,9,,,0,10,,78338,9,,,0,10,,78311,9,,,0,10,,78313,9,,,0,60,,78329,9,,,0,14,,78318,9,,,0,30,,78324,9,,,0,70,,78337,9,,,0,30,,78319,9,,,0,78,,78336,9,,,0,30,,78331,9,,,0,97,,78333,9,,,0,99,,78344,9,,,0,100,,78347,9,,,0
667800,'2_merged_15291797',603,,78360,3,,,0,24,,78366,9,,,0,30,,78358,9,,,0,70,,78379,9,,,0,30,,78359,9,,,0,72,,78390,9,,,0,30,,78389,9,,,0,70,,78381,9,,,0,30,,78391,9,,,0,70,,78387,9,,,0,30,,78363,9,,,0,69,,78361,9,,,0,28,,78357,9,,,0,74,,78362,9,,,0,29,,78364,9,,,0,70,,78392,9,,,0,71,,78365,9,,,0,29,,78375,9,,,0,29,,78382,9,,,0,70,,78371,9,,,0,30,,78383,9,,,0,73,,78372,9,,,0,69,,78384,9,,,0,30,,78373,9,,,0,70,,78388,9,,,0,30,,78376,9,,,0,70,,78385,9,,,0,30,,78367,9,,,0,70,,78386,9,,,0,30,,78369,9,,,0,70,,78377,9,,,0,28,,78393,9,,,0,17,,78368,9,,,0,70,,78380,9,,,0,30,,78378,9,,,0,100,,78374,9,,,0,100,,78370,9,,,0
667800,'3_merged_15291796',757,,78419,3,,,0,69,,78418,9,,,0,31,,78422,9,,,0,70,,78417,9,,,0,28,,78402,9,,,0,63,,78416,9,,,0,30,,78401,9,,,0,71,,78415,9,,,0,37,,78420,9,,,0,73,,78414,9,,,0,72,,78421,9,,,0,29,,78413,9,,,0,70,,78398,9,,,0,31,,78412,9,,,0,70,,78395,9,,,0,30,,78411,9,,,0,70,,78396,9,,,0,30,,78410,9,,,0,70,,78394,9,,,0,30,,78409,9,,,0,70,,78403,9,,,0,29,,78408,9,,,0,71,,78397,9,,,0,30,,78407,9,,,0,70,,78400,9,,,0,30,,78406,9,,,0,25,,78404,9,,,0,92,,78399,9,,,0,95,,78423,9,,,0,105,,78405,9,,,0,95,,78424,9,,,0
667901,'1_merged_15291795',538,,78647,20,,,0,66,,78648,20,,,0,27,,78662,20,,,0,71,,78649,20,,,0,25,,78661,20,,,0,79,,78641,20,,,0,31,,78665,20,,,0,74,,78656,20,,,0,24,,78636,20,,,0,70,,78655,20,,,0,31,,78634,20,,,0,74,,78664,20,,,0,31,,78637,20,,,0,68,,78652,20,,,0,28,,78643,20,,,0,70,,78651,20,,,0,30,,78642,20,,,0,70,,78654,20,,,0,32,,78658,20,,,0,73,,78640,20,,,0,31,,78657,20,,,0,67,,78635,20,,,0,32,,78666,20,,,0,68,,78660,20,,,0,31,,78650,20,,,0,69,,78646,20,,,0,26,,78639,20,,,0,77,,78645,20,,,0,27,,78638,20,,,0,65,,78633,20,,,0,33,,78659,20,,,0,69,,78663,20,,,0,30,,78644,20,,,0,71,,78653,20,,,0
667901,'2_merged_15291797',630,,78698,20,,,0,71,,78692,20,,,0,30,,78693,20,,,0,72,,78674,20,,,0,30,,78667,20,,,0,70,,78687,20,,,0,30,,78689,20,,,0,74,,78679,20,,,0,29,,78670,20,,,0,71,,78669,20,,,0,31,,78685,20,,,0,70,,78671,20,,,0,30,,78678,20,,,0,70,,78675,20,,,0,30,,78668,20,,,0,70,,78686,20,,,0,30,,78697,20,,,0,70,,78680,20,,,0,30,,78684,20,,,0,70,,78677,20,,,0,30,,78672,20,,,0,73,,78683,20,,,0,22,,78688,20,,,0,73,,78696,20,,,0,31,,78676,20,,,0,68,,78691,20,,,0,30,,78682,20,,,0,69,,78694,20,,,0,31,,78695,20,,,0,71,,78681,20,,,0,30,,78690,20,,,0,70,,78673,20,,,0
667901,'3_merged_15291796',734,,78711,20,,,0,70,,78701,20,,,0,30,,78716,20,,,0,70,,78718,20,,,0,30,,78705,20,,,0,70,,78723,20,,,0,30,,78715,20,,,0,70,,78727,20,,,0,30,,78726,20,,,0,71,,78699,20,,,0,31,,78722,20,,,0,71,,78704,20,,,0,31,,78714,20,,,0,71,,78717,20,,,0,29,,78703,20,,,0,71,,78720,20,,,0,30,,78710,20,,,0,70,,78721,20,,,0,31,,78700,20,,,0,70,,78702,20,,,0,31,,78719,20,,,0,68,,78706,20,,,0,30,,78707,20,,,0,70,,78725,20,,,0,30,,78708,20,,,0,69,,78713,20,,,0,30,,78712,20,,,0,70,,78728,20,,,0,30,,78709,20,,,0,68,,78724,20,,,0
668300,'1_merged_15291795',628,,79528,3,,,0,8,,79524,3,,,0,17,,79523,3,,,0,55,,79522,3,,,0,30,,79520,3,,,0,868,,79518,25,,,0,21,,79529,25,,,0,14,,79530,25,,,0,10,,79531,25,,,0,59,,79525,25,,,0,22,,79527,25,,,0,24,,79516,25,,,0,65,,79519,25,,,0,9,,79517,25,,,0,11,,79515,25,,,0,66,,79514,25,,,0,24,,79521,25,,,0,26,,79526,25,,,0
683700,'1101_merged_15291806',2654,,95616,36,,,0
683700,'1201_merged_15291788',2654,,95617,36,,,0
683700,'1_merged_15291795',2534,,95624,36,,,0,20,,95623,36,,,0,60,,95619,36,,,0,29,,95622,36,,,0,74,,95621,36,,,0,19,,95620,36,,,0,68,,95618,36,,,0
683700,'2_merged_15291797',520,,95633,10,,,0,2020,,95627,36,,,0,62,,95632,36,,,0,14,,95626,36,,,0,19,,95631,36,,,0,20,,95628,36,,,0,70,,95630,36,,,0,12,,95629,36,,,0,74,,95625,36,,,0
683700,'3_merged_15291796',550,,95642,10,,,0,74,,95643,10,,,0,31,,95644,10,,,0,69,,95645,30,,,0,1688,,95638,36,,,0,32,,95637,36,,,0,70,,95636,36,,,0,38,,95635,36,,,0,71,,95634,36,,,0,24,,95641,36,,,0,88,,95640,36,,,0,65,,95639,36,,,0
