661401,'152301_merged_15291801',2115,,58094,8,,,0,21,,58085,8,,,0,19,,58086,8,,,0,59,,58087,8,,,0,19,,58088,8,,,0,20,,58089,8,,,0,60,,58090,8,,,0,20,,58091,8,,,0,21,,58092,8,,,0,64,,58093,8,,,0
661401,'2_merged_15291797',2112,,58218,8,,,0,20,,58173,8,,,0,20,,58171,8,,,0,61,,58172,8,,,0,20,,58200,8,,,0,20,,58197,8,,,0,60,,58184,8,,,0,20,,58193,8,,,0,20,,58189,8,,,0,63,,58191,8,,,0
661401,'3_merged_15291796',2106,,58243,8,,,0,20,,58237,8,,,0,20,,58272,8,,,0,63,,58273,8,,,0,22,,58248,8,,,0,20,,58233,8,,,0,60,,58249,8,,,0,19,,58250,8,,,0,21,,58235,8,,,0,65,,58236,8,,,0
661701,'152201_merged_15291799',2508,,59824,37,,,0
661701,'152301_merged_15291801',2105,,59825,36,,,0,20,,59826,36,,,0,20,,59827,36,,,0,58,,59828,36,,,0,19,,59829,36,,,0,20,,59830,36,,,0,60,,59831,36,,,0,20,,59832,35,,,0,20,,59833,35,,,0,61,,59834,35,,,0,20,,59835,35,,,0,15,,59836,37,,,0,70,,59837,37,,,0
661701,'2_merged_15291797',2102,,59960,36,,,0,20,,59961,36,,,0,20,,59962,36,,,0,60,,59963,36,,,0,20,,59964,36,,,0,20,,59965,36,,,0,60,,59966,36,,,0,20,,59967,35,,,0,20,,59968,35,,,0,61,,59969,35,,,0,20,,59970,35,,,0,20,,59971,37,,,0,68,,59972,37,,,0
661701,'3_merged_15291796',2100,,60023,36,,,0,20,,60024,36,,,0,20,,60025,36,,,0,60,,60026,36,,,0,20,,60027,36,,,0,20,,60028,36,,,0,19,,60029,36,,,0,60,,60030,35,,,0,19,,60031,35,,,0,20,,60032,35,,,0,62,,60033,35,,,0,20,,60034,37,,,0,70,,60035,37,,,0
662001,'152301_merged_15291801',2105,,61476,7,,,0,16,,61477,7,,,0,15,,61478,7,,,0,15,,61479,7,,,0,55,,61480,7,,,0,20,,61481,7,,,0,20,,61482,7,,,0,60,,61483,7,,,0,20,,61484,7,,,0,20,,61485,7,,,0,69,,61486,7,,,0,30,,61487,7,,,0,70,,61488,7,0,18 17,0,30,,61489,7,0,18 17,0
662001,'2_merged_15291797',2105,,61623,7,,,0,19,,61624,7,,,0,20,,61625,7,,,0,60,,61626,7,,,0,20,,61627,7,,,0,20,,61628,7,,,0,60,,61629,7,,,0,22,,61630,7,,,0,20,,61631,7,,,0,69,,61632,7,,,0,30,,61633,7,,,0,70,,61634,7,0,18 17,0,30,,61635,7,0,18 17,0
662001,'3_merged_15291796',2115,,61695,7,,,0,20,,61696,7,,,0,20,,61697,7,,,0,60,,61698,7,,,0,20,,61699,7,,,0,20,,61700,7,,,0,60,,61701,7,,,0,20,,61702,7,,,0,20,,61703,7,,,0,59,,61704,7,,,0,30,,61705,7,,,0,70,,61706,7,0,18 17,0,30,,61707,7,0,18 17,0
662201,'152301_merged_15291801',2114,,62418,46,,,0,16,,62419,46,,,0,16,,62420,46,,,0,60,,62421,46,,,0,20,,62422,46,,,0,20,,62423,46,,,0,60,,62424,46,,,0,21,,62425,46,,,0,19,,62426,46,,,0,70,,62427,46,,,0,29,,62428,46,,,0,70,,62429,46,,,0,30,,62430,46,,,0
662201,'2_merged_15291797',2118,,62531,46,,,0,15,,62591,46,,,0,17,,62522,46,,,0,60,,62518,46,,,0,20,,62576,46,,,0,20,,62586,46,,,0,61,,62590,46,,,0,22,,62574,46,,,0,18,,62587,46,,,0,66,,62517,46,,,0,30,,62580,46,,,0,70,,62584,46,,,0,28,,62589,46,,,0
662201,'3_merged_15291796',2106,,62662,46,,,0,20,,62663,46,,,0,19,,62664,46,,,0,60,,62665,46,,,0,20,,62666,46,,,0,20,,62667,46,,,0,60,,62668,46,,,0,20,,62669,46,,,0,18,,62670,46,,,0,68,,62671,46,,,0,32,,62672,46,,,0,70,,62673,46,,,0,30,,62674,51,,,0
663701,'152301_merged_15291801',2100,,68143,11,,,0,22,,68144,11,,,0,23,,68145,11,,,0,60,,68146,11,,,0,20,,68147,11,,,0,22,,68149,11,,,0,58,,68150,11,,,0,25,,68148,11,,,0,22,,68151,11,,,0,62,,68152,11,,,0,34,,68153,11,,,0,65,,68154,11,,,0,28,,68155,11,,,0
663701,'2_merged_15291797',2109,,68272,11,,,0,19,,68273,11,,,0,20,,68274,11,,,0,60,,68275,11,,,0,23,,68276,11,,,0,21,,68277,11,,,0,70,,68278,11,,,0,29,,68279,11,,,0,67,,68280,11,,,0,31,,68281,11,,,0,70,,68282,11,,,0,28,,68283,11,,,0
663701,'3_merged_15291796',2125,,68343,11,,,0,21,,68344,11,,,0,61,,68345,11,,,0,20,,68346,11,,,0,21,,68347,11,,,0,70,,68348,11,,,0,30,,68349,11,,,0,70,,68350,11,,,0,30,,68351,11,,,0,71,,68352,11,,,0,26,,68353,11,,,0
683001,'1_merged_15291795',2614,,95446,6,,,0,31,,95447,6,,,0,70,,95448,6,,,0,30,,95449,6,,,0,70,,95450,6,,,0,29,,95451,6,,,0
683001,'2_merged_15291797',2616,,95457,6,,,0,34,,95453,6,,,0,70,,95452,6,,,0,30,,95456,6,,,0,72,,95455,6,,,0,34,,95454,6,,,0
683001,'3_merged_15291796',2614,,95459,6,,,0,30,,95458,6,,,0,70,,95463,6,,,0,30,,95462,6,,,0,70,,95461,6,,,0,40,,95460,6,,,0
683301,'1_merged_15291795',2615,,95492,6,,,0,14,,95495,6,,,0,19,,95493,6,,,0,72,,95494,6,,,0
683301,'2_merged_15291797',2619,,95498,6,,,0,13,,95499,6,,,0,20,,95497,6,,,0,61,,95496,6,,,0
683301,'3_merged_15291796',2616,,95502,6,,,0,30,,95501,6,,,0,70,,95500,6,,,0
684100,'1_merged_15291795',454,,95751,6,,,0,70,,95752,6,,,0,9,,95759,6,,,0,2007,,95760,6,,,0,70,,95754,6,,,0,20,,95756,6,,,0,20,,95753,6,,,0,62,,95755,6,,,0,30,,95757,6,,,0,75,,95758,6,,,0
684100,'2_merged_15291797',452,,95763,6,,,0,69,,95770,6,,,0,31,,95771,6,,,0,75,,95772,6,,,0,29,,95768,6,,,0,1884,,95774,6,,,0,74,,95765,6,,,0,17,,95769,6,,,0,20,,95773,6,,,0,60,,95766,6,,,0,30,,95767,6,,,0,80,,95775,6,,,0
684100,'3_merged_15291796',450,,95786,6,,,0,71,,95787,6,,,0,30,,95788,6,,,0,71,,95789,6,,,0,16,,95790,6,,,0,14,,95782,6,,,0,56,,95791,6,,,0,13,,95783,6,,,0,1789,,95776,6,,,0,30,,95777,6,,,0,72,,95780,6,,,0,30,,95779,6,,,0,70,,95778,6,,,0,35,,95781,6,,,0,75,,95785,6,,,0
1671801,'152301_merged_15291801',2108,,98516,8,,,0,16,,98517,8,,,0,16,,98518,8,,,0,15,,98519,8,,,0,55,,98520,8,,,0,15,,98521,8,,,0,20,,98522,8,,,0,61,,98523,8,,,0,18,,98524,8,,,0,20,,98513,8,,,0,70,,98508,8,,,0,15,,98515,8,,,0,15,,98509,8,,,0,15,,98514,8,,,0,54,,98510,8,,,0,30,,98511,8,,,0,5,,98512,8,,,0
1671801,'2_merged_15291797',2108,,98678,8,,,0,13,,98679,8,,,0,15,,98680,8,,,0,15,,98681,8,,,0,55,,98682,8,,,0,21,,98683,8,,,0,20,,98684,8,,,0,60,,98595,8,,,0,20,,98596,8,,,0,21,,98597,8,,,0,64,,98598,8,,,0,30,,98599,8,,,0,70,,98600,8,,,0,29,,98603,8,,,0,11,,98604,8,,,0
1671801,'3_merged_15291796',2126,,98730,8,,,0,15,,98731,8,,,0,15,,98732,8,,,0,55,,98740,8,,,0,17,,98733,8,,,0,20,,98734,8,,,0,60,,98699,8,,,0,19,,98700,8,,,0,21,,98701,8,,,0,64,,98735,8,,,0,30,,98736,8,,,0,70,,98737,8,,,0,30,,98738,8,,,0,8,,98743,8,,,0
