664501,'1_merged_15291795',454,,70978,2,,,0,63,,70924,2,,,0,21,,70948,2,,,0,9,,70983,2,,,0,10,,70912,2,,,0,52,,70936,2,,,0,12,,70928,2,,,0,12,,70933,2,,,0,10,,70966,2,,,0,9,,70896,2,,,0,48,,70980,2,,,0,8,,70899,2,,,0,7,,70953,2,,,0,8,,70969,2,,,0,7,,70935,2,,,0,8,,70981,2,,,0,8,,70927,2,,,0,8,,70947,2,,,0,48,,70894,2,,,0,10,,70932,2,,,0,10,,70952,2,,,0,10,,70942,2,,,0,12,,70913,2,,,0,12,,70941,2,,,0,51,,70919,2,,,0,13,,70910,2,,,0,12,,70926,2,,,0,12,,70906,2,,,0,12,,70986,2,,,0,52,,70950,2,,,0,12,,70931,2,,,0,12,,70974,2,,,0,12,,70968,2,,,0,12,,70987,2,,,0,52,,70925,2,,,0,12,,70901,2,,,0,12,,70975,2,,,0,12,,70920,2,,,0,12,,70988,2,,,0,52,,70923,2,,,0,12,,70921,2,,,0,12,,70976,2,,,0,12,,70893,2,,,0,13,,70989,2,,,0,52,,70897,2,,,0,12,,70951,2,,,0,12,,70977,2,,,0,12,,70898,2,,,0,12,,70990,2,,,0,53,,70930,2,,,0,12,,70911,2,,,0,12,,70967,2,,,0,12,,70892,2,,,0,12,,70991,2,,,0,52,,70964,2,,,0,12,,70905,2,,,0,9,,70984,2,,,0,10,,70945,2,,,0,9,,70918,2,,,0,9,,70985,2,,,0,50,,70982,2,,,0,9,,70979,2,,,0,9,,70946,2,,,0,10,,70934,2,,,0,9,,70965,2,,,0,9,,70954,2,,,0,48,,70891,2,,,0,9,,70963,2,,,0,9,,70900,2,,,0,10,,70956,2,,,0,9,,70909,2,,,0,10,,70917,2,,,0,9,,70916,2,,,0,50,,70955,2,,,0,9,,70915,2,,,0,10,,70949,2,,,0,9,,70904,2,,,0,9,,70973,2,,,0,9,,70937,2,,,0,50,,70914,2,,,0,10,,70908,2,,,0,10,,70902,2,,,0,10,,70929,2,,,0,15,,70939,2,,,0,55,,70903,2,,,0,17,,70972,2,,,0,16,,70907,2,,,0,15,,70938,2,,,0,54,,70943,2,,,0,16,,70962,2,,,0,14,,70958,2,,,0,15,,70971,2,,,0,54,,70957,2,,,0,20,,70959,2,,,0,30,,70961,2,,,0,65,,70970,2,,,0,29,,70944,2,,,0,68,,70960,2,,,0,32,,70940,2,,,0,70,,70922,2,,,0,33,,70895,2,,,0
664501,'2_merged_15291797',513,,71048,2,,,0,30,,71049,2,,,0,64,,71038,2,,,0,20,,71054,2,,,0,20,,71039,2,,,0,59,,71045,2,,,0,15,,71050,2,,,0,17,,71055,2,,,0,13,,71040,2,,,0,57,,71035,2,,,0,14,,71021,2,,,0,16,,70994,2,,,0,13,,71024,2,,,0,52,,71051,2,,,0,12,,71028,2,,,0,12,,71037,2,,,0,11,,71046,2,,,0,12,,71023,2,,,0,53,,71022,2,,,0,12,,70999,2,,,0,12,,71025,2,,,0,12,,71016,2,,,0,12,,70998,2,,,0,51,,71047,2,,,0,12,,71002,2,,,0,12,,71074,2,,,0,12,,71003,2,,,0,12,,71004,2,,,0,50,,71005,2,,,0,11,,71006,2,,,0,12,,71033,2,,,0,13,,71007,2,,,0,12,,71008,2,,,0,52,,71009,2,,,0,12,,71010,2,,,0,12,,71011,2,,,0,12,,71012,2,,,0,12,,71013,2,,,0,52,,71014,2,,,0,13,,71015,2,,,0,12,,71017,2,,,0,12,,71059,2,,,0,12,,71060,2,,,0,52,,71061,2,,,0,12,,71062,2,,,0,12,,71063,2,,,0,12,,71064,2,,,0,12,,71065,2,,,0,52,,71066,2,,,0,12,,71067,2,,,0,12,,71068,2,,,0,12,,71069,2,,,0,12,,71070,2,,,0,52,,71071,2,,,0,12,,71072,2,,,0,12,,70992,2,,,0,12,,71073,2,,,0,12,,70993,2,,,0,52,,71052,2,,,0,12,,71034,2,,,0,12,,71075,2,,,0,12,,71018,2,,,0,12,,71043,2,,,0,53,,70996,2,,,0,13,,71026,2,,,0,17,,71029,2,,,0,16,,71042,2,,,0,55,,71053,2,,,0,15,,71019,2,,,0,15,,70997,2,,,0,15,,71041,2,,,0,55,,70995,2,,,0,15,,71056,2,,,0,15,,71000,2,,,0,15,,71057,2,,,0,55,,71001,2,,,0,15,,71036,2,,,0,30,,71030,2,,,0,70,,71058,2,,,0,30,,71020,2,,,0,69,,71031,2,,,0,30,,71044,2,,,0,70,,71027,2,,,0,30,,71032,2,,,0
664501,'3_merged_15291796',543,,71090,2,,,0,59,,71139,2,,,0,29,,71093,2,,,0,19,,71091,2,,,0,55,,71096,2,,,0,16,,71092,2,,,0,14,,71126,2,,,0,15,,71145,2,,,0,54,,71100,2,,,0,15,,71143,2,,,0,14,,71144,2,,,0,16,,71122,2,,,0,54,,71094,2,,,0,15,,71080,2,,,0,15,,71109,2,,,0,15,,71102,2,,,0,54,,71110,2,,,0,16,,71121,2,,,0,16,,71104,2,,,0,15,,71079,2,,,0,56,,71099,2,,,0,13,,71108,2,,,0,10,,71116,2,,,0,12,,71146,2,,,0,12,,71124,2,,,0,51,,71119,2,,,0,13,,71114,2,,,0,12,,71084,2,,,0,12,,71147,2,,,0,12,,71095,2,,,0,52,,71101,2,,,0,12,,71125,2,,,0,12,,71097,2,,,0,12,,71148,2,,,0,12,,71118,2,,,0,52,,71132,2,,,0,12,,71113,2,,,0,12,,71115,2,,,0,12,,71149,2,,,0,12,,71135,2,,,0,52,,71127,2,,,0,12,,71085,2,,,0,12,,71117,2,,,0,12,,71150,2,,,0,12,,71120,2,,,0,52,,71134,2,,,0,12,,71142,2,,,0,12,,71112,2,,,0,12,,71151,2,,,0,12,,71106,2,,,0,52,,71107,2,,,0,12,,71103,2,,,0,12,,71098,2,,,0,12,,71129,2,,,0,12,,71141,2,,,0,56,,71081,2,,,0,14,,71136,2,,,0,15,,71089,2,,,0,15,,71128,2,,,0,55,,71105,2,,,0,15,,71140,2,,,0,15,,71088,2,,,0,15,,71083,2,,,0,55,,71138,2,,,0,15,,71130,2,,,0,15,,71087,2,,,0,16,,71131,2,,,0,60,,71078,2,,,0,30,,71111,2,,,0,70,,71086,2,,,0,30,,71077,2,,,0,70,,71137,2,,,0,30,,71082,2,,,0,69,,71076,2,,,0,30,,71123,2,,,0,74,,71133,2,,,0
683400,'1201_merged_15291788',2652,,95503,82,,,0,62,,95506,82,,,0,129,,95505,82,,,0
683400,'1_merged_15291795',2637,,95513,82,,,0,67,,95511,82,,,0,49,,95512,82,,,0,55,,95510,82,,,0,19,,95509,82,,,0,31,,95507,82,,,0,65,,95514,82,,,0
683400,'2_merged_15291797',533,,95524,82,,,0,14,,95523,82,,,0,73,,95527,82,,,0,21,,95522,82,,,0,70,,95521,82,,,0,1904,,95528,82,,,0,19,,95529,82,,,0,20,,95526,82,,,0,60,,95530,82,,,0,15,,95519,82,,,0,15,,95516,82,,,0,15,,95518,82,,,0,60,,95517,82,,,0,105,,95525,82,,,0
683400,'3_merged_15291796',538,,95540,82,,,0,70,,95541,82,,,0,15,,95542,82,,,0,15,,95548,82,,,0,15,,95547,82,,,0,56,,95543,82,,,0,26,,95531,82,,,0,19,,95549,82,,,0,54,,95544,82,,,0,1739,,95546,82,,,0,60,,95545,82,,,0,22,,95535,82,,,0,78,,95532,82,,,0,40,,95533,82,,,0,62,,95534,82,,,0,101,,95539,82,,,0
683401,'1_merged_15291795',2510,,95552,12,,,0,28,,95551,12,,,0,72,,95550,12,,,0
683401,'2_merged_15291797',2425,,95556,12,,,0,81,,95555,12,,,0,30,,95554,12,,,0,71,,95553,12,,,0
683401,'3_merged_15291796',2509,,95557,12,,,0,30,,95558,12,,,0,70,,95559,12,,,0
