674900,'101_merged_15524987',724,,150770,18,0,62 63 64,0
674900,'1_merged_15524980',537,,150835,18,,,0,13,,150836,18,,,0,57,,150837,18,,,0,17,,150838,18,,,0,15,,150839,18,,,0,16,,150840,18,,,0,56,,150841,18,,,0,30,,150842,18,,,0,15,,150843,18,0,58 59,0,55,,150844,18,0,58 59,0,12,,150781,18,,,0,14,,150826,18,0,58 59,0,18,,150827,18,,,0,55,,150828,18,0,58 59,0,15,,150829,18,,,0,8,,150830,18,0,60 61 8,0,9,,150831,18,0,58 59,0,13,,150832,18,,,0,55,,150833,18,0,58 59,0,15,,150834,18,,,0,15,,150782,18,0,58 59,0,15,,150807,18,,,0,55,,150808,18,0,58 59,0,15,,150809,18,,,0,15,,150810,18,0,58 59,0,17,,150811,18,,,0,55,,150812,18,0,58 59,0,15,,150813,18,,,0,12,,150814,18,0,58 59,0,17,,150815,18,,,0,54,,150816,18,0,58 59,0,15,,150817,18,,,0,17,,150818,18,0,58 59,0,13,,150819,18,,,0,57,,150820,18,0,60 61 8,0,36,,150821,18,,,0,55,,150822,18,,,0,15,,150823,18,,,0,17,,150824,18,,,0,17,,150825,18,,,0,54,,150773,18,,,0,14,,150779,18,,,0,23,,150801,18,,,0,7,,150783,18,,,0,63,,150772,18,,,0,5,,150802,18,,,0,24,,150803,18,,,0,6,,150804,18,,,0,55,,150805,18,,,0,21,,150806,18,,,0,5,,150780,18,,,0,19,,150774,18,,,0,9,,150784,18,,,0,56,,150785,18,,,0,14,,150796,18,,,0,16,,150797,18,,,0,14,,150798,18,,,0,53,,150799,18,0,60 61 8,0,17,,150800,18,,,0,15,,150778,18,,,0,16,,150775,18,,,0,56,,150788,18,0,60 61 8,0,12,,150789,18,,,0,30,,150790,18,,,0,70,,150791,18,,,0,30,,150776,18,,,0,69,,150793,18,,,0,30,,150787,18,,,0,68,,150792,18,,,0,30,,150777,18,,,0,70,,150795,18,0,58 59,0,29,,150786,18,0,58 59,0,70,,150794,18,0,58 59,0
674900,'201',723,,150845,18,,,0
674900,'2_merged_15524982',625,,150848,18,,,0,30,,150849,18,,,0,67,,150850,18,,,0,15,,150851,18,,,0,15,,150852,18,0,58 59,0,55,,150853,18,,,0,10,,150854,18,0,58 59,0,15,,150855,18,,,0,15,,150856,18,0,58 59,0,55,,150857,18,,,0,16,,150858,18,0,58 59,0,16,,150859,18,,,0,15,,150860,18,0,58 59,0,54,,150861,18,,,0,15,,150862,18,0,58 59,0,18,,150863,18,,,0,15,,150864,18,0,58 59,0,54,,150865,18,,,0,15,,150866,18,0,58 59,0,15,,150867,18,,,0,16,,150868,18,0,58 59,0,55,,150869,18,,,0,17,,150870,18,0,58 59,0,15,,150871,18,,,0,12,,150872,18,0,58 59,0,55,,150873,18,,,0,15,,150874,18,0,58 59,0,16,,150875,18,,,0,15,,150876,18,0,58 59,0,55,,150877,18,,,0,15,,150878,18,0,58 59,0,17,,150879,18,,,0,15,,150880,18,0,58 59,0,55,,150881,18,,,0,15,,150882,18,0,58 59,0,13,,150883,18,,,0,15,,150884,18,0,58 59,0,57,,150885,18,,,0,13,,150886,18,0,58 59,0,15,,150887,18,,,0,15,,150888,18,0,58 59,0,54,,150889,18,,,0,15,,150890,18,0,58 59,0,15,,150891,18,,,0,15,,150892,18,0,58 59,0,55,,150893,18,,,0,15,,150894,18,0,58 59,0,14,,150895,18,,,0,15,,150896,18,,,0,55,,150897,18,,,0,20,,150898,18,,,0,20,,150899,18,,,0,57,,150900,18,,,0,22,,150901,18,,,0,20,,150902,18,,,0,59,,150903,18,,,0,24,,150904,18,,,0,30,,150905,18,,,0,70,,150906,18,,,0,30,,150907,18,,,0,68,,150908,18,,,0,30,,150909,18,,,0,70,,150910,18,,,0,30,,150911,18,,,0,69,,150912,18,0,58 59,0,35,,150846,18,0,58 59,0,65,,150847,18,0,58 59,0
674900,'3_merged_15524981',628,,150942,18,,,0,72,,150941,18,,,0,23,,150947,18,,,0,31,,150946,18,,,0,55,,150958,18,0,58 59,0,16,,150957,18,,,0,15,,150956,18,0,58 59,0,15,,150955,18,,,0,56,,150954,18,0,58 59,0,16,,150953,18,,,0,15,,150977,18,0,58 59,0,16,,150976,18,,,0,55,,150952,18,0,58 59,0,16,,150951,18,,,0,15,,150950,18,0,58 59,0,13,,150949,18,,,0,50,,150948,18,0,58 59,0,14,,150945,18,,,0,16,,150944,18,0,58 59,0,15,,150943,18,,,0,53,,150969,18,0,58 59,0,19,,150917,18,,,0,15,,150916,18,0,58 59,0,15,,150915,18,,,0,54,,150914,18,0,58 59,0,16,,150913,18,,,0,15,,150975,18,0,58 59,0,9,,150974,18,,,0,63,,150973,18,0,58 59,0,15,,150972,18,,,0,15,,150971,18,0,58 59,0,15,,150970,18,,,0,55,,150968,18,0,58 59,0,14,,150967,18,,,0,14,,150966,18,0,58 59,0,14,,150965,18,,,0,5,,150964,18,0,58 59,0,65,,150963,18,,,0,15,,150962,18,0,58 59,0,15,,150961,18,,,0,53,,150960,18,0,58 59,0,17,,150959,18,,,0,16,,150930,18,0,58 59,0,14,,150940,18,,,0,56,,150939,18,0,58 59,0,19,,150938,18,,,0,15,,150937,18,0,58 59,0,15,,150936,18,,,0,54,,150935,18,0,58 59,0,14,,150934,18,,,0,15,,150933,18,0,58 59,0,15,,150932,18,,,0,55,,150931,18,0,58 59,0,15,,150929,18,,,0,15,,150928,18,0,58 59,0,11,,150927,18,,,0,60,,150926,18,,,0,20,,150925,18,,,0,71,,150924,18,,,0,31,,150923,18,,,0,70,,150922,18,,,0,28,,150921,18,,,0,70,,150920,18,,,0,31,,150919,18,,,0,101,,150918,18,0,58 59,0
674900,'701_merged_15524974',1434,,150978,18,0,62 63 121 122 123,0
674900,'801_merged_15524992',1428,,150979,18,,,0
722400,'1_merged_15524980',549,,155834,25,,,0,60,,155832,25,,,0,24,,155809,25,,,0,10,,155807,25,,,0,61,,155835,25,,,0,7,,155839,25,,,0,24,,155833,25,,,0,20,,155830,25,,,0,51,,155836,25,,,0,26,,155829,25,,,0,18,,155828,25,,,0,63,,155840,25,,,0,17,,155825,25,,,0,72,,155824,25,,,0,26,,155822,25,,,0,30,,155821,25,,,0,70,,155820,25,,,0,73,,155819,25,,,0,30,,155818,25,,,0,70,,155817,25,,,0,30,,155823,25,,,0,71,,155816,25,,,0,33,,155831,25,,,0,70,,155827,25,,,0,32,,155837,25,,,0,20,,155826,25,,,0,60,,155815,25,,,0,26,,155838,25,,,0,14,,155814,25,,,0,60,,155806,25,,,0,16,,155804,25,,,0,15,,155841,25,,,0,55,,155813,25,,,0,21,,155812,25,,,0,33,,155811,25,,,0,61,,155810,25,,,0,19,,155805,25,,,0,63,,155808,25,,,0,32,,155845,25,,,0
3454000,'1_merged_15524980',535,,168493,7,,,0,70,,168494,7,,,0,30,,168495,7,,,0,70,,168496,7,,,0,31,,168497,7,,,0,70,,168498,7,,,0,30,,168499,7,,,0,80,,168500,7,,,0,40,,168501,7,,,0,81,,168502,7,,,0,80,,168503,7,,,0,40,,168504,7,,,0,81,,168505,7,,,0,80,,168506,7,,,0,40,,168507,7,,,0,80,,168508,7,,,0,82,,168509,7,,,0,29,,168510,7,,,0,70,,168511,7,,,0,40,,168512,7,,,0,70,,168513,7,,,0,30,,168514,7,,,0,80,,168515,7,,,0,90,,168516,7,,,0,80,,168517,7,,,0,40,,168518,7,,,0,79,,168519,7,,,0,80,,168520,7,,,0
3454000,'2_merged_15524982',857,,168521,7,,,0,85,,168522,7,,,0,85,,168523,7,,,0,85,,168524,7,,,0,45,,168525,7,,,0,85,,168526,7,,,0,85,,168527,7,,,0,85,,168528,7,,,0,45,,168529,7,,,0,85,,168530,7,,,0,85,,168531,7,,,0,85,,168532,7,,,0,45,,168533,7,,,0,85,,168534,7,,,0,85,,168535,7,,,0,85,,168536,7,,,0,45,,168537,7,,,0,85,,168538,7,,,0,85,,168539,7,,,0
3454000,'3_merged_15524981',857,,168540,7,,,0,85,,168541,7,,,0,85,,168542,7,,,0,85,,168543,7,,,0,45,,168544,7,,,0,85,,168545,7,,,0,85,,168546,7,,,0,85,,168547,7,,,0,45,,168548,7,,,0,85,,168549,7,,,0,85,,168550,7,,,0,85,,168551,7,,,0,45,,168552,7,,,0,85,,168553,7,,,0,85,,168554,7,,,0,85,,168555,7,,,0,45,,168556,7,,,0,85,,168557,7,,,0,85,,168558,7,,,0
