664601,'101_merged_15524987',835,,130947,11,,,0,683,,130946,11,0,41 8,0,82,,130945,11,,,0
664601,'1_merged_15524980',543,,130989,11,,,0,60,,130973,11,,,0,21,,130972,11,,,0,20,,130971,11,,,0,61,,130983,11,,,0,20,,130977,11,,,0,20,,130959,11,,,0,55,,130979,11,,,0,20,,130993,11,,,0,30,,130951,11,,,0,70,,130957,11,,,0,30,,130954,11,,,0,70,,130987,11,,,0,30,,130982,11,,,0,70,,130975,11,,,0,30,,130970,11,,,0,70,,130969,11,,,0,30,,130976,11,,,0,70,,130980,11,,,0,30,,130949,11,,,0,70,,130967,11,,,0,21,,130966,11,,,0,59,,130992,11,,,0,20,,130955,11,,,0,20,,130991,11,,,0,80,,130968,11,,,0,20,,130953,11,,,0,60,,130963,11,,,0,20,,130952,11,,,0,20,,130978,11,,,0,60,,130958,11,,,0,25,,130956,11,,,0,30,,130990,11,,,0,70,,130960,11,,,0,30,,130988,11,,,0,70,,130950,11,,,0,29,,130964,11,,,0,69,,130981,11,,,0,30,,130986,11,,,0,80,,130985,11,,,0,104,,130984,11,,,0,100,,130974,11,,,0,100,,130961,11,,,0
664601,'201',835,,130994,11,,,0,765,,130995,11,,,0
664601,'2_merged_15524982',623,,131009,11,,,0,30,,131002,11,,,0,69,,131000,11,,,0,31,,131015,11,,,0,76,,131016,11,,,0,71,,131017,11,,,0,19,,130996,11,,,0,30,,131006,11,,,0,68,,131019,11,,,0,36,,131012,11,,,0,70,,131021,11,,,0,30,,131022,11,,,0,72,,131023,11,,,0,28,,131025,11,,,0,71,,131020,11,,,0,30,,130997,11,,,0,72,,130998,11,,,0,29,,130999,11,,,0,68,,131031,11,,,0,30,,131026,11,,,0,69,,131029,11,,,0,29,,131027,11,,,0,71,,131028,11,,,0,28,,131030,11,,,0,70,,131013,11,,,0,31,,131007,11,,,0,70,,131008,11,,,0,28,,131014,11,,,0,70,,131003,11,,,0,30,,131018,11,,,0,70,,131024,11,,,0,32,,131004,11,,,0,90,,131005,11,,,0,96,,131001,11,,,0,100,,131010,11,,,0,100,,131011,11,,,0
664601,'3_merged_15524981',743,,131046,11,,,0,70,,131043,11,,,0,30,,131048,11,,,0,70,,131039,11,,,0,32,,131040,11,,,0,70,,131038,11,,,0,30,,131062,11,,,0,70,,131059,11,,,0,30,,131060,11,,,0,70,,131041,11,,,0,30,,131042,11,,,0,70,,131061,11,,,0,30,,131032,11,,,0,70,,131047,11,,,0,30,,131049,11,,,0,70,,131050,11,,,0,30,,131051,11,,,0,70,,131052,11,,,0,30,,131053,11,,,0,69,,131054,11,,,0,30,,131055,11,,,0,70,,131056,11,,,0,30,,131064,11,,,0,70,,131034,11,,,0,30,,131035,11,,,0,70,,131058,11,,,0,30,,131057,11,,,0,70,,131045,11,,,0,30,,131063,11,,,0,98,,131036,11,,,0,105,,131037,11,,,0,87,,131033,11,,,0,108,,131044,11,,,0
665400,'101_merged_15524987',925,,133158,32,,,0,801,,133159,32,,,0
665400,'1_merged_15524980',555,,133163,32,,,0,64,,133162,32,,,0,33,,133179,32,,,0,71,,133181,32,,,0,32,,133165,32,,,0,70,,133182,32,,,0,30,,133164,32,,,0,104,,133172,32,,,0,69,,133173,32,,,0,30,,133174,32,,,0,67,,133171,32,,,0,30,,133175,32,,,0,70,,133176,32,,,0,30,,133177,32,,,0,70,,133178,32,,,0,30,,133186,32,,,0,71,,133187,32,,,0,31,,133188,32,,,0,73,,133189,32,,,0,72,,133190,32,,,0,30,,133183,32,,,0,71,,133160,32,,,0,53,,133167,32,,,0,69,,133168,32,,,0,34,,133180,32,,,0,66,,133184,32,,,0,27,,133191,32,,,0,66,,133192,32,,,0,28,,133166,32,,,0,68,,133185,32,,,0,30,,133193,32,,,0,70,,133161,32,,,0,104,,133169,32,,,0,105,,133170,32,,,0
665400,'201',925,,133194,32,,,0,801,,133195,32,,,0
665400,'2_merged_15524982',621,,133215,32,,,0,35,,133229,32,,,0,70,,133205,32,,,0,30,,133230,32,,,0,70,,133222,32,,,0,31,,133221,32,,,0,70,,133204,32,,,0,31,,133219,32,,,0,70,,133218,32,,,0,30,,133208,32,,,0,70,,133206,32,,,0,30,,133211,32,,,0,72,,133210,32,,,0,70,,133209,32,,,0,30,,133196,32,,,0,70,,133198,32,,,0,35,,133213,32,,,0,70,,133212,32,,,0,30,,133214,32,,,0,71,,133225,32,,,0,30,,133224,32,,,0,70,,133203,32,,,0,30,,133197,32,,,0,70,,133216,32,,,0,30,,133217,32,,,0,69,,133207,32,,,0,30,,133220,32,,,0,68,,133227,32,,,0,30,,133226,32,,,0,70,,133202,32,,,0,30,,133201,32,,,0,70,,133200,32,,,0,30,,133199,32,,,0,90,,133228,32,,,0,35,,133223,32,,,0
665400,'3_merged_15524981',719,,133240,32,,,0,35,,133239,32,,,0,71,,133262,32,,,0,32,,133248,32,,,0,72,,133247,32,,,0,30,,133246,32,,,0,70,,133245,32,,,0,30,,133244,32,,,0,71,,133255,32,,,0,71,,133232,32,,,0,30,,133256,32,,,0,70,,133242,32,,,0,30,,133241,32,,,0,70,,133249,32,,,0,30,,133237,32,,,0,70,,133236,32,,,0,30,,133235,32,,,0,70,,133234,32,,,0,30,,133233,32,,,0,70,,133254,32,,,0,30,,133253,32,,,0,70,,133231,32,,,0,30,,133263,32,,,0,70,,133238,32,,,0,28,,133252,32,,,0,30,,133261,32,,,0,70,,133260,32,,,0,29,,133250,32,,,0,70,,133259,32,,,0,30,,133258,32,,,0,70,,133257,32,,,0,79,,133243,32,,,0,100,,133251,32,,,0
