674100,'101_merged_15288070',1505,,89946,15,,,0
674100,'1_merged_15288063',422,,89947,15,,,0,29,,89948,15,,,0,67,,89949,15,,,0,17,,89950,15,,,0,13,,89951,15,,,0,59,,89952,15,,,0,52,,89959,12,,,0,71,,89962,12,,,0,23,,89964,15,,,0,55,,89965,15,,,0,16,,89966,12,,,0,12,,89967,15,,,0,15,,89968,15,,,0,70,,89970,15,,,0,16,,89971,15,,,0,15,,89972,15,,,0,59,,89973,15,,,0,28,,89974,15,,,0,68,,89975,15,,,0,20,,90016,15,,,0,20,,89976,15,,,0,59,,89977,15,,,0,20,,90014,15,,,0,20,,89978,15,,,0,60,,90013,15,,,0,19,,89979,15,,,0,21,,90015,15,,,0,60,,89980,15,,,0,18,,89981,15,,,0,12,,89982,15,,,0,12,,89983,15,,,0,53,,89984,15,,,0,19,,89985,15,,,0,15,,89986,15,,,0,15,,89987,15,,,0,55,,89988,15,,,0,15,,89989,15,,,0,15,,89990,15,,,0,15,,89991,15,,,0,56,,89992,15,,,0,16,,89993,15,,,0,16,,89994,12,,,0,14,,89995,15,,,0,56,,89996,15,,,0,22,,89997,12,,,0,20,,89998,15,,,0,59,,89999,15,,,0,19,,90000,15,,,0,20,,90001,15,,,0,60,,90002,15,,,0,20,,90003,15,,,0,20,,90004,15,,,0,67,,90005,15,,,0,33,,90006,15,,,0,70,,90007,15,,,0,32,,90008,15,,,0,70,,90009,15,,,0,100,,90010,15,,,0,92,,90011,15,,,0,137,,90012,15,0,96 99,0
674100,'2_merged_15288065',425,,90062,15,,,0,102,,90061,15,,,0,105,,90060,15,,,0,69,,90059,15,,,0,22,,90067,15,,,0,22,,90058,15,,,0,62,,90056,15,,,0,20,,90068,15,,,0,20,,90055,15,,,0,61,,90054,15,,,0,20,,90069,15,,,0,21,,90053,15,,,0,60,,90057,15,,,0,22,,90070,15,,,0,20,,90052,15,,,0,61,,90051,15,,,0,20,,90023,15,,,0,20,,90050,15,,,0,60,,90049,15,,,0,20,,90022,15,,,0,20,,90048,15,,,0,60,,90047,15,,,0,20,,90021,15,,,0,20,,90046,15,,,0,60,,90045,15,,,0,20,,90020,15,,,0,22,,90032,15,,,0,60,,90031,15,,,0,20,,90019,15,,,0,17,,90044,15,,,0,57,,90063,15,,,0,15,,90043,15,,,0,15,,90018,15,,,0,15,,90042,15,,,0,55,,90064,15,,,0,15,,90041,15,,,0,15,,90017,15,,,0,15,,90024,15,,,0,55,,90065,15,,,0,15,,90040,15,,,0,20,,90039,15,,,0,60,,90038,15,,,0,20,,90066,15,,,0,20,,90037,15,,,0,60,,90036,15,,,0,32,,90035,15,,,0,70,,90034,15,,,0,30,,90026,15,,,0,70,,90033,15,,,0,30,,90025,15,,,0,79,,90030,15,,,0,99,,90029,15,,,0,108,,90028,15,,,0,123,,90027,15,,,0
674100,'3_merged_15288064',427,,90116,15,,,0,103,,90115,15,,,0,103,,90114,15,,,0,71,,90113,15,,,0,31,,90112,15,,,0,71,,90110,15,,,0,20,,90122,15,,,0,19,,90109,15,,,0,60,,90108,15,,,0,20,,90123,15,,,0,18,,90107,15,,,0,62,,90111,15,,,0,19,,90124,15,,,0,21,,90106,15,,,0,61,,90105,15,,,0,19,,90125,15,,,0,12,,90077,15,,,0,20,,90104,15,,,0,60,,90103,15,,,0,20,,90076,15,,,0,20,,90102,15,,,0,60,,90101,15,,,0,20,,90075,15,,,0,20,,90100,15,,,0,60,,90099,15,,,0,21,,90074,15,,,0,20,,90086,15,,,0,60,,90085,15,,,0,20,,90073,15,,,0,17,,90098,15,,,0,53,,90117,15,,,0,14,,90097,15,,,0,17,,90072,15,,,0,15,,90096,15,,,0,54,,90118,15,,,0,15,,90095,15,,,0,15,,90071,15,,,0,15,,90078,15,,,0,54,,90119,15,,,0,15,,90094,15,,,0,15,,90093,15,,,0,15,,90120,15,,,0,57,,90092,15,,,0,16,,90121,15,,,0,19,,90091,15,,,0,60,,90090,15,,,0,32,,90089,15,,,0,69,,90088,15,,,0,30,,90080,15,,,0,70,,90087,15,,,0,30,,90079,15,,,0,77,,90084,15,,,0,102,,90083,15,,,0,106,,90082,15,,,0,123,,90081,15,,,0
674200,'1_merged_15288063',545,,90295,15,,,0,88,,90296,15,,,0,13,,90289,15,,,0,73,,90290,15,,,0,28,,90291,15,,,0,75,,90292,15,,,0,28,,90293,15,,,0,53,,90294,15,,,0
674400,'1_merged_15288063',621,,90333,13,0,89 90 12,0,82,,90334,13,,,0,17,,90335,13,,,0,23,,90336,13,,,0,11,,90337,13,,,0,52,,90338,13,,,0,823,,90339,13,0,89 90 12,0,77,,90340,13,0,89 90 12,0,48,,90341,13,0,89 90 12,0,67,,90342,13,0,89 90 12,0,87,,90343,13,0,89 90 12,0,24,,90344,13,0,89 90 12,0
684400,'1_merged_15288063',935,,95903,12,,,0,100,,95902,12,,,0,100,,95901,12,,,0,100,,95900,12,,,0,100,,95899,12,,,0,100,,95911,12,,,0,100,,95910,12,,,0,101,,95909,12,,,0,103,,95908,12,,,0,96,,95907,12,,,0,99,,95906,12,,,0,100,,95905,12,,,0,99,,95904,12,,,0
684400,'2_merged_15288065',926,,95912,12,,,0,100,,95914,12,,,0,100,,95913,12,,,0,100,,95924,12,,,0,101,,95923,12,,,0,100,,95922,12,,,0,98,,95921,12,,,0,101,,95920,12,,,0,100,,95919,12,,,0,99,,95918,12,,,0,98,,95917,12,,,0,105,,95916,12,,,0,100,,95915,12,,,0
684400,'3_merged_15288064',923,,95934,12,,,0,101,,95931,12,,,0,100,,95930,12,,,0,100,,95927,12,,,0,102,,95926,12,,,0,100,,95925,12,,,0,99,,95936,12,,,0,100,,95935,12,,,0,100,,95933,12,,,0,100,,95929,12,,,0,100,,95932,12,,,0,100,,95928,12,,,0
1169601,'1_merged_15288063',517,,97732,36,,,0,31,,97733,36,,,0,70,,97734,36,,,0,31,,97735,36,,,0,72,,97736,36,,,0,30,,97737,36,,,0,71,,97738,36,,,0,30,,97739,36,,,0,70,,97740,36,,,0,33,,97760,36,,,0,70,,97741,36,,,0,30,,97761,36,,,0,70,,97742,36,,,0,30,,97762,36,,,0,69,,97743,36,,,0,30,,97763,36,,,0,72,,97744,36,,,0,30,,97764,36,,,0,70,,97745,36,,,0,29,,97765,36,,,0,72,,97746,36,,,0,30,,97757,36,,,0,70,,97747,36,,,0,30,,97748,36,,,0,69,,97749,36,,,0,30,,97750,36,,,0,67,,97751,36,,,0,29,,97752,36,,,0,69,,97753,36,,,0,30,,97766,36,,,0,69,,97754,36,,,0,30,,97767,36,,,0,70,,97755,36,,,0,30,,97768,36,,,0,70,,97756,36,,,0,30,,97769,36,,,0,70,,97758,36,,,0,30,,97770,36,,,0,70,,97759,36,,,0
1169601,'2_merged_15288065',641,,97771,36,,,0,72,,97772,36,,,0,30,,97799,36,,,0,71,,97773,36,,,0,30,,97774,36,,,0,72,,97800,36,,,0,32,,97775,36,,,0,70,,97776,36,,,0,31,,97777,36,,,0,69,,97778,36,,,0,30,,97779,36,,,0,70,,97780,36,,,0,30,,97781,36,,,0,71,,97782,36,,,0,30,,97783,36,,,0,72,,97784,36,,,0,30,,97785,36,,,0,72,,97786,36,,,0,28,,97787,36,,,0,68,,97788,36,,,0,30,,97789,36,,,0,70,,97790,36,,,0,30,,97791,36,,,0,69,,97792,36,,,0,30,,97793,36,,,0,70,,97794,36,,,0,30,,97795,36,,,0,68,,97796,36,,,0,30,,97801,36,,,0,70,,97797,36,,,0,30,,97802,36,,,0,70,,97798,36,,,0
1169601,'3_merged_15288064',716,,97803,36,,,0,27,,97827,36,,,0,70,,97804,36,,,0,33,,97805,36,,,0,70,,97828,36,,,0,33,,97806,36,,,0,70,,97807,36,,,0,30,,97808,36,,,0,71,,97809,36,,,0,30,,97810,36,,,0,70,,97811,36,,,0,30,,97812,36,,,0,70,,97813,36,,,0,30,,97814,36,,,0,70,,97815,36,,,0,30,,97816,36,,,0,68,,97817,36,,,0,33,,97818,36,,,0,68,,97819,36,,,0,31,,97820,36,,,0,67,,97821,36,,,0,30,,97822,36,,,0,70,,97823,36,,,0,30,,97824,36,,,0,70,,97825,36,,,0,30,,97829,36,,,0,69,,97826,36,,,0,30,,97830,36,,,0,68,,97831,36,,,0
