664300,'1_merged_15524980',528,,129823,7,,,0,20,,129824,7,,,0,60,,129825,7,,,0,20,,129826,7,,,0,20,,129827,7,,,0,60,,129828,7,,,0,20,,129829,7,,,0,21,,129830,7,,,0,59,,129831,7,,,0,20,,129832,7,,,0,25,,129833,7,,,0,65,,129834,7,,,0,35,,129835,7,,,0,70,,129836,7,,,0,30,,129837,7,,,0,70,,129838,7,,,0,30,,129839,7,,,0,70,,129840,7,,,0,30,,129841,7,,,0,71,,129842,7,,,0,27,,129843,7,,,0,73,,129844,7,,,0,30,,129845,7,,,0,55,,129846,7,,,0,20,,129847,7,,,0,20,,129848,7,,,0,61,,129849,7,,,0,20,,129850,7,,,0,20,,129851,7,,,0,55,,129852,7,,,0,20,,129853,7,,,0,20,,129854,7,,,0,59,,129855,7,,,0,20,,129856,7,,,0,25,,129857,7,,,0,69,,129858,7,,,0,30,,129859,7,,,0,70,,129860,7,,,0,30,,129861,7,,,0,100,,129862,7,,,0,100,,129863,7,,,0,100,,129864,7,,,0,154,,129865,7,,,0
664300,'2_merged_15524982',618,,129866,7,,,0,30,,129867,7,,,0,70,,129868,7,,,0,31,,129869,7,,,0,69,,129870,7,,,0,32,,129871,7,,,0,70,,129872,7,,,0,30,,129873,7,,,0,70,,129874,7,,,0,23,,129875,7,,,0,70,,129876,7,,,0,30,,129877,7,,,0,70,,129878,7,,,0,30,,129879,7,,,0,70,,129880,7,,,0,30,,129881,7,,,0,70,,129882,7,,,0,30,,129883,7,,,0,71,,129884,7,,,0,30,,129885,7,,,0,70,,129886,7,,,0,30,,129887,7,,,0,70,,129888,7,,,0,30,,129889,7,,,0,69,,129890,7,,,0,30,,129891,7,,,0,77,,129892,7,,,0,30,,129893,7,,,0,70,,129894,7,,,0,28,,129895,7,,,0,100,,129899,7,,,0,105,,129896,7,,,0,100,,129897,7,,,0,100,,129898,7,,,0
664300,'3_merged_15524981',748,,129921,7,,,0,70,,129920,7,,,0,30,,129919,7,,,0,70,,129918,7,,,0,30,,129917,7,,,0,70,,129916,7,,,0,30,,129915,7,,,0,70,,129914,7,,,0,30,,129913,7,,,0,70,,129912,7,,,0,30,,129911,7,,,0,70,,129910,7,,,0,30,,129909,7,,,0,70,,129901,7,,,0,30,,129900,7,,,0,70,,129930,7,,,0,30,,129929,7,,,0,70,,129928,7,,,0,30,,129927,7,,,0,70,,129926,7,,,0,30,,129925,7,,,0,70,,129924,7,,,0,30,,129923,7,,,0,70,,129902,7,,,0,30,,129908,7,,,0,73,,129907,7,,,0,23,,129906,7,,,0,95,,129904,7,,,0,109,,129905,7,,,0,104,,129903,7,,,0,150,,129922,7,,,0
666200,'101_merged_15524987',1512,,134836,7,,,0
666200,'1_merged_15524980',548,,134868,7,,,0,60,,134867,7,,,0,15,,134866,7,,,0,16,,134865,7,,,0,14,,134885,7,,,0,55,,134864,7,,,0,10,,134863,7,,,0,20,,134862,7,,,0,15,,134861,7,,,0,55,,134886,7,,,0,5,,134891,7,,,0,11,,134860,7,,,0,15,,134854,7,,,0,15,,134853,7,,,0,55,,134859,7,,,0,15,,134887,7,,,0,14,,134873,7,,,0,20,,134858,7,,,0,56,,134857,7,,,0,20,,134872,7,,,0,20,,134856,7,,,0,60,,134855,7,,,0,20,,134871,7,,,0,20,,134852,7,,,0,60,,134851,7,,,0,20,,134870,7,,,0,20,,134850,7,,,0,60,,134849,7,,,0,20,,134869,7,,,0,20,,134848,7,,,0,69,,134847,7,,,0,21,,134846,7,,,0,61,,134845,7,,,0,20,,134888,7,,,0,10,,134892,7,,,0,15,,134844,7,,,0,60,,134843,7,,,0,15,,134889,7,,,0,10,,134842,7,,,0,20,,134881,7,,,0,50,,134882,7,,,0,20,,134890,7,,,0,20,,134841,7,,,0,59,,134880,7,,,0,20,,134840,7,,,0,25,,134839,7,,,0,74,,134838,7,,,0,30,,134874,7,,,0,71,,134837,7,,,0,30,,134884,7,,,0,69,,134879,7,,,0,30,,134893,7,,,0,70,,134878,7,,,0,30,,134894,7,,,0,70,,134883,7,,,0,30,,134895,7,,,0,80,,134877,7,,,0,22,,134875,7,,,0,87,,134876,7,,,0
666200,'201',1512,,134896,7,,,0
666200,'2_merged_15524982',557,,134897,7,,,0,71,,134898,7,,,0,29,,134899,7,,,0,71,,134900,7,,,0,30,,134901,7,,,0,70,,134902,7,,,0,30,,134903,7,,,0,70,,134904,7,,,0,30,,134905,7,,,0,70,,134906,7,,,0,25,,134907,7,,,0,71,,134908,7,,,0,30,,134909,7,,,0,70,,134910,7,,,0,30,,134911,7,,,0,70,,134912,7,,,0,30,,134913,7,,,0,70,,134914,7,,,0,30,,134915,7,,,0,70,,134916,7,,,0,30,,134917,7,,,0,70,,134918,7,,,0,30,,134919,7,,,0,70,,134920,7,,,0,30,,134921,7,,,0,70,,134922,7,,,0,30,,134923,7,,,0,75,,134924,7,,,0,29,,134925,7,,,0,70,,134926,7,,,0,30,,134927,7,,,0,70,,134928,7,,,0,30,,134933,7,,,0,75,,134931,7,,,0,70,,134934,7,,,0,30,,134932,7,,,0,70,,134935,7,,,0,100,,134929,7,,,0,51,,134930,7,,,0
666200,'3_merged_15524981',728,,134965,7,,,0,30,,134966,7,,,0,70,,134967,7,,,0,30,,134939,7,,,0,70,,134938,7,,,0,30,,134937,7,,,0,70,,134936,7,,,0,30,,134964,7,,,0,70,,134963,7,,,0,31,,134962,7,,,0,70,,134961,7,,,0,30,,134960,7,,,0,70,,134959,7,,,0,30,,134958,7,,,0,70,,134957,7,,,0,30,,134956,7,,,0,70,,134955,7,,,0,30,,134954,7,,,0,70,,134953,7,,,0,29,,134952,7,,,0,70,,134951,7,,,0,30,,134950,7,,,0,70,,134949,7,,,0,30,,134948,7,,,0,70,,134947,7,,,0,30,,134946,7,,,0,70,,134945,7,,,0,30,,134944,7,,,0,70,,134940,7,,,0,30,,134943,7,,,0,70,,134968,7,,,0,30,,134942,7,,,0,70,,134969,7,,,0,30,,134941,7,,,0
666300,'1_merged_15524980',513,,135150,7,,,0,30,,135147,7,,,0,70,,135108,7,,,0,21,,135131,7,,,0,24,,135132,7,,,0,63,,135133,7,,,0,20,,135134,7,,,0,63,,135135,7,,,0,20,,135136,7,,,0,20,,135137,7,,,0,59,,135138,7,,,0,20,,135148,7,,,0,20,,135139,7,,,0,60,,135140,7,,,0,17,,135149,7,,,0,31,,135141,7,,,0,68,,135142,7,,,0,30,,135128,7,,,0,70,,135143,7,,,0,30,,135144,7,,,0,70,,135145,7,,,0,31,,135146,7,,,0,72,,135112,7,,,0,26,,135129,7,,,0,61,,135113,7,,,0,26,,135114,7,,,0,18,,135115,7,,,0,62,,135130,7,,,0,15,,135116,7,,,0,25,,135117,7,,,0,60,,135118,7,,,0,23,,135119,7,,,0,16,,135111,7,,,0,60,,135107,7,,,0,20,,135120,7,,,0,20,,135121,7,,,0,58,,135122,7,,,0,31,,135123,7,,,0,68,,135124,7,,,0,30,,135125,7,,,0,70,,135126,7,,,0,30,,135151,7,,,0,71,,135127,7,,,0,29,,135152,7,,,0,70,,135110,7,,,0,30,,135153,7,,,0,70,,135109,7,,,0
666300,'2_merged_15524982',547,,135157,7,,,0,66,,135158,7,,,0,30,,135159,7,,,0,70,,135160,7,,,0,32,,135161,7,,,0,68,,135162,7,,,0,32,,135163,7,,,0,73,,135164,7,,,0,26,,135165,7,,,0,71,,135166,7,,,0,34,,135167,7,,,0,70,,135168,7,,,0,30,,135169,7,,,0,70,,135170,7,,,0,30,,135171,7,,,0,70,,135172,7,,,0,30,,135173,7,,,0,70,,135174,7,,,0,30,,135175,7,,,0,70,,135176,7,,,0,30,,135177,7,,,0,70,,135178,7,,,0,30,,135179,7,,,0,70,,135180,7,,,0,30,,135181,7,,,0,70,,135182,7,,,0,29,,135183,7,,,0,67,,135184,7,,,0,30,,135185,7,,,0,70,,135186,7,,,0,30,,135187,7,,,0,70,,135188,7,,,0,30,,135189,7,,,0,70,,135154,7,,,0,30,,135190,7,,,0,70,,135156,7,,,0,30,,135191,7,,,0,70,,135155,7,,,0
666300,'3_merged_15524981',713,,135221,7,,,0,30,,135222,7,,,0,70,,135223,7,,,0,30,,135216,7,,,0,70,,135217,7,,,0,30,,135202,7,,,0,70,,135218,7,,,0,30,,135219,7,,,0,70,,135213,7,,,0,30,,135220,7,,,0,71,,135192,7,,,0,29,,135193,7,,,0,71,,135194,7,,,0,30,,135195,7,,,0,70,,135196,7,,,0,30,,135197,7,,,0,70,,135198,7,,,0,30,,135199,7,,,0,69,,135200,7,,,0,30,,135201,7,,,0,70,,135203,7,,,0,30,,135204,7,,,0,70,,135205,7,,,0,30,,135206,7,,,0,70,,135207,7,,,0,30,,135208,7,,,0,70,,135209,7,,,0,30,,135210,7,,,0,70,,135211,7,,,0,30,,135224,7,,,0,70,,135212,7,,,0,30,,135225,7,,,0,70,,135215,7,,,0,30,,135226,7,,,0,60,,135214,7,,,0
