667700,'101_merged_15288070',1612,,78039,15,,,0
667700,'1101_merged_15288074',2518,,78040,15,,,0
667700,'1201_merged_15288056',2518,,78041,15,,,0
667700,'1_merged_15288063',617,,78079,15,,,0,29,,78052,15,,,0,71,,78060,15,,,0,30,,78067,15,,,0,73,,78077,15,,,0,28,,78063,15,,,0,78,,78047,15,,,0,24,,78085,15,,,0,87,,78046,15,,,0,71,,78054,15,,,0,29,,78061,15,,,0,70,,78059,15,,,0,30,,78058,15,,,0,71,,78068,15,,,0,31,,78045,15,,,0,69,,78083,15,,,0,15,,78048,15,,,0,31,,78049,15,,,0,65,,78042,15,,,0,20,,78073,15,,,0,14,,78053,15,,,0,70,,78056,15,,,0,19,,78064,15,,,0,12,,78057,15,,,0,59,,78074,15,,,0,13,,78069,15,,,0,19,,78080,15,,,0,60,,78084,15,,,0,13,,78070,15,,,0,15,,78081,15,,,0,12,,78078,15,,,0,56,,78071,15,,,0,10,,78051,15,,,0,11,,78072,15,,,0,14,,78066,15,,,0,16,,78086,15,,,0,57,,78062,15,,,0,16,,78044,15,,,0,15,,78082,15,,,0,11,,78043,15,,,0,68,,78075,15,,,0,29,,78065,15,,,0,69,,78055,15,,,0,30,,78088,15,,,0,68,,78076,15,,,0,30,,78087,15,,,0,70,,78050,15,,,0
667700,'2_merged_15288065',649,,78116,15,,,0,66,,78117,15,,,0,31,,78096,15,,,0,70,,78124,15,,,0,32,,78125,15,,,0,72,,78092,15,,,0,30,,78122,15,,,0,69,,78099,15,,,0,32,,78130,15,,,0,71,,78094,15,,,0,28,,78129,15,,,0,71,,78131,15,,,0,30,,78097,15,,,0,70,,78095,15,,,0,32,,78134,15,,,0,56,,78105,15,,,0,20,,78132,15,,,0,22,,78090,15,,,0,59,,78115,15,,,0,19,,78121,15,,,0,22,,78120,15,,,0,59,,78114,15,,,0,20,,78091,15,,,0,21,,78098,15,,,0,59,,78113,15,,,0,24,,78133,15,,,0,19,,78100,15,,,0,60,,78112,15,,,0,23,,78126,15,,,0,20,,78123,15,,,0,64,,78111,15,,,0,16,,78104,15,,,0,15,,78101,15,,,0,55,,78119,15,,,0,16,,78110,15,,,0,29,,78127,15,,,0,72,,78118,15,,,0,28,,78102,15,,,0,69,,78107,15,,,0,30,,78106,15,,,0,70,,78128,15,,,0,30,,78109,15,,,0,69,,78093,15,,,0,32,,78108,15,,,0,64,,78103,15,,,0,36,,78089,15,,,0
667700,'3_merged_15288064',820,,78152,15,,,0,30,,78146,15,,,0,70,,78155,15,,,0,29,,78145,15,,,0,70,,78153,15,,,0,30,,78144,15,,,0,69,,78154,15,,,0,31,,78135,15,,,0,69,,78156,15,,,0,32,,78143,15,,,0,69,,78139,15,,,0,32,,78151,15,,,0,70,,78158,15,,,0,31,,78150,15,,,0,53,,78172,15,,,0,30,,78159,15,,,0,15,,78149,15,,,0,57,,78171,15,,,0,29,,78162,15,,,0,16,,78148,15,,,0,55,,78170,15,,,0,32,,78160,15,,,0,13,,78147,15,,,0,56,,78169,15,,,0,30,,78157,15,,,0,14,,78142,15,,,0,57,,78168,15,,,0,26,,78137,15,,,0,15,,78141,15,,,0,59,,78167,15,,,0,26,,78136,15,,,0,17,,78140,15,,,0,67,,78138,15,,,0,30,,78166,15,,,0,71,,78163,15,,,0,30,,78165,15,,,0,71,,78161,15,,,0,34,,78164,15,,,0
683700,'1101_merged_15288074',2657,,95616,42,,,0
683700,'1201_merged_15288056',2657,,95617,42,,,0
683700,'1_merged_15288063',2537,,95624,42,,,0,20,,95623,42,,,0,60,,95619,42,,,0,29,,95622,42,,,0,74,,95621,42,,,0,19,,95620,42,,,0,68,,95618,42,,,0
683700,'2_merged_15288065',524,,95633,16,,,0,2019,,95627,42,,,0,62,,95632,42,,,0,14,,95626,42,,,0,19,,95631,42,,,0,20,,95628,42,,,0,70,,95630,42,,,0,12,,95629,42,,,0,74,,95625,42,,,0
683700,'3_merged_15288064',554,,95642,16,,,0,74,,95643,16,,,0,31,,95644,16,,,0,69,,95645,36,,,0,1688,,95638,42,,,0,32,,95637,42,,,0,70,,95636,42,,,0,37,,95635,42,,,0,71,,95634,42,,,0,24,,95641,42,,,0,88,,95640,42,,,0,65,,95639,42,,,0
