664600,'101_merged_15524987',744,,130829,21,,,0
664600,'1_merged_15524980',548,,130836,21,,,0,71,,130835,21,,,0,30,,130865,21,,,0,60,,130864,21,,,0,21,,130860,21,,,0,20,,130863,21,,,0,60,,130847,21,,,0,20,,130832,21,,,0,26,,130831,21,,,0,60,,130849,21,,,0,20,,130872,21,,,0,70,,130871,21,,,0,30,,130870,21,,,0,70,,130839,21,,,0,30,,130843,21,,,0,70,,130842,21,,,0,30,,130841,21,,,0,70,,130852,21,,,0,31,,130866,21,,,0,70,,130875,21,,,0,37,,130857,21,,,0,64,,130856,21,,,0,30,,130853,21,,,0,20,,130861,21,,,0,61,,130833,21,,,0,20,,130873,21,,,0,20,,130858,21,,,0,59,,130851,21,,,0,20,,130855,21,,,0,20,,130834,21,,,0,59,,130844,21,,,0,20,,130848,21,,,0,65,,130859,21,,,0,30,,130869,21,,,0,68,,130830,21,,,0,29,,130838,21,,,0,30,,130837,21,,,0,70,,130867,21,,,0,30,,130840,21,,,0,64,,130868,21,,,0,30,,130846,21,,,0,75,,130854,21,,,0,31,,130845,21,,,0,77,,130862,21,,,0,90,,130874,21,,,0
664600,'2_merged_15524982',613,,130910,21,,,0,30,,130880,21,,,0,71,,130889,21,,,0,31,,130907,21,,,0,70,,130908,21,,,0,38,,130896,21,,,0,76,,130876,21,,,0,75,,130900,21,,,0,30,,130888,21,,,0,70,,130911,21,,,0,32,,130890,21,,,0,68,,130891,21,,,0,30,,130883,21,,,0,70,,130892,21,,,0,32,,130893,21,,,0,68,,130894,21,,,0,29,,130877,21,,,0,70,,130905,21,,,0,29,,130897,21,,,0,70,,130898,21,,,0,31,,130899,21,,,0,67,,130878,21,,,0,30,,130881,21,,,0,73,,130882,21,,,0,30,,130909,21,,,0,69,,130901,21,,,0,30,,130902,21,,,0,71,,130879,21,,,0,31,,130903,21,,,0,72,,130884,21,,,0,29,,130885,21,,,0,23,,130887,21,,,0,69,,130886,21,,,0,30,,130904,21,,,0,86,,130906,21,,,0,100,,130895,21,,,0
664600,'3_merged_15524981',747,,130930,21,,,0,71,,130925,21,,,0,30,,130942,21,,,0,71,,130913,21,,,0,30,,130914,21,,,0,70,,130929,21,,,0,31,,130916,21,,,0,70,,130917,21,,,0,30,,130918,21,,,0,70,,130920,21,,,0,30,,130919,21,,,0,71,,130933,21,,,0,30,,130937,21,,,0,70,,130921,21,,,0,30,,130922,21,,,0,70,,130923,21,,,0,30,,130926,21,,,0,70,,130934,21,,,0,30,,130944,21,,,0,70,,130935,21,,,0,30,,130915,21,,,0,69,,130927,21,,,0,30,,130928,21,,,0,70,,130932,21,,,0,30,,130931,21,,,0,69,,130912,21,,,0,30,,130936,21,,,0,70,,130938,21,,,0,30,,130939,21,,,0,70,,130940,21,,,0,30,,130943,21,,,0,99,,130941,21,,,0,105,,130924,21,,,0
664601,'101_merged_15524987',859,,130947,30,,,0,696,,130948,1,0,32,0,70,,130945,30,,,0
664601,'1_merged_15524980',506,,130962,19,,,0,30,,130965,19,,,0,66,,130989,30,,,0,21,,130973,30,,,0,21,,130972,30,,,0,60,,130971,30,,,0,22,,130983,30,,,0,21,,130977,30,,,0,61,,130959,30,,,0,15,,130979,30,,,0,20,,130993,30,,,0,71,,130951,30,,,0,29,,130957,30,,,0,70,,130954,30,,,0,29,,130987,30,,,0,70,,130982,30,,,0,30,,130975,30,,,0,70,,130970,30,,,0,30,,130969,30,,,0,70,,130976,30,,,0,31,,130980,30,,,0,70,,130949,30,,,0,30,,130967,30,,,0,63,,130966,30,,,0,19,,130992,30,,,0,20,,130955,30,,,0,60,,130991,30,,,0,40,,130968,30,,,0,60,,130953,30,,,0,20,,130963,30,,,0,19,,130952,30,,,0,59,,130978,30,,,0,20,,130958,30,,,0,23,,130956,30,,,0,69,,130990,30,,,0,30,,130960,30,,,0,70,,130988,30,,,0,30,,130950,30,,,0,68,,130964,30,,,0,28,,130981,30,,,0,70,,130986,30,,,0,39,,130985,30,,,0,104,,130984,30,,,0,100,,130974,30,,,0,100,,130961,30,,,0
664601,'201',859,,130994,30,,,0,766,,130995,30,,,0
664601,'2_merged_15524982',641,,131009,30,,,0,70,,131002,30,,,0,29,,131000,30,,,0,72,,131015,30,,,0,36,,131016,30,,,0,72,,131017,30,,,0,20,,130996,30,,,0,71,,131006,30,,,0,26,,131019,30,,,0,77,,131012,30,,,0,30,,131021,30,,,0,70,,131022,30,,,0,32,,131023,30,,,0,68,,131025,30,,,0,31,,131020,30,,,0,70,,130997,30,,,0,32,,130998,30,,,0,69,,130999,30,,,0,28,,131031,30,,,0,70,,131026,30,,,0,29,,131029,30,,,0,69,,131027,30,,,0,31,,131028,30,,,0,68,,131030,30,,,0,29,,131013,30,,,0,71,,131007,30,,,0,30,,131008,30,,,0,67,,131014,30,,,0,30,,131003,30,,,0,70,,131018,30,,,0,30,,131024,30,,,0,72,,131004,30,,,0,49,,131005,30,,,0,95,,131001,30,,,0,100,,131010,30,,,0,100,,131011,30,,,0
664601,'3_merged_15524981',802,,131046,30,,,0,30,,131043,30,,,0,70,,131048,30,,,0,31,,131039,30,,,0,72,,131040,30,,,0,30,,131038,30,,,0,70,,131062,30,,,0,31,,131059,30,,,0,70,,131060,30,,,0,30,,131041,30,,,0,70,,131042,30,,,0,30,,131061,30,,,0,70,,131032,30,,,0,30,,131047,30,,,0,70,,131049,30,,,0,30,,131050,30,,,0,70,,131051,30,,,0,30,,131052,30,,,0,70,,131053,30,,,0,29,,131054,30,,,0,69,,131055,30,,,0,30,,131056,30,,,0,70,,131064,30,,,0,30,,131034,30,,,0,69,,131035,30,,,0,30,,131058,30,,,0,70,,131057,30,,,0,30,,131045,30,,,0,70,,131063,30,,,0,56,,131036,30,,,0,145,,131037,30,,,0,47,,131033,30,,,0,107,,131044,30,,,0
665700,'101_merged_15524987',1611,,133451,20,,,0
665700,'1_merged_15524980',546,,133477,20,,,0,59,,133507,20,,,0,18,,133508,20,,,0,15,,133479,20,,,0,15,,133491,20,,,0,54,,133493,20,,,0,13,,133488,20,,,0,16,,133511,20,,,0,14,,133487,20,,,0,57,,133469,20,,,0,15,,133494,20,,,0,15,,133504,20,,,0,15,,133458,20,,,0,54,,133499,20,,,0,15,,133461,20,,,0,15,,133467,20,,,0,14,,133481,20,,,0,55,,133492,20,,,0,15,,133456,20,,,0,15,,133502,20,,,0,14,,133498,20,,,0,55,,133476,20,,,0,16,,133482,20,,,0,15,,133490,20,,,0,15,,133513,20,,,0,55,,133454,20,,,0,16,,133483,20,,,0,15,,133470,20,,,0,15,,133496,20,,,0,55,,133468,20,,,0,15,,133484,20,,,0,15,,133471,20,,,0,15,,133472,20,,,0,55,,133453,20,,,0,15,,133485,20,,,0,15,,133474,20,,,0,15,,133486,20,,,0,55,,133495,20,,,0,18,,133506,20,,,0,15,,133501,20,,,0,15,,133505,20,,,0,74,,133514,20,,,0,12,,133478,20,,,0,15,,133452,20,,,0,55,,133480,20,,,0,15,,133463,20,,,0,16,,133489,20,,,0,14,,133462,20,,,0,55,,133473,20,,,0,15,,133465,20,,,0,15,,133500,20,,,0,14,,133464,20,,,0,70,,133457,20,,,0,29,,133466,20,,,0,70,,133460,20,,,0,28,,133503,20,,,0,70,,133475,20,,,0,30,,133510,20,,,0,69,,133455,20,,,0,34,,133497,20,,,0,75,,133459,20,,,0,30,,133509,20,,,0,77,,133512,20,,,0
665700,'201',1611,,133515,20,,,0
665700,'2_merged_15524982',613,,133539,20,,,0,98,,133543,20,,,0,107,,133541,20,,,0,105,,133526,20,,,0,29,,133553,20,,,0,70,,133522,20,,,0,30,,133549,20,,,0,66,,133516,20,,,0,32,,133537,20,,,0,60,,133548,20,,,0,21,,133554,20,,,0,21,,133527,20,,,0,60,,133546,20,,,0,20,,133555,20,,,0,21,,133542,20,,,0,60,,133551,20,,,0,20,,133521,20,,,0,20,,133556,20,,,0,60,,133550,20,,,0,20,,133520,20,,,0,20,,133528,20,,,0,61,,133538,20,,,0,20,,133519,20,,,0,20,,133535,20,,,0,60,,133540,20,,,0,21,,133518,20,,,0,19,,133524,20,,,0,62,,133525,20,,,0,20,,133517,20,,,0,18,,133547,20,,,0,69,,133533,20,,,0,30,,133544,20,,,0,66,,133536,20,,,0,33,,133530,20,,,0,70,,133523,20,,,0,30,,133552,20,,,0,70,,133534,20,,,0,30,,133545,20,,,0,68,,133529,20,,,0,35,,133531,20,,,0,82,,133532,20,,,0
665700,'3_merged_15524981',720,,133562,20,,,0,100,,133565,20,,,0,100,,133583,20,,,0,32,,133580,20,,,0,70,,133557,20,,,0,30,,133586,20,,,0,70,,133576,20,,,0,30,,133588,20,,,0,71,,133566,20,,,0,31,,133570,20,,,0,70,,133567,20,,,0,30,,133573,20,,,0,70,,133577,20,,,0,31,,133585,20,,,0,70,,133581,20,,,0,30,,133572,20,,,0,70,,133568,20,,,0,30,,133560,20,,,0,70,,133578,20,,,0,30,,133563,20,,,0,70,,133587,20,,,0,29,,133558,20,,,0,68,,133579,20,,,0,30,,133584,20,,,0,70,,133571,20,,,0,30,,133569,20,,,0,70,,133582,20,,,0,30,,133559,20,,,0,68,,133575,20,,,0,30,,133574,20,,,0,70,,133589,20,,,0,30,,133564,20,,,0,85,,133561,20,,,0
665701,'101_merged_15524987',1547,,133590,1,,,0
665701,'1_merged_15524980',551,,133651,20,,,0,65,,133641,27,,,0,30,,133635,27,,,0,61,,133595,27,,,0,19,,133614,27,,,0,17,,133632,27,,,0,15,,133640,27,,,0,56,,133643,27,,,0,15,,133631,27,,,0,15,,133611,27,,,0,15,,133630,27,,,0,57,,133610,27,,,0,15,,133644,27,,,0,15,,133625,27,,,0,55,,133633,27,,,0,14,,133649,27,,,0,15,,133597,27,,,0,14,,133626,27,,,0,15,,133592,27,,,0,55,,133598,27,,,0,14,,133621,27,,,0,14,,133627,27,,,0,15,,133637,27,,,0,55,,133599,27,,,0,15,,133636,27,,,0,15,,133628,27,,,0,15,,133648,27,,,0,55,,133600,27,,,0,15,,133645,27,,,0,16,,133629,27,,,0,15,,133646,27,,,0,55,,133601,27,,,0,17,,133620,27,,,0,15,,133608,27,,,0,14,,133617,27,,,0,55,,133602,27,,,0,13,,133591,27,,,0,14,,133609,27,,,0,16,,133604,27,,,0,54,,133596,27,,,0,17,,133612,27,,,0,16,,133603,27,,,0,15,,133605,27,,,0,55,,133634,27,,,0,15,,133619,27,,,0,15,,133616,27,,,0,14,,133652,27,,,0,53,,133606,27,,,0,14,,133613,27,,,0,15,,133593,27,,,0,15,,133607,27,,,0,54,,133654,27,,,0,25,,133622,27,,,0,69,,133653,27,,,0,28,,133615,27,,,0,69,,133647,27,,,0,27,,133642,27,,,0,27,,133638,27,,,0,69,,133618,27,,,0,29,,133594,27,,,0,70,,133623,27,,,0,31,,133639,27,,,0,73,,133624,27,,,0,33,,133650,27,,,0
665701,'2_merged_15524982',708,,133678,27,,,0,101,,133665,27,,,0,34,,133657,27,,,0,76,,133675,27,,,0,34,,133661,27,,,0,76,,133667,27,,,0,29,,133658,27,,,0,60,,133693,27,,,0,21,,133679,27,,,0,20,,133694,27,,,0,65,,133671,27,,,0,19,,133688,27,,,0,60,,133695,27,,,0,20,,133670,27,,,0,20,,133674,27,,,0,60,,133696,27,,,0,20,,133676,27,,,0,20,,133689,27,,,0,60,,133697,27,,,0,20,,133690,27,,,0,20,,133666,27,,,0,60,,133698,27,,,0,20,,133663,27,,,0,20,,133687,27,,,0,60,,133656,27,,,0,22,,133659,27,,,0,20,,133684,27,,,0,60,,133691,27,,,0,20,,133683,27,,,0,20,,133686,27,,,0,60,,133664,27,,,0,20,,133672,27,,,0,20,,133685,27,,,0,58,,133660,27,,,0,23,,133662,27,,,0,30,,133681,27,,,0,67,,133680,27,,,0,32,,133669,27,,,0,70,,133668,27,,,0,28,,133655,27,,,0,70,,133673,27,,,0,30,,133677,27,,,0,70,,133692,27,,,0,30,,133682,27,,,0
665701,'3_merged_15524981',740,,133726,1,,,0,93,,133727,27,,,0,102,,133728,27,,,0,70,,133699,27,,,0,30,,133707,27,,,0,69,,133732,27,,,0,30,,133700,27,,,0,70,,133709,27,,,0,30,,133706,27,,,0,70,,133708,27,,,0,30,,133713,27,,,0,70,,133722,27,,,0,30,,133721,27,,,0,70,,133711,27,,,0,30,,133719,27,,,0,70,,133718,27,,,0,30,,133717,27,,,0,71,,133716,27,,,0,30,,133704,27,,,0,70,,133720,27,,,0,30,,133723,27,,,0,69,,133715,27,,,0,30,,133731,27,,,0,70,,133730,27,,,0,30,,133729,27,,,0,70,,133714,27,,,0,29,,133712,27,,,0,70,,133705,27,,,0,28,,133703,27,,,0,70,,133702,27,,,0,30,,133701,27,,,0,70,,133710,27,,,0,19,,133725,27,,,0,35,,133724,27,,,0
3329200,'101_merged_15524987',1547,,167473,1,,,0
3329200,'1_merged_15524980',1921,,167476,11,,,0,29,,167486,11,,,0,71,,167485,11,,,0,30,,167484,11,,,0,72,,167483,11,,,0,25,,167479,11,,,0,70,,167478,11,,,0,25,,167482,11,,,0,72,,167481,11,,,0,27,,167480,11,,,0,104,,167474,11,,,0
3329200,'2_merged_15524982',1925,,167533,11,,,0,30,,167532,11,,,0,68,,167531,11,,,0,28,,167523,11,,,0,73,,167530,11,,,0,28,,167529,11,,,0,70,,167528,11,,,0,26,,167527,11,,,0,71,,167526,11,,,0,30,,167525,11,,,0,90,,167524,11,,,0
3329200,'3_merged_15524981',1911,,167575,11,,,0,31,,167574,11,,,0,68,,167573,11,,,0,34,,167572,11,,,0,70,,167571,11,,,0,29,,167570,11,,,0,69,,167569,11,,,0,29,,167568,11,,,0,67,,167567,11,,,0,32,,167566,11,,,0,100,,167565,11,,,0
3329201,'1_merged_15524980',1841,,167632,19,,,0,69,,167619,19,,,0,33,,167618,19,,,0,66,,167617,19,,,0,29,,167616,19,,,0,71,,167615,19,,,0,32,,167614,19,,,0,69,,167612,19,,,0,28,,167611,19,,,0,69,,167610,19,,,0,33,,167609,19,,,0,98,,167608,19,,,0
3329201,'2_merged_15524982',1910,,167672,19,,,0,32,,167671,19,,,0,72,,167670,19,,,0,31,,167669,19,,,0,70,,167649,19,,,0,30,,167647,19,,,0,72,,167655,19,,,0,28,,167654,19,,,0,65,,167653,19,,,0,32,,167652,19,,,0,98,,167651,19,,,0
3329201,'3_merged_15524981',1906,,167692,19,,,0,34,,167691,19,,,0,70,,167690,19,,,0,30,,167689,19,,,0,71,,167688,19,,,0,29,,167687,19,,,0,71,,167686,19,,,0,29,,167685,19,,,0,69,,167684,19,,,0,100,,167683,19,,,0
