679900,'1_merged_15291795',605,,92510,1,,,0,30,,92509,1,,,0,70,,92502,1,,,0,30,,92511,1,,,0,70,,92508,1,,,0,25,,92491,1,,,0,80,,92507,1,,,0,40,,92506,1,,,0,80,,92504,1,,,0,80,,92503,1,,,0,40,,92497,1,,,0,80,,92496,1,,,0,78,,92495,1,,,0,42,,92494,1,,,0,80,,92493,1,,,0,80,,92492,1,,,0,40,,92514,1,,,0,90,,92513,1,,,0,70,,92515,1,,,0,30,,92512,1,,,0,80,,92501,1,,,0,90,,92500,1,,,0,34,,92516,1,,,0,92,,92517,1,,,0,106,,92499,1,,,0,105,,92498,1,,,0
679900,'2_merged_15291797',730,,92518,1,,,0,105,,92519,1,,,0,100,,92520,1,,,0,100,,92521,1,,,0,100,,92522,1,,,0,100,,92523,1,,,0,100,,92524,1,,,0,100,,92525,1,,,0,100,,92526,1,,,0,100,,92527,1,,,0,100,,92528,1,,,0,100,,92529,1,,,0,100,,92530,1,,,0
679900,'3_merged_15291796',745,,92543,1,,,0,100,,92541,1,,,0,100,,92542,1,,,0,100,,92531,1,,,0,100,,92532,1,,,0,100,,92533,1,,,0,100,,92534,1,,,0,100,,92535,1,,,0,100,,92536,1,,,0,100,,92537,1,,,0,100,,92538,1,,,0,100,,92539,1,,,0,100,,92540,1,,,0
679901,'1_merged_15291795',545,,92553,38,4,,0,70,,92552,38,4,,0,30,,92551,38,4,,0,70,,92550,38,4,,0,28,,92549,38,4,,0,76,,92548,38,4,,0,39,,92547,38,4,,0,79,,92546,38,4,,0,80,,92545,38,4,,0,40,,92544,38,4,,0,80,,92569,38,4,,0,80,,92568,38,4,,0,40,,92567,38,4,,0,80,,92566,38,4,,0,83,,92565,38,4,,0,80,,92564,38,4,,0,40,,92563,38,4,,0,80,,92562,38,4,,0,80,,92561,38,4,,0,29,,92560,38,4,,0,30,,92559,38,4,,0,98,,92554,38,4,,0,146,,92558,38,4,,0,102,,92557,38,4,,0,100,,92556,38,4,,0,102,,92555,38,4,,0
679901,'2_merged_15291797',826,,92570,38,4,,0,100,,92571,38,4,,0,100,,92572,38,4,,0,100,,92573,38,4,,0,103,,92574,38,4,,0,100,,92575,38,4,,0,100,,92576,38,4,,0,100,,92577,38,4,,0,97,,92578,38,4,,0,100,,92579,38,4,,0,100,,92580,38,4,,0,100,,92581,38,4,,0
679901,'3_merged_15291796',826,,92582,38,4,,0,100,,92583,38,4,,0,100,,92584,38,4,,0,100,,92585,38,4,,0,102,,92586,38,4,,0,100,,92587,38,4,,0,100,,92588,38,4,,0,100,,92589,38,4,,0,98,,92590,38,4,,0,100,,92591,38,4,,0,100,,92592,38,4,,0,100,,92593,38,4,,0
680000,'1_merged_15291795',530,,92606,1,,,0,70,,92616,1,,,0,29,,92615,1,,,0,71,,92614,1,,,0,30,,92613,1,,,0,71,,92612,1,,,0,39,,92605,1,,,0,80,,92604,1,,,0,80,,92603,1,,,0,40,,92602,1,,,0,80,,92601,1,,,0,80,,92599,1,,,0,40,,92600,1,,,0,80,,92598,1,,,0,80,,92597,1,,,0,40,,92596,1,,,0,81,,92611,1,,,0,79,,92610,1,,,0,40,,92618,1,,,0,71,,92619,1,,,0,30,,92607,1,,,0,79,,92609,1,,,0,90,,92608,1,,,0,100,,92595,1,,,0,102,,92594,1,,,0,98,,92617,1,,,0
680000,'2_merged_15291797',805,,92620,1,,,0,100,,92621,1,,,0,100,,92622,1,,,0,100,,92623,1,,,0,100,,92624,1,,,0,100,,92625,1,,,0,100,,92626,1,,,0,100,,92627,1,,,0,100,,92628,1,,,0,100,,92629,1,,,0,100,,92630,1,,,0,100,,92631,1,,,0
680000,'3_merged_15291796',815,,92632,1,,,0,100,,92633,1,,,0,100,,92634,1,,,0,100,,92635,1,,,0,100,,92636,1,,,0,100,,92637,1,,,0,100,,92638,1,,,0,100,,92639,1,,,0,100,,92640,1,,,0,100,,92641,1,,,0,100,,92642,1,,,0,100,,92643,1,,,0
680001,'1_merged_15291795',544,,92654,37,4,,0,70,,92653,37,4,,0,32,,92652,37,4,,0,68,,92646,37,4,,0,28,,92651,37,4,,0,61,,92668,37,4,,0,31,,92667,37,4,,0,75,,92666,37,4,,0,41,,92665,37,4,,0,80,,92664,37,4,,0,80,,92663,37,4,,0,40,,92662,37,4,,0,78,,92661,37,4,,0,81,,92660,37,4,,0,41,,92659,37,4,,0,80,,92644,37,4,,0,83,,92650,37,4,,0,37,,92649,37,4,,0,80,,92648,37,4,,0,75,,92645,37,4,,0,30,,92647,37,4,,0,70,,92658,37,4,,0,53,,92657,37,4,,0,80,,92656,37,4,,0,93,,92669,37,4,,0,105,,92670,37,4,,0,105,,92655,37,4,,0
680001,'2_merged_15291797',757,,92672,37,4,,0,101,,92673,37,4,,0,100,,92674,37,4,,0,100,,92675,37,4,,0,100,,92676,37,4,,0,100,,92677,37,4,,0,100,,92678,37,4,,0,100,,92683,37,4,,0,100,,92679,37,4,,0,101,,92680,37,4,,0,100,,92681,37,4,,0,98,,92682,37,4,,0,100,,92671,37,4,,0
680001,'3_merged_15291796',856,,92684,37,4,,0,102,,92685,37,4,,0,100,,92686,37,4,,0,100,,92687,37,4,,0,100,,92688,37,4,,0,100,,92689,37,4,,0,100,,92690,37,4,,0,100,,92691,37,4,,0,101,,92692,37,4,,0,100,,92693,37,4,,0,98,,92694,37,4,,0,100,,92695,37,4,,0
3454000,'1_merged_15291795',541,,107657,11,4,,0,70,,107658,11,4,,0,30,,107659,11,4,,0,70,,107660,11,4,,0,31,,107661,11,4,,0,70,,107662,11,4,,0,30,,107663,11,4,,0,80,,107664,11,4,,0,80,,107665,11,4,,0,41,,107666,11,4,,0,80,,107667,11,4,,0,80,,107668,11,4,,0,41,,107669,11,4,,0,80,,107670,11,4,,0,80,,107671,11,4,,0,40,,107672,11,4,,0,82,,107673,11,4,,0,28,,107674,11,4,,0,70,,107675,11,4,,0,80,,107676,11,4,,0,30,,107677,11,4,,0,71,,107678,11,4,,0,40,,107679,11,4,,0,90,,107680,11,4,,0,80,,107681,11,4,,0,40,,107682,11,4,,0,80,,107683,11,4,,0,80,,107684,11,4,,0
3454000,'2_merged_15291797',903,,107685,11,4,,0,45,,107686,11,4,,0,85,,107687,11,4,,0,86,,107688,11,4,,0,85,,107689,11,4,,0,45,,107690,11,4,,0,85,,107691,11,4,,0,85,,107692,11,4,,0,85,,107693,11,4,,0,45,,107694,11,4,,0,85,,107695,11,4,,0,85,,107696,11,4,,0,85,,107697,11,4,,0,45,,107698,11,4,,0,84,,107699,11,4,,0,85,,107700,11,4,,0,85,,107701,11,4,,0,45,,107702,11,4,,0,85,,107703,11,4,,0
3454000,'3_merged_15291796',903,,107704,11,4,,0,45,,107705,11,4,,0,85,,107706,11,4,,0,86,,107707,11,4,,0,85,,107708,11,4,,0,45,,107709,11,4,,0,85,,107710,11,4,,0,85,,107711,11,4,,0,85,,107712,11,4,,0,45,,107713,11,4,,0,85,,107714,11,4,,0,85,,107715,11,4,,0,85,,107716,11,4,,0,45,,107717,11,4,,0,84,,107718,11,4,,0,85,,107719,11,4,,0,85,,107720,11,4,,0,45,,107721,11,4,,0,85,,107722,11,4,,0
3454001,'1_merged_15291795',525,,107723,1,,,0,30,,107724,1,,,0,70,,107725,1,,,0,30,,107726,1,,,0,70,,107727,1,,,0,30,,107728,1,,,0,70,,107729,1,,,0,31,,107730,1,,,0,79,,107731,1,,,0,80,,107732,1,,,0,40,,107733,1,,,0,80,,107734,1,,,0,80,,107735,1,,,0,40,,107736,1,,,0,80,,107737,1,,,0,80,,107738,1,,,0,40,,107739,1,,,0,80,,107740,1,,,0,75,,107741,1,,,0,30,,107742,1,,,0,71,,107743,1,,,0,29,,107744,1,,,0,79,,107745,1,,,0,90,,107746,1,,,0,41,,107747,1,,,0,80,,107748,1,,,0,80,,107749,1,,,0,40,,107750,1,,,0
3454001,'2_merged_15291797',810,,107751,1,,,0,45,,107752,1,,,0,85,,107753,1,,,0,85,,107754,1,,,0,85,,107755,1,,,0,45,,107756,1,,,0,85,,107757,1,,,0,85,,107758,1,,,0,85,,107759,1,,,0,45,,107760,1,,,0,85,,107761,1,,,0,85,,107762,1,,,0,85,,107763,1,,,0,45,,107764,1,,,0,85,,107765,1,,,0,85,,107766,1,,,0,85,,107767,1,,,0,45,,107768,1,,,0,85,,107769,1,,,0
3454001,'3_merged_15291796',810,,107770,1,,,0,45,,107771,1,,,0,85,,107772,1,,,0,85,,107773,1,,,0,85,,107774,1,,,0,45,,107775,1,,,0,85,,107776,1,,,0,85,,107777,1,,,0,85,,107778,1,,,0,45,,107779,1,,,0,85,,107780,1,,,0,85,,107781,1,,,0,85,,107782,1,,,0,45,,107783,1,,,0,85,,107784,1,,,0,85,,107785,1,,,0,85,,107786,1,,,0,45,,107787,1,,,0,85,,107788,1,,,0
3454100,'1_merged_15291795',556,,107789,24,4,,0,70,,107790,24,4,,0,30,,107791,24,4,,0,70,,107792,24,4,,0,30,,107793,24,4,,0,70,,107794,24,4,,0,30,,107795,24,4,,0,71,,107796,24,4,,0,79,,107797,24,4,,0,40,,107798,24,4,,0,80,,107799,24,4,,0,82,,107800,24,4,,0,40,,107801,24,4,,0,80,,107802,24,4,,0,80,,107803,24,4,,0,40,,107804,24,4,,0,81,,107805,24,4,,0,80,,107806,24,4,,0,35,,107807,24,4,,0,70,,107808,24,4,,0,29,,107809,24,4,,0,69,,107810,24,4,,0,37,,107811,24,4,,0,90,,107812,24,4,,0,81,,107813,24,4,,0,80,,107814,24,4,,0,40,,107815,24,4,,0,80,,107816,24,4,,0
3454100,'2_merged_15291797',841,,107817,24,4,,0,85,,107818,24,4,,0,85,,107819,24,4,,0,45,,107820,24,4,,0,85,,107821,24,4,,0,85,,107822,24,4,,0,85,,107823,24,4,,0,46,,107824,24,4,,0,87,,107825,24,4,,0,87,,107826,24,4,,0,85,,107827,24,4,,0,85,,107828,24,4,,0,45,,107829,24,4,,0,85,,107830,24,4,,0,85,,107831,24,4,,0,85,,107832,24,4,,0,45,,107833,24,4,,0,85,,107834,24,4,,0,85,,107835,24,4,,0
3454100,'3_merged_15291796',840,,107836,24,4,,0,85,,107837,24,4,,0,85,,107838,24,4,,0,45,,107839,24,4,,0,85,,107840,24,4,,0,85,,107841,24,4,,0,86,,107842,24,4,,0,45,,107843,24,4,,0,85,,107844,24,4,,0,85,,107845,24,4,,0,85,,107846,24,4,,0,45,,107847,24,4,,0,85,,107848,24,4,,0,85,,107849,24,4,,0,85,,107850,24,4,,0,45,,107851,24,4,,0,85,,107852,24,4,,0,85,,107853,24,4,,0,85,,107854,24,4,,0
3454101,'1_merged_15291795',510,,107855,1,,,0,30,,107856,1,,,0,70,,107857,1,,,0,30,,107858,1,,,0,69,,107859,1,,,0,30,,107860,1,,,0,70,,107861,1,,,0,40,,107862,1,,,0,80,,107863,1,,,0,80,,107864,1,,,0,40,,107865,1,,,0,80,,107866,1,,,0,80,,107867,1,,,0,40,,107868,1,,,0,80,,107869,1,,,0,80,,107870,1,,,0,42,,107871,1,,,0,69,,107872,1,,,0,30,,107873,1,,,0,80,,107874,1,,,0,70,,107875,1,,,0,30,,107876,1,,,0,80,,107877,1,,,0,90,,107878,1,,,0,40,,107879,1,,,0,80,,107880,1,,,0,80,,107881,1,,,0,40,,107882,1,,,0
3454101,'2_merged_15291797',830,,107883,1,,,0,85,,107884,1,,,0,85,,107885,1,,,0,45,,107886,1,,,0,85,,107887,1,,,0,85,,107888,1,,,0,85,,107889,1,,,0,45,,107890,1,,,0,85,,107891,1,,,0,85,,107892,1,,,0,85,,107893,1,,,0,45,,107894,1,,,0,85,,107895,1,,,0,85,,107896,1,,,0,85,,107897,1,,,0,45,,107898,1,,,0,85,,107899,1,,,0,85,,107900,1,,,0,85,,107901,1,,,0
3454101,'3_merged_15291796',830,,107902,1,,,0,85,,107903,1,,,0,85,,107904,1,,,0,45,,107905,1,,,0,85,,107906,1,,,0,85,,107907,1,,,0,85,,107908,1,,,0,45,,107909,1,,,0,85,,107910,1,,,0,85,,107911,1,,,0,85,,107912,1,,,0,45,,107913,1,,,0,85,,107914,1,,,0,85,,107915,1,,,0,85,,107916,1,,,0,45,,107917,1,,,0,85,,107918,1,,,0,85,,107919,1,,,0,85,,107920,1,,,0
