671701,'101_merged_15291802',1724,,86587,36,,,0,19,,86588,36,,,0
671701,'1_merged_15291795',1752,,86589,36,,,0,53,,86590,36,,,0,9,,86591,36,,,0,19,,86592,36,,,0,19,,86593,36,,,0,64,,86594,36,,,0
3181800,'1101_merged_15291806',2148,,105313,11,,,0
3181800,'1201_merged_15291788',2148,,105314,11,,,0,80,,105315,11,,,0,80,,105317,11,,,0,40,,105316,11,,,0,70,,105318,11,,,0,30,,105319,11,,,0
3181800,'1_merged_15291795',950,,105343,11,,,0,70,,105320,11,,,0,30,,105321,11,,,0,70,,105322,11,,,0,30,,105323,11,,,0,70,,105324,11,,,0,31,,105325,11,,,0,70,,105326,11,,,0,30,,105327,11,,,0,71,,105328,11,,,0,30,,105329,11,,,0,70,,105330,11,,,0,31,,105331,11,,,0,69,,105332,11,,,0,28,,105333,11,,,0,69,,105342,11,,,0,30,,105334,11,,,0,69,,105335,11,,,0,30,,105336,11,,,0,70,,105337,11,,,0,30,,105338,11,,,0,70,,105339,11,,,0,30,,105340,11,,,0,70,,105341,11,,,0
3181800,'2_merged_15291797',816,,105360,11,,,0,30,,105344,11,,,0,69,,105361,11,,,0,30,,105345,11,,,0,69,,105362,11,,,0,34,,105346,11,,,0,70,,105363,11,,,0,30,,105347,11,,,0,70,,105364,11,,,0,30,,105348,11,,,0,70,,105365,11,,,0,30,,105349,11,,,0,70,,105366,11,,,0,30,,105350,11,,,0,71,,105367,11,,,0,29,,105351,11,,,0,72,,105368,11,,,0,29,,105352,11,,,0,69,,105369,11,,,0,29,,105353,11,,,0,70,,105370,11,,,0,30,,105354,11,,,0,71,,105371,11,,,0,29,,105355,11,,,0,70,,105372,11,,,0,30,,105356,11,,,0,71,,105373,11,,,0,30,,105357,11,,,0,70,,105374,11,,,0,30,,105358,11,,,0,69,,105375,11,,,0,30,,105359,11,,,0,70,,105376,11,,,0,30,,105377,11,,,0
3181800,'3_merged_15291796',848,,105399,11,,,0,70,,105385,11,,,0,30,,105400,11,,,0,70,,105386,11,,,0,30,,105401,11,,,0,70,,105387,11,,,0,31,,105402,11,,,0,70,,105388,11,,,0,30,,105403,11,,,0,71,,105389,11,,,0,29,,105404,11,,,0,71,,105390,11,,,0,29,,105378,11,,,0,71,,105391,11,,,0,30,,105379,11,,,0,70,,105392,11,,,0,29,,105380,11,,,0,70,,105393,11,,,0,30,,105381,11,,,0,70,,105394,11,,,0,29,,105382,11,,,0,73,,105395,11,,,0,30,,105383,11,,,0,70,,105396,11,,,0,30,,105398,11,,,0,70,,105397,11,,,0,30,,105384,11,,,0
3181901,'1_merged_15291795',637,,105613,30,,,0,70,,105614,30,,,0,30,,105615,30,,,0,74,,105616,30,,,0,30,,105617,30,,,0,70,,105618,30,,,0,28,,105619,30,,,0,70,,105620,30,,,0,30,,105621,30,,,0,70,,105622,30,,,0,30,,105623,30,,,0,70,,105624,30,,,0,30,,105625,30,,,0,72,,105626,30,,,0,30,,105627,30,,,0,70,,105628,30,,,0,30,,105629,30,,,0,72,,105630,30,,,0,30,,105631,30,,,0,70,,105597,30,,,0,30,,105598,30,,,0,70,,105599,30,,,0,26,,105600,30,,,0,70,,105601,30,,,0,30,,105602,30,,,0,70,,105603,30,,,0,28,,105604,30,,,0,70,,105605,30,,,0,13,,105606,30,,,0,26,,105611,30,,,0,70,,105607,30,,,0,28,,105610,30,,,0,70,,105608,30,,,0,29,,105612,30,,,0,70,,105609,30,,,0,30,,105632,30,,,0
3181901,'2_merged_15291797',800,,105664,30,,,0,30,,105648,30,,,0,70,,105634,30,,,0,33,,105649,30,,,0,70,,105635,30,,,0,30,,105650,30,,,0,72,,105636,30,,,0,30,,105651,30,,,0,71,,105637,30,,,0,30,,105652,30,,,0,70,,105638,30,,,0,30,,105653,30,,,0,70,,105639,30,,,0,30,,105654,30,,,0,70,,105640,30,,,0,30,,105655,30,,,0,70,,105641,30,,,0,30,,105656,30,,,0,69,,105642,30,,,0,28,,105657,30,,,0,70,,105643,30,,,0,29,,105658,30,,,0,70,,105633,30,,,0,24,,105659,30,,,0,22,,105644,30,,,0,70,,105660,30,,,0,31,,105645,30,,,0,70,,105661,30,,,0,30,,105646,30,,,0,70,,105662,30,,,0,30,,105647,30,,,0,70,,105663,30,,,0,30,,105665,30,,,0
3181901,'3_merged_15291796',759,,105689,30,,,0,70,,105670,30,,,0,30,,105690,30,,,0,70,,105671,30,,,0,71,,105691,30,,,0,31,,105672,30,,,0,70,,105692,30,,,0,30,,105673,30,,,0,71,,105688,30,,,0,30,,105674,30,,,0,71,,105693,30,,,0,30,,105675,30,,,0,70,,105694,30,,,0,30,,105676,30,,,0,70,,105695,30,,,0,30,,105677,30,,,0,70,,105687,30,,,0,30,,105678,30,,,0,70,,105666,30,,,0,32,,105679,30,,,0,69,,105667,30,,,0,29,,105680,30,,,0,70,,105668,30,,,0,29,,105681,30,,,0,70,,105669,30,,,0,30,,105682,30,,,0,70,,105686,30,,,0,29,,105684,30,,,0,70,,105683,30,,,0,30,,105685,30,,,0,70,,105696,30,,,0,100,,105697,30,,,0
