674101,'1_merged_15288063',454,,90126,6,0,98 71,0,181,,90127,28,0,88 49,0,71,,90129,28,0,88 49,0,20,,90130,28,,,0,18,,90131,28,,,0,61,,90132,28,,,0,17,,90133,28,,,0,24,,90135,28,,,0,56,,90136,28,,,0,15,,90137,28,,,0,14,,90138,28,,,0,17,,90139,28,,,0,62,,90140,28,,,0,26,,90141,28,,,0,18,,90142,28,,,0,60,,90182,28,,,0,19,,90143,28,,,0,20,,90183,28,,,0,62,,90144,28,,,0,20,,90145,28,,,0,19,,90184,28,,,0,60,,90146,28,,,0,20,,90147,28,,,0,20,,90185,28,,,0,58,,90148,28,,,0,17,,90149,28,,,0,15,,90150,28,,,0,56,,90151,28,,,0,15,,90152,28,,,0,18,,90153,28,,,0,15,,90154,28,,,0,68,,90156,28,,,0,16,,90157,28,,,0,72,,90159,28,0,88 49,0,11,,90160,28,,,0,10,,90161,28,,,0,25,,90163,28,0,88 49,0,72,,90165,28,,,0,31,,90167,28,,,0,55,,90168,28,,,0,12,,90169,28,,,0,20,,90170,28,,,0,60,,90171,28,,,0,20,,90172,28,,,0,20,,90173,28,,,0,60,,90174,28,,,0,19,,90175,28,,,0,23,,90176,28,,,0,71,,90177,28,,,0,30,,90178,28,,,0,110,,90179,28,,,0,91,,90180,28,,,0,180,,90181,28,,,0
674101,'2_merged_15288065',556,,90206,28,,,0,90,,90205,28,,,0,90,,90204,28,,,0,21,,90235,28,,,0,60,,90203,28,,,0,21,,90202,28,,,0,20,,90236,28,,,0,60,,90201,28,,,0,20,,90195,28,,,0,20,,90237,28,,,0,62,,90200,28,,,0,20,,90199,28,,,0,60,,90198,28,,,0,20,,90187,28,,,0,24,,90197,28,,,0,59,,90196,28,,,0,21,,90186,28,,,0,18,,90194,28,,,0,60,,90193,28,,,0,20,,90229,28,,,0,20,,90192,28,,,0,60,,90191,28,,,0,22,,90228,28,,,0,20,,90190,28,,,0,60,,90189,28,,,0,15,,90234,28,,,0,15,,90227,28,,,0,14,,90188,28,,,0,55,,90223,28,,,0,15,,90226,28,,,0,15,,90230,28,,,0,15,,90222,28,,,0,55,,90221,28,,,0,15,,90225,28,,,0,13,,90231,28,,,0,15,,90220,28,,,0,55,,90219,28,,,0,15,,90224,28,,,0,15,,90232,28,,,0,15,,90218,28,,,0,55,,90217,28,,,0,13,,90233,28,,,0,20,,90216,28,,,0,72,,90215,28,,,0,30,,90214,28,,,0,71,,90213,28,,,0,30,,90212,28,,,0,72,,90211,28,,,0,37,,90210,28,,,0,100,,90209,28,,,0,110,,90208,28,,,0,163,,90207,28,,,0
674101,'3_merged_15288064',553,,90258,28,,,0,88,,90257,28,,,0,89,,90256,28,,,0,72,,90255,28,,,0,30,,90254,28,,,0,23,,90287,28,,,0,59,,90253,28,,,0,20,,90247,28,,,0,21,,90288,28,,,0,60,,90252,28,,,0,20,,90251,28,,,0,21,,90250,28,,,0,60,,90239,28,,,0,20,,90249,28,,,0,22,,90248,28,,,0,60,,90238,28,,,0,20,,90246,28,,,0,20,,90245,28,,,0,60,,90281,28,,,0,20,,90244,28,,,0,21,,90243,28,,,0,60,,90280,28,,,0,20,,90242,28,,,0,62,,90241,28,,,0,20,,90279,28,,,0,17,,90240,28,,,0,12,,90282,28,,,0,55,,90275,28,,,0,15,,90278,28,,,0,18,,90274,28,,,0,15,,90283,28,,,0,55,,90273,28,,,0,15,,90277,28,,,0,15,,90272,28,,,0,13,,90284,28,,,0,55,,90271,28,,,0,15,,90276,28,,,0,15,,90270,28,,,0,16,,90285,28,,,0,60,,90269,28,,,0,20,,90268,28,,,0,20,,90286,28,,,0,57,,90267,28,,,0,27,,90266,28,,,0,70,,90265,28,,,0,29,,90264,28,,,0,74,,90263,28,,,0,36,,90262,28,,,0,100,,90261,28,,,0,110,,90260,28,,,0,164,,90259,28,,,0
674201,'1_merged_15288063',1445,,90297,7,,,0,62,,90298,7,,,0,22,,90299,7,,,0,13,,90300,7,,,0,16,,90301,7,,,0,56,,90302,7,,,0,34,,90303,7,,,0,69,,90304,7,,,0,85,,90305,7,,,0,31,,90306,7,,,0
674301,'1_merged_15288063',521,,90320,3,,,0,34,,90321,3,,,0,90,,90322,3,,,0,70,,90323,3,,,0,30,,90324,3,,,0,59,,90325,3,,,0,30,,90326,3,,,0,793,,90327,7,,,0,28,,90328,7,,,0,76,,90329,7,,,0,79,,90330,7,,,0,48,,90331,7,,,0,68,,90332,7,,,0
684301,'1_merged_15288063',937,,95875,4,,,0,102,,95874,4,,,0,98,,95873,4,,,0,100,,95872,4,,,0,100,,95871,4,,,0,100,,95870,4,,,0,101,,95869,4,,,0,100,,95868,4,,,0,99,,95867,4,,,0,100,,95866,4,,,0,100,,95865,4,,,0,100,,95864,4,,,0,105,,95863,4,,,0
684301,'2_merged_15288065',937,,95881,4,,,0,100,,95878,4,,,0,100,,95887,4,,,0,100,,95877,4,,,0,100,,95876,4,,,0,100,,95886,4,,,0,100,,95885,4,,,0,100,,95884,4,,,0,100,,95883,4,,,0,102,,95882,4,,,0,100,,95880,4,,,0,100,,95879,4,,,0
684301,'3_merged_15288064',937,,95891,4,,,0,100,,95890,4,,,0,100,,95889,4,,,0,100,,95888,4,,,0,100,,95898,4,,,0,100,,95897,4,,,0,100,,95892,4,,,0,100,,95896,4,,,0,100,,95895,4,,,0,95,,95894,4,,,0,100,,95893,4,,,0
684401,'1_merged_15288063',917,,95948,4,,,0,100,,95947,4,,,0,100,,95946,4,,,0,100,,95945,4,,,0,100,,95944,4,,,0,100,,95943,4,,,0,100,,95942,4,,,0,100,,95941,4,,,0,103,,95940,4,,,0,97,,95939,4,,,0,100,,95949,4,,,0,100,,95938,4,,,0,100,,95937,4,,,0
684401,'2_merged_15288065',907,,95958,4,,,0,100,,95957,4,,,0,100,,95956,4,,,0,100,,95955,4,,,0,100,,95954,4,,,0,100,,95953,4,,,0,100,,95952,4,,,0,100,,95951,4,,,0,100,,95962,4,,,0,100,,95950,4,,,0,100,,95961,4,,,0,105,,95960,4,,,0,100,,95959,4,,,0
684401,'3_merged_15288064',907,,95963,4,,,0,100,,95964,4,,,0,100,,95972,4,,,0,100,,95971,4,,,0,100,,95970,4,,,0,100,,95969,4,,,0,100,,95968,4,,,0,100,,95967,4,,,0,100,,95966,4,,,0,100,,95965,4,,,0,100,,95974,4,,,0,100,,95973,4,,,0
1169600,'1_merged_15288063',532,,97635,4,,,0,70,,97636,4,,,0,30,,97637,4,,,0,70,,97638,4,,,0,30,,97639,4,,,0,70,,97640,4,,,0,31,,97641,4,,,0,70,,97642,4,,,0,29,,97661,4,,,0,70,,97643,4,,,0,30,,97662,4,,,0,70,,97644,4,,,0,30,,97663,4,,,0,70,,97645,4,,,0,30,,97664,4,,,0,70,,97646,4,,,0,30,,97665,4,,,0,70,,97647,4,,,0,30,,97666,4,,,0,70,,97648,4,,,0,30,,97667,4,,,0,70,,97649,4,,,0,30,,97650,4,,,0,70,,97651,4,,,0,30,,97652,4,,,0,70,,97653,4,,,0,30,,97654,4,,,0,70,,97655,4,,,0,30,,97668,4,,,0,20,,97656,4,,,0,80,,97669,4,,,0,70,,97657,4,,,0,30,,97670,4,,,0,70,,97658,4,,,0,30,,97671,4,,,0,70,,97659,4,,,0,30,,97672,4,,,0,70,,97660,4,,,0
1169600,'2_merged_15288065',652,,97673,4,,,0,71,,97700,4,,,0,30,,97674,4,,,0,72,,97675,4,,,0,27,,97676,4,,,0,70,,97699,4,,,0,30,,97677,4,,,0,70,,97678,4,,,0,30,,97679,4,,,0,70,,97680,4,,,0,30,,97681,4,,,0,70,,97682,4,,,0,30,,97683,4,,,0,70,,97684,4,,,0,30,,97685,4,,,0,70,,97686,4,,,0,31,,97687,4,,,0,71,,97688,4,,,0,29,,97689,4,,,0,69,,97690,4,,,0,30,,97691,4,,,0,70,,97692,4,,,0,30,,97693,4,,,0,70,,97694,4,,,0,30,,97701,4,,,0,70,,97695,4,,,0,30,,97696,4,,,0,70,,97702,4,,,0,30,,97697,4,,,0,70,,97703,4,,,0,30,,97698,4,,,0
1169600,'3_merged_15288064',727,,97727,4,,,0,30,,97704,4,,,0,70,,97705,4,,,0,30,,97728,4,,,0,70,,97706,4,,,0,30,,97707,4,,,0,65,,97708,4,,,0,30,,97709,4,,,0,70,,97710,4,,,0,30,,97711,4,,,0,70,,97712,4,,,0,30,,97713,4,,,0,70,,97714,4,,,0,30,,97715,4,,,0,70,,97716,4,,,0,30,,97717,4,,,0,70,,97718,4,,,0,30,,97719,4,,,0,70,,97720,4,,,0,30,,97721,4,,,0,70,,97722,4,,,0,30,,97723,4,,,0,70,,97729,4,,,0,30,,97724,4,,,0,70,,97730,4,,,0,30,,97725,4,,,0,70,,97731,4,,,0,30,,97726,4,,,0
