672201,'1_merged_15529700',452,,146634,28,,,0,60,,146635,28,,,0,18,,146636,28,,,0,71,,146638,28,,,0,15,,146639,28,,,0,15,,146640,28,,,0,18,,146641,28,,,0,55,,146642,28,,,0,15,,146643,28,,,0,16,,146644,28,,,0,16,,146645,28,,,0,55,,146646,28,,,0,15,,146647,28,,,0,14,,146648,28,,,0,18,,146649,28,,,0,56,,146650,28,,,0,16,,146651,28,,,0,15,,146652,28,,,0,14,,146653,28,,,0,55,,146654,28,,,0,15,,146655,28,,,0,15,,146656,28,,,0,16,,146657,28,,,0,54,,146658,28,,,0,15,,146659,28,,,0,15,,146660,28,,,0,16,,146661,28,,,0,55,,146662,28,,,0,15,,146663,28,,,0,15,,146664,28,,,0,15,,146665,28,,,0,55,,146666,28,,,0,15,,146667,28,,,0,15,,146668,28,,,0,15,,146669,28,,,0,55,,146670,28,,,0,15,,146671,28,,,0,15,,146672,28,,,0,17,,146673,28,,,0,55,,146674,28,,,0,15,,146675,28,,,0,15,,146676,28,,,0,15,,146677,28,,,0,55,,146678,28,,,0,16,,146679,28,,,0,15,,146680,28,,,0,15,,146681,28,,,0,55,,146682,28,,,0,15,,146683,28,,,0,15,,146684,28,,,0,16,,146685,28,,,0,55,,146686,28,,,0,15,,146687,28,,,0,15,,146688,28,,,0,15,,146689,28,,,0,55,,146690,28,,,0,14,,146691,28,,,0,15,,146692,28,,,0,69,,146694,28,,,0,33,,146696,28,,,0,70,,146697,28,,,0,32,,146698,28,,,0,70,,146699,28,,,0,29,,146700,28,,,0,71,,146701,28,,,0,97,,146703,28,,,0,195,,146705,28,,,0
672201,'2_merged_15529702',551,,146737,28,,,0,70,,146736,28,,,0,30,,146724,28,,,0,72,,146734,28,,,0,21,,146770,28,,,0,61,,146712,28,,,0,18,,146719,28,,,0,17,,146749,28,,,0,17,,146769,28,,,0,55,,146713,28,,,0,15,,146735,28,,,0,15,,146738,28,,,0,15,,146768,28,,,0,55,,146745,28,,,0,16,,146746,28,,,0,15,,146747,28,,,0,15,,146767,28,,,0,55,,146744,28,,,0,15,,146743,28,,,0,15,,146732,28,,,0,15,,146766,28,,,0,56,,146729,28,,,0,15,,146727,28,,,0,15,,146728,28,,,0,13,,146765,28,,,0,55,,146753,28,,,0,15,,146707,28,,,0,14,,146717,28,,,0,15,,146764,28,,,0,55,,146721,28,,,0,15,,146716,28,,,0,15,,146723,28,,,0,15,,146763,28,,,0,55,,146731,28,,,0,16,,146748,28,,,0,14,,146751,28,,,0,15,,146762,28,,,0,55,,146752,28,,,0,15,,146754,28,,,0,15,,146755,28,,,0,15,,146761,28,,,0,55,,146756,28,,,0,15,,146730,28,,,0,14,,146750,28,,,0,14,,146760,28,,,0,55,,146733,28,,,0,16,,146742,28,,,0,15,,146710,28,,,0,76,,146711,28,,,0,20,,146722,28,,,0,19,,146758,28,,,0,62,,146725,28,,,0,20,,146718,28,,,0,21,,146757,28,,,0,61,,146720,28,,,0,20,,146714,28,,,0,72,,146715,28,,,0,33,,146709,28,,,0,68,,146739,28,,,0,96,,146740,28,,,0,97,,146741,28,,,0,101,,146708,28,,,0
672201,'3_merged_15529701',558,,146794,28,,,0,70,,146795,28,,,0,31,,146799,28,,,0,71,,146793,28,,,0,70,,146798,28,,,0,30,,146796,28,,,0,24,,146771,28,,,0,59,,146807,28,,,0,20,,146797,28,,,0,21,,146772,28,,,0,60,,146806,28,,,0,20,,146814,28,,,0,21,,146773,28,,,0,60,,146812,28,,,0,21,,146820,28,,,0,22,,146774,28,,,0,60,,146810,28,,,0,21,,146809,28,,,0,61,,146775,28,,,0,20,,146808,28,,,0,19,,146822,28,,,0,20,,146776,28,,,0,60,,146792,28,,,0,22,,146785,28,,,0,59,,146777,28,,,0,20,,146786,28,,,0,20,,146803,28,,,0,60,,146778,28,,,0,20,,146787,28,,,0,20,,146805,28,,,0,60,,146779,28,,,0,18,,146802,28,,,0,20,,146789,28,,,0,20,,146780,28,,,0,60,,146804,28,,,0,20,,146813,28,,,0,20,,146781,28,,,0,60,,146784,28,,,0,20,,146821,28,,,0,20,,146782,28,,,0,60,,146801,28,,,0,20,,146790,28,,,0,80,,146788,28,,,0,28,,146791,28,,,0,70,,146818,28,,,0,29,,146815,28,,,0,71,,146819,28,,,0,99,,146800,28,,,0,98,,146817,28,,,0,99,,146816,28,,,0
672301,'1_merged_15529700',548,,146950,34,,,0,72,,146951,34,,,0,14,,146952,34,,,0,17,,146953,34,,,0,55,,146954,34,,,0,14,,146955,34,,,0,16,,146956,34,,,0,14,,146957,34,,,0,56,,146958,34,,,0,16,,146959,34,,,0,17,,146960,34,,,0,15,,146961,34,,,0,55,,146962,34,,,0,15,,146963,34,,,0,15,,146964,34,,,0,15,,146965,34,,,0,59,,146966,34,,,0,24,,146967,34,,,0,67,,146968,34,,,0,29,,146969,34,,,0,72,,146970,34,,,0,30,,146971,34,,,0,70,,146972,34,,,0,30,,146973,34,,,0,66,,146974,34,,,0,30,,146975,34,,,0,21,,146976,34,,,0,61,,146977,34,,,0,19,,146978,34,,,0,21,,146979,34,,,0,55,,146980,34,,,0,15,,146981,34,,,0,15,,146982,34,,,0,15,,146983,34,,,0,55,,146984,34,,,0,15,,146985,34,,,0,15,,146986,34,,,0,15,,146987,34,,,0,52,,146988,34,,,0,15,,146989,34,,,0,13,,146990,34,,,0,70,,146992,34,,,0,15,,146993,34,,,0,13,,146994,34,,,0,15,,146995,34,,,0,58,,147004,34,,,0,31,,146996,34,,,0,70,,147003,34,,,0,30,,146997,34,,,0,70,,147002,34,,,0,30,,146998,34,,,0,109,,146999,34,,,0,110,,147000,34,,,0,152,,147001,34,,,0
672301,'2_merged_15529702',622,,147023,34,,,0,214,,147011,34,,,0,1004,,147035,34,,,0,71,,147031,34,,,0,30,,147005,34,,,0,360,,147020,34,,,0,56,,147036,34,,,0
672301,'3_merged_15529701',709,,147063,34,,,0,102,,147064,34,,,0,29,,147065,34,,,0,68,,147062,34,,,0,30,,147061,34,,,0,72,,147070,34,,,0,31,,147060,34,,,0,802,,147051,34,,,0,72,,147052,34,,,0,30,,147053,34,,,0,70,,147055,34,,,0,28,,147056,34,,,0,70,,147049,34,,,0,28,,147048,34,,,0,70,,147068,34,,,0,30,,147040,34,,,0,70,,147039,34,,,0,30,,147069,34,,,0,93,,147071,34,,,0
672701,'1_merged_15529700',714,,147967,58,,,0,837,,147968,59,,,0,301,,147984,58,,,0,48,,147985,58,,,0,48,,147987,54,,,0,167,,147991,54,,,0,134,,147994,54,,,0
672701,'2_merged_15529702',735,,148043,54,,,0,172,,148046,54,,,0,31,,148023,54,,,0,71,,148025,54,,,0,30,,148014,54,,,0,76,,148034,54,,,0,31,,148045,54,,,0,70,,148036,54,,,0,28,,148037,54,,,0,70,,148038,54,,,0,31,,148039,54,,,0,70,,148047,54,,,0,30,,148042,54,,,0,69,,148016,54,,,0,33,,148017,54,,,0,67,,148030,54,,,0,33,,148028,54,,,0,68,,148029,54,,,0,32,,148031,54,,,0,67,,148032,54,,,0,200,,148013,54,,,0,30,,148020,54,,,0,71,,148015,54,,,0,25,,148027,54,,,0,70,,148021,54,,,0,221,,148040,54,,,0
672701,'3_merged_15529701',1108,,148068,54,,,0,28,,148065,54,,,0,74,,148051,54,,,0,24,,148061,54,,,0,69,,148060,54,,,0,31,,148063,54,,,0,71,,148062,54,,,0,28,,148048,54,,,0,72,,148064,54,,,0,30,,148066,54,,,0,70,,148055,54,,,0,31,,148054,54,,,0,69,,148067,54,,,0,31,,148070,54,,,0,75,,148058,54,,,0
682801,'101_merged_15529707',1531,,155170,27,0,32,0
682801,'1101_merged_15529711',2059,,155171,39,,,0
682801,'1201_merged_15529693',2059,,155174,39,,,0,146,,155173,39,,,0,106,,155172,39,,,0
682801,'1_merged_15529700',910,,155190,39,,,0,40,,155191,39,,,0,79,,155188,39,,,0,79,,155189,39,,,0,42,,155187,39,,,0,80,,155175,39,,,0,80,,155192,39,,,0,40,,155186,39,,,0,81,,155185,39,,,0,80,,155184,39,,,0,40,,155183,39,,,0,82,,155182,39,,,0,79,,155181,39,,,0,39,,155180,39,,,0,78,,155179,39,,,0,79,,155178,39,,,0,40,,155177,39,,,0,81,,155176,39,,,0
682801,'2_merged_15529702',934,,155204,39,,,0,82,,155203,39,,,0,40,,155202,39,,,0,80,,155201,39,,,0,80,,155200,39,,,0,40,,155199,39,,,0,80,,155198,39,,,0,80,,155197,39,,,0,42,,155196,39,,,0,80,,155195,39,,,0,82,,155194,39,,,0,80,,155193,39,,,0,39,,155212,39,,,0,80,,155211,39,,,0,40,,155210,39,,,0,68,,155209,39,,,0,110,,155208,39,,,0,105,,155207,39,,,0,107,,155206,39,,,0,104,,155205,39,,,0
682801,'3_merged_15529701',1135,,155213,39,,,0,80,,155225,39,,,0,43,,155224,39,,,0,80,,155223,39,,,0,80,,155222,39,,,0,37,,155221,39,,,0,82,,155220,39,,,0,79,,155219,39,,,0,41,,155218,39,,,0,80,,155217,39,,,0,80,,155216,39,,,0,38,,155215,39,,,0,80,,155214,39,,,0
