673900,'101_merged_15291802',834,,89924,39,4,,0,716,,89925,39,4,,0
673900,'1_merged_15291795',853,,89933,39,4,,0
673901,'101_merged_15291802',751,,89934,1,0,86 87,0,707,,89935,1,0,86 87,0
673901,'1_merged_15291795',706,,89944,1,0,86 87,0,152,,89945,1,0,86 87,0
681400,'1803_merged_15291803',1915,,93174,1,,,0,100,,93175,1,,,0,100,,93176,1,,,0,100,,93177,1,,,0
681400,'1_merged_15291795',445,,93178,1,,,0,157,,93179,1,,,0,30,,93180,1,,,0,70,,93181,1,,,0,20,,93182,1,,,0,20,,93183,1,,,0,60,,93184,1,,,0,20,,93185,1,,,0,20,,93186,1,,,0,60,,93187,1,,,0,20,,93211,1,,,0,20,,93188,1,,,0,60,,93189,1,,,0,20,,93212,1,,,0,20,,93190,1,,,0,60,,93191,1,,,0,20,,93213,1,,,0,20,,93192,1,,,0,60,,93193,1,,,0,20,,93214,1,,,0,20,,93194,1,,,0,60,,93195,1,,,0,20,,93215,1,,,0,20,,93196,1,,,0,60,,93197,1,,,0,20,,93216,1,,,0,20,,93198,1,,,0,60,,93199,1,,,0,20,,93217,1,,,0,20,,93200,1,,,0,60,,93201,1,,,0,20,,93218,1,,,0,20,,93202,1,,,0,60,,93203,1,,,0,20,,93219,1,,,0,20,,93204,1,,,0,60,,93205,1,,,0,103,,93206,1,,,0,100,,93207,1,,,0,100,,93208,1,,,0,100,,93209,1,,,0,100,,93210,1,,,0
681400,'2_merged_15291797',740,,93220,1,,,0,70,,93221,1,,,0,20,,93222,1,,,0,20,,93223,1,,,0,60,,93224,1,,,0,20,,93225,1,,,0,20,,93226,1,,,0,60,,93227,1,,,0,20,,93228,1,,,0,20,,93229,1,,,0,60,,93230,1,,,0,20,,93231,1,,,0,20,,93232,1,,,0,60,,93233,1,,,0,20,,93234,1,,,0,20,,93235,1,,,0,60,,93236,1,,,0,20,,93237,1,,,0,20,,93238,1,,,0,60,,93239,1,,,0,20,,93240,1,,,0,20,,93241,1,,,0,60,,93242,1,,,0,20,,93243,1,,,0,20,,93244,1,,,0,60,,93245,1,,,0,30,,93246,1,,,0,70,,93247,1,,,0,30,,93248,1,,,0,72,,93249,1,,,0,103,,93250,1,,,0,100,,93251,1,,,0,100,,93252,1,,,0,100,,93253,1,,,0,103,,93254,1,,,0
681400,'3_merged_15291796',815,,93255,1,,,0,100,,93256,1,,,0,100,,93257,1,,,0,100,,93258,1,,,0,100,,93259,1,,,0,100,,93260,1,,,0,100,,93261,1,,,0,100,,93262,1,,,0,100,,93263,1,,,0,100,,93264,1,,,0,100,,93265,1,,,0
681401,'1803_merged_15291803',2045,,93266,43,4,,0,100,,93267,43,4,,0,100,,93268,43,4,,0,100,,93269,43,4,,0
681401,'1_merged_15291795',609,,93270,43,4,,0,123,,93271,43,4,,0,80,,93272,43,4,,0,20,,93273,43,4,,0,20,,93274,43,4,,0,60,,93275,43,4,,0,20,,93276,43,4,,0,20,,93277,43,4,,0,60,,93278,43,4,,0,20,,93279,43,4,,0,20,,93303,43,4,,0,60,,93280,43,4,,0,20,,93281,43,4,,0,20,,93304,43,4,,0,60,,93282,43,4,,0,20,,93283,43,4,,0,20,,93305,43,4,,0,60,,93284,43,4,,0,20,,93285,43,4,,0,20,,93306,43,4,,0,60,,93286,43,4,,0,20,,93287,43,4,,0,20,,93307,43,4,,0,60,,93288,43,4,,0,20,,93289,43,4,,0,20,,93308,43,4,,0,60,,93290,43,4,,0,20,,93291,43,4,,0,20,,93309,43,4,,0,60,,93292,43,4,,0,20,,93293,43,4,,0,20,,93310,43,4,,0,60,,93294,43,4,,0,20,,93295,43,4,,0,20,,93311,43,4,,0,60,,93296,43,4,,0,30,,93297,43,4,,0,100,,93298,43,4,,0,100,,93299,43,4,,0,100,,93300,43,4,,0,100,,93301,43,4,,0,100,,93302,43,4,,0
681401,'2_merged_15291797',922,,93312,43,4,,0,20,,93313,43,4,,0,60,,93314,43,4,,0,20,,93315,43,4,,0,20,,93316,43,4,,0,60,,93317,43,4,,0,20,,93318,43,4,,0,20,,93319,43,4,,0,60,,93320,43,4,,0,20,,93321,43,4,,0,20,,93322,43,4,,0,60,,93323,43,4,,0,20,,93324,43,4,,0,20,,93325,43,4,,0,60,,93326,43,4,,0,20,,93327,43,4,,0,20,,93328,43,4,,0,60,,93329,43,4,,0,20,,93330,43,4,,0,20,,93331,43,4,,0,60,,93332,43,4,,0,20,,93333,43,4,,0,20,,93334,43,4,,0,60,,93335,43,4,,0,20,,93336,43,4,,0,20,,93337,43,4,,0,68,,93338,43,4,,0,32,,93339,43,4,,0,70,,93340,43,4,,0,30,,93341,43,4,,0,100,,93342,43,4,,0,100,,93343,43,4,,0,100,,93344,43,4,,0,100,,93345,43,4,,0,103,,93346,43,4,,0
681401,'3_merged_15291796',945,,93347,43,4,,0,100,,93348,43,4,,0,100,,93349,43,4,,0,100,,93350,43,4,,0,100,,93351,43,4,,0,100,,93352,43,4,,0,100,,93353,43,4,,0,100,,93354,43,4,,0,100,,93355,43,4,,0,100,,93356,43,4,,0,100,,93357,43,4,,0
681500,'1803_merged_15291803',1915,,93361,34,4,,0,100,,93360,34,4,,0,100,,93359,34,4,,0,100,,93358,34,4,,0
681500,'1_merged_15291795',455,,93383,34,4,,0,90,,93364,34,4,,0,70,,93382,34,4,,0,30,,93363,34,4,,0,70,,93381,34,4,,0,30,,93362,34,4,,0,70,,93380,34,4,,0,100,,93379,34,4,,0,100,,93378,34,4,,0,100,,93377,34,4,,0,100,,93376,34,4,,0,100,,93375,34,4,,0,100,,93374,34,4,,0,100,,93373,34,4,,0,100,,93372,34,4,,0,100,,93371,34,4,,0,100,,93370,34,4,,0,100,,93369,34,4,,0,100,,93368,34,4,,0,100,,93367,34,4,,0,100,,93366,34,4,,0,100,,93365,34,4,,0
681500,'2_merged_15291797',815,,93384,34,4,,0,100,,93385,34,4,,0,100,,93386,34,4,,0,100,,93387,34,4,,0,100,,93388,34,4,,0,100,,93389,34,4,,0,100,,93390,34,4,,0,100,,93391,34,4,,0,100,,93392,34,4,,0,100,,93393,34,4,,0,100,,93394,34,4,,0,100,,93395,34,4,,0,100,,93396,34,4,,0,100,,93397,34,4,,0,100,,93398,34,4,,0,100,,93399,34,4,,0
681500,'3_merged_15291796',915,,93405,34,4,,0,100,,93404,34,4,,0,100,,93403,34,4,,0,100,,93402,34,4,,0,100,,93401,34,4,,0,100,,93400,34,4,,0,100,,93409,34,4,,0,100,,93408,34,4,,0,100,,93406,34,4,,0,100,,93407,34,4,,0
681501,'1803_merged_15291803',1830,,93413,1,,,0,100,,93412,1,,,0,100,,93411,1,,,0,100,,93410,1,,,0
681501,'1_merged_15291795',530,,93416,1,,,0,100,,93415,1,,,0,100,,93414,1,,,0,100,,93417,1,,,0,100,,93431,1,,,0,100,,93430,1,,,0,100,,93429,1,,,0,100,,93428,1,,,0,100,,93427,1,,,0,100,,93426,1,,,0,100,,93425,1,,,0,100,,93424,1,,,0,100,,93423,1,,,0,100,,93422,1,,,0,100,,93421,1,,,0,100,,93420,1,,,0,100,,93419,1,,,0,100,,93418,1,,,0
681501,'2_merged_15291797',830,,93432,1,,,0,100,,93433,1,,,0,100,,93434,1,,,0,100,,93435,1,,,0,100,,93436,1,,,0,100,,93437,1,,,0,100,,93438,1,,,0,100,,93439,1,,,0,100,,93440,1,,,0,100,,93441,1,,,0,100,,93442,1,,,0,100,,93443,1,,,0,100,,93444,1,,,0,100,,93445,1,,,0,100,,93446,1,,,0
681501,'3_merged_15291796',930,,93452,1,,,0,100,,93451,1,,,0,100,,93450,1,,,0,100,,93449,1,,,0,100,,93448,1,,,0,100,,93447,1,,,0,100,,93455,1,,,0,100,,93454,1,,,0,100,,93453,1,,,0
681600,'1_merged_15291795',700,,93470,1,,,0,100,,93469,1,,,0,100,,93468,1,,,0,100,,93467,1,,,0,100,,93466,1,,,0,100,,93465,1,,,0,100,,93464,1,,,0,100,,93463,1,,,0,100,,93461,1,,,0,100,,93460,1,,,0,100,,93459,1,,,0,100,,93458,1,,,0,100,,93457,1,,,0,100,,93456,1,,,0,100,,93462,1,,,0
681600,'2_merged_15291797',900,,93471,1,,,0,100,,93472,1,,,0,100,,93473,1,,,0,100,,93474,1,,,0,100,,93475,1,,,0,100,,93476,1,,,0,100,,93477,1,,,0,100,,93478,1,,,0,100,,93479,1,,,0,100,,93480,1,,,0,100,,93481,1,,,0,100,,93482,1,,,0,100,,93483,1,,,0
681600,'3_merged_15291796',900,,93486,1,,,0,100,,93485,1,,,0,100,,93484,1,,,0,100,,93493,1,,,0,100,,93492,1,,,0,100,,93491,1,,,0,100,,93490,1,,,0,100,,93489,1,,,0,100,,93488,1,,,0,100,,93487,1,,,0
681601,'1_merged_15291795',805,,93500,33,4,,0,100,,93499,33,4,,0,100,,93498,33,4,,0,100,,93497,33,4,,0,100,,93496,33,4,,0,100,,93495,33,4,,0,100,,93494,33,4,,0,100,,93508,33,4,,0,100,,93507,33,4,,0,100,,93506,33,4,,0,100,,93505,33,4,,0,100,,93504,33,4,,0,100,,93503,33,4,,0,100,,93502,33,4,,0,100,,93501,33,4,,0
681601,'2_merged_15291797',1005,,93509,33,4,,0,100,,93510,33,4,,0,100,,93511,33,4,,0,100,,93512,33,4,,0,100,,93513,33,4,,0,100,,93514,33,4,,0,100,,93515,33,4,,0,100,,93516,33,4,,0,100,,93517,33,4,,0,100,,93518,33,4,,0,100,,93519,33,4,,0,100,,93520,33,4,,0,98,,93521,33,4,,0
681601,'3_merged_15291796',1003,,93530,33,4,,0,100,,93529,33,4,,0,100,,93528,33,4,,0,100,,93527,33,4,,0,100,,93531,33,4,,0,100,,93526,33,4,,0,100,,93525,33,4,,0,100,,93524,33,4,,0,100,,93523,33,4,,0,100,,93522,33,4,,0
3182000,'1803_merged_15291803',1812,,105698,25,4,,0,100,,105699,25,4,,0,95,,105700,25,4,,0,100,,105701,25,4,,0
3182000,'1_merged_15291795',713,,105733,25,4,,0,29,,105732,25,4,,0,72,,105731,25,4,,0,28,,105730,25,4,,0,70,,105729,25,4,,0,30,,105728,25,4,,0,70,,105727,25,4,,0,30,,105726,25,4,,0,70,,105725,25,4,,0,30,,105724,25,4,,0,70,,105723,25,4,,0,30,,105722,25,4,,0,70,,105721,25,4,,0,30,,105720,25,4,,0,70,,105719,25,4,,0,30,,105718,25,4,,0,70,,105717,25,4,,0,30,,105716,25,4,,0,70,,105715,25,4,,0,30,,105714,25,4,,0,70,,105713,25,4,,0,30,,105712,25,4,,0,70,,105711,25,4,,0,30,,105710,25,4,,0,70,,105709,25,4,,0,30,,105708,25,4,,0,70,,105707,25,4,,0,30,,105706,25,4,,0,70,,105705,25,4,,0,30,,105704,25,4,,0,70,,105703,25,4,,0,40,,105702,25,4,,0
3182000,'2_merged_15291797',812,,105734,25,4,,0,30,,105735,25,4,,0,70,,105736,25,4,,0,30,,105737,25,4,,0,70,,105738,25,4,,0,30,,105739,25,4,,0,70,,105740,25,4,,0,30,,105741,25,4,,0,70,,105742,25,4,,0,30,,105743,25,4,,0,70,,105744,25,4,,0,30,,105745,25,4,,0,70,,105746,25,4,,0,30,,105747,25,4,,0,70,,105748,25,4,,0,30,,105749,25,4,,0,70,,105750,25,4,,0,30,,105751,25,4,,0,70,,105752,25,4,,0,30,,105753,25,4,,0,70,,105754,25,4,,0,30,,105755,25,4,,0,70,,105756,25,4,,0,30,,105757,25,4,,0,70,,105758,25,4,,0,30,,105759,25,4,,0,70,,105760,25,4,,0,30,,105761,25,4,,0
3182000,'32603_merged_15291787',1812,,105762,25,4,,0,100,,105763,25,4,,0,95,,105764,25,4,,0,100,,105765,25,4,,0
3182000,'3_merged_15291796',912,,105766,25,4,,0,30,,105767,25,4,,0,70,,105768,25,4,,0,30,,105769,25,4,,0,70,,105770,25,4,,0,30,,105771,25,4,,0,70,,105772,25,4,,0,30,,105773,25,4,,0,70,,105774,25,4,,0,30,,105775,25,4,,0,70,,105776,25,4,,0,30,,105777,25,4,,0,70,,105778,25,4,,0,30,,105779,25,4,,0,70,,105780,25,4,,0,30,,105781,25,4,,0,70,,105782,25,4,,0,30,,105783,25,4,,0,100,,105784,25,4,,0,95,,105785,25,4,,0,100,,105786,25,4,,0,100,,105787,25,4,,0
3182001,'1_merged_15291795',612,,105819,1,,,0,28,,105818,1,,,0,70,,105817,1,,,0,30,,105816,1,,,0,70,,105815,1,,,0,30,,105814,1,,,0,70,,105813,1,,,0,30,,105812,1,,,0,70,,105811,1,,,0,30,,105810,1,,,0,70,,105809,1,,,0,30,,105808,1,,,0,70,,105807,1,,,0,30,,105806,1,,,0,70,,105805,1,,,0,30,,105804,1,,,0,70,,105803,1,,,0,30,,105802,1,,,0,70,,105801,1,,,0,30,,105800,1,,,0,70,,105799,1,,,0,30,,105798,1,,,0,70,,105797,1,,,0,30,,105796,1,,,0,70,,105795,1,,,0,30,,105794,1,,,0,70,,105793,1,,,0,30,,105792,1,,,0,70,,105791,1,,,0,30,,105790,1,,,0,70,,105789,1,,,0,40,,105788,1,,,0
3182001,'2_merged_15291797',710,,105820,1,,,0,30,,105821,1,,,0,70,,105822,1,,,0,30,,105823,1,,,0,70,,105824,1,,,0,30,,105825,1,,,0,70,,105826,1,,,0,30,,105827,1,,,0,70,,105828,1,,,0,30,,105829,1,,,0,70,,105830,1,,,0,30,,105831,1,,,0,70,,105832,1,,,0,30,,105833,1,,,0,70,,105834,1,,,0,30,,105835,1,,,0,70,,105836,1,,,0,30,,105837,1,,,0,70,,105838,1,,,0,30,,105839,1,,,0,70,,105840,1,,,0,30,,105841,1,,,0,70,,105842,1,,,0,30,,105843,1,,,0,70,,105844,1,,,0,30,,105845,1,,,0,70,,105846,1,,,0,30,,105847,1,,,0
3182001,'3_merged_15291796',810,,105848,1,,,0,30,,105849,1,,,0,70,,105850,1,,,0,30,,105851,1,,,0,70,,105852,1,,,0,30,,105853,1,,,0,70,,105854,1,,,0,30,,105855,1,,,0,70,,105856,1,,,0,30,,105857,1,,,0,70,,105858,1,,,0,30,,105859,1,,,0,70,,105860,1,,,0,30,,105861,1,,,0,70,,105862,1,,,0,30,,105863,1,,,0,70,,105864,1,,,0,30,,105865,1,,,0,70,,105866,1,,,0,30,,105867,1,,,0,70,,105868,1,,,0,30,,105869,1,,,0,70,,105870,1,,,0,30,,105871,1,,,0,70,,105872,1,,,0,30,,105873,1,,,0
3404400,'1_merged_15291795',635,,107468,1,,,0,100,,107467,1,,,0,100,,107466,1,,,0,100,,107465,1,,,0,100,,107464,1,,,0,100,,107463,1,,,0,100,,107462,1,,,0,100,,107461,1,,,0,100,,107460,1,,,0,100,,107459,1,,,0,100,,107458,1,,,0,100,,107457,1,,,0,100,,107456,1,,,0,100,,107455,1,,,0,100,,107454,1,,,0,100,,107453,1,,,0,100,,107452,1,,,0,100,,107469,1,,,0
3404400,'2_merged_15291797',735,,107470,1,,,0,100,,107471,1,,,0,100,,107472,1,,,0,100,,107473,1,,,0,100,,107474,1,,,0,100,,107475,1,,,0,100,,107476,1,,,0,100,,107477,1,,,0,100,,107478,1,,,0,100,,107479,1,,,0,100,,107480,1,,,0,100,,107481,1,,,0,100,,107482,1,,,0,100,,107483,1,,,0,100,,107484,1,,,0,100,,107485,1,,,0,100,,107486,1,,,0
3404400,'3_merged_15291796',835,,107487,1,,,0,100,,107488,1,,,0,100,,107489,1,,,0,100,,107490,1,,,0,100,,107491,1,,,0,100,,107492,1,,,0,100,,107493,1,,,0,100,,107494,1,,,0,100,,107495,1,,,0,100,,107496,1,,,0,100,,107497,1,,,0,100,,107498,1,,,0,100,,107499,1,,,0,100,,107500,1,,,0,100,,107501,1,,,0,100,,107502,1,,,0
3404401,'1_merged_15291795',655,,107520,31,4,,0,95,,107519,31,4,,0,105,,107518,31,4,,0,100,,107517,31,4,,0,100,,107516,31,4,,0,100,,107515,31,4,,0,100,,107514,31,4,,0,100,,107513,31,4,,0,100,,107512,31,4,,0,103,,107511,31,4,,0,97,,107510,31,4,,0,100,,107509,31,4,,0,100,,107508,31,4,,0,100,,107507,31,4,,0,100,,107506,31,4,,0,100,,107505,31,4,,0,100,,107504,31,4,,0,100,,107503,31,4,,0
3404401,'2_merged_15291797',755,,107521,31,4,,0,100,,107522,31,4,,0,100,,107523,31,4,,0,100,,107524,31,4,,0,100,,107525,31,4,,0,100,,107526,31,4,,0,100,,107527,31,4,,0,100,,107528,31,4,,0,100,,107529,31,4,,0,100,,107530,31,4,,0,100,,107531,31,4,,0,100,,107532,31,4,,0,100,,107533,31,4,,0,100,,107534,31,4,,0,100,,107535,31,4,,0,100,,107536,31,4,,0,100,,107537,31,4,,0
3404401,'3_merged_15291796',855,,107538,31,4,,0,100,,107539,31,4,,0,100,,107540,31,4,,0,100,,107541,31,4,,0,100,,107542,31,4,,0,100,,107543,31,4,,0,100,,107544,31,4,,0,100,,107545,31,4,,0,100,,107546,31,4,,0,100,,107547,31,4,,0,100,,107548,31,4,,0,100,,107549,31,4,,0,100,,107550,31,4,,0,100,,107551,31,4,,0,100,,107552,31,4,,0,100,,107553,31,4,,0
3404500,'101_merged_15291802',814,,107554,1,0,101 102,0
3404500,'1_merged_15291795',605,,107572,1,,,0,100,,107570,1,,,0,100,,107569,1,,,0,100,,107568,1,,,0,100,,107567,1,,,0,100,,107566,1,,,0,100,,107565,1,,,0,100,,107564,1,,,0,100,,107563,1,,,0,103,,107562,1,,,0,97,,107561,1,,,0,100,,107560,1,,,0,100,,107559,1,,,0,100,,107558,1,,,0,100,,107557,1,,,0,100,,107556,1,,,0,100,,107555,1,,,0,100,,107571,1,,,0
3404500,'2_merged_15291797',705,,107573,1,,,0,100,,107574,1,,,0,100,,107575,1,,,0,100,,107576,1,,,0,100,,107577,1,,,0,100,,107578,1,,,0,100,,107579,1,,,0,100,,107580,1,,,0,100,,107581,1,,,0,100,,107582,1,,,0,100,,107583,1,,,0,100,,107584,1,,,0,100,,107585,1,,,0,100,,107586,1,,,0,100,,107587,1,,,0,100,,107588,1,,,0,100,,107589,1,,,0
3404500,'3_merged_15291796',805,,107604,1,,,0,100,,107603,1,,,0,100,,107602,1,,,0,100,,107601,1,,,0,100,,107600,1,,,0,100,,107599,1,,,0,100,,107598,1,,,0,100,,107597,1,,,0,100,,107596,1,,,0,100,,107595,1,,,0,100,,107594,1,,,0,100,,107593,1,,,0,100,,107592,1,,,0,100,,107591,1,,,0,100,,107590,1,,,0,100,,107605,1,,,0
3404501,'1_merged_15291795',725,,107622,34,4,,0,100,,107621,34,4,,0,100,,107620,34,4,,0,100,,107619,34,4,,0,100,,107618,34,4,,0,100,,107617,34,4,,0,100,,107616,34,4,,0,100,,107615,34,4,,0,100,,107614,34,4,,0,100,,107613,34,4,,0,100,,107612,34,4,,0,100,,107611,34,4,,0,100,,107610,34,4,,0,100,,107609,34,4,,0,100,,107608,34,4,,0,95,,107607,34,4,,0,105,,107606,34,4,,0,100,,107623,34,4,,0
3404501,'2_merged_15291797',825,,107624,34,4,,0,100,,107625,34,4,,0,100,,107626,34,4,,0,100,,107627,34,4,,0,100,,107628,34,4,,0,100,,107629,34,4,,0,100,,107630,34,4,,0,100,,107631,34,4,,0,100,,107632,34,4,,0,100,,107633,34,4,,0,100,,107634,34,4,,0,100,,107635,34,4,,0,100,,107636,34,4,,0,100,,107637,34,4,,0,100,,107638,34,4,,0,100,,107639,34,4,,0,100,,107640,34,4,,0
3404501,'3_merged_15291796',925,,107646,34,4,,0,100,,107645,34,4,,0,100,,107644,34,4,,0,100,,107643,34,4,,0,100,,107642,34,4,,0,100,,107641,34,4,,0,100,,107654,34,4,,0,100,,107653,34,4,,0,100,,107647,34,4,,0,100,,107651,34,4,,0,100,,107650,34,4,,0,100,,107652,34,4,,0,100,,107649,34,4,,0,100,,107648,34,4,,0,100,,107655,34,4,,0,100,,107656,34,4,,0
