670500,'1_merged_15291795',508,,83311,1,0,74 43 8,0,30,,83309,4,0,74 43 8,0,64,,83293,4,0,74 43 8,0,26,,83301,4,0,74 43 8,0,30,,83314,4,0,74 43 8,0,48,,83292,4,0,74 43 8,0,45,,83315,4,0,74 43 8,0,1371,,83305,4,0,79 80 8,0,32,,83348,4,0,79 80 8,0,56,,83288,4,0,79 80 8,0,24,,83340,4,0,79 80 8,0,82,,83341,4,0,79 80 8,0,103,,83304,4,0,79 80 8,0,116,,83303,4,0,79 80 8,0
670500,'2_merged_15291797',629,,83413,4,0,79 80 8,0,89,,83412,4,0,79 80 8,0,20,,83440,4,0,79 80 8,0,83,,83404,4,0,79 80 8,0,86,,83436,4,0,79 80 8,0,1110,,83420,4,0,79 80 8,0,99,,83448,4,0,79 80 8,0,37,,83417,4,0,79 80 8,0,204,,83430,4,0,79 80 8,0
670500,'3_merged_15291796',850,,83531,4,0,79 80 8,0,88,,83537,4,0,79 80 8,0,1089,,83571,4,0,79 80 8,0,98,,83579,4,0,79 80 8,0,111,,83529,4,0,79 80 8,0,87,,83526,4,0,79 80 8,0,102,,83524,4,0,79 80 8,0
671701,'101_merged_15291802',1717,,86587,21,,,0,19,,86588,21,,,0
671701,'1_merged_15291795',1745,,86589,21,,,0,13,,86590,21,,,0,49,,86591,21,,,0,19,,86592,21,,,0,19,,86593,21,,,0,64,,86594,21,,,0
732100,'1_merged_15291795',545,,96090,4,,,0,70,,96070,4,,,0,33,,96071,4,,,0,71,,96069,4,,,0,30,,96072,4,,,0,71,,96086,4,,,0,32,,96073,4,,,0,72,,96068,4,,,0,32,,96074,4,,,0,71,,96087,4,,,0,31,,96075,4,,,0,70,,96064,4,,,0,30,,96076,4,,,0,70,,96088,4,,,0,30,,96077,4,,,0,70,,96065,4,,,0,30,,96078,4,,,0,70,,96089,4,,,0,30,,96079,4,,,0,70,,96066,4,,,0,72,,96080,4,,,0,32,,96062,4,,,0,72,,96081,4,,,0,32,,96067,4,,,0,72,,96082,4,,,0,32,,96063,4,,,0,70,,96083,4,,,0,29,,96091,4,,,0,70,,96084,4,,,0,30,,96092,4,,,0,67,,96085,4,,,0,97,,96093,4,,,0,97,,96094,4,,,0,100,,96095,4,,,0
732100,'2_merged_15291797',622,,96102,4,,,0,20,,96117,4,,,0,69,,96116,4,,,0,30,,96115,4,,,0,70,,96101,4,,,0,20,,96096,4,,,0,20,,96133,4,,,0,60,,96100,4,,,0,30,,96114,4,,,0,70,,96099,4,,,0,31,,96113,4,,,0,70,,96098,4,,,0,22,,96112,4,,,0,20,,96131,4,,,0,60,,96097,4,,,0,20,,96111,4,,,0,20,,96125,4,,,0,60,,96123,4,,,0,20,,96110,4,,,0,20,,96126,4,,,0,60,,96122,4,,,0,20,,96109,4,,,0,20,,96127,4,,,0,60,,96121,4,,,0,20,,96108,4,,,0,20,,96128,4,,,0,62,,96120,4,,,0,20,,96107,4,,,0,20,,96129,4,,,0,59,,96119,4,,,0,19,,96106,4,,,0,20,,96130,4,,,0,59,,96118,4,,,0,19,,96105,4,,,0,20,,96132,4,,,0,70,,96134,4,,,0,30,,96104,4,,,0,70,,96135,4,,,0,32,,96103,4,,,0,100,,96124,4,,,0,150,,96136,4,,,0,96,,96137,4,,,0
732100,'3_merged_15291796',652,,96147,4,,,0,68,,96146,4,,,0,30,,96145,4,,,0,70,,96144,4,,,0,30,,96143,4,,,0,70,,96155,4,,,0,30,,96142,4,,,0,70,,96154,4,,,0,30,,96141,4,,,0,70,,96153,4,,,0,30,,96140,4,,,0,64,,96152,4,,,0,20,,96139,4,,,0,20,,96166,4,,,0,60,,96151,4,,,0,20,,96165,4,,,0,20,,96167,4,,,0,60,,96150,4,,,0,21,,96164,4,,,0,20,,96168,4,,,0,60,,96149,4,,,0,20,,96163,4,,,0,20,,96169,4,,,0,60,,96148,4,,,0,19,,96162,4,,,0,20,,96170,4,,,0,60,,96158,4,,,0,20,,96161,4,,,0,20,,96171,4,,,0,60,,96156,4,,,0,30,,96160,4,,,0,70,,96138,4,,,0,33,,96159,4,,,0,73,,96172,4,,,0,33,,96157,4,,,0,101,,96173,4,,,0,103,,96174,4,,,0,145,,96175,4,,,0
3181901,'1_merged_15291795',631,,105613,20,,,0,70,,105614,20,,,0,30,,105615,20,,,0,73,,105616,20,,,0,30,,105617,20,,,0,70,,105618,20,,,0,29,,105619,20,,,0,70,,105620,20,,,0,30,,105621,20,,,0,70,,105622,20,,,0,30,,105623,20,,,0,70,,105624,20,,,0,30,,105625,20,,,0,71,,105626,20,,,0,30,,105627,20,,,0,70,,105628,20,,,0,30,,105629,20,,,0,71,,105630,20,,,0,30,,105631,20,,,0,70,,105597,20,,,0,30,,105598,20,,,0,70,,105599,20,,,0,28,,105600,20,,,0,70,,105601,20,,,0,30,,105602,20,,,0,70,,105603,20,,,0,28,,105604,20,,,0,70,,105605,20,,,0,13,,105606,20,,,0,27,,105611,20,,,0,70,,105607,20,,,0,28,,105610,20,,,0,70,,105608,20,,,0,29,,105612,20,,,0,70,,105609,20,,,0,30,,105632,20,,,0
3181901,'2_merged_15291797',755,,105664,20,,,0,70,,105648,20,,,0,30,,105634,20,,,0,72,,105649,20,,,0,30,,105635,20,,,0,70,,105650,20,,,0,31,,105636,20,,,0,70,,105651,20,,,0,31,,105637,20,,,0,70,,105652,20,,,0,30,,105638,20,,,0,70,,105653,20,,,0,30,,105639,20,,,0,70,,105654,20,,,0,30,,105640,20,,,0,70,,105655,20,,,0,30,,105641,20,,,0,70,,105656,20,,,0,29,,105642,20,,,0,69,,105657,20,,,0,30,,105643,20,,,0,69,,105658,20,,,0,30,,105633,20,,,0,65,,105659,20,,,0,22,,105644,20,,,0,70,,105660,20,,,0,31,,105645,20,,,0,70,,105661,20,,,0,30,,105646,20,,,0,70,,105662,20,,,0,30,,105647,20,,,0,70,,105663,20,,,0,30,,105665,20,,,0
3181901,'3_merged_15291796',754,,105689,20,,,0,70,,105670,20,,,0,30,,105690,20,,,0,70,,105671,20,,,0,31,,105691,20,,,0,71,,105672,20,,,0,30,,105692,20,,,0,70,,105673,20,,,0,30,,105688,20,,,0,70,,105674,20,,,0,31,,105693,20,,,0,70,,105675,20,,,0,30,,105694,20,,,0,70,,105676,20,,,0,30,,105695,20,,,0,70,,105677,20,,,0,30,,105687,20,,,0,70,,105678,20,,,0,30,,105666,20,,,0,71,,105679,20,,,0,30,,105667,20,,,0,69,,105680,20,,,0,30,,105668,20,,,0,69,,105681,20,,,0,30,,105669,20,,,0,70,,105682,20,,,0,30,,105686,20,,,0,70,,105684,20,,,0,30,,105683,20,,,0,70,,105685,20,,,0,30,,105696,20,,,0,100,,105697,20,,,0
