681401,'1803_merged_15291803',2043,,93266,41,4,,0,100,,93267,41,4,,0,100,,93268,41,4,,0,100,,93269,41,4,,0
681401,'1_merged_15291795',607,,93270,41,4,,0,123,,93271,41,4,,0,80,,93272,41,4,,0,20,,93273,41,4,,0,20,,93274,41,4,,0,60,,93275,41,4,,0,20,,93276,41,4,,0,20,,93277,41,4,,0,60,,93278,41,4,,0,20,,93279,41,4,,0,20,,93303,41,4,,0,60,,93280,41,4,,0,20,,93281,41,4,,0,20,,93304,41,4,,0,60,,93282,41,4,,0,20,,93283,41,4,,0,20,,93305,41,4,,0,60,,93284,41,4,,0,20,,93285,41,4,,0,20,,93306,41,4,,0,60,,93286,41,4,,0,20,,93287,41,4,,0,20,,93307,41,4,,0,60,,93288,41,4,,0,20,,93289,41,4,,0,20,,93308,41,4,,0,60,,93290,41,4,,0,20,,93291,41,4,,0,20,,93309,41,4,,0,60,,93292,41,4,,0,20,,93293,41,4,,0,20,,93310,41,4,,0,60,,93294,41,4,,0,20,,93295,41,4,,0,20,,93311,41,4,,0,60,,93296,41,4,,0,30,,93297,41,4,,0,100,,93298,41,4,,0,100,,93299,41,4,,0,100,,93300,41,4,,0,100,,93301,41,4,,0,100,,93302,41,4,,0
681401,'2_merged_15291797',920,,93312,41,4,,0,20,,93313,41,4,,0,60,,93314,41,4,,0,20,,93315,41,4,,0,20,,93316,41,4,,0,60,,93317,41,4,,0,20,,93318,41,4,,0,20,,93319,41,4,,0,60,,93320,41,4,,0,20,,93321,41,4,,0,20,,93322,41,4,,0,60,,93323,41,4,,0,20,,93324,41,4,,0,20,,93325,41,4,,0,60,,93326,41,4,,0,20,,93327,41,4,,0,20,,93328,41,4,,0,60,,93329,41,4,,0,20,,93330,41,4,,0,20,,93331,41,4,,0,60,,93332,41,4,,0,20,,93333,41,4,,0,20,,93334,41,4,,0,60,,93335,41,4,,0,20,,93336,41,4,,0,20,,93337,41,4,,0,68,,93338,41,4,,0,32,,93339,41,4,,0,70,,93340,41,4,,0,30,,93341,41,4,,0,100,,93342,41,4,,0,100,,93343,41,4,,0,100,,93344,41,4,,0,100,,93345,41,4,,0,103,,93346,41,4,,0
681401,'3_merged_15291796',943,,93347,41,4,,0,100,,93348,41,4,,0,100,,93349,41,4,,0,100,,93350,41,4,,0,100,,93351,41,4,,0,100,,93352,41,4,,0,100,,93353,41,4,,0,100,,93354,41,4,,0,100,,93355,41,4,,0,100,,93356,41,4,,0,100,,93357,41,4,,0
2338400,'101_merged_15291802',818,,100328,16,0,93 110,0,20,,100329,16,0,93 110,0
2338400,'1_merged_15291795',706,,100425,16,4,,0,96,,100355,16,4,,0,106,,100356,16,4,,0,27,,100357,16,4,,0,11,,100358,16,4,,0,70,,100359,16,4,,0,30,,100360,16,4,,0,69,,100361,16,4,,0,28,,100362,16,4,,0,68,,100363,16,4,,0,30,,100364,16,4,,0,70,,100365,16,4,,0,30,,100366,16,4,,0,66,,100371,16,4,,0,27,,100373,16,4,,0,67,,100376,16,4,,0,47,,100378,16,4,,0,380,,100421,16,4,,0,72,,100401,16,4,,0,27,,100422,16,4,,0,23,,100404,16,4,,0,61,,100406,16,4,,0,21,,100423,16,4,,0,21,,100409,16,4,,0,64,,100411,16,4,,0,24,,100412,16,4,,0,65,,100414,16,4,,0
2338400,'2_merged_15291797',704,,100430,16,4,,0,31,,100432,16,4,,0,70,,100434,16,4,,0,30,,100436,16,4,,0,67,,100438,16,4,,0,24,,100512,16,4,,0,26,,100440,16,4,,0,64,,100442,16,4,,0,24,,100444,16,4,,0,64,,100446,16,4,,0,26,,100448,16,4,,0,27,,100450,16,4,,0,64,,100452,16,4,,0,26,,100454,16,4,,0,66,,100456,16,4,,0,24,,100458,16,4,,0,22,,100460,16,4,,0,60,,100502,16,4,,0,20,,100503,16,4,,0,20,,100504,16,4,,0,60,,100505,16,4,,0,20,,100506,16,4,,0,20,,100507,16,4,,0,60,,100508,16,4,,0,20,,100509,16,4,,0,20,,100510,16,4,,0,60,,100485,16,4,,0,20,,100486,16,4,,0,19,,100487,16,4,,0,59,,100488,16,4,,0,18,,100489,16,4,,0,18,,100490,16,4,,0,61,,100491,16,4,,0,19,,100492,16,4,,0,18,,100461,16,4,,0,66,,100463,16,4,,0,30,,100465,16,4,,0,68,,100467,16,4,,0,30,,100469,16,4,,0,70,,100471,16,4,,0,39,,100473,16,4,,0,80,,100475,16,4,,0
2338400,'3_merged_15291796',642,,100561,16,4,,0,71,,100560,16,4,,0,31,,100559,16,4,,0,70,,100558,16,4,,0,30,,100557,16,4,,0,100,,100555,16,4,,0,70,,100554,16,4,,0,30,,100553,16,4,,0,71,,100552,16,4,,0,30,,100551,16,4,,0,70,,100550,16,4,,0,32,,100549,16,4,,0,69,,100548,16,4,,0,31,,100547,16,4,,0,71,,100546,16,4,,0,30,,100545,16,4,,0,72,,100544,16,4,,0,29,,100543,16,4,,0,70,,100542,16,4,,0,30,,100541,16,4,,0,70,,100540,16,4,,0,31,,100539,16,4,,0,70,,100538,16,4,,0,29,,100537,16,4,,0,70,,100536,16,4,,0,29,,100535,16,4,,0,69,,100534,16,4,,0,29,,100533,16,4,,0,70,,100532,16,4,,0,27,,100531,16,4,,0,69,,100530,16,4,,0,40,,100529,16,4,,0,60,,100528,16,4,,0
2338401,'101_merged_15291802',1514,,100586,7,4,,0,5,,100585,7,,,0,20,,100583,1,,,0,83,,100584,1,,,0
2338401,'1_merged_15291795',527,,100610,1,,,0,13,,100681,1,,,0,13,,100611,1,,,0,53,,100587,34,,,0,9,,100682,1,,,0,11,,100609,34,,,0,10,,100683,1,,,0,8,,100588,34,,,0,8,,100612,34,,,0,7,,100691,1,,,0,47,,100589,34,,,0,6,,100613,34,,,0,7,,100684,1,,,0,6,,100590,34,,,0,7,,100685,1,,,0,6,,100614,34,,,0,5,,100686,1,,,0,7,,100632,34,,,0,6,,100591,34,,,0,47,,100615,34,,,0,9,,100592,34,,,0,9,,100616,1,,,0,9,,100593,34,,,0,9,,100633,34,,,0,4,,100617,1,,,0,13,,100594,34,,,0,49,,100618,1,,,0,9,,100595,34,,,0,9,,100619,1,,,0,11,,100596,34,,,0,9,,100620,1,,,0,10,,100597,34,,,0,48,,100621,1,,,0,17,,100598,34,,,0,15,,100622,1,,,0,15,,100599,34,,,0,55,,100623,1,,,0,15,,100600,34,,,0,15,,100624,1,,,0,16,,100601,34,,,0,54,,100625,1,,,0,15,,100602,34,,,0,12,,100626,1,,,0,17,,100603,34,,,0,54,,100627,1,,,0,16,,100604,34,,,0,16,,100628,1,,,0,15,,100605,34,,,0,55,,100629,1,,,0,15,,100606,34,,,0,15,,100630,1,,,0,15,,100607,34,,,0,5,,100687,1,,,0,50,,100631,34,,,0,8,,100608,1,,,0,18,,100688,34,,,0,20,,100634,34,,,0,52,,100635,1,,,0,12,,100636,34,,,0,18,,100637,34,,,0,10,,100638,1,,,0,11,,100639,34,,,0,51,,100640,1,,,0,11,,100641,34,,,0,11,,100642,34,,,0,11,,100643,34,,,0,10,,100677,34,,,0,10,,100644,34,,,0,49,,100645,34,,,0,9,,100678,34,4,,0,9,,100646,34,,,0,9,,100647,34,,,0,12,,100648,34,,,0,6,,100649,34,,,0,9,,100651,34,,,0,49,,100675,34,,,0,9,,100650,34,,,0,9,,100679,34,4,,0,9,,100652,34,,,0,9,,100653,34,,,0,9,,100680,34,4,,0,48,,100676,34,,,0,10,,100654,34,,,0,10,,100655,34,,,0,10,,100656,34,,,0,10,,100657,34,,,0,10,,100658,34,,,0,50,,100659,34,,,0,10,,100660,34,,,0,10,,100661,34,,,0,10,,100662,1,,,0,10,,100663,34,,,0,10,,100664,1,,,0,50,,100665,34,,,0,8,,100666,1,,,0,12,,100667,34,,,0,12,,100689,1,,,0,16,,100668,34,,,0,9,,100669,1,,,0,54,,100690,34,,,0,12,,100670,1,,,0,14,,100671,34,,,0,17,,100672,34,,,0,60,,100673,34,,,0,21,,100674,34,,,0
2338401,'2_merged_15291797',633,,100692,34,,,0,17,,100693,1,,,0,54,,100694,34,,,0,14,,100695,1,,,0,14,,100696,34,,,0,14,,100777,1,,,0,54,,100697,34,,,0,15,,100698,1,,,0,15,,100699,34,,,0,15,,100700,1,,,0,55,,100701,34,,,0,15,,100702,1,,,0,15,,100703,34,,,0,15,,100704,1,,,0,55,,100705,34,,,0,14,,100706,1,,,0,13,,100707,34,,,0,13,,100708,1,,,0,13,,100709,34,,,0,53,,100710,1,,,0,12,,100711,34,,,0,12,,100712,1,,,0,12,,100713,34,,,0,12,,100714,1,,,0,52,,100715,1,,,0,12,,100716,34,,,0,12,,100717,1,,,0,12,,100718,34,,,0,12,,100719,1,,,0,52,,100720,34,,,0,12,,100721,1,,,0,12,,100722,34,,,0,12,,100723,1,,,0,12,,100724,34,,,0,52,,100725,1,,,0,12,,100726,34,,,0,12,,100727,1,,,0,12,,100728,34,,,0,12,,100729,1,,,0,50,,100730,34,,,0,10,,100758,1,,,0,10,,100767,34,,,0,10,,100759,1,,,0,10,,100768,34,,,0,10,,100760,1,,,0,50,,100769,34,,,0,10,,100761,1,,,0,10,,100770,34,,,0,10,,100762,1,,,0,10,,100771,34,,,0,10,,100763,1,,,0,50,,100772,34,,,0,10,,100764,1,,,0,10,,100773,34,,,0,10,,100765,1,,,0,10,,100775,34,,,0,10,,100766,1,,,0,50,,100731,34,,,0,10,,100732,1,,,0,10,,100733,34,,,0,10,,100734,1,,,0,10,,100774,34,,,0,10,,100735,1,,,0,50,,100736,34,,,0,10,,100776,34,4,,0,10,,100737,1,,,0,10,,100738,34,,,0,10,,100739,1,,,0,12,,100740,34,,,0,52,,100741,34,,,0,11,,100742,1,,,0,12,,100743,34,,,0,12,,100744,1,,,0,12,,100745,34,,,0,52,,100757,34,4,,0,12,,100746,1,,,0,12,,100747,1,,,0,12,,100748,34,,,0,15,,100749,1,,,0,55,,100750,34,,,0,15,,100751,1,,,0,15,,100752,34,,,0,16,,100753,1,,,0,56,,100754,34,,,0,23,,100755,34,,,0,86,,100756,34,,,0
2338401,'3_merged_15291796',615,,100847,1,,,0,15,,100846,34,,,0,17,,100810,1,,,0,57,,100842,34,,,0,16,,100809,1,,,0,16,,100815,34,,,0,15,,100808,1,,,0,55,,100841,34,,,0,15,,100807,1,,,0,15,,100814,34,,,0,15,,100806,1,,,0,55,,100840,34,,,0,15,,100805,1,,,0,15,,100839,34,,,0,15,,100804,1,,,0,55,,100825,34,,,0,15,,100803,34,,,0,15,,100838,34,,,0,16,,100802,1,,,0,56,,100824,34,,,0,15,,100801,1,,,0,15,,100837,34,,,0,15,,100800,1,,,0,55,,100823,34,,,0,16,,100799,1,,,0,15,,100836,34,,,0,15,,100798,1,,,0,55,,100822,34,,,0,15,,100797,1,,,0,16,,100835,34,,,0,16,,100796,1,,,0,56,,100843,34,,,0,16,,100795,1,,,0,16,,100834,34,,,0,56,,100794,1,,,0,15,,100821,34,,,0,16,,100793,1,,,0,16,,100833,34,,,0,55,,100792,1,,,0,15,,100844,34,,,0,15,,100791,1,,,0,15,,100832,34,,,0,55,,100790,1,,,0,15,,100831,34,,,0,15,,100789,1,,,0,15,,100830,34,,,0,55,,100788,1,,,0,15,,100829,34,,,0,15,,100787,1,,,0,15,,100817,34,,,0,55,,100786,1,,,0,15,,100820,34,,,0,15,,100785,1,,,0,15,,100828,34,,,0,55,,100784,1,,,0,15,,100827,34,,,0,15,,100783,1,,,0,15,,100819,34,,,0,55,,100782,1,,,0,15,,100813,34,,,0,15,,100781,1,,,0,15,,100826,34,,,0,55,,100780,1,,,0,15,,100818,34,,,0,15,,100779,1,,,0,15,,100812,34,,,0,55,,100816,34,,,0,15,,100778,1,,,0,20,,100811,34,,,0,94,,100845,34,,,0
3182000,'1803_merged_15291803',1808,,105698,22,4,,0,100,,105699,22,4,,0,95,,105700,22,4,,0,100,,105701,22,4,,0
3182000,'1_merged_15291795',709,,105733,22,4,,0,29,,105732,22,4,,0,72,,105731,22,4,,0,28,,105730,22,4,,0,70,,105729,22,4,,0,30,,105728,22,4,,0,70,,105727,22,4,,0,30,,105726,22,4,,0,70,,105725,22,4,,0,30,,105724,22,4,,0,70,,105723,22,4,,0,30,,105722,22,4,,0,70,,105721,22,4,,0,30,,105720,22,4,,0,70,,105719,22,4,,0,30,,105718,22,4,,0,70,,105717,22,4,,0,30,,105716,22,4,,0,70,,105715,22,4,,0,30,,105714,22,4,,0,70,,105713,22,4,,0,30,,105712,22,4,,0,70,,105711,22,4,,0,30,,105710,22,4,,0,70,,105709,22,4,,0,30,,105708,22,4,,0,70,,105707,22,4,,0,30,,105706,22,4,,0,70,,105705,22,4,,0,30,,105704,22,4,,0,70,,105703,22,4,,0,40,,105702,22,4,,0
3182000,'2_merged_15291797',808,,105734,22,4,,0,30,,105735,22,4,,0,70,,105736,22,4,,0,30,,105737,22,4,,0,70,,105738,22,4,,0,30,,105739,22,4,,0,70,,105740,22,4,,0,30,,105741,22,4,,0,70,,105742,22,4,,0,30,,105743,22,4,,0,70,,105744,22,4,,0,30,,105745,22,4,,0,70,,105746,22,4,,0,30,,105747,22,4,,0,70,,105748,22,4,,0,30,,105749,22,4,,0,70,,105750,22,4,,0,30,,105751,22,4,,0,70,,105752,22,4,,0,30,,105753,22,4,,0,70,,105754,22,4,,0,30,,105755,22,4,,0,70,,105756,22,4,,0,30,,105757,22,4,,0,70,,105758,22,4,,0,30,,105759,22,4,,0,70,,105760,22,4,,0,30,,105761,22,4,,0
3182000,'32603_merged_15291787',1808,,105762,22,4,,0,100,,105763,22,4,,0,95,,105764,22,4,,0,100,,105765,22,4,,0
3182000,'3_merged_15291796',908,,105766,22,4,,0,30,,105767,22,4,,0,70,,105768,22,4,,0,30,,105769,22,4,,0,70,,105770,22,4,,0,30,,105771,22,4,,0,70,,105772,22,4,,0,30,,105773,22,4,,0,70,,105774,22,4,,0,30,,105775,22,4,,0,70,,105776,22,4,,0,30,,105777,22,4,,0,70,,105778,22,4,,0,30,,105779,22,4,,0,70,,105780,22,4,,0,30,,105781,22,4,,0,70,,105782,22,4,,0,30,,105783,22,4,,0,100,,105784,22,4,,0,95,,105785,22,4,,0,100,,105786,22,4,,0,100,,105787,22,4,,0
