667700,'101_merged_15288070',1611,,78039,13,,,0
667700,'1101_merged_15288074',2518,,78040,13,,,0
667700,'1201_merged_15288056',2518,,78041,13,,,0
667700,'1_merged_15288063',616,,78079,13,,,0,29,,78052,13,,,0,71,,78060,13,,,0,30,,78067,13,,,0,73,,78077,13,,,0,28,,78063,13,,,0,78,,78047,13,,,0,24,,78085,13,,,0,87,,78046,13,,,0,71,,78054,13,,,0,29,,78061,13,,,0,70,,78059,13,,,0,30,,78058,13,,,0,71,,78068,13,,,0,31,,78045,13,,,0,69,,78083,13,,,0,15,,78048,13,,,0,31,,78049,13,,,0,65,,78042,13,,,0,20,,78073,13,,,0,14,,78053,13,,,0,70,,78056,13,,,0,19,,78064,13,,,0,12,,78057,13,,,0,59,,78074,13,,,0,13,,78069,13,,,0,19,,78080,13,,,0,60,,78084,13,,,0,13,,78070,13,,,0,15,,78081,13,,,0,12,,78078,13,,,0,56,,78071,13,,,0,10,,78051,13,,,0,11,,78072,13,,,0,14,,78066,13,,,0,16,,78086,13,,,0,57,,78062,13,,,0,16,,78044,13,,,0,15,,78082,13,,,0,11,,78043,13,,,0,68,,78075,13,,,0,29,,78065,13,,,0,69,,78055,13,,,0,30,,78088,13,,,0,69,,78076,13,,,0,30,,78087,13,,,0,70,,78050,13,,,0
667700,'2_merged_15288065',649,,78116,13,,,0,66,,78117,13,,,0,31,,78096,13,,,0,70,,78124,13,,,0,31,,78125,13,,,0,72,,78092,13,,,0,30,,78122,13,,,0,69,,78099,13,,,0,32,,78130,13,,,0,71,,78094,13,,,0,28,,78129,13,,,0,71,,78131,13,,,0,30,,78097,13,,,0,70,,78095,13,,,0,32,,78134,13,,,0,56,,78105,13,,,0,20,,78132,13,,,0,22,,78090,13,,,0,59,,78115,13,,,0,19,,78121,13,,,0,22,,78120,13,,,0,59,,78114,13,,,0,20,,78091,13,,,0,21,,78098,13,,,0,59,,78113,13,,,0,24,,78133,13,,,0,19,,78100,13,,,0,60,,78112,13,,,0,23,,78126,13,,,0,20,,78123,13,,,0,64,,78111,13,,,0,16,,78104,13,,,0,15,,78101,13,,,0,55,,78119,13,,,0,16,,78110,13,,,0,29,,78127,13,,,0,72,,78118,13,,,0,28,,78102,13,,,0,69,,78107,13,,,0,30,,78106,13,,,0,70,,78128,13,,,0,30,,78109,13,,,0,69,,78093,13,,,0,32,,78108,13,,,0,65,,78103,13,,,0,36,,78089,13,,,0
667700,'3_merged_15288064',819,,78152,13,,,0,30,,78146,13,,,0,70,,78155,13,,,0,29,,78145,13,,,0,70,,78153,13,,,0,30,,78144,13,,,0,69,,78154,13,,,0,31,,78135,13,,,0,69,,78156,13,,,0,32,,78143,13,,,0,69,,78139,13,,,0,32,,78151,13,,,0,70,,78158,13,,,0,31,,78150,13,,,0,53,,78172,13,,,0,30,,78159,13,,,0,15,,78149,13,,,0,57,,78171,13,,,0,29,,78162,13,,,0,16,,78148,13,,,0,55,,78170,13,,,0,32,,78160,13,,,0,13,,78147,13,,,0,56,,78169,13,,,0,30,,78157,13,,,0,14,,78142,13,,,0,57,,78168,13,,,0,26,,78137,13,,,0,15,,78141,13,,,0,59,,78167,13,,,0,26,,78136,13,,,0,17,,78140,13,,,0,67,,78138,13,,,0,30,,78166,13,,,0,71,,78163,13,,,0,30,,78165,13,,,0,71,,78161,13,,,0,34,,78164,13,,,0
683700,'1101_merged_15288074',2656,,95616,40,,,0
683700,'1201_merged_15288056',2656,,95617,40,,,0
683700,'1_merged_15288063',2536,,95624,40,,,0,20,,95623,40,,,0,60,,95619,40,,,0,29,,95622,40,,,0,74,,95621,40,,,0,19,,95620,40,,,0,68,,95618,40,,,0
683700,'2_merged_15288065',523,,95633,14,,,0,2019,,95627,40,,,0,62,,95632,40,,,0,14,,95626,40,,,0,19,,95631,40,,,0,20,,95628,40,,,0,70,,95630,40,,,0,12,,95629,40,,,0,74,,95625,40,,,0
683700,'3_merged_15288064',553,,95642,14,,,0,74,,95643,14,,,0,31,,95644,14,,,0,69,,95645,34,,,0,1688,,95638,40,,,0,32,,95637,40,,,0,70,,95636,40,,,0,37,,95635,40,,,0,71,,95634,40,,,0,24,,95641,40,,,0,88,,95640,40,,,0,65,,95639,40,,,0
