'1merged14127355',666101,54000,4,'',0,1500,4,'',0,5500,4,'',0,1500,4,'',0,1600,4,'',0,1500,4,'',0,5500,4,'',0,1700,4,'',0,1500,4,'',0,1600,4,'',0,5300,4,'',0,1300,4,'',0,2000,4,'',0,1200,4,'',0,5500,4,'',0,1500,4,'',0,2000,4,'',0,6000,4,'',0,3000,4,'',0,7000,4,'',0,3000,4,'',0,7000,4,'',0,3000,4,'',0,7000,4,'',0,3000,4,'',0,7200,4,'',0,3000,4,'',0,7000,4,'',0,2400,4,'',0,1500,4,'',0,5200,4,'',0,1500,4,'',0,1500,4,'',0,1500,4,'',0,5500,4,'',0,1500,4,'',0,1500,4,'',0,1000,4,'',0,1500,4,'',0,5500,4,'',0,1400,4,'',0,2000,4,'',0,6600,4,'',0,2000,4,'',0,7000,4,'',0,2800,4,'',0,2900,4,'',0,7100,4,'',0,2900,4,'',0,7000,4,'',0
'2merged14127357',666101,55200,4,'',0,7000,4,'',0,3000,4,'',0,7000,4,'',0,3200,4,'',0,7000,4,'',0,3000,4,'',0,7000,4,'',0,3000,4,'',0,7100,4,'',0,3000,4,'',0,7000,4,'',0,3000,4,'',0,7100,4,'',0,3000,4,'',0,7000,4,'',0,3000,4,'',0,7000,4,'',0,3000,4,'',0,7000,4,'',0,3000,4,'',0,7000,4,'',0,3000,4,'',0,7000,4,'',0,3000,4,'',0,6900,4,'',0,2900,4,'',0,7000,4,'',0,3000,4,'',0,7500,4,'',0,3000,4,'',0,7000,4,'',0,3000,4,'',0,7000,4,'',0
'3merged14127356',666101,72200,4,'',0,3100,4,'',0,7100,4,'',0,3000,4,'',0,7000,4,'',0,3000,4,'',0,7000,4,'',0,3100,4,'',0,7000,4,'',0,3200,4,'',0,7000,4,'',0,3000,4,'',0,6800,4,'',0,3000,4,'',0,7000,4,'',0,3000,4,'',0,7000,4,'',0,3000,4,'',0,7000,4,'',0,3000,4,'',0,7000,4,'',0,3000,4,'',0,7000,4,'',0,3000,4,'',0,6900,4,'',0,10000,4,'',0,10000,4,'',0,10000,4,'',0
'1merged14127355',666400,63600,4,'',0,7100,4,'',0,2700,4,'',0,7400,4,'',0,3400,4,'',0,7000,4,'',0,2900,4,'',0,7200,4,'',0,3000,4,'',0,7000,4,'',0,3400,4,'',0,7100,4,'',0,3000,4,'',0,7000,4,'',0,3000,4,'',0,7000,4,'',0,3000,4,'',0,7300,4,'',0,2900,4,'',0,7300,4,'',0,2800,4,'',0,7000,4,'',0,3000,4,'',0,7000,4,'',0,2600,4,'',0,7000,4,'',0,3000,4,'',0,6800,4,'',0,2700,4,'',0,7000,4,'',0,3000,4,'',0,8000,4,'',0,7800,4,'',0,4000,4,'',0,8000,4,'',0,8000,4,'',0
'2merged14127357',666400,63700,4,'',0,7000,4,'',0,3000,4,'',0,7000,4,'',0,3200,4,'',0,7000,4,'',0,3000,4,'',0,7000,4,'',0,3100,4,'',0,7200,4,'',0,3200,4,'',0,7000,4,'',0,2800,4,'',0,7000,4,'',0,3000,4,'',0,7200,4,'',0,3200,4,'',0,7000,4,'',0,2900,4,'',0,7000,4,'',0,3000,4,'',0,7000,4,'',0,3000,4,'',0,6900,4,'',0,3000,4,'',0,6700,4,'',0,2800,4,'',0,7000,4,'',0,10000,4,'',0,10000,4,'',0,9800,4,'',0,10000,4,'',0,9800,4,'',0
'3merged14127356',666400,74600,4,'',0,10200,4,'',0,10100,4,'',0,10100,4,'',0,10200,4,'',0,10100,4,'',0,10000,4,'',0,10000,4,'',0,10000,4,'',0,10000,4,'',0,9800,4,'',0,10000,4,'',0,9800,4,'',0,10000,4,'',0,10000,4,'',0,10000,4,'',0,9900,4,'',0,15800,4,'',0
'1merged14127355',666601,54800,4,'',0,7400,4,'',0,2600,4,'',0,7600,4,'',0,2300,4,'',0,6500,4,'',0,2900,4,'',0,7000,4,'',0,2300,4,'',0,6900,4,'',0,3100,4,'',0,7000,4,'',0,3000,4,'',0,7000,4,'',0,3000,4,'',0,7200,4,'',0,2900,4,'',0,7000,4,'',0,3100,4,'',0,7300,4,'',0,1600,4,'',0,2200,4,'',0,6100,4,'',0,2300,4,'',0,2200,4,'',0,6300,4,'',0,1400,4,'',0,1200,4,'',0,1400,4,'',0,5500,4,'',0,1300,4,'',0,1700,4,'',0,1800,4,'',0,7100,4,'',0,7500,4,'',0,9900,4,'',0,3400,4,'',0,8500,4,'',0,8300,4,'',0,4500,4,'',0,8300,4,'',0,8500,4,'',0
'2merged14127357',666601,75800,4,'',0,7000,4,'',0,3000,4,'',0,7000,4,'',0,7400,4,'',0,3000,4,'',0,7300,4,'',0,3000,4,'',0,7000,4,'',0,3100,4,'',0,6800,4,'',0,3200,4,'',0,7000,4,'',0,3000,4,'',0,7000,4,'',0,3200,4,'',0,7000,4,'',0,3000,4,'',0,6700,4,'',0,3000,4,'',0,7000,4,'',0,3000,4,'',0,6700,4,'',0,2800,4,'',0,7200,4,'',0,3000,4,'',0,7000,4,'',0,9900,4,'',0,10000,4,'',0,10000,4,'',0,10000,4,'',0,5200,4,'',0
'3merged14127356',666601,73200,4,'',0,10800,4,'',0,10000,4,'',0,10300,4,'',0,9900,4,'',0,10300,4,'',0,10200,4,'',0,9700,4,'',0,10000,4,'',0,9900,4,'',0,10100,4,'',0,10000,4,'',0,9700,4,'',0,10000,4,'',0,9800,4,'',0,9700,4,'',0,10000,4,'',0,9400,4,'',0
'1merged14127355',666800,54500,,'',0,7000,,'',0,3100,,'',0,7000,,'',0,3000,,'',0,7400,,'',0,3000,,'',0,7000,,'',0,2600,,'',0,7000,,'',0,2900,,'',0,7000,,'',0,3000,,'',0,7000,,'',0,3000,,'',0,7000,,'',0,2900,,'',0,7000,,'',0,3000,,'',0,7100,,'',0,3100,,'',0,7400,,'',0,2600,,'',0,7000,,'',0,2900,,'',0,7000,,'',0,2000,,'',0,6500,,'',0,3000,,'',0,7000,,'',0,3000,,'',0,7000,,'',0,3000,,'',0,7000,,'',0,3000,,'',0,7000,,'',0,10000,,'',0,10000,,'',0,10000,,'',0
'1merged14127355',666801,53500,4,'',0,7000,4,'',0,3200,4,'',0,7200,4,'',0,3100,4,'',0,7000,4,'',0,3000,4,'',0,6900,4,'',0,3000,4,'',0,6900,4,'',0,2900,4,'',0,7000,4,'',0,3000,4,'',0,7000,4,'',0,3000,4,'',0,7200,4,'',0,3000,4,'',0,7000,4,'',0,3000,4,'',0,7000,4,'',0,3200,4,'',0,7300,4,'',0,2700,4,'',0,7000,4,'',0,2900,4,'',0,7000,4,'',0,2000,4,'',0,2500,4,'',0,6900,4,'',0,2800,4,'',0,7000,4,'',0,3000,4,'',0,7000,4,'',0,3000,4,'',0,6900,4,'',0,3000,4,'',0,6800,4,'',0,3000,4,'',0,9900,4,'',0,10000,4,'',0
'2merged14127357',666800,55000,,'',0,7500,,'',0,2500,,'',0,7000,,'',0,3000,,'',0,7000,,'',0,3000,,'',0,7000,,'',0,3000,,'',0,7000,,'',0,3000,,'',0,7000,,'',0,3000,,'',0,7000,,'',0,3000,,'',0,7000,,'',0,3000,,'',0,7000,,'',0,3000,,'',0,7000,,'',0,3000,,'',0,7000,,'',0,3000,,'',0,7000,,'',0,3000,,'',0,7000,,'',0,3000,,'',0,7000,,'',0,3000,,'',0,7000,,'',0,3000,,'',0,7000,,'',0,8000,,'',0,3000,,'',0,7000,,'',0,3000,,'',0,7000,,'',0,3000,,'',0,7000,,'',0,3000,,'',0,7000,,'',0
'2merged14127357',666801,62000,4,'',0,2900,4,'',0,7000,4,'',0,3000,4,'',0,7200,4,'',0,3000,4,'',0,7000,4,'',0,3000,4,'',0,7100,4,'',0,3100,4,'',0,7100,4,'',0,2500,4,'',0,7500,4,'',0,3000,4,'',0,7000,4,'',0,3000,4,'',0,7100,4,'',0,3000,4,'',0,7100,4,'',0,3000,4,'',0,7000,4,'',0,2900,4,'',0,7000,4,'',0,3000,4,'',0,6900,4,'',0,3000,4,'',0,6800,4,'',0,2900,4,'',0,7100,4,'',0,2600,4,'',0,6900,4,'',0,3500,4,'',0,6900,4,'',0,3000,4,'',0,6800,4,'',0,3000,4,'',0,7000,4,'',0,3000,4,'',0,7000,4,'',0,3000,4,'',0
'3merged14127356',666800,55500,,'',0,7000,,'',0,3000,,'',0,7000,,'',0,3000,,'',0,7000,,'',0,3000,,'',0,7000,,'',0,3000,,'',0,7000,,'',0,3000,,'',0,7000,,'',0,3000,,'',0,7000,,'',0,3000,,'',0,7000,,'',0,3000,,'',0,7000,,'',0,3000,,'',0,7000,,'',0,3000,,'',0,7000,,'',0,3000,,'',0,7000,,'',0,3000,,'',0,7000,,'',0,3000,,'',0,7000,,'',0,3000,,'',0,7000,,'',0,3000,,'',0,7000,,'',0,2600,,'',0,7400,,'',0,3000,,'',0,7000,,'',0,3000,,'',0
'3merged14127356',666801,61800,4,'',0,2800,4,'',0,7000,4,'',0,3000,4,'',0,7200,4,'',0,3000,4,'',0,7100,4,'',0,3100,4,'',0,7100,4,'',0,3000,4,'',0,7000,4,'',0,3000,4,'',0,7000,4,'',0,3100,4,'',0,7000,4,'',0,3000,4,'',0,7000,4,'',0,3000,4,'',0,7000,4,'',0,3000,4,'',0,7000,4,'',0,3000,4,'',0,7100,4,'',0,3000,4,'',0,6700,4,'',0,3000,4,'',0,7000,4,'',0,3000,4,'',0,7000,4,'',0,3000,4,'',0,7000,4,'',0,3000,4,'',0,7000,4,'',0,3000,4,'',0,6800,4,'',0,3000,4,'',0
'1merged14127355',722401,50700,4,'',0,2700,4,'',0,2000,4,'',0,6300,4,'',0,2300,4,'',0,6100,4,'',0,2300,4,'',0,2100,4,'',0,6100,4,'',0,1500,4,'',0,1500,4,'',0,1500,4,'',0,6000,4,'',0,1800,4,'',0,2100,4,'',0,6900,4,'',0,3000,4,'',0,7000,4,'',0,3300,4,'',0,6800,4,'',0,3000,4,'',0,7000,4,'',0,3000,4,'',0,7200,4,'',0,3300,4,'',0,7200,4,'',0,2400,4,'',0,5900,4,'',0,2000,4,'',0,1500,4,'',0,1400,4,'',0,6100,4,'',0,1300,4,'',0,2100,4,'',0,5500,4,'',0,2200,4,'',0,1900,4,'',0,6500,4,'',0
