672600,'1_merged_15291795',530,,87889,5,,,0,70,,87890,5,,,0,29,,87891,5,,,0,27,,87892,5,,,0,65,,87893,5,,,0,32,,87894,5,,,0,73,,87895,5,,,0,33,,87896,5,,,0,68,,87897,5,,,0,79,,87898,5,,,0,28,,87899,5,,,0,66,,87900,5,,,0,26,,87901,5,,,0,77,,87902,5,,,0,30,,87903,5,,,0,69,,87904,5,,,0,25,,87905,5,,,0,77,,87906,5,,,0,33,,87907,5,,,0,72,,87908,5,,,0,30,,87909,15,,,0,65,,87910,15,,,0,32,,87911,15,,,0,70,,87912,15,,,0,35,,87913,15,,,0,71,,87914,15,,,0,32,,87915,15,,,0,65,,87916,15,,,0,28,,87917,15,,,0,71,,87918,15,,,0,30,,87919,15,,,0,69,,87920,15,,,0,30,,87886,15,,,0,67,,87887,15,,,0,55,,87888,15,,,0
672600,'2_merged_15291797',652,,87942,5,,,0,88,,87939,5,,,0,93,,87927,5,,,0,70,,87949,5,,,0,31,,87928,5,,,0,70,,87944,5,,,0,30,,87929,5,,,0,69,,87946,5,,,0,31,,87938,5,,,0,70,,87947,5,,,0,32,,87930,5,,,0,70,,87948,5,,,0,30,,87931,5,,,0,70,,87943,5,,,0,30,,87932,5,,,0,70,,87950,5,,,0,28,,87933,15,,,0,70,,87921,15,,,0,28,,87934,15,,,0,70,,87945,15,,,0,33,,87935,15,,,0,70,,87922,15,,,0,30,,87936,15,,,0,72,,87941,15,,,0,26,,87937,15,,,0,70,,87923,15,,,0,100,,87924,15,,,0,100,,87925,15,,,0,100,,87940,15,,,0
672600,'3_merged_15291796',746,,87957,5,,,0,104,,87958,5,,,0,75,,87960,5,,,0,34,,87970,5,,,0,75,,87963,5,,,0,77,,87972,5,,,0,31,,87964,5,,,0,73,,87971,5,,,0,27,,87965,5,,,0,70,,87973,5,,,0,31,,87966,5,,,0,69,,87974,5,,,0,31,,87967,5,,,0,69,,87975,5,,,0,30,,87968,15,,,0,69,,87976,15,,,0,30,,87969,15,,,0,69,,87959,15,,,0,30,,87961,15,,,0,70,,87951,15,,,0,30,,87962,15,,,0,70,,87952,15,,,0,104,,87953,15,,,0,104,,87954,15,,,0,100,,87955,15,,,0,101,,87956,15,,,0
3454301,'1901_merged_15291792',1455,,108565,4,,,0
3454301,'1_merged_15291795',443,,108631,4,,,0,58,,108632,4,,,0,16,,108566,4,,,0,13,,108567,4,,,0,15,,108568,4,,,0,14,,108641,4,,,0,55,,108569,4,,,0,12,,108570,4,,,0,12,,108571,4,,,0,12,,108640,4,,,0,51,,108572,4,,,0,9,,108573,4,,,0,9,,108574,4,,,0,10,,108575,4,,,0,10,,108639,4,,,0,10,,108576,4,,,0,10,,108642,4,,,0,51,,108577,4,,,0,12,,108578,4,,,0,12,,108579,4,,,0,12,,108638,4,,,0,13,,108580,4,,,0,51,,108581,4,,,0,14,,108582,4,,,0,15,,108583,4,,,0,15,,108637,4,,,0,55,,108584,4,,,0,15,,108585,4,,,0,15,,108586,4,,,0,15,,108636,4,,,0,54,,108587,4,,,0,15,,108588,4,,,0,15,,108589,4,,,0,15,,108635,4,,,0,56,,108590,4,,,0,15,,108591,4,,,0,15,,108592,4,,,0,15,,108634,4,,,0,55,,108628,4,,,0,15,,108629,4,,,0,17,,108630,4,,,0,15,,108633,4,,,0,55,,108593,4,,,0,16,,108594,4,,,0,19,,108595,4,,,0,70,,108596,4,,,0,15,,108597,4,,,0,22,,108598,4,,,0,48,,108599,4,,,0,12,,108600,4,,,0,12,,108601,4,,,0,12,,108602,4,,,0,11,,108603,4,,,0,11,,108604,4,,,0,52,,108605,4,,,0,12,,108606,4,,,0,12,,108607,4,,,0,13,,108608,4,,,0,52,,108609,4,,,0,15,,108610,4,,,0,12,,108611,4,,,0,14,,108612,4,,,0,13,,108613,4,,,0,55,,108614,8,,,0,15,,108615,8,,,0,15,,108616,8,,,0,15,,108617,8,,,0,56,,108618,8,,,0,15,,108619,8,,,0,28,,108620,8,,,0,69,,108621,8,,,0,29,,108622,8,,,0,70,,108623,8,,,0,29,,108624,8,,,0,70,,108625,8,,,0,30,,108626,8,,,0,70,,108627,8,,,0
3454301,'2001_merged_15291805',1455,,108643,4,,,0
3454301,'2_merged_15291797',523,,108691,8,,,0,35,,108690,8,,,0,70,,108689,8,,,0,30,,108688,8,,,0,68,,108687,8,,,0,29,,108686,8,,,0,67,,108685,8,,,0,20,,108684,8,,,0,60,,108683,8,,,0,18,,108682,8,,,0,20,,108681,8,,,0,60,,108680,8,,,0,20,,108679,8,,,0,19,,108678,8,,,0,20,,108677,8,,,0,61,,108676,8,,,0,20,,108675,8,,,0,60,,108674,8,,,0,20,,108673,8,,,0,20,,108672,8,,,0,60,,108671,8,,,0,20,,108670,8,,,0,20,,108669,8,,,0,60,,108668,8,,,0,20,,108667,8,,,0,20,,108666,8,,,0,61,,108645,8,,,0,20,,108644,8,,,0,20,,108665,8,,,0,61,,108664,8,,,0,17,,108663,8,,,0,21,,108662,8,,,0,62,,108661,8,,,0,21,,108660,8,,,0,20,,108659,8,,,0,60,,108658,8,,,0,22,,108657,8,,,0,30,,108656,8,,,0,71,,108655,8,,,0,33,,108654,8,,,0,70,,108653,8,,,0,30,,108652,8,,,0,70,,108651,8,,,0,71,,108650,8,,,0,30,,108649,8,,,0,99,,108648,8,,,0,96,,108647,8,,,0,101,,108646,4,,,0
3454301,'3_merged_15291796',527,,108700,8,,,0,75,,108701,8,,,0,34,,108732,8,,,0,68,,108733,8,,,0,31,,108734,8,,,0,71,,108702,8,,,0,31,,108703,8,,,0,70,,108704,8,,,0,28,,108705,8,,,0,69,,108706,8,,,0,30,,108697,8,,,0,67,,108707,8,,,0,19,,108708,8,,,0,18,,108698,8,,,0,20,,108709,8,,,0,63,,108710,8,,,0,20,,108699,8,,,0,60,,108711,8,,,0,23,,108712,8,,,0,21,,108696,8,,,0,60,,108713,8,,,0,20,,108714,8,,,0,21,,108693,8,,,0,58,,108715,8,,,0,20,,108716,8,,,0,18,,108694,8,,,0,61,,108717,8,,,0,20,,108718,8,,,0,20,,108695,8,,,0,60,,108719,8,,,0,30,,108720,8,,,0,71,,108731,8,,,0,37,,108721,8,,,0,75,,108722,8,,,0,35,,108723,8,,,0,75,,108726,8,,,0,75,,108725,8,,,0,35,,108724,8,,,0,75,,108727,8,,,0,37,,108728,8,,,0,75,,108692,8,,,0,104,,108729,8,,,0,98,,108730,4,,,0
3454301,'62101_merged_15291793',1542,,108735,4,,,0
3454301,'62201_merged_15291791',1542,,108736,4,,,0
