2263801,'101_merged_15529707',1557,,160160,31,,,0,63,,160159,31,,,0
2263801,'1_merged_15529700',449,,160179,31,,,0,70,,160180,31,,,0,22,,160181,31,,,0,16,,160182,31,,,0,54,,160183,31,,,0,14,,160184,31,,,0,13,,160185,31,,,0,14,,160186,31,,,0,53,,160187,31,,,0,18,,160188,31,,,0,7,,160189,31,,,0,21,,160190,31,,,0,52,,160191,31,,,0,17,,160192,31,,,0,14,,160193,31,,,0,24,,160194,31,,,0,72,,160195,31,,,0,72,,160196,31,,,0,25,,160197,31,,,0,30,,160198,31,,,0,70,,160199,31,,,0,31,,160200,31,,,0,70,,160201,31,,,0,30,,160202,31,,,0,70,,160203,31,,,0,28,,160204,31,,,0,74,,160205,31,,,0,18,,160217,31,,,0,62,,160206,31,,,0,22,,160207,31,,,0,20,,160208,31,,,0,81,,160209,31,,,0,18,,160210,31,,,0,55,,160211,31,,,0,13,,160212,31,,,0,13,,160213,31,,,0,13,,160214,31,,,0,13,,160161,31,,,0,57,,160170,31,,,0,21,,160168,31,,,0,23,,160169,31,,,0,68,,160216,31,,,0,19,,160163,31,,,0,54,,160215,31,,,0,28,,160178,31,,,0,22,,160162,31,,,0,68,,160171,31,,,0,30,,160172,31,,,0,70,,160173,31,,,0,28,,160164,31,,,0,70,,160176,31,,,0,19,,160177,31,,,0,69,,160165,31,,,0,28,,160175,31,,,0,69,,160166,31,,,0,30,,160174,31,,,0,70,,160167,31,,,0
2263801,'201',1620,,160218,31,,,0
2263801,'2_merged_15529702',553,,160219,31,,,0,72,,160220,31,,,0,30,,160221,31,,,0,73,,160222,31,,,0,30,,160223,31,,,0,69,,160224,31,,,0,32,,160225,31,,,0,70,,160226,31,,,0,71,,160227,31,,,0,30,,160228,31,,,0,70,,160229,31,,,0,32,,160230,31,,,0,71,,160231,31,,,0,30,,160232,31,,,0,70,,160233,31,,,0,30,,160234,31,,,0,70,,160235,31,,,0,30,,160236,31,,,0,71,,160237,31,,,0,30,,160238,31,,,0,70,,160239,31,,,0,29,,160240,31,,,0,70,,160241,31,,,0,29,,160242,31,,,0,71,,160243,31,,,0,28,,160244,31,,,0,70,,160245,31,,,0,29,,160246,31,,,0,70,,160247,31,,,0,23,,160248,31,,,0,31,,160249,31,,,0,69,,160250,31,,,0,30,,160251,31,,,0,69,,160252,31,,,0,30,,160253,31,,,0,66,,160254,31,,,0,30,,160255,31,,,0,70,,160256,31,,,0,30,,160257,31,,,0,75,,160258,31,,,0
2263801,'3_merged_15529701',704,,160264,31,,,0,30,,160265,31,,,0,71,,160263,31,,,0,30,,160269,31,,,0,73,,160270,31,,,0,30,,160271,31,,,0,71,,160275,31,,,0,30,,160276,31,,,0,71,,160277,31,,,0,30,,160278,31,,,0,70,,160259,31,,,0,31,,160260,31,,,0,70,,160261,31,,,0,30,,160279,31,,,0,70,,160280,31,,,0,30,,160281,31,,,0,70,,160282,31,,,0,30,,160283,31,,,0,69,,160284,31,,,0,30,,160285,31,,,0,70,,160286,31,,,0,29,,160287,31,,,0,72,,160266,31,,,0,30,,160289,31,,,0,69,,160290,31,,,0,30,,160291,31,,,0,70,,160292,31,,,0,30,,160293,31,,,0,68,,160294,31,,,0,29,,160295,31,,,0,75,,160262,31,,,0,26,,160267,31,,,0,70,,160268,31,,,0,29,,160272,31,,,0,70,,160273,31,,,0,29,,160274,31,,,0,70,,160288,31,,,0
3004600,'101_merged_15529707',1636,,163189,28,,,0
3004600,'1_merged_15529700',448,,163196,28,,,0,74,,163197,28,,,0,17,,163198,28,,,0,20,,163194,28,,,0,52,,163226,28,,,0,15,,163227,28,,,0,15,,163228,28,,,0,16,,163229,28,,,0,52,,163195,28,,,0,20,,163222,28,,,0,17,,163223,28,,,0,55,,163224,28,,,0,17,,163225,28,,,0,15,,163193,28,,,0,20,,163246,28,,,0,59,,163230,28,,,0,22,,163231,28,,,0,23,,163232,28,,,0,70,,163233,28,,,0,30,,163234,28,,,0,70,,163235,28,,,0,30,,163236,28,,,0,71,,163237,28,,,0,29,,163238,28,,,0,71,,163239,28,,,0,72,,163240,28,,,0,27,,163241,28,,,0,32,,163242,28,,,0,74,,163243,28,,,0,22,,163245,28,,,0,53,,163244,28,,,0,16,,163190,28,,,0,30,,163219,28,,,0,55,,163220,28,,,0,16,,163221,28,,,0,14,,163191,28,,,0,16,,163213,28,,,0,54,,163214,28,,,0,12,,163215,28,,,0,13,,163216,28,,,0,22,,163217,28,,,0,64,,163218,28,,,0,21,,163192,28,,,0,63,,163211,28,,,0,24,,163212,28,,,0,27,,163199,28,,,0,70,,163200,28,,,0,30,,163210,28,,,0,68,,163201,28,,,0,30,,163202,28,,,0,70,,163209,28,,,0,30,,163203,28,,,0,69,,163204,28,,,0,30,,163208,28,,,0,70,,163205,28,,,0,30,,163206,28,,,0,70,,163207,28,,,0
3004600,'201',1636,,163247,28,,,0
3004600,'2_merged_15529702',557,,163272,28,,,0,71,,163273,28,,,0,30,,163274,28,,,0,71,,163275,28,,,0,30,,163276,28,,,0,72,,163277,28,,,0,71,,163278,28,,,0,30,,163279,28,,,0,70,,163288,28,,,0,31,,163289,28,,,0,70,,163248,28,,,0,30,,163249,28,,,0,70,,163250,28,,,0,32,,163251,28,,,0,70,,163252,28,,,0,30,,163253,28,,,0,70,,163254,28,,,0,30,,163255,28,,,0,70,,163256,28,,,0,30,,163257,28,,,0,70,,163258,28,,,0,30,,163259,28,,,0,70,,163260,28,,,0,30,,163280,28,,,0,70,,163261,28,,,0,30,,163262,28,,,0,69,,163263,28,,,0,30,,163264,28,,,0,69,,163265,28,,,0,28,,163266,28,,,0,70,,163267,28,,,0,30,,163268,28,,,0,70,,163269,28,,,0,29,,163270,28,,,0,70,,163271,28,,,0,28,,163281,28,,,0,30,,163282,28,,,0,70,,163283,28,,,0,30,,163284,28,,,0,69,,163285,28,,,0,30,,163286,28,,,0,70,,163287,28,,,0
3004600,'3_merged_15529701',557,,163306,28,,,0,70,,163308,28,,,0,30,,163309,28,,,0,73,,163310,28,,,0,70,,163311,28,,,0,31,,163312,28,,,0,70,,163313,28,,,0,31,,163314,28,,,0,70,,163315,28,,,0,30,,163316,28,,,0,70,,163317,28,,,0,30,,163318,28,,,0,72,,163319,28,,,0,30,,163320,28,,,0,70,,163321,28,,,0,31,,163322,28,,,0,70,,163323,28,,,0,30,,163324,28,,,0,70,,163325,28,,,0,30,,163326,28,,,0,70,,163327,28,,,0,30,,163328,28,,,0,70,,163329,28,,,0,30,,163307,28,,,0,70,,163292,28,,,0,29,,163293,28,,,0,69,,163294,28,,,0,29,,163295,28,,,0,69,,163296,28,,,0,30,,163290,28,,,0,70,,163291,28,,,0,28,,163297,28,,,0,30,,163298,28,,,0,68,,163299,28,,,0,30,,163300,28,,,0,70,,163301,28,,,0,30,,163302,28,,,0,70,,163303,28,,,0,30,,163304,28,,,0,70,,163305,28,,,0
3004901,'1_merged_15529700',557,,164048,12,,,0,55,,164049,12,,,0,14,,164050,12,,,0,16,,164051,12,,,0,15,,164052,12,,,0,58,,164053,12,,,0,10,,164054,12,,,0,20,,164055,12,,,0,5,,164093,12,,,0,62,,164056,12,,,0,15,,164094,12,,,0,10,,164057,12,,,0,16,,164058,12,,,0,52,,164059,12,,,0,22,,164060,12,,,0,30,,164061,12,,,0,65,,164062,12,,,0,32,,164063,12,,,0,72,,164064,12,,,0,30,,164065,12,,,0,70,,164047,12,,,0,30,,164066,12,,,0,70,,164067,12,,,0,30,,164068,12,,,0,72,,164069,12,,,0,30,,164070,12,,,0,65,,164071,12,,,0,10,,164095,12,,,0,15,,164072,12,,,0,11,,164073,12,,,0,51,,164075,12,,,0,19,,164097,12,,,0,8,,164076,12,,,0,12,,164074,12,,,0,54,,164077,12,,,0,13,,164078,12,,,0,17,,164079,12,,,0,11,,164080,12,,,0,14,,164081,12,,,0,59,,164082,12,,,0,18,,164083,12,,,0,15,,164084,12,,,0,57,,164096,12,,,0,18,,164085,12,,,0,33,,164086,12,,,0,70,,164087,12,,,0,30,,164088,12,,,0,67,,164089,12,,,0,32,,164090,12,,,0,69,,164091,12,,,0,32,,164092,12,,,0,69,,164046,12,,,0
3004901,'2_merged_15529702',557,,164098,12,,,0,70,,164104,12,,,0,30,,164105,12,,,0,70,,164106,12,,,0,30,,164107,12,,,0,74,,164109,12,,,0,70,,164110,12,,,0,30,,164111,12,,,0,71,,164112,12,,,0,25,,164113,12,,,0,77,,164114,12,,,0,25,,164115,12,,,0,71,,164116,12,,,0,30,,164117,12,,,0,70,,164118,12,,,0,30,,164119,12,,,0,71,,164120,12,,,0,30,,164121,12,,,0,70,,164122,12,,,0,30,,164123,12,,,0,69,,164124,12,,,0,31,,164125,12,,,0,20,,164134,12,,,0,60,,164126,12,,,0,20,,164127,12,,,0,20,,164135,12,,,0,60,,164128,12,,,0,20,,164129,12,,,0,20,,164136,12,,,0,60,,164130,12,,,0,21,,164133,12,,,0,18,,164137,12,,,0,58,,164131,12,,,0,20,,164132,12,,,0,30,,164108,12,,,0,69,,164099,12,,,0,30,,164100,12,,,0,67,,164101,12,,,0,30,,164102,12,,,0,70,,164103,12,,,0
3004901,'3_merged_15529701',655,,164167,12,,,0,70,,164168,12,,,0,32,,164169,12,,,0,70,,164170,12,,,0,32,,164171,12,,,0,72,,164139,12,,,0,71,,164140,12,,,0,30,,164141,12,,,0,70,,164142,12,,,0,30,,164143,12,,,0,69,,164144,12,,,0,28,,164145,12,,,0,30,,164146,12,,,0,70,,164147,12,,,0,30,,164148,12,,,0,70,,164149,12,,,0,71,,164150,12,,,0,30,,164151,12,,,0,29,,164138,12,,,0,71,,164152,12,,,0,70,,164153,12,,,0,30,,164154,12,,,0,70,,164155,12,,,0,27,,164156,12,,,0,27,,164157,12,,,0,75,,164158,12,,,0,30,,164159,12,,,0,70,,164160,12,,,0,28,,164161,12,,,0,68,,164162,12,,,0,30,,164163,12,,,0,65,,164164,12,,,0,30,,164165,12,,,0,72,,164166,12,,,0
3058401,'1_merged_15529700',550,,165774,13,,,0,70,,165775,13,,,0,31,,165763,13,,,0,67,,165795,13,,,0,18,,165796,13,,,0,17,,165776,13,,,0,63,,165777,13,,,0,16,,165797,13,,,0,21,,165778,13,,,0,73,,165779,13,,,0,26,,165780,13,,,0,67,,165781,13,,,0,30,,165782,13,,,0,66,,165783,13,,,0,35,,165784,13,,,0,69,,165785,13,,,0,26,,165786,13,,,0,72,,165787,13,,,0,33,,165788,13,,,0,71,,165789,13,,,0,34,,165790,13,,,0,67,,165791,13,,,0,35,,165792,13,,,0,70,,165793,13,,,0,78,,165794,13,,,0,19,,165764,13,,,0,78,,165773,13,,,0,38,,165765,13,,,0,67,,165772,13,,,0,20,,165766,13,,,0,74,,165771,13,,,0,27,,165767,13,,,0,30,,165770,13,,,0,71,,165768,13,,,0,72,,165769,13,,,0,56,,165798,13,,,0
3058401,'2_merged_15529702',617,,165799,13,,,0,28,,165800,13,,,0,75,,165801,13,,,0,31,,165802,13,,,0,71,,165803,13,,,0,30,,165804,13,,,0,73,,165805,13,,,0,32,,165806,13,,,0,71,,165807,13,,,0,30,,165808,13,,,0,69,,165809,13,,,0,32,,165810,13,,,0,70,,165811,13,,,0,72,,165812,13,,,0,31,,165813,13,,,0,68,,165814,13,,,0,32,,165815,13,,,0,70,,165816,13,,,0,30,,165817,13,,,0,70,,165818,13,,,0,30,,165819,13,,,0,69,,165820,13,,,0,30,,165821,13,,,0,69,,165822,13,,,0,29,,165823,13,,,0,29,,165824,13,,,0,70,,165825,13,,,0,29,,165826,13,,,0,69,,165827,13,,,0,29,,165830,13,,,0,73,,165828,13,,,0,73,,165829,13,,,0,100,,165831,13,,,0,100,,165832,13,,,0
3058401,'3_merged_15529701',759,,165833,13,,,0,72,,165834,13,,,0,70,,165835,13,,,0,31,,165836,13,,,0,70,,165837,13,,,0,31,,165838,13,,,0,71,,165839,13,,,0,32,,165840,13,,,0,71,,165844,13,,,0,31,,165845,13,,,0,71,,165846,13,,,0,31,,165847,13,,,0,70,,165848,13,,,0,30,,165849,13,,,0,67,,165850,13,,,0,30,,165851,13,,,0,71,,165852,13,,,0,30,,165853,13,,,0,70,,165854,13,,,0,31,,165855,13,,,0,69,,165856,13,,,0,30,,165857,13,,,0,70,,165858,13,,,0,28,,165859,13,,,0,69,,165860,13,,,0,30,,165841,13,,,0,71,,165842,13,,,0,29,,165843,13,,,0,66,,165861,13,,,0,99,,165862,13,,,0,100,,165863,13,,,0
