670800,'101_merged_15524987',713,,144573,19,,,0,794,,144574,13,,,0,48,,144572,19,,,0
670800,'1_merged_15524980',533,,144616,18,,,0,20,,144612,19,,,0,57,,144586,19,,,0,19,,144591,18,,,0,18,,144614,18,,,0,53,,144581,18,,,0,23,,144613,19,,,0,12,,144620,19,,,0,15,,144615,18,,,0,55,,144593,19,,,0,17,,144576,19,,,0,18,,144592,19,,,0,18,,144578,19,,,0,69,,144583,19,,,0,30,,144584,19,,,0,70,,144596,19,,,0,30,,144579,19,,,0,70,,144597,19,,,0,31,,144602,19,,,0,70,,144598,19,,,0,30,,144585,19,,,0,70,,144599,19,,,0,30,,144609,19,,,0,70,,144600,19,,,0,29,,144587,18,,,0,58,,144589,19,,,0,20,,144594,18,,,0,80,,144575,19,,,0,20,,144590,19,,,0,20,,144603,19,,,0,57,,144617,19,,,0,17,,144604,19,,,0,20,,144605,19,,,0,51,,144595,19,,,0,15,,144618,19,,,0,15,,144606,19,,,0,15,,144607,19,,,0,55,,144619,19,,,0,15,,144588,19,,,0,16,,144611,19,,,0,20,,144621,19,,,0,60,,144610,19,,,0,19,,144601,19,,,0,20,,144622,19,,,0,60,,144580,19,,,0,98,,144582,19,,,0,100,,144608,19,,,0,103,,144577,19,,,0
670800,'201',713,,144623,19,,,0,842,,144624,18,,,0
670800,'2_merged_15524982',552,,144659,18,,,0,56,,144658,18,,,0,17,,144647,18,,,0,20,,144660,18,,,0,60,,144646,19,,,0,20,,144631,18,,,0,20,,144661,19,,,0,60,,144645,19,,,0,31,,144630,19,,,0,70,,144644,19,,,0,30,,144625,19,,,0,71,,144643,19,,,0,30,,144651,19,,,0,70,,144642,19,,,0,30,,144629,19,,,0,70,,144641,19,,,0,31,,144627,19,,,0,70,,144640,19,,,0,30,,144626,19,,,0,70,,144639,19,,,0,29,,144652,19,,,0,69,,144638,19,,,0,31,,144662,19,,,0,71,,144637,19,,,0,30,,144655,19,,,0,70,,144636,18,,,0,30,,144628,19,,,0,70,,144635,19,,,0,29,,144657,19,,,0,69,,144634,19,,,0,29,,144656,19,,,0,70,,144633,19,,,0,30,,144654,19,,,0,72,,144632,19,,,0,32,,144653,19,,,0,98,,144650,19,,,0,97,,144649,19,,,0,98,,144648,19,,,0
670800,'3_merged_15524981',633,,144663,18,,,0,20,,144694,18,,,0,60,,144693,19,,,0,20,,144692,19,,,0,71,,144671,19,,,0,30,,144691,19,,,0,70,,144681,19,,,0,31,,144690,19,,,0,71,,144680,19,,,0,30,,144689,19,,,0,71,,144676,19,,,0,30,,144688,19,,,0,70,,144675,19,,,0,23,,144687,18,,,0,21,,144697,19,,,0,60,,144674,19,,,0,20,,144698,18,,,0,20,,144686,19,,,0,60,,144673,19,,,0,20,,144685,19,,,0,20,,144699,19,,,0,60,,144677,19,,,0,19,,144668,19,,,0,20,,144700,19,,,0,60,,144672,19,,,0,20,,144667,19,,,0,20,,144701,19,,,0,60,,144678,19,,,0,20,,144695,19,,,0,21,,144702,19,,,0,61,,144684,19,,,0,20,,144666,19,,,0,21,,144696,19,,,0,61,,144679,19,,,0,30,,144665,19,,,0,70,,144669,19,,,0,30,,144664,19,,,0,72,,144683,19,,,0,90,,144670,19,,,0,98,,144682,19,,,0,98,,144703,19,,,0
670901,'101_merged_15524987',646,,144885,26,,,0
670901,'1_merged_15524980',520,,144908,26,,,0,23,,144898,26,,,0,61,,144910,26,,,0,20,,144899,26,,,0,82,,144906,26,,,0,20,,144911,26,,,0,20,,144915,26,,,0,56,,144887,26,,,0,15,,144890,26,,,0,21,,144912,26,,,0,20,,144889,26,,,0,70,,144913,26,,,0,31,,144888,26,,,0,141,,144902,26,,,0,100,,144903,26,,,0,101,,144905,26,,,0,100,,144914,26,,,0,36,,144904,26,,,0,72,,144909,26,,,0,30,,144900,26,,,0,70,,144892,26,,,0,27,,144886,26,,,0,66,,144893,26,,,0,30,,144894,26,,,0,69,,144895,26,,,0,31,,144896,26,,,0,75,,144891,26,,,0,35,,144907,26,,,0,105,,144897,26,,,0,106,,144901,26,,,0
670901,'201',646,,144916,26,,,0
670901,'2_merged_15524982',821,,144929,26,,,0,102,,144927,26,,,0,102,,144926,26,,,0,101,,144924,26,,,0,102,,144923,26,,,0,100,,144922,26,,,0,101,,144921,26,,,0,100,,144925,26,,,0,99,,144918,26,,,0,99,,144920,26,,,0,100,,144928,26,,,0,99,,144919,26,,,0,100,,144917,26,,,0,100,,144930,26,,,0
670901,'3_merged_15524981',1143,,144932,26,,,0,106,,144937,26,,,0,105,,144938,26,,,0,100,,144934,26,,,0,100,,144933,26,,,0,100,,144935,26,,,0,100,,144931,26,,,0,100,,144941,26,,,0,100,,144936,26,,,0,94,,144940,26,,,0,96,,144939,26,,,0
