668700,'1_merged_15291795',605,,79780,2,,,0,30,,79783,2,,,0,70,,79786,2,,,0,15,,79788,2,,,0,15,,79790,2,,,0,15,,79793,2,,,0,55,,79794,2,,,0,15,,79796,2,,,0,15,,79798,2,,,0,15,,79800,2,,,0,55,,79802,2,,,0,30,,79806,2,,,0,70,,79809,2,,,0,30,,79812,2,,,0,70,,79815,2,,,0,30,,79818,2,,,0,70,,79821,2,,,0,30,,79824,2,,,0,70,,79827,2,,,0,30,,79830,2,,,0,70,,79833,2,,,0,30,,79837,2,,,0,70,,79839,2,,,0,30,,79842,2,,,0,70,,79846,2,,,0,30,,79850,2,,,0,15,,79852,2,,,0,55,,79854,2,,,0,15,,79857,2,,,0,15,,79859,2,,,0,15,,79862,2,,,0,55,,79864,2,,,0,15,,79867,2,,,0,15,,79868,2,,,0,15,,79870,2,,,0,55,,79872,2,,,0,30,,79874,2,,,0,70,,79877,2,,,0,30,,79879,2,,,0,70,,79881,2,,,0,30,,79882,2,,,0,75,,79883,2,,,0,30,,79884,2,,,0,70,,79885,2,,,0,30,,79886,2,,,0,70,,79887,2,,,0
668700,'2_merged_15291797',635,,79891,2,,,0,70,,79892,2,,,0,30,,79893,2,,,0,70,,79894,2,,,0,15,,79895,2,,,0,15,,79897,2,,,0,70,,79899,2,,,0,30,,79903,2,,,0,70,,79906,2,,,0,30,,79910,2,,,0,70,,79913,2,,,0,30,,79916,2,,,0,70,,79919,2,,,0,30,,79922,2,,,0,70,,79925,2,,,0,30,,79929,2,,,0,70,,79932,2,,,0,30,,79935,2,,,0,70,,79939,2,,,0,30,,79943,2,,,0,10,,79945,2,,,0,60,,79948,2,,,0,30,,79951,2,,,0,10,,79953,2,,,0,60,,79956,2,,,0,30,,79959,2,,,0,15,,79962,2,,,0,55,,79964,2,,,0,30,,79967,2,,,0,70,,79970,2,,,0,30,,79973,2,,,0,70,,79975,2,,,0,30,,79977,2,,,0,70,,79979,2,,,0,30,,79981,2,,,0,75,,79983,2,,,0,30,,79984,2,,,0,70,,79986,2,,,0,30,,79987,2,,,0,70,,79988,2,,,0
668700,'3_merged_15291796',705,,79991,2,,,0,30,,79992,2,,,0,70,,79993,2,,,0,15,,79995,2,,,0,15,,79996,2,,,0,70,,79998,2,,,0,15,,79999,2,,,0,15,,80001,2,,,0,70,,80002,2,,,0,30,,80005,2,,,0,70,,80008,2,,,0,30,,80011,2,,,0,70,,80014,2,,,0,30,,80017,2,,,0,70,,80020,2,,,0,30,,80023,2,,,0,70,,80026,2,,,0,30,,80029,2,,,0,70,,80033,2,,,0,30,,80036,2,,,0,70,,80040,2,,,0,30,,80043,2,,,0,70,,80047,2,,,0,30,,80050,2,,,0,70,,80054,2,,,0,30,,80057,2,,,0,70,,80060,2,,,0,30,,80061,2,,,0,70,,80062,2,,,0,30,,80063,2,,,0,15,,80064,2,,,0,55,,80065,2,,,0,30,,80066,2,,,0,75,,80067,2,,,0,30,,80068,2,,,0,70,,80069,2,,,0,100,,80072,2,,,0
677900,'1201_merged_15291788',2010,,91601,3,,,0,100,,91602,3,,,0,100,,91603,3,,,0,97,,91604,3,,,0
677900,'1_merged_15291795',620,,91605,3,,,0,100,,91606,3,,,0,100,,91607,3,,,0,100,,91608,3,,,0,100,,91609,3,,,0,100,,91610,3,,,0,100,,91611,3,,,0,100,,91612,3,,,0,100,,91613,3,,,0,100,,91614,3,,,0,105,,91615,3,,,0,100,,91616,3,,,0,100,,91617,3,,,0,100,,91618,3,,,0
677900,'2_merged_15291797',925,,91619,3,,,0,100,,91620,3,,,0,100,,91621,3,,,0,100,,91622,3,,,0,95,,91623,3,,,0,100,,91624,3,,,0,100,,91625,3,,,0,100,,91626,3,,,0,100,,91627,3,,,0,135,,91629,3,,,0,100,,91630,3,,,0,100,,91631,3,,,0,100,,91632,3,,,0,100,,91633,3,,,0
677900,'3_merged_15291796',1025,,91634,3,,,0,100,,91635,3,,,0,100,,91636,3,,,0,95,,91637,3,,,0,100,,91638,3,,,0,100,,91639,3,,,0,100,,91640,3,,,0,100,,91641,3,,,0,100,,91642,3,,,0
677901,'1201_merged_15291788',2045,,91643,14,,,0,100,,91644,14,,,0,100,,91645,14,,,0,100,,91646,14,,,0
677901,'1_merged_15291795',651,,91647,14,,,0,104,,91648,14,,,0,100,,91649,14,,,0,100,,91650,14,,,0,100,,91651,14,,,0,100,,91652,14,,,0,100,,91653,14,,,0,100,,91654,14,,,0,100,,91655,14,,,0,100,,91656,14,,,0,145,,91657,14,,,0,100,,91658,14,,,0,100,,91659,14,,,0,100,,91660,14,,,0
677901,'2_merged_15291797',1000,,91661,14,,,0,100,,91662,14,,,0,100,,91663,14,,,0,100,,91664,14,,,0,55,,91665,14,,,0,100,,91666,14,,,0,100,,91667,14,,,0,100,,91668,14,,,0,98,,91669,14,,,0,69,,91670,2,,,0,108,,91671,14,,,0,100,,91672,14,,,0,100,,91673,14,,,0,100,,91674,14,,,0,100,,91675,14,,,0
677901,'3_merged_15291796',1100,,91676,14,,,0,100,,91677,14,,,0,100,,91678,14,,,0,55,,91679,14,,,0,100,,91680,14,,,0,100,,91681,14,,,0,100,,91682,14,,,0,100,,91683,14,,,0,100,,91684,14,,,0
