665001,'1_merged_15288063',605,,72628,1,,,0,11,,72614,1,,,0,15,,72613,1,,,0,14,,72612,1,,,0,56,,72611,1,,,0,14,,72610,1,,,0,15,,72609,1,,,0,16,,72608,1,,,0,56,,72607,1,,,0,17,,72606,1,,,0,16,,72605,1,,,0,15,,72604,1,,,0,55,,72603,1,,,0,17,,72602,1,,,0,20,,72630,1,,,0,71,,72626,1,,,0,30,,72625,1,,,0,71,,72588,1,,,0,30,,72587,1,,,0,70,,72586,1,,,0,33,,72595,1,,,0,69,,72593,1,,,0,31,,72592,1,,,0,74,,72627,1,,,0,26,,72590,1,,,0,56,,72601,1,,,0,18,,72600,1,,,0,15,,72599,1,,,0,15,,72598,1,,,0,55,,72629,1,,,0,15,,72597,1,,,0,16,,72615,1,,,0,13,,72624,1,,,0,54,,72623,1,,,0,13,,72622,1,,,0,14,,72621,1,,,0,14,,72620,1,,,0,13,,72619,1,,,0,55,,72618,1,,,0,17,,72617,1,,,0,21,,72616,1,,,0,69,,72591,1,,,0,33,,72594,1,,,0,66,,72636,1,,,0,29,,72635,1,,,0,70,,72634,1,,,0,32,,72637,1,,,0,69,,72596,1,,,0,28,,72633,1,,,0,69,,72632,1,,,0,31,,72631,1,,,0,100,,72589,1,,,0
665001,'2_merged_15288065',639,,72665,1,,,0,71,,72666,1,,,0,38,,72667,1,,,0,69,,72652,1,,,0,31,,72642,1,,,0,72,,72640,1,,,0,25,,72643,1,,,0,70,,72644,1,,,0,30,,72645,1,,,0,70,,72646,1,,,0,31,,72647,1,,,0,71,,72648,1,,,0,31,,72650,1,,,0,70,,72661,1,,,0,32,,72672,1,,,0,71,,72651,1,,,0,30,,72660,1,,,0,70,,72654,1,,,0,28,,72639,1,,,0,72,,72653,1,,,0,32,,72664,1,,,0,69,,72663,1,,,0,30,,72656,1,,,0,69,,72657,1,,,0,30,,72658,1,,,0,69,,72659,1,,,0,32,,72655,1,,,0,72,,72662,1,,,0,31,,72649,1,,,0,70,,72668,1,,,0,30,,72669,1,,,0,71,,72670,1,,,0,28,,72671,1,,,0,65,,72638,1,,,0,32,,72673,1,,,0,98,,72641,1,,,0
665001,'3_merged_15288064',736,,72692,1,,,0,76,,72698,1,,,0,30,,72674,1,,,0,72,,72676,1,,,0,30,,72683,1,,,0,71,,72682,1,,,0,30,,72690,1,,,0,70,,72684,1,,,0,32,,72685,1,,,0,69,,72695,1,,,0,31,,72693,1,,,0,68,,72694,1,,,0,25,,72696,1,,,0,70,,72697,1,,,0,31,,72687,1,,,0,69,,72677,1,,,0,31,,72699,1,,,0,70,,72700,1,,,0,31,,72701,1,,,0,69,,72702,1,,,0,27,,72703,1,,,0,69,,72689,1,,,0,31,,72704,1,,,0,78,,72705,1,,,0,34,,72681,1,,,0,70,,72679,1,,,0,30,,72678,1,,,0,70,,72686,1,,,0,29,,72706,1,,,0,71,,72680,1,,,0,29,,72688,1,,,0,69,,72691,1,,,0,100,,72675,1,,,0
665400,'101_merged_15288070',904,,73476,4,,,0,801,,73477,4,,,0
665400,'1_merged_15288063',536,,73481,4,,,0,64,,73480,4,,,0,31,,73497,4,,,0,71,,73499,4,,,0,32,,73483,4,,,0,70,,73500,4,,,0,30,,73482,4,,,0,104,,73490,4,,,0,69,,73491,4,,,0,30,,73492,4,,,0,67,,73489,4,,,0,30,,73493,4,,,0,70,,73494,4,,,0,30,,73495,4,,,0,70,,73496,4,,,0,30,,73504,4,,,0,70,,73505,4,,,0,30,,73506,4,,,0,73,,73507,4,,,0,32,,73508,4,,,0,70,,73501,4,,,0,32,,73478,4,,,0,94,,73485,4,,,0,69,,73486,4,,,0,34,,73498,4,,,0,68,,73502,4,,,0,27,,73509,4,,,0,26,,73510,4,,,0,68,,73484,4,,,0,28,,73503,4,,,0,70,,73511,4,,,0,30,,73479,4,,,0,104,,73487,4,,,0,146,,73488,4,,,0
665400,'2_merged_15288065',604,,73531,4,,,0,35,,73545,4,,,0,70,,73521,4,,,0,30,,73546,4,,,0,70,,73538,4,,,0,32,,73537,4,,,0,70,,73520,4,,,0,30,,73535,4,,,0,70,,73534,4,,,0,30,,73524,4,,,0,70,,73522,4,,,0,30,,73527,4,,,0,70,,73526,4,,,0,30,,73525,4,,,0,70,,73512,4,,,0,30,,73514,4,,,0,75,,73529,4,,,0,30,,73528,4,,,0,70,,73530,4,,,0,30,,73541,4,,,0,70,,73540,4,,,0,30,,73519,4,,,0,70,,73513,4,,,0,30,,73532,4,,,0,70,,73533,4,,,0,30,,73523,4,,,0,70,,73536,4,,,0,30,,73543,4,,,0,70,,73542,4,,,0,30,,73518,4,,,0,70,,73517,4,,,0,30,,73516,4,,,0,68,,73515,4,,,0,90,,73544,4,,,0,35,,73539,4,,,0
665400,'3_merged_15288064',703,,73556,4,,,0,35,,73555,4,,,0,70,,73578,4,,,0,32,,73564,4,,,0,70,,73563,4,,,0,30,,73562,4,,,0,70,,73561,4,,,0,30,,73560,4,,,0,71,,73571,4,,,0,30,,73548,4,,,0,70,,73572,4,,,0,30,,73558,4,,,0,70,,73557,4,,,0,30,,73565,4,,,0,70,,73553,4,,,0,30,,73552,4,,,0,70,,73551,4,,,0,30,,73550,4,,,0,70,,73549,4,,,0,30,,73570,4,,,0,70,,73569,4,,,0,30,,73547,4,,,0,70,,73579,4,,,0,30,,73554,4,,,0,69,,73568,4,,,0,30,,73577,4,,,0,70,,73576,4,,,0,29,,73566,4,,,0,70,,73575,4,,,0,30,,73574,4,,,0,70,,73573,4,,,0,40,,73559,4,,,0,100,,73567,4,,,0
3329201,'101_merged_15288070',1551,,106763,27,4,,0,99,,106762,27,4,,0
3329201,'1_merged_15288063',605,,106800,27,4,,0,11,,106799,27,4,,0,15,,106789,27,4,,0,14,,106798,27,4,,0,56,,106796,27,4,,0,14,,106795,27,4,,0,15,,106794,27,4,,0,16,,106793,27,4,,0,56,,106792,27,4,,0,17,,106791,27,4,,0,16,,106790,27,4,,0,15,,106776,27,4,,0,55,,106775,27,4,,0,17,,106774,27,4,,0,20,,106773,27,4,,0,71,,106772,27,4,,0,30,,106771,27,4,,0,71,,106770,27,4,,0,30,,106797,27,4,,0,70,,106782,27,4,,0,33,,106769,27,4,,0,69,,106768,27,4,,0,31,,106767,27,4,,0,74,,106766,27,4,,0,26,,106765,27,4,,0,56,,106764,27,4,,0,18,,106812,27,4,,0,15,,106811,27,4,,0,70,,106810,27,4,,0,15,,106813,27,4,,0,16,,106809,27,4,,0,67,,106808,27,4,,0,13,,106807,27,4,,0,14,,106806,27,4,,0,14,,106805,27,4,,0,13,,106804,27,4,,0,55,,106803,27,4,,0,17,,106802,27,4,,0,21,,106801,29,4,,0,69,,106788,29,4,,0,33,,106787,29,4,,0,66,,106786,29,4,,0,29,,106785,29,4,,0,70,,106784,29,4,,0,32,,106783,29,4,,0,69,,106781,29,4,,0,28,,106780,29,4,,0,69,,106779,29,4,,0,31,,106778,29,4,,0,100,,106777,29,4,,0
3329201,'2_merged_15288065',639,,106817,27,4,,0,71,,106815,27,4,,0,38,,106835,27,4,,0,69,,106834,27,4,,0,31,,106833,27,4,,0,72,,106832,27,4,,0,25,,106831,27,4,,0,70,,106830,27,4,,0,30,,106829,27,4,,0,70,,106828,27,4,,0,31,,106827,27,4,,0,71,,106826,27,4,,0,31,,106825,27,4,,0,70,,106824,27,4,,0,32,,106823,27,4,,0,71,,106849,27,4,,0,30,,106848,27,4,,0,70,,106847,27,4,,0,28,,106846,27,4,,0,72,,106845,27,4,,0,32,,106844,27,4,,0,69,,106843,27,4,,0,30,,106842,27,4,,0,69,,106841,27,4,,0,30,,106840,27,4,,0,69,,106839,29,4,,0,32,,106838,29,4,,0,72,,106837,29,4,,0,31,,106836,29,4,,0,70,,106816,29,4,,0,30,,106814,29,4,,0,71,,106822,29,4,,0,28,,106821,29,4,,0,65,,106820,29,4,,0,32,,106819,29,4,,0,98,,106818,29,4,,0
3329201,'3_merged_15288064',736,,106882,27,4,,0,76,,106881,27,4,,0,30,,106880,27,4,,0,72,,106879,27,4,,0,30,,106878,27,4,,0,71,,106877,27,4,,0,30,,106876,27,4,,0,70,,106875,27,4,,0,32,,106874,27,4,,0,69,,106873,27,4,,0,31,,106872,27,4,,0,68,,106871,27,4,,0,25,,106870,27,4,,0,70,,106869,27,4,,0,31,,106868,27,4,,0,69,,106867,27,4,,0,31,,106866,27,4,,0,70,,106865,27,4,,0,31,,106864,27,4,,0,69,,106863,27,4,,0,27,,106862,27,4,,0,69,,106861,27,4,,0,31,,106860,27,4,,0,78,,106859,29,4,,0,34,,106858,29,4,,0,70,,106857,29,4,,0,30,,106856,29,4,,0,70,,106855,29,4,,0,29,,106854,29,4,,0,71,,106853,29,4,,0,29,,106852,29,4,,0,69,,106851,29,4,,0,100,,106850,29,4,,0
