3182100,'101_merged_15524987',748,,166705,11,,,0,702,,166703,2,,,0,71,,166704,11,,,0,182,,166702,15,,,0
3182100,'1_merged_15524980',513,,166724,11,,,0,30,,166723,11,,,0,70,,166722,11,,,0,30,,166721,11,,,0,70,,166720,11,,,0,22,,166719,11,,,0,74,,166718,11,,,0,50,,166717,11,,,0,85,,166716,11,,,0,85,,166715,11,,,0,87,,166714,11,,,0,84,,166713,11,,,0,45,,166712,11,,,0,85,,166711,11,,,0,87,,166710,11,,,0,41,,166709,11,,,0,87,,166708,11,,,0,81,,166707,11,,,0,106,,166706,15,,,0,70,,166729,15,,,0,40,,166728,15,,,0,90,,166727,15,,,0,82,,166726,11,,,0,87,,166725,11,,,0
3182100,'201',1703,,166730,15,,,0
3182100,'2_merged_15524982',706,,166749,11,,,0,43,,166748,11,,,0,87,,166747,11,,,0,85,,166746,11,,,0,85,,166745,11,,,0,45,,166744,11,,,0,85,,166743,11,,,0,85,,166742,11,,,0,85,,166741,11,,,0,45,,166740,11,,,0,84,,166739,11,,,0,87,,166750,11,,,0,85,,166738,11,,,0,45,,166737,11,,,0,85,,166736,11,,,0,85,,166735,11,,,0,83,,166734,11,,,0,45,,166733,11,,,0,85,,166732,11,,,0,85,,166731,11,,,0
3182100,'3_merged_15524981',754,,166764,11,,,0,87,,166763,11,,,0,85,,166762,11,,,0,85,,166761,11,,,0,45,,166760,11,,,0,85,,166759,11,,,0,85,,166758,11,,,0,85,,166757,11,,,0,45,,166756,11,,,0,86,,166755,11,,,0,85,,166754,11,,,0,85,,166753,11,,,0,44,,166752,11,,,0,85,,166751,11,,,0,85,,166769,11,,,0,85,,166768,11,,,0,43,,166767,11,,,0,85,,166766,11,,,0,85,,166765,11,,,0
3182100,'401',1534,,166770,11,,,0
3182200,'101_merged_15524987',712,,166842,13,,,0,113,,166843,13,,,0,702,,166839,13,,,0,30,,166841,13,,,0,50,,166840,13,,,0
3182200,'1_merged_15524980',508,,166844,13,,,0,30,,166845,13,,,0,71,,166846,13,,,0,29,,166847,13,,,0,70,,166848,13,,,0,14,,166869,13,,,0,13,,166849,13,,,0,72,,166851,13,,,0,45,,166850,13,,,0,85,,166852,13,,,0,90,,166853,13,,,0,82,,166854,13,,,0,43,,166855,13,,,0,85,,166856,13,,,0,85,,166857,13,,,0,87,,166858,13,,,0,45,,166859,13,,,0,83,,166860,13,,,0,100,,166861,13,,,0,22,,166862,17,,,0,70,,166863,17,,,0,30,,166864,17,,,0,80,,166865,17,,,0,90,,166866,17,,,0,96,,166867,13,,,0,79,,166868,13,,,0
3182200,'201',825,,166871,13,,,0,782,,166870,13,,,0
3182200,'2_merged_15524982',703,,166878,13,,,0,45,,166879,13,,,0,87,,166880,13,,,0,83,,166881,13,,,0,85,,166882,13,,,0,45,,166883,13,,,0,85,,166884,13,,,0,85,,166885,13,,,0,85,,166886,13,,,0,49,,166887,13,,,0,81,,166888,13,,,0,85,,166889,13,,,0,85,,166890,13,,,0,45,,166891,13,,,0,85,,166872,13,,,0,85,,166873,13,,,0,85,,166874,13,,,0,45,,166875,13,,,0,85,,166876,13,,,0,85,,166877,13,,,0
3182200,'3_merged_15524981',747,,166908,13,,,0,85,,166907,13,,,0,85,,166906,13,,,0,85,,166905,13,,,0,45,,166904,13,,,0,85,,166892,13,,,0,85,,166903,13,,,0,86,,166902,13,,,0,44,,166901,13,,,0,85,,166900,13,,,0,85,,166899,13,,,0,85,,166898,13,,,0,46,,166897,13,,,0,84,,166896,13,,,0,85,,166895,13,,,0,85,,166894,13,,,0,45,,166893,13,,,0,85,,166910,13,,,0,90,,166909,13,,,0
3182200,'401',1450,,166911,2,,,0
5312600,'2_merged_15524982',708,,181094,10,,,0,30,,181095,10,,,0,70,,181096,10,,,0,30,,181097,10,,,0,70,,181098,10,,,0,30,,181099,10,,,0,70,,181100,10,,,0,30,,181101,10,,,0,70,,181102,10,,,0,30,,181103,10,,,0,70,,181104,10,,,0,30,,181105,10,,,0,70,,181106,10,,,0,30,,181107,10,,,0,70,,181108,10,,,0,30,,181109,10,,,0,70,,181110,10,,,0,30,,181111,10,,,0,70,,181112,10,,,0,30,,181113,10,,,0,70,,181114,10,,,0,30,,181115,10,,,0,70,,181116,10,,,0,30,,181117,10,,,0,70,,181118,10,,,0,30,,181119,10,,,0,70,,181120,10,,,0
5312600,'3_merged_15524981',708,,181121,10,,,0,30,,181122,10,,,0,70,,181123,10,,,0,30,,181124,10,,,0,70,,181125,10,,,0,30,,181126,10,,,0,70,,181127,10,,,0,30,,181128,10,,,0,70,,181129,10,,,0,30,,181130,10,,,0,70,,181131,10,,,0,30,,181132,10,,,0,70,,181133,10,,,0,30,,181134,10,,,0,70,,181135,10,,,0,30,,181136,10,,,0,70,,181137,10,,,0,30,,181138,10,,,0,70,,181139,10,,,0,30,,181140,10,,,0,70,,181141,10,,,0,30,,181142,10,,,0,70,,181143,10,,,0,30,,181144,10,,,0,70,,181145,10,,,0,30,,181146,10,,,0,70,,181147,10,,,0
