666601,'101_merged_15291802',1521,,76183,4,,,0
666601,'1_merged_15291795',511,,76218,11,,,0,36,,76215,11,,,0,69,,76214,11,,,0,34,,76219,11,,,0,62,,76213,11,,,0,22,,76186,11,,,0,72,,76212,11,,,0,30,,76211,11,,,0,67,,76192,11,,,0,31,,76210,11,,,0,69,,76209,11,,,0,31,,76208,11,,,0,70,,76207,11,,,0,30,,76198,11,,,0,70,,76197,11,,,0,30,,76196,11,,,0,70,,76206,11,,,0,30,,76195,11,,,0,71,,76205,11,,,0,31,,76204,11,,,0,14,,76203,11,,,0,60,,76202,11,,,0,19,,76217,11,,,0,27,,76224,11,,,0,60,,76194,11,,,0,24,,76201,14,,,0,14,,76225,14,,,0,54,,76200,14,,,0,13,,76220,14,,,0,15,,76216,14,,,0,18,,76184,14,,,0,60,,76185,14,,,0,20,,76199,14,,,0,70,,76193,14,,,0,25,,76221,11,,,0,27,,76226,11,,,0,73,,76222,11,,,0,29,,76223,11,,,0,70,,76227,11,,,0,28,,76187,11,,,0,82,,76188,11,,,0,89,,76189,11,,,0,84,,76190,11,,,0,41,,76191,11,,,0
666601,'2_merged_15291797',701,,76260,11,,,0,29,,76228,11,,,0,70,,76229,11,,,0,30,,76230,11,,,0,70,,76231,11,,,0,31,,76232,11,,,0,72,,76233,11,,,0,30,,76234,11,,,0,70,,76235,11,,,0,30,,76236,11,,,0,70,,76237,11,,,0,31,,76238,11,,,0,70,,76239,11,,,0,30,,76240,11,,,0,70,,76241,11,,,0,30,,76242,11,,,0,70,,76243,11,,,0,30,,76244,11,,,0,70,,76245,11,,,0,29,,76246,11,,,0,70,,76247,11,,,0,30,,76248,11,,,0,70,,76249,11,,,0,29,,76250,11,,,0,70,,76251,11,,,0,31,,76252,11,,,0,70,,76253,11,,,0,30,,76254,11,,,0,69,,76261,11,,,0,30,,76255,11,,,0,98,,76256,11,,,0,100,,76257,11,,,0,100,,76258,11,,,0,95,,76259,11,,,0
666601,'3_merged_15291796',702,,76263,11,,,0,108,,76264,11,,,0,101,,76265,11,,,0,31,,76287,11,,,0,70,,76266,11,,,0,30,,76288,11,,,0,70,,76267,11,,,0,31,,76280,11,,,0,70,,76279,11,,,0,30,,76281,11,,,0,70,,76268,11,,,0,30,,76282,11,,,0,70,,76269,11,,,0,30,,76283,11,,,0,70,,76270,11,,,0,30,,76284,11,,,0,70,,76271,11,,,0,30,,76285,11,,,0,70,,76272,11,,,0,30,,76286,11,,,0,70,,76273,11,,,0,29,,76289,11,,,0,71,,76274,11,,,0,29,,76290,11,,,0,71,,76275,11,,,0,30,,76291,11,,,0,69,,76276,11,,,0,98,,76262,11,,,0,100,,76277,11,,,0,94,,76278,11,,,0
2263801,'101_merged_15291802',1531,,99966,11,,,0,23,,99965,11,,,0
2263801,'1_merged_15291795',433,,99985,11,,,0,71,,99986,11,,,0,22,,99987,11,,,0,14,,99988,11,,,0,14,,99989,11,,,0,54,,99990,11,,,0,11,,99991,11,,,0,14,,99992,11,,,0,13,,99993,11,,,0,57,,99994,11,,,0,7,,99995,11,,,0,20,,99996,11,,,0,12,,99997,11,,,0,16,,99998,11,,,0,52,,99999,11,,,0,24,,100000,11,,,0,72,,100001,11,,,0,31,,100002,11,,,0,68,,100003,11,,,0,30,,100004,11,,,0,70,,100005,11,,,0,30,,100006,11,,,0,70,,100007,11,,,0,30,,100008,11,,,0,70,,100009,11,,,0,30,,100010,11,,,0,70,,100011,11,,,0,20,,100023,11,,,0,21,,100012,11,,,0,60,,100013,11,,,0,20,,100014,11,,,0,80,,100015,11,,,0,15,,100016,11,,,0,15,,100017,11,,,0,15,,100018,11,,,0,55,,100019,11,,,0,13,,100020,11,,,0,15,,99967,11,,,0,19,,99976,11,,,0,60,,99974,11,,,0,22,,99975,11,,,0,70,,100022,11,,,0,19,,99969,11,,,0,16,,100021,11,,,0,67,,99984,11,,,0,22,,99968,11,,,0,29,,99977,11,,,0,71,,99978,11,,,0,30,,99979,11,,,0,69,,99970,11,,,0,30,,99982,11,,,0,62,,99983,11,,,0,29,,99971,11,,,0,70,,99981,11,,,0,29,,99972,11,,,0,70,,99980,11,,,0,30,,99973,11,,,0
2263801,'2_merged_15291797',538,,100024,11,,,0,71,,100025,11,,,0,30,,100026,11,,,0,70,,100027,11,,,0,30,,100028,11,,,0,70,,100029,11,,,0,30,,100030,11,,,0,71,,100031,11,,,0,30,,100032,11,,,0,70,,100033,11,,,0,30,,100034,11,,,0,70,,100035,11,,,0,31,,100036,11,,,0,70,,100037,11,,,0,30,,100038,11,,,0,70,,100039,11,,,0,30,,100040,11,,,0,69,,100041,11,,,0,30,,100042,11,,,0,70,,100043,11,,,0,30,,100044,11,,,0,70,,100045,11,,,0,30,,100046,11,,,0,70,,100047,11,,,0,30,,100048,11,,,0,70,,100049,11,,,0,30,,100050,11,,,0,69,,100051,11,,,0,30,,100052,11,,,0,65,,100053,11,,,0,30,,100054,11,,,0,70,,100055,11,,,0,30,,100056,11,,,0,70,,100057,11,,,0,30,,100058,11,,,0,69,,100059,11,,,0,30,,100060,11,,,0,70,,100061,11,,,0,30,,100062,11,,,0,77,,100063,11,,,0
2263801,'3_merged_15291796',649,,100069,11,,,0,70,,100070,11,,,0,30,,100068,11,,,0,70,,100074,11,,,0,30,,100075,11,,,0,70,,100076,11,,,0,30,,100080,11,,,0,70,,100081,11,,,0,30,,100082,11,,,0,71,,100083,11,,,0,30,,100064,11,,,0,70,,100065,11,,,0,30,,100066,11,,,0,70,,100084,11,,,0,30,,100085,11,,,0,70,,100086,11,,,0,30,,100087,11,,,0,70,,100088,11,,,0,30,,100089,11,,,0,70,,100090,11,,,0,30,,100091,11,,,0,70,,100092,11,,,0,29,,100071,11,,,0,70,,100094,11,,,0,30,,100095,11,,,0,70,,100096,11,,,0,30,,100097,11,,,0,70,,100098,11,,,0,30,,100099,11,,,0,70,,100100,11,,,0,35,,100067,11,,,0,69,,100072,11,,,0,30,,100073,11,,,0,70,,100077,11,,,0,30,,100078,11,,,0,70,,100079,11,,,0,30,,100093,11,,,0
3003601,'101_merged_15291802',1520,,101264,4,,,0
3003601,'1_merged_15291795',542,,101295,11,,,0,15,,101296,11,,,0,55,,101297,11,,,0,14,,101298,11,,,0,15,,101299,11,,,0,15,,101300,11,,,0,54,,101301,11,,,0,14,,101302,11,,,0,16,,101303,11,,,0,15,,101304,11,,,0,55,,101305,11,,,0,17,,101306,11,,,0,18,,101307,11,,,0,13,,101308,11,,,0,58,,101309,11,,,0,13,,101310,11,,,0,28,,101311,11,,,0,69,,101312,11,,,0,30,,101313,11,,,0,70,,101314,11,,,0,30,,101315,11,,,0,69,,101316,11,,,0,30,,101317,11,,,0,70,,101289,11,,,0,31,,101290,11,,,0,75,,101291,11,,,0,25,,101280,11,,,0,55,,101276,11,,,0,20,,101275,11,,,0,15,,101277,11,,,0,55,,101278,11,,,0,16,,101279,11,,,0,15,,101281,11,,,0,16,,101282,11,,,0,55,,101283,11,,,0,15,,101284,11,,,0,15,,101285,11,,,0,11,,101286,10,,,0,3,,101287,11,,,0,65,,101318,11,,,0,1,,101288,10,,,0,12,,101265,11,,,0,14,,101266,11,,,0,62,,101267,11,,,0,31,,101268,11,,,0,27,,101269,11,,,0,67,,101270,11,,,0,30,,101271,11,,,0,70,,101272,11,,,0,30,,101273,11,,,0,70,,101274,11,,,0,30,,101292,11,,,0,70,,101293,11,,,0,30,,101294,11,,,0
3003601,'2_merged_15291797',625,,101326,11,,,0,30,,101327,11,,,0,70,,101328,11,,,0,30,,101329,11,,,0,70,,101319,11,,,0,30,,101325,11,,,0,70,,101330,11,,,0,30,,101331,11,,,0,70,,101332,11,,,0,30,,101333,11,,,0,70,,101334,11,,,0,30,,101335,11,,,0,70,,101336,11,,,0,31,,101337,11,,,0,70,,101338,11,,,0,30,,101339,11,,,0,70,,101340,11,,,0,30,,101341,11,,,0,70,,101342,11,,,0,30,,101343,11,,,0,69,,101344,11,,,0,30,,101345,11,,,0,71,,101346,11,,,0,30,,101347,11,,,0,70,,101348,11,,,0,30,,101349,11,,,0,70,,101350,11,,,0,30,,101351,11,,,0,70,,101352,11,,,0,30,,101353,11,,,0,69,,101354,11,,,0,30,,101321,11,,,0,70,,101322,11,,,0,30,,101323,11,,,0,70,,101320,11,,,0,30,,101324,11,,,0
3003601,'3_merged_15291796',725,,101364,11,,,0,30,,101365,11,,,0,70,,101366,11,,,0,30,,101367,11,,,0,70,,101368,11,,,0,30,,101369,11,,,0,70,,101370,11,,,0,30,,101371,11,,,0,70,,101372,11,,,0,30,,101373,11,,,0,70,,101374,11,,,0,30,,101375,11,,,0,70,,101376,11,,,0,30,,101377,11,,,0,70,,101378,11,,,0,30,,101379,11,,,0,70,,101380,11,,,0,30,,101381,11,,,0,70,,101382,11,,,0,31,,101383,11,,,0,70,,101384,11,,,0,30,,101385,11,,,0,70,,101386,11,,,0,30,,101387,11,,,0,70,,101388,11,,,0,30,,101355,11,,,0,70,,101358,11,,,0,29,,101359,11,,,0,70,,101356,11,,,0,30,,101357,11,,,0,70,,101360,11,,,0,30,,101361,11,,,0,70,,101362,11,,,0,30,,101363,11,,,0
