661400,'152201_merged_15288067',2042,,57844,5,0,10,0,60,,57845,5,0,10,0,20,,57849,5,0,10,0,21,,57846,5,0,10,0,60,,57850,5,0,10,0,20,,57851,5,0,10,0,22,,57847,5,0,10,0,60,,57843,5,0,10,0,20,,57848,5,0,10,0,28,,57842,5,0,10,0
661400,'152301_merged_15288069',2042,,57852,5,0,10,0,60,,57853,5,0,10,0,20,,57854,5,0,10,0,21,,57855,5,0,10,0,60,,57856,5,0,10,0,20,,57857,5,0,10,0,22,,57858,5,0,10,0,60,,57859,5,0,10,0,20,,57860,5,0,10,0,28,,57861,5,0,10,0
661400,'1_merged_15288063',709,,57897,5,,,0,14,,57898,5,,,0,14,,57905,5,,,0,15,,57911,5,,,0,56,,57925,5,,,0,16,,57899,5,,,0,15,,57865,5,,,0,15,,57866,5,,,0,55,,57907,5,,,0,15,,57908,5,,,0,15,,57909,5,,,0,15,,57910,5,,,0,54,,57926,5,,,0,15,,57927,5,,,0,15,,57922,5,,,0,15,,57902,5,,,0,55,,57867,5,,,0,15,,57894,5,,,0,14,,57869,5,,,0,15,,57903,5,,,0,55,,57906,5,,,0,15,,57862,5,,,0,15,,57863,5,,,0,15,,57889,5,,,0,55,,57887,5,,,0,15,,57890,5,,,0,12,,57891,5,,,0,12,,57900,5,,,0,12,,57920,5,,,0,51,,57921,5,,,0,13,,57901,5,,,0,11,,57873,5,,,0,12,,57874,5,,,0,11,,57875,5,,,0,50,,57917,5,,,0,11,,57876,5,,,0,12,,57877,5,,,0,10,,57878,5,,,0,10,,57880,5,,,0,10,,57915,5,,,0,51,,57929,5,,,0,11,,57904,5,,,0,10,,57928,5,,,0,10,,57914,5,,,0,10,,57916,5,,,0,50,,57883,5,,,0,9,,57930,5,,,0,8,,57918,5,,,0,9,,57931,5,,,0,8,,57919,5,,,0,9,,57882,5,,,0,12,,57892,5,,,0,53,,57881,5,,,0,12,,57868,5,,,0,17,,57913,5,,,0,20,,57871,5,,,0,60,,57912,5,,,0,24,,57879,5,0,10,0,60,,57893,5,0,10,0,20,,57864,5,0,10,0
661400,'2_merged_15288065',858,,57984,5,,,0,54,,57985,5,,,0,14,,57956,5,,,0,11,,57973,5,,,0,14,,57971,5,,,0,53,,57936,5,,,0,13,,57937,5,,,0,13,,57938,5,,,0,12,,58006,5,,,0,12,,57959,5,,,0,50,,57941,5,,,0,12,,57940,5,,,0,12,,57989,5,,,0,12,,57958,5,,,0,11,,57960,5,,,0,52,,57999,5,,,0,11,,57961,5,,,0,11,,57962,5,,,0,11,,58007,5,,,0,11,,57990,5,,,0,11,,57995,5,,,0,51,,57949,5,,,0,11,,58000,5,,,0,12,,57935,5,,,0,12,,57944,5,,,0,12,,57945,5,,,0,52,,57946,5,,,0,12,,58001,5,,,0,12,,57986,5,,,0,12,,58002,5,,,0,12,,57996,5,,,0,52,,57955,5,,,0,12,,57975,5,,,0,12,,57988,5,,,0,12,,58003,5,,,0,12,,57977,5,,,0,53,,57991,5,,,0,12,,57963,5,,,0,12,,57994,5,,,0,12,,57967,5,,,0,12,,58004,5,,,0,52,,57998,5,,,0,14,,57932,5,,,0,12,,57933,5,,,0,13,,57934,5,,,0,52,,58005,5,,,0,12,,58008,5,,,0,13,,57942,5,,,0,13,,57943,5,,,0,16,,57976,5,,,0,61,,57964,5,,,0,22,,57978,5,0,10,0,20,,57992,5,0,10,0,61,,57974,5,0,10,0,20,,57979,5,0,10,0,21,,57987,5,0,10,0,62,,57947,5,0,10,0,22,,57972,5,0,10,0,60,,57951,5,0,10,0,20,,57980,5,0,10,0,22,,57950,5,0,10,0,60,,57993,5,0,10,0,19,,57970,5,0,10,0,30,,57966,5,0,10,0
661400,'3_merged_15288064',945,,58033,5,,,0,56,,58062,5,,,0,14,,58063,5,,,0,15,,58060,5,,,0,14,,58053,5,,,0,15,,58018,5,,,0,55,,58052,5,,,0,14,,58034,5,,,0,15,,58065,5,,,0,15,,58066,5,,,0,54,,58067,5,,,0,12,,58068,5,,,0,12,,58069,5,,,0,12,,58016,5,,,0,52,,58010,5,,,0,13,,58072,5,,,0,12,,58023,5,,,0,12,,58036,5,,,0,12,,58027,5,,,0,52,,58037,5,,,0,10,,58073,5,,,0,12,,58039,5,,,0,12,,58022,5,,,0,12,,58071,5,,,0,53,,58011,5,,,0,12,,58074,5,,,0,12,,58014,5,,,0,13,,58046,5,,,0,13,,58047,5,,,0,55,,58048,5,,,0,15,,58025,5,,,0,15,,58040,5,,,0,15,,58041,5,,,0,55,,58042,5,,,0,16,,58043,5,,,0,15,,58029,5,,,0,15,,58064,5,,,0,55,,58015,5,,,0,15,,58019,5,,,0,20,,58020,5,,,0,59,,58021,5,,,0,19,,58070,5,,,0,20,,58012,5,0,10,0,20,,58009,5,0,10,0,58,,58055,5,0,10,0,20,,58056,5,0,10,0,22,,58038,5,0,10,0,64,,58035,5,0,10,0,22,,58013,5,0,10,0,60,,58058,5,0,10,0,20,,58028,5,0,10,0,22,,58051,5,0,10,0,61,,58059,5,0,10,0,20,,58024,5,0,10,0,28,,58050,5,0,10,0
683300,'1_merged_15288063',2543,,95482,5,,,0,73,,95484,5,,,0,31,,95483,5,,,0
683300,'2_merged_15288065',2539,,95485,5,,,0,70,,95487,5,,,0,28,,95486,5,,,0
683300,'3_merged_15288064',2542,,95488,5,,,0,70,,95490,5,,,0,30,,95489,5,,,0,77,,95491,5,,,0
1671800,'152201_merged_15288067',2038,,98198,5,0,10,0,16,,98199,5,0,10,0,55,,98200,5,0,10,0,15,,98201,5,0,10,0,18,,98202,5,0,10,0,60,,98203,5,0,10,0,21,,98204,5,0,10,0,20,,98205,5,0,10,0,60,,98206,5,0,10,0,30,,98207,5,0,10,0,16,,98197,5,0,10,0,55,,98208,5,0,10,0,15,,98211,5,0,10,0,15,,98209,5,0,10,0,70,,98210,5,0,10,0
1671800,'152301_merged_15288069',2038,,98214,5,0,10,0,16,,98215,5,0,10,0,55,,98216,5,0,10,0,15,,98217,5,0,10,0,18,,98218,5,0,10,0,60,,98219,5,0,10,0,21,,98220,5,0,10,0,20,,98221,5,0,10,0,60,,98222,5,0,10,0,30,,98223,5,0,10,0,16,,98212,5,0,10,0,55,,98224,5,0,10,0,15,,98213,5,0,10,0,15,,98225,5,0,10,0,70,,98226,5,0,10,0
1671800,'1_merged_15288063',302,,98299,5,0,10,0,30,,98300,5,0,10,0,76,,98301,5,0,10,0,31,,98268,5,,,0,77,,98270,5,,,0,19,,98265,5,,,0,66,,98272,5,,,0,14,,98273,5,,,0,15,,98274,5,,,0,12,,98275,5,,,0,12,,98262,5,,,0,54,,98263,5,,,0,13,,98279,5,,,0,14,,98280,5,,,0,13,,98281,5,,,0,52,,98282,5,,,0,11,,98283,5,,,0,13,,98284,5,,,0,14,,98285,5,,,0,14,,98286,5,,,0,54,,98287,5,,,0,14,,98288,5,,,0,15,,98289,5,,,0,15,,98290,5,,,0,55,,98291,5,,,0,15,,98292,5,,,0,14,,98293,5,,,0,15,,98294,5,,,0,55,,98295,5,,,0,16,,98296,5,,,0,15,,98297,5,,,0,15,,98298,5,,,0,54,,98276,5,,,0,15,,98277,5,,,0,15,,98278,5,,,0,15,,98255,5,,,0,55,,98256,5,,,0,15,,98257,5,,,0,16,,98227,5,,,0,15,,98228,5,,,0,54,,98229,5,,,0,8,,98230,5,,,0,8,,98267,5,,,0,14,,98231,5,,,0,14,,98232,5,,,0,53,,98233,5,,,0,13,,98234,5,,,0,12,,98235,5,,,0,10,,98305,5,,,0,11,,98236,5,,,0,10,,98237,5,,,0,50,,98238,5,,,0,11,,98239,5,,,0,10,,98240,5,,,0,10,,98241,5,,,0,9,,98242,5,,,0,9,,98243,5,,,0,49,,98304,5,,,0,9,,98244,5,,,0,9,,98245,5,,,0,10,,98246,5,,,0,10,,98247,5,,,0,12,,98248,5,,,0,53,,98249,5,,,0,13,,98250,5,,,0,13,,98251,5,,,0,11,,98252,5,0,10,0,55,,98253,5,0,10,0,17,,98254,5,0,10,0,15,,98258,5,0,10,0,18,,98259,5,0,10,0,55,,98261,5,0,10,0,16,,98260,5,0,10,0
1671800,'2_merged_15288065',303,,98403,5,0,10,0,30,,98404,5,0,10,0,75,,98399,5,0,10,0,30,,98334,5,,,0,78,,98365,5,,,0,25,,98366,5,,,0,15,,98343,5,,,0,56,,98344,5,,,0,18,,98345,5,,,0,20,,98346,5,,,0,56,,98347,5,,,0,14,,98348,5,,,0,13,,98349,5,,,0,13,,98351,5,,,0,11,,98352,5,,,0,53,,98353,5,,,0,14,,98354,5,,,0,15,,98355,5,,,0,15,,98356,5,,,0,53,,98357,5,,,0,15,,98358,5,,,0,15,,98359,5,,,0,15,,98360,5,,,0,54,,98361,5,,,0,15,,98362,5,,,0,12,,98363,5,,,0,12,,98364,5,,,0,12,,98350,5,,,0,51,,98335,5,,,0,12,,98367,5,,,0,13,,98368,5,,,0,12,,98369,5,,,0,13,,98370,5,,,0,50,,98336,5,,,0,10,,98371,5,,,0,10,,98372,5,,,0,10,,98373,5,,,0,10,,98374,5,,,0,10,,98375,5,,,0,49,,98337,5,,,0,10,,98376,5,,,0,10,,98377,5,,,0,10,,98378,5,,,0,10,,98379,5,,,0,11,,98380,5,,,0,51,,98338,5,,,0,11,,98381,5,,,0,12,,98382,5,,,0,10,,98383,5,,,0,10,,98384,5,,,0,50,,98385,5,,,0,10,,98339,5,,,0,10,,98386,5,,,0,10,,98387,5,,,0,10,,98389,5,,,0,10,,98390,5,,,0,50,,98391,5,,,0,10,,98340,5,,,0,9,,98392,5,,,0,10,,98393,5,,,0,10,,98388,5,,,0,9,,98394,5,,,0,50,,98395,5,,,0,10,,98341,5,,,0,11,,98396,5,,,0,11,,98397,5,,,0,12,,98398,5,,,0,12,,98306,5,,,0,52,,98307,5,,,0,12,,98308,5,,,0,15,,98309,5,,,0,13,,98310,5,0,10,0,55,,98311,5,0,10,0,15,,98312,5,0,10,0,15,,98313,5,0,10,0,16,,98314,5,0,10,0,55,,98315,5,0,10,0,14,,98316,5,0,10,0,14,,98317,5,0,10,0,16,,98318,5,0,10,0,55,,98319,5,0,10,0,15,,98320,5,0,10,0,22,,98329,5,0,10,0,60,,98321,5,0,10,0,20,,98322,5,0,10,0,21,,98323,5,0,10,0,61,,98324,5,0,10,0,24,,98325,5,0,10,0,33,,98326,5,0,10,0,70,,98327,5,0,10,0,30,,98328,5,0,10,0
1671800,'3_merged_15288064',302,,98489,5,0,10,0,30,,98490,5,0,10,0,76,,98487,5,0,10,0,30,,98488,5,0,10,0,76,,98483,5,,,0,23,,98424,5,,,0,20,,98430,5,,,0,59,,98431,5,,,0,26,,98484,5,,,0,60,,98432,5,,,0,14,,98434,5,,,0,15,,98407,5,,,0,12,,98433,5,,,0,12,,98435,5,,,0,54,,98436,5,,,0,15,,98437,5,,,0,14,,98438,5,,,0,16,,98439,5,,,0,55,,98440,5,,,0,16,,98441,5,,,0,14,,98442,5,,,0,15,,98443,5,,,0,56,,98444,5,,,0,16,,98445,5,,,0,14,,98446,5,,,0,14,,98447,5,,,0,51,,98448,5,,,0,14,,98468,5,,,0,13,,98449,5,,,0,12,,98450,5,,,0,13,,98451,5,,,0,52,,98408,5,,,0,11,,98452,5,,,0,12,,98453,5,,,0,12,,98454,5,,,0,12,,98455,5,,,0,52,,98409,5,,,0,13,,98456,5,,,0,10,,98457,5,,,0,13,,98458,5,,,0,12,,98459,5,,,0,52,,98420,5,,,0,13,,98460,5,,,0,12,,98461,5,,,0,13,,98462,5,,,0,12,,98463,5,,,0,52,,98421,5,,,0,12,,98464,5,,,0,11,,98465,5,,,0,12,,98466,5,,,0,12,,98429,5,,,0,51,,98422,5,,,0,11,,98467,5,,,0,12,,98425,5,,,0,12,,98426,5,,,0,14,,98427,5,,,0,52,,98423,5,,,0,12,,98410,5,,,0,14,,98411,5,,,0,14,,98412,5,,,0,55,,98413,5,,,0,15,,98414,5,,,0,15,,98415,5,,,0,16,,98416,5,0,10,0,56,,98417,5,0,10,0,16,,98418,5,0,10,0,15,,98419,5,0,10,0,15,,98428,5,0,10,0,55,,98486,5,0,10,0,15,,98470,5,0,10,0,18,,98471,5,0,10,0,15,,98472,5,0,10,0,55,,98473,5,0,10,0,15,,98485,5,0,10,0,21,,98474,5,0,10,0,60,,98475,5,0,10,0,20,,98476,5,0,10,0,22,,98477,5,0,10,0,61,,98478,5,0,10,0,24,,98479,5,0,10,0,71,,98480,5,0,10,0,30,,98481,5,0,10,0,70,,98482,5,0,10,0
