674901,'101_merged_15288070',1459,,91187,8,0,58 59,0,56,,91185,8,,,0
674901,'1_merged_15288063',446,,91229,8,,,0,68,,91230,8,,,0,30,,91188,8,,,0,72,,91233,8,,,0,11,,91234,8,,,0,19,,91235,8,,,0,8,,91195,8,,,0,57,,91236,8,,,0,11,,91237,8,,,0,18,,91238,8,,,0,17,,91239,8,,,0,73,,91241,8,,,0,15,,91242,8,,,0,68,,91196,8,,,0,31,,91245,8,,,0,70,,91247,8,,,0,29,,91249,8,,,0,65,,91251,8,,,0,33,,91253,8,,,0,70,,91255,8,,,0,30,,91257,8,,,0,72,,91259,8,,,0,30,,91261,8,,,0,68,,91218,8,,,0,20,,91194,8,,,0,22,,91219,8,,,0,68,,91220,8,,,0,18,,91221,8,,,0,12,,91223,8,,,0,59,,91224,8,,,0,15,,91225,8,,,0,15,,91226,8,,,0,18,,91227,8,,,0,54,,91190,8,,,0,13,,91193,8,,,0,13,,91215,8,,,0,15,,91202,8,,,0,55,,91203,8,,,0,18,,91204,8,,,0,12,,91205,8,,,0,15,,91206,8,,,0,55,,91207,8,,,0,15,,91197,8,,,0,17,,91189,8,,,0,14,,91201,8,,,0,55,,91208,8,,,0,30,,91209,8,,,0,70,,91210,8,,,0,33,,91191,8,,,0,63,,91216,8,,,0,40,,91212,8,,,0,65,,91213,8,,,0,30,,91192,8,,,0,70,,91214,8,,,0,30,,91198,8,,,0,70,,91262,8,,,0
674901,'2_merged_15288065',519,,91263,8,,,0,95,,91265,8,,,0,86,,91267,8,,,0,27,,91269,8,,,0,30,,91271,8,,,0,70,,91273,8,,,0,29,,91275,8,,,0,70,,91277,8,,,0,30,,91279,8,,,0,69,,91281,8,,,0,30,,91283,8,,,0,67,,91285,8,,,0,34,,91287,8,,,0,70,,91289,8,,,0,30,,91291,8,,,0,69,,91293,8,,,0,31,,91295,8,,,0,70,,91297,8,,,0,29,,91299,8,,,0,70,,91301,8,,,0,30,,91303,8,,,0,75,,91305,8,,,0,70,,91307,8,,,0,31,,91309,8,,,0,70,,91311,8,,,0,31,,91313,8,,,0,70,,91315,8,,,0,15,,91316,8,,,0,14,,91317,8,,,0,15,,91318,8,,,0,63,,91319,8,,,0,31,,91320,8,,,0,70,,91321,8,,,0,30,,91322,8,,,0,70,,91323,8,,,0,30,,91324,8,,,0,70,,91325,8,,,0,30,,91326,8,,,0,70,,91327,8,,,0,30,,91328,8,,,0,68,,91329,8,,,0
674901,'3_merged_15288064',713,,91354,8,,,0,29,,91353,8,,,0,70,,91351,8,,,0,29,,91387,8,,,0,70,,91385,8,,,0,30,,91383,8,,,0,71,,91381,8,,,0,31,,91337,8,,,0,69,,91379,8,,,0,30,,91377,8,,,0,70,,91375,8,,,0,30,,91373,8,,,0,69,,91371,8,,,0,29,,91369,8,,,0,70,,91349,8,,,0,22,,91347,8,,,0,78,,91345,8,,,0,31,,91343,8,,,0,70,,91341,8,,,0,30,,91362,8,,,0,69,,91360,8,,,0,31,,91358,8,,,0,70,,91356,8,,,0,31,,91336,8,,,0,72,,91334,8,,,0,29,,91333,8,,,0,72,,91330,8,,,0,35,,91391,8,,,0,70,,91368,8,,,0,30,,91390,8,,,0,71,,91389,8,,,0,30,,91364,8,,,0,72,,91365,8,,,0,32,,91366,8,,,0,67,,91393,8,,,0,29,,91367,8,,,0
680501,'1_merged_15288063',653,,92738,8,,,0,101,,92742,36,,,0,199,,92741,36,,,0,199,,92740,36,,,0,205,,92737,31,,,0,269,,92739,31,,,0,175,,92736,31,,,0,154,,92735,31,,,0
680501,'2_merged_15288065',948,,92744,36,,,0,202,,92743,36,,,0,204,,92745,31,,,0,196,,92746,31,,,0,198,,92747,31,,,0,201,,92748,31,,,0
828901,'101_merged_15288070',1502,,96559,13,,,0,5,,96560,13,,,0
3404201,'1_merged_15288063',604,,107323,18,,,0,102,,107322,18,,,0,34,,107327,18,,,0,68,,107321,18,,,0,31,,107326,18,,,0,70,,107320,18,,,0,98,,107319,18,,,0,35,,107328,18,,,0,66,,107318,18,,,0,30,,107329,18,,,0,72,,107317,18,,,0,100,,107316,18,,,0,100,,107315,18,,,0,102,,107314,18,,,0,100,,107313,18,,,0,30,,107306,18,,,0,79,,107312,18,,,0,3,,107325,18,,,0,26,,107305,18,,,0,3,,107324,18,,,0,66,,107311,18,,,0,2,,107304,18,,,0,37,,107310,18,,,0,92,,107309,18,,,0,94,,107308,18,,,0,102,,107307,18,,,0
3404201,'2_merged_15288065',940,,107335,18,,,0,100,,107336,18,,,0,100,,107334,18,,,0,100,,107337,18,,,0,102,,107333,18,,,0,99,,107338,18,,,0,101,,107332,18,,,0,100,,107339,18,,,0,100,,107331,18,,,0,98,,107340,18,,,0,93,,107330,18,,,0
3404201,'3_merged_15288064',935,,107346,18,,,0,101,,107347,18,,,0,100,,107345,18,,,0,102,,107348,18,,,0,100,,107344,18,,,0,100,,107349,18,,,0,98,,107343,18,,,0,100,,107350,18,,,0,100,,107342,18,,,0,99,,107351,18,,,0,100,,107341,18,,,0
3404301,'101_merged_15288070',837,,107402,20,,,0
3404301,'1_merged_15288063',811,,107406,20,,,0
