665201,'101_merged_15291802',840,,73371,29,4,,0
665201,'1_merged_15291795',545,,73386,34,4,,0,77,,73385,34,4,,0,28,,73378,34,4,,0,70,,73377,34,4,,0,32,,73379,34,4,,0,71,,73404,34,4,,0,32,,73397,34,4,,0,73,,73398,34,4,,0,28,,73400,34,4,,0,70,,73401,34,4,,0,27,,73402,34,4,,0,70,,73383,34,4,,0,30,,73390,34,4,,0,70,,73391,34,4,,0,30,,73381,34,4,,0,70,,73376,34,4,,0,31,,73396,34,4,,0,70,,73399,34,4,,0,33,,73373,34,4,,0,72,,73374,34,4,,0,30,,73380,34,4,,0,72,,73384,34,4,,0,70,,73392,34,4,,0,31,,73393,34,4,,0,70,,73372,34,4,,0,27,,73382,34,4,,0,29,,73395,34,4,,0,67,,73389,34,4,,0,26,,73394,34,4,,0,68,,73403,34,4,,0,28,,73375,34,4,,0,69,,73388,34,4,,0,30,,73387,34,4,,0,99,,73405,34,4,,0,99,,73406,34,4,,0,100,,73407,34,4,,0
665201,'2_merged_15291797',625,,73442,26,4,,0,75,,73413,34,4,,0,30,,73432,34,4,,0,70,,73420,34,4,,0,30,,73415,34,4,,0,70,,73435,34,4,,0,30,,73434,34,4,,0,70,,73418,34,4,,0,30,,73433,34,4,,0,70,,73426,34,4,,0,30,,73421,34,4,,0,70,,73422,34,4,,0,30,,73408,34,4,,0,70,,73425,34,4,,0,30,,73440,34,4,,0,70,,73414,34,4,,0,30,,73412,34,4,,0,70,,73411,34,4,,0,30,,73410,34,4,,0,70,,73419,34,4,,0,30,,73431,34,4,,0,70,,73430,34,4,,0,30,,73429,34,4,,0,70,,73428,34,4,,0,30,,73427,34,4,,0,70,,73423,34,4,,0,30,,73409,34,4,,0,70,,73436,34,4,,0,30,,73424,34,4,,0,70,,73441,34,4,,0,30,,73417,34,4,,0,70,,73416,34,4,,0,51,,73439,34,4,,0,79,,73438,34,4,,0,99,,73437,34,4,,0
665201,'3_merged_15291796',730,,73452,26,4,,0,70,,73455,34,4,,0,30,,73465,34,4,,0,70,,73464,34,4,,0,30,,73463,34,4,,0,70,,73443,34,4,,0,30,,73444,34,4,,0,70,,73475,34,4,,0,30,,73474,34,4,,0,70,,73473,34,4,,0,30,,73472,34,4,,0,70,,73471,34,4,,0,30,,73459,34,4,,0,70,,73445,34,4,,0,30,,73466,34,4,,0,70,,73456,34,4,,0,30,,73449,34,4,,0,70,,73448,34,4,,0,30,,73447,34,4,,0,70,,73453,34,4,,0,30,,73461,34,4,,0,70,,73460,34,4,,0,30,,73468,34,4,,0,70,,73469,34,4,,0,30,,73467,34,4,,0,70,,73446,34,4,,0,30,,73457,34,4,,0,70,,73462,34,4,,0,30,,73451,34,4,,0,70,,73450,34,4,,0,30,,73458,34,4,,0,106,,73470,34,4,,0,94,,73454,34,4,,0
665400,'101_merged_15291802',900,,73476,1,,,0,800,,73477,1,,,0
665400,'1_merged_15291795',532,,73481,1,,,0,24,,73480,1,,,0,71,,73497,1,,,0,31,,73499,1,,,0,72,,73483,1,,,0,70,,73500,1,,,0,30,,73482,1,,,0,104,,73490,1,,,0,69,,73491,1,,,0,30,,73492,1,,,0,67,,73489,1,,,0,30,,73493,1,,,0,70,,73494,1,,,0,30,,73495,1,,,0,70,,73496,1,,,0,30,,73504,1,,,0,70,,73505,1,,,0,30,,73506,1,,,0,72,,73507,1,,,0,32,,73508,1,,,0,70,,73501,1,,,0,32,,73478,1,,,0,94,,73485,1,,,0,70,,73486,1,,,0,34,,73498,1,,,0,69,,73502,1,,,0,27,,73509,1,,,0,26,,73510,1,,,0,68,,73484,1,,,0,28,,73503,1,,,0,70,,73511,1,,,0,30,,73479,1,,,0,104,,73487,1,,,0,146,,73488,1,,,0
665400,'2_merged_15291797',600,,73531,1,,,0,35,,73545,1,,,0,70,,73521,1,,,0,30,,73546,1,,,0,70,,73538,1,,,0,30,,73537,1,,,0,70,,73520,1,,,0,30,,73535,1,,,0,70,,73534,1,,,0,30,,73524,1,,,0,70,,73522,1,,,0,30,,73527,1,,,0,70,,73526,1,,,0,30,,73525,1,,,0,70,,73512,1,,,0,30,,73514,1,,,0,75,,73529,1,,,0,30,,73528,1,,,0,70,,73530,1,,,0,30,,73541,1,,,0,70,,73540,1,,,0,30,,73519,1,,,0,70,,73513,1,,,0,30,,73532,1,,,0,70,,73533,1,,,0,30,,73523,1,,,0,70,,73536,1,,,0,30,,73543,1,,,0,70,,73542,1,,,0,30,,73518,1,,,0,70,,73517,1,,,0,30,,73516,1,,,0,70,,73515,1,,,0,90,,73544,1,,,0,35,,73539,1,,,0
665400,'3_merged_15291796',700,,73556,1,,,0,35,,73555,1,,,0,70,,73578,1,,,0,30,,73564,1,,,0,70,,73563,1,,,0,30,,73562,1,,,0,70,,73561,1,,,0,30,,73560,1,,,0,70,,73571,1,,,0,30,,73548,1,,,0,70,,73572,1,,,0,30,,73558,1,,,0,70,,73557,1,,,0,30,,73565,1,,,0,70,,73553,1,,,0,30,,73552,1,,,0,70,,73551,1,,,0,30,,73550,1,,,0,70,,73549,1,,,0,30,,73570,1,,,0,70,,73569,1,,,0,30,,73547,1,,,0,70,,73579,1,,,0,30,,73554,1,,,0,70,,73568,1,,,0,30,,73577,1,,,0,70,,73576,1,,,0,30,,73566,1,,,0,70,,73575,1,,,0,30,,73574,1,,,0,70,,73573,1,,,0,40,,73559,1,,,0,100,,73567,1,,,0
684100,'1_merged_15291795',526,,95751,42,,,0,30,,95752,42,,,0,49,,95759,42,,,0,2005,,95760,42,,,0,30,,95754,42,,,0,60,,95756,42,,,0,20,,95753,42,,,0,22,,95755,42,,,0,70,,95757,42,,,0,35,,95758,42,,,0
684100,'2_merged_15291797',521,,95763,42,,,0,32,,95770,42,,,0,71,,95771,42,,,0,34,,95772,42,,,0,70,,95768,42,,,0,1884,,95774,42,,,0,34,,95765,42,,,0,57,,95769,42,,,0,20,,95773,42,,,0,20,,95766,42,,,0,70,,95767,42,,,0,40,,95775,42,,,0
684100,'3_merged_15291796',521,,95786,42,,,0,32,,95787,42,,,0,70,,95788,42,,,0,30,,95789,42,,,0,56,,95790,42,,,0,14,,95782,42,,,0,16,,95791,42,,,0,13,,95783,42,,,0,1788,,95776,42,,,0,70,,95777,42,,,0,32,,95780,42,,,0,70,,95779,42,,,0,30,,95778,42,,,0,75,,95781,42,,,0,35,,95785,42,,,0
