'1101merged14251988',683800,275500,4,'',0
'1201merged14251973',683800,275500,4,'',0
'1merged14251977',683800,265500,4,'',0,6000,4,'',0,2000,4,'',0,9200,4,'',0,2400,4,'',0,7000,4,'',0,3800,4,'',0
'1merged14251977',683801,245500,,'',0,6900,,'',0,3000,,'',0,7000,,'',0,8200,,'',0,1800,,'',0,2900,,'',0,8000,,'',0,7000,,'',0
'2merged14251979',683800,265500,4,'',0,5400,4,'',0,2000,4,'',0,2600,4,'',0,7000,4,'',0,3000,4,'',0,6900,4,'',0,2700,4,'',0
'2merged14251979',683801,252600,,'',0,3000,,'',0,6800,,'',0,2000,,'',0,6600,,'',0,1400,,'',0,2000,,'',0,7000,,'',0,3000,,'',0,6900,,'',0
'3merged14251978',683800,264900,4,'',0,7000,4,'',0,3000,4,'',0,8000,4,'',0,2000,4,'',0,7100,4,'',0,3000,4,'',0
'3merged14251978',683801,252200,,'',0,3000,,'',0,7000,,'',0,8000,,'',0,1700,,'',0,3400,,'',0,7000,,'',0,8000,,'',0
'1merged14251977',3780700,51400,4,'',0,3000,4,'',0,6900,4,'',0,1500,4,'',0,1500,4,'',0,500,4,'',0,900,4,'',0,4400,4,'',0,900,4,'',0,500,4,'',0,1000,4,'',0,500,4,'',0,1000,4,'',0,600,4,'',0,400,4,'',0,5000,4,'',0,700,4,'',0,800,4,'',0,900,4,'',0,900,4,'',0,800,4,'',0,800,4,'',0,600,4,'',0,4600,4,'',0,900,4,'',0,700,4,'',0,800,4,'',0,800,4,'',0,600,4,'',0,600,4,'',0,500,4,'',0,5200,4,'',0,1300,4,'',0,1100,4,'',0,1200,4,'',0,1600,4,'',0,5100,4,'',0,1100,4,'',0,1100,4,'',0,1200,4,'',0,1400,4,'',0,5200,4,'',0,1600,4,'',0,1500,4,'',0,1600,4,'',0,5500,4,'',0,1500,4,'',0,1500,4,'',0,1600,4,'',0,5500,4,'',0,800,4,'',0,1000,4,'',0,1300,4,'',0,1700,4,'',0,5100,4,'',0,400,4,'',0,800,4,'',0,700,4,'',0,1000,4,'',0,400,4,'',0,1000,4,'',0,700,4,'',0,4800,4,'',0,900,4,'',0,800,4,'',0,900,4,'',0,700,4,'',0,200,4,'',0,800,4,'',0,500,4,'',0,600,4,'',0,4600,4,'',0,700,4,'',0,600,4,'',0,600,4,'',0,600,4,'',0,700,4,'',0,900,4,'',0,700,4,'',0,400,4,'',0,4600,4,'',0,400,4,'',0,700,4,'',0,700,4,'',0,800,4,'',0,800,4,'',0,600,4,'',0,600,4,'',0,5200,4,'',0,1200,4,'',0,1100,4,'',0,1100,4,'',0,1200,4,'',0,1200,4,'',0,5500,4,'',0,1700,4,'',0,1300,4,'',0,1300,4,'',0,5500,4,'',0,1400,4,'',0,1500,4,'',0,1400,4,'',0,5500,4,'',0,1500,4,'',0,1500,4,'',0,1300,4,'',0,5500,4,'',0,1500,4,'',0,1400,4,'',0,1200,4,'',0,5500,4,'',0,1500,4,'',0,1500,4,'',0,1500,4,'',0,6000,4,'',0,2000,4,'',0,1800,4,'',0,6400,4,'',0
'1merged14251977',3780701,51900,,'',0,3100,,'',0,7000,,'',0,1300,,'',0,1500,,'',0,700,,'',0,4700,,'',0,700,,'',0,800,,'',0,700,,'',0,800,,'',0,800,,'',0,700,,'',0,800,,'',0,4800,,'',0,800,,'',0,700,,'',0,700,,'',0,700,,'',0,800,,'',0,800,,'',0,600,,'',0,4900,,'',0,1200,,'',0,1200,,'',0,1200,,'',0,1200,,'',0,5000,,'',0,1600,,'',0,1500,,'',0,1500,,'',0,5500,,'',0,1500,,'',0,1500,,'',0,1500,,'',0,5500,,'',0,1500,,'',0,1500,,'',0,1500,,'',0,5500,,'',0,1500,,'',0,1400,,'',0,1600,,'',0,5500,,'',0,1100,,'',0,900,,'',0,1400,,'',0,1300,,'',0,5300,,'',0,1100,,'',0,300,,'',0,900,,'',0,800,,'',0,1000,,'',0,800,,'',0,700,,'',0,4700,,'',0,800,,'',0,800,,'',0,800,,'',0,800,,'',0,800,,'',0,500,,'',0,700,,'',0,4800,,'',0,500,,'',0,900,,'',0,1000,,'',0,700,,'',0,800,,'',0,700,,'',0,700,,'',0,5000,,'',0,1300,,'',0,1500,,'',0,1500,,'',0,5500,,'',0,1500,,'',0,1500,,'',0,1600,,'',0,5400,,'',0,1500,,'',0,1500,,'',0,1500,,'',0,5600,,'',0,1500,,'',0,1500,,'',0,1500,,'',0,5500,,'',0,1500,,'',0,1500,,'',0,1500,,'',0,5500,,'',0,1700,,'',0,2000,,'',0,6000,,'',0,2000,,'',0,2000,,'',0
'2merged14251979',3780700,50300,4,'',0,9700,4,'',0,2800,4,'',0,2500,4,'',0,5600,4,'',0,1900,4,'',0,1500,4,'',0,1300,4,'',0,5500,4,'',0,1800,4,'',0,1400,4,'',0,400,4,'',0,5700,4,'',0,1500,4,'',0,1600,4,'',0,1700,4,'',0,5500,4,'',0,1600,4,'',0,1500,4,'',0,1500,4,'',0,5500,4,'',0,1600,4,'',0,1500,4,'',0,1700,4,'',0,5500,4,'',0,1100,4,'',0,1500,4,'',0,1900,4,'',0,5200,4,'',0,1600,4,'',0,1500,4,'',0,1800,4,'',0,5500,4,'',0,1400,4,'',0,1500,4,'',0,1800,4,'',0,5400,4,'',0,1400,4,'',0,1500,4,'',0,1200,4,'',0,4700,4,'',0,1700,4,'',0,1100,4,'',0,1200,4,'',0,1200,4,'',0,5100,4,'',0,1400,4,'',0,1200,4,'',0,1000,4,'',0,1200,4,'',0,5300,4,'',0,1200,4,'',0,1200,4,'',0,1200,4,'',0,1200,4,'',0,500,4,'',0,5200,4,'',0,1100,4,'',0,1200,4,'',0,1200,4,'',0,1200,4,'',0,5200,4,'',0,1000,4,'',0,1200,4,'',0,1200,4,'',0,800,4,'',0,5200,4,'',0,1500,4,'',0,1200,4,'',0,1100,4,'',0,1200,4,'',0,5200,4,'',0,1500,4,'',0,1200,4,'',0,1000,4,'',0,1200,4,'',0,5200,4,'',0,1000,4,'',0,1500,4,'',0,1400,4,'',0,5600,4,'',0,1500,4,'',0,1500,4,'',0,1100,4,'',0,1600,4,'',0,5500,4,'',0,1500,4,'',0,1400,4,'',0,1600,4,'',0,6900,4,'',0
'2merged14251979',3780701,50800,,'',0,9700,,'',0,2800,,'',0,6700,,'',0,1700,,'',0,1600,,'',0,1500,,'',0,5300,,'',0,1500,,'',0,1800,,'',0,1400,,'',0,5500,,'',0,1500,,'',0,1500,,'',0,1500,,'',0,5500,,'',0,1500,,'',0,1500,,'',0,1500,,'',0,5300,,'',0,1400,,'',0,1500,,'',0,1500,,'',0,5800,,'',0,1500,,'',0,1200,,'',0,1500,,'',0,5800,,'',0,1200,,'',0,1500,,'',0,1500,,'',0,5800,,'',0,1500,,'',0,1500,,'',0,1500,,'',0,5900,,'',0,1400,,'',0,1200,,'',0,1500,,'',0,5500,,'',0,1200,,'',0,1200,,'',0,1200,,'',0,1200,,'',0,5200,,'',0,1200,,'',0,1200,,'',0,1200,,'',0,1200,,'',0,5200,,'',0,1200,,'',0,1300,,'',0,1100,,'',0,1200,,'',0,5200,,'',0,1200,,'',0,1200,,'',0,1200,,'',0,1200,,'',0,5200,,'',0,1200,,'',0,1200,,'',0,1200,,'',0,1200,,'',0,5200,,'',0,1200,,'',0,1200,,'',0,1200,,'',0,1200,,'',0,5200,,'',0,1500,,'',0,1500,,'',0,1500,,'',0,5500,,'',0,1900,,'',0,1700,,'',0,1700,,'',0,5700,,'',0,1700,,'',0,1800,,'',0,5700,,'',0
'3merged14251978',3780700,50400,4,'',0,5200,4,'',0,7000,4,'',0,2400,4,'',0,5600,4,'',0,1700,4,'',0,1200,4,'',0,600,4,'',0,1700,4,'',0,5500,4,'',0,1500,4,'',0,1500,4,'',0,5700,4,'',0,1500,4,'',0,1500,4,'',0,1600,4,'',0,5500,4,'',0,1600,4,'',0,1500,4,'',0,1500,4,'',0,5500,4,'',0,1600,4,'',0,1500,4,'',0,1400,4,'',0,400,4,'',0,5700,4,'',0,1400,4,'',0,1500,4,'',0,1600,4,'',0,5500,4,'',0,1500,4,'',0,1500,4,'',0,1600,4,'',0,5400,4,'',0,1500,4,'',0,1500,4,'',0,1600,4,'',0,5500,4,'',0,1600,4,'',0,1500,4,'',0,1600,4,'',0,5400,4,'',0,1500,4,'',0,1300,4,'',0,1200,4,'',0,5200,4,'',0,1200,4,'',0,1200,4,'',0,1300,4,'',0,1200,4,'',0,5200,4,'',0,1200,4,'',0,1200,4,'',0,700,4,'',0,1200,4,'',0,1200,4,'',0,5200,4,'',0,1200,4,'',0,2500,4,'',0,5500,4,'',0,1400,4,'',0,1500,4,'',0,1500,4,'',0,5500,4,'',0,1300,4,'',0,1500,4,'',0,1500,4,'',0,1500,4,'',0,5500,4,'',0,1500,4,'',0,1200,4,'',0,1500,4,'',0,5500,4,'',0,1500,4,'',0,1500,4,'',0,1500,4,'',0,5500,4,'',0,1500,4,'',0,1400,4,'',0,1500,4,'',0,5500,4,'',0,1500,4,'',0,1300,4,'',0,1800,4,'',0,6700,4,'',0
'3merged14251978',3780701,50900,,'',0,9300,,'',0,3200,,'',0,2200,,'',0,5700,,'',0,1500,,'',0,1300,,'',0,1500,,'',0,5500,,'',0,1500,,'',0,1500,,'',0,1500,,'',0,5500,,'',0,1500,,'',0,1500,,'',0,1500,,'',0,5500,,'',0,1500,,'',0,1500,,'',0,1300,,'',0,5500,,'',0,1500,,'',0,1500,,'',0,1500,,'',0,5400,,'',0,1400,,'',0,1500,,'',0,1500,,'',0,5500,,'',0,1500,,'',0,1500,,'',0,1500,,'',0,5500,,'',0,1500,,'',0,1500,,'',0,1400,,'',0,5500,,'',0,1700,,'',0,1500,,'',0,1400,,'',0,5500,,'',0,1600,,'',0,900,,'',0,1200,,'',0,1200,,'',0,5200,,'',0,1200,,'',0,1200,,'',0,1200,,'',0,1200,,'',0,5200,,'',0,1200,,'',0,1200,,'',0,1200,,'',0,1100,,'',0,5400,,'',0,1500,,'',0,1500,,'',0,1500,,'',0,5500,,'',0,1500,,'',0,1500,,'',0,1500,,'',0,5500,,'',0,1500,,'',0,1500,,'',0,1500,,'',0,5500,,'',0,1500,,'',0,1500,,'',0,1500,,'',0,5500,,'',0,1500,,'',0,1500,,'',0,1900,,'',0,6000,,'',0,2000,,'',0,2000,,'',0
