669200,'1_merged_15288063',606,,80833,24,,,0,30,,80834,24,,,0,70,,80835,24,,,0,20,,80836,24,,,0,20,,80837,24,,,0,60,,80838,24,,,0,20,,80839,24,,,0,20,,80840,24,,,0,60,,80841,24,,,0,20,,80842,24,,,0,20,,80843,24,,,0,60,,80844,24,,,0,21,,80845,24,,,0,20,,80846,24,,,0,60,,80847,24,,,0,21,,80848,24,,,0,21,,80849,24,,,0,60,,80850,24,,,0,20,,80851,24,,,0,20,,80852,24,,,0,60,,80853,24,,,0,20,,80854,24,,,0,20,,80855,24,,,0,60,,80856,24,,,0,22,,80857,24,,,0,20,,80858,24,,,0,60,,80859,24,,,0,20,,80860,24,,,0,20,,80861,24,,,0,60,,80862,24,,,0,20,,80863,24,,,0,20,,80864,24,,,0,60,,80865,24,,,0,20,,80866,24,,,0,20,,80867,24,,,0,59,,80868,24,,,0,19,,80869,24,,,0,25,,80870,24,,,0,70,,80871,24,,,0,29,,80872,24,,,0,69,,80873,24,,,0,20,,80874,24,,,0,70,,80875,24,,,0,40,,80876,24,,,0,70,,80877,11,,,0,37,,80878,11,,,0,69,,80879,11,,,0,77,,80880,11,,,0,32,,80881,11,,,0,86,,80882,11,,,0
669200,'2_merged_15288065',601,,80883,24,,,0,20,,80884,24,,,0,30,,80885,24,,,0,70,,80886,24,,,0,30,,80887,24,,,0,70,,80888,24,,,0,31,,80889,24,,,0,70,,80890,24,,,0,30,,80891,24,,,0,70,,80892,24,,,0,30,,80893,24,,,0,70,,80894,24,,,0,22,,80895,24,,,0,60,,80896,24,,,0,20,,80897,24,,,0,20,,80898,24,,,0,60,,80899,24,,,0,20,,80900,24,,,0,20,,80901,24,,,0,60,,80902,24,,,0,20,,80903,24,,,0,20,,80904,24,,,0,60,,80905,24,,,0,20,,80906,24,,,0,20,,80907,24,,,0,60,,80908,24,,,0,20,,80909,24,,,0,20,,80910,24,,,0,60,,80911,24,,,0,20,,80912,24,,,0,20,,80913,24,,,0,60,,80914,24,,,0,20,,80915,24,,,0,30,,80916,24,,,0,68,,80917,24,,,0,31,,80918,24,,,0,70,,80919,24,,,0,29,,80920,24,,,0,58,,80921,11,,,0,40,,80922,11,,,0,80,,80923,11,,,0,80,,80924,11,,,0,40,,80925,11,,,0,80,,80926,11,,,0,80,,80927,11,,,0
669200,'3_merged_15288064',652,,80928,24,,,0,70,,80929,24,,,0,30,,80930,24,,,0,72,,80931,24,,,0,30,,80932,24,,,0,70,,80933,24,,,0,31,,80934,24,,,0,70,,80935,24,,,0,30,,80936,24,,,0,70,,80937,24,,,0,20,,80938,24,,,0,60,,80939,24,,,0,20,,80940,24,,,0,20,,80941,24,,,0,60,,80942,24,,,0,20,,80943,24,,,0,20,,80944,24,,,0,60,,80945,24,,,0,20,,80946,24,,,0,20,,80947,24,,,0,60,,80948,24,,,0,20,,80949,24,,,0,20,,80950,24,,,0,60,,80951,24,,,0,20,,80952,24,,,0,20,,80953,24,,,0,60,,80954,24,,,0,20,,80955,24,,,0,20,,80956,24,,,0,60,,80957,24,,,0,20,,80958,24,,,0,28,,80959,24,,,0,70,,80960,24,,,0,30,,80961,24,,,0,70,,80962,24,,,0,30,,80963,24,,,0,59,,80964,11,,,0,40,,80965,11,,,0,80,,80966,11,,,0,79,,80967,11,,,0,41,,80968,11,,,0,80,,80969,11,,,0,80,,80970,11,,,0
683700,'1101_merged_15288074',2646,,95616,23,,,0
683700,'1201_merged_15288056',2646,,95617,23,,,0
683700,'1_merged_15288063',2526,,95624,23,,,0,20,,95623,23,,,0,60,,95619,23,,,0,29,,95622,23,,,0,74,,95621,23,,,0,19,,95620,23,,,0,28,,95618,23,,,0
683700,'2_merged_15288065',2532,,95627,23,,,0,22,,95632,23,,,0,54,,95626,23,,,0,19,,95631,23,,,0,20,,95628,23,,,0,70,,95630,23,,,0,12,,95629,23,,,0,74,,95625,23,,,0
683700,'3_merged_15288064',715,,95645,17,,,0,40,,95646,17,0,50 51,0,73,,95647,17,0,50 51,0,1575,,95638,23,,,0,32,,95637,23,,,0,70,,95636,23,,,0,39,,95635,23,,,0,71,,95634,23,,,0,24,,95641,23,,,0,88,,95640,23,,,0,25,,95639,23,,,0
3679901,'1_merged_15288063',602,,108916,17,,,0,30,,108915,17,,,0,15,,108914,17,,,0,10,,108913,17,,,0,70,,108912,17,,,0,17,,108918,17,,,0,57,,108917,17,,,0,12,,108911,17,,,0,14,,108910,17,,,0,23,,108909,17,,,0,52,,108908,17,,,0,16,,108907,17,,,0,17,,108906,17,,,0,69,,108905,17,,,0,27,,108904,17,,,0,20,,108903,17,,,0,71,,108902,17,,,0,27,,108901,17,,,0,67,,108900,17,,,0,30,,108899,17,,,0,72,,108898,17,,,0,31,,108897,17,,,0,69,,108896,17,,,0,31,,108895,17,,,0,68,,108894,17,,,0,25,,108893,17,,,0,65,,108892,17,,,0,13,,108891,17,,,0,17,,108890,17,,,0,13,,108889,17,,,0,59,,108888,17,,,0,10,,108887,17,,,0,15,,108886,17,,,0,10,,108885,17,,,0,11,,108884,17,,,0,51,,108883,17,,,0,5,,108882,17,,,0,11,,108881,17,,,0,15,,108880,17,,,0,15,,108879,17,,,0,56,,108878,17,,,0,22,,108877,17,,,0,28,,108876,17,,,0,97,,108875,17,,,0,96,,108874,17,,,0,104,,108873,17,,,0,97,,108872,17,,,0,100,,108871,17,,,0
3679901,'2_merged_15288065',622,,108950,17,,,0,29,,108946,17,,,0,70,,108945,17,,,0,31,,108951,17,,,0,70,,108949,17,,,0,30,,108948,17,,,0,71,,108947,17,,,0,29,,108944,17,,,0,71,,108943,17,,,0,31,,108942,17,,,0,71,,108941,17,,,0,32,,108940,17,,,0,66,,108939,17,,,0,31,,108938,17,,,0,70,,108937,17,,,0,30,,108936,17,,,0,69,,108935,17,,,0,29,,108934,17,,,0,70,,108933,17,,,0,31,,108932,17,,,0,70,,108931,17,,,0,30,,108930,17,,,0,70,,108929,17,,,0,31,,108928,17,,,0,70,,108927,17,,,0,30,,108926,17,,,0,71,,108925,17,,,0,26,,108924,17,,,0,103,,108923,17,,,0,100,,108922,17,,,0,97,,108920,17,,,0,99,,108921,17,,,0,100,,108919,17,,,0
3679901,'3_merged_15288064',848,,108977,17,,,0,102,,108976,17,,,0,100,,108975,17,,,0,72,,108960,17,,,0,33,,108974,17,,,0,67,,108952,17,,,0,32,,108973,17,,,0,70,,108959,17,,,0,30,,108972,17,,,0,70,,108958,17,,,0,31,,108971,17,,,0,69,,108957,17,,,0,30,,108970,17,,,0,72,,108956,17,,,0,28,,108969,17,,,0,69,,108955,17,,,0,29,,108968,17,,,0,71,,108954,17,,,0,29,,108967,17,,,0,75,,108953,17,,,0,22,,108966,17,,,0,102,,108965,17,,,0,99,,108964,17,,,0,98,,108963,17,,,0,105,,108962,17,,,0,97,,108961,17,,,0
