665900,'101_merged_15524987',1632,,134119,27,4,,0
665900,'1_merged_15524980',528,,134122,27,4,,0,94,,134123,27,4,,0,31,,134121,27,4,,0,71,,134124,27,4,,0,30,,134126,27,4,,0,71,,134127,27,4,,0,31,,134128,27,4,,0,69,,134129,27,4,,0,30,,134130,27,4,,0,70,,134125,27,4,,0,30,,134131,27,4,,0,70,,134132,27,4,,0,30,,134133,27,4,,0,70,,134134,27,4,,0,30,,134135,27,4,,0,70,,134136,27,4,,0,29,,134137,27,4,,0,73,,134138,27,4,,0,75,,134140,27,4,,0,24,,134141,27,4,,0,29,,134142,27,4,,0,70,,134161,27,4,,0,33,,134143,27,4,,0,70,,134144,27,4,,0,28,,134145,27,4,,0,72,,134146,27,4,,0,30,,134147,27,4,,0,66,,134148,27,4,,0,32,,134149,27,4,,0,70,,134150,27,4,,0,30,,134151,27,4,,0,68,,134152,27,4,,0,30,,134153,27,4,,0,69,,134154,27,4,,0,30,,134155,27,4,,0,70,,134156,27,4,,0,30,,134157,27,4,,0,68,,134158,27,4,,0,30,,134159,27,4,,0,68,,134160,27,4,,0,30,,134120,27,4,,0,66,,134139,27,4,,0
665900,'201',1632,,134162,27,4,,0
665900,'2_merged_15524982',646,,134163,27,4,,0,69,,134164,27,4,,0,31,,134165,27,4,,0,73,,134166,27,4,,0,30,,134167,27,4,,0,70,,134168,27,4,,0,30,,134169,27,4,,0,65,,134170,27,4,,0,30,,134171,27,4,,0,71,,134172,27,4,,0,30,,134173,27,4,,0,71,,134174,27,4,,0,30,,134175,27,4,,0,70,,134176,27,4,,0,30,,134177,27,4,,0,69,,134178,27,4,,0,29,,134179,27,4,,0,69,,134180,27,4,,0,31,,134181,27,4,,0,70,,134182,27,4,,0,33,,134183,27,4,,0,69,,134184,27,4,,0,30,,134185,27,4,,0,68,,134186,27,4,,0,32,,134187,27,4,,0,70,,134188,27,4,,0,32,,134189,27,4,,0,76,,134190,27,4,,0,29,,134191,27,4,,0,71,,134192,27,4,,0,30,,134202,27,4,,0,72,,134193,27,4,,0,22,,134201,27,4,,0,70,,134194,27,4,,0,30,,134200,27,4,,0,68,,134195,27,4,,0,30,,134199,27,4,,0,71,,134196,27,4,,0,27,,134198,27,4,,0,73,,134197,27,4,,0
665900,'3_merged_15524981',743,,134232,27,4,,0,70,,134224,27,4,,0,30,,134225,27,4,,0,70,,134226,27,4,,0,30,,134212,27,4,,0,71,,134213,27,4,,0,30,,134214,27,4,,0,70,,134233,27,4,,0,30,,134227,27,4,,0,72,,134228,27,4,,0,30,,134210,27,4,,0,70,,134236,27,4,,0,30,,134237,27,4,,0,70,,134238,27,4,,0,30,,134207,27,4,,0,70,,134211,27,4,,0,29,,134234,27,4,,0,70,,134235,27,4,,0,30,,134221,27,4,,0,70,,134203,27,4,,0,30,,134215,27,4,,0,70,,134223,27,4,,0,30,,134217,27,4,,0,71,,134209,27,4,,0,29,,134230,27,4,,0,70,,134229,27,4,,0,30,,134208,27,4,,0,70,,134231,27,4,,0,28,,134216,27,4,,0,70,,134218,27,4,,0,28,,134204,27,4,,0,70,,134219,27,4,,0,30,,134205,27,4,,0,70,,134206,27,4,,0,29,,134220,27,4,,0,70,,134222,27,4,,0
666000,'101_merged_15524987',908,,134359,43,4,,0,648,,134360,44,4,,0,51,,134361,43,4,,0,22,,134362,41,4,,0
666000,'1_merged_15524980',618,,134374,41,4,,0,22,,134368,40,4,,0,16,,134367,41,4,,0,61,,134366,40,4,,0,16,,134378,41,4,,0,18,,134371,40,4,,0,59,,134365,41,4,,0,13,,134364,40,4,,0,20,,134372,41,4,,0,73,,134363,41,4,,0,26,,134406,40,4,,0,68,,134405,40,4,,0,29,,134404,40,4,,0,71,,134403,40,4,,0,29,,134402,40,4,,0,72,,134401,40,4,,0,30,,134400,40,4,,0,70,,134399,40,4,,0,30,,134398,40,4,,0,74,,134397,40,4,,0,35,,134396,40,4,,0,66,,134395,40,4,,0,20,,134394,40,4,,0,100,,134375,40,4,,0,10,,134393,41,4,,0,55,,134392,40,4,,0,16,,134391,41,4,,0,15,,134390,40,4,,0,17,,134389,41,4,,0,8,,134388,40,4,,0,58,,134387,41,4,,0,13,,134386,40,4,,0,16,,134385,41,4,,0,15,,134377,40,4,,0,51,,134384,41,4,,0,18,,134383,40,4,,0,12,,134382,40,4,,0,75,,134381,40,4,,0,30,,134370,40,4,,0,72,,134373,40,4,,0,26,,134380,40,4,,0,100,,134379,40,4,,0,98,,134376,40,4,,0,105,,134369,40,4,,0
666000,'201',859,,134407,40,4,,0,690,,134409,41,4,,0,53,,134408,40,4,,0,27,,134410,41,4,,0
666000,'2_merged_15524982',704,,134411,40,4,,0,35,,134412,40,4,,0,71,,134413,40,4,,0,31,,134414,40,4,,0,72,,134415,40,4,,0,30,,134416,40,4,,0,70,,134417,40,4,,0,30,,134418,40,4,,0,70,,134419,40,4,,0,30,,134420,40,4,,0,60,,134443,40,4,,0,20,,134421,40,4,,0,21,,134422,40,4,,0,60,,134444,40,4,,0,20,,134423,40,4,,0,20,,134424,40,4,,0,60,,134425,40,4,,0,20,,134445,40,4,,0,23,,134426,40,4,,0,60,,134427,40,4,,0,20,,134448,40,4,,0,20,,134428,40,4,,0,61,,134429,40,4,,0,20,,134446,40,4,,0,20,,134430,40,4,,0,60,,134431,40,4,,0,20,,134447,40,4,,0,20,,134432,40,4,,0,60,,134433,40,4,,0,20,,134449,40,4,,0,19,,134434,40,4,,0,69,,134435,40,4,,0,30,,134436,40,4,,0,70,,134437,40,4,,0,30,,134438,40,4,,0,70,,134450,40,4,,0,30,,134439,40,4,,0,97,,134440,40,4,,0,99,,134441,40,4,,0,100,,134442,40,4,,0
666000,'3_merged_15524981',811,,134469,40,4,,0,101,,134470,40,4,,0,30,,134471,40,4,,0,70,,134472,40,4,,0,31,,134473,40,4,,0,70,,134474,40,4,,0,32,,134475,40,4,,0,70,,134476,40,4,,0,30,,134477,40,4,,0,70,,134478,40,4,,0,30,,134479,40,4,,0,72,,134451,40,4,,0,30,,134452,40,4,,0,68,,134453,40,4,,0,30,,134454,40,4,,0,70,,134455,40,4,,0,32,,134456,40,4,,0,70,,134457,40,4,,0,28,,134458,40,4,,0,70,,134459,40,4,,0,30,,134460,40,4,,0,69,,134461,40,4,,0,30,,134462,40,4,,0,69,,134463,40,4,,0,25,,134464,40,4,,0,70,,134465,40,4,,0,25,,134481,40,4,,0,70,,134467,40,4,,0,98,,134466,40,4,,0,54,,134480,40,4,,0,99,,134468,40,4,,0
666001,'101_merged_15524987',832,,134482,1,0,55 56 57,0,680,,134483,1,0,55 56 57,0
666001,'1_merged_15524980',520,,134516,1,,,0,17,,134515,1,,,0,18,,134514,1,,,0,58,,134513,1,,,0,15,,134512,1,,,0,13,,134511,1,,,0,18,,134510,1,,,0,51,,134509,1,,,0,17,,134508,1,,,0,20,,134519,1,,,0,55,,134518,1,,,0,17,,134507,1,,,0,34,,134506,1,,,0,70,,134505,1,,,0,30,,134504,1,,,0,69,,134503,1,,,0,30,,134502,1,,,0,70,,134501,1,,,0,35,,134500,1,,,0,70,,134499,1,,,0,30,,134498,1,,,0,69,,134497,1,,,0,30,,134496,1,,,0,65,,134495,1,,,0,14,,134530,1,,,0,20,,134524,1,,,0,71,,134521,1,,,0,16,,134494,1,,,0,59,,134520,1,,,0,11,,134493,1,,,0,22,,134492,1,,,0,7,,134491,1,,,0,15,,134490,1,,,0,53,,134489,1,,,0,17,,134488,1,,,0,14,,134487,1,,,0,16,,134486,1,,,0,54,,134485,1,,,0,21,,134529,1,,,0,24,,134523,1,,,0,57,,134528,1,,,0,30,,134527,1,,,0,69,,134484,1,,,0,29,,134517,1,,,0,100,,134526,1,,,0,99,,134525,1,,,0,108,,134522,1,,,0
666001,'201',832,,134531,1,,,0,680,,134532,1,,,0
666001,'2_merged_15524982',628,,134533,1,,,0,97,,134534,1,,,0,30,,134535,1,,,0,70,,134536,1,,,0,30,,134537,1,,,0,70,,134538,1,,,0,30,,134539,1,,,0,70,,134540,1,,,0,30,,134541,1,,,0,60,,134542,1,,,0,20,,134564,1,,,0,20,,134543,1,,,0,60,,134544,1,,,0,20,,134565,1,,,0,20,,134545,1,,,0,60,,134546,1,,,0,20,,134566,1,,,0,20,,134547,1,,,0,60,,134548,1,,,0,20,,134567,1,,,0,20,,134549,1,,,0,60,,134550,1,,,0,20,,134568,1,,,0,20,,134551,1,,,0,60,,134552,1,,,0,20,,134569,1,,,0,20,,134553,1,,,0,60,,134554,1,,,0,20,,134570,1,,,0,20,,134555,1,,,0,70,,134556,1,,,0,30,,134557,1,,,0,70,,134558,1,,,0,30,,134559,1,,,0,70,,134571,1,,,0,30,,134560,1,,,0,100,,134561,1,,,0,100,,134562,1,,,0,100,,134563,1,,,0
666001,'3_merged_15524981',700,,134579,1,,,0,100,,134580,1,,,0,30,,134581,1,,,0,70,,134582,1,,,0,30,,134578,1,,,0,70,,134583,1,,,0,30,,134585,1,,,0,70,,134586,1,,,0,30,,134587,1,,,0,70,,134588,1,,,0,30,,134589,1,,,0,70,,134590,1,,,0,30,,134591,1,,,0,70,,134592,1,,,0,30,,134593,1,,,0,70,,134594,1,,,0,30,,134595,1,,,0,70,,134596,1,,,0,30,,134597,1,,,0,70,,134598,1,,,0,30,,134599,1,,,0,70,,134600,1,,,0,30,,134572,1,,,0,70,,134584,1,,,0,30,,134573,1,,,0,70,,134574,1,,,0,30,,134602,1,,,0,70,,134575,1,,,0,100,,134577,1,,,0,57,,134601,1,,,0,101,,134576,1,,,0
666100,'101_merged_15524987',1539,,134603,18,4,,0
666100,'1_merged_15524980',603,,134633,35,4,,0,15,,134634,35,4,,0,17,,134635,35,4,,0,15,,134636,35,4,,0,53,,134637,35,4,,0,17,,134638,35,4,,0,17,,134639,35,4,,0,11,,134640,35,4,,0,60,,134641,35,4,,0,15,,134642,35,4,,0,16,,134643,35,4,,0,11,,134644,35,4,,0,58,,134645,35,4,,0,15,,134646,35,4,,0,30,,134647,35,4,,0,71,,134648,35,4,,0,30,,134649,35,4,,0,70,,134650,35,4,,0,30,,134651,35,4,,0,71,,134604,35,4,,0,30,,134605,35,4,,0,70,,134606,35,4,,0,30,,134607,35,4,,0,72,,134608,35,4,,0,26,,134609,35,4,,0,71,,134610,35,4,,0,17,,134611,35,4,,0,16,,134612,35,4,,0,51,,134613,35,4,,0,18,,134614,35,4,,0,13,,134615,35,4,,0,17,,134616,35,4,,0,57,,134617,35,4,,0,13,,134618,35,4,,0,15,,134619,35,4,,0,15,,134620,35,4,,0,54,,134621,35,4,,0,15,,134622,35,4,,0,10,,134623,35,4,,0,18,,134624,35,4,,0,56,,134625,35,4,,0,22,,134626,35,4,,0,70,,134627,35,4,,0,30,,134628,35,4,,0,70,,134629,35,4,,0,30,,134630,35,4,,0,70,,134631,35,4,,0,26,,134632,35,4,,0,100,,134652,35,4,,0
666100,'2_merged_15524982',627,,134660,35,4,,0,30,,134664,35,4,,0,70,,134658,35,4,,0,30,,134661,35,4,,0,72,,134662,35,4,,0,72,,134659,35,4,,0,30,,134655,35,4,,0,70,,134666,35,4,,0,30,,134654,35,4,,0,70,,134653,35,4,,0,30,,134677,35,4,,0,70,,134681,35,4,,0,32,,134657,35,4,,0,70,,134680,35,4,,0,30,,134679,35,4,,0,70,,134678,35,4,,0,30,,134665,35,4,,0,70,,134683,35,4,,0,30,,134676,35,4,,0,70,,134668,35,4,,0,28,,134682,35,4,,0,70,,134675,35,4,,0,31,,134674,35,4,,0,70,,134673,35,4,,0,28,,134672,35,4,,0,70,,134671,35,4,,0,30,,134656,35,4,,0,70,,134670,35,4,,0,30,,134684,35,4,,0,70,,134669,35,4,,0,30,,134685,35,4,,0,70,,134663,35,4,,0,28,,134686,35,4,,0,30,,134667,35,4,,0,100,,134687,35,4,,0
666100,'3_merged_15524981',757,,134689,35,4,,0,70,,134705,35,4,,0,30,,134690,35,4,,0,72,,134706,35,4,,0,71,,134691,35,4,,0,31,,134707,35,4,,0,70,,134692,35,4,,0,30,,134708,35,4,,0,70,,134693,35,4,,0,30,,134709,35,4,,0,70,,134694,35,4,,0,30,,134710,35,4,,0,70,,134695,35,4,,0,30,,134711,35,4,,0,70,,134696,35,4,,0,30,,134712,35,4,,0,71,,134697,35,4,,0,30,,134713,35,4,,0,70,,134698,35,4,,0,30,,134714,35,4,,0,70,,134699,35,4,,0,30,,134715,35,4,,0,68,,134700,35,4,,0,30,,134688,35,4,,0,70,,134701,35,4,,0,28,,134716,35,4,,0,72,,134702,35,4,,0,30,,134717,35,4,,0,70,,134703,35,4,,0,58,,134704,35,4,,0,100,,134718,35,4,,0
666600,'101_merged_15524987',834,,135767,48,4,,0,5,,135765,48,4,,0,876,,135766,44,4,,0
666600,'1_merged_15524980',557,,135806,26,4,,0,81,,135805,47,4,,0,70,,135788,47,4,,0,27,,135804,47,4,,0,65,,135803,47,4,,0,22,,135802,44,4,,0,87,,135801,44,4,,0,29,,135800,44,4,,0,71,,135799,44,4,,0,30,,135798,44,4,,0,71,,135784,44,4,,0,30,,135783,44,4,,0,70,,135782,44,4,,0,30,,135797,44,4,,0,71,,135781,44,4,,0,29,,135796,44,4,,0,71,,135795,44,4,,0,31,,135794,44,4,,0,73,,135793,44,4,,0,35,,135780,44,4,,0,70,,135779,44,4,,0,22,,135809,44,4,,0,15,,135770,44,4,,0,72,,135808,44,4,,0,15,,135792,44,4,,0,14,,135769,44,4,,0,55,,135791,44,4,,0,11,,135790,44,4,,0,14,,135789,44,4,,0,14,,135768,44,4,,0,55,,135787,44,4,,0,16,,135778,44,4,,0,30,,135786,44,4,,0,70,,135785,44,4,,0,30,,135771,44,4,,0,69,,135772,44,4,,0,27,,135810,44,4,,0,70,,135773,44,4,,0,40,,135774,44,4,,0,84,,135775,44,4,,0,84,,135776,44,4,,0,90,,135777,44,4,,0,41,,135807,44,4,,0
666600,'201',834,,135813,44,4,,0,5,,135811,44,4,,0,876,,135812,44,4,,0
666600,'2_merged_15524982',730,,135814,44,4,,0,72,,135815,44,4,,0,29,,135816,44,4,,0,70,,135817,44,4,,0,34,,135818,44,4,,0,71,,135819,44,4,,0,30,,135820,44,4,,0,73,,135821,44,4,,0,29,,135822,44,4,,0,70,,135823,44,4,,0,32,,135824,44,4,,0,70,,135825,44,4,,0,30,,135826,44,4,,0,70,,135827,44,4,,0,30,,135828,44,4,,0,70,,135829,44,4,,0,30,,135830,44,4,,0,70,,135831,44,4,,0,29,,135832,44,4,,0,70,,135833,44,4,,0,30,,135834,44,4,,0,70,,135835,44,4,,0,28,,135836,44,4,,0,68,,135837,44,4,,0,29,,135838,44,4,,0,70,,135839,44,4,,0,28,,135847,44,4,,0,72,,135840,44,4,,0,30,,135848,44,4,,0,68,,135841,44,4,,0,98,,135842,44,4,,0,58,,135843,44,4,,0,100,,135844,44,4,,0,100,,135845,44,4,,0,74,,135846,44,4,,0
666600,'3_merged_15524981',746,,135865,44,4,,0,96,,135866,44,4,,0,100,,135849,44,4,,0,70,,135874,44,4,,0,31,,135850,44,4,,0,70,,135875,44,4,,0,30,,135851,44,4,,0,71,,135867,44,4,,0,32,,135852,44,4,,0,70,,135868,44,4,,0,30,,135853,44,4,,0,71,,135869,44,4,,0,28,,135854,44,4,,0,71,,135870,44,4,,0,29,,135855,44,4,,0,70,,135871,44,4,,0,30,,135856,44,4,,0,71,,135872,44,4,,0,29,,135857,44,4,,0,71,,135873,44,4,,0,28,,135858,44,4,,0,68,,135876,44,4,,0,31,,135859,44,4,,0,67,,135877,44,4,,0,30,,135860,44,4,,0,68,,135878,44,4,,0,32,,135861,44,4,,0,97,,135862,44,4,,0,100,,135863,44,4,,0,109,,135864,44,4,,0
666800,'1_merged_15524980',605,,136391,18,4,,0,32,,136423,18,4,,0,71,,136392,18,4,,0,31,,136424,18,4,,0,72,,136393,18,4,,0,34,,136425,18,4,,0,70,,136394,18,4,,0,30,,136426,18,4,,0,67,,136395,18,4,,0,30,,136427,18,4,,0,69,,136396,18,4,,0,30,,136428,18,4,,0,70,,136397,18,4,,0,31,,136429,18,4,,0,70,,136398,18,4,,0,30,,136401,18,4,,0,73,,136399,18,4,,0,30,,136402,18,4,,0,72,,136400,18,4,,0,30,,136403,18,4,,0,79,,136412,18,4,,0,25,,136404,18,4,,0,66,,136413,18,4,,0,28,,136405,18,4,,0,65,,136414,18,4,,0,33,,136406,18,4,,0,58,,136415,18,4,,0,24,,136407,18,4,,0,30,,136416,18,4,,0,69,,136408,18,4,,0,30,,136417,18,4,,0,70,,136409,18,4,,0,30,,136418,18,4,,0,70,,136410,18,4,,0,30,,136419,18,4,,0,66,,136411,18,4,,0,99,,136420,18,4,,0,100,,136421,18,4,,0,100,,136422,18,4,,0
666800,'2_merged_15524982',611,,136430,18,4,,0,35,,136431,18,4,,0,66,,136432,18,4,,0,30,,136433,18,4,,0,70,,136434,18,4,,0,31,,136435,18,4,,0,71,,136436,18,4,,0,30,,136437,18,4,,0,71,,136438,18,4,,0,32,,136439,18,4,,0,70,,136440,18,4,,0,30,,136441,18,4,,0,70,,136442,18,4,,0,30,,136443,18,4,,0,71,,136444,18,4,,0,30,,136445,18,4,,0,70,,136446,18,4,,0,30,,136447,18,4,,0,71,,136448,18,4,,0,30,,136449,18,4,,0,70,,136450,18,4,,0,30,,136451,18,4,,0,68,,136452,18,4,,0,29,,136453,18,4,,0,70,,136454,18,4,,0,30,,136455,18,4,,0,69,,136456,18,4,,0,30,,136457,18,4,,0,70,,136458,18,4,,0,30,,136459,18,4,,0,68,,136460,18,4,,0,30,,136461,18,4,,0,70,,136462,18,4,,0,34,,136463,18,4,,0,75,,136464,18,4,,0,30,,136465,18,4,,0,70,,136466,18,4,,0,30,,136467,18,4,,0,70,,136468,18,4,,0,30,,136469,18,4,,0,70,,136470,18,4,,0
666800,'3_merged_15524981',615,,136472,18,4,,0,30,,136473,18,4,,0,70,,136506,18,4,,0,30,,136507,18,4,,0,72,,136474,18,4,,0,31,,136475,18,4,,0,70,,136476,18,4,,0,30,,136477,18,4,,0,72,,136478,18,4,,0,32,,136479,18,4,,0,70,,136480,18,4,,0,30,,136481,18,4,,0,70,,136482,18,4,,0,30,,136483,18,4,,0,71,,136484,18,4,,0,30,,136485,18,4,,0,70,,136486,18,4,,0,30,,136487,18,4,,0,70,,136488,18,4,,0,29,,136489,18,4,,0,70,,136490,18,4,,0,30,,136491,18,4,,0,70,,136492,18,4,,0,28,,136493,18,4,,0,70,,136494,18,4,,0,29,,136495,18,4,,0,70,,136496,18,4,,0,30,,136497,18,4,,0,68,,136498,18,4,,0,30,,136499,18,4,,0,70,,136500,18,4,,0,31,,136501,18,4,,0,65,,136502,18,4,,0,35,,136503,18,4,,0,69,,136504,18,4,,0,25,,136505,18,4,,0,73,,136471,18,4,,0
674901,'101_merged_15524987',1608,,150981,38,4,,0,10,,150980,52,4,,0
674901,'1_merged_15524980',431,,150994,38,4,,0,71,,151023,38,4,,0,22,,151024,52,4,,0,32,,151025,52,4,,0,49,,151026,38,4,,0,24,,150983,52,4,,0,9,,151027,38,4,,0,62,,151028,52,4,,0,11,,151029,52,4,,0,20,,151030,52,4,,0,8,,150990,52,4,,0,63,,151031,52,4,,0,10,,151032,52,4,,0,19,,151033,52,4,,0,17,,151034,52,4,,0,53,,151035,38,4,,0,19,,151036,52,4,,0,15,,151037,52,4,,0,15,,151038,38,4,,0,54,,150991,52,4,,0,15,,151039,38,4,,0,15,,151040,52,4,,0,15,,151041,38,4,,0,55,,151042,52,4,,0,16,,151043,38,4,,0,15,,151044,52,4,,0,8,,151045,39,4,,0,59,,151046,52,4,,0,18,,151047,38,4,,0,16,,151048,52,4,,0,14,,151049,38,4,,0,55,,151050,52,4,,0,14,,151051,38,4,,0,15,,151052,52,4,,0,15,,151053,38,4,,0,58,,151054,52,4,,0,16,,151055,38,4,,0,15,,151056,52,4,,0,18,,151012,38,4,,0,54,,151013,52,4,,0,19,,150989,52,4,,0,28,,151014,52,4,,0,67,,151015,52,4,,0,17,,151016,52,4,,0,7,,151017,39,4,,0,5,,151018,52,4,,0,58,,151019,52,4,,0,14,,151020,52,4,,0,15,,151021,52,4,,0,13,,151022,52,4,,0,54,,150985,52,4,,0,11,,150988,52,4,,0,13,,151010,52,4,,0,13,,150997,52,4,,0,14,,150998,52,4,,0,55,,150999,52,4,,0,12,,151000,52,4,,0,15,,151001,52,4,,0,15,,151002,52,4,,0,55,,150992,52,4,,0,17,,150984,52,4,,0,14,,150996,52,4,,0,15,,151003,52,4,,0,70,,151004,52,4,,0,28,,151005,52,4,,0,56,,151006,39,4,,0,17,,150986,52,4,,0,20,,151011,52,4,,0,59,,150995,39,4,,0,21,,151007,52,4,,0,21,,151008,52,4,,0,70,,150987,52,4,,0,28,,151009,52,4,,0,70,,150993,52,4,,0,29,,151057,52,4,,0
674901,'201',1608,,151059,38,4,,0,10,,151058,52,4,,0
674901,'2_merged_15524982',557,,151060,52,4,,0,70,,151061,38,4,,0,26,,151062,52,4,,0,67,,151063,38,4,,0,20,,151064,52,4,,0,15,,151065,38,4,,0,55,,151066,52,4,,0,13,,151067,38,4,,0,17,,151068,52,4,,0,16,,151069,38,4,,0,55,,151070,52,4,,0,15,,151071,38,4,,0,18,,151072,52,4,,0,15,,151073,38,4,,0,59,,151074,52,4,,0,15,,151075,38,4,,0,15,,151076,52,4,,0,55,,151077,38,4,,0,14,,151078,52,4,,0,15,,151079,38,4,,0,19,,151080,52,4,,0,55,,151081,38,4,,0,13,,151082,52,4,,0,19,,151083,38,4,,0,14,,151084,52,4,,0,55,,151085,38,4,,0,14,,151086,52,4,,0,15,,151087,38,4,,0,16,,151088,52,4,,0,56,,151089,38,4,,0,15,,151090,52,4,,0,15,,151091,38,4,,0,14,,151092,52,4,,0,55,,151093,38,4,,0,18,,151094,52,4,,0,15,,151095,38,4,,0,15,,151096,52,4,,0,51,,151097,38,4,,0,14,,151098,52,4,,0,14,,151099,38,4,,0,15,,151100,52,4,,0,60,,151101,38,4,,0,15,,151102,52,4,,0,15,,151103,38,4,,0,15,,151104,52,4,,0,54,,151105,38,4,,0,13,,151106,52,4,,0,15,,151107,38,4,,0,15,,151108,52,4,,0,55,,151109,38,4,,0,14,,151110,52,4,,0,11,,151111,38,4,,0,18,,151112,52,4,,0,55,,151113,52,4,,0,14,,151114,52,4,,0,15,,151115,52,4,,0,23,,151116,52,4,,0,70,,151117,52,4,,0,28,,151118,52,4,,0,70,,151119,52,4,,0,26,,151120,52,4,,0,70,,151121,52,4,,0,27,,151122,52,4,,0,70,,151123,52,4,,0,30,,151124,52,4,,0,70,,151125,52,4,,0,26,,151126,52,4,,0
674901,'3_merged_15524981',651,,151160,38,4,,0,72,,151152,38,4,,0,30,,151151,52,4,,0,71,,151150,52,4,,0,14,,151149,38,4,,0,15,,151148,52,4,,0,55,,151185,38,4,,0,16,,151184,52,4,,0,16,,151183,38,4,,0,15,,151182,52,4,,0,58,,151181,38,4,,0,15,,151180,52,4,,0,18,,151179,38,4,,0,54,,151178,52,4,,0,16,,151135,38,4,,0,15,,151134,52,4,,0,19,,151177,38,4,,0,53,,151176,52,4,,0,14,,151175,38,4,,0,15,,151174,52,4,,0,15,,151173,38,4,,0,55,,151172,52,4,,0,12,,151171,38,4,,0,18,,151170,52,4,,0,15,,151169,38,4,,0,57,,151168,52,4,,0,15,,151167,38,4,,0,14,,151166,52,4,,0,16,,151147,38,4,,0,54,,151146,52,4,,0,17,,151145,38,4,,0,5,,151144,52,4,,0,22,,151143,38,4,,0,54,,151142,52,4,,0,17,,151141,38,4,,0,13,,151140,52,4,,0,17,,151139,38,4,,0,53,,151138,52,4,,0,15,,151137,38,4,,0,15,,151159,52,4,,0,12,,151158,38,4,,0,14,,151157,52,4,,0,54,,151156,38,4,,0,17,,151155,52,4,,0,14,,151154,38,4,,0,16,,151153,52,4,,0,55,,151136,38,4,,0,15,,151133,52,4,,0,16,,151132,38,4,,0,14,,151131,52,4,,0,54,,151129,38,4,,0,14,,151130,52,4,,0,17,,151128,38,4,,0,15,,151127,52,4,,0,55,,151189,38,4,,0,20,,151188,52,4,,0,68,,151165,52,4,,0,30,,151187,52,4,,0,70,,151186,52,4,,0,30,,151161,52,4,,0,69,,151162,52,4,,0,31,,151163,52,4,,0,27,,151190,52,4,,0,69,,151164,52,4,,0
750901,'1_merged_15524980',1047,,156318,21,4,,0,75,,156319,21,4,,0,35,,156320,21,4,,0,75,,156321,21,4,,0,75,,156322,21,4,,0,35,,156323,21,4,,0,75,,156324,21,4,,0,35,,156325,21,4,,0,76,,156326,21,4,,0,76,,156327,21,4,,0,35,,156328,21,4,,0,75,,156329,21,4,,0,35,,156330,21,4,,0,73,,156331,21,4,,0,35,,156332,21,4,,0,75,,156333,21,4,,0,75,,156334,21,4,,0,35,,156335,21,4,,0,70,,156336,21,4,,0
750901,'2_merged_15524982',900,,156337,21,4,,0,32,,156338,21,4,,0,70,,156339,21,4,,0,20,,156340,21,4,,0,20,,156341,21,4,,0,60,,156342,21,4,,0,24,,156343,21,4,,0,20,,156344,21,4,,0,60,,156345,21,4,,0,18,,156346,21,4,,0,20,,156347,21,4,,0,60,,156348,21,4,,0,20,,156349,21,4,,0,20,,156350,21,4,,0,61,,156351,21,4,,0,20,,156352,21,4,,0,20,,156353,21,4,,0,60,,156354,21,4,,0,19,,156355,21,4,,0,20,,156356,21,4,,0,60,,156357,21,4,,0,20,,156358,21,4,,0,20,,156359,21,4,,0,60,,156360,21,4,,0,20,,156361,21,4,,0,20,,156362,21,4,,0,60,,156363,21,4,,0,18,,156364,21,4,,0,20,,156365,21,4,,0,60,,156366,21,4,,0,20,,156367,21,4,,0,20,,156368,21,4,,0,60,,156369,21,4,,0,20,,156370,21,4,,0,20,,156371,21,4,,0,58,,156372,21,4,,0
750901,'3_merged_15524981',855,,156373,21,4,,0,70,,156374,21,4,,0,30,,156375,21,4,,0,64,,156376,21,4,,0,21,,156377,21,4,,0,60,,156378,21,4,,0,20,,156379,21,4,,0,20,,156380,21,4,,0,60,,156381,21,4,,0,20,,156382,21,4,,0,20,,156383,21,4,,0,60,,156384,21,4,,0,20,,156385,21,4,,0,20,,156386,21,4,,0,60,,156387,21,4,,0,20,,156388,21,4,,0,20,,156389,21,4,,0,60,,156390,21,4,,0,20,,156391,21,4,,0,23,,156392,21,4,,0,60,,156393,21,4,,0,19,,156394,21,4,,0,18,,156395,21,4,,0,62,,156396,21,4,,0,18,,156397,21,4,,0,20,,156398,21,4,,0,60,,156399,21,4,,0,20,,156400,21,4,,0,20,,156401,21,4,,0,19,,156402,21,4,,0,60,,156403,21,4,,0,20,,156404,21,4,,0,61,,156405,21,4,,0,21,,156406,21,4,,0,20,,156407,21,4,,0,60,,156408,21,4,,0
3003701,'101_merged_15524987',759,,161695,13,4,,0,99,,161694,13,4,,0,687,,161693,13,4,,0
3003701,'1_merged_15524980',530,,161706,13,4,,0,72,,161707,13,4,,0,28,,161708,13,4,,0,25,,161705,13,4,,0,45,,161709,13,4,,0,23,,161704,13,4,,0,8,,161710,13,4,,0,24,,161703,13,4,,0,60,,161697,13,4,,0,19,,161711,13,4,,0,74,,161712,13,4,,0,29,,161713,13,4,,0,70,,161714,13,4,,0,29,,161715,13,4,,0,72,,161716,13,4,,0,29,,161717,13,4,,0,66,,161718,13,4,,0,36,,161719,13,4,,0,70,,161720,13,4,,0,30,,161721,13,4,,0,71,,161722,13,4,,0,29,,161723,13,4,,0,75,,161724,13,4,,0,33,,161725,13,4,,0,68,,161726,13,4,,0,10,,161741,13,4,,0,10,,161742,13,4,,0,10,,161727,13,4,,0,60,,161740,13,4,,0,15,,161728,13,4,,0,4,,161702,13,4,,0,20,,161729,13,4,,0,5,,161701,13,4,,0,64,,161730,13,4,,0,3,,161700,13,4,,0,16,,161696,13,4,,0,17,,161731,13,4,,0,3,,161699,13,4,,0,68,,161732,13,4,,0,18,,161733,13,4,,0,6,,161698,13,4,,0,74,,161734,13,4,,0,96,,161735,13,4,,0,99,,161736,13,4,,0,98,,161737,13,4,,0,101,,161738,13,4,,0,95,,161739,13,4,,0
3003701,'201',759,,161743,13,4,,0
3003701,'2_merged_15524982',657,,161747,13,4,,0,71,,161762,13,4,,0,31,,161748,13,4,,0,70,,161769,13,4,,0,73,,161749,13,4,,0,30,,161770,13,4,,0,72,,161750,13,4,,0,31,,161763,13,4,,0,70,,161751,13,4,,0,32,,161764,13,4,,0,72,,161752,13,4,,0,30,,161765,13,4,,0,74,,161753,13,4,,0,30,,161766,13,4,,0,70,,161754,13,4,,0,30,,161767,13,4,,0,70,,161755,13,4,,0,28,,161768,13,4,,0,70,,161774,13,4,,0,30,,161771,13,4,,0,69,,161756,13,4,,0,28,,161772,13,4,,0,70,,161744,13,4,,0,28,,161773,13,4,,0,70,,161745,13,4,,0,104,,161746,13,4,,0,98,,161757,13,4,,0,98,,161758,13,4,,0,98,,161759,13,4,,0,100,,161760,13,4,,0,97,,161761,13,4,,0
3003701,'3_merged_15524981',703,,161788,13,4,,0,101,,161790,13,4,,0,103,,161791,13,4,,0,104,,161792,13,4,,0,102,,161789,13,4,,0,30,,161793,13,4,,0,70,,161775,13,4,,0,30,,161794,13,4,,0,72,,161776,13,4,,0,32,,161795,13,4,,0,70,,161777,13,4,,0,30,,161796,13,4,,0,70,,161778,13,4,,0,27,,161797,13,4,,0,70,,161779,13,4,,0,30,,161798,13,4,,0,70,,161780,13,4,,0,30,,161799,13,4,,0,59,,161801,13,4,,0,20,,161781,13,4,,0,20,,161800,13,4,,0,68,,161782,13,4,,0,100,,161783,13,4,,0,98,,161784,13,4,,0,98,,161785,13,4,,0,97,,161786,13,4,,0,99,,161787,13,4,,0
3003801,'101_merged_15524987',901,,161914,28,4,,0,599,,161912,28,4,,0,20,,161911,28,4,,0,83,,161913,28,4,,0
3003801,'1_merged_15524980',531,,161921,28,4,,0,71,,161922,28,4,,0,21,,161916,28,4,,0,9,,161923,28,4,,0,20,,161915,28,4,,0,6,,161924,28,4,,0,66,,161958,28,4,,0,5,,161925,28,4,,0,16,,161953,28,4,,0,55,,161926,28,4,,0,15,,161951,28,4,,0,15,,161927,28,4,,0,21,,161928,28,4,,0,70,,161929,28,4,,0,25,,161930,28,4,,0,76,,161931,28,4,,0,30,,161943,28,4,,0,71,,161935,28,4,,0,30,,161936,28,4,,0,71,,161937,28,4,,0,30,,161938,28,4,,0,70,,161939,28,4,,0,31,,161940,28,4,,0,69,,161941,28,4,,0,30,,161942,28,4,,0,68,,161944,28,4,,0,36,,161945,28,4,,0,65,,161946,28,4,,0,25,,161917,28,4,,0,65,,161947,28,4,,0,3,,161957,28,4,,0,25,,161948,28,4,,0,5,,161956,28,4,,0,61,,161949,28,4,,0,5,,161955,28,4,,0,19,,161952,28,4,,0,21,,161954,28,4,,0,64,,161950,28,4,,0,25,,161918,28,4,,0,98,,161919,28,4,,0,99,,161920,28,4,,0,99,,161932,28,4,,0,95,,161933,28,4,,0,97,,161934,28,4,,0
3003801,'2_merged_15524982',745,,161968,28,4,,0,70,,161985,28,4,,0,31,,161969,28,4,,0,71,,161987,28,4,,0,31,,161970,28,4,,0,73,,161977,28,4,,0,30,,161971,28,4,,0,71,,161959,28,4,,0,32,,161972,28,4,,0,70,,161960,28,4,,0,30,,161973,28,4,,0,70,,161961,28,4,,0,30,,161974,28,4,,0,70,,161962,28,4,,0,31,,161975,28,4,,0,70,,161963,28,4,,0,30,,161976,28,4,,0,68,,161964,28,4,,0,30,,161978,28,4,,0,69,,161965,28,4,,0,30,,161979,28,4,,0,69,,161966,28,4,,0,28,,161980,28,4,,0,65,,161967,28,4,,0,23,,161981,28,4,,0,100,,161982,28,4,,0,100,,161983,28,4,,0,100,,161984,28,4,,0,96,,161986,28,4,,0,100,,161988,28,4,,0
3003801,'3_merged_15524981',735,,161992,28,4,,0,100,,161993,28,4,,0,103,,161994,28,4,,0,102,,161995,28,4,,0,100,,161996,28,4,,0,72,,162007,28,4,,0,30,,161997,28,4,,0,70,,162008,28,4,,0,30,,161999,28,4,,0,71,,162009,28,4,,0,29,,161998,28,4,,0,70,,162010,28,4,,0,30,,161990,28,4,,0,70,,162011,28,4,,0,30,,161991,28,4,,0,70,,162012,28,4,,0,30,,162000,28,4,,0,70,,162013,28,4,,0,29,,162001,28,4,,0,99,,162002,28,4,,0,99,,162003,28,4,,0,99,,162004,28,4,,0,100,,162005,28,4,,0,94,,162006,28,4,,0,98,,161989,28,4,,0
3003901,'101_merged_15524987',1556,,162117,32,4,,0
3003901,'1_merged_15524980',537,,162150,32,4,,0,64,,162139,32,4,,0,7,,162151,32,4,,0,21,,162149,32,4,,0,11,,162152,32,4,,0,62,,162148,32,4,,0,10,,162153,32,4,,0,19,,162147,32,4,,0,11,,162154,32,4,,0,60,,162146,32,4,,0,10,,162155,32,4,,0,23,,162140,32,4,,0,17,,162156,32,4,,0,68,,162157,32,4,,0,31,,162158,32,4,,0,66,,162159,32,4,,0,34,,162160,32,4,,0,72,,162161,32,4,,0,28,,162162,32,4,,0,74,,162163,32,4,,0,25,,162118,32,4,,0,70,,162119,32,4,,0,30,,162120,32,4,,0,77,,162121,32,4,,0,74,,162122,32,4,,0,28,,162123,32,4,,0,29,,162124,32,4,,0,69,,162125,32,4,,0,30,,162126,32,4,,0,71,,162127,32,4,,0,12,,162145,32,4,,0,16,,162128,32,4,,0,49,,162144,32,4,,0,19,,162129,32,4,,0,10,,162143,32,4,,0,68,,162130,32,4,,0,10,,162142,32,4,,0,10,,162131,32,4,,0,26,,162132,32,4,,0,9,,162141,32,4,,0,59,,162133,32,4,,0,34,,162134,32,4,,0,96,,162135,32,4,,0,100,,162136,32,4,,0,98,,162137,32,4,,0,96,,162138,32,4,,0
3003901,'2_merged_15524982',642,,162178,32,4,,0,70,,162167,32,4,,0,30,,162179,32,4,,0,71,,162164,32,4,,0,30,,162180,32,4,,0,72,,162165,32,4,,0,32,,162181,32,4,,0,71,,162168,32,4,,0,32,,162182,32,4,,0,70,,162169,32,4,,0,31,,162183,32,4,,0,70,,162170,32,4,,0,30,,162184,32,4,,0,71,,162171,32,4,,0,30,,162185,32,4,,0,70,,162172,32,4,,0,30,,162186,32,4,,0,69,,162173,32,4,,0,30,,162187,32,4,,0,70,,162174,32,4,,0,28,,162188,32,4,,0,70,,162175,32,4,,0,30,,162189,32,4,,0,67,,162176,32,4,,0,30,,162192,32,4,,0,70,,162177,32,4,,0,30,,162190,32,4,,0,99,,162191,32,4,,0,100,,162193,32,4,,0,97,,162194,32,4,,0,100,,162195,32,4,,0,97,,162166,32,4,,0
3003901,'3_merged_15524981',642,,162197,32,4,,0,100,,162198,32,4,,0,101,,162199,32,4,,0,101,,162200,32,4,,0,102,,162201,32,4,,0,101,,162202,32,4,,0,70,,162215,32,4,,0,30,,162203,32,4,,0,70,,162216,32,4,,0,31,,162204,32,4,,0,70,,162217,32,4,,0,30,,162205,32,4,,0,70,,162218,32,4,,0,30,,162206,32,4,,0,70,,162219,32,4,,0,33,,162207,32,4,,0,67,,162220,32,4,,0,30,,162208,32,4,,0,67,,162221,32,4,,0,30,,162209,32,4,,0,101,,162210,32,4,,0,99,,162211,32,4,,0,100,,162212,32,4,,0,99,,162213,32,4,,0,99,,162214,32,4,,0,100,,162196,32,4,,0
3004001,'101_merged_15524987',808,,162327,38,4,,0
3004001,'1_merged_15524980',540,,162340,38,4,,0,61,,162355,38,4,,0,9,,162341,38,4,,0,21,,162354,38,4,,0,10,,162342,38,4,,0,61,,162353,38,4,,0,9,,162343,38,4,,0,19,,162352,38,4,,0,11,,162357,38,4,,0,71,,162358,38,4,,0,21,,162344,38,4,,0,20,,162359,38,4,,0,83,,162360,38,4,,0,68,,162361,38,4,,0,30,,162362,38,4,,0,75,,162363,38,4,,0,25,,162364,38,4,,0,75,,162365,38,4,,0,30,,162366,38,4,,0,70,,162367,38,4,,0,34,,162350,38,4,,0,65,,162351,38,4,,0,32,,162368,38,4,,0,72,,162369,38,4,,0,31,,162356,38,4,,0,67,,162370,38,4,,0,29,,162371,38,4,,0,72,,162372,38,4,,0,18,,162328,38,4,,0,10,,162349,38,4,,0,61,,162329,38,4,,0,9,,162348,38,4,,0,19,,162330,38,4,,0,4,,162347,38,4,,0,69,,162331,38,4,,0,10,,162346,38,4,,0,12,,162332,38,4,,0,24,,162333,38,4,,0,12,,162345,38,4,,0,58,,162334,38,4,,0,94,,162335,38,4,,0,104,,162336,38,4,,0,101,,162337,38,4,,0,99,,162338,38,4,,0,97,,162339,38,4,,0
3004001,'201',808,,162373,38,4,,0
3004001,'2_merged_15524982',730,,162381,38,4,,0,72,,162399,38,4,,0,31,,162382,38,4,,0,70,,162400,38,4,,0,29,,162383,38,4,,0,72,,162403,38,4,,0,29,,162384,38,4,,0,72,,162374,38,4,,0,32,,162385,38,4,,0,68,,162375,38,4,,0,30,,162386,38,4,,0,71,,162376,38,4,,0,30,,162387,38,4,,0,72,,162377,38,4,,0,30,,162388,38,4,,0,70,,162401,38,4,,0,30,,162389,38,4,,0,70,,162402,38,4,,0,30,,162390,38,4,,0,67,,162378,38,4,,0,28,,162391,38,4,,0,70,,162379,38,4,,0,30,,162392,38,4,,0,70,,162380,38,4,,0,30,,162393,38,4,,0,86,,162394,38,4,,0,97,,162395,38,4,,0,100,,162396,38,4,,0,101,,162397,38,4,,0,102,,162398,38,4,,0
3004001,'3_merged_15524981',731,,162405,38,4,,0,102,,162406,38,4,,0,100,,162407,38,4,,0,100,,162408,38,4,,0,72,,162422,38,4,,0,30,,162409,38,4,,0,70,,162423,38,4,,0,30,,162410,38,4,,0,72,,162424,38,4,,0,30,,162411,38,4,,0,70,,162425,38,4,,0,29,,162412,38,4,,0,70,,162426,38,4,,0,29,,162413,38,4,,0,70,,162427,38,4,,0,30,,162414,38,4,,0,70,,162428,38,4,,0,30,,162415,38,4,,0,70,,162429,38,4,,0,29,,162416,38,4,,0,70,,162430,38,4,,0,20,,162418,38,4,,0,99,,162404,38,4,,0,99,,162417,38,4,,0,98,,162419,38,4,,0,98,,162420,38,4,,0,100,,162421,38,4,,0
3004101,'1_merged_15524980',635,,162457,18,4,,0,15,,162469,18,4,,0,55,,162458,18,4,,0,16,,162470,18,4,,0,15,,162468,18,4,,0,15,,162471,18,4,,0,55,,162459,18,4,,0,15,,162472,18,4,,0,15,,162460,18,4,,0,14,,162473,18,4,,0,55,,162461,18,4,,0,632,,162462,18,4,,0,13,,162474,18,4,,0,56,,162463,18,4,,0,15,,162475,18,4,,0,22,,162464,18,4,,0,12,,162476,18,4,,0,49,,162479,18,4,,0,11,,162465,18,4,,0,11,,162477,18,4,,0,16,,162466,18,4,,0,78,,162467,18,4,,0,88,,162478,18,4,,0
3004201,'2_merged_15524982',902,,162518,18,4,,0,34,,162519,18,4,,0,76,,162520,18,4,,0,34,,162521,18,4,,0,75,,162522,18,4,,0,35,,162523,18,4,,0,75,,162524,18,4,,0,75,,162525,18,4,,0,36,,162526,18,4,,0,75,,162527,18,4,,0,37,,162528,18,4,,0,75,,162529,18,4,,0,75,,162530,18,4,,0,34,,162531,18,4,,0,75,,162532,18,4,,0,34,,162533,18,4,,0,74,,162534,18,4,,0,32,,162535,18,4,,0,73,,162536,18,4,,0
3004201,'3_merged_15524981',900,,162537,18,4,,0,35,,162538,18,4,,0,75,,162539,18,4,,0,35,,162540,18,4,,0,75,,162541,18,4,,0,35,,162542,18,4,,0,76,,162543,18,4,,0,75,,162544,18,4,,0,35,,162545,18,4,,0,75,,162546,18,4,,0,35,,162547,18,4,,0,75,,162548,18,4,,0,75,,162549,18,4,,0,35,,162550,18,4,,0,75,,162551,18,4,,0,35,,162552,18,4,,0,73,,162553,18,4,,0,32,,162554,18,4,,0,75,,162555,18,4,,0
3004801,'1_merged_15524980',547,,163827,12,4,,0,55,,163813,12,4,,0,16,,163828,12,4,,0,16,,163814,12,4,,0,15,,163829,12,4,,0,53,,163815,12,4,,0,18,,163830,12,4,,0,13,,163816,12,4,,0,18,,163831,12,4,,0,53,,163817,12,4,,0,24,,163832,12,4,,0,15,,163833,12,4,,0,65,,163818,12,4,,0,28,,163834,12,4,,0,70,,163835,12,4,,0,30,,163836,12,4,,0,70,,163837,12,4,,0,30,,163838,12,4,,0,70,,163839,12,4,,0,30,,163840,12,4,,0,70,,163841,12,4,,0,30,,163842,12,4,,0,71,,163843,12,4,,0,30,,163844,12,4,,0,70,,163845,12,4,,0,22,,163846,12,4,,0,15,,163819,12,4,,0,15,,163847,12,4,,0,55,,163820,12,4,,0,16,,163848,12,4,,0,18,,163821,12,4,,0,53,,163849,12,4,,0,17,,163822,12,4,,0,12,,163850,12,4,,0,17,,163823,12,4,,0,11,,163851,12,4,,0,54,,163824,12,4,,0,15,,163852,12,4,,0,15,,163825,12,4,,0,13,,163853,12,4,,0,56,,163826,12,4,,0,19,,163854,12,4,,0,70,,163855,12,4,,0,30,,163856,12,4,,0,74,,163857,12,4,,0,26,,163808,12,4,,0,70,,163809,12,4,,0,33,,163810,12,4,,0,71,,163811,12,4,,0,29,,163812,12,4,,0
3004801,'2_merged_15524982',742,,163874,12,4,,0,72,,163875,12,4,,0,30,,163876,12,4,,0,70,,163877,12,4,,0,30,,163878,12,4,,0,73,,163879,12,4,,0,30,,163881,12,4,,0,70,,163882,12,4,,0,30,,163880,12,4,,0,70,,163883,12,4,,0,28,,163884,12,4,,0,70,,163885,12,4,,0,30,,163886,12,4,,0,70,,163887,12,4,,0,30,,163888,12,4,,0,70,,163889,12,4,,0,32,,163890,12,4,,0,70,,163858,12,4,,0,30,,163859,12,4,,0,70,,163860,12,4,,0,30,,163861,12,4,,0,70,,163862,12,4,,0,30,,163863,12,4,,0,65,,163864,12,4,,0,34,,163865,12,4,,0,68,,163866,12,4,,0,30,,163867,12,4,,0,70,,163868,12,4,,0,30,,163869,12,4,,0,70,,163870,12,4,,0,30,,163871,12,4,,0,70,,163872,12,4,,0,30,,163873,12,4,,0
3004801,'3_merged_15524981',847,,163891,12,4,,0,70,,163892,12,4,,0,30,,163893,12,4,,0,70,,163894,12,4,,0,30,,163895,12,4,,0,70,,163896,12,4,,0,30,,163897,12,4,,0,70,,163898,12,4,,0,30,,163899,12,4,,0,70,,163900,12,4,,0,30,,163901,12,4,,0,70,,163902,12,4,,0,30,,163903,12,4,,0,70,,163904,12,4,,0,30,,163905,12,4,,0,70,,163906,12,4,,0,30,,163907,12,4,,0,70,,163908,12,4,,0,30,,163909,12,4,,0,70,,163910,12,4,,0,30,,163911,12,4,,0,70,,163912,12,4,,0,30,,163913,12,4,,0,70,,163914,12,4,,0,30,,163915,12,4,,0,70,,163916,12,4,,0,30,,163917,12,4,,0
3005001,'1_merged_15524980',500,,164338,19,4,,0,28,,164339,19,4,,0,20,,164292,19,4,,0,53,,164293,19,4,,0,15,,164294,19,4,,0,15,,164295,19,4,,0,20,,164296,19,4,,0,51,,164297,19,4,,0,15,,164298,19,4,,0,15,,164299,19,4,,0,16,,164300,19,4,,0,52,,164301,19,4,,0,21,,164302,19,4,,0,13,,164303,19,4,,0,18,,164304,19,4,,0,55,,164343,19,4,,0,14,,164305,19,4,,0,17,,164306,19,4,,0,69,,164307,19,4,,0,30,,164308,19,4,,0,70,,164309,19,4,,0,32,,164310,19,4,,0,70,,164311,19,4,,0,30,,164312,19,4,,0,70,,164313,19,4,,0,30,,164314,19,4,,0,70,,164315,19,4,,0,30,,164316,19,4,,0,79,,164344,19,4,,0,3,,164317,19,4,,0,20,,164318,19,4,,0,15,,164345,19,4,,0,60,,164319,19,4,,0,15,,164320,19,4,,0,15,,164321,19,4,,0,58,,164322,19,4,,0,19,,164323,19,4,,0,16,,164324,19,4,,0,15,,164325,19,4,,0,57,,164326,19,4,,0,15,,164337,19,4,,0,18,,164327,19,4,,0,14,,164328,19,4,,0,60,,164329,19,4,,0,13,,164330,19,4,,0,15,,164331,19,4,,0,70,,164332,19,4,,0,27,,164333,19,4,,0,70,,164340,19,4,,0,30,,164334,19,4,,0,70,,164341,19,4,,0,30,,164335,19,4,,0,70,,164342,19,4,,0,30,,164336,19,4,,0
3005001,'2_merged_15524982',609,,164366,19,4,,0,30,,164367,19,4,,0,71,,164368,19,4,,0,33,,164369,19,4,,0,70,,164370,19,4,,0,31,,164373,19,4,,0,72,,164374,19,4,,0,30,,164375,19,4,,0,71,,164376,19,4,,0,30,,164377,19,4,,0,72,,164378,19,4,,0,30,,164379,19,4,,0,70,,164371,19,4,,0,31,,164372,19,4,,0,70,,164381,19,4,,0,30,,164359,19,4,,0,70,,164380,19,4,,0,30,,164346,19,4,,0,69,,164348,19,4,,0,30,,164349,19,4,,0,72,,164350,19,4,,0,30,,164351,19,4,,0,69,,164352,19,4,,0,28,,164353,19,4,,0,70,,164354,19,4,,0,30,,164355,19,4,,0,68,,164356,19,4,,0,30,,164357,19,4,,0,69,,164358,19,4,,0,30,,164347,19,4,,0,70,,164363,19,4,,0,30,,164360,19,4,,0,69,,164364,19,4,,0,29,,164361,19,4,,0,70,,164365,19,4,,0,28,,164362,19,4,,0
3005001,'3_merged_15524981',711,,164393,19,4,,0,30,,164394,19,4,,0,70,,164395,19,4,,0,32,,164396,19,4,,0,72,,164397,19,4,,0,30,,164398,19,4,,0,70,,164399,19,4,,0,34,,164400,19,4,,0,70,,164401,19,4,,0,30,,164402,19,4,,0,70,,164403,19,4,,0,30,,164404,19,4,,0,70,,164405,19,4,,0,30,,164392,19,4,,0,70,,164406,19,4,,0,30,,164407,19,4,,0,70,,164408,19,4,,0,30,,164409,19,4,,0,70,,164410,19,4,,0,30,,164411,19,4,,0,70,,164382,19,4,,0,28,,164383,19,4,,0,70,,164384,19,4,,0,29,,164385,19,4,,0,70,,164386,19,4,,0,30,,164387,19,4,,0,70,,164388,19,4,,0,29,,164389,19,4,,0,76,,164391,19,4,,0,24,,164390,19,4,,0
3005101,'1_merged_15524980',604,,164502,13,4,,0,29,,164504,13,4,,0,70,,164526,13,4,,0,29,,164527,13,4,,0,71,,164528,13,4,,0,31,,164529,13,4,,0,70,,164530,13,4,,0,19,,164505,13,4,,0,24,,164506,13,4,,0,71,,164507,13,4,,0,31,,164508,13,4,,0,70,,164509,13,4,,0,32,,164510,13,4,,0,67,,164511,13,4,,0,30,,164512,13,4,,0,68,,164513,13,4,,0,33,,164514,13,4,,0,70,,164515,13,4,,0,32,,164516,13,4,,0,69,,164523,13,4,,0,33,,164524,13,4,,0,64,,164525,13,4,,0,37,,164503,13,4,,0,70,,164531,13,4,,0,31,,164532,13,4,,0,78,,164533,13,4,,0,68,,164534,13,4,,0,19,,164517,13,4,,0,28,,164518,13,4,,0,99,,164519,13,4,,0,100,,164520,13,4,,0,97,,164521,13,4,,0,104,,164522,13,4,,0
3005101,'2_merged_15524982',714,,164543,13,4,,0,30,,164544,13,4,,0,72,,164545,13,4,,0,32,,164546,13,4,,0,70,,164550,13,4,,0,30,,164551,13,4,,0,72,,164552,13,4,,0,30,,164553,13,4,,0,71,,164554,13,4,,0,30,,164541,13,4,,0,70,,164542,13,4,,0,31,,164555,13,4,,0,70,,164556,13,4,,0,30,,164557,13,4,,0,70,,164558,13,4,,0,30,,164559,13,4,,0,70,,164560,13,4,,0,30,,164561,13,4,,0,70,,164562,13,4,,0,30,,164563,13,4,,0,70,,164547,13,4,,0,30,,164548,13,4,,0,69,,164549,13,4,,0,30,,164535,13,4,,0,69,,164536,13,4,,0,22,,164537,13,4,,0,105,,164538,13,4,,0,98,,164539,13,4,,0,94,,164540,13,4,,0
3005101,'3_merged_15524981',713,,164590,13,4,,0,30,,164591,13,4,,0,72,,164564,13,4,,0,30,,164565,13,4,,0,71,,164566,13,4,,0,32,,164567,13,4,,0,72,,164568,13,4,,0,30,,164569,13,4,,0,70,,164570,13,4,,0,30,,164571,13,4,,0,72,,164572,13,4,,0,30,,164573,13,4,,0,70,,164574,13,4,,0,30,,164575,13,4,,0,70,,164576,13,4,,0,30,,164577,13,4,,0,70,,164578,13,4,,0,32,,164579,13,4,,0,70,,164580,13,4,,0,30,,164581,13,4,,0,70,,164582,13,4,,0,27,,164583,13,4,,0,70,,164584,13,4,,0,30,,164585,13,4,,0,65,,164589,13,4,,0,30,,164586,13,4,,0,100,,164587,13,4,,0,100,,164588,13,4,,0
3058401,'1_merged_15524980',557,,165774,21,4,,0,70,,165775,21,4,,0,32,,165763,21,4,,0,67,,165795,21,4,,0,18,,165796,21,4,,0,57,,165776,21,4,,0,24,,165777,21,4,,0,15,,165797,21,4,,0,62,,165778,21,4,,0,33,,165779,21,4,,0,66,,165780,21,4,,0,27,,165781,21,4,,0,30,,165782,21,4,,0,66,,165783,21,4,,0,35,,165784,21,4,,0,69,,165785,21,4,,0,26,,165786,21,4,,0,72,,165787,21,4,,0,33,,165788,21,4,,0,71,,165789,21,4,,0,74,,165790,21,4,,0,27,,165791,21,4,,0,75,,165792,21,4,,0,30,,165793,21,4,,0,78,,165794,21,4,,0,19,,165764,21,4,,0,78,,165773,21,4,,0,38,,165765,21,4,,0,66,,165772,21,4,,0,20,,165766,21,4,,0,74,,165771,21,4,,0,27,,165767,21,4,,0,70,,165770,21,4,,0,31,,165768,21,4,,0,72,,165769,21,4,,0,94,,165798,21,4,,0
3058401,'2_merged_15524982',623,,165799,21,4,,0,28,,165800,21,4,,0,75,,165801,21,4,,0,32,,165802,21,4,,0,71,,165803,21,4,,0,30,,165804,21,4,,0,74,,165805,21,4,,0,72,,165806,21,4,,0,31,,165807,21,4,,0,70,,165808,21,4,,0,29,,165809,21,4,,0,73,,165810,21,4,,0,30,,165811,21,4,,0,71,,165812,21,4,,0,31,,165813,21,4,,0,68,,165814,21,4,,0,32,,165815,21,4,,0,70,,165816,21,4,,0,30,,165817,21,4,,0,70,,165818,21,4,,0,30,,165819,21,4,,0,69,,165820,21,4,,0,30,,165821,21,4,,0,69,,165822,21,4,,0,29,,165823,21,4,,0,68,,165824,21,4,,0,30,,165825,21,4,,0,69,,165826,21,4,,0,29,,165827,21,4,,0,69,,165830,21,4,,0,33,,165828,21,4,,0,73,,165829,21,4,,0,100,,165831,21,4,,0,100,,165832,21,4,,0
3058401,'3_merged_15524981',805,,165833,21,4,,0,32,,165834,21,4,,0,70,,165835,21,4,,0,32,,165836,21,4,,0,70,,165837,21,4,,0,32,,165838,21,4,,0,71,,165839,21,4,,0,32,,165840,21,4,,0,71,,165844,21,4,,0,31,,165845,21,4,,0,71,,165846,21,4,,0,31,,165847,21,4,,0,70,,165848,21,4,,0,30,,165849,21,4,,0,66,,165850,21,4,,0,30,,165851,21,4,,0,71,,165852,21,4,,0,30,,165853,21,4,,0,70,,165854,21,4,,0,31,,165855,21,4,,0,69,,165856,21,4,,0,30,,165857,21,4,,0,70,,165858,21,4,,0,28,,165859,21,4,,0,69,,165860,21,4,,0,30,,165841,21,4,,0,71,,165842,21,4,,0,29,,165843,21,4,,0,65,,165861,21,4,,0,99,,165862,21,4,,0,100,,165863,21,4,,0
3780901,'101_merged_15524987',1547,,171655,8,4,,0
3780901,'1_merged_15524980',527,,171656,8,4,,0,10,,171657,8,4,,0,10,,171658,8,4,,0,11,,171659,8,4,,0,50,,171660,8,4,,0,13,,171661,8,4,,0,9,,171662,8,4,,0,10,,171663,8,4,,0,10,,171664,8,4,,0,51,,171665,8,4,,0,10,,171666,8,4,,0,9,,171667,8,4,,0,12,,171668,8,4,,0,10,,171669,8,4,,0,10,,171670,8,4,,0,48,,171671,8,4,,0,10,,171672,8,4,,0,10,,171673,8,4,,0,12,,171674,8,4,,0,10,,171675,8,4,,0,10,,171676,8,4,,0,50,,171677,8,4,,0,11,,171678,8,4,,0,9,,171679,8,4,,0,14,,171680,8,4,,0,16,,171681,8,4,,0,56,,171682,8,4,,0,15,,171683,8,4,,0,15,,171684,8,4,,0,15,,171685,8,4,,0,56,,171686,8,4,,0,15,,171687,8,4,,0,16,,171688,8,4,,0,15,,171689,8,4,,0,56,,171690,8,4,,0,15,,171691,8,4,,0,15,,171692,8,4,,0,15,,171693,8,4,,0,55,,171694,8,4,,0,15,,171695,8,4,,0,15,,171696,8,4,,0,15,,171697,8,4,,0,55,,171698,8,4,,0,15,,171699,8,4,,0,15,,171700,8,4,,0,15,,171701,8,4,,0,51,,171702,8,4,,0,18,,171703,8,4,,0,13,,171704,8,4,,0,19,,171705,8,4,,0,50,,171706,8,4,,0,10,,171745,8,4,,0,12,,171707,8,4,,0,10,,171708,8,4,,0,9,,171709,8,4,,0,11,,171710,8,4,,0,49,,171711,8,4,,0,10,,171712,8,4,,0,10,,171713,8,4,,0,13,,171714,8,4,,0,7,,171715,8,4,,0,10,,171716,8,4,,0,49,,171717,8,4,,0,9,,171718,8,4,,0,9,,171719,8,4,,0,7,,171720,8,4,,0,15,,171721,8,4,,0,56,,171722,8,4,,0,13,,171723,8,4,,0,15,,171724,8,4,,0,15,,171725,8,4,,0,55,,171726,8,4,,0,15,,171727,8,4,,0,14,,171728,8,4,,0,15,,171729,8,4,,0,13,,171730,8,4,,0,55,,171731,8,4,,0,14,,171732,8,4,,0,15,,171733,8,4,,0,15,,171734,8,4,,0,55,,171735,8,4,,0,13,,171736,8,4,,0,15,,171737,8,4,,0,15,,171738,8,4,,0,55,,171739,8,4,,0,13,,171740,8,4,,0,15,,171741,8,4,,0,15,,171742,8,4,,0,55,,171743,8,4,,0,17,,171744,8,4,,0
3780901,'201',1547,,171746,8,4,,0
3780901,'2_merged_15524982',526,,171747,8,4,,0,16,,171748,8,4,,0,15,,171749,8,4,,0,55,,171750,8,4,,0,15,,171751,8,4,,0,16,,171752,8,4,,0,15,,171753,8,4,,0,56,,171754,8,4,,0,17,,171755,8,4,,0,15,,171756,8,4,,0,55,,171757,8,4,,0,15,,171758,8,4,,0,15,,171759,8,4,,0,15,,171760,8,4,,0,57,,171761,8,4,,0,15,,171762,8,4,,0,15,,171763,8,4,,0,15,,171764,8,4,,0,57,,171765,8,4,,0,15,,171766,8,4,,0,17,,171767,8,4,,0,15,,171768,8,4,,0,56,,171769,8,4,,0,15,,171770,8,4,,0,16,,171771,8,4,,0,15,,171772,8,4,,0,57,,171773,8,4,,0,15,,171774,8,4,,0,17,,171775,8,4,,0,15,,171776,8,4,,0,55,,171777,8,4,,0,15,,171778,8,4,,0,15,,171779,8,4,,0,15,,171780,8,4,,0,55,,171781,8,4,,0,15,,171782,8,4,,0,15,,171783,8,4,,0,15,,171784,8,4,,0,55,,171785,8,4,,0,15,,171786,8,4,,0,13,,171787,8,4,,0,15,,171788,8,4,,0,55,,171789,8,4,,0,14,,171790,8,4,,0,15,,171791,8,4,,0,15,,171792,8,4,,0,55,,171793,8,4,,0,15,,171794,8,4,,0,12,,171795,8,4,,0,15,,171796,8,4,,0,54,,171797,8,4,,0,14,,171798,8,4,,0,15,,171799,8,4,,0,15,,171800,8,4,,0,55,,171801,8,4,,0,15,,171802,8,4,,0,14,,171803,8,4,,0,15,,171804,8,4,,0,55,,171805,8,4,,0,15,,171806,8,4,,0,14,,171807,8,4,,0,15,,171808,8,4,,0,54,,171809,8,4,,0,15,,171810,8,4,,0,14,,171811,8,4,,0,15,,171812,8,4,,0,55,,171813,8,4,,0,15,,171814,8,4,,0,14,,171815,8,4,,0,15,,171816,8,4,,0,55,,171817,8,4,,0,15,,171818,8,4,,0,14,,171819,8,4,,0,15,,171820,8,4,,0,15,,171821,8,4,,0,55,,171822,8,4,,0,13,,171823,8,4,,0
3780901,'3_merged_15524981',521,,171824,8,4,,0,15,,171825,8,4,,0,15,,171826,8,4,,0,57,,171827,8,4,,0,14,,171828,8,4,,0,15,,171829,8,4,,0,15,,171830,8,4,,0,55,,171831,8,4,,0,15,,171832,8,4,,0,16,,171833,8,4,,0,15,,171834,8,4,,0,57,,171835,8,4,,0,15,,171836,8,4,,0,16,,171837,8,4,,0,15,,171838,8,4,,0,56,,171839,8,4,,0,14,,171840,8,4,,0,15,,171841,8,4,,0,18,,171842,8,4,,0,55,,171843,8,4,,0,16,,171844,8,4,,0,15,,171845,8,4,,0,56,,171846,8,4,,0,15,,171847,8,4,,0,17,,171848,8,4,,0,15,,171849,8,4,,0,55,,171850,8,4,,0,15,,171851,8,4,,0,17,,171852,8,4,,0,15,,171853,8,4,,0,55,,171854,8,4,,0,15,,171855,8,4,,0,15,,171856,8,4,,0,15,,171857,8,4,,0,55,,171858,8,4,,0,15,,171859,8,4,,0,15,,171860,8,4,,0,15,,171861,8,4,,0,55,,171862,8,4,,0,15,,171863,8,4,,0,15,,171864,8,4,,0,15,,171865,8,4,,0,53,,171866,8,4,,0,15,,171867,8,4,,0,15,,171868,8,4,,0,15,,171869,8,4,,0,55,,171870,8,4,,0,15,,171871,8,4,,0,13,,171872,8,4,,0,15,,171873,8,4,,0,55,,171874,8,4,,0,15,,171875,8,4,,0,15,,171876,8,4,,0,15,,171877,8,4,,0,54,,171878,8,4,,0,15,,171879,8,4,,0,15,,171880,8,4,,0,15,,171881,8,4,,0,13,,171882,8,4,,0,55,,171883,8,4,,0,15,,171884,8,4,,0,15,,171885,8,4,,0,15,,171886,8,4,,0,55,,171887,8,4,,0,15,,171888,8,4,,0,15,,171889,8,4,,0,15,,171890,8,4,,0,55,,171891,8,4,,0,13,,171892,8,4,,0,15,,171893,8,4,,0,15,,171894,8,4,,0,55,,171895,8,4,,0,11,,171896,8,4,,0,15,,171897,8,4,,0,15,,171898,8,4,,0,55,,171899,8,4,,0,15,,171900,8,4,,0
