664600,'101_merged_15288070',816,,71152,48,,,0
664600,'1_merged_15288063',608,,71173,22,,,0,5,,71159,48,,,0,34,,71158,48,,,0,70,,71188,48,,,0,20,,71187,48,,,0,65,,71183,48,,,0,21,,71186,48,,,0,21,,71170,48,,,0,61,,71155,48,,,0,23,,71154,48,,,0,18,,71172,48,,,0,60,,71195,48,,,0,30,,71194,48,,,0,70,,71193,48,,,0,30,,71162,48,,,0,70,,71166,48,,,0,31,,71165,48,,,0,70,,71164,48,,,0,30,,71175,48,,,0,71,,71189,48,,,0,31,,71198,48,,,0,76,,71180,48,,,0,30,,71179,48,,,0,72,,71176,48,,,0,20,,71184,48,,,0,20,,71156,48,,,0,60,,71196,48,,,0,20,,71181,48,,,0,16,,71174,48,,,0,60,,71178,48,,,0,18,,71157,48,,,0,17,,71167,48,,,0,60,,71171,48,,,0,24,,71182,48,,,0,70,,71192,48,,,0,27,,71153,48,,,0,30,,71161,48,,,0,70,,71160,48,,,0,26,,71190,48,,,0,70,,71163,48,,,0,23,,71191,48,,,0,70,,71169,48,,,0,34,,71177,48,,,0,71,,71168,48,,,0,78,,71185,48,,,0,48,,71197,48,,,0
664600,'2_merged_15288065',639,,71233,48,,,0,70,,71203,48,,,0,31,,71212,48,,,0,71,,71230,48,,,0,30,,71231,48,,,0,81,,71219,48,,,0,36,,71199,48,,,0,75,,71223,48,,,0,70,,71211,48,,,0,31,,71234,48,,,0,72,,71213,48,,,0,29,,71214,48,,,0,70,,71206,48,,,0,30,,71215,48,,,0,72,,71216,48,,,0,28,,71217,48,,,0,71,,71200,48,,,0,30,,71228,48,,,0,69,,71220,48,,,0,29,,71221,48,,,0,71,,71222,48,,,0,26,,71201,48,,,0,70,,71204,48,,,0,32,,71205,48,,,0,68,,71232,48,,,0,30,,71224,48,,,0,70,,71225,48,,,0,31,,71202,48,,,0,71,,71226,48,,,0,32,,71207,48,,,0,68,,71208,48,,,0,23,,71210,48,,,0,27,,71209,48,,,0,70,,71227,48,,,0,86,,71229,48,,,0,100,,71218,48,,,0
664600,'3_merged_15288064',811,,71253,48,,,0,32,,71248,48,,,0,70,,71265,48,,,0,33,,71236,48,,,0,72,,71237,48,,,0,30,,71252,48,,,0,70,,71239,48,,,0,30,,71240,48,,,0,72,,71241,48,,,0,30,,71243,48,,,0,72,,71242,48,,,0,30,,71256,48,,,0,70,,71260,48,,,0,30,,71244,48,,,0,70,,71245,48,,,0,30,,71246,48,,,0,70,,71249,48,,,0,30,,71257,48,,,0,70,,71267,48,,,0,30,,71258,48,,,0,69,,71238,48,,,0,28,,71250,48,,,0,70,,71251,48,,,0,30,,71255,48,,,0,69,,71254,48,,,0,27,,71235,48,,,0,70,,71259,48,,,0,30,,71261,48,,,0,70,,71262,48,,,0,28,,71263,48,,,0,70,,71266,48,,,0,99,,71264,48,,,0,105,,71247,48,,,0
666001,'101_merged_15288070',913,,74792,42,0,55 56 57,0,639,,74793,42,0,55 56 57,0
666001,'1_merged_15288063',547,,74826,39,,,0,57,,74825,36,,,0,18,,74824,39,,,0,17,,74823,36,,,0,16,,74822,39,,,0,56,,74821,36,,,0,19,,74820,39,,,0,11,,74819,36,,,0,18,,74818,39,,,0,60,,74829,36,,,0,15,,74828,39,,,0,17,,74817,36,,,0,74,,74816,36,,,0,29,,74815,39,,,0,70,,74814,39,,,0,29,,74813,39,,,0,70,,74812,39,,,0,30,,74811,39,,,0,76,,74810,39,,,0,30,,74809,39,,,0,70,,74808,39,,,0,29,,74807,39,,,0,72,,74806,39,,,0,25,,74805,39,,,0,54,,74840,39,,,0,19,,74834,36,,,0,31,,74831,36,,,0,57,,74804,39,,,0,18,,74830,36,,,0,12,,74803,39,,,0,56,,74802,36,,,0,13,,74801,39,,,0,13,,74800,36,,,0,15,,74799,39,,,0,13,,74798,36,,,0,55,,74797,39,,,0,15,,74796,36,,,0,15,,74795,39,,,0,60,,74839,39,,,0,24,,74833,39,,,0,14,,74838,39,,,0,70,,74837,39,,,0,29,,74794,39,,,0,69,,74827,39,,,0,100,,74836,39,,,0,97,,74835,39,,,0,108,,74832,39,,,0
666001,'2_merged_15288065',652,,74841,39,,,0,98,,74842,39,,,0,72,,74843,39,,,0,31,,74844,39,,,0,70,,74845,39,,,0,31,,74846,39,,,0,70,,74847,39,,,0,32,,74848,39,,,0,70,,74849,39,,,0,20,,74850,39,,,0,60,,74872,39,,,0,20,,74851,39,,,0,20,,74852,39,,,0,60,,74873,39,,,0,20,,74853,39,,,0,21,,74854,39,,,0,60,,74874,39,,,0,20,,74855,39,,,0,20,,74856,39,,,0,60,,74875,39,,,0,20,,74857,39,,,0,20,,74858,39,,,0,60,,74876,39,,,0,20,,74859,39,,,0,20,,74860,39,,,0,59,,74877,39,,,0,20,,74861,39,,,0,20,,74862,39,,,0,59,,74878,39,,,0,20,,74863,39,,,0,30,,74864,39,,,0,70,,74865,39,,,0,30,,74866,39,,,0,68,,74867,39,,,0,31,,74879,39,,,0,68,,74868,39,,,0,100,,74869,39,,,0,97,,74870,39,,,0,99,,74871,39,,,0
666001,'3_merged_15288064',725,,74887,39,,,0,101,,74888,39,,,0,30,,74889,39,,,0,72,,74890,39,,,0,30,,74886,39,,,0,71,,74891,39,,,0,30,,74893,39,,,0,72,,74894,39,,,0,70,,74895,39,,,0,30,,74896,39,,,0,70,,74897,39,,,0,30,,74898,39,,,0,70,,74899,39,,,0,30,,74900,39,,,0,70,,74901,39,,,0,30,,74902,39,,,0,70,,74903,39,,,0,30,,74904,39,,,0,70,,74905,39,,,0,29,,74906,39,,,0,70,,74907,39,,,0,29,,74908,39,,,0,30,,74880,39,,,0,70,,74892,39,,,0,28,,74881,39,,,0,70,,74882,39,,,0,32,,74910,39,,,0,68,,74883,39,,,0,98,,74885,39,,,0,97,,74909,39,,,0,99,,74884,39,,,0
666401,'1_merged_15288063',619,,75767,49,,,0,33,,75768,49,,,0,68,,75750,49,,,0,34,,75783,49,,,0,75,,75751,49,,,0,28,,75752,49,,,0,74,,75753,49,,,0,26,,75754,49,,,0,68,,75756,49,,,0,30,,75757,49,,,0,70,,75758,49,,,0,31,,75759,49,,,0,70,,75761,49,,,0,31,,75760,49,,,0,70,,75755,49,,,0,30,,75762,49,,,0,70,,75763,49,,,0,31,,75769,49,,,0,70,,75770,49,,,0,30,,75773,49,,,0,70,,75771,49,,,0,30,,75772,49,,,0,70,,75764,49,,,0,29,,75774,49,,,0,70,,75775,49,,,0,32,,75776,49,,,0,73,,75777,49,,,0,69,,75778,49,,,0,33,,75779,49,,,0,24,,75780,49,,,0,86,,75786,49,,,0,80,,75765,49,,,0,79,,75785,49,,,0,39,,75766,49,,,0,80,,75781,49,,,0,80,,75784,49,,,0,40,,75782,49,,,0
666401,'2_merged_15288065',554,,75787,49,,,0,70,,75788,49,,,0,30,,75789,49,,,0,72,,75790,49,,,0,33,,75791,49,,,0,72,,75792,49,,,0,71,,75793,49,,,0,30,,75794,49,,,0,72,,75795,49,,,0,30,,75796,49,,,0,70,,75797,49,,,0,29,,75798,49,,,0,69,,75799,49,,,0,30,,75800,49,,,0,72,,75801,49,,,0,30,,75802,49,,,0,70,,75803,49,,,0,30,,75804,49,,,0,70,,75805,49,,,0,31,,75806,49,,,0,72,,75807,49,,,0,29,,75808,49,,,0,68,,75809,49,,,0,30,,75810,49,,,0,70,,75811,49,,,0,29,,75812,49,,,0,71,,75813,49,,,0,29,,75814,49,,,0,68,,75815,49,,,0,29,,75816,49,,,0,70,,75817,49,,,0,101,,75818,49,,,0,56,,75819,49,,,0,100,,75820,49,,,0,185,,75821,49,,,0
666401,'3_merged_15288064',701,,75829,49,,,0,100,,75830,49,,,0,103,,75831,49,,,0,47,,75832,49,,,0,101,,75833,49,,,0,100,,75834,49,,,0,68,,75847,49,,,0,32,,75835,49,,,0,70,,75841,49,,,0,32,,75836,49,,,0,70,,75842,49,,,0,31,,75837,49,,,0,65,,75843,49,,,0,35,,75838,49,,,0,67,,75844,49,,,0,33,,75828,49,,,0,67,,75845,49,,,0,33,,75839,49,,,0,67,,75846,49,,,0,31,,75840,49,,,0,98,,75825,49,,,0,100,,75822,49,,,0,98,,75827,49,,,0,101,,75823,49,,,0,175,,75824,49,,,0,115,,75826,49,,,0
684101,'1_merged_15288063',356,,95798,32,,,0,69,,95797,32,,,0,12,,95796,32,,,0,2005,,95800,32,,,0,70,,95794,32,,,0,35,,95793,32,,,0,70,,95792,32,,,0,30,,95795,32,,,0,75,,95799,32,,,0
684101,'2_merged_15288065',352,,95801,32,,,0,70,,95806,32,,,0,32,,95807,32,,,0,68,,95808,32,,,0,27,,95805,32,,,0,1891,,95810,32,,,0,75,,95802,32,,,0,37,,95809,32,,,0,61,,95803,32,,,0,29,,95804,32,,,0,78,,95811,32,,,0
684101,'3_merged_15288064',354,,95820,32,,,0,70,,95822,32,,,0,28,,95819,32,,,0,70,,95818,32,,,0,15,,95825,32,,,0,15,,95815,32,,,0,55,,95826,32,,,0,16,,95817,32,,,0,1789,,95823,32,,,0,33,,95824,32,,,0,70,,95812,32,,,0,27,,95813,32,,,0,70,,95814,32,,,0,38,,95816,32,,,0,70,,95821,32,,,0
3004301,'101_merged_15288070',1538,,102503,26,,,0
3004301,'1_merged_15288063',504,,102546,31,,,0,19,,102545,31,,,0,21,,102544,31,,,0,61,,102543,31,,,0,18,,102558,31,,,0,17,,102557,31,,,0,14,,102556,31,,,0,54,,102555,31,,,0,19,,102554,31,,,0,19,,102553,31,,,0,13,,102552,31,,,0,56,,102551,31,,,0,17,,102550,31,,,0,17,,102549,31,,,0,55,,102548,31,,,0,17,,102547,31,,,0,15,,102524,31,,,0,14,,102523,31,,,0,53,,102568,31,,,0,19,,102522,31,,,0,12,,102567,31,,,0,15,,102521,31,,,0,55,,102566,31,,,0,15,,102520,31,,,0,17,,102565,31,,,0,15,,102519,31,,,0,55,,102564,31,,,0,15,,102518,31,,,0,15,,102563,31,,,0,15,,102505,31,,,0,55,,102562,31,,,0,15,,102517,31,,,0,15,,102561,31,,,0,15,,102516,31,,,0,55,,102560,31,,,0,15,,102542,31,,,0,15,,102559,31,,,0,65,,102541,31,,,0,27,,102540,31,,,0,18,,102539,31,,,0,56,,102538,31,,,0,13,,102537,31,,,0,16,,102536,31,,,0,16,,102535,31,,,0,55,,102534,31,,,0,14,,102533,31,,,0,15,,102532,31,,,0,19,,102531,31,,,0,50,,102530,31,,,0,15,,102529,31,,,0,13,,102528,31,,,0,15,,102527,31,,,0,57,,102526,31,,,0,13,,102525,31,,,0,12,,102515,31,,,0,19,,102514,31,,,0,60,,102569,31,,,0,19,,102513,31,,,0,20,,102512,31,,,0,60,,102570,31,,,0,19,,102511,31,,,0,30,,102510,31,,,0,69,,102504,31,,,0,30,,102509,31,,,0,70,,102508,31,,,0,30,,102507,31,,,0,70,,102506,31,,,0
3004301,'2_merged_15288065',625,,102572,31,,,0,30,,102603,31,,,0,72,,102602,31,,,0,30,,102601,31,,,0,71,,102600,31,,,0,30,,102599,31,,,0,70,,102598,31,,,0,72,,102597,31,,,0,32,,102596,31,,,0,18,,102595,31,,,0,61,,102605,31,,,0,21,,102594,31,,,0,19,,102593,31,,,0,59,,102606,31,,,0,20,,102592,31,,,0,20,,102591,31,,,0,61,,102607,31,,,0,20,,102590,31,,,0,20,,102589,31,,,0,60,,102608,31,,,0,20,,102588,31,,,0,20,,102587,31,,,0,60,,102609,31,,,0,19,,102586,31,,,0,20,,102585,31,,,0,60,,102610,31,,,0,20,,102584,31,,,0,20,,102583,31,,,0,60,,102611,31,,,0,15,,102571,31,,,0,25,,102582,31,,,0,58,,102612,31,,,0,14,,102581,31,,,0,36,,102580,31,,,0,65,,102579,31,,,0,35,,102578,31,,,0,70,,102577,31,,,0,30,,102576,31,,,0,70,,102575,31,,,0,30,,102604,31,,,0,69,,102574,31,,,0,24,,102613,31,,,0,76,,102573,31,,,0
3004301,'3_merged_15288064',726,,102640,31,,,0,31,,102639,31,,,0,71,,102638,31,,,0,30,,102637,31,,,0,69,,102636,31,,,0,31,,102635,31,,,0,72,,102634,31,,,0,20,,102641,31,,,0,60,,102633,31,,,0,22,,102632,31,,,0,19,,102642,31,,,0,55,,102631,31,,,0,22,,102630,31,,,0,20,,102643,31,,,0,61,,102629,31,,,0,20,,102628,31,,,0,20,,102644,31,,,0,60,,102627,31,,,0,18,,102626,31,,,0,20,,102645,31,,,0,59,,102625,31,,,0,20,,102624,31,,,0,21,,102646,31,,,0,60,,102622,31,,,0,20,,102621,31,,,0,20,,102647,31,,,0,59,,102620,31,,,0,20,,102619,31,,,0,24,,102648,31,,,0,60,,102618,31,,,0,30,,102617,31,,,0,70,,102651,31,,,0,30,,102652,31,,,0,70,,102623,31,,,0,28,,102616,31,,,0,20,,102615,31,,,0,78,,102614,31,,,0,70,,102649,31,,,0,30,,102654,31,,,0,70,,102650,31,,,0,28,,102653,31,,,0
