681501,'1803_merged_15524988',1834,,153238,9,,,0,100,,153237,9,,,0,100,,153236,9,,,0,100,,153235,9,,,0
681501,'1_merged_15524980',534,,153241,9,,,0,100,,153240,9,,,0,100,,153239,9,,,0,100,,153242,9,,,0,100,,153256,9,,,0,100,,153255,9,,,0,100,,153254,9,,,0,100,,153253,9,,,0,100,,153252,9,,,0,100,,153251,9,,,0,100,,153250,9,,,0,100,,153249,9,,,0,100,,153248,9,,,0,100,,153247,9,,,0,100,,153246,9,,,0,100,,153245,9,,,0,100,,153244,9,,,0,100,,153243,9,,,0
681501,'2_merged_15524982',834,,153257,9,,,0,100,,153258,9,,,0,100,,153259,9,,,0,100,,153260,9,,,0,100,,153261,9,,,0,100,,153262,9,,,0,100,,153263,9,,,0,100,,153264,9,,,0,100,,153265,9,,,0,100,,153266,9,,,0,100,,153267,9,,,0,100,,153268,9,,,0,100,,153269,9,,,0,100,,153270,9,,,0,100,,153271,9,,,0
681501,'3_merged_15524981',934,,153277,9,,,0,100,,153276,9,,,0,100,,153275,9,,,0,100,,153274,9,,,0,100,,153273,9,,,0,100,,153272,9,,,0,100,,153280,9,,,0,100,,153279,9,,,0,100,,153278,9,,,0
1870501,'1_merged_15524980',541,,159692,16,,,0,11,,159650,16,,,0,55,,159652,16,,,0,16,,159687,16,,,0,17,,159677,16,,,0,60,,159651,16,,,0,21,,159678,16,,,0,20,,159653,16,,,0,61,,159654,16,,,0,20,,159679,16,,,0,20,,159655,16,,,0,60,,159656,16,,,0,20,,159680,16,,,0,20,,159657,16,,,0,60,,159658,16,,,0,20,,159688,16,,,0,20,,159659,16,,,0,64,,159660,16,,,0,30,,159673,16,,,0,70,,159661,16,,,0,31,,159649,16,,,0,70,,159662,16,,,0,30,,159663,16,,,0,69,,159664,16,,,0,17,,159685,16,,,0,17,,159665,16,,,0,60,,159666,16,,,0,16,,159681,16,,,0,17,,159667,16,,,0,16,,159686,16,,,0,57,,159668,16,,,0,17,,159682,16,,,0,21,,159669,16,,,0,61,,159670,16,,,0,21,,159683,16,,,0,21,,159672,16,,,0,61,,159671,16,,,0,20,,159684,16,,,0,20,,159674,16,,,0,61,,159675,16,,,0,23,,159676,16,,,0,69,,159646,16,,,0,29,,159647,16,,,0,29,,159648,16,,,0,98,,159689,16,,,0,100,,159690,16,,,0,100,,159691,16,,,0
1870501,'2_merged_15524982',601,,159711,16,,,0,30,,159712,16,,,0,70,,159713,16,,,0,30,,159714,16,,,0,71,,159715,16,,,0,30,,159716,16,,,0,72,,159717,16,,,0,32,,159718,16,,,0,71,,159696,16,,,0,31,,159697,16,,,0,70,,159698,16,,,0,32,,159699,16,,,0,72,,159700,16,,,0,32,,159701,16,,,0,72,,159702,16,,,0,30,,159703,16,,,0,70,,159704,16,,,0,30,,159705,16,,,0,70,,159706,16,,,0,30,,159707,16,,,0,70,,159708,16,,,0,30,,159709,16,,,0,70,,159710,16,,,0,29,,159719,16,,,0,67,,159720,16,,,0,28,,159721,16,,,0,70,,159722,16,,,0,30,,159723,16,,,0,69,,159693,16,,,0,30,,159694,16,,,0,70,,159695,16,,,0,93,,159724,16,,,0,100,,159725,16,,,0,100,,159726,16,,,0
1870501,'3_merged_15524981',559,,159753,16,,,0,70,,159754,16,,,0,30,,159755,16,,,0,70,,159756,16,,,0,30,,159727,16,,,0,71,,159728,16,,,0,70,,159729,16,,,0,31,,159730,16,,,0,70,,159731,16,,,0,30,,159732,16,,,0,71,,159733,16,,,0,30,,159734,16,,,0,71,,159735,16,,,0,30,,159736,16,,,0,70,,159737,16,,,0,32,,159738,16,,,0,72,,159739,16,,,0,30,,159740,16,,,0,70,,159741,16,,,0,30,,159742,16,,,0,70,,159743,16,,,0,30,,159744,16,,,0,70,,159745,16,,,0,30,,159746,16,,,0,69,,159747,16,,,0,30,,159748,16,,,0,70,,159749,16,,,0,30,,159750,16,,,0,70,,159751,16,,,0,30,,159757,16,,,0,70,,159752,16,,,0,96,,159758,16,,,0,100,,159759,16,,,0,100,,159760,16,,,0
2904001,'101_merged_15524987',803,,161339,8,,,0
5312701,'2_merged_15524982',805,,181232,9,,,0,100,,181233,9,,,0,100,,181234,9,,,0,100,,181235,9,,,0,100,,181236,9,,,0,100,,181237,9,,,0,100,,181238,9,,,0,100,,181239,9,,,0,100,,181240,9,,,0,100,,181241,9,,,0,100,,181242,9,,,0,100,,181243,9,,,0,100,,181244,9,,,0
5312701,'3_merged_15524981',805,,181245,9,,,0,100,,181246,9,,,0,100,,181247,9,,,0,100,,181248,9,,,0,100,,181249,9,,,0,100,,181250,9,,,0,100,,181251,9,,,0,100,,181252,9,,,0,100,,181253,9,,,0,100,,181254,9,,,0,100,,181255,9,,,0,100,,181256,9,,,0,100,,181257,9,,,0
