666701,'101_merged_15529707',833,,136187,21,,,0
666701,'1_merged_15529700',454,,136215,21,,,0,58,,136255,21,,,0,23,,136188,21,,,0,20,,136189,21,,,0,60,,136190,21,,,0,16,,136191,21,,,0,11,,136192,21,,,0,8,,136193,21,,,0,50,,136194,21,,,0,14,,136259,21,,,0,16,,136260,21,,,0,17,,136195,21,,,0,10,,136196,21,,,0,59,,136197,21,,,0,33,,136198,21,,,0,55,,136199,21,,,0,17,,136200,21,,,0,14,,136258,21,,,0,17,,136216,21,,,0,53,,136217,21,,,0,15,,136254,21,,,0,15,,136201,21,,,0,15,,136202,21,,,0,55,,136203,21,,,0,15,,136204,21,,,0,14,,136205,21,,,0,17,,136206,21,,,0,54,,136207,21,,,0,18,,136257,21,,,0,15,,136218,21,,,0,15,,136219,21,,,0,55,,136253,21,,,0,15,,136208,21,,,0,15,,136209,21,,,0,14,,136210,21,,,0,55,,136211,21,,,0,16,,136212,21,,,0,16,,136213,21,,,0,14,,136214,21,,,0,55,,136256,21,,,0,16,,136220,21,,,0,13,,136221,21,,,0,16,,136252,21,,,0,55,,136222,21,,,0,14,,136223,21,,,0,15,,136224,21,,,0,15,,136225,21,,,0,54,,136226,21,,,0,15,,136227,21,,,0,11,,136228,21,,,0,18,,136229,21,,,0,55,,136251,21,,,0,15,,136236,21,,,0,15,,136248,21,,,0,14,,136249,21,,,0,55,,136230,21,,,0,15,,136231,21,,,0,15,,136232,21,,,0,14,,136233,21,,,0,55,,136234,21,,,0,15,,136235,21,,,0,15,,136250,21,,,0,20,,136237,21,,,0,57,,136247,21,,,0,19,,136238,21,,,0,27,,136239,21,,,0,72,,136240,21,,,0,72,,136241,21,,,0,31,,136242,21,,,0,70,,136243,21,,,0,27,,136244,21,,,0,30,,136245,21,,,0,70,,136246,21,,,0
666701,'201',833,,136261,21,,,0
666701,'2_merged_15529702',604,,136270,21,,,0,29,,136271,21,,,0,20,,136288,21,,,0,61,,136289,21,,,0,20,,136285,21,,,0,15,,136290,21,,,0,56,,136291,21,,,0,14,,136292,21,,,0,15,,136293,21,,,0,12,,136294,21,,,0,8,,136262,21,,,0,53,,136295,21,,,0,16,,136296,21,,,0,14,,136297,21,,,0,13,,136298,21,,,0,56,,136299,21,,,0,18,,136300,21,,,0,16,,136301,21,,,0,14,,136302,21,,,0,55,,136303,21,,,0,13,,136305,21,,,0,15,,136306,21,,,0,16,,136307,21,,,0,55,,136304,21,,,0,17,,136308,21,,,0,14,,136284,21,,,0,13,,136309,21,,,0,56,,136310,21,,,0,14,,136311,21,,,0,15,,136313,21,,,0,17,,136314,21,,,0,55,,136315,21,,,0,17,,136316,21,,,0,15,,136317,21,,,0,17,,136318,21,,,0,55,,136319,21,,,0,16,,136320,21,,,0,15,,136321,21,,,0,13,,136322,21,,,0,54,,136323,21,,,0,15,,136324,21,,,0,15,,136325,21,,,0,14,,136326,21,,,0,55,,136327,21,,,0,14,,136328,21,,,0,15,,136263,21,,,0,15,,136264,21,,,0,64,,136265,21,,,0,14,,136266,21,,,0,10,,136287,21,,,0,14,,136267,21,,,0,55,,136268,21,,,0,15,,136286,21,,,0,14,,136269,21,,,0,17,,136273,21,,,0,60,,136272,21,,,0,19,,136274,21,,,0,21,,136275,21,,,0,71,,136312,21,,,0,73,,136276,21,,,0,31,,136277,21,,,0,75,,136278,21,,,0,27,,136279,21,,,0,69,,136280,21,,,0,32,,136281,21,,,0,70,,136282,21,,,0,25,,136283,21,,,0
666701,'3_merged_15529701',715,,136344,21,,,0,20,,136345,21,,,0,17,,136330,21,,,0,56,,136346,21,,,0,15,,136347,21,,,0,14,,136343,21,,,0,12,,136329,21,,,0,53,,136348,21,,,0,12,,136349,21,,,0,12,,136350,21,,,0,12,,136351,21,,,0,10,,136352,21,,,0,59,,136353,21,,,0,15,,136354,21,,,0,15,,136355,21,,,0,14,,136356,21,,,0,57,,136357,21,,,0,15,,136358,21,,,0,15,,136359,21,,,0,16,,136338,21,,,0,55,,136339,21,,,0,18,,136340,21,,,0,14,,136360,21,,,0,14,,136361,21,,,0,55,,136362,21,,,0,14,,136363,21,,,0,15,,136364,21,,,0,15,,136365,21,,,0,54,,136366,21,,,0,17,,136367,21,,,0,16,,136368,21,,,0,15,,136369,21,,,0,56,,136337,21,,,0,14,,136370,21,,,0,13,,136371,21,,,0,16,,136372,21,,,0,55,,136373,21,,,0,14,,136374,21,,,0,13,,136375,21,,,0,19,,136376,21,,,0,52,,136377,21,,,0,16,,136378,21,,,0,15,,136379,21,,,0,15,,136380,21,,,0,56,,136381,21,,,0,15,,136382,21,,,0,15,,136342,21,,,0,15,,136383,21,,,0,52,,136384,21,,,0,15,,136341,21,,,0,15,,136385,21,,,0,15,,136386,21,,,0,60,,136387,21,,,0,21,,136388,21,,,0,26,,136389,21,,,0,73,,136390,21,,,0,68,,136331,21,,,0,35,,136332,21,,,0,71,,136333,21,,,0,25,,136334,21,,,0,70,,136335,21,,,0,27,,136336,21,,,0
684101,'1_merged_15529700',340,,155626,13,,,0,69,,155625,13,,,0,12,,155624,13,,,0,2007,,155628,13,,,0,30,,155622,13,,,0,75,,155621,13,,,0,70,,155620,13,,,0,30,,155623,13,,,0,75,,155627,13,,,0
684101,'2_merged_15529702',335,,155629,13,,,0,70,,155634,13,,,0,32,,155635,13,,,0,67,,155636,13,,,0,29,,155633,13,,,0,1890,,155638,13,,,0,35,,155630,13,,,0,77,,155637,13,,,0,21,,155631,13,,,0,69,,155632,13,,,0,78,,155639,13,,,0
684101,'3_merged_15529701',337,,155648,13,,,0,70,,155650,13,,,0,30,,155647,13,,,0,70,,155646,13,,,0,13,,155653,13,,,0,15,,155643,13,,,0,15,,155654,13,,,0,55,,155645,13,,,0,1750,,155651,13,,,0,75,,155652,13,,,0,70,,155640,13,,,0,27,,155641,13,,,0,30,,155642,13,,,0,78,,155644,13,,,0,70,,155649,13,,,0
750900,'1_merged_15529700',956,,156227,10,,,0,75,,156228,10,,,0,75,,156229,10,,,0,36,,156230,10,,,0,75,,156231,10,,,0,35,,156232,10,,,0,74,,156233,10,,,0,75,,156234,10,,,0,35,,156235,10,,,0,76,,156236,10,,,0,35,,156237,10,,,0,75,,156238,10,,,0,35,,156239,10,,,0,75,,156240,10,,,0,75,,156241,10,,,0,35,,156242,10,,,0,74,,156243,10,,,0,35,,156244,10,,,0,70,,156245,10,,,0
750900,'2_merged_15529702',806,,156246,10,,,0,30,,156247,10,,,0,70,,156248,10,,,0,25,,156249,10,,,0,21,,156250,10,,,0,60,,156251,10,,,0,20,,156252,10,,,0,20,,156253,10,,,0,60,,156254,10,,,0,20,,156255,10,,,0,20,,156256,10,,,0,60,,156257,10,,,0,20,,156258,10,,,0,20,,156259,10,,,0,60,,156260,10,,,0,20,,156261,10,,,0,20,,156262,10,,,0,60,,156263,10,,,0,20,,156264,10,,,0,20,,156265,10,,,0,60,,156266,10,,,0,20,,156267,10,,,0,21,,156268,10,,,0,59,,156269,10,,,0,20,,156270,10,,,0,20,,156271,10,,,0,60,,156272,10,,,0,20,,156273,10,,,0,20,,156274,10,,,0,60,,156275,10,,,0,23,,156276,10,,,0,16,,156277,10,,,0,60,,156278,10,,,0,20,,156279,10,,,0,20,,156280,10,,,0,60,,156281,10,,,0
750900,'3_merged_15529701',806,,156282,10,,,0,30,,156283,10,,,0,70,,156284,10,,,0,25,,156285,10,,,0,20,,156286,10,,,0,60,,156287,10,,,0,20,,156288,10,,,0,22,,156289,10,,,0,61,,156290,10,,,0,20,,156291,10,,,0,20,,156292,10,,,0,60,,156293,10,,,0,20,,156294,10,,,0,20,,156295,10,,,0,60,,156296,10,,,0,20,,156297,10,,,0,20,,156298,10,,,0,60,,156299,10,,,0,20,,156300,10,,,0,22,,156301,10,,,0,60,,156302,10,,,0,20,,156303,10,,,0,19,,156304,10,,,0,61,,156305,10,,,0,19,,156306,10,,,0,20,,156307,10,,,0,60,,156308,10,,,0,20,,156309,10,,,0,20,,156310,10,,,0,60,,156311,10,,,0,20,,156312,10,,,0,20,,156313,10,,,0,60,,156314,10,,,0,20,,156315,10,,,0,20,,156316,10,,,0,60,,156317,10,,,0
