672401,'1_merged_15291795',521,,87499,37,,,0,30,,87488,37,,,0,72,,87514,37,,,0,34,,87498,37,,,0,74,,87515,37,,,0,13,,87522,37,,,0,57,,87523,37,,,0,16,,87524,37,,,0,19,,87525,37,,,0,15,,87526,37,,,0,55,,87527,37,,,0,13,,87528,37,,,0,16,,87529,37,,,0,15,,87530,37,,,0,55,,87531,37,,,0,15,,87516,37,,,0,17,,87532,37,,,0,19,,87503,37,,,0,61,,87500,37,,,0,23,,87504,37,,,0,60,,87501,37,,,0,21,,87502,37,,,0,22,,87505,37,,,0,60,,87487,37,,,0,20,,87489,37,,,0,18,,87506,37,,,0,61,,87492,37,,,0,22,,87493,37,,,0,21,,87507,37,,,0,58,,87486,37,,,0,19,,87517,37,,,0,16,,87513,37,,,0,16,,87521,37,,,0,55,,87512,37,,,0,15,,87533,37,,,0,16,,87534,37,,,0,15,,87535,37,,,0,55,,87536,37,,,0,15,,87537,37,,,0,15,,87538,37,,,0,14,,87539,37,,,0,55,,87540,37,,,0,12,,87541,37,,,0,16,,87542,37,,,0,15,,87543,37,,,0,52,,87544,37,,,0,15,,87545,37,,,0,14,,87546,37,,,0,13,,87547,37,,,0,63,,87508,37,,,0,33,,87509,37,,,0,71,,87510,37,,,0,27,,87511,37,,,0,70,,87494,37,,,0,27,,87495,37,,,0,70,,87496,37,,,0,29,,87497,37,,,0,70,,87518,37,,,0,26,,87490,37,,,0,26,,87519,37,,,0,67,,87491,37,,,0,77,,87520,37,,,0
672401,'2_merged_15291797',515,,87584,37,,,0,37,,87586,37,,,0,72,,87587,37,,,0,35,,87588,37,,,0,74,,87589,37,,,0,72,,87590,37,,,0,24,,87591,37,,,0,20,,87592,37,,,0,63,,87593,37,,,0,21,,87548,37,,,0,21,,87549,37,,,0,55,,87550,37,,,0,14,,87551,37,,,0,16,,87552,37,,,0,14,,87553,37,,,0,54,,87554,37,,,0,15,,87555,37,,,0,15,,87556,37,,,0,17,,87557,37,,,0,54,,87558,37,,,0,16,,87559,37,,,0,18,,87560,37,,,0,15,,87561,37,,,0,55,,87562,37,,,0,15,,87563,37,,,0,15,,87564,37,,,0,15,,87565,37,,,0,55,,87566,37,,,0,15,,87567,37,,,0,15,,87568,37,,,0,14,,87569,37,,,0,56,,87570,37,,,0,15,,87571,37,,,0,13,,87572,37,,,0,15,,87573,37,,,0,55,,87574,37,,,0,15,,87575,37,,,0,14,,87576,37,,,0,15,,87577,37,,,0,54,,87578,37,,,0,15,,87579,37,,,0,15,,87580,37,,,0,15,,87581,37,,,0,53,,87582,37,,,0,19,,87583,37,,,0,19,,87594,37,,,0,59,,87595,37,,,0,18,,87596,37,,,0,19,,87597,37,,,0,61,,87610,37,,,0,18,,87598,37,,,0,20,,87599,37,,,0,64,,87600,37,,,0,28,,87601,37,,,0,70,,87602,37,,,0,30,,87603,37,,,0,71,,87604,37,,,0,27,,87605,37,,,0,25,,87606,37,,,0,82,,87607,37,,,0,68,,87608,37,,,0,38,,87609,37,,,0,69,,87585,37,,,0
672401,'3_merged_15291796',525,,87617,37,,,0,30,,87619,37,,,0,70,,87620,37,,,0,31,,87621,37,,,0,70,,87622,37,,,0,31,,87623,37,,,0,64,,87624,37,,,0,20,,87625,37,,,0,62,,87626,37,,,0,22,,87627,37,,,0,20,,87628,37,,,0,62,,87629,37,,,0,20,,87630,37,,,0,20,,87631,37,,,0,63,,87632,37,,,0,21,,87633,37,,,0,20,,87634,37,,,0,61,,87635,37,,,0,21,,87636,37,,,0,20,,87637,37,,,0,60,,87638,37,,,0,20,,87639,37,,,0,20,,87640,37,,,0,61,,87641,37,,,0,17,,87642,37,,,0,16,,87611,37,,,0,55,,87643,37,,,0,17,,87644,37,,,0,15,,87645,37,,,0,14,,87612,37,,,0,55,,87646,37,,,0,15,,87647,37,,,0,15,,87648,37,,,0,15,,87613,37,,,0,55,,87649,37,,,0,14,,87650,37,,,0,15,,87651,37,,,0,15,,87614,37,,,0,55,,87652,37,,,0,13,,87653,37,,,0,16,,87654,37,,,0,15,,87615,37,,,0,55,,87655,37,,,0,17,,87656,37,,,0,19,,87657,37,,,0,22,,87658,37,,,0,60,,87616,37,,,0,20,,87659,37,,,0,74,,87660,37,,,0,30,,87661,37,,,0,73,,87662,37,,,0,29,,87663,37,,,0,72,,87664,37,,,0,29,,87665,37,,,0,72,,87666,37,,,0,29,,87667,37,,,0,85,,87668,37,,,0,70,,87618,37,,,0
672500,'1_merged_15291795',601,,87669,22,,,0,40,,87670,22,,,0,71,,87671,22,,,0,33,,87672,22,,,0,70,,87673,22,,,0,32,,87674,22,,,0,70,,87675,22,,,0,27,,87676,22,,,0,72,,87677,22,,,0,30,,87678,22,,,0,72,,87679,22,,,0,29,,87680,22,,,0,70,,87681,22,,,0,30,,87682,22,,,0,70,,87683,22,,,0,30,,87684,22,,,0,69,,87685,22,,,0,30,,87686,22,,,0,72,,87687,22,,,0,32,,87688,22,,,0,69,,87689,22,,,0,30,,87690,22,,,0,69,,87691,22,,,0,30,,87692,22,,,0,70,,87693,22,,,0,29,,87694,22,,,0,70,,87695,22,,,0,30,,87696,22,,,0,70,,87697,22,,,0,30,,87698,22,,,0,70,,87699,22,,,0,30,,87700,22,,,0,69,,87701,22,,,0,93,,87702,22,,,0,99,,87703,22,,,0,100,,87704,22,,,0
672500,'2_merged_15291797',555,,87734,22,,,0,86,,87723,22,,,0,70,,87733,22,,,0,33,,87706,22,,,0,69,,87730,22,,,0,30,,87731,22,,,0,70,,87714,22,,,0,32,,87737,22,,,0,70,,87738,22,,,0,30,,87726,22,,,0,70,,87736,22,,,0,30,,87721,22,,,0,70,,87729,22,,,0,32,,87707,22,,,0,71,,87708,22,,,0,29,,87709,22,,,0,70,,87710,22,,,0,31,,87711,22,,,0,70,,87712,22,,,0,30,,87713,22,,,0,69,,87732,22,,,0,30,,87725,22,,,0,70,,87735,22,,,0,30,,87724,22,,,0,70,,87728,22,,,0,30,,87720,22,,,0,70,,87727,22,,,0,30,,87715,22,,,0,70,,87718,22,,,0,30,,87722,22,,,0,69,,87719,22,,,0,30,,87705,22,,,0,71,,87739,22,,,0,91,,87716,22,,,0,100,,87740,22,,,0,99,,87717,22,,,0
672500,'3_merged_15291796',659,,87762,22,,,0,73,,87770,22,,,0,70,,87769,22,,,0,31,,87743,22,,,0,70,,87747,22,,,0,31,,87763,22,,,0,71,,87764,22,,,0,30,,87765,22,,,0,70,,87750,22,,,0,30,,87772,22,,,0,70,,87760,22,,,0,29,,87774,22,,,0,71,,87766,22,,,0,29,,87773,22,,,0,70,,87751,22,,,0,30,,87767,22,,,0,70,,87768,22,,,0,30,,87771,22,,,0,70,,87761,22,,,0,29,,87752,22,,,0,70,,87754,22,,,0,30,,87749,22,,,0,70,,87744,22,,,0,31,,87745,22,,,0,71,,87746,22,,,0,31,,87748,22,,,0,70,,87755,22,,,0,31,,87756,22,,,0,70,,87757,22,,,0,30,,87758,22,,,0,80,,87741,22,,,0,109,,87759,22,,,0,100,,87742,22,,,0,100,,87753,22,,,0
682800,'101_merged_15291802',904,,95289,28,,,0
682800,'1201_merged_15291788',2126,,95290,27,,,0,107,,95291,27,,,0
682800,'1_merged_15291795',824,,95309,28,,,0,119,,95308,27,,,0,78,,95307,27,,,0,37,,95306,27,,,0,83,,95305,27,,,0,80,,95304,27,,,0,80,,95303,27,,,0,42,,95302,27,,,0,80,,95301,27,,,0,81,,95300,27,,,0,40,,95299,27,,,0,85,,95298,27,,,0,78,,95297,27,,,0,38,,95296,27,,,0,79,,95295,27,,,0,78,,95294,27,,,0,48,,95293,27,,,0,69,,95292,27,,,0
682800,'2_merged_15291797',931,,95311,27,,,0,80,,95328,27,,,0,40,,95327,27,,,0,80,,95326,27,,,0,80,,95325,27,,,0,41,,95324,27,,,0,80,,95323,27,,,0,80,,95322,27,,,0,41,,95321,27,,,0,80,,95320,27,,,0,80,,95319,27,,,0,40,,95318,27,,,0,80,,95317,27,,,0,78,,95316,27,,,0,37,,95315,27,,,0,107,,95314,27,,,0,150,,95313,27,,,0,107,,95312,27,,,0,104,,95310,27,,,0
682800,'3_merged_15291796',1130,,95334,27,,,0,82,,95341,27,,,0,40,,95333,27,,,0,81,,95340,27,,,0,80,,95339,27,,,0,40,,95332,27,,,0,80,,95338,27,,,0,78,,95331,27,,,0,40,,95330,27,,,0,80,,95337,27,,,0,80,,95336,27,,,0,40,,95329,27,,,0,76,,95335,27,,,0
