674900,'101_merged_15288070',707,,90976,4,0,62 63 64,0
674900,'1_merged_15288063',521,,91041,4,,,0,13,,91042,4,,,0,17,,91043,4,,,0,57,,91044,4,,,0,17,,91045,4,,,0,14,,91046,4,,,0,16,,91047,4,,,0,70,,91048,4,,,0,13,,91049,4,0,58 59,0,15,,91050,4,0,58 59,0,54,,90987,4,,,0,14,,91032,4,0,58 59,0,17,,91033,4,,,0,15,,91034,4,0,58 59,0,55,,91035,4,,,0,8,,91036,4,0,60 61 8,0,9,,91037,4,0,58 59,0,11,,91038,4,,,0,15,,91039,4,0,58 59,0,56,,91040,4,,,0,15,,90988,4,0,58 59,0,15,,91013,4,,,0,15,,91014,4,0,58 59,0,55,,91015,4,,,0,15,,91016,4,0,58 59,0,15,,91017,4,,,0,15,,91018,4,0,58 59,0,55,,91019,4,,,0,12,,91020,4,0,58 59,0,18,,91021,4,,,0,15,,91022,4,0,58 59,0,55,,91023,4,,,0,15,,91024,4,0,58 59,0,13,,91025,4,,,0,17,,91026,4,0,60 61 8,0,75,,91027,4,,,0,15,,91028,4,,,0,15,,91029,4,,,0,55,,91030,4,,,0,17,,91031,4,,,0,14,,90979,4,,,0,16,,90985,4,,,0,63,,91007,4,,,0,7,,90989,4,,,0,21,,90978,4,,,0,7,,91008,4,,,0,63,,91009,4,,,0,7,,91010,4,,,0,15,,91011,4,,,0,61,,91012,4,,,0,9,,90986,4,,,0,19,,90980,4,,,0,9,,90990,4,,,0,16,,90991,4,,,0,55,,91002,4,,,0,16,,91003,4,,,0,14,,91004,4,,,0,13,,91005,4,0,60 61 8,0,57,,91006,4,,,0,15,,90984,4,,,0,15,,90981,4,,,0,16,,90994,4,0,60 61 8,0,53,,90995,4,,,0,30,,90996,4,,,0,70,,90997,4,,,0,30,,90982,4,,,0,70,,90999,4,,,0,30,,90993,4,,,0,69,,90998,4,,,0,30,,90983,4,,,0,70,,91001,4,0,58 59,0,29,,90992,4,0,58 59,0,70,,91000,4,0,58 59,0
674900,'2_merged_15288065',609,,91053,4,,,0,30,,91054,4,,,0,67,,91055,4,,,0,15,,91056,4,,,0,15,,91057,4,0,58 59,0,15,,91058,4,,,0,50,,91059,4,0,58 59,0,15,,91060,4,,,0,15,,91061,4,0,58 59,0,15,,91062,4,,,0,55,,91063,4,0,58 59,0,15,,91064,4,,,0,15,,91065,4,0,58 59,0,16,,91066,4,,,0,55,,91067,4,0,58 59,0,15,,91068,4,,,0,15,,91069,4,0,58 59,0,15,,91070,4,,,0,55,,91071,4,0,58 59,0,15,,91072,4,,,0,16,,91073,4,0,58 59,0,15,,91074,4,,,0,57,,91075,4,0,58 59,0,15,,91076,4,,,0,12,,91077,4,0,58 59,0,15,,91078,4,,,0,55,,91079,4,0,58 59,0,17,,91080,4,,,0,15,,91081,4,0,58 59,0,13,,91082,4,,,0,55,,91083,4,0,58 59,0,15,,91084,4,,,0,15,,91085,4,0,58 59,0,15,,91086,4,,,0,55,,91087,4,0,58 59,0,15,,91088,4,,,0,15,,91089,4,0,58 59,0,17,,91090,4,,,0,53,,91091,4,0,58 59,0,15,,91092,4,,,0,15,,91093,4,0,58 59,0,15,,91094,4,,,0,55,,91095,4,0,58 59,0,15,,91096,4,,,0,15,,91097,4,0,58 59,0,15,,91098,4,,,0,55,,91099,4,0,58 59,0,16,,91100,4,,,0,15,,91101,4,,,0,13,,91102,4,,,0,60,,91103,4,,,0,20,,91104,4,,,0,17,,91105,4,,,0,63,,91106,4,,,0,20,,91107,4,,,0,19,,91108,4,,,0,66,,91109,4,,,0,30,,91110,4,,,0,70,,91111,4,,,0,30,,91112,4,,,0,69,,91113,4,,,0,30,,91114,4,,,0,70,,91115,4,,,0,30,,91116,4,,,0,69,,91117,4,0,58 59,0,35,,91051,4,0,58 59,0,65,,91052,4,0,58 59,0
674900,'3_merged_15288064',614,,91147,4,,,0,32,,91146,4,,,0,63,,91152,4,,,0,31,,91151,4,,,0,15,,91163,4,0,58 59,0,55,,91162,4,,,0,15,,91161,4,0,58 59,0,14,,91160,4,,,0,16,,91159,4,0,58 59,0,56,,91158,4,,,0,15,,91182,4,0,58 59,0,15,,91181,4,,,0,15,,91157,4,0,58 59,0,55,,91156,4,,,0,15,,91155,4,0,58 59,0,15,,91154,4,,,0,10,,91153,4,0,58 59,0,54,,91150,4,,,0,16,,91149,4,0,58 59,0,15,,91148,4,,,0,13,,91174,4,0,58 59,0,59,,91122,4,,,0,15,,91121,4,0,58 59,0,15,,91120,4,,,0,14,,91119,4,0,58 59,0,54,,91118,4,,,0,15,,91180,4,0,58 59,0,9,,91179,4,,,0,23,,91178,4,0,58 59,0,55,,91177,4,,,0,15,,91176,4,0,58 59,0,15,,91175,4,,,0,15,,91173,4,0,58 59,0,53,,91172,4,,,0,14,,91171,4,0,58 59,0,16,,91170,4,,,0,5,,91169,4,0,58 59,0,65,,91168,4,,,0,15,,91167,4,0,58 59,0,16,,91166,4,,,0,13,,91165,4,0,58 59,0,57,,91164,4,,,0,15,,91135,4,0,58 59,0,15,,91145,4,,,0,15,,91144,4,0,58 59,0,60,,91143,4,,,0,14,,91142,4,0,58 59,0,16,,91141,4,,,0,13,,91140,4,0,58 59,0,56,,91139,4,,,0,15,,91138,4,0,58 59,0,14,,91137,4,,,0,15,,91136,4,0,58 59,0,55,,91134,4,,,0,15,,91133,4,0,58 59,0,11,,91132,4,,,0,20,,91131,4,,,0,60,,91130,4,,,0,31,,91129,4,,,0,71,,91128,4,,,0,30,,91127,4,,,0,70,,91126,4,,,0,30,,91125,4,,,0,71,,91124,4,,,0,101,,91123,4,0,58 59,0
674900,'701_merged_15288057',1407,,91183,4,,,0
674900,'801_merged_15288075',1407,,91184,4,,,0
3003700,'101_merged_15288070',825,,101392,4,,,0,596,,101390,4,,,0,20,,101389,4,,,0,80,,101391,4,,,0
3003700,'1_merged_15288063',501,,101426,4,,,0,30,,101427,4,,,0,21,,101402,4,,,0,49,,101428,4,,,0,19,,101401,4,,,0,6,,101429,4,,,0,24,,101400,4,,,0,6,,101430,4,,,0,55,,101395,4,,,0,15,,101431,4,,,0,15,,101393,4,,,0,14,,101432,4,,,0,60,,101433,4,,,0,30,,101434,4,,,0,65,,101435,4,,,0,35,,101436,4,,,0,70,,101403,4,,,0,30,,101404,4,,,0,70,,101405,4,,,0,30,,101406,4,,,0,70,,101407,4,,,0,30,,101408,4,,,0,71,,101409,4,,,0,29,,101410,4,,,0,70,,101411,4,,,0,28,,101412,4,,,0,70,,101413,4,,,0,28,,101414,4,,,0,65,,101422,4,,,0,25,,101415,4,,,0,5,,101399,4,,,0,65,,101416,4,,,0,5,,101398,4,,,0,25,,101417,4,,,0,5,,101397,4,,,0,19,,101394,4,,,0,61,,101396,4,,,0,24,,101418,4,,,0,65,,101419,4,,,0,100,,101420,4,,,0,100,,101421,4,,,0,99,,101423,4,,,0,100,,101424,4,,,0,99,,101425,4,,,0
3003700,'2_merged_15288065',714,,101441,4,,,0,30,,101457,4,,,0,70,,101442,4,,,0,30,,101458,4,,,0,71,,101443,4,,,0,30,,101459,4,,,0,71,,101444,4,,,0,29,,101460,4,,,0,70,,101445,4,,,0,30,,101461,4,,,0,70,,101439,4,,,0,30,,101462,4,,,0,70,,101440,4,,,0,30,,101463,4,,,0,70,,101446,4,,,0,30,,101464,4,,,0,70,,101447,4,,,0,30,,101437,4,,,0,70,,101448,4,,,0,30,,101438,4,,,0,70,,101449,4,,,0,30,,101465,4,,,0,68,,101450,4,,,0,26,,101466,4,,,0,65,,101451,4,,,0,100,,101452,4,,,0,100,,101453,4,,,0,100,,101454,4,,,0,100,,101455,4,,,0,100,,101456,4,,,0
3003700,'3_merged_15288064',704,,101475,4,,,0,100,,101476,4,,,0,101,,101477,4,,,0,100,,101478,4,,,0,100,,101479,4,,,0,30,,101485,4,,,0,70,,101480,4,,,0,30,,101486,4,,,0,70,,101481,4,,,0,30,,101487,4,,,0,70,,101482,4,,,0,30,,101488,4,,,0,70,,101483,4,,,0,30,,101489,4,,,0,70,,101484,4,,,0,30,,101490,4,,,0,70,,101467,4,,,0,30,,101491,4,,,0,70,,101468,4,,,0,100,,101469,4,,,0,100,,101470,4,,,0,99,,101471,4,,,0,100,,101472,4,,,0,100,,101473,4,,,0,100,,101474,4,,,0
3780900,'1_merged_15288063',508,,110181,3,,,0,10,,110182,3,,,0,10,,110183,3,,,0,10,,110184,3,,,0,10,,110185,3,,,0,10,,110186,3,,,0,50,,110187,3,,,0,10,,110188,3,,,0,10,,110189,3,,,0,10,,110190,3,,,0,10,,110191,3,,,0,10,,110192,3,,,0,50,,110193,3,,,0,10,,110194,3,,,0,10,,110195,3,,,0,11,,110196,3,,,0,10,,110197,3,,,0,10,,110198,3,,,0,50,,110199,3,,,0,10,,110200,3,,,0,10,,110201,3,,,0,10,,110202,3,,,0,10,,110203,3,,,0,10,,110204,3,,,0,50,,110205,3,,,0,19,,110206,3,,,0,11,,110207,3,,,0,15,,110208,3,,,0,55,,110209,3,,,0,15,,110210,3,,,0,15,,110211,3,,,0,15,,110212,3,,,0,55,,110213,3,,,0,15,,110214,3,,,0,15,,110215,3,,,0,15,,110216,3,,,0,55,,110217,3,,,0,15,,110218,3,,,0,15,,110219,3,,,0,15,,110220,3,,,0,55,,110221,3,,,0,15,,110222,3,,,0,15,,110223,3,,,0,15,,110224,3,,,0,55,,110225,3,,,0,12,,110226,3,,,0,16,,110227,3,,,0,14,,110228,3,,,0,56,,110229,3,,,0,12,,110230,3,,,0,10,,110231,3,,,0,10,,110232,3,,,0,11,,110233,3,,,0,50,,110234,3,,,0,8,,110235,3,,,0,12,,110236,3,,,0,8,,110237,3,,,0,12,,110238,3,,,0,10,,110239,3,,,0,9,,110240,3,,,0,51,,110241,3,,,0,10,,110242,3,,,0,10,,110243,3,,,0,8,,110244,3,,,0,14,,110245,3,,,0,7,,110246,3,,,0,50,,110247,3,,,0,15,,110248,3,,,0,15,,110249,3,,,0,15,,110250,3,,,0,55,,110251,3,,,0,15,,110252,3,,,0,14,,110253,3,,,0,15,,110254,3,,,0,55,,110255,3,,,0,15,,110256,3,,,0,15,,110257,3,,,0,15,,110258,3,,,0,55,,110259,3,,,0,15,,110260,3,,,0,15,,110261,3,,,0,15,,110262,3,,,0,55,,110263,3,,,0,15,,110264,3,,,0,15,,110265,3,,,0,15,,110266,3,,,0,54,,110267,3,,,0,15,,110268,3,,,0,15,,110269,3,,,0,15,,110270,3,,,0,55,,110271,3,,,0
3780900,'2_merged_15288065',502,,110272,3,,,0,15,,110273,3,,,0,15,,110274,3,,,0,15,,110275,3,,,0,56,,110276,3,,,0,15,,110277,3,,,0,15,,110278,3,,,0,15,,110279,3,,,0,55,,110280,3,,,0,15,,110281,3,,,0,15,,110282,3,,,0,15,,110283,3,,,0,55,,110284,3,,,0,15,,110285,3,,,0,15,,110286,3,,,0,15,,110287,3,,,0,55,,110288,3,,,0,15,,110289,3,,,0,14,,110290,3,,,0,16,,110291,3,,,0,56,,110292,3,,,0,15,,110293,3,,,0,15,,110294,3,,,0,15,,110295,3,,,0,55,,110296,3,,,0,15,,110297,3,,,0,15,,110298,3,,,0,15,,110299,3,,,0,55,,110300,3,,,0,15,,110301,3,,,0,15,,110302,3,,,0,15,,110303,3,,,0,55,,110304,3,,,0,15,,110305,3,,,0,15,,110306,3,,,0,15,,110307,3,,,0,55,,110308,3,,,0,15,,110309,3,,,0,15,,110310,3,,,0,15,,110311,3,,,0,55,,110312,3,,,0,15,,110313,3,,,0,15,,110314,3,,,0,15,,110315,3,,,0,55,,110316,3,,,0,15,,110317,3,,,0,15,,110318,3,,,0,15,,110319,3,,,0,55,,110320,3,,,0,15,,110321,3,,,0,15,,110322,3,,,0,15,,110323,3,,,0,55,,110324,3,,,0,15,,110325,3,,,0,15,,110326,3,,,0,15,,110327,3,,,0,54,,110328,3,,,0,15,,110329,3,,,0,15,,110330,3,,,0,15,,110331,3,,,0,55,,110332,3,,,0,15,,110333,3,,,0,15,,110334,3,,,0,15,,110335,3,,,0,55,,110336,3,,,0,15,,110337,3,,,0,15,,110338,3,,,0,15,,110339,3,,,0,55,,110340,3,,,0,15,,110341,3,,,0,15,,110342,3,,,0,15,,110343,3,,,0,55,,110344,3,,,0,15,,110345,3,,,0,15,,110346,3,,,0,15,,110347,3,,,0,55,,110348,3,,,0
3780900,'3_merged_15288064',502,,110349,3,,,0,15,,110350,3,,,0,15,,110351,3,,,0,15,,110352,3,,,0,55,,110353,3,,,0,15,,110354,3,,,0,16,,110355,3,,,0,15,,110356,3,,,0,55,,110357,3,,,0,14,,110358,3,,,0,16,,110359,3,,,0,15,,110360,3,,,0,55,,110361,3,,,0,15,,110362,3,,,0,15,,110363,3,,,0,15,,110364,3,,,0,55,,110365,3,,,0,15,,110366,3,,,0,16,,110367,3,,,0,15,,110368,3,,,0,55,,110369,3,,,0,15,,110370,3,,,0,15,,110371,3,,,0,15,,110372,3,,,0,55,,110373,3,,,0,15,,110374,3,,,0,15,,110375,3,,,0,15,,110376,3,,,0,55,,110377,3,,,0,15,,110378,3,,,0,15,,110379,3,,,0,15,,110380,3,,,0,55,,110381,3,,,0,15,,110382,3,,,0,15,,110383,3,,,0,15,,110384,3,,,0,55,,110385,3,,,0,15,,110386,3,,,0,15,,110387,3,,,0,15,,110388,3,,,0,55,,110389,3,,,0,15,,110390,3,,,0,15,,110391,3,,,0,15,,110392,3,,,0,55,,110393,3,,,0,15,,110394,3,,,0,15,,110395,3,,,0,15,,110396,3,,,0,55,,110397,3,,,0,15,,110398,3,,,0,15,,110399,3,,,0,15,,110400,3,,,0,55,,110401,3,,,0,15,,110402,3,,,0,15,,110403,3,,,0,15,,110404,3,,,0,54,,110405,3,,,0,15,,110406,3,,,0,15,,110407,3,,,0,15,,110408,3,,,0,10,,110409,3,,,0,55,,110410,3,,,0,15,,110411,3,,,0,15,,110412,3,,,0,15,,110413,3,,,0,55,,110414,3,,,0,15,,110415,3,,,0,15,,110416,3,,,0,15,,110417,3,,,0,55,,110418,3,,,0,15,,110419,3,,,0,15,,110420,3,,,0,15,,110421,3,,,0,55,,110422,3,,,0,15,,110423,3,,,0,20,,110424,3,,,0,54,,110425,3,,,0
