'1merged14607533',668201,54000,4,'',0,1700,4,'',0,5600,4,'',0,1500,4,'',0,1500,4,'',0,1100,4,'',0,5000,4,'',0,1000,4,'',0,900,4,'',0,800,4,'',0,1000,4,'',0,700,4,'',0,800,4,'',0,4700,4,'',0,1000,4,'',0,700,4,'',0,700,4,'',0,900,4,'',0,700,4,'',0,1000,4,'',0,5300,4,'',0,1200,4,'',0,1200,4,'',0,1200,4,'',0,1000,4,'',0,5200,4,'',0,1600,4,'',0,1500,4,'',0,1600,4,'',0,5500,4,'',0,1500,4,'',0,1500,4,'',0,1700,4,'',0,5500,4,'',0,1500,4,'',0,1500,4,'',0,1500,4,'',0,5500,4,'',0,1500,4,'',0,1400,4,'',0,1600,4,'',0,5000,4,'',0,1000,4,'',0,1000,4,'',0,1000,4,'',0,1000,4,'',0,1100,4,'',0,4800,4,'',0,900,4,'',0,800,4,'',0,1400,4,'',0,700,4,'',0,1100,4,'',0,600,4,'',0,4900,4,'',0,700,4,'',0,700,4,'',0,800,4,'',0,900,4,'',0,900,4,'',0,900,4,'',0,5000,4,'',0,1200,4,'',0,1000,4,'',0,1000,4,'',0,900,4,'',0,700,4,'',0,5000,4,'',0,900,4,'',0,900,4,'',0,1000,4,'',0,800,4,'',0,1000,4,'',0,1000,4,'',0,5000,4,'',0,700,4,'',0,1000,4,'',0,1200,4,'',0,1300,4,'',0,5500,4,'',0,1400,4,'',0,1500,4,'',0,1500,4,'',0,5600,4,'',0,2000,4,'',0,1800,4,'',0,6000,4,'',0,2000,4,'',0,2300,4,'',0,7000,4,'',0,2800,4,'',0,7000,4,'',0,2700,4,'',0
'2merged14607535',668201,62700,4,'',0,2000,4,'',0,6100,4,'',0,2100,4,'',0,2600,4,'',0,6000,4,'',0,1000,4,'',0,1600,4,'',0,1500,4,'',0,5800,4,'',0,1600,4,'',0,1500,4,'',0,5500,4,'',0,1600,4,'',0,1500,4,'',0,1600,4,'',0,5500,4,'',0,1600,4,'',0,1500,4,'',0,1800,4,'',0,5600,4,'',0,1800,4,'',0,1500,4,'',0,1900,4,'',0,5400,4,'',0,1200,4,'',0,1200,4,'',0,1000,4,'',0,900,4,'',0,5300,4,'',0,1400,4,'',0,1200,4,'',0,1000,4,'',0,1400,4,'',0,5100,4,'',0,900,4,'',0,1000,4,'',0,1100,4,'',0,900,4,'',0,1000,4,'',0,5100,4,'',0,900,4,'',0,1100,4,'',0,1000,4,'',0,1000,4,'',0,5000,4,'',0,1000,4,'',0,1000,4,'',0,1000,4,'',0,1300,4,'',0,1000,4,'',0,4700,4,'',0,700,4,'',0,1000,4,'',0,1000,4,'',0,1000,4,'',0,900,4,'',0,5400,4,'',0,1200,4,'',0,1400,4,'',0,1200,4,'',0,900,4,'',0,5300,4,'',0,1300,4,'',0,900,4,'',0,1400,4,'',0,1500,4,'',0,5500,4,'',0,1500,4,'',0,1500,4,'',0,1800,4,'',0,6000,4,'',0,2000,4,'',0,1600,4,'',0,6000,4,'',0,2000,4,'',0,2100,4,'',0,7000,4,'',0,2800,4,'',0
'3merged14607534',668201,63200,4,'',0,6800,4,'',0,2000,4,'',0,2000,4,'',0,1900,4,'',0,6000,4,'',0,2100,4,'',0,1600,4,'',0,5700,4,'',0,1500,4,'',0,1700,4,'',0,5500,4,'',0,1600,4,'',0,1500,4,'',0,1600,4,'',0,1000,4,'',0,5100,4,'',0,1700,4,'',0,2600,4,'',0,5500,4,'',0,1500,4,'',0,1500,4,'',0,1500,4,'',0,5500,4,'',0,1500,4,'',0,1600,4,'',0,1200,4,'',0,5900,4,'',0,1200,4,'',0,1900,4,'',0,1600,4,'',0,5600,4,'',0,1400,4,'',0,1600,4,'',0,1300,4,'',0,5600,4,'',0,1000,4,'',0,1600,4,'',0,1500,4,'',0,6000,4,'',0,1300,4,'',0,1700,4,'',0,1200,4,'',0,5500,4,'',0,1500,4,'',0,1500,4,'',0,1300,4,'',0,5500,4,'',0,1200,4,'',0,1500,4,'',0,1300,4,'',0,5500,4,'',0,1500,4,'',0,1500,4,'',0,1500,4,'',0,5400,4,'',0,1800,4,'',0,2100,4,'',0,1800,4,'',0,6000,4,'',0,2000,4,'',0,6300,4,'',0
'1merged14607533',668301,71900,4,'',0,1000,4,'',0,900,4,'',0,900,4,'',0,5800,4,'',0,1100,4,'',0,1800,4,'',0,300,4,'',0,1300,4,'',0,5000,4,'',0,1200,4,'',0,1700,4,'',0
'1merged14607533',668501,64300,4,'',0,6400,4,'',0,1100,4,'',0,2000,4,'',0,1600,4,'',0,4900,4,'',0,1400,4,'',0,1500,4,'',0,1900,4,'',0,5100,4,'',0,2000,4,'',0,2800,4,'',0,7400,4,'',0,2300,4,'',0,5500,4,'',0,3400,4,'',0,7200,4,'',0,2600,4,'',0,7100,4,'',0,3000,4,'',0,7300,4,'',0,3000,4,'',0,7100,4,'',0,2600,4,'',0,1900,4,'',0,5800,4,'',0,2700,4,'',0,1300,4,'',0,5700,4,'',0,1400,4,'',0,1500,4,'',0,2000,4,'',0,4900,4,'',0,1400,4,'',0,1300,4,'',0,1600,4,'',0,5200,4,'',0,1400,4,'',0,1400,4,'',0,7000,4,'',0,5600,4,'',0,9900,4,'',0,9800,4,'',0,9800,4,'',0,9600,4,'',0
'2merged14607535',668501,64500,4,'',0,7100,4,'',0,3000,4,'',0,7500,4,'',0,3000,4,'',0,7000,4,'',0,3200,4,'',0,7100,4,'',0,3200,4,'',0,7500,4,'',0,7200,4,'',0,3000,4,'',0,7000,4,'',0,3300,4,'',0,6900,4,'',0,2900,4,'',0,7200,4,'',0,3100,4,'',0,7200,4,'',0,3100,4,'',0,6800,4,'',0,3000,4,'',0,7000,4,'',0,2800,4,'',0,6600,4,'',0,2800,4,'',0,2800,4,'',0,10100,4,'',0,9500,4,'',0,9900,4,'',0,9800,4,'',0,9900,4,'',0,18400,4,'',0
'3merged14607534',668501,75000,4,'',0,10200,4,'',0,10200,4,'',0,7000,4,'',0,3000,4,'',0,7200,4,'',0,3100,4,'',0,7000,4,'',0,7400,4,'',0,2800,4,'',0,7200,4,'',0,3100,4,'',0,7100,4,'',0,2800,4,'',0,7400,4,'',0,2500,4,'',0,7000,4,'',0,4000,4,'',0,6400,4,'',0,2600,4,'',0,7000,4,'',0,3200,4,'',0,2400,4,'',0,9800,4,'',0,9900,4,'',0,9900,4,'',0,10000,4,'',0
'1merged14607533',668601,70600,4,'',0,2000,4,'',0,9500,4,'',0,8600,4,'',0
'101merged14607542',668700,84950,4,'',0,5600,4,'',0,65000,4,'',0,7000,4,'',0,1000,4,'',0
'1merged14607533',668700,60850,4,'',0,3100,4,'',0,1500,4,'',0,4900,4,'',0,1100,4,'',0,1000,4,'',0,900,4,'',0,1100,4,'',0,1000,4,'',0,4900,4,'',0,1100,4,'',0,400,4,'',0,1100,4,'',0,400,4,'',0,1100,4,'',0,400,4,'',0,5500,4,'',0,600,4,'',0,900,4,'',0,1100,4,'',0,400,4,'',0,1100,4,'',0,400,4,'',0,1100,4,'',0,4400,4,'',0,1100,4,'',0,1500,4,'',0,400,4,'',0,1100,4,'',0,1500,4,'',0,4400,4,'',0,1100,4,'',0,1600,4,'',0,400,4,'',0,1100,4,'',0,5500,4,'',0,400,4,'',0,1100,4,'',0,1500,4,'',0,400,4,'',0,1100,4,'',0,5500,4,'',0,400,4,'',0,1100,4,'',0,1500,4,'',0,400,4,'',0,1100,4,'',0,5500,4,'',0,400,4,'',0,1100,4,'',0,1500,4,'',0,400,4,'',0,1100,4,'',0,5500,4,'',0,400,4,'',0,1100,4,'',0,1000,4,'',0,900,4,'',0,100,4,'',0,1000,4,'',0,5900,4,'',0,100,4,'',0,1000,4,'',0,1900,4,'',0,1100,4,'',0,1000,4,'',0,4900,4,'',0,100,4,'',0,1000,4,'',0,1000,4,'',0,900,4,'',0,100,4,'',0,1000,4,'',0,400,4,'',0,600,4,'',0,4900,4,'',0,100,4,'',0,1000,4,'',0,400,4,'',0,500,4,'',0,900,4,'',0,100,4,'',0,1000,4,'',0,400,4,'',0,600,4,'',0,4900,4,'',0,100,4,'',0,1000,4,'',0,400,4,'',0,1500,4,'',0,100,4,'',0,1400,4,'',0,500,4,'',0,4900,4,'',0,1100,4,'',0,1900,4,'',0,100,4,'',0,2000,4,'',0,4900,4,'',0,2100,4,'',0,900,4,'',0,2100,4,'',0,4900,4,'',0,3000,4,'',0,7500,4,'',0,3000,4,'',0,7000,4,'',0,3100,4,'',0,7000,4,'',0
'201merged14607521',668700,84950,4,'',0,5600,4,'',0,65000,4,'',0,7000,4,'',0,1000,4,'',0
'2merged14607535',668700,60750,4,'',0,2900,4,'',0,7100,4,'',0,2600,4,'',0,7000,4,'',0,3000,4,'',0,7000,4,'',0,1500,4,'',0,500,4,'',0,1000,4,'',0,2000,4,'',0,5000,4,'',0,500,4,'',0,1200,4,'',0,1200,4,'',0,100,4,'',0,1100,4,'',0,1200,4,'',0,4700,4,'',0,500,4,'',0,1200,4,'',0,1200,4,'',0,100,4,'',0,1100,4,'',0,1200,4,'',0,4700,4,'',0,500,4,'',0,1500,4,'',0,1000,4,'',0,500,4,'',0,1500,4,'',0,5000,4,'',0,500,4,'',0,1900,4,'',0,600,4,'',0,500,4,'',0,1500,4,'',0,5000,4,'',0,500,4,'',0,1100,4,'',0,1200,4,'',0,200,4,'',0,1000,4,'',0,1400,4,'',0,4600,4,'',0,600,4,'',0,1200,4,'',0,1200,4,'',0,1200,4,'',0,1200,4,'',0,4600,4,'',0,600,4,'',0,1000,4,'',0,1200,4,'',0,200,4,'',0,100,4,'',0,900,4,'',0,300,4,'',0,1200,4,'',0,4500,4,'',0,700,4,'',0,1200,4,'',0,1100,4,'',0,100,4,'',0,900,4,'',0,300,4,'',0,1200,4,'',0,4500,4,'',0,700,4,'',0,1200,4,'',0,1100,4,'',0,100,4,'',0,1200,4,'',0,200,4,'',0,1000,4,'',0,4500,4,'',0,700,4,'',0,1200,4,'',0,1100,4,'',0,100,4,'',0,1800,4,'',0,5100,4,'',0,200,4,'',0,2000,4,'',0,800,4,'',0,1200,4,'',0,5800,4,'',0,200,4,'',0,2800,4,'',0,200,4,'',0,6800,4,'',0,1600,4,'',0,1400,4,'',0,1600,4,'',0,5900,4,'',0,3000,4,'',0,1100,4,'',0,5900,4,'',0,3000,4,'',0,7000,4,'',0
'3merged14607534',668700,65750,4,'',0,7100,4,'',0,7200,4,'',0,3000,4,'',0,7000,4,'',0,300,4,'',0,900,4,'',0,1800,4,'',0,1500,4,'',0,5600,4,'',0,1200,4,'',0,800,4,'',0,1000,4,'',0,7000,4,'',0,500,4,'',0,1500,4,'',0,1000,4,'',0,500,4,'',0,1500,4,'',0,5000,4,'',0,500,4,'',0,1500,4,'',0,1000,4,'',0,500,4,'',0,1500,4,'',0,5000,4,'',0,600,4,'',0,1500,4,'',0,900,4,'',0,600,4,'',0,1500,4,'',0,4900,4,'',0,600,4,'',0,1500,4,'',0,900,4,'',0,600,4,'',0,1400,4,'',0,5000,4,'',0,500,4,'',0,1500,4,'',0,1000,4,'',0,300,4,'',0,1200,4,'',0,1200,4,'',0,4300,4,'',0,900,4,'',0,1200,4,'',0,900,4,'',0,300,4,'',0,1200,4,'',0,1200,4,'',0,4300,4,'',0,900,4,'',0,1200,4,'',0,900,4,'',0,300,4,'',0,1200,4,'',0,1100,4,'',0,4400,4,'',0,800,4,'',0,1200,4,'',0,1000,4,'',0,200,4,'',0,1200,4,'',0,1200,4,'',0,4300,4,'',0,900,4,'',0,1200,4,'',0,1100,4,'',0,100,4,'',0,1500,4,'',0,5400,4,'',0,3000,4,'',0,7000,4,'',0,3000,4,'',0,1500,4,'',0,5500,4,'',0,3000,4,'',0,7500,4,'',0,3000,4,'',0,7000,4,'',0,10100,4,'',0
'401merged14607537',668700,153750,4,'',0
'1merged14607533',669000,72350,4,'',0,3000,4,'',0,7100,4,'',0,2800,4,'',0,57600,4,'',0,9700,4,'',0,3300,4,'',0,7200,4,'',0,7000,4,'',0
'1merged14607533',669101,75750,4,'',0,6900,4,'',0,8300,4,'',0,62200,4,'',0,7000,4,'',0,3000,4,'',0,9000,4,'',0
'2merged14607535',683701,61800,4,'',0
'3merged14607534',683701,64400,4,'',0,8000,4,'',0,3100,4,'',0,7200,4,'',0
