665200,'101_merged_15291802',1513,,73265,2,0,32,0,0,,73264,2,0,41 8,0
665200,'1_merged_15291795',524,,73279,16,,,0,93,,73266,16,,,0,31,,73268,16,,,0,69,,73269,16,,,0,32,,73297,16,,,0,71,,73270,16,,,0,29,,73286,16,,,0,70,,73271,16,,,0,29,,73272,16,,,0,70,,73288,16,,,0,30,,73283,16,,,0,70,,73284,16,,,0,30,,73285,16,,,0,70,,73274,16,,,0,31,,73276,16,,,0,70,,73300,16,,,0,30,,73280,16,,,0,72,,73281,16,,,0,29,,73278,16,,,0,71,,73282,16,,,0,29,,73301,16,,,0,71,,73299,16,,,0,31,,73287,16,,,0,70,,73291,16,,,0,32,,73292,16,,,0,67,,73293,16,,,0,28,,73294,16,,,0,70,,73295,16,,,0,29,,73275,16,,,0,70,,73296,16,,,0,30,,73298,16,,,0,70,,73277,16,,,0,30,,73267,16,,,0,71,,73302,16,,,0,30,,73273,16,,,0,100,,73289,16,,,0,98,,73290,16,,,0
665200,'2_merged_15291797',624,,73305,16,,,0,35,,73310,16,,,0,70,,73311,16,,,0,71,,73308,16,,,0,30,,73320,16,,,0,70,,73306,16,,,0,32,,73309,16,,,0,70,,73335,16,,,0,30,,73334,16,,,0,70,,73333,16,,,0,30,,73303,16,,,0,70,,73328,16,,,0,30,,73327,16,,,0,71,,73304,16,,,0,30,,73337,16,,,0,70,,73326,16,,,0,30,,73325,16,,,0,70,,73324,16,,,0,30,,73329,16,,,0,70,,73319,16,,,0,30,,73318,16,,,0,70,,73317,16,,,0,30,,73316,16,,,0,70,,73315,16,,,0,30,,73314,16,,,0,70,,73313,16,,,0,30,,73312,16,,,0,69,,73322,16,,,0,30,,73336,16,,,0,70,,73321,16,,,0,29,,73332,16,,,0,70,,73331,16,,,0,40,,73330,16,,,0,101,,73323,16,,,0,98,,73307,16,,,0
665200,'3_merged_15291796',724,,73356,16,,,0,31,,73355,16,,,0,70,,73354,16,,,0,32,,73353,16,,,0,70,,73342,16,,,0,30,,73358,16,,,0,70,,73341,16,,,0,30,,73340,16,,,0,70,,73361,16,,,0,30,,73338,16,,,0,70,,73369,16,,,0,30,,73367,16,,,0,70,,73366,16,,,0,30,,73365,16,,,0,70,,73364,16,,,0,30,,73363,16,,,0,70,,73370,16,,,0,30,,73362,16,,,0,70,,73360,16,,,0,30,,73348,16,,,0,70,,73352,16,,,0,31,,73345,16,,,0,70,,73357,16,,,0,29,,73339,16,,,0,70,,73343,16,,,0,30,,73359,16,,,0,70,,73347,16,,,0,30,,73346,16,,,0,70,,73368,16,,,0,30,,73350,16,,,0,89,,73351,16,,,0,85,,73344,16,,,0,99,,73349,16,,,0
666700,'1_merged_15291795',549,,76320,14,,,0,60,,76358,14,,,0,19,,76292,14,,,0,22,,76293,14,,,0,59,,76294,14,,,0,16,,76295,14,,,0,13,,76296,14,,,0,12,,76297,14,,,0,53,,76298,14,,,0,15,,76362,14,,,0,14,,76363,14,,,0,17,,76299,14,,,0,56,,76300,14,,,0,17,,76301,14,,,0,14,,76302,14,,,0,16,,76303,14,,,0,55,,76304,14,,,0,14,,76305,14,,,0,15,,76361,14,,,0,16,,76321,14,,,0,55,,76322,14,,,0,15,,76357,14,,,0,15,,76306,14,,,0,15,,76307,14,,,0,54,,76308,14,,,0,15,,76309,14,,,0,14,,76310,14,,,0,15,,76311,14,,,0,55,,76312,14,,,0,15,,76360,14,,,0,15,,76323,14,,,0,16,,76324,14,,,0,56,,76356,14,,,0,15,,76313,14,,,0,16,,76314,14,,,0,17,,76315,14,,,0,55,,76316,14,,,0,17,,76317,14,,,0,16,,76318,14,,,0,16,,76319,14,,,0,54,,76359,14,,,0,16,,76325,14,,,0,13,,76326,14,,,0,17,,76355,14,,,0,54,,76327,14,,,0,12,,76328,14,,,0,19,,76329,14,,,0,15,,76330,14,,,0,57,,76331,14,,,0,17,,76332,14,,,0,6,,76333,14,,,0,13,,76334,14,,,0,55,,76354,14,,,0,14,,76350,14,,,0,15,,76351,14,,,0,15,,76352,14,,,0,53,,76344,14,,,0,17,,76345,14,,,0,15,,76346,14,,,0,14,,76347,14,,,0,55,,76348,14,,,0,15,,76349,14,,,0,15,,76353,14,,,0,15,,76335,14,,,0,67,,76336,14,,,0,30,,76337,14,,,0,70,,76338,14,,,0,30,,76339,14,,,0,70,,76340,14,,,0,30,,76341,14,,,0,70,,76342,14,,,0,31,,76343,14,,,0
666700,'2_merged_15291797',650,,76373,14,,,0,68,,76374,14,,,0,20,,76375,14,,,0,63,,76376,14,,,0,24,,76377,14,,,0,15,,76378,14,,,0,16,,76379,14,,,0,55,,76380,14,,,0,15,,76381,14,,,0,15,,76382,14,,,0,14,,76383,14,,,0,56,,76384,14,,,0,14,,76385,14,,,0,14,,76386,14,,,0,14,,76387,14,,,0,60,,76388,14,,,0,15,,76389,14,,,0,14,,76390,14,,,0,15,,76391,14,,,0,54,,76392,14,,,0,15,,76393,14,,,0,15,,76394,14,,,0,16,,76395,14,,,0,55,,76396,14,,,0,17,,76397,14,,,0,15,,76398,14,,,0,15,,76399,14,,,0,55,,76400,14,,,0,15,,76401,14,,,0,15,,76402,14,,,0,15,,76403,14,,,0,54,,76404,14,,,0,15,,76405,14,,,0,15,,76406,14,,,0,15,,76407,14,,,0,56,,76408,14,,,0,15,,76372,14,,,0,14,,76409,14,,,0,14,,76410,14,,,0,53,,76411,14,,,0,16,,76412,14,,,0,17,,76413,14,,,0,15,,76414,14,,,0,55,,76415,14,,,0,15,,76416,14,,,0,15,,76419,14,,,0,14,,76371,14,,,0,54,,76420,14,,,0,15,,76421,14,,,0,9,,76422,14,,,0,21,,76418,14,,,0,51,,76423,14,,,0,19,,76424,14,,,0,13,,76425,14,,,0,16,,76417,14,,,0,54,,76426,14,,,0,21,,76427,14,,,0,16,,76428,14,,,0,72,,76429,14,,,0,30,,76364,14,,,0,70,,76365,14,,,0,35,,76366,14,,,0,69,,76367,14,,,0,30,,76368,14,,,0,65,,76369,14,,,0,30,,76370,14,,,0
666700,'3_merged_15291796',809,,76430,14,,,0,16,,76432,14,,,0,14,,76433,14,,,0,15,,76434,14,,,0,55,,76442,14,,,0,16,,76435,14,,,0,14,,76436,14,,,0,14,,76438,14,,,0,55,,76439,14,,,0,12,,76443,14,,,0,15,,76444,14,,,0,15,,76445,14,,,0,55,,76446,14,,,0,15,,76447,14,,,0,15,,76448,14,,,0,17,,76449,14,,,0,55,,76450,14,,,0,15,,76451,14,,,0,14,,76452,14,,,0,15,,76453,14,,,0,56,,76454,14,,,0,16,,76455,14,,,0,15,,76456,14,,,0,15,,76457,14,,,0,55,,76458,14,,,0,15,,76459,14,,,0,15,,76460,14,,,0,16,,76461,14,,,0,54,,76462,14,,,0,15,,76463,14,,,0,13,,76464,14,,,0,17,,76465,14,,,0,55,,76466,14,,,0,15,,76467,14,,,0,17,,76468,14,,,0,17,,76469,14,,,0,55,,76470,14,,,0,15,,76471,14,,,0,14,,76472,14,,,0,15,,76473,14,,,0,54,,76474,14,,,0,15,,76475,14,,,0,15,,76476,14,,,0,15,,76437,14,,,0,56,,76477,14,,,0,15,,76478,14,,,0,15,,76441,14,,,0,15,,76479,14,,,0,54,,76480,14,,,0,15,,76481,14,,,0,15,,76440,14,,,0,15,,76431,14,,,0,54,,76482,14,,,0,15,,76483,14,,,0,24,,76484,14,,,0,70,,76485,14,,,0,30,,76486,14,,,0,70,,76487,14,,,0,30,,76488,14,,,0,70,,76489,14,,,0,30,,76490,14,,,0
683800,'1_merged_15291795',2642,,95666,41,,,0,59,,95668,41,,,0,20,,95665,41,,,0,20,,95667,41,,,0,73,,95669,41,,,0,23,,95670,41,,,0,70,,95671,41,,,0,38,,95672,41,,,0
683800,'2_merged_15291797',2648,,95675,41,,,0,55,,95676,41,,,0,16,,95674,41,,,0,30,,95673,41,,,0,70,,95677,41,,,0,30,,95678,41,,,0,70,,95679,41,,,0,20,,95680,41,,,0
683800,'3_merged_15291796',2642,,95681,41,,,0,70,,95682,41,,,0,30,,95683,41,,,0,76,,95684,41,,,0,20,,95685,41,,,0,71,,95686,41,,,0,30,,95687,41,,,0
3780700,'1_merged_15291795',459,,109053,6,,,0,57,,109111,6,,,0,16,,109020,6,,,0,11,,109112,6,,,0,58,,109014,13,,,0,14,,109019,6,,,0,15,,108982,13,,,0,6,,109079,6,,,0,6,,109080,6,,,0,5,,109056,13,,,0,7,,109082,6,,,0,46,,109114,6,,,0,8,,108983,13,,,0,2,,109089,6,,,0,6,,109075,13,,,0,9,,109055,13,,,0,7,,109099,6,,,0,7,,109113,6,,,0,2,,108978,13,,,0,7,,108981,13,,,0,7,,108979,13,,,0,46,,109068,13,,,0,9,,109044,13,,,0,7,,109067,13,,,0,8,,109064,13,,,0,8,,109087,13,,,0,7,,109027,13,,,0,6,,109081,13,,,0,57,,109065,13,,,0,15,,109026,13,,,0,9,,109028,13,,,0,6,,109060,13,,,0,12,,109088,13,,,0,58,,109061,13,,,0,12,,108991,13,,,0,14,,109094,13,,,0,11,,109042,13,,,0,15,,109096,13,,,0,58,,109070,13,,,0,14,,109076,13,,,0,10,,109041,13,,,0,13,,109040,13,,,0,55,,109098,13,,,0,16,,109091,13,,,0,16,,109057,13,,,0,15,,109018,13,,,0,54,,109077,13,,,0,15,,109039,13,,,0,17,,109052,13,,,0,13,,109051,13,,,0,52,,109038,13,,,0,1,,109104,6,,,0,17,,109037,13,,,0,20,,109036,13,,,0,12,,109106,6,,,0,3,,109035,13,,,0,49,,109105,6,,,0,7,,109050,13,,,0,14,,109049,13,,,0,10,,109034,13,,,0,10,,109078,13,,,0,8,,109033,13,,,0,47,,109000,13,,,0,6,,109107,13,,,0,11,,109071,13,,,0,6,,109032,13,,,0,8,,108999,13,,,0,6,,109072,13,,,0,5,,108998,13,,,0,9,,109005,13,,,0,5,,109054,13,,,0,46,,109025,13,,,0,5,,108997,13,,,0,6,,109004,13,,,0,7,,108996,13,,,0,7,,109003,13,,,0,7,,109073,13,,,0,5,,109024,13,,,0,7,,108995,13,,,0,7,,109066,13,,,0,47,,109023,13,,,0,6,,109074,13,,,0,3,,108994,13,,,0,11,,109002,13,,,0,7,,108993,13,,,0,6,,109001,13,,,0,12,,108992,13,,,0,9,,109006,13,,,0,48,,109059,13,,,0,17,,109043,13,,,0,11,,109021,13,,,0,14,,109009,13,,,0,55,,109017,13,,,0,18,,108980,13,,,0,16,,109092,13,,,0,13,,109031,13,,,0,53,,109008,13,,,0,15,,109011,13,,,0,15,,109063,13,,,0,13,,109030,13,,,0,15,,109048,13,,,0,58,,109058,13,,,0,12,,109047,13,,,0,13,,108989,13,,,0,15,,109029,13,,,0,55,,109046,13,,,0,13,,108988,13,,,0,14,,109045,13,,,0,15,,109016,13,,,0,55,,109062,13,,,0,15,,108987,13,,,0,14,,108985,13,,,0,20,,108984,13,,,0,60,,108986,13,,,0,19,,109013,13,,,0,64,,109012,13,,,0
3780700,'2_merged_15291797',450,,109204,6,,,0,98,,109123,13,,,0,67,,109135,13,,,0,25,,109205,6,,,0,17,,109121,13,,,0,59,,109118,13,,,0,14,,109140,13,,,0,13,,109141,13,,,0,15,,109142,13,,,0,58,,109143,13,,,0,13,,109206,6,,,0,5,,109144,13,,,0,16,,109145,13,,,0,57,,109146,13,,,0,13,,109147,13,,,0,17,,109148,13,,,0,15,,109149,13,,,0,57,,109150,13,,,0,15,,109151,13,,,0,15,,109152,13,,,0,15,,109153,13,,,0,54,,109154,13,,,0,15,,109155,13,,,0,10,,109208,6,,,0,8,,109156,13,,,0,15,,109126,13,,,0,57,,109190,13,,,0,14,,109191,13,,,0,15,,109192,13,,,0,12,,109193,13,,,0,57,,109194,13,,,0,15,,109195,13,,,0,18,,109196,13,,,0,15,,109133,13,,,0,54,,109132,13,,,0,15,,109165,13,,,0,17,,109166,13,,,0,56,,109167,13,,,0,16,,109168,13,,,0,15,,109169,13,,,0,14,,109170,13,,,0,55,,109171,13,,,0,13,,109172,13,,,0,11,,109173,13,,,0,12,,109174,13,,,0,14,,109175,13,,,0,54,,109176,13,,,0,10,,109177,13,,,0,9,,109178,13,,,0,12,,109179,13,,,0,11,,109180,13,,,0,53,,109181,13,,,0,11,,109182,13,,,0,11,,109183,13,,,0,12,,109184,13,,,0,10,,109185,13,,,0,11,,109186,13,,,0,52,,109187,13,,,0,12,,109188,13,,,0,12,,109189,13,,,0,11,,109138,13,,,0,12,,109139,13,,,0,50,,109137,13,,,0,12,,109119,13,,,0,12,,109120,13,,,0,12,,109197,13,,,0,12,,109198,13,,,0,52,,109199,13,,,0,12,,109200,13,,,0,11,,109201,13,,,0,13,,109202,13,,,0,12,,109203,13,,,0,55,,109157,13,,,0,12,,109158,13,,,0,11,,109159,13,,,0,12,,109160,13,,,0,12,,109161,13,,,0,50,,109162,13,,,0,15,,109163,13,,,0,14,,109164,13,,,0,16,,109122,13,,,0,55,,109117,13,,,0,15,,109125,13,,,0,13,,109131,13,,,0,15,,109136,13,,,0,56,,109128,13,,,0,15,,109124,13,,,0,13,,109130,13,,,0,14,,109134,13,,,0,55,,109127,13,,,0,17,,109129,13,,,0
3780700,'3_merged_15291796',452,,109289,6,,,0,92,,109226,13,,,0,72,,109285,13,,,0,23,,109290,6,,,0,17,,109223,13,,,0,55,,109219,13,,,0,13,,109293,6,,,0,6,,109276,13,,,0,15,,109281,13,,,0,55,,109255,13,,,0,15,,109274,13,,,0,16,,109279,13,,,0,15,,109277,13,,,0,56,,109275,13,,,0,15,,109220,13,,,0,16,,109217,13,,,0,15,,109249,13,,,0,57,,109248,13,,,0,15,,109247,13,,,0,15,,109239,13,,,0,15,,109246,13,,,0,58,,109245,13,,,0,14,,109244,13,,,0,11,,109294,6,,,0,5,,109243,13,,,0,15,,109242,13,,,0,57,,109241,13,,,0,15,,109240,13,,,0,17,,109266,13,,,0,15,,109265,13,,,0,54,,109264,13,,,0,14,,109263,13,,,0,16,,109262,13,,,0,14,,109259,13,,,0,54,,109258,13,,,0,15,,109257,13,,,0,15,,109256,13,,,0,15,,109225,13,,,0,56,,109238,13,,,0,15,,109237,13,,,0,16,,109236,13,,,0,13,,109283,13,,,0,55,,109271,13,,,0,14,,109270,13,,,0,12,,109269,13,,,0,11,,109235,13,,,0,12,,109268,13,,,0,52,,109267,13,,,0,13,,109224,13,,,0,13,,109213,13,,,0,12,,109234,13,,,0,52,,109212,13,,,0,12,,109211,13,,,0,11,,109210,13,,,0,9,,109209,13,,,0,12,,109233,13,,,0,12,,109291,13,,,0,55,,109288,13,,,0,23,,109292,13,,,0,15,,109260,13,,,0,54,,109232,13,,,0,15,,109287,13,,,0,13,,109221,13,,,0,15,,109222,13,,,0,56,,109231,13,,,0,15,,109280,13,,,0,14,,109216,13,,,0,15,,109273,13,,,0,55,,109254,13,,,0,15,,109230,13,,,0,15,,109215,13,,,0,15,,109284,13,,,0,55,,109272,13,,,0,15,,109229,13,,,0,13,,109218,13,,,0,15,,109214,13,,,0,15,,109282,13,,,0,55,,109228,13,,,0,14,,109253,13,,,0,15,,109286,13,,,0,15,,109250,13,,,0,55,,109227,13,,,0,14,,109252,13,,,0,20,,109278,13,,,0,60,,109251,13,,,0
