668000,'101_merged_15291802',1541,,78729,2,,,0
668000,'1_merged_15291795',632,,78745,2,,,0,100,,78734,2,,,0,100,,78744,2,,,0,71,,78758,2,,,0,20,,78764,2,,,0,18,,78768,2,,,0,12,,78746,2,,,0,57,,78769,2,,,0,14,,78747,2,,,0,16,,78766,2,,,0,16,,78763,2,,,0,54,,78770,2,,,0,17,,78748,2,,,0,14,,78771,2,,,0,14,,78749,2,,,0,56,,78772,2,,,0,15,,78750,2,,,0,16,,78773,2,,,0,14,,78751,2,,,0,54,,78774,2,,,0,11,,78752,2,,,0,17,,78775,2,,,0,14,,78753,2,,,0,57,,78776,2,,,0,11,,78754,2,,,0,16,,78777,2,,,0,15,,78755,2,,,0,53,,78765,2,,,0,17,,78759,2,,,0,33,,78760,2,,,0,57,,78767,2,,,0,12,,78761,2,,,0,19,,78756,2,,,0,12,,78730,2,,,0,58,,78743,2,,,0,10,,78731,2,,,0,19,,78757,2,,,0,14,,78732,2,,,0,56,,78737,2,,,0,14,,78733,2,,,0,16,,78738,2,,,0,60,,78742,2,,,0,30,,78778,2,,,0,73,,78740,2,,,0,30,,78779,2,,,0,70,,78735,2,,,0,30,,78780,2,,,0,72,,78736,2,,,0,100,,78741,2,,,0,100,,78739,2,,,0
668000,'2_merged_15291797',632,,78827,2,,,0,72,,78784,2,,,0,31,,78783,2,,,0,70,,78809,2,,,0,30,,78828,2,,,0,65,,78787,2,,,0,16,,78808,2,,,0,16,,78826,2,,,0,16,,78807,2,,,0,54,,78786,2,,,0,15,,78806,2,,,0,15,,78782,2,,,0,15,,78805,2,,,0,55,,78818,2,,,0,15,,78804,2,,,0,15,,78824,2,,,0,15,,78803,2,,,0,55,,78817,2,,,0,15,,78802,2,,,0,15,,78788,2,,,0,15,,78801,2,,,0,56,,78822,2,,,0,15,,78800,2,,,0,15,,78815,2,,,0,15,,78799,2,,,0,55,,78820,2,,,0,15,,78798,2,,,0,15,,78816,2,,,0,15,,78797,2,,,0,55,,78819,2,,,0,16,,78796,2,,,0,15,,78790,2,,,0,15,,78795,2,,,0,55,,78829,2,,,0,15,,78811,2,,,0,15,,78814,2,,,0,15,,78794,2,,,0,55,,78825,2,,,0,15,,78793,2,,,0,15,,78785,2,,,0,15,,78792,2,,,0,55,,78812,2,,,0,15,,78791,2,,,0,15,,78789,2,,,0,68,,78813,2,,,0,29,,78831,2,,,0,72,,78821,2,,,0,30,,78832,2,,,0,71,,78781,2,,,0,31,,78833,2,,,0,70,,78830,2,,,0,100,,78810,2,,,0,98,,78823,2,,,0
668000,'3_merged_15291796',733,,78880,2,,,0,25,,78867,2,,,0,76,,78851,2,,,0,70,,78856,2,,,0,15,,78843,2,,,0,15,,78850,2,,,0,15,,78848,2,,,0,55,,78858,2,,,0,15,,78847,2,,,0,13,,78859,2,,,0,17,,78846,2,,,0,56,,78866,2,,,0,15,,78845,2,,,0,15,,78855,2,,,0,15,,78844,2,,,0,55,,78839,2,,,0,15,,78849,2,,,0,15,,78861,2,,,0,15,,78837,2,,,0,55,,78870,2,,,0,19,,78836,2,,,0,13,,78862,2,,,0,15,,78835,2,,,0,55,,78868,2,,,0,15,,78834,2,,,0,15,,78841,2,,,0,14,,78879,2,,,0,56,,78840,2,,,0,13,,78878,2,,,0,17,,78863,2,,,0,15,,78877,2,,,0,56,,78857,2,,,0,14,,78876,2,,,0,15,,78838,2,,,0,15,,78875,2,,,0,55,,78871,2,,,0,15,,78874,2,,,0,15,,78864,2,,,0,15,,78873,2,,,0,52,,78854,2,,,0,14,,78872,2,,,0,15,,78852,2,,,0,70,,78853,2,,,0,30,,78881,2,,,0,71,,78869,2,,,0,30,,78882,2,,,0,72,,78865,2,,,0,30,,78883,2,,,0,69,,78860,2,,,0,99,,78842,2,,,0
683701,'1_merged_15291795',2502,,95648,2,,,0,103,,95649,24,,,0
683701,'2_merged_15291797',553,,95652,24,,,0,1951,,95650,2,,,0,107,,95651,24,,,0
683701,'3_merged_15291796',618,,95659,24,,,0,39,,95660,24,,,0,71,,95661,24,,,0,72,,95662,24,,,0,1531,,95655,2,,,0,71,,95654,2,,,0,41,,95657,24,,,0,72,,95656,24,,,0,108,,95658,24,,,0,29,,95664,24,,,0
3679900,'101_merged_15291802',1602,,108761,2,,,0
3679900,'1_merged_15291795',526,,108805,2,,,0,31,,108804,2,,,0,62,,108803,2,,,0,12,,108802,2,,,0,16,,108801,2,,,0,54,,108800,2,,,0,15,,108799,2,,,0,14,,108798,2,,,0,15,,108797,2,,,0,14,,108796,2,,,0,55,,108808,2,,,0,15,,108795,2,,,0,22,,108794,2,,,0,78,,108793,2,,,0,23,,108792,2,,,0,55,,108791,2,,,0,34,,108790,2,,,0,69,,108789,2,,,0,26,,108788,2,,,0,70,,108787,2,,,0,30,,108786,2,,,0,69,,108785,2,,,0,30,,108784,2,,,0,69,,108783,2,,,0,29,,108782,2,,,0,16,,108806,2,,,0,55,,108781,2,,,0,28,,108807,2,,,0,11,,108780,2,,,0,73,,108779,2,,,0,16,,108778,2,,,0,20,,108777,2,,,0,51,,108776,2,,,0,19,,108775,2,,,0,14,,108774,2,,,0,17,,108773,2,,,0,53,,108772,2,,,0,15,,108771,2,,,0,16,,108770,2,,,0,70,,108769,2,,,0,97,,108768,2,,,0,101,,108767,2,,,0,101,,108766,2,,,0,100,,108765,2,,,0,98,,108764,2,,,0,99,,108763,2,,,0,46,,108762,2,,,0
3679900,'2_merged_15291797',559,,108842,2,,,0,73,,108841,2,,,0,70,,108840,2,,,0,30,,108839,2,,,0,70,,108838,2,,,0,30,,108837,2,,,0,71,,108836,2,,,0,29,,108835,2,,,0,70,,108834,2,,,0,30,,108833,2,,,0,70,,108832,2,,,0,30,,108831,2,,,0,69,,108830,2,,,0,32,,108829,2,,,0,69,,108828,2,,,0,29,,108827,2,,,0,71,,108826,2,,,0,31,,108825,2,,,0,68,,108824,2,,,0,31,,108823,2,,,0,69,,108822,2,,,0,30,,108821,2,,,0,71,,108820,2,,,0,29,,108819,2,,,0,72,,108818,2,,,0,29,,108817,2,,,0,69,,108816,2,,,0,100,,108815,2,,,0,101,,108814,2,,,0,101,,108813,2,,,0,99,,108812,2,,,0,100,,108811,2,,,0,100,,108810,2,,,0,47,,108809,2,,,0
3679900,'3_merged_15291796',702,,108870,2,,,0,101,,108869,2,,,0,101,,108868,2,,,0,30,,108867,2,,,0,69,,108866,2,,,0,29,,108865,2,,,0,69,,108864,2,,,0,31,,108863,2,,,0,73,,108862,2,,,0,27,,108861,2,,,0,73,,108860,2,,,0,28,,108859,2,,,0,70,,108858,2,,,0,29,,108857,2,,,0,74,,108856,2,,,0,27,,108855,2,,,0,69,,108854,2,,,0,34,,108853,2,,,0,68,,108852,2,,,0,30,,108850,2,,,0,70,,108851,2,,,0,29,,108849,2,,,0,70,,108848,2,,,0,100,,108847,2,,,0,100,,108846,2,,,0,100,,108845,2,,,0,101,,108844,2,,,0,100,,108843,2,,,0
