674100,'101_merged_15288070',1531,,89946,37,,,0
674100,'1_merged_15288063',438,,89947,37,,,0,70,,89948,37,,,0,27,,89949,37,,,0,17,,89950,37,,,0,55,,89951,37,,,0,19,,89952,37,,,0,9,,89954,20,,,0,9,,89955,20,,,0,11,,89957,20,,,0,62,,89959,34,,,0,21,,89961,20,,,0,11,,89962,34,,,0,66,,89964,37,,,0,14,,89965,37,,,0,15,,89966,34,,,0,13,,89967,37,,,0,55,,89968,37,,,0,13,,89969,20,,,0,15,,89970,37,,,0,16,,89971,37,,,0,55,,89972,37,,,0,19,,89973,37,,,0,70,,89974,37,,,0,28,,89975,37,,,0,20,,90016,37,,,0,60,,89976,37,,,0,21,,89977,37,,,0,20,,90014,37,,,0,60,,89978,37,,,0,20,,90013,37,,,0,19,,89979,37,,,0,61,,90015,37,,,0,20,,89980,37,,,0,18,,89981,37,,,0,12,,89982,37,,,0,54,,89983,37,,,0,13,,89984,37,,,0,17,,89985,37,,,0,15,,89986,37,,,0,55,,89987,37,,,0,15,,89988,37,,,0,15,,89989,37,,,0,15,,89990,37,,,0,55,,89991,37,,,0,15,,89992,37,,,0,15,,89993,37,,,0,15,,89994,34,,,0,55,,89995,37,,,0,16,,89996,37,,,0,21,,89997,34,,,0,61,,89998,37,,,0,19,,89999,37,,,0,19,,90000,37,,,0,59,,90001,37,,,0,20,,90002,37,,,0,20,,90003,37,,,0,60,,90004,37,,,0,27,,90005,37,,,0,70,,90006,37,,,0,30,,90007,37,,,0,70,,90008,37,,,0,30,,90009,37,,,0,100,,90010,37,,,0,92,,90011,37,,,0
674100,'2_merged_15288065',441,,90062,37,,,0,104,,90061,37,,,0,105,,90060,37,,,0,70,,90059,37,,,0,22,,90067,37,,,0,62,,90058,37,,,0,22,,90056,37,,,0,20,,90068,37,,,0,62,,90055,37,,,0,21,,90054,37,,,0,20,,90069,37,,,0,61,,90053,37,,,0,20,,90057,37,,,0,22,,90070,37,,,0,62,,90052,37,,,0,21,,90051,37,,,0,20,,90023,37,,,0,60,,90050,37,,,0,20,,90049,37,,,0,20,,90022,37,,,0,60,,90048,37,,,0,20,,90047,37,,,0,20,,90021,37,,,0,60,,90046,37,,,0,20,,90045,37,,,0,20,,90020,37,,,0,62,,90032,37,,,0,20,,90031,37,,,0,20,,90019,37,,,0,57,,90044,37,,,0,16,,90063,37,,,0,15,,90043,37,,,0,55,,90018,37,,,0,15,,90042,37,,,0,15,,90064,37,,,0,15,,90041,37,,,0,55,,90017,37,,,0,15,,90024,37,,,0,15,,90065,37,,,0,15,,90040,37,,,0,60,,90039,37,,,0,20,,90038,37,,,0,20,,90066,37,,,0,60,,90037,37,,,0,20,,90036,37,,,0,32,,90035,37,,,0,68,,90034,37,,,0,30,,90026,37,,,0,70,,90033,37,,,0,30,,90025,37,,,0,77,,90030,37,,,0,97,,90029,37,,,0,108,,90028,37,,,0,163,,90027,37,,,0
674100,'3_merged_15288064',441,,90116,37,,,0,105,,90115,37,,,0,104,,90114,37,,,0,72,,90113,37,,,0,31,,90112,37,,,0,70,,90110,37,,,0,20,,90122,37,,,0,61,,90109,37,,,0,20,,90108,37,,,0,20,,90123,37,,,0,60,,90107,37,,,0,22,,90111,37,,,0,20,,90124,37,,,0,61,,90106,37,,,0,21,,90105,37,,,0,19,,90125,37,,,0,53,,90077,37,,,0,20,,90104,37,,,0,20,,90103,37,,,0,60,,90076,37,,,0,20,,90102,37,,,0,20,,90101,37,,,0,60,,90075,37,,,0,20,,90100,37,,,0,20,,90099,37,,,0,60,,90074,37,,,0,20,,90086,37,,,0,20,,90085,37,,,0,60,,90073,37,,,0,17,,90098,37,,,0,14,,90117,37,,,0,14,,90097,37,,,0,56,,90072,37,,,0,15,,90096,37,,,0,14,,90118,37,,,0,15,,90095,37,,,0,55,,90071,37,,,0,15,,90078,37,,,0,14,,90119,37,,,0,15,,90094,37,,,0,15,,90093,37,,,0,55,,90120,37,,,0,15,,90092,37,,,0,16,,90121,37,,,0,59,,90091,37,,,0,20,,90090,37,,,0,32,,90089,37,,,0,69,,90088,37,,,0,30,,90080,37,,,0,70,,90087,37,,,0,30,,90079,37,,,0,74,,90084,37,,,0,100,,90083,37,,,0,106,,90082,37,,,0,123,,90081,37,,,0
682200,'1_merged_15288063',620,,94757,5,,,0,20,,94734,5,,,0,8,,94729,5,,,0,52,,94746,5,,,0,20,,94758,5,,,0,21,,94735,5,,,0,59,,94747,5,,,0,21,,94759,5,,,0,23,,94736,5,,,0,66,,94748,5,,,0,29,,94737,5,,,0,69,,94753,5,,,0,30,,94738,5,,,0,66,,94754,5,,,0,24,,94739,5,,,0,31,,94749,5,,,0,70,,94740,5,,,0,75,,94750,5,,,0,31,,94741,5,,,0,75,,94751,5,,,0,19,,94770,5,,,0,20,,94742,5,,,0,60,,94752,5,,,0,5,,94769,5,,,0,21,,94760,5,,,0,20,,94743,5,,,0,60,,94733,5,,,0,20,,94761,5,,,0,21,,94755,5,,,0,3,,94730,5,,,0,61,,94732,5,,,0,18,,94762,5,,,0,18,,94744,5,,,0,60,,94756,5,,,0,19,,94763,5,,,0,20,,94745,5,,,0,62,,94764,5,,,0,22,,94765,5,,,0,70,,94766,5,,,0,40,,94767,5,,,0,76,,94768,5,,,0
682200,'2_merged_15288065',726,,94782,5,,,0,33,,94783,5,,,0,61,,94799,5,,,0,10,,94774,5,,,0,70,,94784,5,,,0,30,,94775,5,,,0,70,,94785,5,,,0,30,,94776,5,,,0,70,,94786,5,,,0,30,,94777,5,,,0,70,,94787,5,,,0,30,,94778,5,,,0,71,,94788,5,,,0,30,,94781,5,,,0,70,,94789,5,,,0,21,,94800,5,,,0,12,,94779,5,,,0,69,,94790,5,,,0,31,,94780,5,,,0,72,,94791,5,,,0,14,,94801,5,,,0,15,,94771,5,,,0,72,,94792,5,,,0,31,,94772,5,,,0,72,,94793,5,,,0,29,,94773,5,,,0,67,,94794,5,,,0,30,,94795,5,,,0,67,,94796,5,,,0,27,,94797,5,,,0,71,,94798,5,,,0,100,,94802,5,,,0
682200,'3_merged_15288064',752,,94814,5,,,0,71,,94830,5,,,0,6,,94803,5,,,0,30,,94815,5,,,0,70,,94808,5,,,0,30,,94816,5,,,0,70,,94809,5,,,0,30,,94817,5,,,0,70,,94810,5,,,0,30,,94818,5,,,0,70,,94811,5,,,0,30,,94819,5,,,0,70,,94812,5,,,0,30,,94820,5,,,0,61,,94831,5,,,0,10,,94813,5,,,0,70,,94821,5,,,0,30,,94804,5,,,0,71,,94822,5,,,0,8,,94832,5,,,0,24,,94805,5,,,0,70,,94823,5,,,0,31,,94806,5,,,0,68,,94824,5,,,0,28,,94807,5,,,0,71,,94825,5,,,0,29,,94826,5,,,0,29,,94827,5,,,0,70,,94828,5,,,0,71,,94829,5,,,0,100,,94833,5,,,0
682300,'1_merged_15288063',758,,94944,8,,,0,70,,94956,8,,,0,30,,94938,8,,,0,69,,94957,8,,,0,29,,94958,8,,,0,70,,94939,8,,,0,31,,94940,8,,,0,70,,94941,8,,,0,29,,94942,8,,,0,70,,94945,8,,,0,31,,94946,8,,,0,70,,94947,8,,,0,25,,94950,8,,,0,71,,94951,8,,,0,85,,94952,8,,,0,25,,94953,8,,,0,24,,94948,8,,,0,70,,94943,8,,,0,30,,94959,8,,,0,70,,94960,8,,,0,29,,94954,8,,,0,70,,94949,8,,,0,30,,94955,8,,,0
682300,'2_merged_15288065',856,,94967,8,,,0,71,,94966,8,,,0,31,,94965,8,,,0,69,,94964,8,,,0,30,,94963,8,,,0,70,,94962,8,,,0,30,,94961,8,,,0,70,,94981,8,,,0,30,,94980,8,,,0,70,,94979,8,,,0,31,,94978,8,,,0,69,,94977,8,,,0,30,,94976,8,,,0,70,,94975,8,,,0,30,,94974,8,,,0,71,,94973,8,,,0,30,,94972,8,,,0,70,,94971,8,,,0,30,,94970,8,,,0,70,,94969,8,,,0,28,,94968,8,,,0
682300,'3_merged_15288064',857,,94995,8,,,0,80,,94996,8,,,0,79,,94997,8,,,0,40,,94982,8,,,0,80,,94983,8,,,0,81,,94984,8,,,0,40,,94985,8,,,0,80,,94986,8,,,0,79,,94987,8,,,0,40,,94988,8,,,0,80,,94989,8,,,0,80,,94990,8,,,0,39,,94991,8,,,0,80,,94992,8,,,0,80,,94993,8,,,0,40,,94994,8,,,0
682501,'1_merged_15288063',851,,95126,12,,,0,100,,95128,12,,,0,100,,95130,12,,,0,100,,95132,12,,,0,100,,95134,12,,,0,100,,95116,12,,,0,100,,95118,12,,,0,100,,95120,12,,,0,100,,95136,12,,,0,101,,95137,12,,,0,100,,95124,12,,,0
682501,'2_merged_15288065',957,,95154,12,,,0,99,,95152,12,,,0,100,,95150,12,,,0,101,,95156,12,,,0,100,,95147,12,,,0,99,,95145,12,,,0,100,,95143,12,,,0,100,,95142,12,,,0,100,,95140,12,,,0,100,,95158,12,,,0
1169600,'1_merged_15288063',603,,97635,38,,,0,28,,97636,38,,,0,70,,97637,38,,,0,33,,97638,38,,,0,72,,97639,38,,,0,30,,97640,38,,,0,71,,97641,38,,,0,30,,97642,38,,,0,67,,97661,38,,,0,33,,97643,38,,,0,70,,97662,38,,,0,30,,97644,38,,,0,70,,97663,38,,,0,30,,97645,38,,,0,70,,97664,38,,,0,30,,97646,38,,,0,70,,97665,38,,,0,30,,97647,38,,,0,70,,97666,38,,,0,32,,97648,38,,,0,70,,97667,38,,,0,30,,97649,38,,,0,68,,97650,38,,,0,27,,97651,38,,,0,70,,97652,38,,,0,30,,97653,38,,,0,70,,97654,38,,,0,30,,97655,38,,,0,70,,97668,38,,,0,20,,97656,38,,,0,78,,97669,38,,,0,30,,97657,38,,,0,70,,97670,38,,,0,30,,97658,38,,,0,70,,97671,38,,,0,30,,97659,38,,,0,70,,97672,38,,,0,30,,97660,38,,,0
1169600,'2_merged_15288065',724,,97673,38,,,0,29,,97700,38,,,0,70,,97674,38,,,0,36,,97675,38,,,0,67,,97676,38,,,0,30,,97699,38,,,0,71,,97677,38,,,0,30,,97678,38,,,0,70,,97679,38,,,0,31,,97680,38,,,0,70,,97681,38,,,0,30,,97682,38,,,0,70,,97683,38,,,0,30,,97684,38,,,0,70,,97685,38,,,0,29,,97686,38,,,0,72,,97687,38,,,0,71,,97688,38,,,0,29,,97689,38,,,0,29,,97690,38,,,0,68,,97691,38,,,0,29,,97692,38,,,0,70,,97693,38,,,0,30,,97694,38,,,0,70,,97701,38,,,0,30,,97695,38,,,0,68,,97696,38,,,0,30,,97702,38,,,0,70,,97697,38,,,0,30,,97703,38,,,0,70,,97698,38,,,0
1169600,'3_merged_15288064',757,,97727,38,,,0,70,,97704,38,,,0,32,,97705,38,,,0,70,,97728,38,,,0,29,,97706,38,,,0,72,,97707,38,,,0,25,,97708,38,,,0,70,,97709,38,,,0,31,,97710,38,,,0,70,,97711,38,,,0,30,,97712,38,,,0,70,,97713,38,,,0,30,,97714,38,,,0,70,,97715,38,,,0,30,,97716,38,,,0,70,,97717,38,,,0,30,,97718,38,,,0,70,,97719,38,,,0,29,,97720,38,,,0,70,,97721,38,,,0,29,,97722,38,,,0,70,,97723,38,,,0,30,,97729,38,,,0,70,,97724,38,,,0,30,,97730,38,,,0,70,,97725,38,,,0,30,,97731,38,,,0,70,,97726,38,,,0
