667200,'1_merged_15291795',605,,76951,12,,,0,7,,76956,12,,,0,14,,76929,12,,,0,15,,76950,12,,,0,18,,76936,12,,,0,58,,76972,12,,,0,16,,76959,12,,,0,15,,76960,12,,,0,10,,76975,12,0,11 12,0,52,,76971,12,,,0,12,,76949,12,,,0,13,,76930,12,,,0,19,,76937,12,,,0,55,,76952,12,,,0,25,,76934,12,,,0,71,,76939,12,,,0,30,,76935,12,,,0,68,,76967,12,,,0,30,,76941,12,,,0,71,,76963,12,,,0,29,,76973,12,,,0,69,,76970,12,,,0,30,,76942,12,,,0,27,,76964,12,,,0,69,,76948,12,,,0,30,,76947,12,,,0,70,,76931,12,,,0,26,,76966,12,,,0,5,,76944,12,,,0,55,,76961,12,,,0,14,,76974,12,,,0,18,,76957,12,,,0,58,,76933,12,,,0,23,,76940,12,,,0,12,,76943,12,,,0,20,,76955,12,,,0,44,,76958,12,,,0,22,,76953,12,,,0,4,,76965,12,0,11 12,0,14,,76969,12,,,0,11,,76938,12,,,0,57,,76932,12,,,0,12,,76968,12,,,0,17,,76962,12,,,0,71,,76954,12,,,0
667200,'2_merged_15291797',705,,76997,12,,,0,30,,76983,12,,,0,70,,76995,12,,,0,30,,76981,12,,,0,70,,76993,12,,,0,30,,76989,12,,,0,70,,76986,12,,,0,29,,76990,12,,,0,70,,76976,12,,,0,30,,76998,12,,,0,71,,76999,12,,,0,30,,77000,12,,,0,68,,77001,12,,,0,30,,77002,12,,,0,69,,77003,12,,,0,19,,76979,12,,,0,20,,76996,12,,,0,61,,76978,12,,,0,19,,77004,12,,,0,21,,77005,12,,,0,61,,77006,12,,,0,21,,77007,12,,,0,20,,76980,12,,,0,60,,76977,12,,,0,20,,76982,12,,,0,21,,76991,12,,,0,59,,77010,12,,,0,20,,76987,12,,,0,18,,77009,12,,,0,70,,76992,12,,,0,30,,76988,12,,,0,74,,77008,12,,,0
667200,'3_merged_15291796',736,,77023,12,,,0,70,,77016,12,,,0,30,,77014,12,,,0,70,,77019,12,,,0,30,,77018,12,,,0,70,,77033,12,,,0,30,,77022,12,,,0,70,,77021,12,,,0,29,,77030,12,,,0,70,,77028,12,,,0,30,,77027,12,,,0,70,,77020,12,,,0,31,,77025,12,,,0,70,,77011,12,,,0,30,,77017,12,,,0,71,,77036,12,,,0,30,,77035,12,,,0,70,,77026,12,,,0,29,,77024,12,,,0,70,,77013,12,,,0,29,,77032,12,,,0,70,,77015,12,,,0,34,,77031,12,,,0,68,,77012,12,,,0,29,,77034,12,,,0,69,,77037,12,,,0
667300,'101_merged_15291802',1622,,77143,12,,,0,88,,77142,12,,,0
667300,'1_merged_15291795',734,,77146,12,,,0,89,,77186,12,,,0,199,,77167,12,,,0,30,,77159,12,,,0,70,,77158,12,,,0,26,,77157,12,,,0,71,,77156,12,,,0,30,,77155,12,,,0,69,,77176,12,,,0,24,,77154,12,,,0,75,,77153,12,,,0,26,,77152,12,,,0,69,,77171,12,,,0,28,,77162,12,,,0,6,,77170,12,,,0,55,,77166,12,,,0,35,,77161,12,,,0,20,,77160,12,,,0,68,,77165,12,,,0,17,,77179,12,,,0,14,,77164,12,,,0,55,,77150,12,,,0,28,,77163,12,,,0
667300,'2_merged_15291797',1023,,77195,12,,,0,25,,77196,12,,,0,75,,77211,12,,,0,32,,77197,12,,,0,65,,77212,12,,,0,30,,77198,12,,,0,73,,77213,12,,,0,29,,77199,12,,,0,74,,77200,12,,,0,32,,77214,12,,,0,69,,77201,12,,,0,32,,77215,12,,,0,74,,77202,12,,,0,75,,77216,12,,,0,28,,77217,12,,,0,69,,77218,12,,,0
667300,'3_merged_15291796',1022,,77226,12,,,0,31,,77242,12,,,0,69,,77227,12,,,0,31,,77251,12,,,0,68,,77228,12,,,0,33,,77250,12,,,0,69,,77229,12,,,0,32,,77249,12,,,0,72,,77230,12,,,0,30,,77248,12,,,0,71,,77231,12,,,0,72,,77247,12,,,0,29,,77232,12,,,0,30,,77246,12,,,0,70,,77233,12,,,0,71,,77234,12,,,0
667500,'1_merged_15291795',1702,,77581,12,,,0,27,,77582,12,,,0
1671700,'1_merged_15291795',2042,,98135,22,,,0,68,,98134,22,,,0,26,,98133,22,,,0,70,,98132,22,,,0,30,,98131,22,,,0,71,,98130,22,,,0,30,,98129,22,,,0,69,,98128,22,,,0,30,,98126,22,,,0,70,,98127,22,,,0
1671700,'2_merged_15291797',2034,,98144,22,,,0,71,,98143,22,,,0,31,,98142,22,,,0,71,,98141,22,,,0,30,,98140,22,,,0,68,,98136,22,,,0,30,,98139,22,,,0,72,,98138,22,,,0,100,,98137,22,,,0
1671700,'3_merged_15291796',2038,,98152,22,,,0,69,,98151,22,,,0,28,,98150,22,,,0,71,,98149,22,,,0,31,,98148,22,,,0,69,,98147,22,,,0,30,,98146,22,,,0,66,,98145,22,,,0,30,,98154,22,,,0,69,,98153,22,,,0
