669100,'101_merged_15288070',735,,80727,1,,,0
669100,'1_merged_15288063',653,,80729,1,,,0,70,,80730,1,,,0,32,,80731,10,,,0,72,,80732,10,,,0,100,,80733,1,,,0,100,,80734,1,,,0,100,,80735,1,,,0,100,,80736,1,,,0,100,,80737,1,,,0,100,,80738,1,,,0,30,,80739,1,,,0,70,,80740,1,,,0,90,,80741,1,,,0,26,,80742,10,,,0,70,,80743,10,,,0,24,,80744,1,,,0,90,,80745,1,,,0,100,,80746,1,,,0,100,,80747,1,,,0,100,,80748,1,,,0,130,,80749,1,,,0
669100,'2_merged_15288065',727,,80750,1,,,0,100,,80751,1,,,0,100,,80752,1,,,0,100,,80753,1,,,0,100,,80754,1,,,0,100,,80755,1,,,0,100,,80756,1,,,0,100,,80757,1,,,0,100,,80758,1,,,0,100,,80759,1,,,0,100,,80760,1,,,0,100,,80761,1,,,0,100,,80762,1,,,0,100,,80763,1,,,0,100,,80764,1,,,0,130,,80765,1,,,0
669100,'3_merged_15288064',927,,80766,1,,,0,100,,80767,1,,,0,100,,80768,1,,,0,100,,80769,1,,,0,100,,80770,1,,,0,100,,80771,1,,,0,100,,80772,1,,,0,100,,80773,1,,,0,100,,80774,1,,,0,100,,80775,1,,,0,100,,80776,1,,,0,100,,80777,1,,,0,100,,80778,1,,,0,100,,80779,1,,,0
1023200,'1201_merged_15288056',2005,,96837,1,,,0,100,,96838,1,,,0,100,,96839,1,,,0
1023200,'1_merged_15288063',605,,96840,1,,,0,100,,96841,1,,,0,100,,96842,1,,,0,100,,96843,1,,,0,100,,96844,1,,,0,100,,96845,1,,,0,100,,96846,1,,,0,100,,96847,1,,,0,100,,96848,1,,,0,100,,96849,1,,,0,100,,96850,1,,,0,100,,96851,1,,,0,100,,96852,1,,,0,100,,96853,1,,,0
1023200,'2_merged_15288065',705,,96854,1,,,0,100,,96855,1,,,0,100,,96856,1,,,0,100,,96857,1,,,0,100,,96858,1,,,0,100,,96859,1,,,0,100,,96860,1,,,0,100,,96861,1,,,0,100,,96862,1,,,0,100,,96863,1,,,0,100,,96864,1,,,0,100,,96865,1,,,0,100,,96866,1,,,0,100,,96867,1,,,0,100,,96868,1,,,0
1023200,'3_merged_15288064',905,,96869,1,,,0,100,,96870,1,,,0,100,,96871,1,,,0,100,,96872,1,,,0,100,,96873,1,,,0,100,,96874,1,,,0,100,,96875,1,,,0,100,,96876,1,,,0,100,,96877,1,,,0,100,,96878,1,,,0,100,,96879,1,,,0,100,,96880,1,,,0
1023201,'1201_merged_15288056',2059,,96881,15,4,,0,100,,96882,15,4,,0,100,,96883,15,4,,0
1023201,'1_merged_15288063',659,,96884,15,4,,0,100,,96885,15,4,,0,100,,96886,15,4,,0,100,,96887,15,4,,0,100,,96888,15,4,,0,100,,96889,15,4,,0,100,,96890,15,4,,0,100,,96891,15,4,,0,100,,96892,15,4,,0,100,,96893,15,4,,0,100,,96894,15,4,,0,100,,96895,15,4,,0,100,,96896,15,4,,0,100,,96897,15,4,,0
1023201,'2_merged_15288065',759,,96898,15,4,,0,100,,96899,15,4,,0,100,,96900,15,4,,0,100,,96901,15,4,,0,100,,96902,15,4,,0,100,,96903,15,4,,0,100,,96904,15,4,,0,100,,96905,15,4,,0,100,,96906,15,4,,0,100,,96907,15,4,,0,100,,96908,15,4,,0,100,,96909,15,4,,0,100,,96910,15,4,,0,100,,96911,15,4,,0,100,,96912,15,4,,0
1023201,'3_merged_15288064',959,,96913,15,4,,0,100,,96914,15,4,,0,100,,96915,15,4,,0,100,,96916,15,4,,0,100,,96917,15,4,,0,100,,96918,15,4,,0,100,,96919,15,4,,0,100,,96920,15,4,,0,100,,96921,15,4,,0,100,,96922,15,4,,0,100,,96923,15,4,,0,100,,96924,15,4,,0
