670100,'1_merged_15288063',637,,82038,14,4,,0,75,,82051,31,4,,0,23,,82046,31,4,,0,22,,82062,14,4,,0,60,,82042,31,4,,0,23,,82061,14,4,,0,60,,82054,31,4,,0,32,,82043,31,4,,0,72,,82049,31,4,,0,55,,82044,31,4,,0,96,,82050,31,4,,0,99,,82045,31,4,,0,103,,82053,31,4,,0,143,,82047,31,4,,0,101,,82052,31,4,,0,4,,82063,14,4,,0,110,,82048,31,4,,0,27,,82060,31,4,,0,67,,82041,31,4,,0,29,,82040,31,4,,0,70,,82039,14,4,,0,92,,82037,14,4,,0,59,,82059,14,4,,0,100,,82058,14,4,,0,100,,82057,14,4,,0,99,,82056,14,4,,0,100,,82055,14,4,,0
670100,'2_merged_15288065',851,,82076,14,4,,0,104,,82067,31,4,,0,100,,82077,31,4,,0,101,,82079,31,4,,0,102,,82072,31,4,,0,101,,82081,31,4,,0,143,,82082,31,4,,0,99,,82068,31,4,,0,100,,82070,31,4,,0,99,,82065,31,4,,0,119,,82066,14,4,,0,98,,82071,14,4,,0,434,,82073,14,4,,0
670100,'3_merged_15288064',823,,82087,14,4,,0,100,,82100,14,4,,0,100,,82089,14,4,,0,103,,82086,14,4,,0,99,,82091,14,4,,0,100,,82093,14,4,,0,101,,82085,14,4,,0,100,,82090,14,4,,0,99,,82088,14,4,,0,100,,82094,14,4,,0,101,,82092,14,4,,0,99,,82084,14,4,,0,100,,82097,14,4,,0,101,,82099,14,4,,0,99,,82096,14,4,,0,100,,82098,14,4,,0,103,,82095,14,4,,0
670200,'1_merged_15288063',554,,82182,35,4,,0,60,,82201,35,4,,0,20,,82194,35,4,,0,80,,82189,35,4,,0,20,,82197,35,4,,0,20,,82199,35,4,,0,62,,82180,35,4,,0,21,,82196,35,4,,0,20,,82200,35,4,,0,59,,82178,35,4,,0,20,,82177,35,4,,0,68,,82176,35,4,,0,30,,82175,35,4,,0,70,,82174,35,4,,0,30,,82173,35,4,,0,71,,82185,35,4,,0,32,,82184,35,4,,0,70,,82190,35,4,,0,30,,82169,35,4,,0,70,,82171,35,4,,0,31,,82170,35,4,,0,71,,82181,35,4,,0,30,,82188,35,4,,0,70,,82168,35,4,,0,30,,82167,35,4,,0,70,,82195,35,4,,0,30,,82193,35,4,,0,69,,82183,35,4,,0,31,,82191,35,4,,0,68,,82192,35,4,,0,28,,82179,35,4,,0,71,,82187,35,4,,0,103,,82172,35,4,,0,101,,82186,35,4,,0
670200,'2_merged_15288065',632,,82202,35,4,,0,75,,82203,35,4,,0,35,,82204,35,4,,0,76,,82205,35,4,,0,30,,82206,35,4,,0,70,,82207,35,4,,0,30,,82208,35,4,,0,70,,82209,35,4,,0,31,,82210,35,4,,0,71,,82211,35,4,,0,30,,82212,35,4,,0,71,,82213,35,4,,0,30,,82214,35,4,,0,70,,82215,35,4,,0,32,,82216,35,4,,0,70,,82217,35,4,,0,31,,82218,35,4,,0,70,,82219,35,4,,0,30,,82220,35,4,,0,70,,82221,35,4,,0,30,,82222,35,4,,0,70,,82223,35,4,,0,29,,82224,35,4,,0,70,,82225,35,4,,0,30,,82226,35,4,,0,69,,82227,35,4,,0,28,,82228,35,4,,0,70,,82229,35,4,,0,30,,82230,35,4,,0,70,,82231,35,4,,0,28,,82232,35,4,,0,66,,82233,35,4,,0
670200,'3_merged_15288064',844,,82241,35,4,,0,103,,82240,35,4,,0,102,,82236,35,4,,0,104,,82235,35,4,,0,103,,82242,35,4,,0,72,,82250,35,4,,0,30,,82245,35,4,,0,70,,82251,35,4,,0,29,,82234,35,4,,0,70,,82252,35,4,,0,30,,82237,35,4,,0,70,,82253,35,4,,0,30,,82248,35,4,,0,71,,82254,35,4,,0,29,,82238,35,4,,0,70,,82255,35,4,,0,30,,82243,35,4,,0,70,,82256,35,4,,0,30,,82246,35,4,,0,99,,82247,35,4,,0,99,,82244,35,4,,0,193,,82249,35,4,,0
670700,'101_merged_15288070',1554,,84513,31,4,,0
670700,'1_merged_15288063',531,,84547,30,4,,0,15,,84535,31,4,,0,56,,84541,30,4,,0,15,,84542,30,4,,0,18,,84534,31,4,,0,13,,84522,30,4,,0,52,,84543,31,4,,0,13,,84549,31,4,,0,12,,84518,31,4,,0,13,,84529,31,4,,0,14,,84523,30,4,,0,59,,84544,31,4,,0,16,,84517,31,4,,0,15,,84550,31,4,,0,14,,84539,31,4,,0,51,,84515,31,4,,0,15,,84540,31,4,,0,19,,84516,31,4,,0,60,,84554,31,4,,0,20,,84555,31,4,,0,20,,84556,31,4,,0,60,,84557,31,4,,0,20,,84558,31,4,,0,21,,84559,31,4,,0,62,,84560,31,4,,0,21,,84561,31,4,,0,22,,84562,31,4,,0,60,,84563,31,4,,0,20,,84564,31,4,,0,21,,84565,31,4,,0,60,,84566,31,4,,0,20,,84567,31,4,,0,19,,84568,31,4,,0,55,,84569,31,4,,0,17,,84570,31,4,,0,17,,84571,31,4,,0,73,,84551,31,4,,0,16,,84530,31,4,,0,15,,84531,31,4,,0,13,,84527,31,4,,0,52,,84552,31,4,,0,12,,84546,31,4,,0,11,,84521,31,4,,0,11,,84514,31,4,,0,12,,84528,31,4,,0,51,,84553,31,4,,0,12,,84545,31,4,,0,12,,84520,31,4,,0,12,,84536,31,4,,0,15,,84548,31,4,,0,55,,84538,31,4,,0,15,,84519,31,4,,0,31,,84524,31,4,,0,71,,84532,31,4,,0,30,,84525,31,4,,0,71,,84533,31,4,,0,30,,84526,31,4,,0,70,,84537,31,4,,0,99,,84572,31,4,,0,100,,84573,31,4,,0
670700,'2_merged_15288065',552,,84616,30,4,,0,52,,84609,30,4,,0,12,,84589,30,4,,0,17,,84600,30,4,,0,20,,84608,30,4,,0,61,,84588,30,4,,0,20,,84593,31,4,,0,20,,84606,30,4,,0,60,,84587,31,4,,0,21,,84580,31,4,,0,20,,84607,31,4,,0,60,,84586,31,4,,0,27,,84601,31,4,,0,71,,84582,31,4,,0,30,,84579,31,4,,0,71,,84578,31,4,,0,30,,84595,31,4,,0,71,,84594,31,4,,0,28,,84581,31,4,,0,61,,84610,30,4,,0,20,,84576,31,4,,0,21,,84590,31,4,,0,60,,84611,31,4,,0,20,,84575,31,4,,0,21,,84574,31,4,,0,60,,84612,31,4,,0,20,,84597,31,4,,0,20,,84603,31,4,,0,60,,84613,31,4,,0,20,,84604,31,4,,0,20,,84602,31,4,,0,60,,84614,31,4,,0,20,,84591,31,4,,0,20,,84577,31,4,,0,60,,84615,31,4,,0,20,,84599,31,4,,0,25,,84598,31,4,,0,70,,84585,31,4,,0,29,,84592,31,4,,0,69,,84584,31,4,,0,30,,84596,31,4,,0,69,,84583,31,4,,0,34,,84605,31,4,,0,99,,84617,31,4,,0,99,,84618,31,4,,0
670700,'3_merged_15288064',623,,84638,30,4,,0,24,,84639,30,4,,0,63,,84621,30,4,,0,28,,84620,31,4,,0,70,,84619,31,4,,0,31,,84637,31,4,,0,71,,84627,31,4,,0,30,,84636,31,4,,0,70,,84628,31,4,,0,30,,84635,31,4,,0,71,,84626,31,4,,0,30,,84634,31,4,,0,70,,84625,31,4,,0,23,,84640,31,4,,0,20,,84641,31,4,,0,61,,84642,31,4,,0,21,,84643,31,4,,0,20,,84644,31,4,,0,59,,84645,31,4,,0,20,,84646,31,4,,0,21,,84647,31,4,,0,61,,84648,31,4,,0,19,,84649,30,4,,0,21,,84650,31,4,,0,60,,84651,31,4,,0,20,,84652,31,4,,0,20,,84653,31,4,,0,60,,84654,31,4,,0,20,,84655,31,4,,0,20,,84656,31,4,,0,60,,84657,31,4,,0,30,,84633,31,4,,0,69,,84624,31,4,,0,27,,84632,31,4,,0,71,,84623,31,4,,0,30,,84631,31,4,,0,70,,84629,31,4,,0,28,,84630,31,4,,0,70,,84622,31,4,,0,98,,84658,31,4,,0,99,,84659,31,4,,0
670800,'101_merged_15288070',723,,84805,27,4,,0,794,,84806,21,4,,0
670800,'1_merged_15288063',541,,84849,26,4,,0,62,,84845,27,4,,0,16,,84818,27,4,,0,18,,84824,26,4,,0,16,,84847,26,4,,0,83,,84846,27,4,,0,11,,84853,27,4,,0,55,,84848,26,4,,0,15,,84826,27,4,,0,17,,84808,27,4,,0,18,,84825,27,4,,0,58,,84810,27,4,,0,27,,84815,27,4,,0,69,,84816,27,4,,0,30,,84829,27,4,,0,70,,84811,27,4,,0,30,,84830,27,4,,0,71,,84835,27,4,,0,30,,84831,27,4,,0,71,,84817,27,4,,0,30,,84832,27,4,,0,71,,84842,27,4,,0,30,,84833,27,4,,0,71,,84819,26,4,,0,18,,84821,27,4,,0,19,,84827,26,4,,0,60,,84823,27,4,,0,20,,84807,27,4,,0,19,,84822,27,4,,0,60,,84836,27,4,,0,17,,84850,27,4,,0,17,,84837,27,4,,0,18,,84838,27,4,,0,51,,84828,27,4,,0,15,,84851,27,4,,0,15,,84839,27,4,,0,15,,84840,27,4,,0,55,,84852,27,4,,0,15,,84820,27,4,,0,17,,84844,27,4,,0,60,,84854,27,4,,0,20,,84843,27,4,,0,20,,84834,27,4,,0,18,,84855,27,4,,0,60,,84812,27,4,,0,97,,84814,27,4,,0,99,,84841,27,4,,0,103,,84809,27,4,,0
670800,'2_merged_15288065',600,,84890,26,4,,0,16,,84889,26,4,,0,16,,84878,26,4,,0,20,,84891,26,4,,0,60,,84877,27,4,,0,21,,84862,26,4,,0,20,,84892,27,4,,0,60,,84876,27,4,,0,30,,84861,27,4,,0,70,,84875,27,4,,0,30,,84856,27,4,,0,72,,84874,27,4,,0,31,,84882,27,4,,0,70,,84873,27,4,,0,30,,84860,27,4,,0,70,,84872,27,4,,0,30,,84858,27,4,,0,70,,84871,27,4,,0,31,,84857,27,4,,0,70,,84870,27,4,,0,30,,84883,27,4,,0,70,,84869,27,4,,0,30,,84893,27,4,,0,70,,84868,27,4,,0,30,,84886,27,4,,0,70,,84867,26,4,,0,30,,84859,27,4,,0,70,,84866,27,4,,0,30,,84888,27,4,,0,69,,84865,27,4,,0,28,,84887,27,4,,0,68,,84864,27,4,,0,29,,84885,27,4,,0,72,,84863,27,4,,0,32,,84884,27,4,,0,95,,84881,27,4,,0,98,,84880,27,4,,0,100,,84879,27,4,,0
670800,'3_merged_15288064',639,,84894,26,4,,0,20,,84925,26,4,,0,61,,84924,27,4,,0,20,,84923,27,4,,0,70,,84902,27,4,,0,30,,84922,27,4,,0,71,,84912,27,4,,0,32,,84921,27,4,,0,71,,84911,27,4,,0,31,,84920,27,4,,0,70,,84907,27,4,,0,30,,84919,27,4,,0,71,,84906,27,4,,0,23,,84918,26,4,,0,20,,84928,27,4,,0,60,,84905,27,4,,0,20,,84929,26,4,,0,20,,84917,27,4,,0,60,,84904,27,4,,0,19,,84916,27,4,,0,20,,84930,27,4,,0,60,,84908,27,4,,0,20,,84899,27,4,,0,20,,84931,27,4,,0,60,,84903,27,4,,0,20,,84898,27,4,,0,20,,84932,27,4,,0,60,,84909,27,4,,0,19,,84926,27,4,,0,20,,84933,27,4,,0,60,,84915,27,4,,0,20,,84897,27,4,,0,20,,84927,27,4,,0,61,,84910,27,4,,0,29,,84896,27,4,,0,70,,84900,27,4,,0,29,,84895,27,4,,0,71,,84914,27,4,,0,95,,84901,27,4,,0,99,,84913,27,4,,0,97,,84934,27,4,,0
670901,'101_merged_15288070',652,,85116,33,4,,0
670901,'1_merged_15288063',527,,85139,33,4,,0,84,,85141,33,4,,0,20,,85130,33,4,,0,84,,85137,33,4,,0,20,,85142,33,4,,0,80,,85118,33,4,,0,15,,85121,33,4,,0,20,,85143,33,4,,0,60,,85120,33,4,,0,30,,85144,33,4,,0,70,,85119,33,4,,0,99,,85133,33,4,,0,200,,85136,33,4,,0,139,,85135,33,4,,0,74,,85140,33,4,,0,30,,85131,33,4,,0,70,,85123,33,4,,0,25,,85117,33,4,,0,66,,85124,33,4,,0,29,,85125,33,4,,0,70,,85126,33,4,,0,104,,85122,33,4,,0,35,,85138,33,4,,0,103,,85128,33,4,,0,104,,85132,33,4,,0
670901,'2_merged_15288065',1735,,85150,33,4,,0,100,,85158,33,4,,0,296,,85160,33,4,,0
670901,'3_merged_15288064',1151,,85162,33,4,,0,106,,85167,33,4,,0,146,,85168,33,4,,0,100,,85164,33,4,,0,100,,85163,33,4,,0,100,,85165,33,4,,0,98,,85161,33,4,,0,100,,85171,33,4,,0,100,,85166,33,4,,0,54,,85170,33,4,,0,95,,85169,33,4,,0
671000,'1_merged_15288063',1014,,85174,30,4,,0,108,,85172,30,4,,0,103,,85178,30,4,,0,104,,85179,30,4,,0,103,,85180,30,4,,0,102,,85175,30,4,,0,93,,85176,30,4,,0,94,,85177,30,4,,0
673801,'1_merged_15288063',458,,89763,9,4,,0,51,,89726,30,4,,0,10,,89760,30,4,,0,10,,89754,30,4,,0,12,,89733,30,4,,0,13,,89727,30,4,,0,52,,89695,30,4,,0,12,,89744,30,4,,0,12,,89743,30,4,,0,13,,89764,30,4,,0,15,,89718,30,4,,0,53,,89761,30,4,,0,12,,89706,30,4,,0,15,,89700,30,4,,0,16,,89705,30,4,,0,57,,89765,30,4,,0,15,,89697,30,4,,0,13,,89728,30,4,,0,14,,89742,30,4,,0,55,,89696,30,4,,0,14,,89749,30,4,,0,11,,89745,30,4,,0,15,,89736,30,4,,0,55,,89724,30,4,,0,15,,89721,30,4,,0,15,,89735,30,4,,0,15,,89679,30,4,,0,55,,89720,30,4,,0,15,,89750,30,4,,0,15,,89687,30,4,,0,15,,89723,30,4,,0,55,,89689,30,4,,0,15,,89755,30,4,,0,16,,89707,30,4,,0,15,,89722,30,4,,0,56,,89708,30,4,,0,15,,89757,30,4,,0,15,,89759,30,4,,0,15,,89756,30,4,,0,55,,89699,30,4,,0,15,,89694,30,4,,0,18,,89692,30,4,,0,15,,89753,30,4,,0,60,,89691,30,4,,0,15,,89752,30,4,,0,18,,89747,30,4,,0,55,,89751,30,4,,0,17,,89688,30,4,,0,15,,89739,30,4,,0,15,,89711,30,4,,0,9,,89762,30,4,,0,52,,89710,30,4,,0,12,,89703,30,4,,0,12,,89740,30,4,,0,12,,89704,30,4,,0,12,,89693,30,4,,0,52,,89709,30,4,,0,10,,89713,30,4,,0,12,,89719,30,4,,0,7,,89702,30,4,,0,9,,89725,30,4,,0,12,,89746,30,4,,0,49,,89741,30,4,,0,12,,89690,30,4,,0,11,,89767,30,4,,0,11,,89717,30,4,,0,13,,89716,30,4,,0,55,,89766,30,4,,0,15,,89748,30,4,,0,15,,89715,30,4,,0,15,,89712,30,4,,0,55,,89714,30,4,,0,14,,89682,30,4,,0,16,,89698,30,4,,0,13,,89701,30,4,,0,55,,89734,30,4,,0,15,,89681,30,4,,0,20,,89758,30,4,,0,15,,89732,30,4,,0,60,,89686,30,4,,0,20,,89683,30,4,,0,18,,89731,30,4,,0,62,,89685,30,4,,0,22,,89730,30,4,,0,19,,89684,30,4,,0,62,,89680,30,4,,0,20,,89729,30,4,,0,62,,89737,30,4,,0,24,,89738,30,4,,0
673801,'2_merged_15288065',621,,89846,9,4,,0,2,,89844,30,4,,0,14,,89847,9,4,,0,1,,89835,30,4,,0,14,,89848,9,4,,0,1,,89845,30,4,,0,54,,89849,9,4,,0,1,,89836,30,4,,0,14,,89850,9,4,,0,3,,89807,30,4,,0,15,,89808,30,4,,0,16,,89809,30,4,,0,55,,89810,30,4,,0,17,,89811,30,4,,0,15,,89812,30,4,,0,58,,89823,30,4,,0,17,,89813,30,4,,0,16,,89776,30,4,,0,16,,89814,30,4,,0,58,,89787,30,4,,0,16,,89815,30,4,,0,15,,89777,30,4,,0,15,,89838,30,4,,0,55,,89790,30,4,,0,16,,89816,30,4,,0,15,,89785,30,4,,0,19,,89817,30,4,,0,56,,89791,30,4,,0,18,,89818,30,4,,0,16,,89801,30,4,,0,56,,89827,30,4,,0,15,,89792,30,4,,0,15,,89768,30,4,,0,15,,89800,30,4,,0,55,,89769,30,4,,0,15,,89802,30,4,,0,16,,89797,30,4,,0,15,,89822,30,4,,0,56,,89839,30,4,,0,15,,89803,30,4,,0,16,,89796,30,4,,0,15,,89784,30,4,,0,54,,89840,30,4,,0,15,,89824,30,4,,0,15,,89795,30,4,,0,15,,89831,30,4,,0,56,,89841,30,4,,0,15,,89786,30,4,,0,15,,89794,30,4,,0,15,,89832,30,4,,0,55,,89842,30,4,,0,15,,89821,30,4,,0,13,,89793,30,4,,0,15,,89833,30,4,,0,53,,89843,30,4,,0,15,,89788,30,4,,0,12,,89770,30,4,,0,15,,89834,30,4,,0,12,,89771,30,4,,0,54,,89820,30,4,,0,14,,89772,30,4,,0,14,,89789,30,4,,0,14,,89773,30,4,,0,55,,89826,30,4,,0,15,,89774,30,4,,0,15,,89837,30,4,,0,12,,89775,30,4,,0,55,,89830,30,4,,0,14,,89783,30,4,,0,14,,89819,30,4,,0,14,,89780,30,4,,0,52,,89825,30,4,,0,15,,89782,30,4,,0,15,,89828,30,4,,0,15,,89779,30,4,,0,12,,89804,30,4,,0,54,,89781,30,4,,0,14,,89829,30,4,,0,14,,89778,30,4,,0,11,,89805,30,4,,0,70,,89806,30,4,,0,32,,89799,30,4,,0,73,,89798,30,4,,0
673801,'3_merged_15288064',645,,89877,30,4,,0,55,,89878,30,4,,0,15,,89879,30,4,,0,15,,89880,30,4,,0,15,,89881,30,4,,0,56,,89882,30,4,,0,15,,89883,30,4,,0,16,,89884,30,4,,0,15,,89900,30,4,,0,57,,89901,30,4,,0,16,,89869,30,4,,0,16,,89903,30,4,,0,15,,89871,30,4,,0,55,,89904,30,4,,0,16,,89870,30,4,,0,15,,89860,30,4,,0,15,,89905,30,4,,0,55,,89906,30,4,,0,15,,89885,30,4,,0,15,,89872,30,4,,0,15,,89907,30,4,,0,55,,89865,30,4,,0,16,,89890,30,4,,0,15,,89873,30,4,,0,17,,89866,30,4,,0,55,,89867,30,4,,0,16,,89891,30,4,,0,15,,89892,30,4,,0,15,,89868,30,4,,0,55,,89851,30,4,,0,15,,89889,30,4,,0,15,,89886,30,4,,0,15,,89852,30,4,,0,55,,89853,30,4,,0,17,,89896,30,4,,0,15,,89887,30,4,,0,15,,89854,30,4,,0,55,,89856,30,4,,0,15,,89897,30,4,,0,15,,89888,30,4,,0,15,,89857,30,4,,0,52,,89858,30,4,,0,11,,89898,30,4,,0,12,,89909,30,4,,0,12,,89874,30,4,,0,12,,89859,30,4,,0,55,,89910,30,4,,0,15,,89911,30,4,,0,16,,89912,30,4,,0,15,,89913,30,4,,0,57,,89914,30,4,,0,12,,89915,30,4,,0,15,,89916,30,4,,0,14,,89917,30,4,,0,55,,89918,30,4,,0,14,,89919,30,4,,0,15,,89920,30,4,,0,15,,89921,30,4,,0,55,,89875,30,4,,0,14,,89893,30,4,,0,15,,89899,30,4,,0,12,,89876,30,4,,0,55,,89894,30,4,,0,15,,89864,30,4,,0,15,,89902,30,4,,0,12,,89863,30,4,,0,55,,89908,30,4,,0,15,,89862,30,4,,0,15,,89895,30,4,,0,13,,89861,30,4,,0,54,,89855,30,4,,0
2338401,'101_merged_15288070',1626,,100585,22,4,,0,23,,100583,16,4,,0,83,,100584,16,4,,0
2338401,'1_merged_15288063',615,,100610,16,4,,0,13,,100681,16,4,,0,14,,100611,16,4,,0,16,,100587,49,4,,0,49,,100682,16,4,,0,11,,100609,49,4,,0,12,,100683,16,4,,0,8,,100588,49,4,,0,10,,100612,49,4,,0,7,,100691,16,4,,0,49,,100589,49,4,,0,6,,100613,49,4,,0,8,,100684,16,4,,0,6,,100590,49,4,,0,8,,100685,16,4,,0,6,,100614,49,4,,0,5,,100686,16,4,,0,7,,100632,49,4,,0,6,,100591,49,4,,0,47,,100615,49,4,,0,9,,100592,49,4,,0,9,,100616,16,4,,0,9,,100593,49,4,,0,9,,100633,49,4,,0,4,,100617,16,4,,0,13,,100594,49,4,,0,49,,100618,16,4,,0,9,,100595,49,4,,0,9,,100619,16,4,,0,11,,100596,49,4,,0,9,,100620,16,4,,0,10,,100597,49,4,,0,48,,100621,16,4,,0,17,,100598,49,4,,0,15,,100622,16,4,,0,15,,100599,49,4,,0,55,,100623,16,4,,0,15,,100600,49,4,,0,17,,100624,16,4,,0,16,,100601,49,4,,0,54,,100625,16,4,,0,15,,100602,49,4,,0,13,,100626,16,4,,0,17,,100603,49,4,,0,54,,100627,16,4,,0,16,,100604,49,4,,0,19,,100628,16,4,,0,15,,100605,49,4,,0,56,,100629,16,4,,0,15,,100606,49,4,,0,15,,100630,16,4,,0,15,,100607,49,4,,0,45,,100687,16,4,,0,10,,100631,49,4,,0,8,,100608,16,4,,0,18,,100688,49,4,,0,23,,100634,49,4,,0,52,,100635,16,4,,0,12,,100636,49,4,,0,18,,100637,49,4,,0,10,,100638,16,4,,0,51,,100639,49,4,,0,9,,100640,16,4,,0,11,,100641,49,4,,0,11,,100642,49,4,,0,9,,100643,49,4,,0,8,,100677,49,4,,0,50,,100644,49,4,,0,6,,100645,49,4,,0,18,,100646,49,4,,0,7,,100647,49,4,,0,12,,100648,49,4,,0,6,,100649,49,4,,0,9,,100651,49,4,,0,46,,100675,49,4,,0,9,,100650,49,4,,0,18,,100652,49,4,,0,9,,100653,49,4,,0,16,,100676,49,4,,0,50,,100654,49,4,,0,10,,100655,49,4,,0,8,,100656,49,4,,0,10,,100657,49,4,,0,10,,100658,49,4,,0,8,,100659,49,4,,0,50,,100660,49,4,,0,10,,100661,49,4,,0,10,,100662,16,4,,0,10,,100663,49,4,,0,10,,100664,16,4,,0,5,,100665,49,4,,0,8,,100666,16,4,,0,52,,100667,49,4,,0,12,,100689,16,4,,0,16,,100668,49,4,,0,9,,100669,16,4,,0,12,,100690,49,4,,0,52,,100670,16,4,,0,14,,100671,49,4,,0,17,,100672,49,4,,0,18,,100673,49,4,,0,61,,100674,49,4,,0
2338401,'2_merged_15288065',717,,100692,49,4,,0,17,,100693,16,4,,0,15,,100694,49,4,,0,54,,100695,16,4,,0,15,,100696,49,4,,0,14,,100777,16,4,,0,14,,100697,49,4,,0,55,,100698,16,4,,0,17,,100699,49,4,,0,15,,100700,16,4,,0,15,,100701,49,4,,0,55,,100702,16,4,,0,17,,100703,49,4,,0,15,,100704,16,4,,0,16,,100705,49,4,,0,54,,100706,16,4,,0,13,,100707,49,4,,0,14,,100708,16,4,,0,13,,100709,49,4,,0,14,,100710,16,4,,0,52,,100711,49,4,,0,14,,100712,16,4,,0,12,,100713,49,4,,0,12,,100714,16,4,,0,52,,100715,16,4,,0,12,,100716,49,4,,0,12,,100717,16,4,,0,12,,100718,49,4,,0,12,,100719,16,4,,0,52,,100720,49,4,,0,12,,100721,16,4,,0,12,,100722,49,4,,0,12,,100723,16,4,,0,12,,100724,49,4,,0,52,,100725,16,4,,0,12,,100726,49,4,,0,12,,100727,16,4,,0,12,,100728,49,4,,0,12,,100729,16,4,,0,10,,100730,49,4,,0,50,,100758,16,4,,0,10,,100767,49,4,,0,10,,100759,16,4,,0,10,,100768,49,4,,0,10,,100760,16,4,,0,10,,100769,49,4,,0,50,,100761,16,4,,0,10,,100770,49,4,,0,10,,100762,16,4,,0,10,,100771,49,4,,0,10,,100763,16,4,,0,9,,100772,49,4,,0,50,,100764,16,4,,0,10,,100773,49,4,,0,9,,100765,16,4,,0,10,,100775,49,4,,0,8,,100766,16,4,,0,9,,100731,49,4,,0,50,,100732,16,4,,0,10,,100733,49,4,,0,10,,100734,16,4,,0,10,,100774,49,4,,0,10,,100735,16,4,,0,8,,100736,49,4,,0,60,,100737,16,4,,0,8,,100738,49,4,,0,10,,100739,16,4,,0,12,,100740,49,4,,0,12,,100741,49,4,,0,51,,100742,16,4,,0,11,,100743,49,4,,0,12,,100744,16,4,,0,12,,100745,49,4,,0,64,,100746,16,4,,0,12,,100747,16,4,,0,12,,100748,49,4,,0,15,,100749,16,4,,0,14,,100750,49,4,,0,55,,100751,16,4,,0,15,,100752,49,4,,0,16,,100753,16,4,,0,13,,100754,49,4,,0,63,,100755,49,4,,0,85,,100756,49,4,,0
2338401,'3_merged_15288064',657,,100847,16,4,,0,55,,100846,49,4,,0,18,,100810,16,4,,0,17,,100842,49,4,,0,57,,100809,16,4,,0,16,,100815,49,4,,0,15,,100808,16,4,,0,16,,100841,49,4,,0,55,,100807,16,4,,0,15,,100814,49,4,,0,17,,100806,16,4,,0,15,,100840,49,4,,0,55,,100805,16,4,,0,15,,100839,49,4,,0,15,,100804,16,4,,0,15,,100825,49,4,,0,55,,100803,49,4,,0,15,,100838,49,4,,0,16,,100802,16,4,,0,17,,100824,49,4,,0,55,,100801,16,4,,0,17,,100837,49,4,,0,15,,100800,16,4,,0,15,,100823,49,4,,0,56,,100799,16,4,,0,16,,100836,49,4,,0,15,,100798,16,4,,0,55,,100822,49,4,,0,15,,100797,16,4,,0,16,,100835,49,4,,0,16,,100796,16,4,,0,56,,100843,49,4,,0,16,,100795,16,4,,0,16,,100834,49,4,,0,16,,100794,16,4,,0,55,,100821,49,4,,0,16,,100793,16,4,,0,16,,100833,49,4,,0,15,,100792,16,4,,0,55,,100844,49,4,,0,15,,100791,16,4,,0,15,,100832,49,4,,0,15,,100790,16,4,,0,55,,100831,49,4,,0,15,,100789,16,4,,0,15,,100830,49,4,,0,15,,100788,16,4,,0,55,,100829,49,4,,0,13,,100787,16,4,,0,15,,100817,49,4,,0,15,,100786,16,4,,0,55,,100820,49,4,,0,14,,100785,16,4,,0,15,,100828,49,4,,0,15,,100784,16,4,,0,55,,100827,49,4,,0,13,,100783,16,4,,0,15,,100819,49,4,,0,13,,100782,16,4,,0,55,,100813,49,4,,0,15,,100781,16,4,,0,15,,100826,49,4,,0,13,,100780,16,4,,0,15,,100818,49,4,,0,55,,100779,16,4,,0,15,,100812,49,4,,0,12,,100816,49,4,,0,15,,100778,16,4,,0,60,,100811,49,4,,0,93,,100845,49,4,,0
