667700,'101_merged_15524987',1604,,137782,8,,,0
667700,'1101_merged_15524991',2513,,137783,8,,,0
667700,'1201_merged_15524973',2513,,137784,8,,,0
667700,'1_merged_15524980',610,,137822,8,,,0,29,,137795,8,,,0,72,,137803,8,,,0,28,,137810,8,,,0,73,,137820,8,,,0,29,,137806,8,,,0,78,,137790,8,,,0,24,,137828,8,,,0,88,,137789,8,,,0,71,,137797,8,,,0,28,,137804,8,,,0,29,,137802,8,,,0,70,,137801,8,,,0,30,,137811,8,,,0,71,,137788,8,,,0,71,,137826,8,,,0,13,,137791,8,,,0,31,,137792,8,,,0,66,,137785,8,,,0,19,,137816,8,,,0,15,,137796,8,,,0,68,,137799,8,,,0,21,,137807,8,,,0,11,,137800,8,,,0,58,,137817,8,,,0,14,,137812,8,,,0,19,,137823,8,,,0,20,,137827,8,,,0,53,,137813,8,,,0,16,,137824,8,,,0,12,,137821,8,,,0,13,,137814,8,,,0,53,,137794,8,,,0,12,,137815,8,,,0,14,,137809,8,,,0,15,,137829,8,,,0,57,,137805,8,,,0,17,,137787,8,,,0,15,,137825,8,,,0,14,,137786,8,,,0,68,,137818,8,,,0,27,,137808,8,,,0,69,,137798,8,,,0,30,,137831,8,,,0,69,,137819,8,,,0,30,,137830,8,,,0,70,,137793,8,,,0
667700,'201',1604,,137832,8,,,0
667700,'2_merged_15524982',644,,137860,8,,,0,66,,137861,8,,,0,31,,137840,8,,,0,70,,137868,8,,,0,30,,137869,8,,,0,71,,137836,8,,,0,30,,137866,8,,,0,70,,137843,8,,,0,32,,137874,8,,,0,70,,137838,8,,,0,27,,137873,8,,,0,73,,137875,8,,,0,30,,137841,8,,,0,70,,137839,8,,,0,34,,137878,8,,,0,56,,137849,8,,,0,18,,137876,8,,,0,22,,137834,8,,,0,59,,137859,8,,,0,20,,137865,8,,,0,21,,137864,8,,,0,59,,137858,8,,,0,20,,137835,8,,,0,21,,137842,8,,,0,59,,137857,8,,,0,25,,137877,8,,,0,19,,137844,8,,,0,60,,137856,8,,,0,22,,137870,8,,,0,20,,137867,8,,,0,64,,137855,8,,,0,16,,137848,8,,,0,15,,137845,8,,,0,15,,137863,8,,,0,56,,137854,8,,,0,30,,137871,8,,,0,70,,137862,8,,,0,30,,137846,8,,,0,69,,137851,8,,,0,30,,137850,8,,,0,68,,137872,8,,,0,30,,137853,8,,,0,70,,137837,8,,,0,32,,137852,8,,,0,66,,137847,8,,,0,36,,137833,8,,,0
667700,'3_merged_15524981',813,,137896,8,,,0,30,,137890,8,,,0,70,,137899,8,,,0,31,,137889,8,,,0,69,,137897,8,,,0,30,,137888,8,,,0,68,,137898,8,,,0,31,,137879,8,,,0,70,,137900,8,,,0,30,,137887,8,,,0,72,,137883,8,,,0,30,,137895,8,,,0,71,,137902,8,,,0,28,,137894,8,,,0,16,,137916,8,,,0,69,,137903,8,,,0,16,,137893,8,,,0,15,,137915,8,,,0,70,,137906,8,,,0,16,,137892,8,,,0,55,,137914,8,,,0,31,,137904,8,,,0,14,,137891,8,,,0,57,,137913,8,,,0,29,,137901,8,,,0,14,,137886,8,,,0,57,,137912,8,,,0,28,,137881,8,,,0,15,,137885,8,,,0,58,,137911,8,,,0,25,,137880,8,,,0,17,,137884,8,,,0,69,,137882,8,,,0,30,,137910,8,,,0,70,,137907,8,,,0,30,,137909,8,,,0,70,,137905,8,,,0,34,,137908,8,,,0
667800,'1_merged_15524980',537,,138074,8,,,0,15,,138076,8,,,0,73,,138078,8,,,0,21,,138090,8,,,0,55,,138058,8,,,0,13,,138054,8,,,0,15,,138093,8,,,0,13,,138067,8,,,0,16,,138094,8,,,0,73,,138087,8,,,0,27,,138064,8,,,0,72,,138092,8,,,0,70,,138086,8,,,0,27,,138060,8,,,0,31,,138065,8,,,0,69,,138079,8,,,0,31,,138096,8,,,0,70,,138069,8,,,0,29,,138059,8,,,0,69,,138061,8,,,0,30,,138070,8,,,0,73,,138084,8,,,0,71,,138066,8,,,0,18,,138095,8,,,0,22,,138099,8,,,0,19,,138100,8,,,0,54,,138083,8,,,0,17,,138089,8,,,0,16,,138098,8,,,0,57,,138056,8,,,0,12,,138085,8,,,0,18,,138097,8,,,0,11,,138071,8,,,0,61,,138072,8,,,0,10,,138053,8,,,0,10,,138082,8,,,0,10,,138055,8,,,0,10,,138057,8,,,0,60,,138073,8,,,0,14,,138062,8,,,0,30,,138068,8,,,0,70,,138081,8,,,0,30,,138063,8,,,0,78,,138080,8,,,0,30,,138075,8,,,0,96,,138077,8,,,0,100,,138088,8,,,0,100,,138091,8,,,0
667800,'2_merged_15524982',602,,138104,2,,,0,24,,138110,8,,,0,30,,138102,8,,,0,70,,138123,8,,,0,30,,138103,8,,,0,72,,138134,8,,,0,30,,138133,8,,,0,70,,138125,8,,,0,31,,138135,8,,,0,69,,138131,8,,,0,30,,138107,8,,,0,70,,138105,8,,,0,28,,138101,8,,,0,73,,138106,8,,,0,29,,138108,8,,,0,70,,138136,8,,,0,31,,138109,8,,,0,69,,138119,8,,,0,29,,138126,8,,,0,70,,138115,8,,,0,30,,138127,8,,,0,73,,138116,8,,,0,29,,138128,8,,,0,70,,138117,8,,,0,30,,138132,8,,,0,70,,138120,8,,,0,30,,138129,8,,,0,70,,138111,8,,,0,30,,138130,8,,,0,70,,138113,8,,,0,30,,138121,8,,,0,68,,138137,8,,,0,17,,138112,8,,,0,70,,138124,8,,,0,30,,138122,8,,,0,100,,138118,8,,,0,100,,138114,8,,,0
667800,'3_merged_15524981',756,,138163,2,,,0,69,,138162,8,,,0,31,,138166,8,,,0,70,,138161,8,,,0,28,,138146,8,,,0,63,,138160,8,,,0,30,,138145,8,,,0,71,,138159,8,,,0,37,,138164,8,,,0,73,,138158,8,,,0,72,,138165,8,,,0,29,,138157,8,,,0,30,,138142,8,,,0,71,,138156,8,,,0,29,,138139,8,,,0,71,,138155,8,,,0,70,,138140,8,,,0,30,,138154,8,,,0,70,,138138,8,,,0,30,,138153,8,,,0,70,,138147,8,,,0,29,,138152,8,,,0,30,,138141,8,,,0,71,,138151,8,,,0,28,,138144,8,,,0,72,,138150,8,,,0,21,,138148,8,,,0,99,,138143,8,,,0,95,,138167,8,,,0,102,,138149,8,,,0,95,,138168,8,,,0
667901,'1_merged_15524980',539,,138391,19,,,0,65,,138392,19,,,0,26,,138406,19,,,0,71,,138393,19,,,0,26,,138405,19,,,0,78,,138385,19,,,0,31,,138409,19,,,0,74,,138400,19,,,0,24,,138380,19,,,0,70,,138399,19,,,0,31,,138378,19,,,0,74,,138408,19,,,0,31,,138381,19,,,0,68,,138396,19,,,0,29,,138387,19,,,0,72,,138395,19,,,0,28,,138386,19,,,0,71,,138398,19,,,0,30,,138402,19,,,0,72,,138384,19,,,0,32,,138401,19,,,0,67,,138379,19,,,0,32,,138410,19,,,0,65,,138404,19,,,0,33,,138394,19,,,0,70,,138390,19,,,0,26,,138383,19,,,0,79,,138389,19,,,0,26,,138382,19,,,0,64,,138377,19,,,0,33,,138403,19,,,0,69,,138407,19,,,0,29,,138388,19,,,0,74,,138397,19,,,0
667901,'2_merged_15524982',629,,138442,19,,,0,71,,138436,19,,,0,30,,138437,19,,,0,72,,138418,19,,,0,30,,138411,19,,,0,70,,138431,19,,,0,30,,138433,19,,,0,73,,138423,19,,,0,31,,138414,19,,,0,70,,138413,19,,,0,30,,138429,19,,,0,70,,138415,19,,,0,31,,138422,19,,,0,70,,138419,19,,,0,30,,138412,19,,,0,70,,138430,19,,,0,30,,138441,19,,,0,70,,138424,19,,,0,30,,138428,19,,,0,70,,138421,19,,,0,30,,138416,19,,,0,73,,138427,19,,,0,22,,138432,19,,,0,73,,138440,19,,,0,32,,138420,19,,,0,69,,138435,19,,,0,30,,138426,19,,,0,69,,138438,19,,,0,30,,138439,19,,,0,71,,138425,19,,,0,29,,138434,19,,,0,70,,138417,19,,,0
667901,'3_merged_15524981',733,,138455,19,,,0,70,,138445,19,,,0,31,,138460,19,,,0,70,,138462,19,,,0,29,,138449,19,,,0,71,,138467,19,,,0,29,,138459,19,,,0,70,,138471,19,,,0,31,,138470,19,,,0,69,,138443,19,,,0,32,,138466,19,,,0,70,,138448,19,,,0,32,,138458,19,,,0,70,,138461,19,,,0,30,,138447,19,,,0,71,,138464,19,,,0,30,,138454,19,,,0,70,,138465,19,,,0,31,,138444,19,,,0,70,,138446,19,,,0,31,,138463,19,,,0,70,,138450,19,,,0,29,,138451,19,,,0,70,,138469,19,,,0,30,,138452,19,,,0,67,,138457,19,,,0,30,,138456,19,,,0,70,,138472,19,,,0,30,,138453,19,,,0,68,,138468,19,,,0
668300,'1_merged_15524980',627,,139274,2,,,0,8,,139270,2,,,0,16,,139269,2,,,0,55,,139268,2,,,0,31,,139266,2,,,0,869,,139264,24,,,0,21,,139275,24,,,0,14,,139276,24,,,0,10,,139277,24,,,0,58,,139271,24,,,0,22,,139273,24,,,0,24,,139262,24,,,0,65,,139265,24,,,0,9,,139263,24,,,0,11,,139261,24,,,0,66,,139260,24,,,0,24,,139267,24,,,0,26,,139272,24,,,0
683700,'1101_merged_15524991',2653,,155444,35,,,0
683700,'1201_merged_15524973',2653,,155445,35,,,0
683700,'1_merged_15524980',2533,,155452,35,,,0,20,,155451,35,,,0,60,,155447,35,,,0,29,,155450,35,,,0,74,,155449,35,,,0,19,,155448,35,,,0,68,,155446,35,,,0
683700,'2_merged_15524982',520,,155461,9,,,0,2019,,155455,35,,,0,62,,155460,35,,,0,14,,155454,35,,,0,19,,155459,35,,,0,20,,155456,35,,,0,70,,155458,35,,,0,12,,155457,35,,,0,74,,155453,35,,,0
683700,'3_merged_15524981',550,,155470,9,,,0,74,,155471,9,,,0,31,,155472,9,,,0,69,,155473,29,,,0,1688,,155466,35,,,0,34,,155465,35,,,0,68,,155464,35,,,0,41,,155463,35,,,0,69,,155462,35,,,0,21,,155469,35,,,0,88,,155468,35,,,0,67,,155467,35,,,0
