683800,'1_merged_15288063',2613,,95666,1,,,0,19,,95668,1,,,0,20,,95665,1,,,0,60,,95667,1,,,0,33,,95669,1,,,0,63,,95670,1,,,0,30,,95671,1,,,0,78,,95672,1,,,0
683800,'2_merged_15288065',2615,,95675,1,,,0,15,,95676,1,,,0,16,,95674,1,,,0,70,,95673,1,,,0,30,,95677,1,,,0,70,,95678,1,,,0,30,,95679,1,,,0,60,,95680,1,,,0
683800,'3_merged_15288064',2611,,95681,1,,,0,30,,95682,1,,,0,70,,95683,1,,,0,36,,95684,1,,,0,60,,95685,1,,,0,31,,95686,1,,,0,70,,95687,1,,,0
683801,'1_merged_15288063',2532,,95696,49,4,,0,69,,95692,49,4,,0,30,,95691,49,4,,0,70,,95690,49,4,,0,33,,95693,49,4,,0,67,,95694,49,4,,0,29,,95695,49,4,,0,80,,95688,49,4,,0,30,,95689,49,4,,0
683801,'2_merged_15288065',2604,,95698,49,4,,0,37,,95700,49,4,,0,61,,95699,49,4,,0,20,,95701,49,4,,0,23,,95702,49,4,,0,60,,95703,49,4,,0,20,,95704,49,4,,0,27,,95705,49,4,,0,70,,95706,49,4,,0,29,,95697,49,4,,0
683801,'3_merged_15288064',2602,,95708,49,4,,0,30,,95707,49,4,,0,71,,95709,49,4,,0,39,,95710,49,4,,0,17,,95711,49,4,,0,74,,95712,49,4,,0,70,,95713,49,4,,0,40,,95714,49,4,,0
684000,'1_merged_15288063',2609,,95716,1,,,0,20,,95715,1,,,0,20,,95717,1,,,0,60,,95718,1,,,0,30,,95719,1,,,0,70,,95720,1,,,0,30,,95721,1,,,0,70,,95722,1,,,0
684000,'2_merged_15288065',2611,,95724,1,,,0,20,,95723,1,,,0,20,,95726,1,,,0,60,,95725,1,,,0,30,,95727,1,,,0,70,,95728,1,,,0,30,,95729,1,,,0,70,,95730,1,,,0
684000,'3_merged_15288064',2609,,95733,1,,,0,30,,95732,1,,,0,70,,95731,1,,,0
684001,'1_merged_15288063',2602,,95735,45,4,,0,30,,95737,45,4,,0,70,,95736,45,4,,0,30,,95738,45,4,,0,70,,95739,45,4,,0,30,,95740,45,4,,0,70,,95734,45,4,,0
684001,'2_merged_15288065',2604,,95743,45,4,,0,35,,95742,45,4,,0,65,,95744,45,4,,0,30,,95745,45,4,,0,70,,95746,45,4,,0,30,,95741,45,4,,0,70,,95747,45,4,,0
684001,'3_merged_15288064',2604,,95750,45,4,,0,30,,95749,45,4,,0,70,,95748,45,4,,0
