672201,'1_merged_15288063',544,,86854,27,,,0,1409,,86910,27,,,0,70,,86912,27,,,0,321,,86919,27,,,0,99,,86921,27,,,0,206,,86923,27,,,0
672201,'2_merged_15288065',1857,,86976,27,,,0,787,,86943,27,,,0
672201,'3_merged_15288064',2054,,87000,27,,,0,590,,87028,27,,,0
672701,'1_merged_15288063',625,,88190,54,,,0,29,,88191,54,,,0,84,,88211,58,,,0,63,,88212,58,,,0,23,,88213,58,,,0,21,,88214,58,,,0,66,,88215,58,,,0,28,,88216,58,,,0,69,,88217,58,,,0,28,,88218,54,,,0,70,,88219,54,,,0,28,,88220,54,,,0,69,,88221,54,,,0,28,,88222,54,,,0,28,,88223,54,,,0,67,,88224,54,,,0,20,,88225,54,,,0,93,,88226,59,,,0,14,,88227,54,,,0,76,,88228,54,,,0,81,,88192,59,,,0,9,,88193,54,,,0,28,,88194,58,,,0,54,,88195,58,,,0,23,,88196,59,,,0,31,,88198,58,,,0,51,,88197,58,,,0,15,,88199,58,,,0,104,,88202,54,,,0,79,,88204,54,,,0,21,,88205,54,,,0,22,,88206,54,,,0,92,,88208,54,,,0,73,,88209,54,,,0,116,,88185,54,,,0,26,,88186,54,,,0,79,,88189,54,,,0,91,,88187,59,,,0,95,,88188,54,,,0
672701,'2_merged_15288065',636,,88235,54,,,0,200,,88234,54,,,0,1003,,88249,54,,,0,70,,88242,54,,,0,30,,88251,54,,,0,302,,88240,54,,,0,100,,88238,54,,,0,186,,88260,54,,,0
672701,'3_merged_15288064',707,,88269,54,,,0,101,,88275,54,,,0,103,,88272,54,,,0,103,,88288,54,,,0,30,,88293,54,,,0,801,,88266,54,,,0,73,,88265,54,,,0,32,,88295,54,,,0,69,,88285,54,,,0,30,,88287,54,,,0,68,,88268,54,,,0,30,,88289,54,,,0,70,,88290,54,,,0,26,,88291,54,,,0,88,,88292,54,,,0,95,,88273,54,,,0,95,,88296,54,,,0
3454201,'101_merged_15288070',1617,,108155,37,,,0
3454201,'1_merged_15288063',515,,108156,37,,,0,30,,108158,37,,,0,55,,108159,37,,,0,15,,108160,37,,,0,14,,108161,37,,,0,15,,108162,37,,,0,14,,108163,37,,,0,54,,108164,37,,,0,14,,108165,37,,,0,15,,108166,37,,,0,14,,108167,37,,,0,52,,108168,37,,,0,14,,108169,37,,,0,13,,108170,37,,,0,12,,108171,37,,,0,12,,108172,37,,,0,52,,108173,37,,,0,12,,108174,37,,,0,9,,108175,37,,,0,12,,108176,37,,,0,12,,108177,37,,,0,52,,108178,37,,,0,12,,108179,37,,,0,13,,108180,37,,,0,12,,108181,37,,,0,12,,108182,37,,,0,56,,108183,37,,,0,15,,108184,37,,,0,15,,108185,37,,,0,15,,108186,37,,,0,55,,108187,37,,,0,16,,108188,37,,,0,15,,108189,37,,,0,16,,108190,37,,,0,55,,108191,37,,,0,15,,108192,37,,,0,15,,108193,37,,,0,15,,108194,37,,,0,55,,108195,37,,,0,16,,108196,37,,,0,15,,108197,37,,,0,57,,108198,37,,,0,15,,108199,37,,,0,15,,108200,37,,,0,16,,108201,37,,,0,54,,108202,37,,,0,30,,108203,37,,,0,13,,108204,37,,,0,12,,108205,37,,,0,52,,108206,37,,,0,12,,108207,37,,,0,12,,108208,37,,,0,12,,108209,37,,,0,12,,108210,37,,,0,48,,108211,37,,,0,12,,108212,37,,,0,12,,108213,37,,,0,12,,108214,37,,,0,12,,108215,37,,,0,52,,108216,37,,,0,15,,108217,37,,,0,15,,108218,37,,,0,15,,108219,37,,,0,54,,108220,37,,,0,15,,108221,37,,,0,14,,108222,37,,,0,15,,108223,37,,,0,52,,108224,37,,,0,15,,108225,37,,,0,15,,108226,37,,,0,15,,108227,37,,,0,55,,108228,37,,,0,15,,108229,37,,,0,14,,108230,37,,,0,15,,108231,37,,,0,15,,108232,37,,,0,55,,108233,37,,,0,20,,108234,37,,,0,20,,108235,37,,,0,60,,108236,37,,,0,18,,108237,37,,,0,21,,108238,37,,,0,80,,108240,37,,,0,70,,108241,37,,,0
3454201,'2_merged_15288065',538,,108297,37,,,0,70,,108296,37,,,0,20,,108295,37,,,0,20,,108294,37,,,0,60,,108293,37,,,0,22,,108292,37,,,0,20,,108291,37,,,0,60,,108290,37,,,0,20,,108289,37,,,0,20,,108268,37,,,0,58,,108267,37,,,0,16,,108288,37,,,0,15,,108287,37,,,0,16,,108286,37,,,0,55,,108285,37,,,0,16,,108284,37,,,0,15,,108283,37,,,0,15,,108282,37,,,0,55,,108281,37,,,0,17,,108280,37,,,0,15,,108279,37,,,0,57,,108278,37,,,0,13,,108277,37,,,0,15,,108276,37,,,0,14,,108275,37,,,0,15,,108274,37,,,0,55,,108273,37,,,0,15,,108272,37,,,0,15,,108271,37,,,0,16,,108270,37,,,0,55,,108269,37,,,0,15,,108298,37,,,0,15,,108299,37,,,0,15,,108300,37,,,0,55,,108301,37,,,0,16,,108302,37,,,0,15,,108303,37,,,0,15,,108304,37,,,0,54,,108305,37,,,0,15,,108306,37,,,0,15,,108307,37,,,0,15,,108308,37,,,0,55,,108309,37,,,0,15,,108310,37,,,0,15,,108311,37,,,0,15,,108312,37,,,0,55,,108313,37,,,0,14,,108314,37,,,0,15,,108315,37,,,0,15,,108266,37,,,0,55,,108265,37,,,0,15,,108264,37,,,0,15,,108263,37,,,0,15,,108262,37,,,0,55,,108261,37,,,0,14,,108260,37,,,0,15,,108259,37,,,0,15,,108258,37,,,0,55,,108257,37,,,0,14,,108256,37,,,0,15,,108255,37,,,0,17,,108254,37,,,0,60,,108253,37,,,0,20,,108252,37,,,0,20,,108251,37,,,0,60,,108250,37,,,0,16,,108249,37,,,0,20,,108248,37,,,0,60,,108247,37,,,0,20,,108246,37,,,0,20,,108245,37,,,0,60,,108244,37,,,0,19,,108243,37,,,0,73,,108242,37,,,0
3454201,'3_merged_15288064',537,,108371,37,,,0,70,,108370,37,,,0,20,,108369,37,,,0,21,,108368,37,,,0,60,,108367,37,,,0,22,,108366,37,,,0,20,,108365,37,,,0,60,,108364,37,,,0,20,,108363,37,,,0,20,,108342,37,,,0,55,,108341,37,,,0,18,,108362,37,,,0,15,,108361,37,,,0,15,,108360,37,,,0,55,,108359,37,,,0,15,,108358,37,,,0,15,,108357,37,,,0,16,,108356,37,,,0,55,,108355,37,,,0,15,,108354,37,,,0,15,,108353,37,,,0,15,,108352,37,,,0,55,,108351,37,,,0,15,,108350,37,,,0,15,,108349,37,,,0,17,,108348,37,,,0,55,,108347,37,,,0,15,,108346,37,,,0,15,,108345,37,,,0,15,,108344,37,,,0,55,,108343,37,,,0,16,,108372,37,,,0,15,,108373,37,,,0,15,,108374,37,,,0,55,,108375,37,,,0,15,,108376,37,,,0,16,,108377,37,,,0,15,,108378,37,,,0,55,,108379,37,,,0,14,,108380,37,,,0,15,,108381,37,,,0,15,,108382,37,,,0,55,,108383,37,,,0,15,,108384,37,,,0,15,,108385,37,,,0,15,,108386,37,,,0,55,,108387,37,,,0,15,,108388,37,,,0,15,,108389,37,,,0,13,,108340,37,,,0,55,,108339,37,,,0,15,,108338,37,,,0,15,,108337,37,,,0,15,,108336,37,,,0,55,,108335,37,,,0,15,,108334,37,,,0,15,,108333,37,,,0,13,,108332,37,,,0,55,,108331,37,,,0,15,,108330,37,,,0,15,,108329,37,,,0,15,,108328,37,,,0,60,,108327,37,,,0,20,,108326,37,,,0,20,,108325,37,,,0,60,,108324,37,,,0,18,,108323,37,,,0,20,,108322,37,,,0,60,,108321,37,,,0,19,,108320,37,,,0,20,,108319,37,,,0,60,,108318,37,,,0,19,,108317,37,,,0,80,,108316,37,,,0
