666701,'101_merged_15288070',825,,76491,11,,,0
666701,'1_merged_15288063',447,,76519,11,,,0,58,,76559,11,,,0,22,,76492,11,,,0,20,,76493,11,,,0,60,,76494,11,,,0,17,,76495,11,,,0,10,,76496,11,,,0,8,,76497,11,,,0,12,,76498,11,,,0,54,,76563,11,,,0,14,,76564,11,,,0,16,,76499,11,,,0,11,,76500,11,,,0,59,,76501,11,,,0,33,,76502,11,,,0,14,,76503,11,,,0,56,,76504,11,,,0,14,,76562,11,,,0,19,,76520,11,,,0,11,,76521,11,,,0,55,,76558,11,,,0,15,,76505,11,,,0,15,,76506,11,,,0,15,,76507,11,,,0,55,,76508,11,,,0,14,,76509,11,,,0,16,,76510,11,,,0,15,,76511,11,,,0,57,,76561,11,,,0,15,,76522,11,,,0,15,,76523,11,,,0,15,,76557,11,,,0,55,,76512,11,,,0,15,,76513,11,,,0,14,,76514,11,,,0,15,,76515,11,,,0,57,,76516,11,,,0,16,,76517,11,,,0,14,,76518,11,,,0,15,,76560,11,,,0,56,,76524,11,,,0,13,,76525,11,,,0,15,,76556,11,,,0,15,,76526,11,,,0,54,,76527,11,,,0,15,,76528,11,,,0,15,,76529,11,,,0,15,,76530,11,,,0,55,,76531,11,,,0,11,,76532,11,,,0,18,,76533,11,,,0,15,,76555,11,,,0,55,,76540,11,,,0,15,,76552,11,,,0,15,,76553,11,,,0,15,,76534,11,,,0,55,,76535,11,,,0,15,,76536,11,,,0,15,,76537,11,,,0,15,,76538,11,,,0,55,,76539,11,,,0,15,,76554,11,,,0,19,,76541,11,,,0,59,,76551,11,,,0,19,,76542,11,,,0,27,,76543,11,,,0,71,,76544,11,,,0,32,,76545,11,,,0,72,,76546,11,,,0,30,,76547,11,,,0,68,,76548,11,,,0,30,,76549,11,,,0,70,,76550,11,,,0
666701,'2_merged_15288065',557,,76573,11,,,0,69,,76574,11,,,0,20,,76591,11,,,0,61,,76592,11,,,0,19,,76588,11,,,0,15,,76593,11,,,0,16,,76594,11,,,0,54,,76595,11,,,0,15,,76596,11,,,0,12,,76597,11,,,0,10,,76565,11,,,0,10,,76598,11,,,0,56,,76599,11,,,0,14,,76600,11,,,0,13,,76601,11,,,0,16,,76602,11,,,0,57,,76603,11,,,0,15,,76604,11,,,0,15,,76605,11,,,0,56,,76606,11,,,0,16,,76608,11,,,0,15,,76609,11,,,0,14,,76610,11,,,0,57,,76607,11,,,0,13,,76611,11,,,0,14,,76587,11,,,0,13,,76612,11,,,0,16,,76613,11,,,0,54,,76614,11,,,0,15,,76616,11,,,0,15,,76617,11,,,0,15,,76618,11,,,0,58,,76619,11,,,0,15,,76620,11,,,0,17,,76621,11,,,0,55,,76622,11,,,0,16,,76623,11,,,0,15,,76624,11,,,0,13,,76625,11,,,0,55,,76626,11,,,0,15,,76627,11,,,0,15,,76628,11,,,0,14,,76629,11,,,0,55,,76630,11,,,0,14,,76631,11,,,0,15,,76566,11,,,0,15,,76567,11,,,0,64,,76568,11,,,0,14,,76569,11,,,0,11,,76590,11,,,0,14,,76570,11,,,0,55,,76571,11,,,0,15,,76589,11,,,0,14,,76572,11,,,0,17,,76576,11,,,0,60,,76575,11,,,0,17,,76577,11,,,0,22,,76578,11,,,0,71,,76615,11,,,0,33,,76579,11,,,0,73,,76580,11,,,0,35,,76581,11,,,0,68,,76582,11,,,0,29,,76583,11,,,0,73,,76584,11,,,0,30,,76585,11,,,0,65,,76586,11,,,0
666701,'3_merged_15288064',707,,76647,11,,,0,20,,76648,11,,,0,17,,76633,11,,,0,56,,76649,11,,,0,15,,76650,11,,,0,14,,76646,11,,,0,12,,76632,11,,,0,13,,76651,11,,,0,53,,76652,11,,,0,12,,76653,11,,,0,12,,76654,11,,,0,8,,76655,11,,,0,19,,76656,11,,,0,55,,76657,11,,,0,15,,76658,11,,,0,14,,76659,11,,,0,17,,76660,11,,,0,55,,76661,11,,,0,15,,76662,11,,,0,15,,76641,11,,,0,15,,76642,11,,,0,58,,76643,11,,,0,14,,76663,11,,,0,14,,76664,11,,,0,55,,76665,11,,,0,14,,76666,11,,,0,15,,76667,11,,,0,15,,76668,11,,,0,14,,76669,11,,,0,57,,76670,11,,,0,16,,76671,11,,,0,15,,76672,11,,,0,56,,76640,11,,,0,14,,76673,11,,,0,14,,76674,11,,,0,16,,76675,11,,,0,55,,76676,11,,,0,14,,76677,11,,,0,13,,76678,11,,,0,18,,76679,11,,,0,12,,76680,11,,,0,56,,76681,11,,,0,15,,76682,11,,,0,15,,76683,11,,,0,56,,76684,11,,,0,15,,76685,11,,,0,15,,76645,11,,,0,17,,76686,11,,,0,11,,76687,11,,,0,55,,76644,11,,,0,15,,76688,11,,,0,16,,76689,11,,,0,60,,76690,11,,,0,21,,76691,11,,,0,27,,76692,11,,,0,71,,76693,11,,,0,29,,76634,11,,,0,75,,76635,11,,,0,27,,76636,11,,,0,70,,76637,11,,,0,30,,76638,11,,,0,74,,76639,11,,,0
684101,'1_merged_15288063',335,,95798,3,,,0,69,,95797,3,,,0,12,,95796,3,,,0,2006,,95800,3,,,0,30,,95794,3,,,0,75,,95793,3,,,0,30,,95792,3,,,0,70,,95795,3,,,0,75,,95799,3,,,0
684101,'2_merged_15288065',331,,95801,3,,,0,70,,95806,3,,,0,30,,95807,3,,,0,28,,95808,3,,,0,68,,95805,3,,,0,1890,,95810,3,,,0,35,,95802,3,,,0,77,,95809,3,,,0,21,,95803,3,,,0,69,,95804,3,,,0,38,,95811,3,,,0
684101,'3_merged_15288064',331,,95820,3,,,0,70,,95822,3,,,0,28,,95819,3,,,0,30,,95818,3,,,0,55,,95825,3,,,0,15,,95815,3,,,0,15,,95826,3,,,0,56,,95817,3,,,0,1749,,95823,3,,,0,75,,95824,3,,,0,30,,95812,3,,,0,67,,95813,3,,,0,30,,95814,3,,,0,78,,95816,3,,,0,30,,95821,3,,,0
2263800,'101_merged_15288070',722,,99832,3,,,0,825,,99831,3,,,0
2263800,'1_merged_15288063',504,,99865,3,,,0,30,,99866,3,,,0,71,,99867,3,,,0,11,,99868,3,,,0,14,,99869,3,,,0,17,,99870,3,,,0,53,,99871,3,,,0,16,,99872,3,,,0,10,,99873,3,,,0,19,,99874,3,,,0,63,,99875,3,,,0,19,,99876,3,,,0,24,,99842,3,,,0,66,,99843,3,,,0,30,,99844,3,,,0,70,,99845,3,,,0,30,,99846,3,,,0,70,,99847,3,,,0,30,,99848,3,,,0,70,,99849,3,,,0,30,,99850,3,,,0,71,,99851,3,,,0,32,,99852,3,,,0,66,,99853,3,,,0,28,,99854,3,,,0,72,,99855,3,,,0,16,,99856,3,,,0,25,,99885,3,,,0,59,,99857,3,,,0,12,,99858,3,,,0,15,,99833,3,,,0,14,,99863,3,,,0,55,,99864,3,,,0,15,,99834,3,,,0,23,,99862,3,,,0,63,,99884,3,,,0,19,,99836,3,,,0,24,,99883,3,,,0,66,,99877,3,,,0,22,,99835,3,,,0,74,,99859,3,,,0,26,,99860,3,,,0,72,,99861,3,,,0,32,,99837,3,,,0,65,,99881,3,,,0,30,,99882,3,,,0,71,,99838,3,,,0,32,,99880,3,,,0,70,,99839,3,,,0,30,,99879,3,,,0,70,,99840,3,,,0,30,,99878,3,,,0,70,,99841,3,,,0
2263800,'2_merged_15288065',601,,99886,3,,,0,20,,99887,3,,,0,30,,99888,3,,,0,70,,99889,3,,,0,30,,99890,3,,,0,70,,99891,3,,,0,31,,99892,3,,,0,70,,99893,3,,,0,30,,99894,3,,,0,70,,99895,3,,,0,30,,99896,3,,,0,70,,99897,3,,,0,30,,99898,3,,,0,70,,99899,3,,,0,30,,99900,3,,,0,70,,99901,3,,,0,30,,99902,3,,,0,70,,99903,3,,,0,30,,99904,3,,,0,70,,99905,3,,,0,30,,99906,3,,,0,70,,99907,3,,,0,30,,99908,3,,,0,70,,99909,3,,,0,30,,99910,3,,,0,65,,99911,3,,,0,30,,99912,3,,,0,70,,99913,3,,,0,30,,99914,3,,,0,70,,99915,3,,,0,30,,99916,3,,,0,70,,99917,3,,,0,30,,99918,3,,,0,70,,99919,3,,,0,30,,99920,3,,,0,69,,99921,3,,,0,30,,99922,3,,,0,90,,99923,3,,,0,67,,99924,3,,,0,43,,99925,3,,,0,70,,99926,3,,,0
2263800,'3_merged_15288064',631,,99939,3,,,0,70,,99930,3,,,0,30,,99940,3,,,0,70,,99941,3,,,0,30,,99942,3,,,0,71,,99943,3,,,0,30,,99944,3,,,0,70,,99946,3,,,0,30,,99947,3,,,0,70,,99945,3,,,0,30,,99948,3,,,0,70,,99949,3,,,0,30,,99950,3,,,0,70,,99951,3,,,0,30,,99952,3,,,0,70,,99953,3,,,0,30,,99954,3,,,0,70,,99955,3,,,0,30,,99956,3,,,0,70,,99957,3,,,0,30,,99958,3,,,0,70,,99959,3,,,0,30,,99960,3,,,0,70,,99961,3,,,0,30,,99962,3,,,0,70,,99963,3,,,0,30,,99964,3,,,0,70,,99927,3,,,0,30,,99928,3,,,0,72,,99929,3,,,0,31,,99931,3,,,0,76,,99932,3,,,0,31,,99933,3,,,0,70,,99934,3,,,0,25,,99935,3,,,0,69,,99936,3,,,0,30,,99937,3,,,0,70,,99938,3,,,0
3004601,'101_merged_15288070',1620,,103121,3,,,0
3004601,'1_merged_15288063',442,,103138,3,,,0,62,,103139,3,,,0,20,,103140,3,,,0,18,,103141,3,,,0,15,,103142,3,,,0,54,,103124,3,,,0,16,,103143,3,,,0,12,,103144,3,,,0,16,,103145,3,,,0,51,,103146,3,,,0,18,,103125,3,,,0,11,,103175,3,,,0,13,,103154,3,,,0,53,,103155,3,,,0,21,,103156,3,,,0,21,,103157,3,,,0,70,,103158,3,,,0,30,,103159,3,,,0,70,,103160,3,,,0,30,,103161,3,,,0,71,,103162,3,,,0,29,,103163,3,,,0,71,,103164,3,,,0,30,,103165,3,,,0,70,,103166,3,,,0,30,,103167,3,,,0,71,,103168,3,,,0,29,,103169,3,,,0,60,,103122,3,,,0,20,,103173,3,,,0,19,,103176,3,,,0,62,,103174,3,,,0,33,,103147,3,,,0,12,,103148,3,,,0,53,,103149,3,,,0,15,,103150,3,,,0,15,,103151,3,,,0,15,,103152,3,,,0,62,,103153,3,,,0,21,,103123,3,,,0,25,,103171,3,,,0,57,,103172,3,,,0,30,,103126,3,,,0,69,,103127,3,,,0,31,,103170,3,,,0,69,,103128,3,,,0,30,,103129,3,,,0,70,,103137,3,,,0,30,,103130,3,,,0,70,,103131,3,,,0,30,,103136,3,,,0,70,,103132,3,,,0,30,,103133,3,,,0,70,,103135,3,,,0,30,,103134,3,,,0
3004601,'2_merged_15288065',522,,103214,3,,,0,30,,103189,3,,,0,70,,103215,3,,,0,30,,103216,3,,,0,70,,103217,3,,,0,30,,103177,3,,,0,70,,103178,3,,,0,30,,103179,3,,,0,70,,103180,3,,,0,30,,103181,3,,,0,71,,103182,3,,,0,30,,103183,3,,,0,70,,103184,3,,,0,30,,103185,3,,,0,70,,103186,3,,,0,30,,103187,3,,,0,70,,103188,3,,,0,30,,103190,3,,,0,70,,103191,3,,,0,30,,103192,3,,,0,70,,103193,3,,,0,30,,103194,3,,,0,70,,103195,3,,,0,30,,103196,3,,,0,70,,103197,3,,,0,30,,103198,3,,,0,70,,103199,3,,,0,29,,103200,3,,,0,70,,103201,3,,,0,30,,103202,3,,,0,70,,103203,3,,,0,32,,103204,3,,,0,68,,103205,3,,,0,30,,103206,3,,,0,70,,103207,3,,,0,30,,103208,3,,,0,70,,103209,3,,,0,30,,103210,3,,,0,70,,103211,3,,,0,30,,103212,3,,,0,70,,103213,3,,,0
3004601,'3_merged_15288064',522,,103219,3,,,0,30,,103220,3,,,0,70,,103221,3,,,0,30,,103222,3,,,0,70,,103223,3,,,0,30,,103224,3,,,0,70,,103225,3,,,0,30,,103226,3,,,0,70,,103227,3,,,0,30,,103228,3,,,0,70,,103229,3,,,0,30,,103230,3,,,0,70,,103231,3,,,0,30,,103218,3,,,0,71,,103232,3,,,0,30,,103233,3,,,0,70,,103234,3,,,0,30,,103235,3,,,0,70,,103236,3,,,0,30,,103237,3,,,0,70,,103238,3,,,0,30,,103239,3,,,0,73,,103240,3,,,0,27,,103241,3,,,0,73,,103242,3,,,0,27,,103243,3,,,0,70,,103244,3,,,0,30,,103245,3,,,0,69,,103246,3,,,0,30,,103247,3,,,0,70,,103248,3,,,0,30,,103249,3,,,0,70,,103250,3,,,0,30,,103251,3,,,0,70,,103252,3,,,0,30,,103253,3,,,0,70,,103254,3,,,0,30,,103255,3,,,0,70,,103256,3,,,0,30,,103257,3,,,0
3004900,'101_merged_15288070',1554,,103709,3,,,0,60,,103708,3,,,0
3004900,'1_merged_15288063',537,,103754,3,,,0,15,,103755,3,,,0,54,,103756,3,,,0,16,,103747,3,,,0,13,,103748,3,,,0,17,,103710,3,,,0,50,,103711,3,,,0,20,,103712,3,,,0,5,,103713,3,,,0,21,,103714,3,,,0,52,,103715,3,,,0,13,,103757,3,,,0,11,,103716,3,,,0,12,,103717,3,,,0,22,,103718,3,,,0,74,,103719,3,,,0,26,,103720,3,,,0,70,,103721,3,,,0,30,,103722,3,,,0,70,,103723,3,,,0,29,,103724,3,,,0,71,,103725,3,,,0,30,,103726,3,,,0,70,,103727,3,,,0,30,,103728,3,,,0,70,,103729,3,,,0,23,,103753,3,,,0,52,,103758,3,,,0,16,,103730,3,,,0,10,,103731,3,,,0,12,,103732,3,,,0,64,,103733,3,,,0,25,,103734,3,,,0,13,,103735,3,,,0,60,,103736,3,,,0,10,,103737,3,,,0,16,,103738,3,,,0,19,,103739,3,,,0,60,,103740,3,,,0,15,,103741,3,,,0,17,,103759,3,,,0,18,,103742,3,,,0,75,,103743,3,,,0,70,,103744,3,,,0,30,,103745,3,,,0,70,,103746,3,,,0,32,,103749,3,,,0,68,,103750,3,,,0,32,,103751,3,,,0,70,,103752,3,,,0
3004900,'2_merged_15288065',538,,103772,3,,,0,69,,103774,3,,,0,30,,103775,3,,,0,70,,103776,3,,,0,30,,103777,3,,,0,70,,103778,3,,,0,30,,103779,3,,,0,70,,103780,3,,,0,30,,103760,3,,,0,65,,103765,3,,,0,35,,103773,3,,,0,65,,103790,3,,,0,31,,103781,3,,,0,70,,103782,3,,,0,30,,103783,3,,,0,70,,103784,3,,,0,30,,103785,3,,,0,70,,103786,3,,,0,30,,103787,3,,,0,70,,103788,3,,,0,29,,103789,3,,,0,71,,103791,3,,,0,20,,103796,3,,,0,20,,103761,3,,,0,60,,103762,3,,,0,20,,103797,3,,,0,20,,103763,3,,,0,60,,103764,3,,,0,20,,103798,3,,,0,20,,103766,3,,,0,63,,103767,3,,,0,19,,103799,3,,,0,17,,103768,3,,,0,60,,103769,3,,,0,30,,103770,3,,,0,70,,103771,3,,,0,30,,103792,3,,,0,70,,103793,3,,,0,30,,103794,3,,,0,70,,103795,3,,,0
3004900,'3_merged_15288064',637,,103802,3,,,0,70,,103803,3,,,0,30,,103804,3,,,0,70,,103805,3,,,0,30,,103800,3,,,0,70,,103801,3,,,0,30,,103806,3,,,0,70,,103807,3,,,0,30,,103808,3,,,0,70,,103809,3,,,0,30,,103810,3,,,0,65,,103811,3,,,0,30,,103812,3,,,0,70,,103813,3,,,0,30,,103814,3,,,0,70,,103815,3,,,0,31,,103816,3,,,0,70,,103817,3,,,0,30,,103818,3,,,0,70,,103819,3,,,0,30,,103820,3,,,0,70,,103821,3,,,0,30,,103822,3,,,0,67,,103823,3,,,0,28,,103824,3,,,0,75,,103825,3,,,0,30,,103826,3,,,0,70,,103827,3,,,0,30,,103828,3,,,0,69,,103829,3,,,0,30,,103830,3,,,0,25,,103831,3,,,0,73,,103832,3,,,0,72,,103833,3,,,0
