670100,'2_merged_15288065',751,,82080,14,4,,0,1076,,82069,14,4,,0,285,,82078,14,4,,0,41,,82064,14,4,,0,81,,82075,14,4,,0,83,,82074,14,4,,0,84,,82083,14,4,,0
670101,'1_merged_15288063',600,,82107,1,,,0,22,,82103,1,,,0,81,,82112,1,,,0,17,,82128,1,0,74 3 75 14,0,22,,82124,1,,,0,16,,82127,1,0,74 3 75 14,0,56,,82111,1,,,0,32,,82125,1,,,0,96,,82102,1,,,0,96,,82119,1,,,0,96,,82109,1,,,0,98,,82108,1,,,0,102,,82117,1,,,0,98,,82110,1,,,0,84,,82129,1,0,74 3 75 14,0,29,,82105,1,,,0,67,,82126,1,,,0,28,,82121,1,,,0,70,,82114,1,,,0,34,,82101,1,0,74 3 75 14,0,77,,82122,1,0,74 3 75 14,0,26,,82120,1,0,74 3 75 14,0,73,,82106,1,0,74 3 75 14,0,97,,82123,1,0,74 3 75 14,0,98,,82104,1,0,74 3 75 14,0,100,,82116,1,0,74 3 75 14,0,101,,82118,1,0,74 3 75 14,0,102,,82115,1,0,74 3 75 14,0
670101,'2_merged_15288065',710,,82133,1,0,74 3 75 14,0,100,,82147,1,0,74 3 75 14,0,29,,82140,1,,,0,100,,82146,1,,,0,101,,82136,1,,,0,101,,82139,1,,,0,101,,82134,1,,,0,101,,82137,1,,,0,100,,82145,1,,,0,100,,82135,1,,,0,100,,82132,1,,,0,101,,82131,1,0,74 3 75 14,0,98,,82144,1,0,74 3 75 14,0,99,,82141,1,0,74 3 75 14,0,96,,82130,1,0,74 3 75 14,0,81,,82143,1,0,74 3 75 14,0,82,,82138,1,0,74 3 75 14,0,43,,82148,1,0,74 3 75 14,0,84,,82149,1,0,74 3 75 14,0,90,,82142,1,0,74 3 75 14,0
670101,'3_merged_15288064',750,,82166,1,0,74 3 75 14,0,100,,82161,1,0,74 3 75 14,0,100,,82160,1,0,74 3 75 14,0,99,,82156,1,0,74 3 75 14,0,99,,82153,1,0,74 3 75 14,0,100,,82154,1,0,74 3 75 14,0,100,,82159,1,0,74 3 75 14,0,100,,82157,1,0,74 3 75 14,0,100,,82164,1,0,74 3 75 14,0,100,,82151,1,0,74 3 75 14,0,101,,82162,1,0,74 3 75 14,0,99,,82158,1,0,74 3 75 14,0,100,,82152,1,0,74 3 75 14,0,102,,82150,1,0,74 3 75 14,0,100,,82165,1,0,74 3 75 14,0,101,,82163,1,0,74 3 75 14,0,104,,82155,1,0,74 3 75 14,0
670200,'1_merged_15288063',654,,82198,35,4,,0
670200,'3_merged_15288064',2251,,82239,35,4,,0
670401,'1_merged_15288063',747,,83081,61,4,,0,190,,83145,23,4,,0,85,,83117,61,4,,0,100,,83113,61,4,,0,511,,83079,61,4,,0,106,,83107,61,4,,0,669,,83126,61,4,,0
670401,'2_merged_15288065',1918,,83197,61,4,,0
670401,'3_merged_15288064',745,,83241,23,4,,0
670500,'1_merged_15288063',600,,83311,53,0,74 43 8,0,9,,83312,56,0,74 43 8,0,8,,83394,56,0,74 43 8,0,9,,83353,56,0,74 43 8,0,9,,83309,56,0,74 43 8,0,9,,83354,56,0,74 43 8,0,9,,83362,56,0,74 43 8,0,6,,83293,56,0,74 43 8,0,47,,83395,56,0,74 43 8,0,6,,83342,56,0,74 43 8,0,7,,83349,56,0,74 43 8,0,8,,83301,56,0,74 43 8,0,8,,83298,56,0,74 43 8,0,8,,83355,56,0,74 43 8,0,8,,83363,56,0,74 43 8,0,8,,83314,56,0,74 43 8,0,48,,83292,56,0,74 43 8,0,8,,83393,56,0,74 43 8,0,9,,83396,56,0,74 43 8,0,7,,83287,56,0,74 43 8,0,7,,83356,56,0,74 43 8,0,8,,83307,56,0,74 43 8,0,8,,83315,56,0,74 43 8,0,653,,83320,56,0,74 43 8,0,10,,83321,56,0,74 43 8,0,10,,83351,56,0,74 43 8,0,10,,83360,56,0,74 43 8,0,10,,83343,56,0,74 43 8,0,10,,83322,56,0,74 43 8,0,50,,83323,56,0,74 43 8,0,10,,83324,56,0,74 43 8,0,10,,83361,56,0,74 43 8,0,10,,83325,56,0,74 43 8,0,10,,83344,56,0,74 43 8,0,10,,83326,56,0,74 43 8,0,50,,83327,56,0,74 43 8,0,10,,83328,56,0,74 43 8,0,9,,83329,56,0,74 43 8,0,10,,83358,56,0,74 43 8,0,10,,83345,56,0,74 43 8,0,10,,83330,56,0,74 43 8,0,50,,83331,56,0,74 43 8,0,10,,83332,56,0,74 43 8,0,10,,83359,56,0,74 43 8,0,10,,83333,56,0,74 43 8,0,10,,83346,56,0,74 43 8,0,10,,83334,56,0,74 43 8,0,52,,83335,56,0,74 43 8,0
670500,'3_merged_15288064',647,,83510,56,,,0,1095,,83557,57,4,,0,100,,83561,57,4,,0
670901,'1_merged_15288063',550,,85129,33,4,,0,206,,85146,33,4,,0,453,,85134,33,4,,0,202,,85145,33,4,,0,431,,85127,33,4,,0
670901,'2_merged_15288065',828,,85159,33,4,,0,103,,85157,33,4,,0,100,,85156,33,4,,0,102,,85154,33,4,,0,102,,85153,33,4,,0,100,,85152,33,4,,0,100,,85151,33,4,,0,100,,85155,33,4,,0,100,,85148,33,4,,0,299,,85149,33,4,,0,98,,85147,33,4,,0
671001,'1_merged_15288063',903,,85195,1,,,0,101,,85193,1,,,0,101,,85196,1,,,0,100,,85197,1,,,0,102,,85198,1,,,0,102,,85199,1,,,0,103,,85191,1,,,0
671001,'2_merged_15288065',910,,85201,1,,,0,100,,85202,1,,,0,100,,85200,1,,,0,100,,85208,1,,,0,100,,85207,1,,,0,100,,85204,1,,,0,100,,85206,1,,,0,100,,85205,1,,,0,100,,85203,1,,,0
671201,'1_merged_15288063',1538,,85573,51,4,,0,277,,85515,52,4,,0,287,,85541,52,4,,0
671201,'2_merged_15288065',822,,85653,51,4,,0
671201,'3_merged_15288064',1742,,85694,52,4,,0
673901,'1_merged_15288063',643,,89942,31,4,,0
1770701,'1_merged_15288063',600,,99149,18,4,,0,29,,99151,18,4,,0,688,,99173,18,4,,0
1770701,'3_merged_15288064',1233,,99322,18,4,,0,100,,99324,18,4,,0
