673900,'101_merged_15524987',745,,149716,1,,,0,756,,149717,1,,,0
673900,'1_merged_15524980',804,,149725,1,,,0
681400,'1803_merged_15524988',1956,,152999,42,4,,0,100,,153000,42,4,,0,100,,153001,42,4,,0,100,,153002,42,4,,0
681400,'1_merged_15524980',527,,153003,42,4,,0,117,,153004,42,4,,0,70,,153005,42,4,,0,30,,153006,42,4,,0,60,,153007,42,4,,0,20,,153008,42,4,,0,20,,153009,42,4,,0,60,,153010,42,4,,0,20,,153011,42,4,,0,20,,153012,42,4,,0,60,,153036,42,4,,0,20,,153013,42,4,,0,20,,153014,42,4,,0,60,,153037,42,4,,0,20,,153015,42,4,,0,20,,153016,42,4,,0,60,,153038,42,4,,0,20,,153017,42,4,,0,20,,153018,42,4,,0,60,,153039,42,4,,0,20,,153019,42,4,,0,20,,153020,42,4,,0,60,,153040,42,4,,0,20,,153021,42,4,,0,20,,153022,42,4,,0,60,,153041,42,4,,0,20,,153023,42,4,,0,20,,153024,42,4,,0,60,,153042,42,4,,0,20,,153025,42,4,,0,20,,153026,42,4,,0,60,,153043,42,4,,0,20,,153027,42,4,,0,20,,153028,42,4,,0,60,,153044,42,4,,0,20,,153029,42,4,,0,20,,153030,42,4,,0,103,,153031,42,4,,0,100,,153032,42,4,,0,100,,153033,42,4,,0,100,,153034,42,4,,0,100,,153035,42,4,,0
681400,'2_merged_15524982',821,,153045,42,4,,0,30,,153046,42,4,,0,60,,153047,42,4,,0,20,,153048,42,4,,0,20,,153049,42,4,,0,60,,153050,42,4,,0,20,,153051,42,4,,0,20,,153052,42,4,,0,60,,153053,42,4,,0,20,,153054,42,4,,0,20,,153055,42,4,,0,60,,153056,42,4,,0,20,,153057,42,4,,0,20,,153058,42,4,,0,60,,153059,42,4,,0,20,,153060,42,4,,0,20,,153061,42,4,,0,60,,153062,42,4,,0,20,,153063,42,4,,0,20,,153064,42,4,,0,60,,153065,42,4,,0,20,,153066,42,4,,0,20,,153067,42,4,,0,60,,153068,42,4,,0,20,,153069,42,4,,0,20,,153070,42,4,,0,70,,153071,42,4,,0,30,,153072,42,4,,0,70,,153073,42,4,,0,32,,153074,42,4,,0,103,,153075,42,4,,0,100,,153076,42,4,,0,100,,153077,42,4,,0,100,,153078,42,4,,0,103,,153079,42,4,,0
681400,'3_merged_15524981',856,,153080,42,4,,0,100,,153081,42,4,,0,100,,153082,42,4,,0,100,,153083,42,4,,0,100,,153084,42,4,,0,100,,153085,42,4,,0,100,,153086,42,4,,0,100,,153087,42,4,,0,100,,153088,42,4,,0,100,,153089,42,4,,0,100,,153090,42,4,,0
681401,'1803_merged_15524988',2003,,153091,1,,,0,100,,153092,1,,,0,100,,153093,1,,,0,100,,153094,1,,,0
681401,'1_merged_15524980',527,,153095,1,,,0,123,,153096,1,,,0,80,,153097,1,,,0,20,,153098,1,,,0,60,,153099,1,,,0,20,,153100,1,,,0,20,,153101,1,,,0,60,,153102,1,,,0,20,,153103,1,,,0,20,,153104,1,,,0,60,,153128,1,,,0,20,,153105,1,,,0,20,,153106,1,,,0,60,,153129,1,,,0,20,,153107,1,,,0,20,,153108,1,,,0,60,,153130,1,,,0,20,,153109,1,,,0,20,,153110,1,,,0,60,,153131,1,,,0,20,,153111,1,,,0,20,,153112,1,,,0,60,,153132,1,,,0,20,,153113,1,,,0,20,,153114,1,,,0,60,,153133,1,,,0,20,,153115,1,,,0,20,,153116,1,,,0,60,,153134,1,,,0,20,,153117,1,,,0,20,,153118,1,,,0,60,,153135,1,,,0,20,,153119,1,,,0,20,,153120,1,,,0,60,,153136,1,,,0,20,,153121,1,,,0,80,,153122,1,,,0,100,,153123,1,,,0,100,,153124,1,,,0,100,,153125,1,,,0,100,,153126,1,,,0,100,,153127,1,,,0
681401,'2_merged_15524982',840,,153137,1,,,0,60,,153138,1,,,0,20,,153139,1,,,0,20,,153140,1,,,0,60,,153141,1,,,0,20,,153142,1,,,0,20,,153143,1,,,0,60,,153144,1,,,0,20,,153145,1,,,0,20,,153146,1,,,0,60,,153147,1,,,0,20,,153148,1,,,0,20,,153149,1,,,0,60,,153150,1,,,0,20,,153151,1,,,0,20,,153152,1,,,0,60,,153153,1,,,0,20,,153154,1,,,0,20,,153155,1,,,0,60,,153156,1,,,0,20,,153157,1,,,0,20,,153158,1,,,0,60,,153159,1,,,0,20,,153160,1,,,0,20,,153161,1,,,0,60,,153162,1,,,0,28,,153163,1,,,0,72,,153164,1,,,0,30,,153165,1,,,0,70,,153166,1,,,0,100,,153167,1,,,0,100,,153168,1,,,0,100,,153169,1,,,0,100,,153170,1,,,0,103,,153171,1,,,0
681401,'3_merged_15524981',903,,153172,1,,,0,100,,153173,1,,,0,100,,153174,1,,,0,100,,153175,1,,,0,100,,153176,1,,,0,100,,153177,1,,,0,100,,153178,1,,,0,100,,153179,1,,,0,100,,153180,1,,,0,100,,153181,1,,,0,100,,153182,1,,,0
