672101,'1_merged_15291795',508,,86660,7,,,0,15,,86663,7,,,0,15,,86658,7,,,0,14,,86665,7,,,0,53,,86664,7,,,0,13,,86662,7,,,0,13,,86666,7,,,0,28,,86661,7,,,0,78,,86659,7,,,0
681600,'1_merged_15291795',722,,93470,27,,,0,100,,93469,27,,,0,100,,93468,27,,,0,100,,93467,27,,,0,100,,93466,27,,,0,100,,93465,27,,,0,100,,93464,27,,,0,100,,93463,27,,,0,100,,93461,27,,,0,100,,93460,27,,,0,100,,93459,27,,,0,100,,93458,27,,,0,100,,93457,27,,,0,100,,93456,27,,,0,100,,93462,27,,,0
681600,'2_merged_15291797',922,,93471,27,,,0,100,,93472,27,,,0,100,,93473,27,,,0,100,,93474,27,,,0,100,,93475,27,,,0,100,,93476,27,,,0,100,,93477,27,,,0,100,,93478,27,,,0,100,,93479,27,,,0,100,,93480,27,,,0,100,,93481,27,,,0,100,,93482,27,,,0,100,,93483,27,,,0
681600,'3_merged_15291796',922,,93486,27,,,0,100,,93485,27,,,0,100,,93484,27,,,0,100,,93493,27,,,0,100,,93492,27,,,0,100,,93491,27,,,0,100,,93490,27,,,0,100,,93489,27,,,0,100,,93488,27,,,0,100,,93487,27,,,0
1169201,'101_merged_15291802',1557,,97445,7,,,0
1169201,'1_merged_15291795',604,,97472,7,,,0,20,,97471,7,,,0,20,,97476,7,,,0,61,,97470,7,,,0,20,,97469,7,,,0,17,,97491,7,,,0,17,,97468,7,,,0,56,,97477,7,,,0,15,,97467,7,,,0,15,,97492,7,,,0,55,,97478,7,,,0,15,,97466,7,,,0,18,,97465,7,,,0,20,,97480,7,,,0,60,,97464,7,,,0,20,,97463,7,,,0,20,,97479,7,,,0,61,,97462,7,,,0,20,,97481,7,,,0,20,,97461,7,,,0,60,,97460,7,,,0,20,,97482,7,,,0,20,,97459,7,,,0,60,,97458,7,,,0,20,,97483,7,,,0,21,,97457,7,,,0,60,,97456,7,,,0,20,,97484,7,,,0,22,,97455,7,,,0,60,,97454,7,,,0,20,,97485,7,,,0,80,,97474,7,,,0,16,,97488,7,,,0,15,,97453,7,,,0,55,,97489,7,,,0,15,,97452,7,,,0,16,,97451,7,,,0,16,,97486,7,,,0,55,,97490,7,,,0,15,,97473,7,,,0,16,,97487,7,,,0,14,,97450,7,,,0,70,,97449,7,,,0,29,,97448,7,,,0,70,,97446,7,,,0,30,,97447,7,,,0,72,,97475,7,,,0,99,,97493,7,,,0,101,,97494,7,,,0,98,,97495,7,,,0
1169201,'2_merged_15291797',700,,97496,7,,,0,22,,97522,7,,,0,20,,97497,7,,,0,60,,97498,7,,,0,21,,97523,7,,,0,20,,97521,7,,,0,60,,97499,7,,,0,20,,97524,7,,,0,21,,97500,7,,,0,60,,97501,7,,,0,21,,97525,7,,,0,20,,97502,7,,,0,60,,97503,7,,,0,19,,97526,7,,,0,19,,97504,7,,,0,59,,97505,7,,,0,21,,97527,7,,,0,21,,97506,7,,,0,60,,97507,7,,,0,20,,97528,7,,,0,20,,97508,7,,,0,60,,97509,7,,,0,20,,97529,7,,,0,20,,97510,7,,,0,60,,97511,7,,,0,19,,97530,7,,,0,20,,97514,7,,,0,60,,97512,7,,,0,20,,97531,7,,,0,20,,97513,7,,,0,60,,97515,7,,,0,19,,97532,7,,,0,20,,97516,7,,,0,60,,97517,7,,,0,20,,97537,7,,,0,20,,97518,7,,,0,70,,97519,7,,,0,29,,97520,7,,,0,100,,97533,7,,,0,99,,97534,7,,,0,98,,97535,7,,,0,98,,97536,7,,,0
1169201,'3_merged_15291796',759,,97539,7,,,0,70,,97540,7,,,0,75,,97541,7,,,0,33,,97542,7,,,0,72,,97543,7,,,0,31,,97544,7,,,0,71,,97545,7,,,0,30,,97546,7,,,0,70,,97547,7,,,0,30,,97561,7,,,0,70,,97548,7,,,0,31,,97549,7,,,0,70,,97550,7,,,0,20,,97538,7,,,0,20,,97562,7,,,0,60,,97551,7,,,0,20,,97552,7,,,0,20,,97563,7,,,0,60,,97553,7,,,0,20,,97554,7,,,0,20,,97564,7,,,0,60,,97555,7,,,0,20,,97556,7,,,0,69,,97565,7,,,0,30,,97557,7,,,0,70,,97558,7,,,0,30,,97559,7,,,0,97,,97560,7,,,0,99,,97566,7,,,0,100,,97567,7,,,0,100,,97568,7,,,0
1870500,'1_merged_15291795',631,,99365,49,,,0,16,,99369,49,,,0,56,,99376,49,,,0,15,,99349,49,,,0,15,,99350,49,,,0,18,,99370,49,,,0,52,,99384,49,,,0,14,,99380,49,,,0,12,,99351,49,,,0,15,,99352,49,,,0,60,,99371,49,,,0,20,,99353,49,,,0,20,,99354,49,,,0,60,,99337,49,,,0,30,,99338,49,,,0,70,,99339,49,,,0,31,,99340,49,,,0,71,,99341,49,,,0,30,,99368,49,,,0,71,,99342,49,,,0,30,,99343,49,,,0,71,,99345,49,,,0,24,,99344,49,,,0,20,,99372,49,,,0,61,,99378,49,,,0,22,,99346,49,,,0,20,,99373,49,,,0,61,,99347,49,,,0,21,,99348,49,,,0,20,,99374,49,,,0,59,,99355,49,,,0,15,,99356,49,,,0,18,,99377,49,,,0,55,,99379,49,,,0,18,,99375,49,,,0,15,,99357,49,,,0,18,,99358,49,,,0,60,,99359,49,,,0,23,,99360,49,,,0,68,,99361,49,,,0,30,,99362,49,,,0,70,,99363,49,,,0,25,,99364,49,,,0,96,,99381,49,,,0,99,,99382,49,,,0,100,,99383,49,,,0
1870500,'2_merged_15291797',627,,99408,49,,,0,75,,99409,49,,,0,32,,99410,49,,,0,71,,99411,49,,,0,31,,99412,49,,,0,73,,99413,49,,,0,33,,99414,49,,,0,70,,99415,49,,,0,30,,99385,49,,,0,70,,99386,49,,,0,30,,99387,49,,,0,68,,99388,49,,,0,28,,99389,49,,,0,68,,99390,49,,,0,30,,99391,49,,,0,70,,99392,49,,,0,30,,99393,49,,,0,71,,99394,49,,,0,30,,99395,49,,,0,70,,99396,49,,,0,30,,99397,49,,,0,68,,99398,49,,,0,30,,99399,49,,,0,71,,99400,49,,,0,32,,99404,49,,,0,72,,99401,49,,,0,30,,99402,49,,,0,69,,99403,49,,,0,29,,99405,49,,,0,68,,99406,49,,,0,30,,99407,49,,,0,94,,99416,49,,,0,98,,99417,49,,,0,100,,99418,49,,,0
1870500,'3_merged_15291796',628,,99423,49,,,0,75,,99424,49,,,0,30,,99425,49,,,0,70,,99426,49,,,0,30,,99434,49,,,0,71,,99427,49,,,0,30,,99428,49,,,0,70,,99429,49,,,0,30,,99430,49,,,0,70,,99431,49,,,0,30,,99432,49,,,0,73,,99433,49,,,0,31,,99435,49,,,0,71,,99436,49,,,0,29,,99437,49,,,0,70,,99438,49,,,0,30,,99439,49,,,0,71,,99440,49,,,0,27,,99441,49,,,0,70,,99442,49,,,0,30,,99443,49,,,0,70,,99444,49,,,0,29,,99445,49,,,0,70,,99446,49,,,0,28,,99447,49,,,0,68,,99448,49,,,0,30,,99449,49,,,0,72,,99419,49,,,0,30,,99420,49,,,0,70,,99421,49,,,0,28,,99422,49,,,0,99,,99450,49,,,0,99,,99451,49,,,0,100,,99452,49,,,0
