672400,'1_merged_15288063',429,,87300,4,,,0,26,,87303,4,,,0,60,,87330,4,,,0,24,,87293,4,,,0,61,,87305,4,,,0,13,,87294,4,,,0,15,,87332,4,,,0,14,,87316,4,,,0,12,,87337,4,,,0,54,,87338,4,,,0,15,,87339,4,,,0,14,,87340,4,,,0,14,,87304,4,,,0,52,,87341,4,,,0,17,,87298,4,,,0,15,,87342,4,,,0,14,,87314,4,,,0,55,,87343,4,,,0,15,,87326,4,,,0,17,,87317,4,,,0,17,,87344,4,,,0,58,,87345,4,,,0,21,,87318,4,,,0,18,,87312,4,,,0,60,,87328,4,,,0,20,,87319,4,,,0,19,,87329,4,,,0,60,,87299,4,,,0,21,,87320,4,,,0,19,,87297,4,,,0,59,,87309,4,,,0,20,,87321,4,,,0,20,,87313,4,,,0,61,,87333,4,,,0,14,,87302,4,,,0,15,,87323,4,,,0,14,,87308,4,,,0,55,,87334,4,,,0,15,,87310,4,,,0,14,,87315,4,,,0,17,,87301,4,,,0,56,,87346,4,,,0,15,,87347,4,,,0,15,,87348,4,,,0,15,,87349,4,,,0,55,,87350,4,,,0,18,,87351,4,,,0,15,,87352,4,,,0,58,,87353,4,,,0,15,,87354,4,,,0,18,,87355,4,,,0,15,,87356,4,,,0,57,,87357,4,,,0,16,,87306,4,,,0,19,,87358,4,,,0,66,,87307,4,,,0,25,,87331,4,,,0,69,,87295,4,,,0,31,,87322,4,,,0,70,,87324,4,,,0,37,,87296,4,,,0,64,,87311,4,,,0,30,,87335,4,,,0,70,,87325,4,,,0,30,,87336,4,,,0,27,,87327,4,,,0,58,,87292,4,0,95 43,0,22,,87290,4,0,95 43,0,77,,87291,4,0,95 43,0
672400,'2_merged_15288065',421,,87396,4,,,0,35,,87400,4,,,0,74,,87401,4,,,0,29,,87402,4,,,0,70,,87403,4,,,0,30,,87404,4,,,0,71,,87405,4,,,0,27,,87406,4,,,0,68,,87407,4,,,0,20,,87408,4,,,0,14,,87420,4,,,0,55,,87421,4,,,0,14,,87422,4,,,0,15,,87423,4,,,0,14,,87424,4,,,0,55,,87360,4,,,0,14,,87361,4,,,0,15,,87362,4,,,0,14,,87363,4,,,0,55,,87364,4,,,0,15,,87365,4,,,0,15,,87366,4,,,0,13,,87367,4,,,0,55,,87368,4,,,0,13,,87369,4,,,0,15,,87370,4,,,0,15,,87371,4,,,0,56,,87372,4,,,0,13,,87373,4,,,0,15,,87374,4,,,0,15,,87375,4,,,0,55,,87376,4,,,0,14,,87377,4,,,0,15,,87378,4,,,0,13,,87379,4,,,0,55,,87380,4,,,0,15,,87381,4,,,0,17,,87382,4,,,0,15,,87359,4,,,0,56,,87383,4,,,0,16,,87384,4,,,0,16,,87385,4,,,0,21,,87386,4,,,0,55,,87387,4,,,0,15,,87388,4,,,0,15,,87389,4,,,0,57,,87409,4,,,0,23,,87410,4,,,0,21,,87411,4,,,0,63,,87412,4,,,0,22,,87413,4,,,0,20,,87414,4,,,0,66,,87416,4,,,0,30,,87418,4,,,0,10,,87417,4,0,95 43,0,60,,87419,4,,,0,33,,87392,4,,,0,70,,87393,4,,,0,33,,87394,4,,,0,66,,87415,4,,,0,27,,87397,4,,,0,68,,87391,4,,,0,39,,87398,4,,,0,69,,87390,4,,,0,34,,87395,4,0,95 43,0,69,,87399,4,0,95 43,0
672400,'3_merged_15288064',454,,87449,4,,,0,70,,87453,4,,,0,30,,87454,4,,,0,69,,87455,4,,,0,30,,87456,4,,,0,68,,87457,4,,,0,21,,87458,4,,,0,59,,87459,4,,,0,21,,87460,4,,,0,19,,87461,4,,,0,61,,87462,4,,,0,20,,87463,4,,,0,17,,87464,4,,,0,20,,87465,4,,,0,60,,87466,4,,,0,18,,87467,4,,,0,19,,87468,4,,,0,60,,87469,4,,,0,18,,87470,4,,,0,20,,87471,4,,,0,60,,87472,4,,,0,20,,87473,4,,,0,20,,87474,4,,,0,60,,87475,4,,,0,19,,87476,4,,,0,20,,87477,4,,,0,56,,87436,4,,,0,15,,87478,4,,,0,14,,87479,4,,,0,15,,87480,4,,,0,54,,87437,4,,,0,17,,87481,4,,,0,16,,87482,4,,,0,16,,87483,4,,,0,56,,87438,4,,,0,16,,87484,4,,,0,15,,87485,4,,,0,15,,87425,4,,,0,55,,87439,4,,,0,15,,87426,4,,,0,16,,87427,4,,,0,57,,87428,4,,,0,15,,87440,4,,,0,18,,87434,4,,,0,16,,87435,4,,,0,59,,87433,4,,,0,20,,87441,4,,,0,18,,87429,4,,,0,60,,87430,4,,,0,29,,87431,4,,,0,70,,87432,4,,,0,33,,87445,4,,,0,69,,87446,4,,,0,30,,87447,4,,,0,71,,87442,4,,,0,31,,87450,4,,,0,71,,87444,4,,,0,31,,87451,4,,,0,70,,87443,4,,,0,34,,87448,4,0,95 43,0,70,,87452,4,0,95 43,0
672501,'1_merged_15288063',619,,87779,4,,,0,30,,87780,4,,,0,70,,87781,4,,,0,31,,87782,4,,,0,70,,87783,4,,,0,30,,87784,4,,,0,70,,87785,4,,,0,30,,87786,4,,,0,70,,87787,4,,,0,29,,87788,4,,,0,70,,87789,4,,,0,30,,87790,4,,,0,70,,87791,4,,,0,30,,87792,4,,,0,70,,87793,4,,,0,31,,87794,4,,,0,70,,87795,4,,,0,30,,87796,4,,,0,70,,87797,4,,,0,30,,87798,4,,,0,70,,87799,4,,,0,30,,87800,4,,,0,70,,87801,4,,,0,29,,87802,4,,,0,70,,87803,4,,,0,32,,87804,4,,,0,71,,87805,4,,,0,30,,87806,4,,,0,70,,87807,4,,,0,31,,87808,4,,,0,70,,87809,4,,,0,30,,87810,4,,,0,70,,87811,4,,,0,100,,87812,4,,,0,100,,87813,4,,,0,112,,87814,4,0,96 3 97 43,0
672501,'2_merged_15288065',610,,87815,4,,,0,32,,87833,4,,,0,72,,87834,4,,,0,30,,87835,4,,,0,70,,87836,4,,,0,30,,87817,4,,,0,70,,87837,4,,,0,34,,87838,4,,,0,70,,87839,4,,,0,30,,87818,4,,,0,70,,87843,4,,,0,30,,87844,4,,,0,70,,87845,4,,,0,31,,87832,4,,,0,70,,87822,4,,,0,30,,87831,4,,,0,70,,87848,4,,,0,30,,87825,4,,,0,69,,87830,4,,,0,30,,87842,4,,,0,70,,87841,4,,,0,30,,87823,4,,,0,70,,87828,4,,,0,30,,87826,4,,,0,70,,87827,4,,,0,30,,87840,4,,,0,71,,87819,4,,,0,31,,87816,4,,,0,71,,87820,4,,,0,30,,87850,4,,,0,70,,87821,4,,,0,100,,87846,4,,,0,102,,87824,4,,,0,98,,87829,4,,,0
672501,'3_merged_15288064',721,,87857,4,,,0,32,,87854,4,,,0,70,,87856,4,,,0,30,,87869,4,,,0,70,,87883,4,,,0,29,,87882,4,,,0,71,,87881,4,,,0,29,,87879,4,,,0,70,,87863,4,,,0,30,,87867,4,,,0,70,,87858,4,,,0,30,,87859,4,,,0,70,,87860,4,,,0,30,,87855,4,,,0,71,,87861,4,,,0,30,,87862,4,,,0,70,,87885,4,,,0,30,,87870,4,,,0,70,,87871,4,,,0,30,,87866,4,,,0,70,,87864,4,,,0,31,,87878,4,,,0,70,,87884,4,,,0,31,,87851,4,,,0,70,,87852,4,,,0,30,,87853,4,,,0,71,,87872,4,,,0,30,,87873,4,,,0,70,,87874,4,,,0,31,,87875,4,,,0,89,,87876,4,,,0,95,,87877,4,,,0,100,,87880,4,,,0,100,,87865,4,0,96 3 97 43,0
682801,'1101_merged_15288074',2035,,95343,4,,,0
682801,'1201_merged_15288056',2035,,95346,4,,,0,108,,95345,4,,,0,107,,95344,4,,,0
682801,'1_merged_15288063',845,,95362,4,,,0,80,,95363,4,,,0,80,,95360,4,,,0,39,,95361,4,,,0,80,,95359,4,,,0,80,,95347,4,,,0,40,,95364,4,,,0,80,,95358,4,,,0,80,,95357,4,,,0,40,,95356,4,,,0,80,,95355,4,,,0,82,,95354,4,,,0,39,,95353,4,,,0,79,,95352,4,,,0,79,,95351,4,,,0,40,,95350,4,,,0,80,,95349,4,,,0,82,,95348,4,,,0
682801,'2_merged_15288065',912,,95376,4,,,0,40,,95375,4,,,0,80,,95374,4,,,0,80,,95373,4,,,0,40,,95372,4,,,0,80,,95371,4,,,0,80,,95370,4,,,0,40,,95369,4,,,0,82,,95368,4,,,0,80,,95367,4,,,0,40,,95366,4,,,0,80,,95365,4,,,0,80,,95384,4,,,0,40,,95383,4,,,0,80,,95382,4,,,0,70,,95381,4,,,0,110,,95380,4,,,0,107,,95379,4,,,0,107,,95378,4,,,0,104,,95377,4,,,0
682801,'3_merged_15288064',1112,,95385,4,,,0,40,,95397,4,,,0,81,,95396,4,,,0,80,,95395,4,,,0,40,,95394,4,,,0,78,,95393,4,,,0,84,,95392,4,,,0,40,,95391,4,,,0,80,,95390,4,,,0,80,,95389,4,,,0,40,,95388,4,,,0,80,,95387,4,,,0,77,,95386,4,,,0
3454301,'1_merged_15288063',1906,,108614,4,,,0,15,,108615,4,,,0,15,,108616,4,,,0,15,,108617,4,,,0,56,,108618,4,,,0,15,,108619,4,,,0,28,,108620,4,,,0,69,,108621,4,,,0,29,,108622,4,,,0,70,,108623,4,,,0,29,,108624,4,,,0,70,,108625,4,,,0,30,,108626,4,,,0,70,,108627,4,,,0
3454301,'2_merged_15288065',520,,108691,4,,,0,35,,108690,4,,,0,70,,108689,4,,,0,30,,108688,4,,,0,68,,108687,4,,,0,29,,108686,4,,,0,66,,108685,4,,,0,20,,108684,4,,,0,20,,108683,4,,,0,58,,108682,4,,,0,20,,108681,4,,,0,20,,108680,4,,,0,60,,108679,4,,,0,19,,108678,4,,,0,20,,108677,4,,,0,60,,108676,4,,,0,20,,108675,4,,,0,20,,108674,4,,,0,60,,108673,4,,,0,20,,108672,4,,,0,20,,108671,4,,,0,60,,108670,4,,,0,20,,108669,4,,,0,20,,108668,4,,,0,60,,108667,4,,,0,20,,108666,4,,,0,21,,108645,4,,,0,60,,108644,4,,,0,20,,108665,4,,,0,21,,108664,4,,,0,57,,108663,4,,,0,21,,108662,4,,,0,22,,108661,4,,,0,61,,108660,4,,,0,20,,108659,4,,,0,20,,108658,4,,,0,62,,108657,4,,,0,31,,108656,4,,,0,71,,108655,4,,,0,33,,108654,4,,,0,70,,108653,4,,,0,31,,108652,4,,,0,70,,108651,4,,,0,31,,108650,4,,,0,70,,108649,4,,,0,99,,108648,4,,,0,96,,108647,4,,,0
3454301,'3_merged_15288064',524,,108700,4,,,0,35,,108701,4,,,0,74,,108732,4,,,0,68,,108733,4,,,0,31,,108734,4,,,0,71,,108702,4,,,0,30,,108703,4,,,0,70,,108704,4,,,0,28,,108705,4,,,0,69,,108706,4,,,0,30,,108697,4,,,0,27,,108707,4,,,0,59,,108708,4,,,0,18,,108698,4,,,0,20,,108709,4,,,0,62,,108710,4,,,0,20,,108699,4,,,0,20,,108711,4,,,0,63,,108712,4,,,0,21,,108696,4,,,0,60,,108713,4,,,0,21,,108714,4,,,0,21,,108693,4,,,0,58,,108715,4,,,0,20,,108716,4,,,0,18,,108694,4,,,0,21,,108717,4,,,0,60,,108718,4,,,0,20,,108695,4,,,0,20,,108719,4,,,0,70,,108720,4,,,0,71,,108731,4,,,0,38,,108721,4,,,0,75,,108722,4,,,0,35,,108723,4,,,0,75,,108726,4,,,0,35,,108725,4,,,0,75,,108724,4,,,0,75,,108727,4,,,0,37,,108728,4,,,0,75,,108692,4,,,0,104,,108729,4,,,0
