'101merged15072461',667601,82800,4,'',0,69800,4,'',0,8600,4,'',0
'1merged15072454',667601,53200,4,'',0,8000,4,'',0,1600,4,'',0,2700,4,'',0,5700,4,'',0,1200,4,'',0,1200,4,'',0,2000,4,'',0,5800,4,'',0,3100,4,'',0,5700,4,'',0,2000,4,'',0,2100,4,'',0,6900,4,'',0,3000,4,'',0,7000,4,'',0,3000,4,'',0,6800,4,'',0,3200,4,'',0,7400,4,'',0,2700,4,'',0,7000,4,'',0,3000,4,'',0,7000,4,'',0,3200,4,'',0,8000,4,'',0,2000,4,'',0,1200,4,'',0,5700,4,'',0,1100,4,'',0,1800,4,'',0,1200,4,'',0,5500,4,'',0,1500,4,'',0,1700,4,'',0,1600,4,'',0,5500,4,'',0,1500,4,'',0,1700,4,'',0,1300,4,'',0,6900,4,'',0,3000,4,'',0,7000,4,'',0,3000,4,'',0,7000,4,'',0,3000,4,'',0,7100,4,'',0,2800,4,'',0,7100,4,'',0,2800,4,'',0,7100,4,'',0
'201merged15072444',667601,82800,4,'',0,78400,4,'',0
'2merged15072456',667601,55700,4,'',0,7000,4,'',0,3000,4,'',0,7000,4,'',0,3000,4,'',0,7000,4,'',0,3000,4,'',0,7000,4,'',0,2700,4,'',0,7200,4,'',0,3000,4,'',0,7000,4,'',0,3000,4,'',0,7000,4,'',0,3000,4,'',0,7000,4,'',0,3000,4,'',0,7000,4,'',0,3000,4,'',0,7000,4,'',0,3000,4,'',0,7000,4,'',0,3000,4,'',0,7000,4,'',0,3000,4,'',0,7000,4,'',0,3000,4,'',0,7000,4,'',0,3000,4,'',0,7000,4,'',0,3000,4,'',0,7000,4,'',0,3000,4,'',0,7100,4,'',0,2900,4,'',0,7000,4,'',0,3000,4,'',0,6900,4,'',0,3000,4,'',0,7100,4,'',0
'3merged15072455',667601,72600,4,'',0,10000,4,'',0,10000,4,'',0,10000,4,'',0,10000,4,'',0,3200,4,'',0,6800,4,'',0,3100,4,'',0,7000,4,'',0,3100,4,'',0,7000,4,'',0,3000,4,'',0,7000,4,'',0,3000,4,'',0,7000,4,'',0,3000,4,'',0,7000,4,'',0,3000,4,'',0,7000,4,'',0,3000,4,'',0,7000,4,'',0,3000,4,'',0,7000,4,'',0,3000,4,'',0,7000,4,'',0,3000,4,'',0,6900,4,'',0,2800,4,'',0,7200,4,'',0
'1merged15072454',667701,55600,4,'',0,7000,4,'',0,2700,4,'',0,5200,4,'',0,1600,4,'',0,1400,4,'',0,2000,4,'',0,5100,4,'',0,1900,4,'',0,2400,4,'',0,7700,4,'',0,7600,4,'',0,2600,4,'',0,3000,4,'',0,6800,4,'',0,3000,4,'',0,6900,4,'',0,3000,4,'',0,6900,4,'',0,2900,4,'',0,6900,4,'',0,2600,4,'',0,5500,4,'',0,1900,4,'',0,1400,4,'',0,7000,4,'',0,1800,4,'',0,1800,4,'',0,1300,4,'',0,5100,4,'',0,1800,4,'',0,1200,4,'',0,1700,4,'',0,5200,4,'',0,1900,4,'',0,1900,4,'',0,1300,4,'',0,5400,4,'',0,1200,4,'',0,1700,4,'',0,1900,4,'',0,7000,4,'',0,3000,4,'',0,6900,4,'',0,3100,4,'',0,6900,4,'',0,3100,4,'',0,6000,4,'',0,3900,4,'',0,9600,4,'',0
'2merged15072456',667701,72400,4,'',0,3100,4,'',0,7100,4,'',0,3000,4,'',0,7000,4,'',0,3000,4,'',0,7100,4,'',0,3100,4,'',0,6800,4,'',0,2900,4,'',0,7000,4,'',0,3100,4,'',0,7000,4,'',0,1500,4,'',0,1500,4,'',0,6500,4,'',0,2000,4,'',0,1500,4,'',0,6500,4,'',0,2000,4,'',0,1600,4,'',0,6500,4,'',0,1900,4,'',0,1800,4,'',0,6500,4,'',0,1900,4,'',0,1500,4,'',0,5700,4,'',0,2200,4,'',0,2000,4,'',0,5500,4,'',0,2300,4,'',0,2000,4,'',0,5600,4,'',0,2900,4,'',0,1600,4,'',0,7000,4,'',0,3000,4,'',0,6900,4,'',0,3000,4,'',0,7000,4,'',0,2700,4,'',0,7100,4,'',0,3000,4,'',0,7000,4,'',0
'3merged15072455',667701,82400,4,'',0,3000,4,'',0,7000,4,'',0,3000,4,'',0,7200,4,'',0,3000,4,'',0,7100,4,'',0,2800,4,'',0,7200,4,'',0,2900,4,'',0,7200,4,'',0,3000,4,'',0,7200,4,'',0,1200,4,'',0,6700,4,'',0,2100,4,'',0,1500,4,'',0,6800,4,'',0,1600,4,'',0,1500,4,'',0,7100,4,'',0,1500,4,'',0,1400,4,'',0,7100,4,'',0,1300,4,'',0,1600,4,'',0,7000,4,'',0,1500,4,'',0,1500,4,'',0,6700,4,'',0,1600,4,'',0,1700,4,'',0,6400,4,'',0,1700,4,'',0,2900,4,'',0,6900,4,'',0,2900,4,'',0,6800,4,'',0,3100,4,'',0,7200,4,'',0
'1merged15072454',667801,61200,4,'',0,1600,4,'',0,7500,4,'',0,2200,4,'',0,1800,4,'',0,1200,4,'',0,5700,4,'',0,1300,4,'',0,1700,4,'',0,7400,4,'',0,2800,4,'',0,7000,4,'',0,3000,4,'',0,6800,4,'',0,3000,4,'',0,7000,4,'',0,3000,4,'',0,7100,4,'',0,3000,4,'',0,7000,4,'',0,3000,4,'',0,7200,4,'',0,3100,4,'',0,6000,4,'',0,2000,4,'',0,1900,4,'',0,5600,4,'',0,1600,4,'',0,1600,4,'',0,1600,4,'',0,5100,4,'',0,1500,4,'',0,1100,4,'',0,3100,4,'',0,7000,4,'',0,3200,4,'',0,6900,4,'',0,3000,4,'',0,7100,4,'',0,10700,4,'',0,9300,4,'',0,10000,4,'',0,10000,4,'',0
'2merged15072456',667801,64200,4,'',0,7000,4,'',0,3000,4,'',0,7000,4,'',0,3100,4,'',0,6900,4,'',0,3000,4,'',0,7100,4,'',0,3000,4,'',0,6900,4,'',0,3100,4,'',0,7000,4,'',0,2800,4,'',0,7400,4,'',0,2800,4,'',0,7100,4,'',0,3000,4,'',0,6900,4,'',0,2800,4,'',0,7100,4,'',0,3000,4,'',0,7200,4,'',0,3000,4,'',0,6800,4,'',0,3000,4,'',0,7000,4,'',0,3000,4,'',0,7000,4,'',0,3000,4,'',0,8000,4,'',0,3000,4,'',0,7100,4,'',0,9800,4,'',0,10000,4,'',0,9900,4,'',0
'3merged15072455',667801,81000,4,'',0,3200,4,'',0,7000,4,'',0,3000,4,'',0,7000,4,'',0,3000,4,'',0,6200,4,'',0,3200,4,'',0,7200,4,'',0,3600,4,'',0,7500,4,'',0,2500,4,'',0,6900,4,'',0,2900,4,'',0,7000,4,'',0,3000,4,'',0,7000,4,'',0,3000,4,'',0,7000,4,'',0,3000,4,'',0,7000,4,'',0,2900,4,'',0,7000,4,'',0,3000,4,'',0,7000,4,'',0,2700,4,'',0,7300,4,'',0,1900,4,'',0,9600,4,'',0,10100,4,'',0,10000,4,'',0
'1merged15072454',668001,62500,4,'',0,9900,4,'',0,2800,4,'',0,7100,4,'',0,8000,4,'',0,3100,4,'',0,2200,4,'',0,6600,4,'',0,2900,4,'',0,7100,4,'',0,2800,4,'',0,7400,4,'',0,3100,4,'',0,6800,4,'',0,3200,4,'',0,6700,4,'',0,3400,4,'',0,6900,4,'',0,1800,4,'',0,1300,4,'',0,5400,4,'',0,1700,4,'',0,1600,4,'',0,1500,4,'',0,5600,4,'',0,1000,4,'',0,2000,4,'',0,1300,4,'',0,5800,4,'',0,1100,4,'',0,1600,4,'',0,1300,4,'',0,5300,4,'',0,1500,4,'',0,3300,4,'',0,10000,4,'',0,10100,4,'',0,10000,4,'',0,10000,4,'',0,9700,4,'',0
'2merged15072456',668001,65400,4,'',0,7500,4,'',0,2600,4,'',0,7400,4,'',0,2200,4,'',0,7100,4,'',0,3200,4,'',0,5600,4,'',0,1500,4,'',0,1500,4,'',0,1300,4,'',0,5500,4,'',0,1800,4,'',0,1500,4,'',0,1600,4,'',0,5500,4,'',0,1500,4,'',0,1500,4,'',0,1600,4,'',0,5500,4,'',0,1500,4,'',0,1500,4,'',0,1500,4,'',0,5400,4,'',0,1500,4,'',0,1500,4,'',0,1500,4,'',0,5400,4,'',0,1600,4,'',0,1600,4,'',0,1500,4,'',0,5500,4,'',0,1500,4,'',0,1400,4,'',0,1500,4,'',0,5400,4,'',0,1500,4,'',0,1500,4,'',0,1400,4,'',0,5500,4,'',0,1500,4,'',0,1400,4,'',0,1500,4,'',0,7100,4,'',0,3000,4,'',0,10000,4,'',0,10100,4,'',0,10200,4,'',0,9900,4,'',0,9700,4,'',0
'3merged15072455',668001,82800,4,'',0,10000,4,'',0,2900,4,'',0,5500,4,'',0,1300,4,'',0,1700,4,'',0,1500,4,'',0,5500,4,'',0,1200,4,'',0,1800,4,'',0,1500,4,'',0,5500,4,'',0,1500,4,'',0,1600,4,'',0,1500,4,'',0,5500,4,'',0,1400,4,'',0,1500,4,'',0,1500,4,'',0,5500,4,'',0,1500,4,'',0,1600,4,'',0,1500,4,'',0,5500,4,'',0,1100,4,'',0,1700,4,'',0,1400,4,'',0,5700,4,'',0,1600,4,'',0,1500,4,'',0,1500,4,'',0,5500,4,'',0,1500,4,'',0,1500,4,'',0,1500,4,'',0,5400,4,'',0,1500,4,'',0,1500,4,'',0,1600,4,'',0,6900,4,'',0,3200,4,'',0,9900,4,'',0,10000,4,'',0,9700,4,'',0
'1merged15072454',3679901,60800,4,'',0,3300,4,'',0,1600,4,'',0,5000,4,'',0,2900,4,'',0,1300,4,'',0,5900,4,'',0,1400,4,'',0,1100,4,'',0,2300,4,'',0,5100,4,'',0,1600,4,'',0,1700,4,'',0,6800,4,'',0,2600,4,'',0,2000,4,'',0,7100,4,'',0,2800,4,'',0,7200,4,'',0,3100,4,'',0,7100,4,'',0,3000,4,'',0,6700,4,'',0,3300,4,'',0,6600,4,'',0,2200,4,'',0,7100,4,'',0,1300,4,'',0,1700,4,'',0,1300,4,'',0,5800,4,'',0,1000,4,'',0,1200,4,'',0,1100,4,'',0,5000,4,'',0,1000,4,'',0,500,4,'',0,1200,4,'',0,1600,4,'',0,1600,4,'',0,5400,4,'',0,2400,4,'',0,6600,4,'',0,5600,4,'',0,9700,4,'',0,10200,4,'',0,9600,4,'',0,10000,4,'',0
'2merged15072456',3679901,62500,4,'',0,3000,4,'',0,7000,4,'',0,3100,4,'',0,7000,4,'',0,3000,4,'',0,7100,4,'',0,2900,4,'',0,7100,4,'',0,3100,4,'',0,7100,4,'',0,3000,4,'',0,6900,4,'',0,3100,4,'',0,7000,4,'',0,3000,4,'',0,6900,4,'',0,2900,4,'',0,7000,4,'',0,3100,4,'',0,7000,4,'',0,3000,4,'',0,6900,4,'',0,3100,4,'',0,7000,4,'',0,3000,4,'',0,7100,4,'',0,2600,4,'',0,10300,4,'',0,10000,4,'',0,9700,4,'',0,9900,4,'',0,10000,4,'',0
'3merged15072455',3679901,85200,4,'',0,10200,4,'',0,10100,4,'',0,7200,4,'',0,7300,4,'',0,2700,4,'',0,3200,4,'',0,7000,4,'',0,2900,4,'',0,7000,4,'',0,3100,4,'',0,6900,4,'',0,3000,4,'',0,7200,4,'',0,2900,4,'',0,6900,4,'',0,2900,4,'',0,7100,4,'',0,2900,4,'',0,7500,4,'',0,2200,4,'',0,10200,4,'',0,9800,4,'',0,9800,4,'',0,10500,4,'',0,9700,4,'',0
