664300,'1_merged_15524980',529,,129823,8,,,0,20,,129824,8,,,0,60,,129825,8,,,0,20,,129826,8,,,0,20,,129827,8,,,0,60,,129828,8,,,0,20,,129829,8,,,0,21,,129830,8,,,0,59,,129831,8,,,0,20,,129832,8,,,0,25,,129833,8,,,0,65,,129834,8,,,0,35,,129835,8,,,0,70,,129836,8,,,0,30,,129837,8,,,0,70,,129838,8,,,0,30,,129839,8,,,0,70,,129840,8,,,0,30,,129841,8,,,0,71,,129842,8,,,0,27,,129843,8,,,0,73,,129844,8,,,0,31,,129845,8,,,0,55,,129846,8,,,0,20,,129847,8,,,0,20,,129848,8,,,0,60,,129849,8,,,0,20,,129850,8,,,0,20,,129851,8,,,0,55,,129852,8,,,0,20,,129853,8,,,0,20,,129854,8,,,0,59,,129855,8,,,0,20,,129856,8,,,0,25,,129857,8,,,0,69,,129858,8,,,0,30,,129859,8,,,0,70,,129860,8,,,0,30,,129861,8,,,0,100,,129862,8,,,0,100,,129863,8,,,0,100,,129864,8,,,0,154,,129865,8,,,0
664300,'2_merged_15524982',619,,129866,8,,,0,30,,129867,8,,,0,70,,129868,8,,,0,31,,129869,8,,,0,69,,129870,8,,,0,32,,129871,8,,,0,70,,129872,8,,,0,30,,129873,8,,,0,70,,129874,8,,,0,23,,129875,8,,,0,70,,129876,8,,,0,30,,129877,8,,,0,70,,129878,8,,,0,30,,129879,8,,,0,70,,129880,8,,,0,30,,129881,8,,,0,70,,129882,8,,,0,30,,129883,8,,,0,71,,129884,8,,,0,30,,129885,8,,,0,70,,129886,8,,,0,30,,129887,8,,,0,70,,129888,8,,,0,30,,129889,8,,,0,69,,129890,8,,,0,30,,129891,8,,,0,77,,129892,8,,,0,30,,129893,8,,,0,70,,129894,8,,,0,28,,129895,8,,,0,100,,129899,8,,,0,105,,129896,8,,,0,100,,129897,8,,,0,100,,129898,8,,,0
664300,'3_merged_15524981',748,,129921,8,,,0,70,,129920,8,,,0,30,,129919,8,,,0,70,,129918,8,,,0,31,,129917,8,,,0,70,,129916,8,,,0,30,,129915,8,,,0,70,,129914,8,,,0,30,,129913,8,,,0,70,,129912,8,,,0,30,,129911,8,,,0,70,,129910,8,,,0,30,,129909,8,,,0,70,,129901,8,,,0,30,,129900,8,,,0,70,,129930,8,,,0,30,,129929,8,,,0,70,,129928,8,,,0,30,,129927,8,,,0,70,,129926,8,,,0,30,,129925,8,,,0,70,,129924,8,,,0,30,,129923,8,,,0,70,,129902,8,,,0,30,,129908,8,,,0,73,,129907,8,,,0,23,,129906,8,,,0,95,,129904,8,,,0,109,,129905,8,,,0,104,,129903,8,,,0,149,,129922,8,,,0
666200,'101_merged_15524987',1513,,134836,8,,,0
666200,'1_merged_15524980',549,,134868,8,,,0,60,,134867,8,,,0,15,,134866,8,,,0,16,,134865,8,,,0,14,,134885,8,,,0,55,,134864,8,,,0,10,,134863,8,,,0,20,,134862,8,,,0,15,,134861,8,,,0,55,,134886,8,,,0,5,,134891,8,,,0,10,,134860,8,,,0,15,,134854,8,,,0,16,,134853,8,,,0,54,,134859,8,,,0,15,,134887,8,,,0,14,,134873,8,,,0,20,,134858,8,,,0,56,,134857,8,,,0,20,,134872,8,,,0,20,,134856,8,,,0,60,,134855,8,,,0,20,,134871,8,,,0,20,,134852,8,,,0,61,,134851,8,,,0,20,,134870,8,,,0,20,,134850,8,,,0,60,,134849,8,,,0,20,,134869,8,,,0,20,,134848,8,,,0,69,,134847,8,,,0,21,,134846,8,,,0,61,,134845,8,,,0,20,,134888,8,,,0,10,,134892,8,,,0,15,,134844,8,,,0,60,,134843,8,,,0,15,,134889,8,,,0,10,,134842,8,,,0,20,,134881,8,,,0,50,,134882,8,,,0,20,,134890,8,,,0,20,,134841,8,,,0,59,,134880,8,,,0,20,,134840,8,,,0,24,,134839,8,,,0,75,,134838,8,,,0,30,,134874,8,,,0,70,,134837,8,,,0,30,,134884,8,,,0,70,,134879,8,,,0,30,,134893,8,,,0,70,,134878,8,,,0,30,,134894,8,,,0,70,,134883,8,,,0,30,,134895,8,,,0,79,,134877,8,,,0,22,,134875,8,,,0,88,,134876,8,,,0
666200,'201',1513,,134896,8,,,0
666200,'2_merged_15524982',558,,134897,8,,,0,70,,134898,8,,,0,30,,134899,8,,,0,71,,134900,8,,,0,30,,134901,8,,,0,70,,134902,8,,,0,30,,134903,8,,,0,70,,134904,8,,,0,30,,134905,8,,,0,70,,134906,8,,,0,25,,134907,8,,,0,71,,134908,8,,,0,30,,134909,8,,,0,70,,134910,8,,,0,30,,134911,8,,,0,70,,134912,8,,,0,30,,134913,8,,,0,70,,134914,8,,,0,30,,134915,8,,,0,70,,134916,8,,,0,30,,134917,8,,,0,70,,134918,8,,,0,30,,134919,8,,,0,70,,134920,8,,,0,29,,134921,8,,,0,70,,134922,8,,,0,30,,134923,8,,,0,75,,134924,8,,,0,30,,134925,8,,,0,70,,134926,8,,,0,30,,134927,8,,,0,70,,134928,8,,,0,30,,134933,8,,,0,75,,134931,8,,,0,70,,134934,8,,,0,30,,134932,8,,,0,70,,134935,8,,,0,99,,134929,8,,,0,51,,134930,8,,,0
666200,'3_merged_15524981',729,,134965,8,,,0,30,,134966,8,,,0,70,,134967,8,,,0,30,,134939,8,,,0,70,,134938,8,,,0,30,,134937,8,,,0,70,,134936,8,,,0,30,,134964,8,,,0,70,,134963,8,,,0,30,,134962,8,,,0,70,,134961,8,,,0,30,,134960,8,,,0,70,,134959,8,,,0,30,,134958,8,,,0,70,,134957,8,,,0,30,,134956,8,,,0,70,,134955,8,,,0,30,,134954,8,,,0,70,,134953,8,,,0,30,,134952,8,,,0,70,,134951,8,,,0,30,,134950,8,,,0,70,,134949,8,,,0,30,,134948,8,,,0,70,,134947,8,,,0,30,,134946,8,,,0,70,,134945,8,,,0,30,,134944,8,,,0,70,,134940,8,,,0,30,,134943,8,,,0,70,,134968,8,,,0,30,,134942,8,,,0,70,,134969,8,,,0,30,,134941,8,,,0
666300,'1_merged_15524980',514,,135150,8,,,0,30,,135147,8,,,0,70,,135108,8,,,0,21,,135131,8,,,0,24,,135132,8,,,0,63,,135133,8,,,0,20,,135134,8,,,0,62,,135135,8,,,0,20,,135136,8,,,0,20,,135137,8,,,0,60,,135138,8,,,0,20,,135148,8,,,0,20,,135139,8,,,0,60,,135140,8,,,0,17,,135149,8,,,0,30,,135141,8,,,0,69,,135142,8,,,0,30,,135128,8,,,0,70,,135143,8,,,0,30,,135144,8,,,0,70,,135145,8,,,0,31,,135146,8,,,0,72,,135112,8,,,0,26,,135129,8,,,0,61,,135113,8,,,0,26,,135114,8,,,0,18,,135115,8,,,0,62,,135130,8,,,0,15,,135116,8,,,0,25,,135117,8,,,0,60,,135118,8,,,0,23,,135119,8,,,0,16,,135111,8,,,0,60,,135107,8,,,0,19,,135120,8,,,0,20,,135121,8,,,0,58,,135122,8,,,0,32,,135123,8,,,0,68,,135124,8,,,0,30,,135125,8,,,0,70,,135126,8,,,0,30,,135151,8,,,0,71,,135127,8,,,0,29,,135152,8,,,0,69,,135110,8,,,0,30,,135153,8,,,0,70,,135109,8,,,0
666300,'2_merged_15524982',548,,135157,8,,,0,65,,135158,8,,,0,30,,135159,8,,,0,71,,135160,8,,,0,32,,135161,8,,,0,68,,135162,8,,,0,32,,135163,8,,,0,73,,135164,8,,,0,26,,135165,8,,,0,71,,135166,8,,,0,33,,135167,8,,,0,70,,135168,8,,,0,30,,135169,8,,,0,70,,135170,8,,,0,30,,135171,8,,,0,70,,135172,8,,,0,31,,135173,8,,,0,70,,135174,8,,,0,30,,135175,8,,,0,70,,135176,8,,,0,29,,135177,8,,,0,70,,135178,8,,,0,30,,135179,8,,,0,70,,135180,8,,,0,30,,135181,8,,,0,70,,135182,8,,,0,30,,135183,8,,,0,67,,135184,8,,,0,30,,135185,8,,,0,70,,135186,8,,,0,30,,135187,8,,,0,70,,135188,8,,,0,30,,135189,8,,,0,70,,135154,8,,,0,30,,135190,8,,,0,70,,135156,8,,,0,30,,135191,8,,,0,70,,135155,8,,,0
666300,'3_merged_15524981',714,,135221,8,,,0,30,,135222,8,,,0,70,,135223,8,,,0,30,,135216,8,,,0,70,,135217,8,,,0,30,,135202,8,,,0,70,,135218,8,,,0,30,,135219,8,,,0,70,,135213,8,,,0,30,,135220,8,,,0,70,,135192,8,,,0,30,,135193,8,,,0,71,,135194,8,,,0,30,,135195,8,,,0,70,,135196,8,,,0,30,,135197,8,,,0,70,,135198,8,,,0,30,,135199,8,,,0,69,,135200,8,,,0,30,,135201,8,,,0,70,,135203,8,,,0,30,,135204,8,,,0,70,,135205,8,,,0,30,,135206,8,,,0,70,,135207,8,,,0,30,,135208,8,,,0,70,,135209,8,,,0,30,,135210,8,,,0,69,,135211,8,,,0,30,,135224,8,,,0,70,,135212,8,,,0,30,,135225,8,,,0,70,,135215,8,,,0,30,,135226,8,,,0,60,,135214,8,,,0
