666101,'1_merged_15288063',537,,75057,35,,,0,13,,75058,35,,,0,57,,75027,35,,,0,16,,75028,35,,,0,15,,75029,35,,,0,15,,75030,35,,,0,55,,75031,35,,,0,13,,75032,35,,,0,20,,75033,35,,,0,18,,75034,35,,,0,53,,75035,35,,,0,17,,75036,35,,,0,18,,75037,35,,,0,12,,75038,35,,,0,56,,75039,35,,,0,10,,75040,35,,,0,20,,75041,35,,,0,60,,75042,35,,,0,30,,75043,35,,,0,70,,75044,35,,,0,30,,75045,35,,,0,70,,75046,35,,,0,30,,75047,35,,,0,70,,75048,35,,,0,30,,75049,35,,,0,71,,75050,35,,,0,28,,75051,35,,,0,70,,75052,35,,,0,25,,75053,35,,,0,15,,75054,35,,,0,56,,75075,35,,,0,15,,75055,35,,,0,18,,75056,35,,,0,13,,75059,35,,,0,55,,75060,35,,,0,13,,75077,35,,,0,14,,75061,35,,,0,14,,75062,35,,,0,13,,75063,35,,,0,52,,75064,35,,,0,17,,75065,35,,,0,18,,75066,35,,,0,65,,75067,35,,,0,22,,75068,35,,,0,28,,75069,35,,,0,69,,75070,35,,,0,31,,75071,35,,,0,72,,75072,35,,,0,23,,75073,35,,,0,72,,75074,35,,,0,100,,75076,35,,,0
666101,'2_merged_15288065',549,,75090,35,,,0,71,,75089,35,,,0,30,,75084,35,,,0,70,,75088,35,,,0,30,,75107,35,,,0,71,,75082,35,,,0,30,,75081,35,,,0,70,,75080,35,,,0,31,,75108,35,,,0,70,,75079,35,,,0,30,,75086,35,,,0,72,,75085,35,,,0,31,,75087,35,,,0,70,,75092,35,,,0,30,,75083,35,,,0,70,,75104,35,,,0,30,,75103,35,,,0,70,,75102,35,,,0,30,,75101,35,,,0,70,,75100,35,,,0,30,,75099,35,,,0,70,,75106,35,,,0,30,,75078,35,,,0,70,,75098,35,,,0,30,,75097,35,,,0,67,,75096,35,,,0,30,,75095,35,,,0,70,,75094,35,,,0,29,,75109,35,,,0,75,,75093,35,,,0,30,,75110,35,,,0,70,,75105,35,,,0,30,,75111,35,,,0,70,,75091,35,,,0,100,,75112,35,,,0
666101,'3_merged_15288064',720,,75130,35,,,0,30,,75117,35,,,0,71,,75131,35,,,0,30,,75118,35,,,0,70,,75132,35,,,0,30,,75119,35,,,0,71,,75129,35,,,0,30,,75120,35,,,0,72,,75133,35,,,0,30,,75121,35,,,0,70,,75113,35,,,0,30,,75122,35,,,0,71,,75114,35,,,0,28,,75123,35,,,0,70,,75134,35,,,0,30,,75124,35,,,0,70,,75135,35,,,0,30,,75125,35,,,0,70,,75136,35,,,0,30,,75126,35,,,0,69,,75137,35,,,0,30,,75127,35,,,0,70,,75138,35,,,0,30,,75128,35,,,0,70,,75139,35,,,0,29,,75141,35,,,0,70,,75140,35,,,0,33,,75142,35,,,0,67,,75115,35,,,0,100,,75116,35,,,0,100,,75143,35,,,0
666400,'1_merged_15288063',607,,75691,48,,,0,30,,75684,48,,,0,68,,75685,48,,,0,31,,75656,48,,,0,70,,75657,48,,,0,34,,75658,48,,,0,77,,75659,48,,,0,25,,75660,48,,,0,70,,75688,48,,,0,30,,75661,48,,,0,70,,75662,48,,,0,33,,75663,48,,,0,72,,75664,48,,,0,30,,75665,48,,,0,70,,75666,48,,,0,30,,75667,48,,,0,67,,75668,48,,,0,31,,75670,48,,,0,72,,75671,48,,,0,34,,75672,48,,,0,70,,75686,48,,,0,29,,75673,48,,,0,70,,75674,48,,,0,30,,75675,48,,,0,68,,75676,48,,,0,29,,75677,48,,,0,69,,75655,48,,,0,30,,75669,48,,,0,63,,75678,48,,,0,23,,75679,48,,,0,75,,75687,48,,,0,34,,75690,48,,,0,82,,75680,48,,,0,79,,75681,48,,,0,37,,75682,48,,,0,79,,75689,48,,,0,38,,75683,48,,,0
666400,'2_merged_15288065',635,,75692,48,,,0,70,,75693,48,,,0,30,,75694,48,,,0,70,,75695,48,,,0,31,,75696,48,,,0,72,,75697,48,,,0,30,,75698,48,,,0,70,,75699,48,,,0,33,,75700,48,,,0,70,,75701,48,,,0,32,,75702,48,,,0,70,,75703,48,,,0,30,,75704,48,,,0,71,,75705,48,,,0,30,,75706,48,,,0,71,,75707,48,,,0,32,,75708,48,,,0,70,,75709,48,,,0,29,,75710,48,,,0,70,,75711,48,,,0,28,,75712,48,,,0,70,,75713,48,,,0,30,,75714,48,,,0,69,,75715,48,,,0,30,,75716,48,,,0,68,,75717,48,,,0,29,,75718,48,,,0,70,,75719,48,,,0,98,,75720,48,,,0,100,,75721,48,,,0,98,,75722,48,,,0,100,,75723,48,,,0,96,,75724,48,,,0
666400,'3_merged_15288064',747,,75725,48,,,0,100,,75726,48,,,0,99,,75727,48,,,0,101,,75728,48,,,0,102,,75729,48,,,0,70,,75743,48,,,0,33,,75730,48,,,0,68,,75744,48,,,0,32,,75731,48,,,0,70,,75745,48,,,0,30,,75732,48,,,0,70,,75746,48,,,0,30,,75733,48,,,0,68,,75747,48,,,0,32,,75734,48,,,0,68,,75748,48,,,0,30,,75735,48,,,0,68,,75749,48,,,0,33,,75736,48,,,0,97,,75737,48,,,0,98,,75738,48,,,0,100,,75739,48,,,0,100,,75742,48,,,0,99,,75740,48,,,0,158,,75741,48,,,0
666601,'101_merged_15288070',1601,,76183,35,,,0
666601,'1_merged_15288063',540,,76218,42,,,0,76,,76215,42,,,0,32,,76214,42,,,0,77,,76219,42,,,0,22,,76213,42,,,0,62,,76186,42,,,0,33,,76212,42,,,0,70,,76211,42,,,0,24,,76192,42,,,0,71,,76210,42,,,0,29,,76209,42,,,0,69,,76208,42,,,0,30,,76207,42,,,0,70,,76198,42,,,0,32,,76197,42,,,0,70,,76196,42,,,0,31,,76206,42,,,0,70,,76195,42,,,0,32,,76205,42,,,0,72,,76204,42,,,0,14,,76203,42,,,0,20,,76202,42,,,0,59,,76217,42,,,0,29,,76224,42,,,0,20,,76194,42,,,0,62,,76201,45,,,0,12,,76225,45,,,0,14,,76200,45,,,0,14,,76220,45,,,0,55,,76216,45,,,0,14,,76184,45,,,0,19,,76185,45,,,0,58,,76199,45,,,0,30,,76193,45,,,0,26,,76221,42,,,0,65,,76226,42,,,0,34,,76222,42,,,0,69,,76223,42,,,0,29,,76227,42,,,0,69,,76187,42,,,0,80,,76188,42,,,0,48,,76189,42,,,0,83,,76190,42,,,0,81,,76191,42,,,0
666601,'2_merged_15288065',727,,76260,42,,,0,29,,76228,42,,,0,70,,76229,42,,,0,30,,76230,42,,,0,71,,76231,42,,,0,32,,76232,42,,,0,73,,76233,42,,,0,70,,76234,42,,,0,30,,76235,42,,,0,72,,76236,42,,,0,30,,76237,42,,,0,71,,76238,42,,,0,30,,76239,42,,,0,71,,76240,42,,,0,30,,76241,42,,,0,70,,76242,42,,,0,31,,76243,42,,,0,70,,76244,42,,,0,30,,76245,42,,,0,69,,76246,42,,,0,30,,76247,42,,,0,69,,76248,42,,,0,30,,76249,42,,,0,24,,76250,42,,,0,70,,76251,42,,,0,71,,76252,42,,,0,30,,76253,42,,,0,70,,76254,42,,,0,28,,76261,42,,,0,31,,76255,42,,,0,98,,76256,42,,,0,99,,76257,42,,,0,100,,76258,42,,,0,95,,76259,42,,,0
666601,'3_merged_15288064',728,,76263,42,,,0,108,,76264,42,,,0,102,,76265,42,,,0,69,,76287,42,,,0,33,,76266,42,,,0,69,,76288,42,,,0,30,,76267,42,,,0,72,,76280,42,,,0,30,,76279,42,,,0,70,,76281,42,,,0,32,,76268,42,,,0,70,,76282,42,,,0,30,,76269,42,,,0,70,,76283,42,,,0,30,,76270,42,,,0,70,,76284,42,,,0,30,,76271,42,,,0,70,,76285,42,,,0,30,,76272,42,,,0,70,,76286,42,,,0,29,,76273,42,,,0,67,,76289,42,,,0,32,,76274,42,,,0,68,,76290,42,,,0,32,,76275,42,,,0,70,,76291,42,,,0,28,,76276,42,,,0,98,,76262,42,,,0,98,,76277,42,,,0,94,,76278,42,,,0
666801,'1_merged_15288063',533,,76837,12,,,0,70,,76819,12,,,0,30,,76838,12,,,0,71,,76820,12,,,0,33,,76839,12,,,0,70,,76821,12,,,0,32,,76840,12,,,0,69,,76822,12,,,0,28,,76841,12,,,0,69,,76823,12,,,0,29,,76842,12,,,0,72,,76824,12,,,0,30,,76843,12,,,0,70,,76825,12,,,0,30,,76844,12,,,0,70,,76826,12,,,0,30,,76845,12,,,0,70,,76827,12,,,0,30,,76846,12,,,0,70,,76828,12,,,0,38,,76847,12,,,0,67,,76836,12,,,0,27,,76848,12,,,0,70,,76829,12,,,0,29,,76849,12,,,0,70,,76830,12,,,0,18,,76850,12,,,0,25,,76831,12,,,0,70,,76811,12,,,0,29,,76832,12,,,0,70,,76812,12,,,0,30,,76833,12,,,0,70,,76813,12,,,0,30,,76834,12,,,0,69,,76814,12,,,0,30,,76835,12,,,0,69,,76815,12,,,0,30,,76816,12,,,0,97,,76817,12,,,0,100,,76818,12,,,0
666801,'2_merged_15288065',617,,76862,12,,,0,30,,76863,12,,,0,70,,76864,12,,,0,30,,76865,12,,,0,70,,76866,12,,,0,30,,76867,12,,,0,70,,76868,12,,,0,30,,76869,12,,,0,72,,76870,12,,,0,30,,76871,12,,,0,72,,76872,12,,,0,30,,76873,12,,,0,70,,76874,12,,,0,30,,76875,12,,,0,70,,76876,12,,,0,30,,76877,12,,,0,71,,76878,12,,,0,30,,76879,12,,,0,71,,76880,12,,,0,30,,76881,12,,,0,70,,76882,12,,,0,29,,76883,12,,,0,70,,76884,12,,,0,30,,76885,12,,,0,69,,76886,12,,,0,30,,76887,12,,,0,68,,76888,12,,,0,31,,76889,12,,,0,69,,76890,12,,,0,30,,76851,12,,,0,65,,76852,12,,,0,30,,76853,12,,,0,70,,76854,12,,,0,34,,76855,12,,,0,70,,76856,12,,,0,30,,76857,12,,,0,69,,76858,12,,,0,30,,76859,12,,,0,68,,76860,12,,,0,30,,76861,12,,,0
666801,'3_merged_15288064',616,,76892,12,,,0,30,,76893,12,,,0,70,,76894,12,,,0,30,,76895,12,,,0,72,,76896,12,,,0,30,,76897,12,,,0,70,,76898,12,,,0,30,,76899,12,,,0,70,,76900,12,,,0,30,,76901,12,,,0,72,,76902,12,,,0,30,,76926,12,,,0,71,,76903,12,,,0,30,,76904,12,,,0,70,,76891,12,,,0,30,,76905,12,,,0,71,,76906,12,,,0,30,,76907,12,,,0,70,,76908,12,,,0,30,,76909,12,,,0,70,,76910,12,,,0,29,,76911,12,,,0,68,,76912,12,,,0,30,,76913,12,,,0,70,,76914,12,,,0,30,,76915,12,,,0,70,,76916,12,,,0,30,,76917,12,,,0,69,,76918,12,,,0,30,,76919,12,,,0,70,,76920,12,,,0,30,,76921,12,,,0,70,,76922,12,,,0,28,,76923,12,,,0,68,,76924,12,,,0,31,,76925,12,,,0
722401,'101_merged_15288070',1627,,96019,42,,,0
722401,'1_merged_15288063',505,,96042,42,,,0,23,,96041,42,,,0,21,,96040,42,,,0,59,,96044,42,,,0,21,,96039,42,,,0,72,,96038,42,,,0,22,,96053,42,,,0,32,,96037,42,,,0,58,,96036,42,,,0,17,,96045,42,,,0,13,,96054,42,,,0,57,,96035,42,,,0,17,,96034,42,,,0,16,,96046,42,,,0,26,,96033,42,,,0,71,,96032,42,,,0,28,,96031,42,,,0,71,,96030,42,,,0,30,,96029,42,,,0,69,,96028,42,,,0,30,,96027,42,,,0,72,,96026,42,,,0,70,,96025,42,,,0,34,,96024,42,,,0,73,,96023,42,,,0,20,,96022,42,,,0,17,,96021,42,,,0,62,,96055,42,,,0,39,,96020,42,,,0,6,,96060,9,,,0,51,,96047,42,,,0,18,,96043,42,,,0,6,,96061,9,,,0,12,,96051,42,,,0,18,,96056,42,,,0,57,,96048,42,,,0,16,,96050,42,,,0,23,,96049,42,,,0,69,,96052,42,,,0,25,,96057,42,,,0,101,,96058,42,,,0,99,,96059,42,,,0
