674101,'1_merged_15288063',619,,90127,8,0,88 49,0,16,,90128,8,0,89 90 12,0,13,,90129,8,0,88 49,0,57,,90130,8,,,0,19,,90131,8,,,0,21,,90132,8,,,0,55,,90133,8,,,0,6,,90134,8,0,89 90 12,0,18,,90135,8,,,0,16,,90136,8,,,0,15,,90137,8,,,0,54,,90138,8,,,0,17,,90139,8,,,0,22,,90140,8,,,0,66,,90141,8,,,0,19,,90142,8,,,0,20,,90182,8,,,0,59,,90143,8,,,0,20,,90183,8,,,0,22,,90144,8,,,0,60,,90145,8,,,0,19,,90184,8,,,0,20,,90146,8,,,0,60,,90147,8,,,0,19,,90185,8,,,0,18,,90148,8,,,0,57,,90149,8,,,0,15,,90150,8,,,0,16,,90151,8,,,0,15,,90152,8,,,0,55,,90153,8,,,0,15,,90154,8,,,0,15,,90155,8,0,89 90 12,0,17,,90156,8,,,0,56,,90157,8,,,0,32,,90159,8,0,88 49,0,11,,90160,8,,,0,49,,90161,8,,,0,26,,90163,8,0,88 49,0,71,,90165,8,,,0,32,,90167,8,,,0,15,,90168,8,,,0,53,,90169,8,,,0,20,,90170,8,,,0,20,,90171,8,,,0,60,,90172,8,,,0,20,,90173,8,,,0,20,,90174,8,,,0,60,,90175,8,,,0,23,,90176,8,,,0,31,,90177,8,,,0,70,,90178,8,,,0,110,,90179,8,,,0,94,,90180,8,,,0,180,,90181,8,,,0
674101,'2_merged_15288065',539,,90206,8,,,0,90,,90205,8,,,0,90,,90204,8,,,0,21,,90235,8,,,0,60,,90203,8,,,0,20,,90202,8,,,0,20,,90236,8,,,0,60,,90201,8,,,0,20,,90195,8,,,0,20,,90237,8,,,0,60,,90200,8,,,0,20,,90199,8,,,0,20,,90198,8,,,0,60,,90187,8,,,0,23,,90197,8,,,0,19,,90196,8,,,0,60,,90186,8,,,0,19,,90194,8,,,0,20,,90193,8,,,0,60,,90229,8,,,0,20,,90192,8,,,0,20,,90191,8,,,0,61,,90228,8,,,0,20,,90190,8,,,0,20,,90189,8,,,0,15,,90234,8,,,0,55,,90227,8,,,0,15,,90188,8,,,0,15,,90223,8,,,0,15,,90226,8,,,0,55,,90230,8,,,0,15,,90222,8,,,0,15,,90221,8,,,0,15,,90225,8,,,0,54,,90231,8,,,0,15,,90220,8,,,0,15,,90219,8,,,0,15,,90224,8,,,0,55,,90232,8,,,0,15,,90218,8,,,0,15,,90217,8,,,0,13,,90233,8,,,0,60,,90216,8,,,0,32,,90215,8,,,0,70,,90214,8,,,0,31,,90213,8,,,0,70,,90212,8,,,0,34,,90211,8,,,0,77,,90210,8,,,0,100,,90209,8,,,0,110,,90208,8,,,0,166,,90207,8,,,0
674101,'3_merged_15288064',537,,90258,8,,,0,88,,90257,8,,,0,90,,90256,8,,,0,30,,90255,8,,,0,70,,90254,8,,,0,22,,90287,8,,,0,19,,90253,8,,,0,60,,90247,8,,,0,20,,90288,8,,,0,20,,90252,8,,,0,60,,90251,8,,,0,20,,90250,8,,,0,20,,90239,8,,,0,60,,90249,8,,,0,21,,90248,8,,,0,20,,90238,8,,,0,60,,90246,8,,,0,20,,90245,8,,,0,20,,90281,8,,,0,60,,90244,8,,,0,20,,90243,8,,,0,20,,90280,8,,,0,60,,90242,8,,,0,22,,90241,8,,,0,20,,90279,8,,,0,57,,90240,8,,,0,13,,90282,8,,,0,16,,90275,8,,,0,55,,90278,8,,,0,17,,90274,8,,,0,15,,90283,8,,,0,15,,90273,8,,,0,55,,90277,8,,,0,15,,90272,8,,,0,14,,90284,8,,,0,15,,90271,8,,,0,55,,90276,8,,,0,15,,90270,8,,,0,15,,90285,8,,,0,19,,90269,8,,,0,60,,90268,8,,,0,20,,90286,8,,,0,20,,90267,8,,,0,67,,90266,8,,,0,30,,90265,8,,,0,70,,90264,8,,,0,34,,90263,8,,,0,77,,90262,8,,,0,100,,90261,8,,,0,110,,90260,8,,,0,164,,90259,8,,,0
682201,'1_merged_15288063',603,,94844,32,,,0,20,,94855,32,,,0,16,,94834,33,,,0,4,,94860,32,,,0,15,,94845,32,,,0,60,,94861,32,,,0,24,,94864,32,,,0,59,,94865,32,,,0,26,,94846,32,,,0,23,,94862,32,,,0,70,,94847,32,,,0,28,,94839,32,,,0,69,,94848,32,,,0,30,,94840,32,,,0,64,,94849,32,,,0,30,,94841,32,,,0,71,,94850,32,,,0,35,,94842,32,,,0,71,,94851,32,,,0,30,,94843,32,,,0,77,,94852,32,,,0,26,,94859,32,,,0,51,,94836,33,,,0,10,,94866,32,,,0,20,,94853,32,,,0,22,,94863,32,,,0,62,,94867,32,,,0,22,,94856,32,,,0,9,,94835,33,,,0,55,,94837,32,,,0,18,,94868,32,,,0,18,,94857,32,,,0,20,,94838,32,,,0,60,,94869,32,,,0,20,,94858,32,,,0,63,,94854,32,,,0,23,,94870,32,,,0,30,,94871,32,,,0,80,,94872,32,,,0,77,,94873,32,,,0,100,,94874,32,,,0
682201,'2_merged_15288065',715,,94888,32,,,0,35,,94889,32,,,0,60,,94903,33,,,0,11,,94885,32,,,0,30,,94876,32,,,0,69,,94875,32,,,0,30,,94887,32,,,0,70,,94890,32,,,0,30,,94877,32,,,0,70,,94891,32,,,0,30,,94878,32,,,0,70,,94892,32,,,0,31,,94879,32,,,0,70,,94893,32,,,0,30,,94880,32,,,0,55,,94904,33,,,0,17,,94894,32,,,0,29,,94881,32,,,0,71,,94895,32,,,0,33,,94882,32,,,0,48,,94905,33,,,0,21,,94896,32,,,0,32,,94883,32,,,0,71,,94897,32,,,0,72,,94884,32,,,0,29,,94898,32,,,0,27,,94886,32,,,0,70,,94899,32,,,0,28,,94900,32,,,0,67,,94901,32,,,0,31,,94902,32,,,0,100,,94906,32,,,0
682201,'3_merged_15288064',743,,94919,32,,,0,71,,94934,33,,,0,6,,94908,32,,,0,30,,94909,32,,,0,69,,94907,32,,,0,30,,94910,32,,,0,70,,94921,32,,,0,30,,94911,32,,,0,70,,94922,32,,,0,30,,94912,32,,,0,70,,94923,32,,,0,30,,94913,32,,,0,70,,94924,32,,,0,29,,94914,32,,,0,7,,94935,33,,,0,64,,94925,32,,,0,30,,94915,32,,,0,70,,94926,32,,,0,31,,94916,32,,,0,8,,94936,33,,,0,65,,94927,32,,,0,30,,94917,32,,,0,71,,94928,32,,,0,29,,94918,32,,,0,68,,94929,32,,,0,31,,94920,32,,,0,69,,94930,32,,,0,29,,94931,32,,,0,70,,94932,32,,,0,31,,94933,32,,,0,100,,94937,32,,,0
682500,'1_merged_15288063',811,,95060,4,,,0,96,,95062,4,,,0,100,,95065,4,,,0,100,,95067,4,,,0,100,,95068,4,,,0,100,,95070,4,,,0,100,,95072,4,,,0,100,,95075,4,,,0,100,,95077,4,,,0,100,,95080,4,,,0,100,,95058,4,,,0,100,,95059,4,,,0
682500,'2_merged_15288065',911,,95087,4,,,0,101,,95085,4,,,0,99,,95083,4,,,0,100,,95081,4,,,0,100,,95100,4,,,0,100,,95098,4,,,0,101,,95096,4,,,0,99,,95094,4,,,0,100,,95092,4,,,0,100,,95090,4,,,0,100,,95088,4,,,0
682500,'3_merged_15288064',941,,95102,4,,,0,80,,95103,4,,,0,81,,95104,4,,,0,40,,95105,4,,,0,80,,95106,4,,,0,80,,95107,4,,,0,40,,95108,4,,,0,80,,95109,4,,,0,79,,95110,4,,,0,40,,95111,4,,,0,80,,95112,4,,,0,80,,95113,4,,,0,40,,95114,4,,,0,80,,95115,4,,,0
1169601,'1_merged_15288063',451,,97732,4,,,0,70,,97733,4,,,0,30,,97734,4,,,0,70,,97735,4,,,0,30,,97736,4,,,0,70,,97737,4,,,0,30,,97738,4,,,0,70,,97739,4,,,0,30,,97740,4,,,0,70,,97760,4,,,0,30,,97741,4,,,0,70,,97761,4,,,0,30,,97742,4,,,0,70,,97762,4,,,0,30,,97743,4,,,0,70,,97763,4,,,0,30,,97744,4,,,0,70,,97764,4,,,0,30,,97745,4,,,0,70,,97765,4,,,0,30,,97746,4,,,0,70,,97757,4,,,0,30,,97747,4,,,0,70,,97748,4,,,0,30,,97749,4,,,0,70,,97750,4,,,0,30,,97751,4,,,0,70,,97752,4,,,0,30,,97753,4,,,0,70,,97766,4,,,0,30,,97754,4,,,0,70,,97767,4,,,0,30,,97755,4,,,0,70,,97768,4,,,0,30,,97756,4,,,0,70,,97769,4,,,0,30,,97758,4,,,0,70,,97770,4,,,0,30,,97759,4,,,0
1169601,'2_merged_15288065',616,,97771,4,,,0,30,,97772,4,,,0,70,,97799,4,,,0,30,,97773,4,,,0,70,,97774,4,,,0,30,,97800,4,,,0,70,,97775,4,,,0,30,,97776,4,,,0,70,,97777,4,,,0,30,,97778,4,,,0,70,,97779,4,,,0,30,,97780,4,,,0,70,,97781,4,,,0,30,,97782,4,,,0,70,,97783,4,,,0,30,,97784,4,,,0,70,,97785,4,,,0,30,,97786,4,,,0,68,,97787,4,,,0,32,,97788,4,,,0,70,,97789,4,,,0,30,,97790,4,,,0,70,,97791,4,,,0,30,,97792,4,,,0,70,,97793,4,,,0,30,,97794,4,,,0,70,,97795,4,,,0,30,,97796,4,,,0,70,,97801,4,,,0,30,,97797,4,,,0,70,,97802,4,,,0,30,,97798,4,,,0
1169601,'3_merged_15288064',646,,97803,4,,,0,70,,97827,4,,,0,30,,97804,4,,,0,70,,97805,4,,,0,30,,97828,4,,,0,70,,97806,4,,,0,30,,97807,4,,,0,70,,97808,4,,,0,30,,97809,4,,,0,70,,97810,4,,,0,30,,97811,4,,,0,70,,97812,4,,,0,30,,97813,4,,,0,70,,97814,4,,,0,30,,97815,4,,,0,70,,97816,4,,,0,28,,97817,4,,,0,73,,97818,4,,,0,29,,97819,4,,,0,71,,97820,4,,,0,29,,97821,4,,,0,70,,97822,4,,,0,30,,97823,4,,,0,70,,97824,4,,,0,30,,97825,4,,,0,70,,97829,4,,,0,30,,97826,4,,,0,70,,97830,4,,,0,30,,97831,4,,,0
