672201,'1_merged_15288063',455,,86851,33,4,,0,60,,86852,33,4,,0,18,,86853,33,4,,0,71,,86855,33,4,,0,15,,86856,33,4,,0,15,,86857,33,4,,0,18,,86858,33,4,,0,55,,86859,33,4,,0,15,,86860,33,4,,0,18,,86861,33,4,,0,15,,86862,33,4,,0,55,,86863,33,4,,0,17,,86864,33,4,,0,14,,86865,33,4,,0,17,,86866,33,4,,0,56,,86867,33,4,,0,15,,86868,33,4,,0,15,,86869,33,4,,0,13,,86870,33,4,,0,55,,86871,33,4,,0,16,,86872,33,4,,0,15,,86873,33,4,,0,15,,86874,33,4,,0,55,,86875,33,4,,0,17,,86876,33,4,,0,15,,86877,33,4,,0,55,,86878,33,4,,0,15,,86879,33,4,,0,15,,86880,33,4,,0,15,,86881,33,4,,0,55,,86882,33,4,,0,15,,86883,33,4,,0,15,,86884,33,4,,0,15,,86885,33,4,,0,55,,86886,33,4,,0,15,,86887,33,4,,0,15,,86888,33,4,,0,15,,86889,33,4,,0,57,,86890,33,4,,0,15,,86891,33,4,,0,14,,86892,33,4,,0,15,,86893,33,4,,0,55,,86894,33,4,,0,15,,86895,33,4,,0,15,,86896,33,4,,0,15,,86897,33,4,,0,55,,86898,33,4,,0,15,,86899,33,4,,0,15,,86900,33,4,,0,15,,86901,33,4,,0,56,,86902,33,4,,0,16,,86903,33,4,,0,16,,86904,33,4,,0,15,,86905,33,4,,0,55,,86906,33,4,,0,15,,86907,33,4,,0,13,,86908,33,4,,0,15,,86909,33,4,,0,69,,86911,33,4,,0,33,,86913,33,4,,0,70,,86914,33,4,,0,32,,86915,33,4,,0,70,,86916,33,4,,0,28,,86917,33,4,,0,71,,86918,33,4,,0,97,,86920,33,4,,0,195,,86922,33,4,,0
672201,'2_merged_15288065',556,,86954,33,4,,0,70,,86953,33,4,,0,30,,86941,33,4,,0,70,,86951,33,4,,0,22,,86987,33,4,,0,60,,86929,33,4,,0,16,,86936,33,4,,0,15,,86966,33,4,,0,19,,86986,33,4,,0,55,,86930,33,4,,0,16,,86952,33,4,,0,15,,86955,33,4,,0,15,,86985,33,4,,0,55,,86962,33,4,,0,15,,86963,33,4,,0,15,,86964,33,4,,0,15,,86984,33,4,,0,55,,86961,33,4,,0,16,,86960,33,4,,0,15,,86949,33,4,,0,56,,86983,33,4,,0,16,,86946,33,4,,0,15,,86944,33,4,,0,15,,86945,33,4,,0,55,,86982,33,4,,0,15,,86970,33,4,,0,15,,86924,33,4,,0,15,,86934,33,4,,0,56,,86981,33,4,,0,15,,86938,33,4,,0,15,,86933,33,4,,0,15,,86940,33,4,,0,55,,86980,33,4,,0,15,,86948,33,4,,0,14,,86965,33,4,,0,15,,86968,33,4,,0,55,,86979,33,4,,0,15,,86969,33,4,,0,15,,86971,33,4,,0,15,,86972,33,4,,0,55,,86978,33,4,,0,15,,86973,33,4,,0,15,,86947,33,4,,0,14,,86967,33,4,,0,54,,86977,33,4,,0,15,,86950,33,4,,0,15,,86959,33,4,,0,15,,86927,33,4,,0,75,,86928,33,4,,0,20,,86939,33,4,,0,18,,86975,33,4,,0,62,,86942,33,4,,0,20,,86935,33,4,,0,60,,86974,33,4,,0,21,,86937,33,4,,0,20,,86931,33,4,,0,72,,86932,33,4,,0,33,,86926,33,4,,0,68,,86956,33,4,,0,95,,86957,33,4,,0,97,,86958,33,4,,0,101,,86925,33,4,,0
672201,'3_merged_15288064',601,,87011,33,4,,0,30,,87012,33,4,,0,70,,87016,33,4,,0,30,,87010,33,4,,0,70,,87015,33,4,,0,30,,87013,33,4,,0,22,,86988,33,4,,0,59,,87024,33,4,,0,21,,87014,33,4,,0,20,,86989,33,4,,0,60,,87023,33,4,,0,20,,87031,33,4,,0,23,,86990,33,4,,0,60,,87029,33,4,,0,20,,87037,33,4,,0,23,,86991,33,4,,0,61,,87027,33,4,,0,23,,87026,33,4,,0,61,,86992,33,4,,0,20,,87025,33,4,,0,20,,87039,33,4,,0,60,,86993,33,4,,0,20,,87009,33,4,,0,20,,87002,33,4,,0,59,,86994,33,4,,0,20,,87003,33,4,,0,20,,87020,33,4,,0,60,,86995,33,4,,0,20,,87004,33,4,,0,20,,87022,33,4,,0,60,,86996,33,4,,0,18,,87019,33,4,,0,20,,87006,33,4,,0,60,,86997,33,4,,0,20,,87021,33,4,,0,20,,87030,33,4,,0,61,,86998,33,4,,0,20,,87001,33,4,,0,18,,87038,33,4,,0,60,,86999,33,4,,0,20,,87018,33,4,,0,21,,87007,33,4,,0,80,,87005,33,4,,0,30,,87008,33,4,,0,70,,87035,33,4,,0,27,,87032,33,4,,0,71,,87036,33,4,,0,97,,87017,33,4,,0,100,,87034,33,4,,0,99,,87033,33,4,,0
672301,'1_merged_15288063',551,,87167,39,4,,0,70,,87168,39,4,,0,17,,87169,39,4,,0,15,,87170,39,4,,0,55,,87171,39,4,,0,16,,87172,39,4,,0,15,,87173,39,4,,0,13,,87174,39,4,,0,56,,87175,39,4,,0,17,,87176,39,4,,0,19,,87177,39,4,,0,15,,87178,39,4,,0,55,,87179,39,4,,0,14,,87180,39,4,,0,15,,87181,39,4,,0,15,,87182,39,4,,0,59,,87183,39,4,,0,22,,87184,39,4,,0,66,,87185,39,4,,0,32,,87186,39,4,,0,70,,87187,39,4,,0,30,,87188,39,4,,0,71,,87189,39,4,,0,27,,87190,39,4,,0,69,,87191,39,4,,0,30,,87192,39,4,,0,20,,87193,39,4,,0,62,,87194,39,4,,0,19,,87195,39,4,,0,20,,87196,39,4,,0,57,,87197,39,4,,0,13,,87198,39,4,,0,15,,87199,39,4,,0,15,,87200,39,4,,0,55,,87201,39,4,,0,15,,87202,39,4,,0,15,,87203,39,4,,0,15,,87204,39,4,,0,54,,87205,39,4,,0,15,,87206,39,4,,0,13,,87207,39,4,,0,70,,87209,39,4,,0,15,,87210,39,4,,0,13,,87211,39,4,,0,15,,87212,39,4,,0,58,,87221,39,4,,0,30,,87213,39,4,,0,70,,87220,39,4,,0,29,,87214,39,4,,0,70,,87219,39,4,,0,31,,87215,39,4,,0,107,,87216,39,4,,0,105,,87217,39,4,,0,157,,87218,39,4,,0
672301,'2_merged_15288065',627,,87240,39,4,,0,211,,87228,39,4,,0,1003,,87252,39,4,,0,70,,87248,39,4,,0,30,,87222,39,4,,0,359,,87237,39,4,,0,56,,87253,39,4,,0
672301,'3_merged_15288064',713,,87280,39,4,,0,100,,87281,39,4,,0,28,,87282,39,4,,0,68,,87279,39,4,,0,32,,87278,39,4,,0,72,,87287,39,4,,0,31,,87277,39,4,,0,801,,87268,39,4,,0,71,,87269,39,4,,0,32,,87270,39,4,,0,70,,87272,39,4,,0,30,,87273,39,4,,0,68,,87266,39,4,,0,30,,87265,39,4,,0,70,,87285,39,4,,0,28,,87257,39,4,,0,70,,87256,39,4,,0,30,,87286,39,4,,0,93,,87288,39,4,,0
672701,'1_merged_15288063',717,,88183,64,4,,0,838,,88184,65,4,,0,296,,88200,64,4,,0,49,,88201,64,4,,0,48,,88203,60,4,,0,169,,88207,60,4,,0,133,,88210,60,4,,0
672701,'2_merged_15288065',738,,88259,60,4,,0,172,,88262,60,4,,0,31,,88239,60,4,,0,70,,88241,60,4,,0,32,,88230,60,4,,0,70,,88250,60,4,,0,34,,88261,60,4,,0,70,,88252,60,4,,0,27,,88253,60,4,,0,70,,88254,60,4,,0,30,,88255,60,4,,0,70,,88263,60,4,,0,30,,88258,60,4,,0,70,,88232,60,4,,0,34,,88233,60,4,,0,67,,88246,60,4,,0,33,,88244,60,4,,0,68,,88245,60,4,,0,32,,88247,60,4,,0,68,,88248,60,4,,0,200,,88229,60,4,,0,35,,88236,60,4,,0,69,,88231,60,4,,0,30,,88243,60,4,,0,66,,88237,60,4,,0,218,,88256,60,4,,0
672701,'3_merged_15288064',1111,,88284,60,4,,0,28,,88281,60,4,,0,72,,88267,60,4,,0,27,,88277,60,4,,0,69,,88276,60,4,,0,33,,88279,60,4,,0,69,,88278,60,4,,0,29,,88264,60,4,,0,71,,88280,60,4,,0,30,,88282,60,4,,0,70,,88271,60,4,,0,31,,88270,60,4,,0,71,,88283,60,4,,0,31,,88286,60,4,,0,73,,88274,60,4,,0
3454201,'1_merged_15288063',530,,108157,33,4,,0,1984,,108239,33,4,,0
