668200,'101_merged_15288070',1639,,79039,4,,,0
668200,'1_merged_15288063',510,,79132,4,,,0,20,,79062,4,,,0,13,,79127,4,,,0,10,,79063,4,,,0,48,,79097,4,,,0,9,,79054,4,,,0,8,,79123,4,,,0,8,,79043,4,,,0,7,,79128,4,,,0,7,,79045,4,,,0,7,,79124,4,,,0,8,,79071,4,,,0,47,,79044,4,,,0,7,,79060,4,,,0,7,,79042,4,,,0,7,,79129,4,,,0,7,,79041,4,,,0,7,,79115,4,,,0,8,,79074,4,,,0,6,,79121,4,,,0,7,,79118,4,,,0,47,,79134,4,,,0,6,,79085,4,,,0,7,,79096,4,,,0,8,,79133,4,,,0,8,,79056,4,,,0,8,,79116,4,,,0,11,,79058,4,,,0,55,,79091,4,,,0,15,,79052,4,,,0,15,,79048,4,,,0,14,,79078,4,,,0,54,,79081,4,,,0,15,,79095,4,,,0,15,,79080,4,,,0,15,,79109,4,,,0,55,,79079,4,,,0,15,,79083,4,,,0,14,,79077,4,,,0,14,,79066,4,,,0,54,,79068,4,,,0,14,,79059,4,,,0,15,,79070,4,,,0,15,,79112,4,,,0,55,,79105,4,,,0,15,,79113,4,,,0,15,,79072,4,,,0,13,,79053,4,,,0,55,,79103,4,,,0,12,,79065,4,,,0,10,,79102,4,,,0,10,,79126,4,,,0,10,,79130,4,,,0,10,,79064,4,,,0,51,,79061,4,,,0,11,,79069,4,,,0,11,,79051,4,,,0,11,,79131,4,,,0,11,,79084,4,,,0,8,,79098,4,,,0,49,,79117,4,,,0,9,,79119,4,,,0,9,,79057,4,,,0,8,,79050,4,,,0,19,,79049,4,,,0,10,,79073,4,,,0,50,,79055,4,,,0,10,,79120,4,,,0,10,,79125,4,,,0,10,,79111,4,,,0,10,,79090,4,,,0,10,,79089,4,,,0,50,,79047,4,,,0,15,,79046,4,,,0,14,,79088,4,,,0,15,,79087,4,,,0,54,,79086,4,,,0,14,,79101,4,,,0,14,,79110,4,,,0,15,,79100,4,,,0,55,,79108,4,,,0,15,,79099,4,,,0,15,,79107,4,,,0,15,,79082,4,,,0,56,,79106,4,,,0,20,,79104,4,,,0,20,,79094,4,,,0,60,,79093,4,,,0,23,,79092,4,,,0,22,,79040,4,,,0,62,,79075,4,,,0,27,,79076,4,,,0,71,,79114,4,,,0,32,,79067,4,,,0
668200,'2_merged_15288065',610,,79208,4,,,0,20,,79207,4,,,0,18,,79206,4,,,0,60,,79172,4,,,0,20,,79205,4,,,0,17,,79142,4,,,0,55,,79204,4,,,0,15,,79210,4,,,0,15,,79203,4,,,0,15,,79211,4,,,0,55,,79202,4,,,0,15,,79166,4,,,0,15,,79136,4,,,0,14,,79201,4,,,0,15,,79199,4,,,0,56,,79149,4,,,0,15,,79200,4,,,0,15,,79137,4,,,0,56,,79198,4,,,0,15,,79147,4,,,0,15,,79180,4,,,0,14,,79154,4,,,0,55,,79171,4,,,0,15,,79192,4,,,0,15,,79164,4,,,0,15,,79138,4,,,0,55,,79135,4,,,0,12,,79141,4,,,0,12,,79191,4,,,0,12,,79146,4,,,0,12,,79155,4,,,0,10,,79158,4,,,0,53,,79139,4,,,0,10,,79176,4,,,0,10,,79190,4,,,0,10,,79140,4,,,0,10,,79170,4,,,0,50,,79153,4,,,0,11,,79151,4,,,0,10,,79179,4,,,0,11,,79152,4,,,0,10,,79189,4,,,0,10,,79173,4,,,0,50,,79144,4,,,0,10,,79165,4,,,0,10,,79188,4,,,0,10,,79178,4,,,0,10,,79181,4,,,0,10,,79212,4,,,0,50,,79175,4,,,0,10,,79174,4,,,0,10,,79177,4,,,0,10,,79187,4,,,0,10,,79169,4,,,0,10,,79159,4,,,0,49,,79186,4,,,0,10,,79160,4,,,0,10,,79168,4,,,0,18,,79143,4,,,0,8,,79197,4,,,0,11,,79185,4,,,0,58,,79156,4,,,0,14,,79196,4,,,0,16,,79161,4,,,0,9,,79195,4,,,0,51,,79184,4,,,0,14,,79194,4,,,0,15,,79209,4,,,0,18,,79193,4,,,0,62,,79162,4,,,0,14,,79214,4,,,0,14,,79213,4,,,0,15,,79183,4,,,0,55,,79157,4,,,0,20,,79163,4,,,0,20,,79182,4,,,0,60,,79150,4,,,0,20,,79215,4,,,0,20,,79167,4,,,0,60,,79148,4,,,0,30,,79145,4,,,0
668200,'3_merged_15288064',602,,79240,4,,,0,20,,79239,4,,,0,20,,79238,4,,,0,60,,79237,4,,,0,20,,79235,4,,,0,20,,79234,4,,,0,58,,79224,4,,,0,15,,79223,4,,,0,15,,79262,4,,,0,15,,79222,4,,,0,55,,79277,4,,,0,15,,79221,4,,,0,15,,79216,4,,,0,15,,79264,4,,,0,55,,79233,4,,,0,15,,79269,4,,,0,15,,79232,4,,,0,15,,79241,4,,,0,55,,79231,4,,,0,15,,79250,4,,,0,15,,79230,4,,,0,15,,79257,4,,,0,55,,79219,4,,,0,13,,79220,4,,,0,17,,79218,4,,,0,13,,79248,4,,,0,57,,79217,4,,,0,15,,79256,4,,,0,15,,79255,4,,,0,15,,79267,4,,,0,55,,79254,4,,,0,15,,79246,4,,,0,14,,79253,4,,,0,14,,79263,4,,,0,16,,79252,4,,,0,55,,79258,4,,,0,16,,79251,4,,,0,14,,79247,4,,,0,56,,79266,4,,,0,19,,79261,4,,,0,11,,79278,4,,,0,15,,79265,4,,,0,55,,79260,4,,,0,15,,79276,4,,,0,15,,79244,4,,,0,17,,79268,4,,,0,54,,79243,4,,,0,15,,79275,4,,,0,14,,79242,4,,,0,15,,79229,4,,,0,55,,79259,4,,,0,15,,79228,4,,,0,17,,79227,4,,,0,15,,79272,4,,,0,55,,79226,4,,,0,14,,79271,4,,,0,16,,79225,4,,,0,20,,79236,4,,,0,65,,79270,4,,,0,25,,79249,4,,,0,70,,79274,4,,,0,30,,79273,4,,,0,70,,79245,4,,,0
668300,'1_merged_15288063',1533,,79518,4,,,0,21,,79529,4,,,0,54,,79530,4,,,0,10,,79531,4,,,0,19,,79525,4,,,0,22,,79527,4,,,0,64,,79516,4,,,0,27,,79519,4,,,0,9,,79517,4,,,0,52,,79515,4,,,0,27,,79514,4,,,0,65,,79521,4,,,0,26,,79526,4,,,0
668500,'101_merged_15288070',1618,,79545,4,,,0,24,,79544,4,,,0
668500,'1_merged_15288063',659,,79547,4,,,0,56,,79548,4,,,0,11,,79549,4,,,0,12,,79550,4,,,0,21,,79555,4,,,0,52,,79553,4,,,0,16,,79575,4,,,0,19,,79566,4,,,0,70,,79586,4,,,0,27,,79554,4,,,0,61,,79580,4,,,0,31,,79584,4,,,0,67,,79565,4,,,0,26,,79560,4,,,0,30,,79561,4,,,0,71,,79562,4,,,0,71,,79563,4,,,0,29,,79581,4,,,0,71,,79568,4,,,0,27,,79589,4,,,0,24,,79576,4,,,0,65,,79546,4,,,0,13,,79557,4,,,0,17,,79551,4,,,0,13,,79552,4,,,0,69,,79591,4,,,0,26,,79582,4,,,0,51,,79574,4,,,0,12,,79577,4,,,0,5,,79569,4,,,0,11,,79570,4,,,0,18,,79571,4,,,0,56,,79572,4,,,0,17,,79578,4,,,0,22,,79573,4,,,0,69,,79583,4,,,0,97,,79579,4,,,0,97,,79588,4,,,0,105,,79585,4,,,0,99,,79567,4,,,0,100,,79587,4,,,0
668500,'2_merged_15288065',715,,79598,4,,,0,28,,79610,4,,,0,68,,79592,4,,,0,29,,79594,4,,,0,67,,79603,4,,,0,31,,79619,4,,,0,69,,79611,4,,,0,30,,79604,4,,,0,70,,79599,4,,,0,26,,79620,4,,,0,71,,79605,4,,,0,31,,79597,4,,,0,70,,79613,4,,,0,28,,79622,4,,,0,68,,79612,4,,,0,30,,79615,4,,,0,71,,79600,4,,,0,29,,79623,4,,,0,70,,79617,4,,,0,28,,79601,4,,,0,73,,79607,4,,,0,32,,79608,4,,,0,74,,79609,4,,,0,33,,79602,4,,,0,67,,79595,4,,,0,104,,79621,4,,,0,100,,79614,4,,,0,98,,79618,4,,,0,99,,79596,4,,,0,101,,79616,4,,,0
668500,'3_merged_15288064',805,,79633,4,,,0,101,,79632,4,,,0,99,,79643,4,,,0,31,,79637,4,,,0,72,,79636,4,,,0,27,,79641,4,,,0,72,,79642,4,,,0,30,,79640,4,,,0,69,,79639,4,,,0,30,,79644,4,,,0,71,,79648,4,,,0,29,,79645,4,,,0,70,,79647,4,,,0,32,,79649,4,,,0,68,,79627,4,,,0,30,,79646,4,,,0,69,,79628,4,,,0,33,,79650,4,,,0,70,,79625,4,,,0,37,,79626,4,,,0,62,,79634,4,,,0,104,,79630,4,,,0,99,,79631,4,,,0,99,,79638,4,,,0,105,,79635,4,,,0,98,,79629,4,,,0
668600,'1_merged_15288063',740,,79761,4,,,0,867,,79766,4,,,0,26,,79765,4,,,0,84,,79764,4,,,0,29,,79762,4,,,0,73,,79763,4,,,0
683700,'1101_merged_15288074',2629,,95616,10,,,0
683700,'1201_merged_15288056',2629,,95617,10,,,0
683700,'1_merged_15288063',2509,,95624,10,,,0,20,,95623,10,,,0,20,,95619,10,,,0,69,,95622,10,,,0,34,,95621,10,,,0,59,,95620,10,,,0,28,,95618,10,,,0
683700,'2_merged_15288065',2512,,95627,10,,,0,22,,95632,10,,,0,14,,95626,10,,,0,59,,95631,10,,,0,20,,95628,10,,,0,30,,95630,10,,,0,52,,95629,10,,,0,34,,95625,10,,,0
683700,'3_merged_15288064',655,,95645,4,,,0,80,,95646,4,0,50 51,0,73,,95647,4,0,50 51,0,1536,,95638,10,,,0,72,,95637,10,,,0,30,,95636,10,,,0,79,,95635,10,,,0,31,,95634,10,,,0,64,,95641,10,,,0,88,,95640,10,,,0,25,,95639,10,,,0
