672201,'1_merged_15291795',454,,86851,31,,,0,60,,86852,31,,,0,18,,86853,31,,,0,71,,86855,31,,,0,15,,86856,31,,,0,15,,86857,31,,,0,18,,86858,31,,,0,55,,86859,31,,,0,15,,86860,31,,,0,17,,86861,31,,,0,15,,86862,31,,,0,55,,86863,31,,,0,17,,86864,31,,,0,14,,86865,31,,,0,17,,86866,31,,,0,56,,86867,31,,,0,15,,86868,31,,,0,15,,86869,31,,,0,13,,86870,31,,,0,55,,86871,31,,,0,16,,86872,31,,,0,15,,86873,31,,,0,15,,86874,31,,,0,55,,86875,31,,,0,17,,86876,31,,,0,15,,86877,31,,,0,15,,86878,31,,,0,55,,86879,31,,,0,15,,86880,31,,,0,15,,86881,31,,,0,15,,86882,31,,,0,55,,86883,31,,,0,15,,86884,31,,,0,15,,86885,31,,,0,15,,86886,31,,,0,55,,86887,31,,,0,15,,86888,31,,,0,15,,86889,31,,,0,57,,86890,31,,,0,15,,86891,31,,,0,14,,86892,31,,,0,15,,86893,31,,,0,15,,86894,31,,,0,55,,86895,31,,,0,15,,86896,31,,,0,15,,86897,31,,,0,15,,86898,31,,,0,55,,86899,31,,,0,15,,86900,31,,,0,15,,86901,31,,,0,56,,86902,31,,,0,16,,86903,31,,,0,16,,86904,31,,,0,15,,86905,31,,,0,55,,86906,31,,,0,15,,86907,31,,,0,13,,86908,31,,,0,15,,86909,31,,,0,69,,86911,31,,,0,33,,86913,31,,,0,70,,86914,31,,,0,32,,86915,31,,,0,70,,86916,31,,,0,28,,86917,31,,,0,71,,86918,31,,,0,98,,86920,31,,,0,195,,86922,31,,,0
672201,'2_merged_15291797',555,,86954,31,,,0,70,,86953,31,,,0,30,,86941,31,,,0,70,,86951,31,,,0,22,,86987,31,,,0,60,,86929,31,,,0,16,,86936,31,,,0,15,,86966,31,,,0,18,,86986,31,,,0,55,,86930,31,,,0,16,,86952,31,,,0,15,,86955,31,,,0,15,,86985,31,,,0,55,,86962,31,,,0,15,,86963,31,,,0,15,,86964,31,,,0,15,,86984,31,,,0,55,,86961,31,,,0,16,,86960,31,,,0,15,,86949,31,,,0,16,,86983,31,,,0,56,,86946,31,,,0,15,,86944,31,,,0,15,,86945,31,,,0,55,,86982,31,,,0,15,,86970,31,,,0,15,,86924,31,,,0,15,,86934,31,,,0,56,,86981,31,,,0,15,,86938,31,,,0,15,,86933,31,,,0,15,,86940,31,,,0,55,,86980,31,,,0,15,,86948,31,,,0,14,,86965,31,,,0,15,,86968,31,,,0,55,,86979,31,,,0,15,,86969,31,,,0,15,,86971,31,,,0,15,,86972,31,,,0,55,,86978,31,,,0,15,,86973,31,,,0,15,,86947,31,,,0,14,,86967,31,,,0,14,,86977,31,,,0,55,,86950,31,,,0,15,,86959,31,,,0,15,,86927,31,,,0,75,,86928,31,,,0,20,,86939,31,,,0,18,,86975,31,,,0,62,,86942,31,,,0,20,,86935,31,,,0,20,,86974,31,,,0,61,,86937,31,,,0,20,,86931,31,,,0,72,,86932,31,,,0,33,,86926,31,,,0,68,,86956,31,,,0,96,,86957,31,,,0,97,,86958,31,,,0,101,,86925,31,,,0
672201,'3_merged_15291796',600,,87011,31,,,0,30,,87012,31,,,0,70,,87016,31,,,0,30,,87010,31,,,0,70,,87015,31,,,0,30,,87013,31,,,0,22,,86988,31,,,0,59,,87024,31,,,0,21,,87014,31,,,0,20,,86989,31,,,0,60,,87023,31,,,0,20,,87031,31,,,0,22,,86990,31,,,0,60,,87029,31,,,0,20,,87037,31,,,0,23,,86991,31,,,0,61,,87027,31,,,0,23,,87026,31,,,0,61,,86992,31,,,0,20,,87025,31,,,0,20,,87039,31,,,0,60,,86993,31,,,0,20,,87009,31,,,0,20,,87002,31,,,0,59,,86994,31,,,0,20,,87003,31,,,0,20,,87020,31,,,0,60,,86995,31,,,0,20,,87004,31,,,0,20,,87022,31,,,0,60,,86996,31,,,0,18,,87019,31,,,0,20,,87006,31,,,0,20,,86997,31,,,0,60,,87021,31,,,0,20,,87030,31,,,0,61,,86998,31,,,0,20,,87001,31,,,0,18,,87038,31,,,0,20,,86999,31,,,0,60,,87018,31,,,0,21,,87007,31,,,0,80,,87005,31,,,0,30,,87008,31,,,0,70,,87035,31,,,0,28,,87032,31,,,0,71,,87036,31,,,0,97,,87017,31,,,0,100,,87034,31,,,0,99,,87033,31,,,0
672301,'1_merged_15291795',550,,87167,37,,,0,70,,87168,37,,,0,16,,87169,37,,,0,15,,87170,37,,,0,55,,87171,37,,,0,16,,87172,37,,,0,15,,87173,37,,,0,13,,87174,37,,,0,56,,87175,37,,,0,17,,87176,37,,,0,19,,87177,37,,,0,15,,87178,37,,,0,55,,87179,37,,,0,14,,87180,37,,,0,15,,87181,37,,,0,15,,87182,37,,,0,59,,87183,37,,,0,22,,87184,37,,,0,66,,87185,37,,,0,32,,87186,37,,,0,70,,87187,37,,,0,30,,87188,37,,,0,71,,87189,37,,,0,27,,87190,37,,,0,69,,87191,37,,,0,30,,87192,37,,,0,20,,87193,37,,,0,62,,87194,37,,,0,19,,87195,37,,,0,20,,87196,37,,,0,57,,87197,37,,,0,13,,87198,37,,,0,15,,87199,37,,,0,15,,87200,37,,,0,55,,87201,37,,,0,15,,87202,37,,,0,15,,87203,37,,,0,15,,87204,37,,,0,54,,87205,37,,,0,15,,87206,37,,,0,13,,87207,37,,,0,70,,87209,37,,,0,15,,87210,37,,,0,13,,87211,37,,,0,15,,87212,37,,,0,58,,87221,37,,,0,30,,87213,37,,,0,70,,87220,37,,,0,29,,87214,37,,,0,70,,87219,37,,,0,31,,87215,37,,,0,107,,87216,37,,,0,105,,87217,37,,,0,157,,87218,37,,,0
672301,'2_merged_15291797',625,,87240,37,,,0,211,,87228,37,,,0,1003,,87252,37,,,0,70,,87248,37,,,0,30,,87222,37,,,0,319,,87237,37,,,0,96,,87253,37,,,0
672301,'3_merged_15291796',711,,87280,37,,,0,100,,87281,37,,,0,28,,87282,37,,,0,68,,87279,37,,,0,32,,87278,37,,,0,72,,87287,37,,,0,31,,87277,37,,,0,801,,87268,37,,,0,71,,87269,37,,,0,32,,87270,37,,,0,70,,87272,37,,,0,30,,87273,37,,,0,68,,87266,37,,,0,30,,87265,37,,,0,70,,87285,37,,,0,28,,87257,37,,,0,70,,87256,37,,,0,30,,87286,37,,,0,93,,87288,37,,,0
672701,'1_merged_15291795',716,,88183,62,,,0,837,,88184,63,,,0,296,,88200,62,,,0,9,,88201,62,,,0,88,,88203,58,,,0,169,,88207,58,,,0,133,,88210,58,,,0
672701,'2_merged_15291797',736,,88259,58,,,0,172,,88262,58,,,0,31,,88239,58,,,0,70,,88241,58,,,0,32,,88230,58,,,0,70,,88250,58,,,0,34,,88261,58,,,0,70,,88252,58,,,0,27,,88253,58,,,0,70,,88254,58,,,0,30,,88255,58,,,0,70,,88263,58,,,0,30,,88258,58,,,0,70,,88232,58,,,0,34,,88233,58,,,0,67,,88246,58,,,0,33,,88244,58,,,0,68,,88245,58,,,0,32,,88247,58,,,0,68,,88248,58,,,0,200,,88229,58,,,0,35,,88236,58,,,0,69,,88231,58,,,0,30,,88243,58,,,0,66,,88237,58,,,0,218,,88256,58,,,0
672701,'3_merged_15291796',1109,,88284,58,,,0,28,,88281,58,,,0,72,,88267,58,,,0,27,,88277,58,,,0,69,,88276,58,,,0,33,,88279,58,,,0,69,,88278,58,,,0,29,,88264,58,,,0,71,,88280,58,,,0,30,,88282,58,,,0,70,,88271,58,,,0,31,,88270,58,,,0,71,,88283,58,,,0,31,,88286,58,,,0,73,,88274,58,,,0
682801,'101_merged_15291802',1534,,95342,30,4,,0
682801,'1101_merged_15291806',2059,,95343,42,,,0
682801,'1201_merged_15291788',2059,,95346,42,,,0,148,,95345,42,,,0,107,,95344,42,,,0
682801,'1_merged_15291795',911,,95362,42,,,0,40,,95363,42,,,0,80,,95360,42,,,0,79,,95361,42,,,0,40,,95359,42,,,0,80,,95347,42,,,0,80,,95364,42,,,0,40,,95358,42,,,0,82,,95357,42,,,0,82,,95356,42,,,0,40,,95355,42,,,0,83,,95354,42,,,0,79,,95353,42,,,0,39,,95352,42,,,0,74,,95351,42,,,0,80,,95350,42,,,0,38,,95349,42,,,0,82,,95348,42,,,0
682801,'2_merged_15291797',938,,95376,42,,,0,80,,95375,42,,,0,40,,95374,42,,,0,83,,95373,42,,,0,80,,95372,42,,,0,80,,95371,42,,,0,40,,95370,42,,,0,80,,95369,42,,,0,82,,95368,42,,,0,40,,95367,42,,,0,80,,95366,42,,,0,80,,95365,42,,,0,38,,95384,42,,,0,80,,95383,42,,,0,80,,95382,42,,,0,30,,95381,42,,,0,110,,95380,42,,,0,107,,95379,42,,,0,104,,95378,42,,,0,104,,95377,42,,,0
682801,'3_merged_15291796',1137,,95385,42,,,0,80,,95397,42,,,0,83,,95396,42,,,0,40,,95395,42,,,0,80,,95394,42,,,0,37,,95393,42,,,0,84,,95392,42,,,0,80,,95391,42,,,0,81,,95390,42,,,0,40,,95389,42,,,0,79,,95388,42,,,0,80,,95387,42,,,0,34,,95386,42,,,0
