682800,'101_merged_15288070',840,,95289,1,,,0
682800,'1201_merged_15288056',2108,,95290,1,,,0,107,,95291,1,,,0
682800,'1_merged_15288063',800,,95309,1,,,0,120,,95308,1,,,0,80,,95307,1,,,0,37,,95306,1,,,0,83,,95305,1,,,0,80,,95304,1,,,0,40,,95303,1,,,0,80,,95302,1,,,0,80,,95301,1,,,0,40,,95300,1,,,0,80,,95299,1,,,0,85,,95298,1,,,0,39,,95297,1,,,0,78,,95296,1,,,0,80,,95295,1,,,0,38,,95294,1,,,0,90,,95293,1,,,0,70,,95292,1,,,0
682800,'2_merged_15288065',910,,95311,1,,,0,40,,95328,1,,,0,80,,95327,1,,,0,80,,95326,1,,,0,40,,95325,1,,,0,80,,95324,1,,,0,80,,95323,1,,,0,40,,95322,1,,,0,80,,95321,1,,,0,80,,95320,1,,,0,40,,95319,1,,,0,80,,95318,1,,,0,80,,95317,1,,,0,40,,95316,1,,,0,77,,95315,1,,,0,110,,95314,1,,,0,110,,95313,1,,,0,107,,95312,1,,,0,104,,95310,1,,,0
682800,'3_merged_15288064',1110,,95334,1,,,0,40,,95341,1,,,0,80,,95333,1,,,0,80,,95340,1,,,0,40,,95339,1,,,0,80,,95332,1,,,0,80,,95338,1,,,0,40,,95331,1,,,0,80,,95330,1,,,0,80,,95337,1,,,0,40,,95336,1,,,0,80,,95329,1,,,0,80,,95335,1,,,0
682801,'1101_merged_15288074',2100,,95343,43,4,,0
682801,'1201_merged_15288056',2100,,95346,43,4,,0,108,,95345,43,4,,0,107,,95344,43,4,,0
682801,'1_merged_15288063',912,,95362,43,4,,0,40,,95363,43,4,,0,80,,95360,43,4,,0,79,,95361,43,4,,0,40,,95359,43,4,,0,80,,95347,43,4,,0,80,,95364,43,4,,0,40,,95358,43,4,,0,82,,95357,43,4,,0,82,,95356,43,4,,0,40,,95355,43,4,,0,83,,95354,43,4,,0,79,,95353,43,4,,0,39,,95352,43,4,,0,74,,95351,43,4,,0,80,,95350,43,4,,0,38,,95349,43,4,,0,82,,95348,43,4,,0
682801,'2_merged_15288065',939,,95376,43,4,,0,80,,95375,43,4,,0,40,,95374,43,4,,0,83,,95373,43,4,,0,80,,95372,43,4,,0,80,,95371,43,4,,0,40,,95370,43,4,,0,80,,95369,43,4,,0,82,,95368,43,4,,0,40,,95367,43,4,,0,80,,95366,43,4,,0,80,,95365,43,4,,0,38,,95384,43,4,,0,80,,95383,43,4,,0,80,,95382,43,4,,0,30,,95381,43,4,,0,110,,95380,43,4,,0,107,,95379,43,4,,0,104,,95378,43,4,,0,104,,95377,43,4,,0
682801,'3_merged_15288064',1138,,95385,43,4,,0,80,,95397,43,4,,0,83,,95396,43,4,,0,40,,95395,43,4,,0,80,,95394,43,4,,0,37,,95393,43,4,,0,84,,95392,43,4,,0,80,,95391,43,4,,0,81,,95390,43,4,,0,40,,95389,43,4,,0,79,,95388,43,4,,0,80,,95387,43,4,,0,34,,95386,43,4,,0
