672100,'1_merged_15288063',1619,,86648,38,,,0,35,,86652,38,,,0,75,,86647,38,,,0,73,,86653,38,,,0,20,,86651,38,,,0,17,,86654,38,,,0,16,,86656,38,,,0,60,,86650,38,,,0,17,,86657,38,,,0,16,,86655,38,,,0,59,,86649,38,,,0
681601,'1_merged_15288063',747,,93500,17,,,0,100,,93499,17,,,0,100,,93498,17,,,0,100,,93497,17,,,0,100,,93496,17,,,0,100,,93495,17,,,0,100,,93494,17,,,0,100,,93508,17,,,0,100,,93507,17,,,0,100,,93506,17,,,0,100,,93505,17,,,0,100,,93504,17,,,0,100,,93503,17,,,0,100,,93502,17,,,0,100,,93501,17,,,0
681601,'2_merged_15288065',947,,93509,17,,,0,100,,93510,17,,,0,100,,93511,17,,,0,100,,93512,17,,,0,100,,93513,17,,,0,100,,93514,17,,,0,100,,93515,17,,,0,100,,93516,17,,,0,100,,93517,17,,,0,100,,93518,17,,,0,100,,93519,17,,,0,100,,93520,17,,,0,100,,93521,17,,,0
681601,'3_merged_15288064',946,,93530,17,,,0,100,,93529,17,,,0,100,,93528,17,,,0,100,,93527,17,,,0,100,,93531,17,,,0,100,,93526,17,,,0,100,,93525,17,,,0,100,,93524,17,,,0,100,,93523,17,,,0,100,,93522,17,,,0
1169200,'1_merged_15288063',540,,97321,45,,,0,18,,97322,45,,,0,59,,97339,45,,,0,19,,97323,45,,,0,19,,97320,45,,,0,57,,97356,45,,,0,16,,97340,45,,,0,19,,97319,45,,,0,56,,97357,45,,,0,17,,97318,45,,,0,16,,97341,45,,,0,15,,97360,45,,,0,54,,97317,45,,,0,15,,97316,45,,,0,16,,97342,45,,,0,19,,97315,45,,,0,60,,97343,45,,,0,20,,97314,45,,,0,20,,97313,45,,,0,60,,97344,45,,,0,21,,97307,45,,,0,20,,97333,45,,,0,60,,97345,45,,,0,21,,97325,45,,,0,21,,97324,45,,,0,60,,97346,45,,,0,22,,97312,45,,,0,62,,97311,45,,,0,20,,97347,45,,,0,22,,97310,45,,,0,62,,97309,45,,,0,19,,97308,45,,,0,23,,97348,45,,,0,61,,97306,45,,,0,20,,97338,45,,,0,20,,97349,45,,,0,58,,97337,45,,,0,15,,97350,45,,,0,14,,97336,45,,,0,14,,97353,45,,,0,54,,97335,45,,,0,12,,97351,45,,,0,13,,97334,45,,,0,14,,97354,45,,,0,13,,97332,45,,,0,60,,97352,45,,,0,20,,97331,45,,,0,18,,97330,45,,,0,60,,97355,45,,,0,24,,97329,45,,,0,70,,97328,45,,,0,30,,97327,45,,,0,69,,97326,45,,,0,98,,97358,45,,,0,97,,97359,45,,,0
1169200,'2_merged_15288065',613,,97399,45,,,0,28,,97373,45,,,0,63,,97405,45,,,0,23,,97372,45,,,0,22,,97374,45,,,0,62,,97375,45,,,0,21,,97388,45,,,0,20,,97376,45,,,0,60,,97377,45,,,0,22,,97389,45,,,0,21,,97378,45,,,0,60,,97379,45,,,0,21,,97390,45,,,0,22,,97380,45,,,0,60,,97381,45,,,0,20,,97391,45,,,0,20,,97382,45,,,0,60,,97370,45,,,0,20,,97392,45,,,0,20,,97383,45,,,0,60,,97393,45,,,0,23,,97384,45,,,0,62,,97385,45,,,0,21,,97394,45,,,0,22,,97386,45,,,0,61,,97387,45,,,0,20,,97395,45,,,0,19,,97362,45,,,0,58,,97371,45,,,0,20,,97396,45,,,0,20,,97363,45,,,0,59,,97364,45,,,0,20,,97400,45,,,0,19,,97397,45,,,0,60,,97365,45,,,0,20,,97366,45,,,0,20,,97367,45,,,0,60,,97398,45,,,0,19,,97368,45,,,0,29,,97369,45,,,0,70,,97361,45,,,0,99,,97401,45,,,0,99,,97402,45,,,0,98,,97403,45,,,0,98,,97404,45,,,0
1169200,'3_merged_15288064',630,,97444,45,,,0,71,,97432,45,,,0,32,,97417,45,,,0,72,,97416,45,,,0,32,,97418,45,,,0,73,,97419,45,,,0,31,,97420,45,,,0,70,,97421,45,,,0,30,,97422,45,,,0,73,,97428,45,,,0,30,,97423,45,,,0,70,,97424,45,,,0,31,,97425,45,,,0,70,,97426,45,,,0,30,,97427,45,,,0,71,,97429,45,,,0,20,,97434,45,,,0,20,,97430,45,,,0,60,,97431,45,,,0,19,,97435,45,,,0,20,,97406,45,,,0,60,,97407,45,,,0,19,,97436,45,,,0,19,,97408,45,,,0,60,,97409,45,,,0,19,,97437,45,,,0,20,,97410,45,,,0,60,,97411,45,,,0,20,,97438,45,,,0,19,,97412,45,,,0,60,,97413,45,,,0,19,,97439,45,,,0,27,,97414,45,,,0,65,,97415,45,,,0,26,,97433,45,,,0,95,,97440,45,,,0,96,,97441,45,,,0,96,,97442,45,,,0,98,,97443,45,,,0
1870501,'1_merged_15288063',530,,99499,7,,,0,15,,99457,7,,,0,55,,99459,7,,,0,15,,99494,7,,,0,15,,99484,7,,,0,20,,99458,7,,,0,60,,99485,7,,,0,20,,99460,7,,,0,20,,99461,7,,,0,60,,99486,7,,,0,20,,99462,7,,,0,20,,99463,7,,,0,60,,99487,7,,,0,20,,99464,7,,,0,20,,99465,7,,,0,60,,99495,7,,,0,20,,99466,7,,,0,23,,99467,7,,,0,70,,99480,7,,,0,30,,99468,7,,,0,70,,99456,7,,,0,30,,99469,7,,,0,71,,99470,7,,,0,30,,99471,7,,,0,56,,99492,7,,,0,18,,99472,7,,,0,18,,99473,7,,,0,57,,99488,7,,,0,17,,99474,7,,,0,17,,99493,7,,,0,17,,99475,7,,,0,57,,99489,7,,,0,21,,99476,7,,,0,21,,99477,7,,,0,60,,99490,7,,,0,22,,99479,7,,,0,21,,99478,7,,,0,61,,99491,7,,,0,21,,99481,7,,,0,21,,99482,7,,,0,63,,99483,7,,,0,29,,99453,7,,,0,69,,99454,7,,,0,29,,99455,7,,,0,98,,99496,7,,,0,100,,99497,7,,,0,100,,99498,7,,,0
1870501,'2_merged_15288065',552,,99518,7,,,0,70,,99519,7,,,0,30,,99520,7,,,0,71,,99521,7,,,0,30,,99522,7,,,0,70,,99523,7,,,0,30,,99524,7,,,0,70,,99525,7,,,0,31,,99503,7,,,0,72,,99504,7,,,0,32,,99505,7,,,0,72,,99506,7,,,0,71,,99507,7,,,0,31,,99508,7,,,0,70,,99509,7,,,0,30,,99510,7,,,0,70,,99511,7,,,0,30,,99512,7,,,0,70,,99513,7,,,0,30,,99514,7,,,0,70,,99515,7,,,0,30,,99516,7,,,0,70,,99517,7,,,0,28,,99526,7,,,0,28,,99527,7,,,0,68,,99528,7,,,0,28,,99529,7,,,0,70,,99530,7,,,0,30,,99500,7,,,0,70,,99501,7,,,0,30,,99502,7,,,0,99,,99531,7,,,0,100,,99532,7,,,0,100,,99533,7,,,0
1870501,'3_merged_15288064',552,,99560,7,,,0,70,,99561,7,,,0,30,,99562,7,,,0,70,,99563,7,,,0,30,,99534,7,,,0,70,,99535,7,,,0,30,,99536,7,,,0,70,,99537,7,,,0,30,,99538,7,,,0,71,,99539,7,,,0,30,,99540,7,,,0,70,,99541,7,,,0,30,,99542,7,,,0,70,,99543,7,,,0,30,,99544,7,,,0,72,,99545,7,,,0,32,,99546,7,,,0,70,,99547,7,,,0,30,,99548,7,,,0,70,,99549,7,,,0,30,,99550,7,,,0,70,,99551,7,,,0,30,,99552,7,,,0,70,,99553,7,,,0,30,,99554,7,,,0,70,,99555,7,,,0,30,,99556,7,,,0,70,,99557,7,,,0,29,,99558,7,,,0,70,,99564,7,,,0,30,,99559,7,,,0,96,,99565,7,,,0,100,,99566,7,,,0,100,,99567,7,,,0
3182000,'1803_merged_15288071',1801,,105698,18,,,0,100,,105699,18,,,0,55,,105700,18,,,0,100,,105701,18,,,0
3182000,'1_merged_15288063',702,,105733,18,,,0,29,,105732,18,,,0,72,,105731,18,,,0,28,,105730,18,,,0,70,,105729,18,,,0,30,,105728,18,,,0,70,,105727,18,,,0,30,,105726,18,,,0,70,,105725,18,,,0,30,,105724,18,,,0,70,,105723,18,,,0,30,,105722,18,,,0,70,,105721,18,,,0,30,,105720,18,,,0,70,,105719,18,,,0,30,,105718,18,,,0,70,,105717,18,,,0,30,,105716,18,,,0,70,,105715,18,,,0,30,,105714,18,,,0,70,,105713,18,,,0,30,,105712,18,,,0,70,,105711,18,,,0,30,,105710,18,,,0,70,,105709,18,,,0,30,,105708,18,,,0,70,,105707,18,,,0,30,,105706,18,,,0,70,,105705,18,,,0,30,,105704,18,,,0,70,,105703,18,,,0,40,,105702,18,,,0
3182000,'2_merged_15288065',801,,105734,18,,,0,30,,105735,18,,,0,70,,105736,18,,,0,30,,105737,18,,,0,70,,105738,18,,,0,30,,105739,18,,,0,70,,105740,18,,,0,30,,105741,18,,,0,70,,105742,18,,,0,30,,105743,18,,,0,70,,105744,18,,,0,30,,105745,18,,,0,70,,105746,18,,,0,30,,105747,18,,,0,70,,105748,18,,,0,30,,105749,18,,,0,70,,105750,18,,,0,30,,105751,18,,,0,70,,105752,18,,,0,30,,105753,18,,,0,70,,105754,18,,,0,30,,105755,18,,,0,70,,105756,18,,,0,30,,105757,18,,,0,70,,105758,18,,,0,30,,105759,18,,,0,70,,105760,18,,,0,30,,105761,18,,,0
3182000,'32603_merged_15288055',1801,,105762,18,,,0,100,,105763,18,,,0,55,,105764,18,,,0,100,,105765,18,,,0
3182000,'3_merged_15288064',901,,105766,18,,,0,30,,105767,18,,,0,70,,105768,18,,,0,30,,105769,18,,,0,70,,105770,18,,,0,30,,105771,18,,,0,70,,105772,18,,,0,30,,105773,18,,,0,70,,105774,18,,,0,30,,105775,18,,,0,70,,105776,18,,,0,30,,105777,18,,,0,70,,105778,18,,,0,30,,105779,18,,,0,70,,105780,18,,,0,30,,105781,18,,,0,70,,105782,18,,,0,30,,105783,18,,,0,100,,105784,18,,,0,95,,105785,18,,,0,100,,105786,18,,,0,100,,105787,18,,,0
