672601,'1_merged_15524980',611,,147766,19,,,0,47,,147767,47,,,0,72,,147768,47,,,0,74,,147769,47,,,0,32,,147770,47,,,0,70,,147771,47,,,0,33,,147772,47,,,0,73,,147773,47,,,0,24,,147774,41,,,0,68,,147775,41,,,0,34,,147776,41,,,0,76,,147777,41,,,0,26,,147778,41,,,0,67,,147779,41,,,0,36,,147780,41,,,0,79,,147781,41,,,0,28,,147782,41,,,0,66,,147783,41,,,0,26,,147784,41,,,0,72,,147785,47,,,0,32,,147786,47,,,0,75,,147787,47,,,0,25,,147788,47,,,0,69,,147789,47,,,0,30,,147790,47,,,0,72,,147791,41,,,0,31,,147792,41,,,0,69,,147793,41,,,0,28,,147760,41,,,0,70,,147765,41,,,0,30,,147761,41,,,0,72,,147762,41,,,0,103,,147764,41,,,0,109,,147763,41,,,0
672601,'2_merged_15524982',714,,147814,41,,,0,102,,147801,41,,,0,31,,147816,41,,,0,69,,147817,41,,,0,30,,147815,41,,,0,70,,147818,41,,,0,30,,147799,41,,,0,69,,147819,41,,,0,30,,147800,41,,,0,69,,147820,41,,,0,31,,147802,41,,,0,72,,147821,41,,,0,26,,147803,41,,,0,66,,147822,41,,,0,29,,147805,41,,,0,73,,147806,41,,,0,29,,147823,41,,,0,67,,147794,41,,,0,30,,147813,41,,,0,70,,147795,41,,,0,31,,147804,41,,,0,68,,147796,41,,,0,38,,147808,41,,,0,68,,147797,41,,,0,31,,147807,41,,,0,67,,147824,41,,,0,30,,147798,41,,,0,97,,147809,41,,,0,100,,147810,41,,,0,98,,147811,41,,,0,95,,147812,41,,,0
672601,'3_merged_15524981',826,,147851,41,,,0,76,,147841,41,,,0,32,,147825,41,,,0,78,,147842,41,,,0,33,,147838,41,,,0,80,,147843,41,,,0,33,,147833,41,,,0,63,,147844,41,,,0,32,,147826,41,,,0,67,,147845,41,,,0,30,,147827,41,,,0,72,,147850,41,,,0,30,,147837,41,,,0,68,,147846,41,,,0,30,,147828,41,,,0,69,,147847,41,,,0,31,,147829,41,,,0,69,,147848,41,,,0,31,,147830,41,,,0,69,,147849,41,,,0,30,,147831,41,,,0,99,,147834,41,,,0,100,,147832,41,,,0,99,,147835,41,,,0,100,,147836,41,,,0,94,,147839,41,,,0,100,,147840,41,,,0
3454300,'101_merged_15524987',1556,,169227,22,0,37,0
3454300,'1_merged_15524980',506,,169291,22,0,37,0,22,,169292,22,0,37,0,15,,169302,22,0,37,0,15,,169228,22,0,37,0,55,,169229,22,0,37,0,13,,169230,22,0,37,0,13,,169301,22,0,37,0,12,,169231,22,0,37,0,52,,169232,22,0,37,0,14,,169233,22,0,37,0,12,,169300,22,0,37,0,12,,169234,22,0,37,0,12,,169235,22,0,37,0,50,,169236,22,0,37,0,10,,169237,22,0,37,0,12,,169299,22,0,37,0,10,,169238,22,0,37,0,10,,169304,22,0,37,0,13,,169239,22,0,37,0,52,,169240,22,0,37,0,15,,169241,22,0,37,0,15,,169298,22,0,37,0,16,,169242,22,0,37,0,55,,169243,22,0,37,0,13,,169244,22,0,37,0,15,,169297,22,0,37,0,15,,169245,22,0,37,0,55,,169246,22,0,37,0,15,,169247,22,0,37,0,15,,169296,22,0,37,0,15,,169248,22,0,37,0,55,,169249,22,0,37,0,16,,169250,22,0,37,0,15,,169295,22,0,37,0,15,,169251,22,0,37,0,55,,169252,22,0,37,0,17,,169253,22,0,37,0,15,,169294,22,0,37,0,16,,169288,22,0,37,0,55,,169289,22,0,37,0,16,,169290,22,0,37,0,15,,169303,22,0,37,0,15,,169254,22,0,37,0,56,,169255,22,0,37,0,21,,169256,22,0,37,0,9,,169257,22,0,37,0,63,,169258,22,0,37,0,12,,169259,22,0,37,0,11,,169260,22,0,37,0,12,,169261,22,0,37,0,12,,169262,22,0,37,0,53,,169263,22,0,37,0,12,,169264,22,0,37,0,14,,169265,22,0,37,0,12,,169266,22,0,37,0,11,,169267,22,0,37,0,51,,169268,22,0,37,0,12,,169269,22,0,37,0,10,,169270,22,0,37,0,12,,169271,22,0,37,0,11,,169272,22,,,0,52,,169273,22,,,0,15,,169274,22,,,0,16,,169275,22,,,0,15,,169276,22,,,0,54,,169277,22,,,0,15,,169278,22,,,0,15,,169279,22,,,0,70,,169280,22,,,0,28,,169281,22,,,0,70,,169282,22,,,0,30,,169283,22,,,0,69,,169284,22,,,0,28,,169285,22,,,0,70,,169286,22,,,0,102,,169287,22,0,37,0,98,,169293,22,0,37,0
3454300,'2001_merged_15524990',1437,,169305,10,0,37,0
3454300,'201',1556,,169306,22,0,37,0
3454300,'2_merged_15524982',539,,169334,22,,,0,67,,169333,22,,,0,30,,169332,22,,,0,66,,169331,22,,,0,32,,169330,22,,,0,72,,169329,22,,,0,30,,169328,22,,,0,71,,169327,22,,,0,21,,169307,22,,,0,20,,169326,22,,,0,60,,169325,22,,,0,21,,169324,22,,,0,20,,169323,22,,,0,60,,169322,22,,,0,20,,169321,22,,,0,21,,169320,22,,,0,60,,169319,22,,,0,22,,169318,22,,,0,20,,169317,22,,,0,60,,169316,22,,,0,20,,169315,22,,,0,20,,169314,22,,,0,60,,169313,22,,,0,20,,169312,22,,,0,20,,169311,22,,,0,60,,169310,22,,,0,20,,169309,22,,,0,20,,169308,22,,,0,60,,169355,22,,,0,21,,169354,22,,,0,20,,169353,22,,,0,60,,169352,22,,,0,19,,169351,22,,,0,20,,169350,22,,,0,60,,169349,22,,,0,19,,169348,22,,,0,19,,169347,22,,,0,60,,169346,22,,,0,28,,169345,22,,,0,70,,169344,22,,,0,33,,169343,22,,,0,70,,169342,22,,,0,30,,169341,22,,,0,70,,169340,22,,,0,29,,169339,22,,,0,70,,169338,22,,,0,100,,169337,22,,,0,100,,169336,22,0,37,0,95,,169335,22,0,37,0
3454300,'3_merged_15524981',542,,169398,22,,,0,72,,169399,22,,,0,30,,169356,22,,,0,71,,169357,22,,,0,30,,169358,22,,,0,71,,169359,22,,,0,30,,169383,22,,,0,71,,169384,22,,,0,28,,169385,22,,,0,68,,169386,22,,,0,25,,169391,22,,,0,20,,169387,22,,,0,60,,169388,22,,,0,21,,169392,22,,,0,19,,169389,22,,,0,60,,169390,22,,,0,20,,169393,22,,,0,20,,169360,22,,,0,60,,169361,22,,,0,20,,169394,22,,,0,20,,169362,22,,,0,60,,169363,22,,,0,20,,169395,22,,,0,20,,169364,22,,,0,60,,169365,22,,,0,20,,169396,22,,,0,20,,169366,22,,,0,60,,169367,22,,,0,20,,169397,22,,,0,20,,169368,22,,,0,61,,169369,22,,,0,30,,169370,22,,,0,70,,169371,22,,,0,33,,169372,22,,,0,75,,169373,22,,,0,76,,169374,22,,,0,34,,169375,22,,,0,75,,169376,22,,,0,35,,169377,22,,,0,79,,169378,22,,,0,30,,169379,22,,,0,150,,169380,22,,,0,99,,169381,22,0,37,0,100,,169382,22,0,37,0
3454300,'62101_merged_15524978',1518,,169400,10,0,37,0
