681501,'1803_merged_15524988',1833,,153238,8,,,0,100,,153237,8,,,0,100,,153236,8,,,0,100,,153235,8,,,0
681501,'1_merged_15524980',533,,153241,8,,,0,100,,153240,8,,,0,100,,153239,8,,,0,100,,153242,8,,,0,100,,153256,8,,,0,100,,153255,8,,,0,100,,153254,8,,,0,100,,153253,8,,,0,100,,153252,8,,,0,100,,153251,8,,,0,100,,153250,8,,,0,100,,153249,8,,,0,100,,153248,8,,,0,100,,153247,8,,,0,100,,153246,8,,,0,100,,153245,8,,,0,100,,153244,8,,,0,100,,153243,8,,,0
681501,'2_merged_15524982',833,,153257,8,,,0,100,,153258,8,,,0,100,,153259,8,,,0,100,,153260,8,,,0,100,,153261,8,,,0,100,,153262,8,,,0,100,,153263,8,,,0,100,,153264,8,,,0,100,,153265,8,,,0,100,,153266,8,,,0,100,,153267,8,,,0,100,,153268,8,,,0,100,,153269,8,,,0,100,,153270,8,,,0,100,,153271,8,,,0
681501,'3_merged_15524981',933,,153277,8,,,0,100,,153276,8,,,0,100,,153275,8,,,0,100,,153274,8,,,0,100,,153273,8,,,0,100,,153272,8,,,0,100,,153280,8,,,0,100,,153279,8,,,0,100,,153278,8,,,0
1870501,'1_merged_15524980',540,,159692,15,,,0,11,,159650,15,,,0,55,,159652,15,,,0,15,,159687,15,,,0,17,,159677,15,,,0,21,,159651,15,,,0,61,,159678,15,,,0,20,,159653,15,,,0,60,,159654,15,,,0,21,,159679,15,,,0,20,,159655,15,,,0,60,,159656,15,,,0,19,,159680,15,,,0,21,,159657,15,,,0,60,,159658,15,,,0,20,,159688,15,,,0,20,,159659,15,,,0,63,,159660,15,,,0,30,,159673,15,,,0,71,,159661,15,,,0,30,,159649,15,,,0,70,,159662,15,,,0,30,,159663,15,,,0,70,,159664,15,,,0,16,,159685,15,,,0,17,,159665,15,,,0,20,,159666,15,,,0,56,,159681,15,,,0,17,,159667,15,,,0,16,,159686,15,,,0,57,,159668,15,,,0,17,,159682,15,,,0,21,,159669,15,,,0,61,,159670,15,,,0,21,,159683,15,,,0,22,,159672,15,,,0,61,,159671,15,,,0,20,,159684,15,,,0,20,,159674,15,,,0,61,,159675,15,,,0,23,,159676,15,,,0,69,,159646,15,,,0,29,,159647,15,,,0,29,,159648,15,,,0,98,,159689,15,,,0,100,,159690,15,,,0,100,,159691,15,,,0
1870501,'2_merged_15524982',600,,159711,15,,,0,30,,159712,15,,,0,70,,159713,15,,,0,30,,159714,15,,,0,71,,159715,15,,,0,30,,159716,15,,,0,72,,159717,15,,,0,32,,159718,15,,,0,71,,159696,15,,,0,30,,159697,15,,,0,71,,159698,15,,,0,32,,159699,15,,,0,72,,159700,15,,,0,32,,159701,15,,,0,72,,159702,15,,,0,30,,159703,15,,,0,70,,159704,15,,,0,30,,159705,15,,,0,70,,159706,15,,,0,30,,159707,15,,,0,70,,159708,15,,,0,30,,159709,15,,,0,70,,159710,15,,,0,29,,159719,15,,,0,67,,159720,15,,,0,28,,159721,15,,,0,70,,159722,15,,,0,30,,159723,15,,,0,69,,159693,15,,,0,30,,159694,15,,,0,70,,159695,15,,,0,93,,159724,15,,,0,100,,159725,15,,,0,100,,159726,15,,,0
1870501,'3_merged_15524981',558,,159753,15,,,0,70,,159754,15,,,0,30,,159755,15,,,0,70,,159756,15,,,0,30,,159727,15,,,0,71,,159728,15,,,0,30,,159729,15,,,0,71,,159730,15,,,0,70,,159731,15,,,0,30,,159732,15,,,0,71,,159733,15,,,0,30,,159734,15,,,0,70,,159735,15,,,0,30,,159736,15,,,0,70,,159737,15,,,0,32,,159738,15,,,0,72,,159739,15,,,0,30,,159740,15,,,0,70,,159741,15,,,0,30,,159742,15,,,0,70,,159743,15,,,0,30,,159744,15,,,0,70,,159745,15,,,0,30,,159746,15,,,0,70,,159747,15,,,0,30,,159748,15,,,0,70,,159749,15,,,0,30,,159750,15,,,0,70,,159751,15,,,0,30,,159757,15,,,0,70,,159752,15,,,0,96,,159758,15,,,0,100,,159759,15,,,0,100,,159760,15,,,0
2904001,'101_merged_15524987',802,,161339,7,,,0
5312701,'2_merged_15524982',804,,181232,8,,,0,100,,181233,8,,,0,100,,181234,8,,,0,100,,181235,8,,,0,100,,181236,8,,,0,100,,181237,8,,,0,100,,181238,8,,,0,100,,181239,8,,,0,100,,181240,8,,,0,100,,181241,8,,,0,100,,181242,8,,,0,100,,181243,8,,,0,100,,181244,8,,,0
5312701,'3_merged_15524981',804,,181245,8,,,0,100,,181246,8,,,0,100,,181247,8,,,0,100,,181248,8,,,0,100,,181249,8,,,0,100,,181250,8,,,0,100,,181251,8,,,0,100,,181252,8,,,0,100,,181253,8,,,0,100,,181254,8,,,0,100,,181255,8,,,0,100,,181256,8,,,0,100,,181257,8,,,0
