662400,'152201_merged_15288067',2435,,63128,43,,,0,69,,63129,43,,,0,32,,63130,43,,,0,76,,63131,43,,,0
662400,'152301_merged_15288069',2435,,63132,43,,,0,69,,63133,43,,,0,32,,63134,43,,,0,76,,63135,43,,,0
662400,'1_merged_15288063',450,,63136,1,,,0,70,,63137,1,,,0,15,,63138,22,,,0,15,,63139,1,,,0,54,,63140,1,,,0,11,,63141,1,,,0,7,,63142,22,,,0,17,,63143,43,,,0,8,,63144,1,,,0,8,,63145,43,,,0,55,,63146,43,,,0,7,,63237,1,,,0,5,,63147,43,,,0,12,,63178,43,,,0,12,,63179,43,,,0,13,,63180,43,,,0,54,,63181,43,,,0,14,,63182,43,,,0,12,,63183,43,,,0,12,,63184,43,,,0,50,,63236,1,,,0,2,,63185,43,,,0,13,,63186,43,,,0,12,,63187,43,,,0,12,,63188,43,,,0,12,,63189,43,,,0,52,,63190,43,,,0,12,,63191,43,,,0,12,,63192,43,,,0,12,,63193,43,,,0,12,,63194,43,,,0,52,,63195,43,,,0,12,,63196,43,,,0,13,,63197,43,,,0,12,,63198,43,,,0,12,,63199,43,,,0,54,,63200,43,,,0,12,,63201,43,,,0,13,,63202,43,,,0,12,,63203,43,,,0,12,,63204,43,,,0,51,,63205,43,,,0,12,,63206,43,,,0,12,,63207,43,,,0,12,,63208,43,,,0,12,,63209,43,,,0,52,,63210,43,,,0,7,,63238,1,,,0,5,,63211,43,,,0,12,,63212,43,,,0,12,,63213,43,,,0,12,,63214,43,,,0,48,,63235,1,,,0,4,,63215,43,,,0,12,,63216,43,,,0,12,,63217,43,,,0,12,,63218,43,,,0,12,,63219,43,,,0,52,,63220,43,,,0,6,,63148,1,,,0,6,,63221,43,,,0,12,,63149,43,,,0,12,,63150,43,,,0,12,,63151,43,,,0,51,,63152,43,,,0,11,,63153,43,,,0,12,,63154,43,,,0,11,,63155,43,,,0,9,,63156,43,,,0,10,,63157,43,,,0,50,,63158,43,,,0,9,,63159,43,,,0,10,,63160,43,,,0,11,,63161,43,,,0,11,,63162,43,,,0,52,,63222,43,,,0,12,,63223,43,,,0,10,,63224,43,,,0,12,,63225,43,,,0,12,,63226,43,,,0,11,,63227,43,,,0,52,,63228,43,,,0,12,,63229,43,,,0,12,,63230,43,,,0,12,,63231,43,,,0,12,,63232,43,,,0,52,,63233,43,,,0,12,,63234,43,,,0,15,,63166,43,,,0,16,,63167,43,,,0,56,,63164,43,,,0,12,,63170,43,,,0,15,,63171,43,,,0,15,,63172,43,,,0,59,,63173,43,,,0,14,,63174,43,,,0,20,,63175,43,,,0,60,,63176,43,,,0,16,,63177,43,,,0
662400,'2_merged_15288065',439,,63239,1,,,0,69,,63240,1,,,0,29,,63241,1,,,0,13,,63242,22,,,0,60,,63243,36,,,0,17,,63244,1,,,0,13,,63245,36,,,0,15,,63339,1,,,0,55,,63246,43,,,0,11,,63247,1,,,0,10,,63248,43,,,0,12,,63340,1,,,0,5,,63249,1,,,0,3,,63250,43,,,0,57,,63251,43,,,0,12,,63303,43,,,0,12,,63304,43,,,0,13,,63305,43,,,0,12,,63306,43,,,0,49,,63252,1,,,0,4,,63307,43,,,0,13,,63308,43,,,0,12,,63309,43,,,0,12,,63310,43,,,0,53,,63311,43,,,0,12,,63312,43,,,0,13,,63313,43,,,0,12,,63314,43,,,0,12,,63315,43,,,0,10,,63253,1,,,0,43,,63316,43,,,0,12,,63317,43,,,0,14,,63318,43,,,0,12,,63319,43,,,0,12,,63320,43,,,0,53,,63321,43,,,0,12,,63322,43,,,0,12,,63323,43,,,0,12,,63324,43,,,0,12,,63325,43,,,0,50,,63254,1,,,0,5,,63326,43,,,0,12,,63327,43,,,0,13,,63328,43,,,0,12,,63329,43,,,0,12,,63330,43,,,0,52,,63331,43,,,0,12,,63332,43,,,0,11,,63333,43,,,0,12,,63334,43,,,0,12,,63335,43,,,0,51,,63336,43,,,0,12,,63337,43,,,0,12,,63255,43,,,0,12,,63256,43,,,0,12,,63257,43,,,0,52,,63258,43,,,0,12,,63259,43,,,0,12,,63260,43,,,0,12,,63261,43,,,0,12,,63262,43,,,0,51,,63263,43,,,0,12,,63264,43,,,0,12,,63265,43,,,0,12,,63266,43,,,0,12,,63267,43,,,0,52,,63268,43,,,0,11,,63269,43,,,0,10,,63270,43,,,0,12,,63271,43,,,0,12,,63272,43,,,0,50,,63273,43,,,0,12,,63274,43,,,0,12,,63275,43,,,0,12,,63276,43,,,0,12,,63277,43,,,0,52,,63278,43,,,0,13,,63279,43,,,0,15,,63281,43,,,0,16,,63282,43,,,0,57,,63284,43,,,0,17,,63285,43,,,0,17,,63286,43,,,0,18,,63288,43,,,0,56,,63289,43,,,0,13,,63290,43,,,0,15,,63291,43,,,0,15,,63292,43,,,0,57,,63293,43,,,0,16,,63294,43,,,0,20,,63295,43,,,0,61,,63296,43,,,0,17,,63297,43,,,0,19,,63298,43,,,0,57,,63299,43,,,0,18,,63300,43,,,0,20,,63301,43,,,0,68,,63302,43,,,0
662400,'3_merged_15288064',454,,63389,1,,,0,58,,63390,1,,,0,16,,63391,1,,,0,18,,63392,22,,,0,55,,63393,1,,,0,13,,63394,1,,,0,7,,63395,36,,,0,18,,63396,36,,,0,19,,63397,43,,,0,53,,63398,1,,,0,5,,63399,43,,,0,18,,63400,43,,,0,20,,63401,43,,,0,55,,63402,43,,,0,15,,63403,43,,,0,7,,63404,1,,,0,5,,63464,43,,,0,15,,63465,43,,,0,52,,63466,43,,,0,12,,63467,43,,,0,12,,63468,43,,,0,12,,63469,43,,,0,9,,63405,1,,,0,5,,63470,43,,,0,52,,63471,43,,,0,12,,63472,43,,,0,12,,63473,43,,,0,12,,63474,43,,,0,14,,63475,43,,,0,52,,63476,43,,,0,12,,63477,43,,,0,9,,63406,1,,,0,3,,63478,43,,,0,12,,63479,43,,,0,13,,63480,43,,,0,52,,63481,43,,,0,12,,63482,43,,,0,13,,63483,43,,,0,12,,63484,43,,,0,13,,63485,43,,,0,52,,63486,43,,,0,12,,63487,43,,,0,12,,63488,43,,,0,12,,63489,43,,,0,10,,63490,43,,,0,52,,63491,43,,,0,12,,63492,43,,,0,7,,63407,1,,,0,5,,63493,43,,,0,12,,63494,43,,,0,12,,63495,43,,,0,52,,63408,43,,,0,10,,63409,43,,,0,10,,63410,43,,,0,10,,63411,43,,,0,10,,63412,43,,,0,10,,63413,43,,,0,50,,63414,43,,,0,10,,63415,43,,,0,10,,63416,43,,,0,9,,63417,43,,,0,10,,63418,43,,,0,10,,63419,43,,,0,50,,63420,43,,,0,9,,63421,43,,,0,10,,63422,43,,,0,10,,63423,43,,,0,9,,63424,43,,,0,9,,63425,43,,,0,50,,63426,43,,,0,10,,63427,43,,,0,10,,63428,43,,,0,10,,63429,43,,,0,10,,63430,43,,,0,10,,63431,43,,,0,52,,63433,43,,,0,15,,63434,43,,,0,15,,63436,43,,,0,15,,63437,43,,,0,53,,63439,43,,,0,15,,63440,43,,,0,14,,63442,43,,,0,15,,63443,43,,,0,55,,63446,43,,,0,16,,63447,43,,,0,15,,63448,43,,,0,15,,63449,43,,,0,7,,63450,43,,,0,55,,63451,43,,,0,15,,63452,43,,,0,15,,63453,43,,,0,15,,63454,43,,,0,55,,63455,43,,,0,14,,63456,43,,,0,19,,63457,43,,,0,61,,63458,43,,,0,16,,63459,43,,,0,23,,63460,43,,,0,68,,63461,43,,,0,34,,63462,43,,,0,65,,63463,43,,,0
662901,'1_merged_15288063',2543,,65963,27,4,,0
662901,'2_merged_15288065',2544,,65977,27,4,,0
683400,'1201_merged_15288056',2623,,95503,37,,,0,22,,95506,37,,,0,65,,95504,37,0,6 7 8,0,104,,95505,37,,,0
683400,'1_merged_15288063',2608,,95513,37,,,0,27,,95511,37,,,0,21,,95508,37,0,6 7 8,0,68,,95512,37,,,0,16,,95510,37,,,0,18,,95509,37,,,0,71,,95507,37,,,0,25,,95514,37,,,0
683400,'2_merged_15288065',501,,95524,37,,,0,14,,95523,37,,,0,33,,95527,37,,,0,61,,95522,37,,,0,31,,95521,37,,,0,1903,,95528,37,,,0,59,,95529,37,,,0,20,,95526,37,,,0,20,,95530,37,,,0,15,,95519,37,,,0,55,,95516,37,,,0,15,,95518,37,,,0,20,,95517,37,,,0,61,,95520,37,0,6 7 8,0,20,,95515,37,0,6 7 8,0,24,,95525,37,,,0
683400,'3_merged_15288064',506,,95540,37,,,0,30,,95541,37,,,0,15,,95542,37,,,0,55,,95548,37,,,0,15,,95547,37,,,0,16,,95543,37,,,0,66,,95531,37,,,0,17,,95549,37,,,0,17,,95544,37,,,0,1777,,95546,37,,,0,23,,95545,37,,,0,22,,95535,37,,,0,78,,95532,37,,,0,21,,95537,37,0,6 7 8,0,59,,95533,37,,,0,22,,95534,37,,,0,61,,95536,37,0,6 7 8,0,20,,95538,37,0,6 7 8,0,20,,95539,37,,,0
