3003900,'1_merged_15529700',457,,162040,1,,,0,61,,162038,1,,,0,9,,162041,1,,,0,19,,162037,11,,,0,10,,162054,11,,,0,56,,162036,11,,,0,9,,162055,11,,,0,18,,162035,11,,,0,11,,162042,11,,,0,66,,162034,11,,,0,4,,162043,11,,,0,21,,162028,11,,,0,60,,162044,11,,,0,41,,162045,11,,,0,70,,162046,11,,,0,30,,162047,11,,,0,71,,162048,11,,,0,25,,162049,11,,,0,72,,162050,11,,,0,30,,162051,11,,,0,70,,162052,11,,,0,34,,162053,11,,,0,65,,162056,11,,,0,30,,162057,11,,,0,72,,162058,11,,,0,28,,162039,11,,,0,69,,162014,11,,,0,29,,162015,11,,,0,72,,162016,11,,,0,18,,162059,11,,,0,10,,162033,11,,,0,21,,162017,11,,,0,49,,162032,11,,,0,21,,162018,11,,,0,9,,162031,11,,,0,69,,162019,11,,,0,13,,162030,11,,,0,12,,162020,11,,,0,26,,162021,11,,,0,52,,162029,11,,,0,19,,162022,11,,,0,95,,162023,11,,,0,105,,162024,11,,,0,102,,162025,11,,,0,100,,162026,11,,,0,100,,162027,11,,,0
3003900,'2_merged_15529702',645,,162088,1,,,0,70,,162078,11,,,0,31,,162089,11,,,0,69,,162079,11,,,0,29,,162064,11,,,0,70,,162060,11,,,0,29,,162062,11,,,0,68,,162061,11,,,0,32,,162063,11,,,0,68,,162080,11,,,0,30,,162065,11,,,0,70,,162081,11,,,0,30,,162066,11,,,0,70,,162082,11,,,0,30,,162067,11,,,0,70,,162083,11,,,0,30,,162068,11,,,0,70,,162084,11,,,0,30,,162069,11,,,0,70,,162085,11,,,0,30,,162070,11,,,0,70,,162086,11,,,0,30,,162071,11,,,0,70,,162087,11,,,0,31,,162072,11,,,0,86,,162073,11,,,0,99,,162074,11,,,0,100,,162075,11,,,0,103,,162076,11,,,0,102,,162077,11,,,0
3003900,'3_merged_15529701',646,,162096,1,,,0,96,,162097,11,,,0,100,,162098,11,,,0,100,,162099,11,,,0,70,,162108,11,,,0,30,,162100,11,,,0,70,,162109,11,,,0,28,,162101,11,,,0,70,,162110,11,,,0,30,,162102,11,,,0,70,,162111,11,,,0,30,,162103,11,,,0,70,,162112,11,,,0,30,,162104,11,,,0,70,,162113,11,,,0,30,,162105,11,,,0,70,,162114,11,,,0,30,,162106,11,,,0,70,,162115,11,,,0,30,,162107,11,,,0,71,,162116,11,,,0,20,,162090,11,,,0,101,,162091,11,,,0,100,,162092,11,,,0,101,,162093,11,,,0,100,,162094,11,,,0,101,,162095,11,,,0
3004000,'101_merged_15529707',1452,,162222,1,,,0
3004000,'1_merged_15529700',454,,162223,1,,,0,63,,162228,1,,,0,7,,162242,1,,,0,20,,162227,11,,,0,11,,162243,11,,,0,59,,162226,11,,,0,10,,162244,11,,,0,17,,162225,11,,,0,11,,162245,11,,,0,60,,162224,11,,,0,10,,162246,11,,,0,21,,162263,11,,,0,57,,162247,11,,,0,27,,162248,11,,,0,30,,162249,11,,,0,66,,162250,11,,,0,31,,162251,11,,,0,72,,162252,11,,,0,26,,162253,11,,,0,76,,162254,11,,,0,24,,162255,11,,,0,70,,162256,11,,,0,30,,162257,11,,,0,77,,162258,11,,,0,73,,162259,11,,,0,26,,162260,11,,,0,29,,162261,11,,,0,70,,162262,11,,,0,30,,162241,11,,,0,71,,162229,11,,,0,12,,162268,11,,,0,18,,162230,11,,,0,51,,162267,11,,,0,19,,162231,11,,,0,11,,162266,11,,,0,68,,162232,11,,,0,13,,162265,11,,,0,10,,162233,11,,,0,27,,162234,11,,,0,49,,162264,11,,,0,21,,162235,11,,,0,74,,162236,11,,,0,99,,162237,11,,,0,101,,162238,11,,,0,100,,162239,11,,,0,58,,162240,11,,,0
3004000,'2_merged_15529702',601,,162279,1,,,0,30,,162287,1,,,0,27,,162280,11,,,0,70,,162288,11,,,0,30,,162300,11,,,0,68,,162289,11,,,0,31,,162269,11,,,0,69,,162290,11,,,0,29,,162270,11,,,0,70,,162291,11,,,0,30,,162271,11,,,0,70,,162292,11,,,0,29,,162272,11,,,0,70,,162293,11,,,0,30,,162273,11,,,0,70,,162294,11,,,0,30,,162274,11,,,0,70,,162295,11,,,0,31,,162275,11,,,0,70,,162296,11,,,0,30,,162276,11,,,0,70,,162297,11,,,0,30,,162277,11,,,0,70,,162298,11,,,0,33,,162278,11,,,0,70,,162299,11,,,0,29,,162281,11,,,0,99,,162282,11,,,0,100,,162283,11,,,0,103,,162284,11,,,0,100,,162285,11,,,0,100,,162286,11,,,0
3004000,'3_merged_15529701',600,,162319,1,,,0,59,,162301,11,,,0,99,,162302,11,,,0,99,,162303,11,,,0,99,,162304,11,,,0,99,,162305,11,,,0,70,,162320,11,,,0,29,,162306,11,,,0,70,,162321,11,,,0,30,,162307,11,,,0,70,,162322,11,,,0,30,,162308,11,,,0,70,,162323,11,,,0,30,,162309,11,,,0,70,,162324,11,,,0,34,,162310,11,,,0,67,,162325,11,,,0,30,,162311,11,,,0,70,,162326,11,,,0,30,,162312,11,,,0,104,,162313,11,,,0,99,,162314,11,,,0,100,,162315,11,,,0,101,,162316,11,,,0,100,,162317,11,,,0,100,,162318,11,,,0
3004100,'101_merged_15529707',1532,,162431,11,,,0,15,,162433,11,,,0,81,,162432,11,,,0
3004100,'1_merged_15529700',606,5,162439,11,,,0,15,5,162445,11,,,0,15,5,162440,11,,,0,15,5,162446,11,,,0,55,5,162441,11,,,0,15,5,162447,11,,,0,15,5,162442,11,,,0,15,5,162448,11,,,0,55,5,162443,11,,,0,14,,162449,11,,,0,15,,162444,11,,,0,669,,162434,11,,,0,13,,162450,11,,,0,87,,162435,11,,,0,10,,162453,11,,,0,20,,162436,11,,,0,13,,162451,11,,,0,56,,162437,11,,,0,40,,162438,11,,,0,90,,162452,11,,,0
3004100,'201',1532,,162456,11,,,0,15,,162454,11,,,0,81,,162455,11,,,0
