666600,'101_merged_15529707',749,,135767,5,,,0,5,,135765,5,,,0,869,,135766,5,,,0
666600,'1_merged_15529700',555,,135805,5,,,0,68,,135788,5,,,0,26,,135804,5,,,0,63,,135803,5,,,0,25,,135802,5,,,0,87,,135801,5,,,0,30,,135800,5,,,0,70,,135799,5,,,0,30,,135798,5,,,0,70,,135784,5,,,0,30,,135783,5,,,0,70,,135782,5,,,0,30,,135797,5,,,0,70,,135781,5,,,0,30,,135796,5,,,0,70,,135795,5,,,0,30,,135794,5,,,0,70,,135793,5,,,0,35,,135780,5,,,0,70,,135779,5,,,0,20,,135809,5,,,0,55,,135770,5,,,0,33,,135808,5,,,0,17,,135792,5,,,0,56,,135769,5,,,0,17,,135791,5,,,0,13,,135790,5,,,0,15,,135789,5,,,0,54,,135768,5,,,0,15,,135787,5,,,0,19,,135778,5,,,0,70,,135786,5,,,0,30,,135785,5,,,0,70,,135771,5,,,0,30,,135772,5,,,0,70,,135810,5,,,0,30,,135773,5,,,0,80,,135774,5,,,0,88,,135775,5,,,0,44,,135776,5,,,0,90,,135777,5,,,0,83,,135807,5,,,0
666600,'201',749,,135813,5,,,0,5,,135811,5,,,0,869,,135812,5,,,0
666600,'2_merged_15529702',653,,135814,5,,,0,70,,135815,5,,,0,30,,135816,5,,,0,70,,135817,5,,,0,31,,135818,5,,,0,70,,135819,5,,,0,30,,135820,5,,,0,70,,135821,5,,,0,30,,135822,5,,,0,70,,135823,5,,,0,30,,135824,5,,,0,70,,135825,5,,,0,30,,135826,5,,,0,70,,135827,5,,,0,30,,135828,5,,,0,70,,135829,5,,,0,30,,135830,5,,,0,70,,135831,5,,,0,30,,135832,5,,,0,70,,135833,5,,,0,30,,135834,5,,,0,70,,135835,5,,,0,30,,135836,5,,,0,69,,135837,5,,,0,30,,135838,5,,,0,70,,135839,5,,,0,30,,135847,5,,,0,70,,135840,5,,,0,30,,135848,5,,,0,70,,135841,5,,,0,100,,135842,5,,,0,100,,135843,5,,,0,100,,135844,5,,,0,100,,135845,5,,,0,34,,135846,5,,,0
666600,'3_merged_15529701',708,,135865,5,,,0,95,,135866,5,,,0,100,,135849,5,,,0,30,,135874,5,,,0,70,,135850,5,,,0,30,,135875,5,,,0,70,,135851,5,,,0,30,,135867,5,,,0,71,,135852,5,,,0,30,,135868,5,,,0,70,,135853,5,,,0,30,,135869,5,,,0,70,,135854,5,,,0,30,,135870,5,,,0,70,,135855,5,,,0,30,,135871,5,,,0,70,,135856,5,,,0,30,,135872,5,,,0,70,,135857,5,,,0,30,,135873,5,,,0,69,,135858,5,,,0,30,,135876,5,,,0,70,,135859,5,,,0,30,,135877,5,,,0,70,,135860,5,,,0,30,,135878,5,,,0,70,,135861,5,,,0,100,,135862,5,,,0,100,,135863,5,,,0,110,,135864,5,,,0
666800,'1_merged_15529700',548,,136391,5,,,0,70,,136423,5,,,0,31,,136392,5,,,0,71,,136424,5,,,0,31,,136393,5,,,0,73,,136425,5,,,0,30,,136394,5,,,0,70,,136426,5,,,0,26,,136395,5,,,0,70,,136427,5,,,0,29,,136396,5,,,0,70,,136428,5,,,0,30,,136397,5,,,0,70,,136429,5,,,0,30,,136398,5,,,0,70,,136401,5,,,0,32,,136399,5,,,0,70,,136402,5,,,0,30,,136400,5,,,0,70,,136403,5,,,0,79,,136412,5,,,0,25,,136404,5,,,0,26,,136413,5,,,0,70,,136405,5,,,0,25,,136414,5,,,0,74,,136406,5,,,0,19,,136415,5,,,0,65,,136407,5,,,0,30,,136416,5,,,0,70,,136408,5,,,0,30,,136417,5,,,0,70,,136409,5,,,0,30,,136418,5,,,0,70,,136410,5,,,0,30,,136419,5,,,0,69,,136411,5,,,0,100,,136420,5,,,0,100,,136421,5,,,0,100,,136422,5,,,0
666800,'2_merged_15529702',553,,136430,5,,,0,75,,136431,5,,,0,25,,136432,5,,,0,70,,136433,5,,,0,30,,136434,5,,,0,71,,136435,5,,,0,30,,136436,5,,,0,70,,136437,5,,,0,30,,136438,5,,,0,70,,136439,5,,,0,30,,136440,5,,,0,70,,136441,5,,,0,30,,136442,5,,,0,70,,136443,5,,,0,31,,136444,5,,,0,70,,136445,5,,,0,30,,136446,5,,,0,70,,136447,5,,,0,30,,136448,5,,,0,70,,136449,5,,,0,30,,136450,5,,,0,70,,136451,5,,,0,29,,136452,5,,,0,70,,136453,5,,,0,30,,136454,5,,,0,70,,136455,5,,,0,30,,136456,5,,,0,70,,136457,5,,,0,30,,136458,5,,,0,70,,136459,5,,,0,30,,136460,5,,,0,70,,136461,5,,,0,30,,136462,5,,,0,74,,136463,5,,,0,75,,136464,5,,,0,30,,136465,5,,,0,70,,136466,5,,,0,30,,136467,5,,,0,70,,136468,5,,,0,30,,136469,5,,,0,70,,136470,5,,,0
666800,'3_merged_15529701',558,,136472,5,,,0,70,,136473,5,,,0,30,,136506,5,,,0,70,,136507,5,,,0,30,,136474,5,,,0,71,,136475,5,,,0,30,,136476,5,,,0,70,,136477,5,,,0,30,,136478,5,,,0,70,,136479,5,,,0,30,,136480,5,,,0,70,,136481,5,,,0,30,,136482,5,,,0,70,,136483,5,,,0,71,,136484,5,,,0,30,,136485,5,,,0,70,,136486,5,,,0,30,,136487,5,,,0,70,,136488,5,,,0,29,,136489,5,,,0,30,,136490,5,,,0,70,,136491,5,,,0,30,,136492,5,,,0,70,,136493,5,,,0,30,,136494,5,,,0,70,,136495,5,,,0,30,,136496,5,,,0,70,,136497,5,,,0,29,,136498,5,,,0,70,,136499,5,,,0,30,,136500,5,,,0,71,,136501,5,,,0,25,,136502,5,,,0,75,,136503,5,,,0,29,,136504,5,,,0,67,,136505,5,,,0,33,,136471,5,,,0
722400,'101_merged_15529707',713,,155803,5,0,67,0
722400,'1_merged_15529700',520,,155834,5,,,0,10,,155846,5,0,67,0,10,,155832,5,,,0,12,,155842,5,0,67,0,51,,155809,5,,,0,10,,155807,5,,,0,10,,155843,5,0,67,0,10,,155835,5,,,0,7,,155839,5,,,0,13,,155844,5,0,67,0,50,,155833,5,,,0,20,,155830,5,,,0,11,,155836,5,,,0,66,,155829,5,,,0,18,,155828,5,,,0,23,,155840,5,,,0,17,,155825,5,,,0,74,,155824,5,,,0,26,,155822,5,,,0,70,,155821,5,,,0,30,,155820,5,,,0,70,,155819,5,,,0,30,,155818,5,,,0,70,,155817,5,,,0,30,,155823,5,,,0,70,,155816,5,,,0,30,,155831,5,,,0,70,,155827,5,,,0,31,,155837,5,,,0,60,,155826,5,,,0,20,,155815,5,,,0,66,,155838,5,,,0,14,,155814,5,,,0,20,,155806,5,,,0,17,,155804,5,,,0,57,,155841,5,,,0,18,,155813,5,,,0,22,,155812,5,,,0,75,,155811,5,,,0,20,,155810,5,,,0,60,,155805,5,,,0,24,,155808,5,,,0,72,,155845,5,,,0
722400,'201',713,,155847,5,0,67,0
