667700,'101_merged_15524965',1613,,79343,16,,,0
667700,'1101_merged_15524969',2519,,79344,16,,,0
667700,'1201_merged_15524951',2519,,79345,16,,,0
667700,'1_merged_15524958',617,,79383,16,,,0,29,,79356,16,,,0,71,,79364,16,,,0,30,,79371,16,,,0,73,,79381,16,,,0,29,,79367,16,,,0,78,,79351,16,,,0,24,,79389,16,,,0,87,,79350,16,,,0,71,,79358,16,,,0,29,,79365,16,,,0,70,,79363,16,,,0,30,,79362,16,,,0,71,,79372,16,,,0,31,,79349,16,,,0,69,,79387,16,,,0,15,,79352,16,,,0,31,,79353,16,,,0,65,,79346,16,,,0,20,,79377,16,,,0,14,,79357,16,,,0,70,,79360,16,,,0,19,,79368,16,,,0,12,,79361,16,,,0,59,,79378,16,,,0,13,,79373,16,,,0,19,,79384,16,,,0,60,,79388,16,,,0,13,,79374,16,,,0,15,,79385,16,,,0,12,,79382,16,,,0,56,,79375,16,,,0,10,,79355,16,,,0,11,,79376,16,,,0,14,,79370,16,,,0,16,,79390,16,,,0,57,,79366,16,,,0,15,,79348,16,,,0,15,,79386,16,,,0,11,,79347,16,,,0,68,,79379,16,,,0,29,,79369,16,,,0,69,,79359,16,,,0,30,,79392,16,,,0,69,,79380,16,,,0,30,,79391,16,,,0,70,,79354,16,,,0
667700,'2_merged_15524960',650,,79420,16,,,0,66,,79421,16,,,0,31,,79400,16,,,0,70,,79428,16,,,0,31,,79429,16,,,0,72,,79396,16,,,0,30,,79426,16,,,0,69,,79403,16,,,0,32,,79434,16,,,0,71,,79398,16,,,0,28,,79433,16,,,0,71,,79435,16,,,0,31,,79401,16,,,0,70,,79399,16,,,0,32,,79438,16,,,0,56,,79409,16,,,0,20,,79436,16,,,0,22,,79394,16,,,0,59,,79419,16,,,0,19,,79425,16,,,0,22,,79424,16,,,0,59,,79418,16,,,0,20,,79395,16,,,0,21,,79402,16,,,0,59,,79417,16,,,0,24,,79437,16,,,0,19,,79404,16,,,0,60,,79416,16,,,0,23,,79430,16,,,0,20,,79427,16,,,0,64,,79415,16,,,0,16,,79408,16,,,0,14,,79405,16,,,0,55,,79423,16,,,0,16,,79414,16,,,0,29,,79431,16,,,0,72,,79422,16,,,0,28,,79406,16,,,0,69,,79411,16,,,0,30,,79410,16,,,0,70,,79432,16,,,0,30,,79413,16,,,0,69,,79397,16,,,0,32,,79412,16,,,0,65,,79407,16,,,0,36,,79393,16,,,0
667700,'3_merged_15524959',820,,79456,16,,,0,30,,79450,16,,,0,70,,79459,16,,,0,29,,79449,16,,,0,70,,79457,16,,,0,30,,79448,16,,,0,69,,79458,16,,,0,32,,79439,16,,,0,69,,79460,16,,,0,32,,79447,16,,,0,69,,79443,16,,,0,32,,79455,16,,,0,70,,79462,16,,,0,31,,79454,16,,,0,53,,79476,16,,,0,30,,79463,16,,,0,15,,79453,16,,,0,57,,79475,16,,,0,29,,79466,16,,,0,16,,79452,16,,,0,55,,79474,16,,,0,32,,79464,16,,,0,13,,79451,16,,,0,56,,79473,16,,,0,29,,79461,16,,,0,14,,79446,16,,,0,57,,79472,16,,,0,26,,79441,16,,,0,15,,79445,16,,,0,59,,79471,16,,,0,26,,79440,16,,,0,17,,79444,16,,,0,67,,79442,16,,,0,30,,79470,16,,,0,71,,79467,16,,,0,30,,79469,16,,,0,71,,79465,16,,,0,34,,79468,16,,,0
683700,'1101_merged_15524969',2657,,96920,43,,,0
683700,'1201_merged_15524951',2657,,96921,43,,,0
683700,'1_merged_15524958',2537,,96928,43,,,0,20,,96927,43,,,0,60,,96923,43,,,0,29,,96926,43,,,0,74,,96925,43,,,0,19,,96924,43,,,0,68,,96922,43,,,0
683700,'2_merged_15524960',525,,96937,17,,,0,2019,,96931,43,,,0,62,,96936,43,,,0,14,,96930,43,,,0,19,,96935,43,,,0,20,,96932,43,,,0,70,,96934,43,,,0,12,,96933,43,,,0,74,,96929,43,,,0
683700,'3_merged_15524959',555,,96946,17,,,0,74,,96947,17,,,0,71,,96948,17,,,0,29,,96949,37,,,0,1688,,96942,43,,,0,32,,96941,43,,,0,70,,96940,43,,,0,37,,96939,43,,,0,71,,96938,43,,,0,24,,96945,43,,,0,88,,96944,43,,,0,65,,96943,43,,,0
