681501,'1',532,,153241,6,,,0,100,,153240,6,,,0,100,,153239,6,,,0,100,,153242,6,,,0,100,,153256,6,,,0,100,,153255,6,,,0,100,,153254,6,,,0,100,,153253,6,,,0,100,,153252,6,,,0,100,,153251,6,,,0,100,,153250,6,,,0,100,,153249,6,,,0,100,,153248,6,,,0,100,,153247,6,,,0,100,,153246,6,,,0,100,,153245,6,,,0,100,,153244,6,,,0,100,,153243,6,,,0
681501,'1803',1832,,153238,6,,,0,100,,153237,6,,,0,100,,153236,6,,,0,100,,153235,6,,,0
681501,'2',832,,153257,6,,,0,100,,153258,6,,,0,100,,153259,6,,,0,100,,153260,6,,,0,100,,153261,6,,,0,100,,153262,6,,,0,100,,153263,6,,,0,100,,153264,6,,,0,100,,153265,6,,,0,100,,153266,6,,,0,100,,153267,6,,,0,100,,153268,6,,,0,100,,153269,6,,,0,100,,153270,6,,,0,100,,153271,6,,,0
681501,'3',932,,153277,6,,,0,100,,153276,6,,,0,100,,153275,6,,,0,100,,153274,6,,,0,100,,153273,6,,,0,100,,153272,6,,,0,100,,153280,6,,,0,100,,153279,6,,,0,100,,153278,6,,,0
2904001,'101',800,,161339,5,,,0
3404501,'1',718,,168458,25,,,0,100,,168457,25,,,0,100,,168456,25,,,0,100,,168455,25,,,0,100,,168454,25,,,0,100,,168453,25,,,0,100,,168452,25,,,0,100,,168451,25,,,0,100,,168450,25,,,0,100,,168449,25,,,0,100,,168448,25,,,0,100,,168447,25,,,0,100,,168446,25,,,0,100,,168445,25,,,0,100,,168444,25,,,0,96,,168443,25,,,0,104,,168442,25,,,0,100,,168459,25,,,0
3404501,'2',818,,168460,25,,,0,100,,168461,25,,,0,100,,168462,25,,,0,100,,168463,25,,,0,100,,168464,25,,,0,100,,168465,25,,,0,100,,168466,25,,,0,100,,168467,25,,,0,100,,168468,25,,,0,100,,168469,25,,,0,100,,168470,25,,,0,100,,168471,25,,,0,100,,168472,25,,,0,100,,168473,25,,,0,100,,168474,25,,,0,100,,168475,25,,,0,100,,168476,25,,,0
3404501,'3',918,,168482,25,,,0,100,,168481,25,,,0,100,,168480,25,,,0,100,,168479,25,,,0,100,,168478,25,,,0,100,,168477,25,,,0,100,,168490,25,,,0,100,,168489,25,,,0,100,,168483,25,,,0,100,,168487,25,,,0,100,,168486,25,,,0,100,,168488,25,,,0,100,,168485,25,,,0,100,,168484,25,,,0,100,,168491,25,,,0,100,,168492,25,,,0
5312701,'2',802,,181232,6,,,0,100,,181233,6,,,0,100,,181234,6,,,0,100,,181235,6,,,0,100,,181236,6,,,0,100,,181237,6,,,0,100,,181238,6,,,0,100,,181239,6,,,0,100,,181240,6,,,0,100,,181241,6,,,0,100,,181242,6,,,0,100,,181243,6,,,0,100,,181244,6,,,0
5312701,'3',802,,181245,6,,,0,100,,181246,6,,,0,100,,181247,6,,,0,100,,181248,6,,,0,100,,181249,6,,,0,100,,181250,6,,,0,100,,181251,6,,,0,100,,181252,6,,,0,100,,181253,6,,,0,100,,181254,6,,,0,100,,181255,6,,,0,100,,181256,6,,,0,100,,181257,6,,,0
