'1201merged14516800',677900,200300,,'',0,10000,,'',0,10000,,'',0,9700,,'',0
'1201merged14516800',677901,205300,4,'',0,10000,4,'',0,10000,4,'',0,10000,4,'',0
'1merged14516808',677900,62700,,'',0,9100,,'',0,10000,,'',0,10000,,'',0,10000,,'',0,10000,,'',0,10000,,'',0,9500,,'',0,10000,,'',0,10000,,'',0,10000,,'',0,9800,,'',0,10200,,'',0,9500,,'',0
'1merged14516808',677901,71300,4,'',0,9500,4,'',0,10000,4,'',0,10000,4,'',0,10000,4,'',0,10000,4,'',0,10000,4,'',0,9500,4,'',0,10000,4,'',0,10000,4,'',0,10000,4,'',0,9800,4,'',0,10200,4,'',0,9700,4,'',0
'2merged14516810',677900,91800,,'',0,10000,,'',0,10000,,'',0,10000,,'',0,9500,,'',0,10000,,'',0,10000,,'',0,10000,,'',0,10000,,'',0,10000,0,'Horseshoe Bay',0,3500,,'',0,10000,,'',0,10000,,'',0,10000,,'',0,10000,,'',0
'2merged14516810',677901,100800,4,'',0,10000,4,'',0,10000,4,'',0,10000,4,'',0,9500,4,'',0,10000,4,'',0,10000,4,'',0,10000,4,'',0,10000,4,'',0,2700,4,'',0,10800,4,'',0,10000,4,'',0,10000,4,'',0,10000,4,'',0,10000,4,'',0
'35301',677900,200300,,'',0,10000,,'',0,10000,,'',0,9700,,'',0,10000,,'',0,10000,,'',0
'35301',677901,205300,4,'',0,10000,4,'',0,10000,4,'',0,10000,4,'',0,10100,4,'',0,10000,4,'',0
'3merged14516809',677900,101800,,'',0,10000,,'',0,10000,,'',0,9500,,'',0,10000,,'',0,10000,,'',0,10000,,'',0,10000,,'',0,10000,,'',0
'3merged14516809',677901,110800,4,'',0,10000,4,'',0,10000,4,'',0,9500,4,'',0,10000,4,'',0,10000,4,'',0,10000,4,'',0,10000,4,'',0,10000,4,'',0
