3003900,'1',457,,44424,1,,,0,61,,44422,1,,,0,9,,44425,1,,,0,19,,44421,11,,,0,10,,44438,11,,,0,56,,44420,11,,,0,9,,44439,11,,,0,18,,44419,11,,,0,11,,44426,11,,,0,66,,44418,11,,,0,14,,44427,11,,,0,11,,44412,11,,,0,60,,44428,11,,,0,41,,44429,11,,,0,70,,44430,11,,,0,30,,44431,11,,,0,70,,44432,11,,,0,28,,44433,11,,,0,72,,44434,11,,,0,28,,44435,11,,,0,70,,44436,11,,,0,30,,44437,11,,,0,70,,44440,11,,,0,30,,44441,11,,,0,73,,44442,11,,,0,26,,44423,11,,,0,68,,44398,11,,,0,29,,44399,11,,,0,72,,44400,11,,,0,18,,44443,11,,,0,11,,44417,11,,,0,17,,44401,11,,,0,53,,44416,11,,,0,20,,44402,11,,,0,12,,44415,11,,,0,69,,44403,11,,,0,12,,44414,11,,,0,12,,44404,11,,,0,25,,44405,11,,,0,53,,44413,11,,,0,18,,44406,11,,,0,98,,44407,11,,,0,103,,44408,11,,,0,101,,44409,11,,,0,100,,44410,11,,,0,100,,44411,11,,,0
3003900,'2',645,,44472,1,,,0,70,,44462,11,,,0,30,,44473,11,,,0,70,,44463,11,,,0,29,,44448,11,,,0,71,,44444,11,,,0,28,,44446,11,,,0,70,,44445,11,,,0,29,,44447,11,,,0,70,,44464,11,,,0,29,,44449,11,,,0,69,,44465,11,,,0,30,,44450,11,,,0,70,,44466,11,,,0,30,,44451,11,,,0,70,,44467,11,,,0,30,,44452,11,,,0,70,,44468,11,,,0,30,,44453,11,,,0,70,,44469,11,,,0,30,,44454,11,,,0,70,,44470,11,,,0,30,,44455,11,,,0,72,,44471,11,,,0,30,,44456,11,,,0,86,,44457,11,,,0,102,,44458,11,,,0,100,,44459,11,,,0,100,,44460,11,,,0,100,,44461,11,,,0
3003900,'3',646,,44480,1,,,0,96,,44481,11,,,0,100,,44482,11,,,0,100,,44483,11,,,0,70,,44492,11,,,0,29,,44484,11,,,0,70,,44493,11,,,0,29,,44485,11,,,0,70,,44494,11,,,0,30,,44486,11,,,0,70,,44495,11,,,0,30,,44487,11,,,0,70,,44496,11,,,0,30,,44488,11,,,0,70,,44497,11,,,0,30,,44489,11,,,0,70,,44498,11,,,0,30,,44490,11,,,0,70,,44499,11,,,0,31,,44491,11,,,0,70,,44500,11,,,0,20,,44474,11,,,0,102,,44475,11,,,0,101,,44476,11,,,0,100,,44477,11,,,0,101,,44478,11,,,0,100,,44479,11,,,0
3004000,'1',455,,44606,1,,,0,62,,44611,1,,,0,7,,44625,1,,,0,20,,44610,11,,,0,10,,44626,11,,,0,60,,44609,11,,,0,10,,44627,11,,,0,19,,44608,11,,,0,11,,44628,11,,,0,58,,44607,11,,,0,10,,44629,11,,,0,20,,44646,11,,,0,17,,44630,11,,,0,68,,44631,11,,,0,32,,44632,11,,,0,67,,44633,11,,,0,30,,44634,11,,,0,73,,44635,11,,,0,27,,44636,11,,,0,73,,44637,11,,,0,28,,44638,11,,,0,70,,44639,11,,,0,28,,44640,11,,,0,75,,44641,11,,,0,70,,44642,11,,,0,29,,44643,11,,,0,27,,44644,11,,,0,70,,44645,11,,,0,30,,44624,11,,,0,71,,44612,11,,,0,13,,44651,11,,,0,17,,44613,11,,,0,52,,44650,11,,,0,19,,44614,11,,,0,11,,44649,11,,,0,68,,44615,11,,,0,14,,44648,11,,,0,10,,44616,11,,,0,26,,44617,11,,,0,51,,44647,11,,,0,19,,44618,11,,,0,75,,44619,11,,,0,99,,44620,11,,,0,100,,44621,11,,,0,100,,44622,11,,,0,58,,44623,11,,,0
3004000,'101',1452,,44652,1,,,0
3004000,'2',601,,44663,1,,,0,30,,44671,1,,,0,70,,44664,11,,,0,30,,44672,11,,,0,70,,44684,11,,,0,30,,44673,11,,,0,69,,44653,11,,,0,29,,44674,11,,,0,29,,44654,11,,,0,69,,44675,11,,,0,30,,44655,11,,,0,70,,44676,11,,,0,30,,44656,11,,,0,70,,44677,11,,,0,29,,44657,11,,,0,69,,44678,11,,,0,31,,44658,11,,,0,70,,44679,11,,,0,30,,44659,11,,,0,70,,44680,11,,,0,30,,44660,11,,,0,70,,44681,11,,,0,29,,44661,11,,,0,72,,44682,11,,,0,30,,44662,11,,,0,70,,44683,11,,,0,30,,44665,11,,,0,100,,44666,11,,,0,100,,44667,11,,,0,102,,44668,11,,,0,100,,44669,11,,,0,100,,44670,11,,,0
3004000,'3',600,,44703,1,,,0,100,,44685,11,,,0,100,,44686,11,,,0,59,,44687,11,,,0,99,,44688,11,,,0,100,,44689,11,,,0,70,,44704,11,,,0,29,,44690,11,,,0,70,,44705,11,,,0,30,,44691,11,,,0,70,,44706,11,,,0,30,,44692,11,,,0,70,,44707,11,,,0,30,,44693,11,,,0,70,,44708,11,,,0,73,,44694,11,,,0,27,,44709,11,,,0,30,,44695,11,,,0,70,,44710,11,,,0,31,,44696,11,,,0,101,,44697,11,,,0,99,,44698,11,,,0,100,,44699,11,,,0,101,,44700,11,,,0,100,,44701,11,,,0,100,,44702,11,,,0
3004100,'1',606,5,44820,11,,,0,15,5,44826,11,,,0,15,5,44821,11,,,0,15,5,44827,11,,,0,55,5,44822,11,,,0,15,5,44828,11,,,0,15,5,44823,11,,,0,15,5,44829,11,,,0,55,5,44824,11,,,0,14,,44830,11,,,0,15,,44825,11,,,0,667,,44815,11,,,0,15,,44831,11,,,0,85,,44816,11,,,0,15,,44834,11,,,0,15,,44817,11,,,0,15,,44832,11,,,0,55,,44818,11,,,0,41,,44819,11,,,0,90,,44833,11,,,0
3004100,'101',1532,,44835,11,,,0,15,,44837,11,,,0,81,,44836,11,,,0
3004100,'201',1532,,44840,11,,,0,15,,44838,11,,,0,81,,44839,11,,,0
