672700,'1',1014,,147876,55,,,0,30,,147877,55,,,0,70,,147878,55,,,0,28,,147879,55,,,0,70,,147880,55,,,0,22,,147881,55,,,0,72,,147882,55,,,0,31,,147883,55,,,0,68,,147884,55,,,0,25,,147885,55,,,0,88,,147887,55,,,0,31,,147888,55,,,0,62,,147889,55,,,0,312,,147897,55,,,0,28,,147854,55,,,0,70,,147863,55,,,0,28,,147855,55,,,0,72,,147856,55,,,0,25,,147861,55,,,0,79,,147862,55,,,0,30,,147857,55,,,0,74,,147858,55,,,0,92,,147859,55,,,0,103,,147860,55,,,0
672700,'101',1637,,147852,55,,,0
672700,'2',723,,147917,55,,,0,33,,147902,55,,,0,74,,147909,55,,,0,72,,147933,55,,,0,28,,147899,55,,,0,71,,147910,55,,,0,31,,147901,55,,,0,75,,147922,55,,,0,32,,147900,55,,,0,72,,147929,55,,,0,33,,147904,55,,,0,72,,147906,55,,,0,29,,147907,55,,,0,70,,147905,55,,,0,31,,147912,55,,,0,70,,147913,55,,,0,30,,147931,55,,,0,71,,147914,55,,,0,29,,147923,55,,,0,68,,147924,55,,,0,29,,147925,55,,,0,67,,147926,55,,,0,31,,147920,55,,,0,67,,147928,55,,,0,30,,147919,55,,,0,66,,147921,55,,,0,28,,147915,55,,,0,70,,147916,55,,,0,30,,147932,55,,,0,70,,147911,55,,,0,30,,147927,55,,,0,69,,147908,55,,,0,31,,147903,55,,,0,104,,147918,55,,,0,91,,147930,55,,,0
672700,'201',1637,,147898,55,,,0
672700,'3',814,,147934,55,,,0,102,,147943,55,,,0,93,,147946,55,,,0,42,,147954,55,,,0,67,,147948,55,,,0,29,,147961,55,,,0,70,,147937,55,,,0,31,,147964,55,,,0,70,,147950,55,,,0,32,,147951,55,,,0,70,,147952,55,,,0,31,,147938,55,,,0,68,,147936,55,,,0,30,,147960,55,,,0,70,,147962,55,,,0,27,,147965,55,,,0,71,,147953,55,,,0,28,,147958,55,,,0,70,,147959,55,,,0,30,,147956,55,,,0,68,,147935,55,,,0,30,,147947,55,,,0,68,,147944,55,,,0,30,,147945,55,,,0,70,,147941,55,,,0,27,,147942,55,,,0,68,,147963,55,,,0,29,,147949,55,,,0,68,,147955,55,,,0,28,,147939,55,,,0,99,,147940,55,,,0,95,,147957,55,,,0
673000,'1',516,,148617,13,,,0,15,,148618,13,,,0,17,,148619,13,,,0,55,,148620,13,,,0,11,,148664,13,,,0,10,,148621,13,,,0,10,,148622,13,,,0,10,,148623,13,,,0,11,,148624,13,,,0,52,,148625,13,,,0,10,,148626,13,,,0,11,,148627,13,,,0,10,,148663,13,,,0,10,,148628,13,,,0,10,,148629,13,,,0,51,,148630,13,,,0,14,,148631,13,,,0,12,,148632,13,,,0,13,,148633,13,,,0,52,,148634,13,,,0,12,,148635,13,,,0,12,,148636,13,,,0,11,,148662,13,,,0,12,,148637,13,,,0,12,,148638,13,,,0,55,,148639,13,,,0,16,,148640,13,,,0,15,,148641,13,,,0,62,,148642,13,,,0,20,,148643,13,,,0,20,,148644,13,,,0,61,,148645,13,,,0,20,,148646,13,,,0,20,,148647,13,,,0,61,,148648,13,,,0,21,,148649,13,,,0,20,,148650,13,,,0,56,,148651,13,,,0,15,,148652,13,,,0,15,,148653,13,,,0,15,,148654,13,,,0,53,,148655,13,,,0,15,,148656,13,,,0,12,,148657,13,,,0,14,,148658,13,,,0,12,,148659,13,,,0,52,,148660,13,,,0,20,,148661,13,,,0,12,,148598,13,,,0,13,,148599,13,,,0,52,,148600,13,,,0,12,,148601,13,,,0,10,,148602,13,,,0,12,,148603,13,,,0,12,,148604,13,,,0,52,,148605,13,,,0,15,,148606,13,,,0,14,,148607,13,,,0,15,,148608,13,,,0,11,,148609,13,,,0,68,,148610,13,,,0,30,,148611,13,,,0,70,,148612,13,,,0,31,,148613,13,,,0,69,,148614,13,,,0,100,,148615,13,,,0,100,,148616,13,,,0
673000,'101',1618,,148597,13,,,0
673000,'2',708,,148693,13,,,0,20,,148681,13,,,0,20,,148683,13,,,0,62,,148703,13,,,0,20,,148680,13,,,0,22,,148692,13,,,0,61,,148704,13,,,0,24,,148679,13,,,0,20,,148691,13,,,0,60,,148705,13,,,0,21,,148678,13,,,0,21,,148695,13,,,0,60,,148690,13,,,0,23,,148677,13,,,0,17,,148710,13,,,0,56,,148696,13,,,0,18,,148666,13,,,0,18,,148697,13,,,0,54,,148711,13,,,0,14,,148676,13,,,0,15,,148689,13,,,0,15,,148675,13,,,0,56,,148712,13,,,0,15,,148698,13,,,0,15,,148688,13,,,0,15,,148674,13,,,0,55,,148699,13,,,0,15,,148706,13,,,0,15,,148687,13,,,0,15,,148673,13,,,0,55,,148700,13,,,0,15,,148686,13,,,0,14,,148707,13,,,0,15,,148672,13,,,0,55,,148702,13,,,0,14,,148685,13,,,0,15,,148708,13,,,0,15,,148701,13,,,0,54,,148713,13,,,0,15,,148671,13,,,0,14,,148684,13,,,0,16,,148670,13,,,0,59,,148709,13,,,0,18,,148682,13,,,0,24,,148669,13,,,0,69,,148694,13,,,0,30,,148668,13,,,0,70,,148667,13,,,0,97,,148714,13,,,0,96,,148715,13,,,0
673000,'201',1618,,148665,13,,,0
673000,'3',813,,148749,13,,,0,18,,148729,13,,,0,20,,148739,13,,,0,60,,148750,13,,,0,22,,148728,13,,,0,24,,148738,13,,,0,64,,148751,13,,,0,22,,148727,13,,,0,61,,148741,13,,,0,21,,148737,13,,,0,20,,148726,13,,,0,60,,148742,13,,,0,20,,148716,13,,,0,20,,148743,13,,,0,61,,148725,13,,,0,20,,148736,13,,,0,20,,148724,13,,,0,62,,148744,13,,,0,19,,148735,13,,,0,15,,148754,13,,,0,15,,148723,13,,,0,55,,148745,13,,,0,13,,148734,13,,,0,15,,148755,13,,,0,15,,148722,13,,,0,55,,148746,13,,,0,13,,148733,13,,,0,16,,148756,13,,,0,15,,148721,13,,,0,55,,148748,13,,,0,15,,148732,13,,,0,15,,148757,13,,,0,15,,148747,13,,,0,55,,148720,13,,,0,14,,148731,13,,,0,18,,148719,13,,,0,59,,148752,13,,,0,20,,148730,13,,,0,20,,148718,13,,,0,19,,148753,13,,,0,60,,148740,13,,,0,20,,148758,13,,,0,20,,148717,13,,,0,99,,148759,13,,,0,100,,148760,13,,,0
