674901,'1',422,,34033,31,,,0,31,,34062,31,,,0,62,,34063,45,,,0,31,,34064,45,,,0,10,,34065,31,,,0,61,,34022,45,,,0,9,,34066,31,,,0,25,,34067,45,,,0,51,,34068,45,,,0,19,,34069,45,,,0,8,,34029,45,,,0,20,,34070,45,,,0,52,,34071,45,,,0,21,,34072,45,,,0,15,,34073,45,,,0,15,,34074,31,,,0,57,,34075,45,,,0,15,,34076,45,,,0,12,,34077,31,,,0,14,,34030,45,,,0,55,,34078,31,,,0,15,,34079,45,,,0,15,,34080,31,,,0,15,,34081,45,,,0,55,,34082,31,,,0,15,,34083,45,,,0,8,,34084,32,,,0,17,,34085,45,,,0,57,,34086,31,,,0,16,,34087,45,,,0,15,,34088,31,,,0,15,,34089,45,,,0,55,,34090,31,,,0,15,,34091,45,,,0,15,,34092,31,,,0,18,,34093,45,,,0,56,,34094,31,,,0,15,,34095,45,,,0,18,,34051,31,,,0,14,,34052,45,,,0,61,,34028,31,,,0,22,,34053,45,,,0,67,,34054,45,,,0,18,,34055,45,,,0,6,,34056,32,,,0,6,,34057,45,,,0,17,,34058,45,,,0,56,,34059,45,,,0,15,,34060,45,,,0,17,,34061,45,,,0,11,,34024,45,,,0,53,,34027,45,,,0,13,,34049,45,,,0,14,,34036,45,,,0,14,,34037,45,,,0,56,,34038,45,,,0,12,,34039,45,,,0,15,,34040,45,,,0,15,,34041,45,,,0,15,,34031,45,,,0,58,,34023,45,,,0,14,,34035,45,,,0,14,,34042,45,,,0,66,,34043,45,,,0,30,,34044,45,,,0,19,,34045,32,,,0,57,,34025,45,,,0,19,,34050,45,,,0,21,,34034,32,,,0,59,,34046,45,,,0,24,,34047,45,,,0,70,,34026,45,,,0,28,,34048,45,,,0,70,,34032,45,,,0,30,,34096,45,,,0
674901,'101',1548,,34098,31,,,0,10,,34097,45,,,0
674901,'2',548,,34100,45,,,0,71,,34101,31,,,0,25,,34102,45,,,0,66,,34103,31,,,0,20,,34104,45,,,0,11,,34105,31,,,0,15,,34106,45,,,0,55,,34107,31,,,0,16,,34108,45,,,0,16,,34109,31,,,0,15,,34110,45,,,0,55,,34111,31,,,0,16,,34112,45,,,0,15,,34113,31,,,0,57,,34114,45,,,0,15,,34115,31,,,0,15,,34116,45,,,0,15,,34117,31,,,0,55,,34118,45,,,0,15,,34119,31,,,0,16,,34120,45,,,0,14,,34121,31,,,0,13,,34122,45,,,0,59,,34123,31,,,0,17,,34124,45,,,0,15,,34125,31,,,0,58,,34126,45,,,0,15,,34127,31,,,0,13,,34128,45,,,0,15,,34129,31,,,0,55,,34130,45,,,0,15,,34131,31,,,0,14,,34132,45,,,0,15,,34133,31,,,0,56,,34134,45,,,0,15,,34135,31,,,0,15,,34136,45,,,0,15,,34137,31,,,0,55,,34138,45,,,0,15,,34139,31,,,0,15,,34140,45,,,0,19,,34141,31,,,0,54,,34142,45,,,0,15,,34143,31,,,0,15,,34144,45,,,0,15,,34145,31,,,0,55,,34146,45,,,0,12,,34147,31,,,0,15,,34148,45,,,0,15,,34149,31,,,0,54,,34150,45,,,0,15,,34151,31,,,0,12,,34152,45,,,0,15,,34153,45,,,0,55,,34154,45,,,0,15,,34155,45,,,0,23,,34156,45,,,0,70,,34157,45,,,0,30,,34158,45,,,0,70,,34159,45,,,0,28,,34160,45,,,0,70,,34161,45,,,0,30,,34162,45,,,0,70,,34163,45,,,0,30,,34164,45,,,0,70,,34165,45,,,0,26,,34166,45,,,0
674901,'201',1548,,34168,31,,,0,10,,34167,45,,,0
674901,'3',642,,34202,31,,,0,70,,34194,31,,,0,30,,34193,45,,,0,69,,34192,45,,,0,16,,34191,31,,,0,16,,34190,45,,,0,15,,34227,31,,,0,55,,34226,45,,,0,15,,34225,31,,,0,15,,34224,45,,,0,57,,34223,31,,,0,15,,34222,45,,,0,17,,34221,31,,,0,14,,34220,45,,,0,56,,34177,31,,,0,15,,34176,45,,,0,17,,34219,31,,,0,13,,34218,45,,,0,56,,34217,31,,,0,15,,34216,45,,,0,15,,34215,31,,,0,15,,34214,45,,,0,53,,34213,31,,,0,17,,34212,45,,,0,15,,34211,31,,,0,14,,34210,45,,,0,56,,34209,31,,,0,14,,34208,45,,,0,18,,34189,31,,,0,14,,34188,45,,,0,57,,34187,31,,,0,5,,34186,45,,,0,24,,34185,31,,,0,14,,34184,45,,,0,57,,34183,31,,,0,13,,34182,45,,,0,16,,34181,31,,,0,13,,34180,45,,,0,55,,34179,31,,,0,15,,34201,45,,,0,13,,34200,31,,,0,15,,34199,45,,,0,13,,34198,31,,,0,57,,34197,45,,,0,15,,34196,31,,,0,15,,34195,45,,,0,13,,34178,31,,,0,55,,34175,45,,,0,14,,34174,31,,,0,16,,34173,45,,,0,15,,34171,31,,,0,54,,34172,45,,,0,16,,34170,31,,,0,15,,34169,45,,,0,15,,34231,31,,,0,60,,34230,45,,,0,30,,34207,45,,,0,70,,34229,45,,,0,31,,34228,45,,,0,70,,34203,45,,,0,30,,34204,45,,,0,72,,34205,45,,,0,27,,34232,45,,,0,69,,34206,45,,,0
3003701,'1',520,,44089,6,,,0,30,,44090,6,,,0,70,,44091,6,,,0,23,,44088,6,,,0,5,,44092,6,,,0,64,,44087,6,,,0,8,,44093,6,,,0,23,,44086,6,,,0,62,,44080,6,,,0,17,,44094,6,,,0,34,,44095,6,,,0,68,,44096,6,,,0,30,,44097,6,,,0,68,,44098,6,,,0,30,,44099,6,,,0,69,,44100,6,,,0,31,,44101,6,,,0,71,,44102,6,,,0,30,,44103,6,,,0,73,,44104,6,,,0,31,,44105,6,,,0,68,,44106,6,,,0,34,,44107,6,,,0,68,,44108,6,,,0,32,,44109,6,,,0,70,,44110,6,,,0,20,,44123,6,,,0,10,,44111,6,,,0,44,,44085,6,,,0,25,,44112,6,,,0,5,,44084,6,,,0,24,,44113,6,,,0,43,,44083,6,,,0,16,,44079,6,,,0,19,,44114,6,,,0,3,,44082,6,,,0,69,,44115,6,,,0,18,,44116,6,,,0,5,,44081,6,,,0,75,,44117,6,,,0,95,,44118,6,,,0,100,,44119,6,,,0,59,,44120,6,,,0,145,,44121,6,,,0,55,,44122,6,,,0
3003701,'101',747,,44126,6,,,0,99,,44125,6,,,0,681,,44124,6,,,0
3003701,'2',647,,44130,6,,,0,71,,44145,6,,,0,30,,44131,6,,,0,70,,44152,6,,,0,31,,44132,6,,,0,71,,44153,6,,,0,31,,44133,6,,,0,71,,44146,6,,,0,30,,44134,6,,,0,73,,44147,6,,,0,30,,44135,6,,,0,70,,44148,6,,,0,31,,44136,6,,,0,70,,44149,6,,,0,30,,44137,6,,,0,70,,44150,6,,,0,29,,44138,6,,,0,70,,44151,6,,,0,30,,44157,6,,,0,70,,44154,6,,,0,30,,44139,6,,,0,70,,44155,6,,,0,28,,44127,6,,,0,70,,44156,6,,,0,30,,44128,6,,,0,104,,44129,6,,,0,98,,44140,6,,,0,100,,44141,6,,,0,98,,44142,6,,,0,100,,44143,6,,,0,98,,44144,6,,,0
3003701,'201',747,,44158,6,,,0
3003701,'3',653,,44172,6,,,0,100,,44174,6,,,0,101,,44175,6,,,0,104,,44176,6,,,0,100,,44173,6,,,0,70,,44177,6,,,0,30,,44159,6,,,0,72,,44178,6,,,0,70,,44160,6,,,0,30,,44179,6,,,0,70,,44161,6,,,0,30,,44180,6,,,0,70,,44162,6,,,0,30,,44181,6,,,0,70,,44163,6,,,0,29,,44182,6,,,0,30,,44164,6,,,0,70,,44183,6,,,0,20,,44185,6,,,0,60,,44165,6,,,0,18,,44184,6,,,0,30,,44166,6,,,0,100,,44167,6,,,0,98,,44168,6,,,0,99,,44169,6,,,0,100,,44170,6,,,0,98,,44171,6,,,0
