674900,'1',537,,33875,18,,,0,13,,33876,18,,,0,57,,33877,18,,,0,17,,33878,18,,,0,15,,33879,18,,,0,16,,33880,18,,,0,56,,33881,18,,,0,32,,33882,18,,,0,13,,33883,18,0,58 59,0,55,,33884,18,0,58 59,0,15,,33821,18,,,0,14,,33866,18,0,58 59,0,15,,33867,18,,,0,54,,33868,18,0,58 59,0,16,,33869,18,,,0,8,,33870,18,0,60 61 8,0,9,,33871,18,0,58 59,0,11,,33872,18,,,0,55,,33873,18,0,58 59,0,15,,33874,18,,,0,15,,33822,18,0,58 59,0,17,,33847,18,,,0,55,,33848,18,0,58 59,0,15,,33849,18,,,0,15,,33850,18,0,58 59,0,15,,33851,18,,,0,55,,33852,18,0,58 59,0,15,,33853,18,,,0,12,,33854,18,0,58 59,0,18,,33855,18,,,0,55,,33856,18,0,58 59,0,15,,33857,18,,,0,15,,33858,18,0,58 59,0,13,,33859,18,,,0,57,,33860,18,0,60 61 8,0,37,,33861,18,,,0,56,,33862,18,,,0,15,,33863,18,,,0,15,,33864,18,,,0,17,,33865,18,,,0,54,,33813,18,,,0,14,,33819,18,,,0,23,,33841,18,,,0,9,,33823,18,,,0,61,,33812,18,,,0,8,,33842,18,,,0,23,,33843,18,,,0,10,,33844,18,,,0,56,,33845,18,,,0,13,,33846,18,,,0,8,,33820,18,,,0,19,,33814,18,,,0,8,,33824,18,,,0,57,,33825,18,,,0,14,,33836,18,,,0,16,,33837,18,,,0,14,,33838,18,,,0,53,,33839,18,0,60 61 8,0,17,,33840,18,,,0,15,,33818,18,,,0,14,,33815,18,,,0,55,,33828,18,0,60 61 8,0,15,,33829,18,,,0,30,,33830,18,,,0,70,,33831,18,,,0,30,,33816,18,,,0,69,,33833,18,,,0,30,,33827,18,,,0,68,,33832,18,,,0,30,,33817,18,,,0,70,,33835,18,0,58 59,0,29,,33826,18,0,58 59,0,70,,33834,18,0,58 59,0
674900,'101',724,,33885,18,0,62 63 64,0
674900,'2',623,,33889,18,,,0,30,,33890,18,,,0,67,,33891,18,,,0,15,,33892,18,,,0,15,,33893,18,0,58 59,0,55,,33894,18,,,0,10,,33895,18,0,58 59,0,15,,33896,18,,,0,15,,33897,18,0,58 59,0,56,,33898,18,,,0,15,,33899,18,0,58 59,0,16,,33900,18,,,0,15,,33901,18,0,58 59,0,57,,33902,18,,,0,15,,33903,18,0,58 59,0,15,,33904,18,,,0,15,,33905,18,0,58 59,0,57,,33906,18,,,0,15,,33907,18,0,58 59,0,14,,33908,18,,,0,15,,33909,18,0,58 59,0,55,,33910,18,,,0,15,,33911,18,0,58 59,0,17,,33912,18,,,0,15,,33913,18,0,58 59,0,55,,33914,18,,,0,15,,33915,18,0,58 59,0,16,,33916,18,,,0,15,,33917,18,0,58 59,0,53,,33918,18,,,0,15,,33919,18,0,58 59,0,16,,33920,18,,,0,15,,33921,18,0,58 59,0,55,,33922,18,,,0,15,,33923,18,0,58 59,0,17,,33924,18,,,0,13,,33925,18,0,58 59,0,57,,33926,18,,,0,13,,33927,18,0,58 59,0,15,,33928,18,,,0,15,,33929,18,0,58 59,0,55,,33930,18,,,0,15,,33931,18,0,58 59,0,15,,33932,18,,,0,15,,33933,18,0,58 59,0,55,,33934,18,,,0,15,,33935,18,0,58 59,0,12,,33936,18,,,0,15,,33937,18,,,0,55,,33938,18,,,0,20,,33939,18,,,0,20,,33940,18,,,0,60,,33941,18,,,0,19,,33942,18,,,0,20,,33943,18,,,0,60,,33944,18,,,0,23,,33945,18,,,0,30,,33946,18,,,0,70,,33947,18,,,0,30,,33948,18,,,0,68,,33949,18,,,0,30,,33950,18,,,0,70,,33951,18,,,0,30,,33952,18,,,0,69,,33953,18,0,58 59,0,35,,33887,18,0,58 59,0,65,,33888,18,0,58 59,0
674900,'201',723,,33954,18,,,0
674900,'3',629,,33984,18,,,0,72,,33983,18,,,0,23,,33989,18,,,0,30,,33988,18,,,0,55,,34000,18,0,58 59,0,15,,33999,18,,,0,15,,33998,18,0,58 59,0,16,,33997,18,,,0,56,,33996,18,0,58 59,0,15,,33995,18,,,0,14,,34019,18,0,58 59,0,16,,34018,18,,,0,55,,33994,18,0,58 59,0,16,,33993,18,,,0,15,,33992,18,0,58 59,0,15,,33991,18,,,0,50,,33990,18,0,58 59,0,14,,33987,18,,,0,16,,33986,18,0,58 59,0,15,,33985,18,,,0,53,,34011,18,0,58 59,0,19,,33959,18,,,0,15,,33958,18,0,58 59,0,15,,33957,18,,,0,55,,33956,18,0,58 59,0,15,,33955,18,,,0,17,,34017,18,0,58 59,0,7,,34016,18,,,0,63,,34015,18,0,58 59,0,15,,34014,18,,,0,15,,34013,18,0,58 59,0,15,,34012,18,,,0,55,,34010,18,0,58 59,0,14,,34009,18,,,0,14,,34008,18,0,58 59,0,16,,34007,18,,,0,45,,34006,18,0,58 59,0,25,,34005,18,,,0,15,,34004,18,0,58 59,0,14,,34003,18,,,0,55,,34002,18,0,58 59,0,14,,34001,18,,,0,15,,33972,18,0,58 59,0,15,,33982,18,,,0,55,,33981,18,0,58 59,0,20,,33980,18,,,0,14,,33979,18,0,58 59,0,16,,33978,18,,,0,54,,33977,18,0,58 59,0,16,,33976,18,,,0,15,,33975,18,0,58 59,0,13,,33974,18,,,0,55,,33973,18,0,58 59,0,15,,33971,18,,,0,15,,33970,18,0,58 59,0,11,,33969,18,,,0,60,,33968,18,,,0,20,,33967,18,,,0,71,,33966,18,,,0,31,,33965,18,,,0,70,,33964,18,,,0,28,,33963,18,,,0,70,,33962,18,,,0,31,,33961,18,,,0,101,,33960,18,0,58 59,0
674900,'701',1434,,34020,18,0,62 63 64,0
674900,'801',1428,,34021,18,,,0
722400,'1',551,,38826,24,,,0,59,,38824,24,,,0,23,,38801,24,,,0,10,,38799,24,,,0,61,,38827,24,,,0,9,,38831,24,,,0,23,,38825,24,,,0,20,,38822,24,,,0,50,,38828,24,,,0,26,,38821,24,,,0,18,,38820,24,,,0,63,,38832,24,,,0,17,,38817,24,,,0,73,,38816,24,,,0,26,,38814,24,,,0,30,,38813,24,,,0,70,,38812,24,,,0,71,,38811,24,,,0,30,,38810,24,,,0,71,,38809,24,,,0,30,,38815,24,,,0,71,,38808,24,,,0,32,,38823,24,,,0,71,,38819,24,,,0,32,,38829,24,,,0,21,,38818,24,,,0,60,,38807,24,,,0,25,,38830,24,,,0,14,,38806,24,,,0,60,,38798,24,,,0,18,,38796,24,,,0,13,,38833,24,,,0,55,,38805,24,,,0,22,,38804,24,,,0,31,,38803,24,,,0,61,,38802,24,,,0,19,,38797,24,,,0,20,,38800,24,,,0,75,,38837,24,,,0
3454000,'1',535,,50082,7,,,0,70,,50083,7,,,0,30,,50084,7,,,0,70,,50085,7,,,0,31,,50086,7,,,0,70,,50087,7,,,0,30,,50088,7,,,0,80,,50089,7,,,0,40,,50090,7,,,0,81,,50091,7,,,0,80,,50092,7,,,0,40,,50093,7,,,0,81,,50094,7,,,0,80,,50095,7,,,0,40,,50096,7,,,0,82,,50097,7,,,0,82,,50098,7,,,0,26,,50099,7,,,0,70,,50100,7,,,0,40,,50101,7,,,0,70,,50102,7,,,0,30,,50103,7,,,0,80,,50104,7,,,0,90,,50105,7,,,0,80,,50106,7,,,0,40,,50107,7,,,0,80,,50108,7,,,0,80,,50109,7,,,0
3454000,'2',857,,50110,7,,,0,85,,50111,7,,,0,85,,50112,7,,,0,85,,50113,7,,,0,47,,50114,7,,,0,85,,50115,7,,,0,83,,50116,7,,,0,85,,50117,7,,,0,45,,50118,7,,,0,85,,50119,7,,,0,87,,50120,7,,,0,85,,50121,7,,,0,43,,50122,7,,,0,85,,50123,7,,,0,85,,50124,7,,,0,85,,50125,7,,,0,45,,50126,7,,,0,85,,50127,7,,,0,85,,50128,7,,,0
3454000,'3',857,,50129,7,,,0,85,,50130,7,,,0,85,,50131,7,,,0,85,,50132,7,,,0,45,,50133,7,,,0,85,,50134,7,,,0,85,,50135,7,,,0,85,,50136,7,,,0,45,,50137,7,,,0,85,,50138,7,,,0,85,,50139,7,,,0,85,,50140,7,,,0,45,,50141,7,,,0,85,,50142,7,,,0,85,,50143,7,,,0,85,,50144,7,,,0,45,,50145,7,,,0,85,,50146,7,,,0,85,,50147,7,,,0
