674900,'1',555,,150835,39,0,62 63 129,0,53,,150836,39,0,62 63 129,0,17,,150837,39,0,62 63 129,0,17,,150838,39,0,62 63 129,0,15,,150839,39,0,62 63 129,0,56,,150840,39,0,62 63 129,0,17,,150841,39,0,62 63 129,0,71,,150842,39,0,62 63 129,0,43,,150781,39,0,62 63 129,0,73,,150827,39,0,62 63 129,0,28,,150829,39,0,62 63 129,0,71,,150832,39,0,62 63 129,0,31,,150834,39,0,62 63 129,0,71,,150807,39,0,62 63 129,0,28,,150809,39,0,62 63 129,0,72,,150811,39,0,62 63 129,0,30,,150813,39,0,62 63 129,0,69,,150815,39,0,62 63 129,0,31,,150817,39,0,62 63 129,0,70,,150819,39,0,62 63 129,0,94,,150821,39,0,62 63 129,0,14,,150822,39,0,62 63 129,0,15,,150823,39,0,62 63 129,0,17,,150824,39,0,62 63 129,0,57,,150825,39,0,62 63 129,0,14,,150773,39,0,62 63 129,0,14,,150779,39,0,62 63 129,0,65,,150801,39,0,62 63 129,0,5,,150783,39,0,62 63 129,0,22,,150772,39,0,62 63 129,0,5,,150802,39,0,62 63 129,0,63,,150803,39,0,62 63 129,0,6,,150804,39,0,62 63 129,0,15,,150805,39,0,62 63 129,0,21,,150806,39,0,62 63 129,0,4,,150780,39,0,62 63 129,0,59,,150774,39,0,62 63 129,0,9,,150784,39,0,62 63 129,0,16,,150785,39,0,62 63 129,0,14,,150796,39,0,62 63 129,0,56,,150797,39,0,62 63 129,0,14,,150798,39,0,62 63 129,0,30,,150800,39,0,62 63 129,0,55,,150778,39,0,62 63 129,0,14,,150775,39,0,62 63 129,0,28,,150789,39,0,62 63 129,0,70,,150790,39,0,62 63 129,0,30,,150791,39,0,62 63 129,0,70,,150776,39,0,62 63 129,0,29,,150793,39,0,62 63 129,0,70,,150787,39,0,62 63 129,0,25,,150792,39,0,62 63 129,0,70,,150777,39,0,62 63 129,0
674900,'101',743,,150770,39,0,62 63 64,0,68,,150771,21,0,62 63 129,0,4,,150770,59,0,62 63 64,0
674900,'2',642,,150848,39,0,62 63 129,0,70,,150849,39,0,62 63 129,0,28,,150850,39,0,62 63 129,0,15,,150851,39,0,62 63 129,0,70,,150853,39,0,62 63 129,0,25,,150855,39,0,62 63 129,0,72,,150857,39,0,62 63 129,0,32,,150859,39,0,62 63 129,0,70,,150861,39,0,62 63 129,0,33,,150863,39,0,62 63 129,0,69,,150865,39,0,62 63 129,0,30,,150867,39,0,62 63 129,0,71,,150869,39,0,62 63 129,0,32,,150871,39,0,62 63 129,0,69,,150873,39,0,62 63 129,0,30,,150875,39,0,62 63 129,0,70,,150877,39,0,62 63 129,0,72,,150879,39,0,62 63 129,0,30,,150881,39,0,62 63 129,0,29,,150883,39,0,62 63 129,0,72,,150885,39,0,62 63 129,0,28,,150887,39,0,62 63 129,0,67,,150889,39,0,62 63 129,0,30,,150891,39,0,62 63 129,0,69,,150893,39,0,62 63 129,0,29,,150895,39,0,62 63 129,0,55,,150896,39,0,62 63 129,0,15,,150897,39,0,62 63 129,0,20,,150898,39,0,62 63 129,0,60,,150899,39,0,62 63 129,0,17,,150900,39,0,62 63 129,0,22,,150901,39,0,62 63 129,0,60,,150902,39,0,62 63 129,0,19,,150903,39,0,62 63 129,0,24,,150904,39,0,62 63 129,0,70,,150905,39,0,62 63 129,0,28,,150906,39,0,62 63 129,0,70,,150907,39,0,62 63 129,0,28,,150908,39,0,62 63 129,0,70,,150909,39,0,62 63 129,0,28,,150910,39,0,62 63 129,0,70,,150911,39,0,62 63 129,0
674900,'201',743,,150845,39,0,62 63 129,0
674900,'3',644,,150942,39,0,62 63 129,0,72,,150941,39,0,62 63 129,0,23,,150947,39,0,62 63 129,0,71,,150946,39,0,62 63 129,0,32,,150957,39,0,62 63 129,0,71,,150955,39,0,62 63 129,0,32,,150953,39,0,62 63 129,0,73,,150976,39,0,62 63 129,0,30,,150951,39,0,62 63 129,0,70,,150949,39,0,62 63 129,0,24,,150945,39,0,62 63 129,0,71,,150943,39,0,62 63 129,0,31,,150917,39,0,62 63 129,0,71,,150915,39,0,62 63 129,0,29,,150913,39,0,62 63 129,0,64,,150974,39,0,62 63 129,0,38,,150972,39,0,62 63 129,0,70,,150970,39,0,62 63 129,0,29,,150967,39,0,62 63 129,0,68,,150965,39,0,62 63 129,0,30,,150963,39,0,62 63 129,0,70,,150961,39,0,62 63 129,0,30,,150959,39,0,62 63 129,0,70,,150940,39,0,62 63 129,0,35,,150938,39,0,62 63 129,0,70,,150936,39,0,62 63 129,0,27,,150934,39,0,62 63 129,0,70,,150932,39,0,62 63 129,0,30,,150929,39,0,62 63 129,0,66,,150927,39,0,62 63 129,0,20,,150926,39,0,62 63 129,0,20,,150925,39,0,62 63 129,0,71,,150924,39,0,62 63 129,0,31,,150923,39,0,62 63 129,0,70,,150922,39,0,62 63 129,0,26,,150921,39,0,62 63 129,0,70,,150920,39,0,62 63 129,0,31,,150919,39,0,62 63 129,0
674900,'701',1458,,150978,39,0,62 63 121 122 123,0
674900,'801',1452,,150979,39,0,62 63 129,0
680500,'1',657,,152552,6,,,0,200,,152551,6,,,0,200,,152550,6,,,0,201,,152549,6,,,0,270,,152548,6,,,0,175,,152547,6,,,0,197,,152553,6,,,0
680500,'2',857,,152556,6,,,0,200,,152557,6,,,0,201,,152558,6,,,0,200,,152559,6,,,0,198,,152554,6,,,0,202,,152555,6,,,0
3404200,'1',508,,168108,8,,,0,30,,168098,8,,,0,63,,168097,8,,,0,5,,168107,8,,,0,25,,168089,8,,,0,5,,168088,8,,,0,65,,168106,8,,,0,4,,168109,8,,,0,32,,168096,8,,,0,68,,168105,8,,,0,30,,168095,8,,,0,70,,168104,8,,,0,101,,168103,8,,,0,100,,168102,8,,,0,102,,168101,8,,,0,98,,168100,8,,,0,95,,168099,8,,,0,35,,168110,8,,,0,86,,168094,8,,,0,24,,168111,8,,,0,70,,168093,8,,,0,109,,168092,16,,,0,81,,168087,8,,,0,40,,168086,8,,,0,104,,168091,8,,,0,98,,168090,8,,,0
3404200,'101',801,,168082,8,,,0,699,,168084,8,,,0,8,,168083,8,,,0,93,,168085,8,,,0
3404200,'2',810,,168118,8,,,0,100,,168119,8,,,0,100,,168117,8,,,0,101,,168120,8,,,0,100,,168116,8,,,0,100,,168121,8,,,0,100,,168115,8,,,0,100,,168122,8,,,0,101,,168114,8,,,0,99,,168123,8,,,0,100,,168113,8,,,0
3404200,'201',1601,,168112,8,,,0
3404200,'3',805,,168129,8,,,0,100,,168130,8,,,0,100,,168128,8,,,0,100,,168131,8,,,0,100,,168127,8,,,0,101,,168132,8,,,0,100,,168126,8,,,0,100,,168133,8,,,0,100,,168125,8,,,0,100,,168134,8,,,0,100,,168124,8,,,0
