670501,'1_merged_15529678',519,,84922,51,,,0,24,,84915,51,,,0,60,,84923,51,,,0,32,,84921,51,,,0,10,,84924,51,,,0,76,,84952,57,,,0,1382,,84951,51,,,0,24,,84914,51,,,0,24,,84909,51,,,0,64,,84903,51,,,0,41,,84900,51,,,0,55,,85007,51,,,0,47,,84949,51,,,0,60,,84967,51,,,0,100,,84917,51,,,0
670501,'2_merged_15529680',603,,85067,31,,,0,55,,85018,51,,,0,50,,85066,51,,,0,43,,85054,51,,,0,83,,85053,51,,,0,1112,,85080,51,,,0,99,,85041,51,,,0,90,,85082,51,,,0,192,,85044,51,,,0,199,,85036,51,,,0
670501,'3_merged_15529679',831,,85137,51,,,0,90,,85129,51,,,0,1030,,85188,51,,,0,92,,85192,51,,,0,170,,85149,51,,,0,45,,85202,51,,,0,149,,85210,51,,,0
732101,'1_merged_15529678',616,,97510,46,,,0,31,,97506,46,,,0,77,,97481,46,,,0,33,,97482,46,,,0,73,,97494,46,,,0,72,,97505,46,,,0,33,,97495,46,,,0,72,,97489,46,,,0,30,,97496,46,,,0,70,,97484,46,,,0,30,,97497,46,,,0,70,,97490,46,,,0,30,,97498,46,,,0,68,,97485,46,,,0,28,,97499,46,,,0,70,,97491,46,,,0,33,,97500,46,,,0,70,,97486,46,,,0,32,,97501,46,,,0,72,,97492,46,,,0,32,,97502,46,,,0,73,,97487,46,,,0,32,,97503,46,,,0,71,,97493,46,,,0,32,,97504,46,,,0,71,,97488,46,,,0,28,,97507,46,,,0,69,,97511,46,,,0,29,,97508,46,,,0,71,,97512,46,,,0,27,,97509,46,,,0,98,,97483,46,,,0,99,,97480,46,,,0,101,,97513,46,,,0
732101,'2_merged_15529680',621,,97552,46,,,0,31,,97536,46,,,0,69,,97535,46,,,0,31,,97534,46,,,0,60,,97533,46,,,0,20,,97553,46,,,0,20,,97532,46,,,0,69,,97531,46,,,0,29,,97541,46,,,0,70,,97530,46,,,0,31,,97540,46,,,0,60,,97551,46,,,0,20,,97517,46,,,0,20,,97539,46,,,0,60,,97529,46,,,0,19,,97544,46,,,0,20,,97538,46,,,0,59,,97528,46,,,0,21,,97545,46,,,0,21,,97537,46,,,0,60,,97527,46,,,0,22,,97546,46,,,0,20,,97516,46,,,0,60,,97526,46,,,0,22,,97547,46,,,0,21,,97515,46,,,0,61,,97523,46,,,0,19,,97548,46,,,0,19,,97514,46,,,0,60,,97522,46,,,0,20,,97549,46,,,0,20,,97543,46,,,0,59,,97521,46,,,0,20,,97550,46,,,0,70,,97542,46,,,0,29,,97520,46,,,0,70,,97554,46,,,0,33,,97519,46,,,0,73,,97555,46,,,0,27,,97518,46,,,0,107,,97524,46,,,0,99,,97525,46,,,0,101,,97556,46,,,0
732101,'3_merged_15529679',729,,97583,46,,,0,29,,97582,46,,,0,71,,97581,46,,,0,30,,97580,46,,,0,71,,97579,46,,,0,71,,97578,46,,,0,31,,97577,46,,,0,70,,97561,46,,,0,29,,97576,46,,,0,24,,97560,46,,,0,60,,97575,46,,,0,20,,97584,46,,,0,20,,97559,46,,,0,60,,97574,46,,,0,20,,97585,46,,,0,21,,97558,46,,,0,60,,97573,46,,,0,20,,97586,46,,,0,20,,97557,46,,,0,60,,97572,46,,,0,20,,97587,46,,,0,20,,97565,46,,,0,60,,97571,46,,,0,20,,97588,46,,,0,20,,97564,46,,,0,60,,97570,46,,,0,20,,97589,46,,,0,20,,97563,46,,,0,60,,97569,46,,,0,21,,97590,46,,,0,20,,97562,46,,,0,60,,97591,46,,,0,20,,97568,46,,,0,66,,97592,46,,,0,30,,97567,46,,,0,71,,97593,46,,,0,33,,97566,46,,,0,103,,97594,46,,,0,100,,97595,46,,,0,102,,97596,46,,,0
3181600,'1_merged_15529678',612,,106425,34,,,0,31,,106426,34,,,0,73,,106427,34,,,0,32,,106428,34,,,0,70,,106429,34,,,0,30,,106405,34,,,0,72,,106406,34,,,0,31,,106407,34,,,0,70,,106430,34,,,0,30,,106431,34,,,0,69,,106408,34,,,0,30,,106409,34,,,0,71,,106410,34,,,0,31,,106411,34,,,0,70,,106412,34,,,0,30,,106413,34,,,0,70,,106414,34,,,0,33,,106415,34,,,0,70,,106416,34,,,0,29,,106417,34,,,0,68,,106418,34,,,0,31,,106419,34,,,0,68,,106420,34,,,0,30,,106421,34,,,0,69,,106422,34,,,0,30,,106423,34,,,0,69,,106424,34,,,0
3181600,'2_merged_15529680',750,,106432,34,,,0,97,,106433,34,,,0,100,,106434,34,,,0,104,,106435,34,,,0,99,,106436,34,,,0,101,,106437,34,,,0,100,,106438,34,,,0,100,,106439,34,,,0,100,,106440,34,,,0,101,,106441,34,,,0,99,,106442,34,,,0,99,,106443,34,,,0,99,,106444,34,,,0,101,,106445,34,,,0,100,,106446,34,,,0
3181600,'3_merged_15529679',852,,106453,34,,,0,100,,106454,34,,,0,100,,106455,34,,,0,102,,106456,34,,,0,100,,106457,34,,,0,97,,106447,34,,,0,101,,106448,34,,,0,100,,106449,34,,,0,102,,106450,34,,,0,98,,106451,34,,,0,100,,106452,34,,,0
3181901,'1_merged_15529678',639,,106917,33,,,0,70,,106918,33,,,0,30,,106919,33,,,0,74,,106920,33,,,0,30,,106921,33,,,0,70,,106922,33,,,0,28,,106923,33,,,0,70,,106924,33,,,0,30,,106925,33,,,0,70,,106926,33,,,0,30,,106927,33,,,0,70,,106928,33,,,0,30,,106929,33,,,0,72,,106930,33,,,0,30,,106931,33,,,0,70,,106932,33,,,0,30,,106933,33,,,0,72,,106934,33,,,0,30,,106935,33,,,0,70,,106901,33,,,0,30,,106902,33,,,0,70,,106903,33,,,0,26,,106904,33,,,0,70,,106905,33,,,0,30,,106906,33,,,0,70,,106907,33,,,0,28,,106908,33,,,0,70,,106909,33,,,0,13,,106910,33,,,0,26,,106915,33,,,0,70,,106911,33,,,0,28,,106914,33,,,0,70,,106912,33,,,0,29,,106916,33,,,0,70,,106913,33,,,0,30,,106936,33,,,0
3181901,'2_merged_15529680',802,,106968,33,,,0,30,,106952,33,,,0,70,,106938,33,,,0,33,,106953,33,,,0,70,,106939,33,,,0,30,,106954,33,,,0,72,,106940,33,,,0,30,,106955,33,,,0,71,,106941,33,,,0,30,,106956,33,,,0,70,,106942,33,,,0,30,,106957,33,,,0,70,,106943,33,,,0,30,,106958,33,,,0,70,,106944,33,,,0,30,,106959,33,,,0,70,,106945,33,,,0,30,,106960,33,,,0,69,,106946,33,,,0,28,,106961,33,,,0,70,,106947,33,,,0,29,,106962,33,,,0,70,,106937,33,,,0,24,,106963,33,,,0,22,,106948,33,,,0,70,,106964,33,,,0,31,,106949,33,,,0,70,,106965,33,,,0,30,,106950,33,,,0,70,,106966,33,,,0,30,,106951,33,,,0,70,,106967,33,,,0,30,,106969,33,,,0
3181901,'3_merged_15529679',801,,106993,33,,,0,30,,106974,33,,,0,70,,106994,33,,,0,30,,106975,33,,,0,71,,106995,33,,,0,31,,106976,33,,,0,70,,106996,33,,,0,30,,106977,33,,,0,71,,106992,33,,,0,30,,106978,33,,,0,71,,106997,33,,,0,30,,106979,33,,,0,70,,106998,33,,,0,30,,106980,33,,,0,70,,106999,33,,,0,30,,106981,33,,,0,70,,106991,33,,,0,30,,106982,33,,,0,70,,106970,33,,,0,32,,106983,33,,,0,69,,106971,33,,,0,29,,106984,33,,,0,70,,106972,33,,,0,29,,106985,33,,,0,70,,106973,33,,,0,30,,106986,33,,,0,70,,106990,33,,,0,29,,106988,33,,,0,70,,106987,33,,,0,30,,106989,33,,,0,70,,107000,33,,,0,100,,107001,33,,,0
