682800,'101_merged_15524965',911,,96593,35,4,,0
682800,'1201_merged_15524951',2132,,96594,34,4,,0,107,,96595,34,4,,0
682800,'1_merged_15524958',831,,96613,35,4,,0,119,,96612,34,4,,0,78,,96611,34,4,,0,77,,96610,34,4,,0,43,,96609,34,4,,0,80,,96608,34,4,,0,80,,96607,34,4,,0,42,,96606,34,4,,0,80,,96605,34,4,,0,82,,96604,33,4,,0,40,,96603,33,4,,0,84,,96602,33,4,,0,78,,96601,33,4,,0,38,,96600,33,4,,0,79,,96599,33,4,,0,78,,96598,34,4,,0,48,,96597,34,4,,0,69,,96596,34,4,,0
682800,'2_merged_15524960',937,,96615,34,4,,0,80,,96632,34,4,,0,40,,96631,34,4,,0,80,,96630,34,4,,0,80,,96629,34,4,,0,41,,96628,34,4,,0,80,,96627,34,4,,0,80,,96626,34,4,,0,41,,96625,34,4,,0,80,,96624,34,4,,0,80,,96623,34,4,,0,40,,96622,34,4,,0,80,,96621,34,4,,0,79,,96620,34,4,,0,37,,96619,34,4,,0,147,,96618,34,4,,0,110,,96617,34,4,,0,107,,96616,34,4,,0,104,,96614,34,4,,0
682800,'3_merged_15524959',1137,,96638,34,4,,0,82,,96645,34,4,,0,40,,96637,34,4,,0,81,,96644,34,4,,0,80,,96643,34,4,,0,80,,96636,34,4,,0,40,,96642,34,4,,0,78,,96635,34,4,,0,40,,96634,34,4,,0,80,,96641,34,4,,0,80,,96640,34,4,,0,40,,96633,34,4,,0,75,,96639,34,4,,0
682801,'1101_merged_15524969',2032,,96647,1,,,0
682801,'1201_merged_15524951',2032,,96650,1,,,0,108,,96649,1,,,0,107,,96648,1,,,0
682801,'1_merged_15524958',840,,96666,1,,,0,80,,96667,1,,,0,80,,96664,1,,,0,40,,96665,1,,,0,80,,96663,1,,,0,80,,96651,1,,,0,40,,96668,1,,,0,80,,96662,1,,,0,80,,96661,1,,,0,40,,96660,1,,,0,80,,96659,1,,,0,82,,96658,1,,,0,39,,96657,1,,,0,79,,96656,1,,,0,80,,96655,1,,,0,40,,96654,1,,,0,80,,96653,1,,,0,82,,96652,1,,,0
682801,'2_merged_15524960',910,,96680,1,,,0,40,,96679,1,,,0,80,,96678,1,,,0,80,,96677,1,,,0,40,,96676,1,,,0,80,,96675,1,,,0,80,,96674,1,,,0,40,,96673,1,,,0,80,,96672,1,,,0,80,,96671,1,,,0,40,,96670,1,,,0,80,,96669,1,,,0,80,,96688,1,,,0,40,,96687,1,,,0,80,,96686,1,,,0,70,,96685,1,,,0,110,,96684,1,,,0,107,,96683,1,,,0,107,,96682,1,,,0,104,,96681,1,,,0
682801,'3_merged_15524959',1110,,96689,1,,,0,40,,96701,1,,,0,80,,96700,1,,,0,80,,96699,1,,,0,40,,96698,1,,,0,78,,96697,1,,,0,82,,96696,1,,,0,40,,96695,1,,,0,80,,96694,1,,,0,80,,96693,1,,,0,40,,96692,1,,,0,80,,96691,1,,,0,80,,96690,1,,,0
3454300,'1_merged_15524958',1856,,109739,28,4,,0,55,,109740,28,4,,0,15,,109741,28,4,,0,15,,109742,28,4,,0,16,,109743,28,4,,0,55,,109744,28,4,,0,15,,109745,28,4,,0,15,,109746,28,4,,0,70,,109747,28,4,,0,29,,109748,28,4,,0,70,,109749,28,4,,0,28,,109750,28,4,,0,69,,109751,28,4,,0,29,,109752,28,4,,0,70,,109753,28,4,,0
3454300,'2_merged_15524960',548,,109800,31,4,,0,67,,109799,31,4,,0,30,,109798,31,4,,0,66,,109797,31,4,,0,33,,109796,31,4,,0,71,,109795,31,4,,0,30,,109794,31,4,,0,71,,109793,31,4,,0,22,,109773,31,4,,0,20,,109792,31,4,,0,60,,109791,31,4,,0,20,,109790,31,4,,0,21,,109789,31,4,,0,60,,109788,31,4,,0,23,,109787,31,4,,0,62,,109786,31,4,,0,20,,109785,31,4,,0,20,,109784,31,4,,0,59,,109783,31,4,,0,20,,109782,31,4,,0,20,,109781,31,4,,0,60,,109780,31,4,,0,20,,109779,31,4,,0,20,,109778,31,4,,0,60,,109777,31,4,,0,20,,109776,31,4,,0,21,,109775,31,4,,0,60,,109774,31,4,,0,20,,109821,31,4,,0,20,,109820,31,4,,0,60,,109819,31,4,,0,20,,109818,31,4,,0,18,,109817,31,4,,0,60,,109816,31,4,,0,20,,109815,31,4,,0,20,,109814,31,4,,0,60,,109813,31,4,,0,16,,109812,28,4,,0,29,,109811,28,4,,0,70,,109810,28,4,,0,31,,109809,28,4,,0,70,,109808,28,4,,0,29,,109807,28,4,,0,70,,109806,28,4,,0,30,,109805,28,4,,0,70,,109804,28,4,,0,98,,109803,28,4,,0
3454300,'3_merged_15524959',548,,109864,31,4,,0,75,,109865,31,4,,0,30,,109822,31,4,,0,71,,109823,31,4,,0,30,,109824,31,4,,0,70,,109825,31,4,,0,30,,109849,31,4,,0,70,,109850,31,4,,0,28,,109851,31,4,,0,67,,109852,31,4,,0,25,,109857,31,4,,0,62,,109853,31,4,,0,20,,109854,31,4,,0,20,,109858,31,4,,0,60,,109855,31,4,,0,20,,109856,31,4,,0,20,,109859,31,4,,0,60,,109826,31,4,,0,20,,109827,31,4,,0,20,,109860,31,4,,0,60,,109828,31,4,,0,20,,109829,31,4,,0,20,,109861,31,4,,0,60,,109830,31,4,,0,20,,109831,31,4,,0,20,,109862,31,4,,0,61,,109832,31,4,,0,20,,109833,31,4,,0,20,,109863,31,4,,0,60,,109834,31,4,,0,26,,109835,31,4,,0,26,,109836,31,4,,0,69,,109837,31,4,,0,30,,109838,28,4,,0,75,,109839,28,4,,0,75,,109840,28,4,,0,35,,109841,28,4,,0,75,,109842,28,4,,0,33,,109843,28,4,,0,75,,109844,28,4,,0,75,,109845,28,4,,0,105,,109846,28,4,,0
