673700,'1',457,,148968,9,,,0,74,,148926,9,,,0,21,,148965,9,,,0,58,,148977,9,,,0,20,,148978,9,,,0,18,,148979,9,,,0,11,,148966,9,,,0,51,,148967,9,,,0,12,,148975,9,,,0,11,,148976,9,,,0,74,,148944,9,,,0,25,,148927,9,,,0,20,,148951,9,,,0,60,,148952,9,,,0,30,,148953,9,,,0,70,,148954,9,,,0,27,,148955,9,,,0,68,,148956,9,,,0,28,,148957,9,,,0,68,,148958,9,,,0,30,,148959,9,,,0,68,,148960,9,,,0,20,,148961,9,,,0,20,,148962,9,,,0,18,,148963,9,,,0,55,,148964,9,,,0,9,,148928,9,,,0,8,,148980,9,,,0,9,,148946,9,,,0,9,,148947,9,,,0,54,,148948,9,,,0,17,,148949,9,,,0,10,,148950,9,,,0,10,,148941,9,,,0,11,,148942,9,,,0,50,,148943,9,,,0,26,,148929,9,,,0,15,,148945,9,,,0,59,,148930,9,,,0,15,,148969,9,,,0,21,,148970,9,,,0,17,,148971,9,,,0,58,,148972,9,,,0,15,,148973,9,,,0,15,,148931,9,,,0,68,,148932,9,,,0,30,,148933,9,,,0,72,,148934,9,,,0,30,,148974,9,,,0,72,,148935,9,,,0,29,,148936,9,,,0,74,,148937,9,,,0,28,,148938,9,,,0,81,,148939,9,,,0,95,,148940,9,,,0
673700,'101',740,,148923,9,,,0,772,,148925,9,,,0,101,,148924,9,,,0
673700,'2',603,,148984,9,,,0,28,,148985,9,,,0,23,,148986,9,,,0,64,,148987,9,,,0,23,,148988,9,,,0,61,,148989,9,,,0,20,,148990,9,,,0,20,,148991,9,,,0,60,,148992,9,,,0,19,,148993,9,,,0,20,,148994,9,,,0,60,,148995,9,,,0,19,,148996,9,,,0,19,,148997,9,,,0,20,,148998,9,,,0,59,,148999,9,,,0,20,,149000,9,,,0,62,,149001,9,,,0,19,,149002,9,,,0,20,,149003,9,,,0,20,,149004,9,,,0,59,,149005,9,,,0,20,,149006,9,,,0,20,,149007,9,,,0,58,,149008,9,,,0,20,,149009,9,,,0,20,,149010,9,,,0,60,,149011,9,,,0,19,,149012,9,,,0,20,,149013,9,,,0,61,,149014,9,,,0,15,,149015,9,,,0,13,,149032,9,,,0,14,,149016,9,,,0,59,,149017,9,,,0,14,,149018,9,,,0,15,,149033,9,,,0,56,,149019,9,,,0,16,,149020,9,,,0,20,,149021,9,,,0,62,,149022,9,,,0,20,,149023,9,,,0,19,,149024,9,,,0,19,,149025,9,,,0,70,,149026,9,,,0,30,,149027,9,,,0,73,,149028,9,,,0,70,,149029,9,,,0,30,,149034,9,,,0,76,,149030,9,,,0,112,,149031,9,,,0
673700,'201',741,,148981,9,,,0,772,,148983,9,,,0,100,,148982,9,,,0
673700,'3',549,,149040,9,,,0,73,,149039,9,,,0,33,,149038,9,,,0,72,,149037,9,,,0,32,,149061,9,,,0,71,,149041,9,,,0,71,,149035,9,,,0,30,,149042,9,,,0,69,,149059,9,,,0,30,,149045,9,,,0,28,,149052,9,,,0,68,,149051,9,,,0,28,,149043,9,,,0,68,,149050,9,,,0,29,,149054,9,,,0,70,,149049,9,,,0,21,,149060,9,,,0,60,,149075,9,,,0,20,,149048,9,,,0,30,,149058,9,,,0,70,,149047,9,,,0,30,,149057,9,,,0,70,,149046,9,,,0,20,,149056,9,,,0,60,,149067,9,,,0,20,,149044,9,,,0,19,,149068,9,,,0,18,,149055,9,,,0,61,,149069,9,,,0,21,,149072,9,,,0,60,,149063,9,,,0,21,,149070,9,,,0,21,,149073,9,,,0,61,,149062,9,,,0,21,,149071,9,,,0,20,,149074,9,,,0,60,,149064,9,,,0,21,,149065,9,,,0,30,,149053,9,,,0,71,,149066,9,,,0,75,,149036,9,,,0
828601,'1',600,,156475,2,,,0,30,,156476,2,,,0,70,,156458,2,,,0,30,,156459,2,,,0,70,,156462,2,,,0,30,,156463,2,,,0,70,,156464,2,,,0,30,,156465,2,,,0,100,,156466,2,,,0,100,,156467,2,,,0,100,,156468,2,,,0,100,,156469,2,,,0,100,,156470,2,,,0,70,,156474,2,,,0,30,,156473,2,,,0,70,,156460,2,,,0,30,,156461,2,,,0,70,,156454,2,,,0,30,,156471,2,,,0,70,,156472,2,,,0,30,,156455,2,,,0,100,,156456,2,,,0,100,,156457,2,,,0
828601,'2',830,,156477,2,,,0,100,,156478,2,,,0,100,,156479,2,,,0,100,,156480,2,,,0,100,,156481,2,,,0,100,,156482,2,,,0,100,,156483,2,,,0,100,,156484,2,,,0,100,,156485,2,,,0,100,,156486,2,,,0,100,,156487,2,,,0,100,,156488,2,,,0,100,,156489,2,,,0
828601,'3',830,,156490,2,,,0,100,,156491,2,,,0,100,,156492,2,,,0,100,,156493,2,,,0,100,,156494,2,,,0,100,,156495,2,,,0,100,,156496,2,,,0,100,,156497,2,,,0,100,,156498,2,,,0,100,,156499,2,,,0,100,,156500,2,,,0,100,,156501,2,,,0,100,,156502,2,,,0
1870500,'1',632,,159558,54,,,0,14,,159562,54,,,0,56,,159569,54,,,0,15,,159542,54,,,0,16,,159543,54,,,0,15,,159563,54,,,0,58,,159577,54,,,0,16,,159573,54,,,0,15,,159544,54,,,0,15,,159545,54,,,0,60,,159564,54,,,0,21,,159546,54,,,0,20,,159547,54,,,0,60,,159530,54,,,0,24,,159531,54,,,0,70,,159532,54,,,0,32,,159533,54,,,0,72,,159534,54,,,0,31,,159561,54,,,0,70,,159535,54,,,0,30,,159536,54,,,0,71,,159538,54,,,0,23,,159537,54,,,0,20,,159565,54,,,0,60,,159571,54,,,0,21,,159539,54,,,0,20,,159566,54,,,0,60,,159540,54,,,0,20,,159541,54,,,0,20,,159567,54,,,0,58,,159548,54,,,0,16,,159549,54,,,0,18,,159570,54,,,0,55,,159572,54,,,0,20,,159568,54,,,0,20,,159550,54,,,0,57,,159551,54,,,0,20,,159552,54,,,0,19,,159553,54,,,0,69,,159554,54,,,0,29,,159555,54,,,0,69,,159556,54,,,0,30,,159557,54,,,0,96,,159574,54,,,0,98,,159575,54,,,0,100,,159576,54,,,0
1870500,'2',631,,159601,54,,,0,73,,159602,54,,,0,30,,159603,54,,,0,73,,159604,54,,,0,33,,159605,54,,,0,72,,159606,54,,,0,32,,159607,54,,,0,70,,159608,54,,,0,31,,159578,54,,,0,70,,159579,54,,,0,32,,159580,54,,,0,71,,159581,54,,,0,31,,159582,54,,,0,71,,159583,54,,,0,31,,159584,54,,,0,67,,159585,54,,,0,28,,159586,54,,,0,69,,159587,54,,,0,31,,159588,54,,,0,70,,159589,54,,,0,32,,159590,54,,,0,70,,159591,54,,,0,27,,159592,54,,,0,67,,159593,54,,,0,30,,159597,54,,,0,70,,159594,54,,,0,30,,159595,54,,,0,69,,159596,54,,,0,30,,159598,54,,,0,69,,159599,54,,,0,30,,159600,54,,,0,92,,159609,54,,,0,100,,159610,54,,,0,100,,159611,54,,,0
1870500,'3',631,,159616,54,,,0,70,,159617,54,,,0,30,,159618,54,,,0,70,,159619,54,,,0,30,,159627,54,,,0,70,,159620,54,,,0,33,,159621,54,,,0,70,,159622,54,,,0,33,,159623,54,,,0,70,,159624,54,,,0,30,,159625,54,,,0,70,,159626,54,,,0,30,,159628,54,,,0,70,,159629,54,,,0,30,,159630,54,,,0,73,,159631,54,,,0,30,,159632,54,,,0,72,,159633,54,,,0,31,,159634,54,,,0,70,,159635,54,,,0,30,,159636,54,,,0,69,,159637,54,,,0,30,,159638,54,,,0,67,,159639,54,,,0,30,,159640,54,,,0,69,,159641,54,,,0,30,,159642,54,,,0,69,,159612,54,,,0,30,,159613,54,,,0,70,,159614,54,,,0,30,,159615,54,,,0,99,,159643,54,,,0,95,,159644,54,,,0,100,,159645,54,,,0
