666600,'1',548,,135806,21,,,0,81,,135805,42,,,0,28,,135788,42,,,0,67,,135804,42,,,0,25,,135803,42,,,0,63,,135802,39,,,0,47,,135801,39,,,0,69,,135800,39,,,0,30,,135799,39,,,0,70,,135798,39,,,0,31,,135784,39,,,0,70,,135783,39,,,0,30,,135782,39,,,0,70,,135797,39,,,0,71,,135781,39,,,0,29,,135796,39,,,0,71,,135795,39,,,0,31,,135794,39,,,0,72,,135793,39,,,0,35,,135780,39,,,0,70,,135779,39,,,0,21,,135809,39,,,0,15,,135770,39,,,0,72,,135808,39,,,0,16,,135792,39,,,0,15,,135769,39,,,0,55,,135791,39,,,0,11,,135790,39,,,0,15,,135789,39,,,0,14,,135768,39,,,0,15,,135787,39,,,0,57,,135778,39,,,0,30,,135786,39,,,0,70,,135785,39,,,0,30,,135771,39,,,0,69,,135772,39,,,0,28,,135810,39,,,0,70,,135773,39,,,0,40,,135774,39,,,0,85,,135775,39,,,0,84,,135776,39,,,0,90,,135777,39,,,0,42,,135807,39,,,0
666600,'101',822,,135767,39,,,0,5,,135765,39,,,0,875,,135766,39,,,0
666600,'2',721,,135814,39,,,0,32,,135815,39,,,0,69,,135816,39,,,0,30,,135817,39,,,0,73,,135818,39,,,0,31,,135819,39,,,0,70,,135820,39,,,0,32,,135821,39,,,0,69,,135822,39,,,0,30,,135823,39,,,0,72,,135824,39,,,0,30,,135825,39,,,0,70,,135826,39,,,0,30,,135827,39,,,0,70,,135828,39,,,0,30,,135829,39,,,0,70,,135830,39,,,0,30,,135831,39,,,0,69,,135832,39,,,0,30,,135833,39,,,0,70,,135834,39,,,0,30,,135835,39,,,0,69,,135836,39,,,0,28,,135837,39,,,0,69,,135838,39,,,0,30,,135839,39,,,0,69,,135847,39,,,0,31,,135840,39,,,0,70,,135848,39,,,0,29,,135841,39,,,0,99,,135842,39,,,0,99,,135843,39,,,0,100,,135844,39,,,0,100,,135845,39,,,0,74,,135846,39,,,0
666600,'201',824,,135813,39,,,0,5,,135811,39,,,0,873,,135812,39,,,0
666600,'3',737,,135865,39,,,0,96,,135866,39,,,0,100,,135849,39,,,0,70,,135874,39,,,0,31,,135850,39,,,0,70,,135875,39,,,0,30,,135851,39,,,0,70,,135867,39,,,0,32,,135852,39,,,0,70,,135868,39,,,0,30,,135853,39,,,0,70,,135869,39,,,0,29,,135854,39,,,0,71,,135870,39,,,0,29,,135855,39,,,0,70,,135871,39,,,0,30,,135856,39,,,0,71,,135872,39,,,0,29,,135857,39,,,0,71,,135873,39,,,0,28,,135858,39,,,0,69,,135876,39,,,0,31,,135859,39,,,0,68,,135877,39,,,0,30,,135860,39,,,0,68,,135878,39,,,0,32,,135861,39,,,0,98,,135862,39,,,0,100,,135863,39,,,0,109,,135864,39,,,0
666701,'1',436,,136215,4,,,0,18,,136255,4,,,0,62,,136188,4,,,0,18,,136189,4,,,0,20,,136190,4,,,0,56,,136191,4,,,0,11,,136192,4,,,0,8,,136193,4,,,0,9,,136194,4,,,0,14,,136259,4,,,0,52,,136260,4,,,0,17,,136195,4,,,0,11,,136196,4,,,0,19,,136197,4,,,0,73,,136198,4,,,0,15,,136199,4,,,0,16,,136200,4,,,0,54,,136258,4,,,0,17,,136216,4,,,0,13,,136217,4,,,0,15,,136254,4,,,0,55,,136201,4,,,0,15,,136202,4,,,0,15,,136203,4,,,0,15,,136204,4,,,0,54,,136205,4,,,0,15,,136206,4,,,0,15,,136207,4,,,0,17,,136257,4,,,0,55,,136218,4,,,0,15,,136219,4,,,0,15,,136253,4,,,0,15,,136208,4,,,0,55,,136209,4,,,0,14,,136210,4,,,0,15,,136211,4,,,0,16,,136212,4,,,0,56,,136213,4,,,0,14,,136214,4,,,0,15,,136256,4,,,0,14,,136220,4,,,0,53,,136221,4,,,0,15,,136252,4,,,0,15,,136222,4,,,0,15,,136223,4,,,0,55,,136224,4,,,0,14,,136225,4,,,0,14,,136226,4,,,0,15,,136227,4,,,0,51,,136228,4,,,0,20,,136229,4,,,0,16,,136251,4,,,0,15,,136236,4,,,0,55,,136248,4,,,0,17,,136249,4,,,0,15,,136230,4,,,0,15,,136231,4,,,0,55,,136232,4,,,0,15,,136233,4,,,0,15,,136234,4,,,0,15,,136235,4,,,0,55,,136250,4,,,0,19,,136237,4,,,0,20,,136247,4,,,0,59,,136238,4,,,0,27,,136239,4,,,0,73,,136240,4,,,0,32,,136241,4,,,0,74,,136242,4,,,0,30,,136243,4,,,0,68,,136244,4,,,0,30,,136245,4,,,0,70,,136246,4,,,0
666701,'101',808,,136187,4,,,0
666701,'2',544,,136270,4,,,0,69,,136271,4,,,0,20,,136288,4,,,0,21,,136289,4,,,0,59,,136285,4,,,0,15,,136290,4,,,0,16,,136291,4,,,0,14,,136292,4,,,0,54,,136293,4,,,0,11,,136294,4,,,0,8,,136262,4,,,0,12,,136295,4,,,0,14,,136296,4,,,0,54,,136297,4,,,0,14,,136298,4,,,0,16,,136299,4,,,0,16,,136300,4,,,0,56,,136301,4,,,0,14,,136302,4,,,0,15,,136303,4,,,0,11,,136305,4,,,0,55,,136306,4,,,0,16,,136307,4,,,0,15,,136304,4,,,0,17,,136308,4,,,0,54,,136284,4,,,0,13,,136309,4,,,0,16,,136310,4,,,0,13,,136311,4,,,0,55,,136313,4,,,0,15,,136314,4,,,0,15,,136315,4,,,0,18,,136316,4,,,0,55,,136317,4,,,0,17,,136318,4,,,0,15,,136319,4,,,0,16,,136320,4,,,0,56,,136321,4,,,0,13,,136322,4,,,0,15,,136323,4,,,0,15,,136324,4,,,0,55,,136325,4,,,0,15,,136326,4,,,0,15,,136327,4,,,0,15,,136328,4,,,0,55,,136263,4,,,0,15,,136264,4,,,0,24,,136265,4,,,0,54,,136266,4,,,0,11,,136287,4,,,0,14,,136267,4,,,0,15,,136268,4,,,0,55,,136286,4,,,0,14,,136269,4,,,0,17,,136273,4,,,0,20,,136272,4,,,0,59,,136274,4,,,0,23,,136275,4,,,0,72,,136312,4,,,0,33,,136276,4,,,0,73,,136277,4,,,0,35,,136278,4,,,0,68,,136279,4,,,0,29,,136280,4,,,0,73,,136281,4,,,0,30,,136282,4,,,0,67,,136283,4,,,0
666701,'201',808,,136261,4,,,0
666701,'3',654,,136344,4,,,0,60,,136345,4,,,0,17,,136330,4,,,0,16,,136346,4,,,0,55,,136347,4,,,0,14,,136343,4,,,0,12,,136329,4,,,0,13,,136348,4,,,0,12,,136349,4,,,0,52,,136350,4,,,0,12,,136351,4,,,0,6,,136352,4,,,0,19,,136353,4,,,0,15,,136354,4,,,0,55,,136355,4,,,0,13,,136356,4,,,0,17,,136357,4,,,0,15,,136358,4,,,0,55,,136359,4,,,0,15,,136338,4,,,0,15,,136339,4,,,0,58,,136340,4,,,0,14,,136360,4,,,0,13,,136361,4,,,0,15,,136362,4,,,0,14,,136363,4,,,0,55,,136364,4,,,0,15,,136365,4,,,0,14,,136366,4,,,0,17,,136367,4,,,0,56,,136368,4,,,0,15,,136369,4,,,0,16,,136337,4,,,0,15,,136370,4,,,0,54,,136371,4,,,0,16,,136372,4,,,0,15,,136373,4,,,0,14,,136374,4,,,0,53,,136375,4,,,0,18,,136376,4,,,0,12,,136377,4,,,0,16,,136378,4,,,0,55,,136379,4,,,0,15,,136380,4,,,0,16,,136381,4,,,0,16,,136382,4,,,0,55,,136342,4,,,0,16,,136383,4,,,0,12,,136384,4,,,0,15,,136341,4,,,0,55,,136385,4,,,0,15,,136386,4,,,0,22,,136387,4,,,0,61,,136388,4,,,0,26,,136389,4,,,0,73,,136390,4,,,0,30,,136331,4,,,0,75,,136332,4,,,0,31,,136333,4,,,0,66,,136334,4,,,0,30,,136335,4,,,0,70,,136336,4,,,0
2263801,'1',431,,160179,4,,,0,70,,160180,4,,,0,22,,160181,4,,,0,14,,160182,4,,,0,14,,160183,4,,,0,54,,160184,4,,,0,11,,160185,4,,,0,14,,160186,4,,,0,13,,160187,4,,,0,57,,160188,4,,,0,7,,160189,4,,,0,19,,160190,4,,,0,12,,160191,4,,,0,16,,160192,4,,,0,52,,160193,4,,,0,24,,160194,4,,,0,72,,160195,4,,,0,33,,160196,4,,,0,66,,160197,4,,,0,30,,160198,4,,,0,70,,160199,4,,,0,30,,160200,4,,,0,70,,160201,4,,,0,30,,160202,4,,,0,70,,160203,4,,,0,28,,160204,4,,,0,30,,160205,4,,,0,60,,160217,4,,,0,20,,160206,4,,,0,62,,160207,4,,,0,20,,160208,4,,,0,80,,160209,4,,,0,16,,160210,4,,,0,15,,160211,4,,,0,14,,160212,4,,,0,55,,160213,4,,,0,13,,160214,4,,,0,15,,160161,4,,,0,19,,160170,4,,,0,61,,160168,4,,,0,23,,160169,4,,,0,70,,160216,4,,,0,19,,160163,4,,,0,16,,160215,4,,,0,67,,160178,4,,,0,22,,160162,4,,,0,29,,160171,4,,,0,71,,160172,4,,,0,30,,160173,4,,,0,70,,160164,4,,,0,30,,160176,4,,,0,62,,160177,4,,,0,29,,160165,4,,,0,69,,160175,4,,,0,29,,160166,4,,,0,70,,160174,4,,,0,30,,160167,4,,,0
2263801,'101',1526,,160160,4,,,0,23,,160159,4,,,0
2263801,'2',536,,160219,4,,,0,70,,160220,4,,,0,30,,160221,4,,,0,70,,160222,4,,,0,30,,160223,4,,,0,70,,160224,4,,,0,30,,160225,4,,,0,70,,160226,4,,,0,30,,160227,4,,,0,70,,160228,4,,,0,30,,160229,4,,,0,70,,160230,4,,,0,30,,160231,4,,,0,70,,160232,4,,,0,30,,160233,4,,,0,70,,160234,4,,,0,30,,160235,4,,,0,70,,160236,4,,,0,30,,160237,4,,,0,70,,160238,4,,,0,30,,160239,4,,,0,70,,160240,4,,,0,30,,160241,4,,,0,70,,160242,4,,,0,30,,160243,4,,,0,70,,160244,4,,,0,30,,160245,4,,,0,70,,160246,4,,,0,30,,160247,4,,,0,65,,160248,4,,,0,30,,160249,4,,,0,70,,160250,4,,,0,30,,160251,4,,,0,70,,160252,4,,,0,30,,160253,4,,,0,70,,160254,4,,,0,30,,160255,4,,,0,70,,160256,4,,,0,30,,160257,4,,,0,77,,160258,4,,,0
2263801,'201',1549,,160218,4,,,0
2263801,'3',646,,160264,4,,,0,70,,160265,4,,,0,30,,160263,4,,,0,70,,160269,4,,,0,30,,160270,4,,,0,70,,160271,4,,,0,30,,160275,4,,,0,70,,160276,4,,,0,30,,160277,4,,,0,70,,160278,4,,,0,30,,160259,4,,,0,70,,160260,4,,,0,30,,160261,4,,,0,70,,160279,4,,,0,30,,160280,4,,,0,70,,160281,4,,,0,30,,160282,4,,,0,70,,160283,4,,,0,30,,160284,4,,,0,70,,160285,4,,,0,30,,160286,4,,,0,70,,160287,4,,,0,30,,160266,4,,,0,70,,160289,4,,,0,30,,160290,4,,,0,70,,160291,4,,,0,30,,160292,4,,,0,70,,160293,4,,,0,30,,160294,4,,,0,70,,160295,4,,,0,35,,160262,4,,,0,70,,160267,4,,,0,30,,160268,4,,,0,69,,160272,4,,,0,30,,160273,4,,,0,70,,160274,4,,,0,30,,160288,4,,,0
3003601,'1',539,,161496,4,0,131 89,0,15,,161497,4,0,131 89,0,55,,161498,4,0,131 89,0,14,,161499,4,0,131 89,0,15,,161500,4,0,131 89,0,15,,161501,4,0,131 89,0,53,,161502,4,0,131 89,0,15,,161503,4,0,131 89,0,15,,161504,4,0,131 89,0,15,,161505,4,0,131 89,0,55,,161506,4,0,131 89,0,17,,161507,4,0,131 89,0,18,,161508,4,0,131 89,0,13,,161509,4,0,131 89,0,57,,161510,4,0,131 89,0,15,,161511,4,0,131 89,0,28,,161512,4,0,131 89,0,68,,161513,4,0,131 89,0,30,,161514,4,0,131 89,0,70,,161515,4,0,131 89,0,30,,161516,4,0,131 89,0,69,,161517,4,0,131 89,0,30,,161518,4,0,131 89,0,70,,161490,4,0,131 89,0,30,,161491,4,0,131 89,0,75,,161492,4,0,131 89,0,25,,161481,4,0,131 89,0,55,,161477,4,0,131 89,0,20,,161476,4,0,131 89,0,15,,161478,4,0,131 89,0,15,,161479,4,0,131 89,0,56,,161480,4,0,131 89,0,15,,161482,4,0,131 89,0,16,,161483,4,0,131 89,0,15,,161484,4,0,131 89,0,56,,161485,4,0,131 89,0,15,,161486,4,0,131 89,0,10,,161487,4,0,131 89,0,4,,161488,4,0,131 89,0,65,,161489,4,0,131 89,0,0,,161519,4,0,131 89,0,13,,161466,4,0,131 89,0,15,,161467,4,0,131 89,0,22,,161468,4,0,131 89,0,71,,161469,4,0,131 89,0,27,,161470,4,0,131 89,0,67,,161471,4,0,131 89,0,30,,161472,4,0,131 89,0,70,,161473,4,0,131 89,0,30,,161474,4,0,131 89,0,70,,161475,4,0,131 89,0,30,,161493,4,0,131 89,0,70,,161494,4,0,131 89,0,30,,161495,4,0,131 89,0
3003601,'2',622,,161527,4,0,131 89,0,30,,161528,4,0,131 89,0,70,,161529,4,0,131 89,0,30,,161530,4,0,131 89,0,70,,161520,4,0,131 89,0,30,,161526,4,0,131 89,0,70,,161531,4,0,131 89,0,30,,161532,4,0,131 89,0,70,,161533,4,0,131 89,0,30,,161534,4,0,131 89,0,70,,161535,4,0,131 89,0,30,,161536,4,0,131 89,0,70,,161537,4,0,131 89,0,30,,161538,4,0,131 89,0,70,,161539,4,0,131 89,0,30,,161540,4,0,131 89,0,70,,161541,4,0,131 89,0,30,,161542,4,0,131 89,0,70,,161543,4,0,131 89,0,30,,161544,4,0,131 89,0,69,,161545,4,0,131 89,0,30,,161546,4,0,131 89,0,71,,161547,4,0,131 89,0,30,,161548,4,0,131 89,0,70,,161549,4,0,131 89,0,30,,161550,4,0,131 89,0,70,,161551,4,0,131 89,0,30,,161552,4,0,131 89,0,70,,161553,4,0,131 89,0,30,,161554,4,0,131 89,0,70,,161555,4,0,131 89,0,30,,161522,4,0,131 89,0,70,,161523,4,0,131 89,0,30,,161524,4,0,131 89,0,70,,161521,4,0,131 89,0,30,,161525,4,0,131 89,0
3003601,'3',722,,161565,4,0,131 89,0,30,,161566,4,0,131 89,0,70,,161567,4,0,131 89,0,30,,161568,4,0,131 89,0,70,,161569,4,0,131 89,0,30,,161570,4,0,131 89,0,70,,161571,4,0,131 89,0,30,,161572,4,0,131 89,0,70,,161573,4,0,131 89,0,30,,161574,4,0,131 89,0,70,,161575,4,0,131 89,0,30,,161576,4,0,131 89,0,70,,161577,4,0,131 89,0,30,,161578,4,0,131 89,0,70,,161579,4,0,131 89,0,30,,161580,4,0,131 89,0,70,,161581,4,0,131 89,0,30,,161582,4,0,131 89,0,70,,161583,4,0,131 89,0,30,,161584,4,0,131 89,0,70,,161585,4,0,131 89,0,30,,161586,4,0,131 89,0,70,,161587,4,0,131 89,0,30,,161588,4,0,131 89,0,70,,161589,4,0,131 89,0,30,,161556,4,0,131 89,0,70,,161559,4,0,131 89,0,30,,161560,4,0,131 89,0,70,,161557,4,0,131 89,0,30,,161558,4,0,131 89,0,70,,161561,4,0,131 89,0,30,,161562,4,0,131 89,0,70,,161563,4,0,131 89,0,30,,161564,4,0,131 89,0
3003900,'1',458,,162040,4,,,0,61,,162038,4,,,0,9,,162041,4,,,0,19,,162037,14,,,0,10,,162054,14,,,0,56,,162036,14,,,0,9,,162055,14,,,0,18,,162035,14,,,0,11,,162042,14,,,0,66,,162034,14,,,0,4,,162043,14,,,0,21,,162028,14,,,0,60,,162044,14,,,0,41,,162045,14,,,0,70,,162046,14,,,0,30,,162047,14,,,0,71,,162048,14,,,0,25,,162049,14,,,0,72,,162050,14,,,0,30,,162051,14,,,0,70,,162052,14,,,0,34,,162053,14,,,0,65,,162056,14,,,0,30,,162057,14,,,0,72,,162058,14,,,0,28,,162039,14,,,0,69,,162014,14,,,0,29,,162015,14,,,0,72,,162016,14,,,0,18,,162059,14,,,0,10,,162033,14,,,0,21,,162017,14,,,0,49,,162032,14,,,0,21,,162018,14,,,0,9,,162031,14,,,0,69,,162019,14,,,0,13,,162030,14,,,0,12,,162020,14,,,0,26,,162021,14,,,0,52,,162029,14,,,0,19,,162022,14,,,0,95,,162023,14,,,0,105,,162024,14,,,0,102,,162025,14,,,0,100,,162026,14,,,0,100,,162027,14,,,0
3003900,'2',646,,162088,4,,,0,70,,162078,14,,,0,31,,162089,14,,,0,69,,162079,14,,,0,29,,162064,14,,,0,70,,162060,14,,,0,29,,162062,14,,,0,68,,162061,14,,,0,32,,162063,14,,,0,68,,162080,14,,,0,30,,162065,14,,,0,70,,162081,14,,,0,30,,162066,14,,,0,70,,162082,14,,,0,30,,162067,14,,,0,70,,162083,14,,,0,30,,162068,14,,,0,70,,162084,14,,,0,30,,162069,14,,,0,70,,162085,14,,,0,30,,162070,14,,,0,70,,162086,14,,,0,30,,162071,14,,,0,70,,162087,14,,,0,31,,162072,14,,,0,86,,162073,14,,,0,99,,162074,14,,,0,100,,162075,14,,,0,103,,162076,14,,,0,102,,162077,14,,,0
3003900,'3',647,,162096,4,,,0,96,,162097,14,,,0,100,,162098,14,,,0,100,,162099,14,,,0,70,,162108,14,,,0,30,,162100,14,,,0,70,,162109,14,,,0,28,,162101,14,,,0,70,,162110,14,,,0,30,,162102,14,,,0,70,,162111,14,,,0,30,,162103,14,,,0,70,,162112,14,,,0,30,,162104,14,,,0,70,,162113,14,,,0,30,,162105,14,,,0,70,,162114,14,,,0,30,,162106,14,,,0,70,,162115,14,,,0,30,,162107,14,,,0,71,,162116,14,,,0,20,,162090,14,,,0,101,,162091,14,,,0,100,,162092,14,,,0,101,,162093,14,,,0,100,,162094,14,,,0,101,,162095,14,,,0
3003901,'1',527,,162150,24,,,0,24,,162139,24,,,0,7,,162151,24,,,0,61,,162149,24,,,0,11,,162152,24,,,0,21,,162148,24,,,0,50,,162153,24,,,0,19,,162147,24,,,0,11,,162154,24,,,0,20,,162146,24,,,0,50,,162155,24,,,0,23,,162140,24,,,0,16,,162156,24,,,0,68,,162157,24,,,0,31,,162158,24,,,0,66,,162159,24,,,0,33,,162160,24,,,0,72,,162161,24,,,0,27,,162162,24,,,0,74,,162163,24,,,0,25,,162118,24,,,0,70,,162119,24,,,0,30,,162120,24,,,0,77,,162121,24,,,0,34,,162122,24,,,0,68,,162123,24,,,0,29,,162124,24,,,0,69,,162125,24,,,0,30,,162126,24,,,0,71,,162127,24,,,0,12,,162145,24,,,0,17,,162128,24,,,0,9,,162144,24,,,0,59,,162129,24,,,0,10,,162143,24,,,0,28,,162130,24,,,0,52,,162142,24,,,0,10,,162131,24,,,0,26,,162132,24,,,0,9,,162141,24,,,0,59,,162133,24,,,0,34,,162134,24,,,0,97,,162135,24,,,0,100,,162136,24,,,0,98,,162137,24,,,0,98,,162138,24,,,0
3003901,'101',1542,,162117,24,,,0
3003901,'2',633,,162178,24,,,0,70,,162167,24,,,0,30,,162179,24,,,0,70,,162164,24,,,0,30,,162180,24,,,0,71,,162165,24,,,0,31,,162181,24,,,0,71,,162168,24,,,0,32,,162182,24,,,0,70,,162169,24,,,0,30,,162183,24,,,0,70,,162170,24,,,0,30,,162184,24,,,0,70,,162171,24,,,0,30,,162185,24,,,0,70,,162172,24,,,0,30,,162186,24,,,0,70,,162173,24,,,0,30,,162187,24,,,0,70,,162174,24,,,0,28,,162188,24,,,0,70,,162175,24,,,0,30,,162189,24,,,0,69,,162176,24,,,0,30,,162192,24,,,0,70,,162177,24,,,0,30,,162190,24,,,0,99,,162191,24,,,0,100,,162193,24,,,0,98,,162194,24,,,0,100,,162195,24,,,0,99,,162166,24,,,0
3003901,'3',632,,162197,24,,,0,100,,162198,24,,,0,101,,162199,24,,,0,101,,162200,24,,,0,100,,162201,24,,,0,101,,162202,24,,,0,70,,162215,24,,,0,30,,162203,24,,,0,70,,162216,24,,,0,30,,162204,24,,,0,70,,162217,24,,,0,30,,162205,24,,,0,70,,162218,24,,,0,30,,162206,24,,,0,70,,162219,24,,,0,33,,162207,24,,,0,67,,162220,24,,,0,30,,162208,24,,,0,69,,162221,24,,,0,30,,162209,24,,,0,101,,162210,24,,,0,99,,162211,24,,,0,100,,162212,24,,,0,99,,162213,24,,,0,100,,162214,24,,,0,100,,162196,24,,,0
3004000,'1',455,,162223,4,,,0,63,,162228,4,,,0,7,,162242,4,,,0,20,,162227,14,,,0,11,,162243,14,,,0,59,,162226,14,,,0,10,,162244,14,,,0,17,,162225,14,,,0,11,,162245,14,,,0,60,,162224,14,,,0,10,,162246,14,,,0,21,,162263,14,,,0,57,,162247,14,,,0,27,,162248,14,,,0,30,,162249,14,,,0,66,,162250,14,,,0,31,,162251,14,,,0,72,,162252,14,,,0,26,,162253,14,,,0,76,,162254,14,,,0,24,,162255,14,,,0,70,,162256,14,,,0,30,,162257,14,,,0,77,,162258,14,,,0,73,,162259,14,,,0,26,,162260,14,,,0,29,,162261,14,,,0,70,,162262,14,,,0,30,,162241,14,,,0,71,,162229,14,,,0,12,,162268,14,,,0,18,,162230,14,,,0,51,,162267,14,,,0,19,,162231,14,,,0,11,,162266,14,,,0,68,,162232,14,,,0,13,,162265,14,,,0,10,,162233,14,,,0,27,,162234,14,,,0,49,,162264,14,,,0,21,,162235,14,,,0,74,,162236,14,,,0,99,,162237,14,,,0,101,,162238,14,,,0,100,,162239,14,,,0,98,,162240,14,,,0
3004000,'101',1453,,162222,4,,,0
3004000,'2',602,,162279,4,,,0,30,,162287,4,,,0,27,,162280,14,,,0,70,,162288,14,,,0,30,,162300,14,,,0,68,,162289,14,,,0,31,,162269,14,,,0,69,,162290,14,,,0,29,,162270,14,,,0,70,,162291,14,,,0,30,,162271,14,,,0,70,,162292,14,,,0,29,,162272,14,,,0,70,,162293,14,,,0,30,,162273,14,,,0,70,,162294,14,,,0,30,,162274,14,,,0,70,,162295,14,,,0,31,,162275,14,,,0,70,,162296,14,,,0,30,,162276,14,,,0,70,,162297,14,,,0,30,,162277,14,,,0,70,,162298,14,,,0,33,,162278,14,,,0,70,,162299,14,,,0,29,,162281,14,,,0,99,,162282,14,,,0,100,,162283,14,,,0,143,,162284,14,,,0,100,,162285,14,,,0,100,,162286,14,,,0
3004000,'3',601,,162319,4,,,0,99,,162301,14,,,0,59,,162302,14,,,0,99,,162303,14,,,0,99,,162304,14,,,0,99,,162305,14,,,0,70,,162320,14,,,0,29,,162306,14,,,0,70,,162321,14,,,0,30,,162307,14,,,0,70,,162322,14,,,0,30,,162308,14,,,0,70,,162323,14,,,0,30,,162309,14,,,0,70,,162324,14,,,0,34,,162310,14,,,0,67,,162325,14,,,0,30,,162311,14,,,0,70,,162326,14,,,0,30,,162312,14,,,0,144,,162313,14,,,0,59,,162314,14,,,0,100,,162315,14,,,0,141,,162316,14,,,0,100,,162317,14,,,0,100,,162318,14,,,0
3004001,'1',531,,162340,30,,,0,21,,162355,30,,,0,49,,162341,30,,,0,20,,162354,30,,,0,10,,162342,30,,,0,20,,162353,30,,,0,49,,162343,30,,,0,19,,162352,30,,,0,11,,162357,30,,,0,71,,162358,30,,,0,19,,162344,30,,,0,20,,162359,30,,,0,83,,162360,30,,,0,28,,162361,30,,,0,70,,162362,30,,,0,34,,162363,30,,,0,65,,162364,30,,,0,35,,162365,30,,,0,70,,162366,30,,,0,30,,162367,30,,,0,74,,162350,30,,,0,25,,162351,30,,,0,72,,162368,30,,,0,32,,162369,30,,,0,71,,162356,30,,,0,27,,162370,30,,,0,69,,162371,30,,,0,32,,162372,30,,,0,58,,162328,30,,,0,10,,162349,30,,,0,21,,162329,30,,,0,9,,162348,30,,,0,59,,162330,30,,,0,7,,162347,30,,,0,29,,162331,30,,,0,50,,162346,30,,,0,12,,162332,30,,,0,24,,162333,30,,,0,12,,162345,30,,,0,58,,162334,30,,,0,94,,162335,30,,,0,104,,162336,30,,,0,101,,162337,30,,,0,99,,162338,30,,,0,99,,162339,30,,,0
3004001,'101',757,,162327,30,,,0
3004001,'2',719,,162381,30,,,0,32,,162399,30,,,0,71,,162382,30,,,0,30,,162400,30,,,0,69,,162383,30,,,0,31,,162403,30,,,0,69,,162384,30,,,0,32,,162374,30,,,0,72,,162385,30,,,0,28,,162375,30,,,0,70,,162386,30,,,0,30,,162376,30,,,0,70,,162387,30,,,0,32,,162377,30,,,0,70,,162388,30,,,0,30,,162401,30,,,0,70,,162389,30,,,0,30,,162402,30,,,0,70,,162390,30,,,0,27,,162378,30,,,0,70,,162391,30,,,0,30,,162379,30,,,0,70,,162392,30,,,0,30,,162380,30,,,0,70,,162393,30,,,0,86,,162394,30,,,0,97,,162395,30,,,0,100,,162396,30,,,0,101,,162397,30,,,0,102,,162398,30,,,0
3004001,'201',757,,162373,30,,,0
3004001,'3',721,,162405,30,,,0,100,,162406,30,,,0,100,,162407,30,,,0,100,,162408,30,,,0,32,,162422,30,,,0,70,,162409,30,,,0,30,,162423,30,,,0,70,,162410,30,,,0,30,,162424,30,,,0,70,,162411,30,,,0,30,,162425,30,,,0,69,,162412,30,,,0,30,,162426,30,,,0,69,,162413,30,,,0,30,,162427,30,,,0,71,,162414,30,,,0,30,,162428,30,,,0,70,,162415,30,,,0,30,,162429,30,,,0,70,,162416,30,,,0,30,,162430,30,,,0,60,,162418,30,,,0,99,,162404,30,,,0,99,,162417,30,,,0,98,,162419,30,,,0,100,,162420,30,,,0,100,,162421,30,,,0
3004101,'1',625,,162457,10,,,0,15,,162469,10,,,0,15,,162458,10,,,0,55,,162470,10,,,0,15,,162468,10,,,0,15,,162471,10,,,0,15,,162459,10,,,0,55,,162472,10,,,0,15,,162460,10,,,0,14,,162473,10,,,0,15,,162461,10,,,0,669,,162462,10,,,0,13,,162474,10,,,0,16,,162463,10,,,0,55,,162475,10,,,0,22,,162464,10,,,0,12,,162476,10,,,0,9,,162479,10,,,0,51,,162465,10,,,0,11,,162477,10,,,0,16,,162466,10,,,0,79,,162467,10,,,0,50,,162478,10,,,0
