673700,'1',450,,148968,1,,,0,74,,148926,1,,,0,21,,148965,1,,,0,58,,148977,1,,,0,19,,148978,1,,,0,18,,148979,1,,,0,11,,148966,1,,,0,51,,148967,1,,,0,12,,148975,1,,,0,11,,148976,1,,,0,34,,148944,1,,,0,65,,148927,1,,,0,20,,148951,1,,,0,60,,148952,1,,,0,30,,148953,1,,,0,69,,148954,1,,,0,27,,148955,1,,,0,27,,148956,1,,,0,68,,148957,1,,,0,28,,148958,1,,,0,70,,148959,1,,,0,28,,148960,1,,,0,60,,148961,1,,,0,20,,148962,1,,,0,18,,148963,1,,,0,55,,148964,1,,,0,9,,148928,1,,,0,8,,148980,1,,,0,9,,148946,1,,,0,9,,148947,1,,,0,14,,148948,1,,,0,57,,148949,1,,,0,10,,148950,1,,,0,10,,148941,1,,,0,11,,148942,1,,,0,10,,148943,1,,,0,65,,148929,1,,,0,15,,148945,1,,,0,20,,148930,1,,,0,55,,148969,1,,,0,21,,148970,1,,,0,18,,148971,1,,,0,58,,148972,1,,,0,15,,148973,1,,,0,16,,148931,1,,,0,68,,148932,1,,,0,30,,148933,1,,,0,72,,148934,1,,,0,30,,148974,1,,,0,73,,148935,1,,,0,29,,148936,1,,,0,75,,148937,1,,,0,28,,148938,1,,,0,81,,148939,1,,,0,95,,148940,1,,,0
673700,'101',731,,148923,1,,,0,770,,148925,1,,,0,102,,148924,1,,,0
673700,'2',558,,148984,1,,,0,68,,148985,1,,,0,22,,148986,1,,,0,64,,148987,1,,,0,23,,148988,1,,,0,21,,148989,1,,,0,59,,148990,1,,,0,20,,148991,1,,,0,20,,148992,1,,,0,59,,148993,1,,,0,20,,148994,1,,,0,20,,148995,1,,,0,59,,148996,1,,,0,18,,148997,1,,,0,20,,148998,1,,,0,59,,148999,1,,,0,20,,149000,1,,,0,22,,149001,1,,,0,58,,149002,1,,,0,20,,149003,1,,,0,20,,149004,1,,,0,59,,149005,1,,,0,20,,149006,1,,,0,20,,149007,1,,,0,58,,149008,1,,,0,20,,149009,1,,,0,20,,149010,1,,,0,60,,149011,1,,,0,19,,149012,1,,,0,20,,149013,1,,,0,61,,149014,1,,,0,15,,149015,1,,,0,13,,149032,1,,,0,14,,149016,1,,,0,60,,149017,1,,,0,14,,149018,1,,,0,15,,149033,1,,,0,16,,149019,1,,,0,56,,149020,1,,,0,20,,149021,1,,,0,22,,149022,1,,,0,60,,149023,1,,,0,19,,149024,1,,,0,19,,149025,1,,,0,71,,149026,1,,,0,30,,149027,1,,,0,73,,149028,1,,,0,30,,149029,1,,,0,70,,149034,1,,,0,76,,149030,1,,,0,112,,149031,1,,,0
673700,'201',731,,148981,1,,,0,770,,148983,1,,,0,102,,148982,1,,,0
673700,'3',544,,149040,1,,,0,73,,149039,1,,,0,32,,149038,1,,,0,72,,149037,1,,,0,32,,149061,1,,,0,71,,149041,1,,,0,31,,149035,1,,,0,69,,149042,1,,,0,29,,149059,1,,,0,69,,149045,1,,,0,28,,149052,1,,,0,68,,149051,1,,,0,28,,149043,1,,,0,68,,149050,1,,,0,29,,149054,1,,,0,69,,149049,1,,,0,21,,149060,1,,,0,20,,149075,1,,,0,60,,149048,1,,,0,30,,149058,1,,,0,71,,149047,1,,,0,30,,149057,1,,,0,70,,149046,1,,,0,20,,149056,1,,,0,20,,149067,1,,,0,60,,149044,1,,,0,19,,149068,1,,,0,18,,149055,1,,,0,61,,149069,1,,,0,21,,149072,1,,,0,20,,149063,1,,,0,61,,149070,1,,,0,21,,149073,1,,,0,21,,149062,1,,,0,61,,149071,1,,,0,20,,149074,1,,,0,20,,149064,1,,,0,63,,149065,1,,,0,30,,149053,1,,,0,71,,149066,1,,,0,35,,149036,1,,,0
673701,'1',601,,149118,39,4,,0,9,,149119,39,4,,0,10,,149082,39,4,,0,12,,149116,39,4,,0,10,,149117,39,4,,0,12,,149081,39,4,,0,51,,149120,39,4,,0,10,,149083,39,4,,0,11,,149137,39,4,,0,76,,149121,39,4,,0,9,,149138,39,4,,0,9,,149139,39,4,,0,9,,149122,39,4,,0,10,,149123,39,4,,0,9,,149124,39,4,,0,52,,149099,39,4,,0,11,,149141,39,4,,0,15,,149100,39,4,,0,15,,149101,39,4,,0,15,,149140,39,4,,0,55,,149102,39,4,,0,24,,149103,39,4,,0,73,,149104,39,4,,0,32,,149105,39,4,,0,72,,149106,39,4,,0,30,,149107,39,4,,0,60,,149108,39,4,,0,21,,149109,39,4,,0,18,,149110,39,4,,0,18,,149111,39,4,,0,59,,149112,39,4,,0,16,,149113,39,4,,0,15,,149114,39,4,,0,55,,149115,39,4,,0,15,,149096,39,4,,0,15,,149097,39,4,,0,20,,149098,39,4,,0,52,,149085,39,4,,0,12,,149127,39,4,,0,15,,149128,39,4,,0,15,,149129,39,4,,0,56,,149084,39,4,,0,15,,149130,39,4,,0,13,,149131,39,4,,0,14,,149132,39,4,,0,12,,149133,39,4,,0,54,,149134,39,4,,0,24,,149135,39,4,,0,17,,149086,39,4,,0,57,,149126,39,4,,0,16,,149087,39,4,,0,25,,149088,39,4,,0,65,,149125,39,4,,0,28,,149089,39,4,,0,69,,149090,39,4,,0,29,,149091,39,4,,0,68,,149092,39,4,,0,30,,149136,39,4,,0,71,,149093,39,4,,0,101,,149094,39,4,,0,115,,149095,39,4,,0
673701,'101',740,,149078,39,4,,0,12,,149079,39,4,,0,105,,149080,40,4,,0,693,,149076,40,4,,0,272,,149077,39,4,,0
673701,'2',653,,149145,39,4,,0,65,,149146,39,4,,0,20,,149147,39,4,,0,65,,149148,39,4,,0,20,,149149,39,4,,0,20,,149150,39,4,,0,60,,149151,39,4,,0,20,,149152,39,4,,0,21,,149153,39,4,,0,61,,149154,39,4,,0,20,,149155,39,4,,0,21,,149156,39,4,,0,63,,149157,39,4,,0,20,,149158,39,4,,0,22,,149159,39,4,,0,61,,149160,39,4,,0,20,,149161,39,4,,0,23,,149162,39,4,,0,60,,149163,39,4,,0,20,,149164,39,4,,0,21,,149165,39,4,,0,60,,149166,39,4,,0,20,,149167,39,4,,0,20,,149168,39,4,,0,59,,149169,39,4,,0,20,,149170,39,4,,0,19,,149171,39,4,,0,55,,149172,39,4,,0,15,,149191,39,4,,0,14,,149173,39,4,,0,15,,149174,39,4,,0,55,,149175,39,4,,0,15,,149192,39,4,,0,13,,149176,39,4,,0,15,,149190,39,4,,0,65,,149177,39,4,,0,29,,149178,39,4,,0,70,,149179,39,4,,0,30,,149180,39,4,,0,70,,149181,39,4,,0,29,,149182,39,4,,0,67,,149183,39,4,,0,30,,149184,39,4,,0,69,,149185,39,4,,0,31,,149186,39,4,,0,69,,149187,39,4,,0,97,,149188,39,4,,0,123,,149189,39,4,,0
673701,'201',740,,149142,39,4,,0,12,,149143,39,4,,0,1070,,149144,39,4,,0
673701,'3',635,,149205,39,4,,0,70,,149204,39,4,,0,31,,149203,39,4,,0,71,,149202,39,4,,0,32,,149198,39,4,,0,73,,149200,39,4,,0,33,,149197,39,4,,0,72,,149201,39,4,,0,33,,149216,39,4,,0,73,,149207,39,4,,0,32,,149210,39,4,,0,71,,149206,39,4,,0,31,,149218,39,4,,0,64,,149196,39,4,,0,20,,149229,39,4,,0,60,,149208,39,4,,0,29,,149195,39,4,,0,73,,149199,39,4,,0,28,,149194,39,4,,0,27,,149220,39,4,,0,60,,149193,39,4,,0,20,,149226,39,4,,0,20,,149215,39,4,,0,60,,149224,39,4,,0,19,,149223,39,4,,0,20,,149225,39,4,,0,69,,149212,39,4,,0,20,,149222,39,4,,0,58,,149213,39,4,,0,20,,149227,39,4,,0,19,,149219,39,4,,0,67,,149228,39,4,,0,33,,149214,39,4,,0,72,,149211,39,4,,0,108,,149221,39,4,,0,105,,149217,39,4,,0,110,,149209,39,4,,0
673801,'1',421,,149518,1,,,0,10,,149552,1,,,0,10,,149546,1,,,0,12,,149525,1,,,0,52,,149519,1,,,0,12,,149487,1,,,0,12,,149536,1,,,0,12,,149535,1,,,0,12,,149556,1,,,0,52,,149510,1,,,0,12,,149553,1,,,0,12,,149498,1,,,0,13,,149492,1,,,0,13,,149497,1,,,0,53,,149557,1,,,0,13,,149489,1,,,0,13,,149520,1,,,0,14,,149534,1,,,0,55,,149488,1,,,0,15,,149541,1,,,0,15,,149537,1,,,0,15,,149528,1,,,0,55,,149516,1,,,0,15,,149513,1,,,0,15,,149527,1,,,0,15,,149471,1,,,0,55,,149512,1,,,0,15,,149542,1,,,0,15,,149479,1,,,0,15,,149515,1,,,0,55,,149481,1,,,0,15,,149547,1,,,0,15,,149499,1,,,0,15,,149514,1,,,0,55,,149500,1,,,0,15,,149549,1,,,0,15,,149551,1,,,0,15,,149548,1,,,0,55,,149491,1,,,0,15,,149486,1,,,0,15,,149484,1,,,0,15,,149545,1,,,0,55,,149483,1,,,0,15,,149544,1,,,0,15,,149539,1,,,0,15,,149543,1,,,0,55,,149480,1,,,0,15,,149531,1,,,0,15,,149503,1,,,0,12,,149554,1,,,0,12,,149502,1,,,0,52,,149495,1,,,0,12,,149532,1,,,0,12,,149496,1,,,0,12,,149485,1,,,0,12,,149501,1,,,0,52,,149505,1,,,0,12,,149511,1,,,0,12,,149494,1,,,0,12,,149517,1,,,0,12,,149538,1,,,0,52,,149533,1,,,0,12,,149482,1,,,0,12,,149559,1,,,0,12,,149509,1,,,0,55,,149508,1,,,0,15,,149558,1,,,0,15,,149540,1,,,0,15,,149507,1,,,0,55,,149504,1,,,0,15,,149506,1,,,0,15,,149474,1,,,0,16,,149490,1,,,0,56,,149493,1,,,0,15,,149526,1,,,0,15,,149473,1,,,0,20,,149550,1,,,0,61,,149524,1,,,0,20,,149478,1,,,0,20,,149475,1,,,0,60,,149523,1,,,0,21,,149477,1,,,0,22,,149522,1,,,0,62,,149476,1,,,0,22,,149472,1,,,0,62,,149521,1,,,0,22,,149529,1,,,0,26,,149530,1,,,0
673801,'2',537,,149636,1,,,0,15,,149627,1,,,0,55,,149637,1,,,0,15,,149628,1,,,0,16,,149599,1,,,0,15,,149600,1,,,0,55,,149601,1,,,0,15,,149602,1,,,0,15,,149603,1,,,0,14,,149604,1,,,0,58,,149615,1,,,0,17,,149605,1,,,0,16,,149568,1,,,0,16,,149606,1,,,0,56,,149579,1,,,0,15,,149607,1,,,0,15,,149569,1,,,0,55,,149630,1,,,0,15,,149582,1,,,0,15,,149608,1,,,0,15,,149577,1,,,0,56,,149609,1,,,0,16,,149583,1,,,0,16,,149610,1,,,0,16,,149593,1,,,0,55,,149619,1,,,0,15,,149584,1,,,0,15,,149560,1,,,0,15,,149592,1,,,0,55,,149561,1,,,0,15,,149594,1,,,0,15,,149589,1,,,0,15,,149614,1,,,0,55,,149631,1,,,0,15,,149595,1,,,0,15,,149588,1,,,0,15,,149576,1,,,0,55,,149632,1,,,0,15,,149616,1,,,0,15,,149587,1,,,0,15,,149623,1,,,0,56,,149633,1,,,0,15,,149578,1,,,0,15,,149586,1,,,0,15,,149624,1,,,0,55,,149634,1,,,0,15,,149613,1,,,0,15,,149585,1,,,0,15,,149625,1,,,0,55,,149635,1,,,0,15,,149580,1,,,0,15,,149562,1,,,0,15,,149626,1,,,0,55,,149563,1,,,0,13,,149612,1,,,0,15,,149564,1,,,0,14,,149581,1,,,0,55,,149565,1,,,0,15,,149618,1,,,0,15,,149566,1,,,0,15,,149629,1,,,0,55,,149567,1,,,0,15,,149622,1,,,0,14,,149575,1,,,0,14,,149611,1,,,0,14,,149572,1,,,0,54,,149617,1,,,0,15,,149574,1,,,0,15,,149620,1,,,0,15,,149571,1,,,0,54,,149596,1,,,0,14,,149573,1,,,0,14,,149621,1,,,0,14,,149570,1,,,0,56,,149597,1,,,0,30,,149598,1,,,0,72,,149591,1,,,0,32,,149590,1,,,0
673801,'3',559,,149669,1,,,0,55,,149670,1,,,0,15,,149671,1,,,0,15,,149672,1,,,0,15,,149673,1,,,0,56,,149674,1,,,0,15,,149675,1,,,0,15,,149676,1,,,0,55,,149692,1,,,0,15,,149693,1,,,0,15,,149661,1,,,0,15,,149695,1,,,0,55,,149663,1,,,0,15,,149696,1,,,0,15,,149662,1,,,0,15,,149652,1,,,0,55,,149697,1,,,0,15,,149698,1,,,0,15,,149677,1,,,0,15,,149664,1,,,0,55,,149699,1,,,0,15,,149657,1,,,0,15,,149682,1,,,0,15,,149665,1,,,0,55,,149658,1,,,0,15,,149659,1,,,0,15,,149683,1,,,0,15,,149684,1,,,0,55,,149660,1,,,0,15,,149643,1,,,0,15,,149681,1,,,0,15,,149678,1,,,0,55,,149644,1,,,0,15,,149645,1,,,0,15,,149688,1,,,0,15,,149679,1,,,0,55,,149646,1,,,0,15,,149648,1,,,0,15,,149689,1,,,0,15,,149680,1,,,0,55,,149649,1,,,0,12,,149650,1,,,0,12,,149690,1,,,0,12,,149701,1,,,0,12,,149666,1,,,0,52,,149651,1,,,0,15,,149702,1,,,0,15,,149703,1,,,0,16,,149704,1,,,0,56,,149705,1,,,0,17,,149706,1,,,0,15,,149707,1,,,0,15,,149708,1,,,0,55,,149709,1,,,0,15,,149710,1,,,0,15,,149711,1,,,0,15,,149712,1,,,0,55,,149713,1,,,0,15,,149667,1,,,0,15,,149685,1,,,0,15,,149691,1,,,0,55,,149668,1,,,0,15,,149686,1,,,0,15,,149656,1,,,0,15,,149694,1,,,0,55,,149655,1,,,0,15,,149700,1,,,0,15,,149654,1,,,0,15,,149687,1,,,0,54,,149653,1,,,0,14,,149647,1,,,0
