667200,'1_merged_15524958',552,,78255,1,,,0,7,,78260,1,,,0,54,,78233,1,,,0,14,,78254,1,,,0,18,,78240,1,,,0,57,,78276,1,,,0,14,,78263,1,,,0,15,,78264,1,,,0,12,,78279,1,0,11 12,0,9,,78275,1,,,0,51,,78253,1,,,0,13,,78234,1,,,0,20,,78241,1,,,0,15,,78256,1,,,0,66,,78238,1,,,0,31,,78243,1,,,0,70,,78239,1,,,0,28,,78271,1,,,0,69,,78245,1,,,0,30,,78267,1,,,0,69,,78277,1,,,0,29,,78274,1,,,0,69,,78246,1,,,0,26,,78268,1,,,0,69,,78252,1,,,0,30,,78251,1,,,0,70,,78235,1,,,0,26,,78270,1,,,0,5,,78248,1,,,0,15,,78265,1,,,0,53,,78278,1,,,0,16,,78261,1,,,0,18,,78237,1,,,0,63,,78244,1,,,0,12,,78247,1,,,0,23,,78259,1,,,0,6,,78262,1,,,0,63,,78257,1,,,0,4,,78269,1,0,11 12,0,14,,78273,1,,,0,13,,78242,1,,,0,17,,78236,1,,,0,52,,78272,1,,,0,17,,78266,1,,,0,31,,78258,1,,,0
667200,'2_merged_15524960',652,,78301,1,,,0,70,,78287,1,,,0,28,,78299,1,,,0,71,,78285,1,,,0,29,,78297,1,,,0,70,,78293,1,,,0,30,,78290,1,,,0,69,,78294,1,,,0,30,,78280,1,,,0,69,,78302,1,,,0,30,,78303,1,,,0,69,,78304,1,,,0,27,,78305,1,,,0,70,,78306,1,,,0,29,,78307,1,,,0,59,,78283,1,,,0,20,,78300,1,,,0,21,,78282,1,,,0,58,,78308,1,,,0,21,,78309,1,,,0,22,,78310,1,,,0,62,,78311,1,,,0,19,,78284,1,,,0,22,,78281,1,,,0,59,,78286,1,,,0,21,,78295,1,,,0,18,,78314,1,,,0,61,,78291,1,,,0,18,,78313,1,,,0,32,,78296,1,,,0,71,,78292,1,,,0,74,,78312,1,,,0
667200,'3_merged_15524959',723,,78327,1,,,0,30,,78320,1,,,0,70,,78318,1,,,0,30,,78323,1,,,0,70,,78322,1,,,0,29,,78337,1,,,0,70,,78326,1,,,0,29,,78325,1,,,0,69,,78334,1,,,0,30,,78332,1,,,0,70,,78331,1,,,0,30,,78324,1,,,0,69,,78329,1,,,0,30,,78315,1,,,0,70,,78321,1,,,0,31,,78340,1,,,0,70,,78339,1,,,0,30,,78330,1,,,0,70,,78328,1,,,0,30,,78317,1,,,0,70,,78336,1,,,0,30,,78319,1,,,0,74,,78335,1,,,0,28,,78316,1,,,0,69,,78338,1,,,0,29,,78341,1,,,0
667201,'101_merged_15524965',1635,,78342,37,4,,0
667201,'1_merged_15524958',606,,78363,37,4,,0,32,,78354,37,4,,0,18,,78362,37,4,,0,55,,78349,37,4,,0,15,,78359,37,4,,0,9,,78386,37,4,,0,11,,78382,37,4,,0,11,,78378,37,4,,0,53,,78375,37,4,,0,15,,78380,37,4,,0,14,,78381,37,4,,0,15,,78377,37,4,,0,55,,78347,37,4,,0,17,,78345,37,4,,0,9,,78374,37,4,,0,11,,78344,37,4,,0,12,,78372,37,4,,0,60,,78351,37,4,,0,25,,78346,37,4,,0,70,,78348,37,4,,0,31,,78368,37,4,,0,69,,78376,37,4,,0,29,,78371,37,4,,0,69,,78358,37,4,,0,26,,78357,37,4,,0,78,,78356,37,4,,0,31,,78350,37,4,,0,68,,78355,37,4,,0,34,,78352,37,4,,0,69,,78385,37,4,,0,10,,78384,37,4,,0,29,,78383,37,4,,0,56,,78364,37,4,,0,21,,78370,37,4,,0,12,,78369,37,4,,0,60,,78373,37,4,,0,14,,78361,37,4,,0,14,,78367,37,4,,0,16,,78366,37,4,,0,51,,78365,37,4,,0,19,,78360,37,4,,0,31,,78379,37,4,,0
667201,'2_merged_15524960',641,,78392,14,4,,0,69,,78397,37,4,,0,31,,78396,37,4,,0,71,,78391,37,4,,0,30,,78394,37,4,,0,70,,78389,37,4,,0,30,,78400,37,4,,0,71,,78387,37,4,,0,30,,78404,37,4,,0,70,,78403,37,4,,0,30,,78399,37,4,,0,69,,78410,37,4,,0,33,,78398,37,4,,0,71,,78409,37,4,,0,31,,78402,37,4,,0,70,,78393,37,4,,0,19,,78408,37,4,,0,20,,78414,37,4,,0,59,,78415,37,4,,0,21,,78416,37,4,,0,20,,78390,37,4,,0,60,,78407,37,4,,0,22,,78401,37,4,,0,20,,78411,37,4,,0,60,,78412,37,4,,0,22,,78413,37,4,,0,61,,78406,37,4,,0,18,,78388,37,4,,0,18,,78417,37,4,,0,20,,78395,37,4,,0,60,,78418,37,4,,0,19,,78405,37,4,,0,17,,78419,37,4,,0
667201,'3_merged_15524959',709,,78421,14,4,,0,30,,78445,37,4,,0,71,,78444,37,4,,0,30,,78425,37,4,,0,70,,78427,37,4,,0,30,,78438,37,4,,0,70,,78428,37,4,,0,30,,78434,37,4,,0,70,,78430,37,4,,0,33,,78437,37,4,,0,69,,78432,37,4,,0,31,,78423,37,4,,0,71,,78433,37,4,,0,30,,78441,37,4,,0,69,,78431,37,4,,0,32,,78426,37,4,,0,70,,78422,37,4,,0,30,,78440,37,4,,0,70,,78439,37,4,,0,30,,78435,37,4,,0,69,,78443,37,4,,0,30,,78436,37,4,,0,69,,78424,37,4,,0,30,,78429,37,4,,0,69,,78442,37,4,,0,30,,78420,37,4,,0
667300,'101_merged_15524965',1600,,78447,1,,,0,46,,78446,1,,,0
667300,'1_merged_15524958',718,,78450,1,,,0,89,,78490,1,,,0,199,,78471,1,,,0,29,,78463,1,,,0,70,,78462,1,,,0,25,,78461,1,,,0,71,,78460,1,,,0,29,,78459,1,,,0,28,,78480,1,,,0,64,,78458,1,,,0,34,,78457,1,,,0,66,,78456,1,,,0,29,,78475,1,,,0,68,,78466,1,,,0,6,,78474,1,,,0,14,,78470,1,,,0,74,,78465,1,,,0,19,,78464,1,,,0,68,,78469,1,,,0,19,,78483,1,,,0,16,,78468,1,,,0,15,,78454,1,,,0,70,,78467,1,,,0
667300,'2_merged_15524960',1006,,78499,1,,,0,24,,78500,1,,,0,75,,78515,1,,,0,32,,78501,1,,,0,65,,78516,1,,,0,30,,78502,1,,,0,73,,78517,1,,,0,29,,78503,1,,,0,72,,78504,1,,,0,32,,78518,1,,,0,71,,78505,1,,,0,31,,78519,1,,,0,76,,78506,1,,,0,34,,78520,1,,,0,68,,78521,1,,,0,29,,78522,1,,,0
667300,'3_merged_15524959',1006,,78530,1,,,0,31,,78546,1,,,0,69,,78531,1,,,0,31,,78555,1,,,0,67,,78532,1,,,0,33,,78554,1,,,0,69,,78533,1,,,0,31,,78553,1,,,0,72,,78534,1,,,0,31,,78552,1,,,0,71,,78535,1,,,0,31,,78551,1,,,0,70,,78536,1,,,0,31,,78550,1,,,0,70,,78537,1,,,0,32,,78538,1,,,0
667301,'1_merged_15524958',713,,78576,42,4,,0,9,,78590,42,4,,0,9,,78602,42,4,,0,16,,78608,42,4,,0,54,,78596,42,4,,0,19,,78567,42,4,,0,22,,78589,42,4,,0,58,,78585,42,4,,0,28,,78606,42,4,,0,77,,78607,42,4,,0,10,,78571,42,4,,0,26,,78570,42,4,,0,62,,78569,42,4,,0,27,,78593,42,4,,0,70,,78594,42,4,,0,32,,78592,42,4,,0,68,,78583,42,4,,0,28,,78591,42,4,,0,73,,78595,42,4,,0,31,,78575,42,4,,0,72,,78580,42,4,,0,24,,78572,42,4,,0,80,,78597,42,4,,0,24,,78603,42,4,,0,26,,78588,42,4,,0,74,,78581,42,4,,0,75,,78599,42,4,,0,8,,78568,42,4,,0,24,,78604,42,4,,0
667301,'2_merged_15524960',955,,78614,42,4,,0,69,,78615,42,4,,0,76,,78616,42,4,,0,32,,78639,42,4,,0,25,,78617,42,4,,0,70,,78635,42,4,,0,78,,78618,42,4,,0,33,,78619,42,4,,0,63,,78641,42,4,,0,32,,78636,42,4,,0,71,,78620,42,4,,0,31,,78640,42,4,,0,73,,78621,42,4,,0,37,,78637,42,4,,0,66,,78622,42,4,,0,31,,78623,42,4,,0,69,,78624,42,4,,0
667301,'3_merged_15524959',955,,78662,42,4,,0,77,,78666,42,4,,0,69,,78648,42,4,,0,31,,78667,42,4,,0,27,,78649,42,4,,0,73,,78668,42,4,,0,69,,78650,42,4,,0,31,,78669,42,4,,0,72,,78651,42,4,,0,31,,78670,42,4,,0,69,,78652,42,4,,0,33,,78671,42,4,,0,70,,78653,42,4,,0,29,,78672,42,4,,0,71,,78654,42,4,,0,30,,78663,42,4,,0
667500,'1_merged_15524958',1639,,78885,1,,,0,67,,78886,1,,,0
667501,'1_merged_15524958',734,,78985,27,4,,0,24,,78987,27,4,,0,73,,78996,27,4,,0,24,,78992,27,4,,0,68,,78997,27,4,,0
1671700,'1_merged_15524958',2025,,99439,1,,,0,28,,99438,1,,,0,66,,99437,1,,,0,30,,99436,1,,,0,70,,99435,1,,,0,31,,99434,1,,,0,70,,99433,1,,,0,31,,99432,1,,,0,70,,99430,1,,,0,30,,99431,1,,,0
1671700,'2_merged_15524960',2017,,99448,1,,,0,31,,99447,1,,,0,71,,99446,1,,,0,31,,99445,1,,,0,70,,99444,1,,,0,29,,99440,1,,,0,70,,99443,1,,,0,33,,99442,1,,,0,101,,99441,1,,,0
1671700,'3_merged_15524959',2023,,99456,1,,,0,29,,99455,1,,,0,68,,99454,1,,,0,31,,99453,1,,,0,71,,99452,1,,,0,29,,99451,1,,,0,70,,99450,1,,,0,27,,99449,1,,,0,70,,99458,1,,,0,30,,99457,1,,,0
1671701,'1_merged_15524958',2020,,99461,49,4,,0,28,,99460,49,4,,0,66,,99459,49,4,,0,30,,99472,49,4,,0,70,,99471,49,4,,0,27,,99470,49,4,,0,70,,99469,48,4,,0,26,,99468,48,4,,0,74,,99467,48,4,,0,29,,99466,48,4,,0,117,,99463,25,4,,0
1671701,'2_merged_15524960',2010,,99475,49,4,,0,29,,99474,49,4,,0,69,,99473,49,4,,0,30,,99485,49,4,,0,71,,99484,49,4,,0,30,,99483,49,4,,0,72,,99482,48,4,,0,27,,99481,48,4,,0,70,,99480,48,4,,0,29,,99479,48,4,,0,169,,99476,25,4,,0
1671701,'3_merged_15524959',2012,,99487,49,4,,0,30,,99500,49,4,,0,70,,99499,49,4,,0,30,,99498,49,4,,0,70,,99497,49,4,,0,28,,99496,49,4,,0,68,,99495,48,4,,0,30,,99494,48,4,,0,70,,99493,48,4,,0,29,,99492,48,4,,0,113,,99488,25,4,,0,67,,99489,48,4,,0
