674101,'1',620,,91431,10,0,88 49,0,16,,91432,10,0,89 90 12,0,13,,91433,10,0,88 49,0,57,,91434,10,,,0,19,,91435,10,,,0,21,,91436,10,,,0,56,,91437,10,,,0,6,,91438,10,0,89 90 12,0,18,,91439,10,,,0,16,,91440,10,,,0,15,,91441,10,,,0,54,,91442,10,,,0,17,,91443,10,,,0,22,,91444,10,,,0,66,,91445,10,,,0,19,,91446,10,,,0,20,,91486,10,,,0,59,,91447,10,,,0,20,,91487,10,,,0,22,,91448,10,,,0,60,,91449,10,,,0,19,,91488,10,,,0,20,,91450,10,,,0,60,,91451,10,,,0,19,,91489,10,,,0,18,,91452,10,,,0,57,,91453,10,,,0,15,,91454,10,,,0,15,,91455,10,,,0,15,,91456,10,,,0,55,,91457,10,,,0,15,,91458,10,,,0,15,,91459,10,0,89 90 12,0,17,,91460,10,,,0,56,,91461,10,,,0,32,,91463,10,0,88 49,0,11,,91464,10,,,0,49,,91465,10,,,0,26,,91467,10,0,88 49,0,71,,91469,10,,,0,33,,91471,10,,,0,15,,91472,10,,,0,52,,91473,10,,,0,20,,91474,10,,,0,20,,91475,10,,,0,60,,91476,10,,,0,20,,91477,10,,,0,20,,91478,10,,,0,60,,91479,10,,,0,23,,91480,10,,,0,31,,91481,10,,,0,70,,91482,10,,,0,110,,91483,10,,,0,94,,91484,10,,,0,180,,91485,10,,,0
674101,'2',540,,91510,10,,,0,90,,91509,10,,,0,90,,91508,10,,,0,21,,91539,10,,,0,60,,91507,10,,,0,20,,91506,10,,,0,20,,91540,10,,,0,60,,91505,10,,,0,20,,91499,10,,,0,20,,91541,10,,,0,60,,91504,10,,,0,20,,91503,10,,,0,20,,91502,10,,,0,60,,91491,10,,,0,23,,91501,10,,,0,19,,91500,10,,,0,61,,91490,10,,,0,19,,91498,10,,,0,20,,91497,10,,,0,60,,91533,10,,,0,20,,91496,10,,,0,20,,91495,10,,,0,60,,91532,10,,,0,20,,91494,10,,,0,20,,91493,10,,,0,15,,91538,10,,,0,55,,91531,10,,,0,15,,91492,10,,,0,15,,91527,10,,,0,15,,91530,10,,,0,55,,91534,10,,,0,15,,91526,10,,,0,15,,91525,10,,,0,15,,91529,10,,,0,54,,91535,10,,,0,15,,91524,10,,,0,15,,91523,10,,,0,15,,91528,10,,,0,55,,91536,10,,,0,15,,91522,10,,,0,15,,91521,10,,,0,13,,91537,10,,,0,60,,91520,10,,,0,32,,91519,10,,,0,70,,91518,10,,,0,31,,91517,10,,,0,70,,91516,10,,,0,34,,91515,10,,,0,77,,91514,10,,,0,100,,91513,10,,,0,110,,91512,10,,,0,166,,91511,10,,,0
674101,'3',538,,91562,10,,,0,88,,91561,10,,,0,90,,91560,10,,,0,30,,91559,10,,,0,70,,91558,10,,,0,22,,91591,10,,,0,19,,91557,10,,,0,60,,91551,10,,,0,20,,91592,10,,,0,20,,91556,10,,,0,60,,91555,10,,,0,20,,91554,10,,,0,20,,91543,10,,,0,60,,91553,10,,,0,21,,91552,10,,,0,20,,91542,10,,,0,60,,91550,10,,,0,20,,91549,10,,,0,20,,91585,10,,,0,60,,91548,10,,,0,20,,91547,10,,,0,20,,91584,10,,,0,60,,91546,10,,,0,22,,91545,10,,,0,60,,91583,10,,,0,17,,91544,10,,,0,14,,91586,10,,,0,15,,91579,10,,,0,55,,91582,10,,,0,17,,91578,10,,,0,15,,91587,10,,,0,15,,91577,10,,,0,55,,91581,10,,,0,15,,91576,10,,,0,14,,91588,10,,,0,15,,91575,10,,,0,55,,91580,10,,,0,15,,91574,10,,,0,16,,91589,10,,,0,19,,91573,10,,,0,60,,91572,10,,,0,20,,91590,10,,,0,19,,91571,10,,,0,67,,91570,10,,,0,30,,91569,10,,,0,70,,91568,10,,,0,34,,91567,10,,,0,77,,91566,10,,,0,100,,91565,10,,,0,110,,91564,10,,,0,164,,91563,10,,,0
682201,'1',605,,96148,34,,,0,20,,96159,34,,,0,15,,96138,35,,,0,5,,96164,34,,,0,55,,96149,34,,,0,20,,96165,34,,,0,24,,96168,34,,,0,59,,96169,34,,,0,26,,96150,34,,,0,23,,96166,34,,,0,70,,96151,34,,,0,28,,96143,34,,,0,69,,96152,34,,,0,30,,96144,34,,,0,64,,96153,34,,,0,30,,96145,34,,,0,71,,96154,34,,,0,35,,96146,34,,,0,71,,96155,34,,,0,30,,96147,34,,,0,77,,96156,34,,,0,26,,96163,34,,,0,51,,96140,35,,,0,10,,96170,34,,,0,20,,96157,34,,,0,22,,96167,34,,,0,62,,96171,34,,,0,22,,96160,34,,,0,9,,96139,35,,,0,55,,96141,34,,,0,18,,96172,34,,,0,18,,96161,34,,,0,60,,96142,34,,,0,20,,96173,34,,,0,20,,96162,34,,,0,63,,96158,34,,,0,23,,96174,34,,,0,30,,96175,34,,,0,80,,96176,34,,,0,77,,96177,34,,,0,100,,96178,34,,,0
682201,'2',716,,96192,34,,,0,35,,96193,34,,,0,60,,96207,35,,,0,11,,96189,34,,,0,30,,96180,34,,,0,70,,96179,34,,,0,30,,96191,34,,,0,70,,96194,34,,,0,30,,96181,34,,,0,70,,96195,34,,,0,30,,96182,34,,,0,70,,96196,34,,,0,31,,96183,34,,,0,70,,96197,34,,,0,30,,96184,34,,,0,55,,96208,35,,,0,17,,96198,34,,,0,29,,96185,34,,,0,71,,96199,34,,,0,33,,96186,34,,,0,48,,96209,35,,,0,21,,96200,34,,,0,32,,96187,34,,,0,71,,96201,34,,,0,72,,96188,34,,,0,29,,96202,34,,,0,27,,96190,34,,,0,70,,96203,34,,,0,27,,96204,34,,,0,67,,96205,34,,,0,31,,96206,34,,,0,100,,96210,34,,,0
682201,'3',744,,96223,34,,,0,71,,96238,35,,,0,6,,96212,34,,,0,30,,96213,34,,,0,70,,96211,34,,,0,30,,96214,34,,,0,70,,96225,34,,,0,30,,96215,34,,,0,70,,96226,34,,,0,30,,96216,34,,,0,70,,96227,34,,,0,30,,96217,34,,,0,70,,96228,34,,,0,29,,96218,34,,,0,7,,96239,35,,,0,64,,96229,34,,,0,30,,96219,34,,,0,70,,96230,34,,,0,31,,96220,34,,,0,48,,96240,35,,,0,25,,96231,34,,,0,30,,96221,34,,,0,71,,96232,34,,,0,28,,96222,34,,,0,68,,96233,34,,,0,31,,96224,34,,,0,69,,96234,34,,,0,29,,96235,34,,,0,70,,96236,34,,,0,32,,96237,34,,,0,100,,96241,34,,,0
682500,'1',812,,96364,6,,,0,96,,96366,6,,,0,100,,96369,6,,,0,100,,96371,6,,,0,100,,96372,6,,,0,100,,96374,6,,,0,100,,96376,6,,,0,100,,96379,6,,,0,100,,96381,6,,,0,100,,96384,6,,,0,100,,96362,6,,,0,100,,96363,6,,,0
682500,'2',913,,96391,6,,,0,100,,96389,6,,,0,100,,96387,6,,,0,100,,96385,6,,,0,100,,96404,6,,,0,100,,96402,6,,,0,100,,96400,6,,,0,100,,96398,6,,,0,99,,96396,6,,,0,100,,96394,6,,,0,101,,96392,6,,,0
682500,'3',943,,96406,6,,,0,80,,96407,6,,,0,80,,96408,6,,,0,40,,96409,6,,,0,80,,96410,6,,,0,80,,96411,6,,,0,40,,96412,6,,,0,80,,96413,6,,,0,80,,96414,6,,,0,40,,96415,6,,,0,80,,96416,6,,,0,80,,96417,6,,,0,40,,96418,6,,,0,80,,96419,6,,,0
1169601,'1',451,,99036,6,,,0,70,,99037,6,,,0,30,,99038,6,,,0,70,,99039,6,,,0,31,,99040,6,,,0,70,,99041,6,,,0,30,,99042,6,,,0,70,,99043,6,,,0,30,,99044,6,,,0,70,,99064,6,,,0,30,,99045,6,,,0,70,,99065,6,,,0,30,,99046,6,,,0,70,,99066,6,,,0,30,,99047,6,,,0,70,,99067,6,,,0,30,,99048,6,,,0,70,,99068,6,,,0,30,,99049,6,,,0,70,,99069,6,,,0,30,,99050,6,,,0,70,,99061,6,,,0,30,,99051,6,,,0,70,,99052,6,,,0,30,,99053,6,,,0,70,,99054,6,,,0,30,,99055,6,,,0,70,,99056,6,,,0,29,,99057,6,,,0,70,,99070,6,,,0,30,,99058,6,,,0,70,,99071,6,,,0,30,,99059,6,,,0,70,,99072,6,,,0,30,,99060,6,,,0,70,,99073,6,,,0,30,,99062,6,,,0,70,,99074,6,,,0,30,,99063,6,,,0
1169601,'2',616,,99075,6,,,0,30,,99076,6,,,0,70,,99103,6,,,0,30,,99077,6,,,0,70,,99078,6,,,0,31,,99104,6,,,0,70,,99079,6,,,0,30,,99080,6,,,0,70,,99081,6,,,0,30,,99082,6,,,0,70,,99083,6,,,0,30,,99084,6,,,0,70,,99085,6,,,0,30,,99086,6,,,0,70,,99087,6,,,0,30,,99088,6,,,0,70,,99089,6,,,0,30,,99090,6,,,0,68,,99091,6,,,0,32,,99092,6,,,0,70,,99093,6,,,0,30,,99094,6,,,0,70,,99095,6,,,0,30,,99096,6,,,0,70,,99097,6,,,0,30,,99098,6,,,0,70,,99099,6,,,0,30,,99100,6,,,0,70,,99105,6,,,0,30,,99101,6,,,0,70,,99106,6,,,0,30,,99102,6,,,0
1169601,'3',646,,99107,6,,,0,70,,99131,6,,,0,30,,99108,6,,,0,70,,99109,6,,,0,30,,99132,6,,,0,71,,99110,6,,,0,30,,99111,6,,,0,70,,99112,6,,,0,30,,99113,6,,,0,70,,99114,6,,,0,30,,99115,6,,,0,70,,99116,6,,,0,30,,99117,6,,,0,70,,99118,6,,,0,30,,99119,6,,,0,70,,99120,6,,,0,28,,99121,6,,,0,73,,99122,6,,,0,29,,99123,6,,,0,71,,99124,6,,,0,29,,99125,6,,,0,70,,99126,6,,,0,30,,99127,6,,,0,70,,99128,6,,,0,30,,99129,6,,,0,70,,99133,6,,,0,30,,99130,6,,,0,70,,99134,6,,,0,29,,99135,6,,,0
