672601,'1',641,,30844,,,0,71,,30845,,,0,32,,30846,,,0,71,,30847,,,0,30,,30848,,,0,76,,30849,,,0,32,,30850,,,0,64,,30851,,,0,26,,30852,,,0,77,,30853,,,0,30,,30854,,,0,68,,30855,,,0,25,,30856,,,0,80,,30857,,,0,34,,30858,,,0,71,,30859,,,0,21,,30860,,,0,64,,30861,,,0,35,,30862,,,0,69,,30863,,,0,36,,30864,,,0,64,,30865,,,0,30,,30866,,,0,71,,30867,,,0,33,,30868,,,0,69,,30869,,,0,30,,30870,,,0,71,,30837,,,0,35,,30842,0,34 8,0,65,,30838,0,34 8,0,35,,30839,0,34 8,0,147,,30841,0,34 8,0,109,,30840,0,34 8,0
672601,'2',658,,30891,,,0,100,,30878,,,0,71,,30893,,,0,29,,30894,,,0,69,,30892,,,0,30,,30895,,,0,68,,30876,,,0,28,,30896,,,0,68,,30877,,,0,28,,30897,,,0,71,,30879,,,0,31,,30898,,,0,68,,30880,,,0,28,,30899,,,0,70,,30882,,,0,30,,30883,,,0,70,,30900,,,0,30,,30871,,,0,70,,30890,,,0,31,,30872,,,0,72,,30881,,,0,33,,30873,,,0,71,,30885,,,0,31,,30874,,,0,68,,30884,,,0,34,,30875,,,0,150,,30886,0,34 8,0,97,,30887,0,34 8,0,99,,30888,0,34 8,0,104,,30889,0,34 8,0
672601,'3',810,,30927,,,0,38,,30917,,,0,70,,30901,,,0,37,,30918,,,0,74,,30914,,,0,77,,30919,,,0,33,,30909,,,0,63,,30920,,,0,31,,30902,,,0,67,,30921,,,0,29,,30903,,,0,72,,30926,,,0,29,,30913,,,0,70,,30922,,,0,29,,30904,,,0,28,,30923,,,0,69,,30905,,,0,32,,30924,,,0,68,,30906,,,0,30,,30925,,,0,70,,30907,,,0,88,,30910,0,34 8,0,100,,30908,0,34 8,0,99,,30911,0,34 8,0,101,,30912,0,34 8,0,104,,30915,0,34 8,0,101,,30916,0,34 8,0
672701,'1',636,,31050,,,0,20,,31042,,,0,59,,31070,,,0,24,,31071,,,0,62,,31072,,,0,18,,31073,,,0,27,,31074,,,0,65,,31075,,,0,24,,31076,,,0,68,,31077,,,0,30,,31078,,,0,71,,31079,,,0,100,,31081,,,0,100,,31083,,,0,111,,31085,,,0,86,,31087,,,0,24,,31043,,,0,20,,31051,,,0,8,,31052,,,0,66,,31053,,,0,15,,31054,,,0,22,,31055,,,0,64,,31057,,,0,17,,31056,,,0,17,,31058,,,0,65,,31059,,,0,11,,31060,,,0,70,,31061,,,0,20,,31062,,,0,21,,31063,,,0,63,,31064,,,0,22,,31065,,,0,26,,31066,,,0,68,,31067,,,0,31,,31068,,,0,74,,31069,,,0,83,,31044,,,0,26,,31045,,,0,81,,31048,,,0,92,,31046,,,0,97,,31047,,,0
672701,'101',1527,,31088,0,35 8,0
672701,'2',733,,31119,,,0,113,,31122,,,0,102,,31101,,,0,104,,31110,,,0,104,,31112,,,0,101,,31114,,,0,144,,31123,,,0,104,,31092,,,0,101,,31106,,,0,103,,31105,,,0,94,,31108,,,0,53,,31102,,,0,101,,31089,,,0,70,,31096,,,0,30,,31091,,,0,70,,31103,,,0,28,,31097,,,0,68,,31100,,,0,107,,31098,,,0,78,,31116,,,0,101,,31120,,,0,93,,31117,0,35 8,0
672701,'3',754,,31135,,,0,99,,31132,,,0,102,,31148,,,0,93,,31144,,,0,97,,31127,,,0,93,,31136,,,0,103,,31138,,,0,100,,31140,,,0,100,,31131,,,0,100,,31143,,,0,105,,31134,,,0,80,,31126,,,0,31,,31125,,,0,70,,31155,,,0,28,,31145,,,0,70,,31147,,,0,29,,31128,,,0,67,,31149,,,0,30,,31150,,,0,70,,31151,,,0,92,,31152,,,0,96,,31133,,,0,97,,31156,,,0,96,,31154,0,35 8,0
673001,'1',557,,31849,,,0,52,,31850,,,0,11,,31851,,,0,12,,31852,,,0,10,,31853,,,0,10,,31854,,,0,50,,31855,,,0,10,,31856,,,0,10,,31857,,,0,10,,31858,,,0,10,,31859,,,0,9,,31899,,,0,49,,31860,,,0,9,,31861,,,0,9,,31862,,,0,10,,31863,,,0,10,,31864,,,0,10,,31865,,,0,10,,31866,,,0,50,,31867,,,0,10,,31900,,,0,10,,31868,,,0,12,,31869,,,0,15,,31870,,,0,55,,31871,,,0,15,,31872,,,0,19,,31873,,,0,59,,31874,,,0,20,,31875,,,0,19,,31876,,,0,59,,31877,,,0,19,,31878,,,0,20,,31879,,,0,60,,31880,,,0,20,,31881,,,0,20,,31882,,,0,60,,31883,,,0,20,,31884,,,0,20,,31885,,,0,61,,31886,,,0,20,,31887,,,0,20,,31888,,,0,59,,31889,,,0,19,,31890,,,0,17,,31891,,,0,16,,31892,,,0,53,,31893,,,0,12,,31894,,,0,12,,31895,,,0,12,,31896,,,0,12,,31897,,,0,52,,31898,,,0,12,,31834,,,0,12,,31835,,,0,12,,31836,,,0,12,,31837,,,0,53,,31838,,,0,12,,31839,,,0,13,,31840,,,0,13,,31841,,,0,57,,31842,,,0,20,,31843,,,0,20,,31844,,,0,69,,31845,,,0,30,,31846,,,0,70,,31847,,,0,32,,31848,,,0
673001,'2',719,,31901,,,0,20,,31948,,,0,20,,31918,,,0,60,,31930,,,0,21,,31915,,,0,61,,31917,,,0,20,,31914,,,0,20,,31931,,,0,59,,31928,,,0,20,,31913,,,0,20,,31932,,,0,60,,31927,,,0,22,,31933,,,0,22,,31912,,,0,59,,31916,,,0,20,,31934,,,0,20,,31911,,,0,58,,31926,,,0,15,,31935,,,0,15,,31910,,,0,15,,31945,,,0,55,,31925,,,0,15,,31936,,,0,16,,31909,,,0,15,,31946,,,0,56,,31937,,,0,15,,31924,,,0,15,,31908,,,0,15,,31947,,,0,56,,31938,,,0,16,,31923,,,0,15,,31942,,,0,15,,31907,,,0,55,,31939,,,0,15,,31922,,,0,15,,31943,,,0,15,,31902,,,0,55,,31940,,,0,15,,31921,,,0,15,,31906,,,0,20,,31944,,,0,60,,31941,,,0,19,,31920,,,0,70,,31919,,,0,26,,31905,,,0,77,,31929,,,0,30,,31903,,,0,72,,31904,,,0,113,,31949,,,0
673001,'3',821,,31988,,,0,20,,31962,,,0,62,,31964,,,0,20,,31961,,,0,21,,31976,,,0,62,,31974,,,0,21,,31960,,,0,17,,31977,,,0,60,,31973,,,0,20,,31978,,,0,21,,31959,,,0,59,,31963,,,0,20,,31979,,,0,20,,31958,,,0,60,,31972,,,0,21,,31980,,,0,21,,31957,,,0,60,,31971,,,0,20,,31981,,,0,16,,31989,,,0,15,,31956,,,0,55,,31982,,,0,16,,31970,,,0,15,,31990,,,0,15,,31955,,,0,54,,31983,,,0,13,,31969,,,0,14,,31991,,,0,14,,31954,,,0,55,,31984,,,0,14,,31968,,,0,13,,31992,,,0,15,,31950,,,0,55,,31985,,,0,17,,31967,,,0,21,,31953,,,0,60,,31986,,,0,20,,31966,,,0,20,,31987,,,0,60,,31965,,,0,20,,31993,,,0,20,,31952,,,0,66,,31975,,,0,24,,31951,,,0,83,,31994,,,0,98,,31995,,,0
682901,'1',646,,38245,,,0,73,,38244,,,0,35,,38243,,,0,81,,38242,,,0,75,,38241,,,0,38,,38240,,,0,77,,38239,,,0,529,,38246,,,0,75,,38238,,,0,77,,38237,,,0,36,,38236,,,0,76,,38234,,,0,33,,38235,,,0,73,,38233,,,0
