661901,'1',736,,4107,4,,0,16,,4109,4,,0,58,,4111,4,,0,15,,4113,4,,0,22,,4116,4,,0,55,,4118,4,,0,16,,4120,4,,0,22,,4123,4,,0,16,,4125,4,,0,57,,4127,4,,0,18,,4129,4,,0,22,,4131,4,,0,64,,4133,4,,0,24,,4135,4,,0,64,,4137,4,,0,24,,4139,4,,0,24,,4141,4,,0,64,,4143,4,,0,23,,4145,4,,0,66,,4147,4,,0,13,,4148,4,,0,33,,4151,4,,0,57,,4153,4,,0,17,,4155,4,,0,16,,4157,4,,0,64,,4160,4,,0,15,,4162,4,,0,12,,4164,4,,0,14,,4166,4,,0,53,,4168,4,,0,20,,4171,4,,0,16,,4173,4,,0,15,,4175,4,,0,59,,4178,4,,0,128,,4189,4,,0,471,,4208,4,,0,40,,4211,4,,0,56,,4212,4,,0,13,,4213,4,,0,11,,4214,4,,0,20,,4215,4,,0,57,,4216,4,,0,13,,4217,4,,0,31,,4218,4,,0
661901,'101',1553,,4219,4,,0
661901,'2',1909,,4287,4,,0,46,,4291,4,,0,497,,4312,4,,0,51,,4313,4,,0,16,,4314,4,,0,13,,4315,4,,0,16,,4316,4,,0,53,,4317,4,,0,21,,4318,4,,0,29,,4319,4,,0
661901,'3',1836,,4384,4,,0,71,,4387,4,,0,542,,4411,4,,0,53,,4412,4,,0,19,,4413,4,,0,20,,4414,4,,0,62,,4415,4,,0,19,,4416,4,,0,23,,4417,4,,0
662001,'1',449,,4698,,,0,60,,4699,,,0,22,,4700,,,0,20,,4701,,,0,57,,4734,,,0,13,,4717,,,0,15,,4690,,,0,14,,4691,,,0,52,,4692,,,0,12,,4693,,,0,12,,4694,,,0,12,,4695,,,0,12,,4702,,,0,52,,4703,,,0,10,,4704,,,0,10,,4705,,,0,10,,4706,,,0,10,,4707,,,0,11,,4708,,,0,50,,4709,,,0,10,,4710,,,0,10,,4711,,,0,12,,4728,,,0,14,,4732,,,0,55,,4731,,,0,16,,4733,,,0,15,,4712,,,0,15,,4713,,,0,55,,4716,,,0,17,,4714,,,0,15,,4715,,,0,15,,4718,,,0,55,,4719,,,0,15,,4720,,,0,15,,4721,,,0,15,,4722,,,0,55,,4723,,,0,15,,4724,,,0,15,,4725,,,0,15,,4729,,,0,55,,4727,,,0,15,,4689,,,0,15,,4730,,,0,15,,4735,,,0,55,,4696,,,0,14,,4676,,,0,14,,4726,,,0,15,,4741,,,0,55,,4742,,,0,12,,4743,,,0,12,,4673,,,0,13,,4674,,,0,13,,4675,,,0,52,,4677,,,0,14,,4678,,,0,12,,4679,,,0,12,,4680,,,0,12,,4681,,,0,53,,4682,,,0,12,,4740,,,0,13,,4683,,,0,14,,4684,,,0,53,,4685,,,0,15,,4686,,,0,14,,4697,,,0,15,,4736,,,0,56,,4687,,,0,15,,4688,,,0,15,,4737,,,0,15,,4738,,,0,53,,4739,,,0
662001,'152201',2115,,4744,,,0,16,,4751,,,0,15,,4752,,,0,55,,4753,,,0,15,,4754,,,0,20,,4756,,,0,20,,4755,,,0,58,,4749,,,0,20,,4757,,,0,20,,4745,,,0,69,,4750,,,0,30,,4747,,,0,70,,4746,0,18 17,0,30,,4748,0,18 17,0
662001,'152301',2115,,4758,,,0,16,,4759,,,0,15,,4760,,,0,55,,4761,,,0,15,,4762,,,0,20,,4763,,,0,20,,4764,,,0,58,,4765,,,0,20,,4766,,,0,20,,4767,,,0,69,,4768,,,0,30,,4769,,,0,70,,4770,0,18 17,0,30,,4771,0,18 17,0
662001,'2',520,,4772,,,0,20,,4773,,,0,19,,4774,,,0,61,,4775,,,0,21,,4776,,,0,60,,4777,,,0,16,,4778,,,0,15,,4779,,,0,14,,4780,,,0,54,,4781,,,0,15,,4782,,,0,16,,4783,,,0,16,,4784,,,0,55,,4785,,,0,15,,4786,,,0,15,,4787,,,0,15,,4788,,,0,55,,4789,,,0,16,,4790,,,0,15,,4791,,,0,15,,4792,,,0,55,,4793,,,0,16,,4794,,,0,15,,4795,,,0,15,,4796,,,0,55,,4797,,,0,15,,4798,,,0,15,,4799,,,0,16,,4800,,,0,55,,4801,,,0,15,,4802,,,0,15,,4803,,,0,15,,4804,,,0,55,,4805,,,0,15,,4806,,,0,15,,4807,,,0,16,,4808,,,0,55,,4809,,,0,15,,4810,,,0,15,,4811,,,0,15,,4812,,,0,55,,4813,,,0,14,,4814,,,0,15,,4815,,,0,15,,4816,,,0,55,,4817,,,0,15,,4818,,,0,15,,4819,,,0,15,,4820,,,0,55,,4821,,,0,15,,4822,,,0,15,,4823,,,0,15,,4824,,,0,55,,4825,,,0,15,,4826,,,0,15,,4827,,,0,15,,4828,,,0,55,,4829,,,0,13,,4830,,,0,15,,4831,,,0,14,,4832,,,0,54,,4833,,,0,14,,4834,,,0,19,,4835,,,0,20,,4836,,,0,60,,4837,,,0,20,,4838,,,0,20,,4839,,,0,60,,4840,,,0,22,,4841,,,0,20,,4842,,,0,68,,4843,,,0,30,,4844,,,0,70,,4845,0,18 17,0,30,,4846,0,18 17,0
662001,'3',606,,4847,,,0,20,,4848,,,0,20,,4849,,,0,60,,4850,,,0,20,,4851,,,0,21,,4852,,,0,60,,4853,,,0,15,,4854,,,0,14,,4855,,,0,15,,4856,,,0,56,,4857,,,0,15,,4858,,,0,15,,4859,,,0,16,,4860,,,0,55,,4861,,,0,15,,4862,,,0,13,,4863,,,0,14,,4864,,,0,55,,4865,,,0,16,,4866,,,0,15,,4867,,,0,15,,4868,,,0,55,,4869,,,0,15,,4870,,,0,15,,4871,,,0,16,,4872,,,0,55,,4873,,,0,15,,4874,,,0,15,,4875,,,0,15,,4876,,,0,55,,4877,,,0,15,,4878,,,0,15,,4879,,,0,16,,4880,,,0,55,,4881,,,0,15,,4882,,,0,15,,4883,,,0,15,,4884,,,0,55,,4885,,,0,15,,4886,,,0,15,,4887,,,0,16,,4888,,,0,55,,4889,,,0,13,,4890,,,0,15,,4891,,,0,15,,4892,,,0,55,,4893,,,0,15,,4894,,,0,15,,4895,,,0,14,,4896,,,0,55,,4897,,,0,15,,4898,,,0,15,,4899,,,0,15,,4900,,,0,56,,4901,,,0,15,,4902,,,0,15,,4903,,,0,15,,4904,,,0,55,,4905,,,0,18,,4906,,,0,20,,4907,,,0,60,,4908,,,0,19,,4909,,,0,20,,4910,,,0,60,,4911,,,0,19,,4912,,,0,20,,4913,,,0,60,,4914,,,0,18,,4915,,,0,30,,4916,,,0,70,,4917,0,18 17,0,30,,4918,0,18 17,0
662201,'1',552,,5607,,,0,57,,5608,,,0,17,,5609,,,0,21,,5610,,,0,12,,5611,,,0,52,,5612,,,0,13,,5613,,,0,14,,5614,,,0,13,,5615,,,0,53,,5616,,,0,12,,5617,,,0,12,,5618,,,0,13,,5619,,,0,12,,5620,,,0,54,,5621,,,0,11,,5622,,,0,10,,5623,,,0,10,,5624,,,0,10,,5625,,,0,10,,5626,,,0,50,,5683,,,0,10,,5627,,,0,12,,5628,,,0,12,,5629,,,0,13,,5630,,,0,52,,5685,,,0,12,,5631,,,0,12,,5632,,,0,12,,5633,,,0,13,,5634,,,0,52,,5686,,,0,12,,5635,,,0,12,,5636,,,0,12,,5637,,,0,12,,5638,,,0,52,,5687,,,0,12,,5639,,,0,12,,5640,,,0,12,,5641,,,0,12,,5642,,,0,52,,5688,,,0,12,,5643,,,0,12,,5644,,,0,12,,5645,,,0,12,,5646,,,0,52,,5647,,,0,15,,5648,,,0,12,,5649,,,0,12,,5650,,,0,12,,5651,,,0,51,,5652,,,0,8,,5653,,,0,8,,5654,,,0,8,,5655,,,0,7,,5656,,,0,16,,5657,,,0,48,,5658,,,0,7,,5659,,,0,8,,5660,,,0,7,,5661,,,0,8,,5662,,,0,5,,5663,,,0,8,,5684,,,0,7,,5664,,,0,48,,5665,,,0,8,,5666,,,0,8,,5667,,,0,8,,5668,,,0,8,,5669,,,0,6,,5670,,,0,9,,5671,,,0,50,,5672,,,0,10,,5673,,,0,10,,5674,,,0,12,,5675,,,0,12,,5676,,,0,13,,5677,,,0,55,,5678,,,0,15,,5679,,,0,15,,5680,,,0,12,,5681,,,0,55,,5682,,,0
662201,'101',1649,,5689,,,0
662201,'152201',2124,,5690,,,0,16,,5691,,,0,15,,5692,,,0,60,,5693,,,0,20,,5694,,,0,20,,5695,,,0,61,,5696,,,0,20,,5697,,,0,18,,5698,,,0,67,,5699,,,0,31,,5700,,,0,70,,5701,,,0,30,,5702,,,0
662201,'152301',2124,,5703,,,0,16,,5704,,,0,15,,5705,,,0,60,,5706,,,0,20,,5707,,,0,20,,5708,,,0,61,,5709,,,0,20,,5710,,,0,18,,5711,,,0,67,,5712,,,0,31,,5713,,,0,70,,5714,,,0,30,,5715,,,0
662201,'2',554,,5777,,,0,60,,5725,,,0,20,,5787,,,0,22,,5785,,,0,59,,5721,,,0,16,,5718,,,0,17,,5780,,,0,55,,5726,,,0,15,,5784,,,0,17,,5723,,,0,17,,5716,,,0,55,,5781,,,0,16,,5779,,,0,15,,5794,,,0,17,,5722,,,0,55,,5790,,,0,18,,5717,,,0,15,,5727,,,0,13,,5734,,,0,52,,5800,,,0,12,,5735,,,0,12,,5736,,,0,12,,5737,,,0,15,,5746,,,0,52,,5801,,,0,11,,5739,,,0,12,,5783,,,0,12,,5740,,,0,54,,5741,,,0,12,,5802,,,0,12,,5742,,,0,12,,5743,,,0,12,,5744,,,0,52,,5745,,,0,12,,5747,,,0,12,,5748,,,0,12,,5749,,,0,11,,5750,,,0,10,,5751,,,0,49,,5752,,,0,9,,5753,,,0,8,,5795,,,0,10,,5754,,,0,10,,5755,,,0,12,,5756,,,0,50,,5757,,,0,10,,5758,,,0,10,,5798,,,0,10,,5759,,,0,10,,5760,,,0,10,,5761,,,0,50,,5762,,,0,10,,5763,,,0,10,,5796,,,0,10,,5764,,,0,9,,5765,,,0,10,,5766,,,0,50,,5767,,,0,11,,5768,,,0,10,,5797,,,0,10,,5769,,,0,10,,5770,,,0,9,,5771,,,0,50,,5772,,,0,10,,5773,,,0,9,,5774,,,0,12,,5799,,,0,12,,5775,,,0,12,,5728,,,0,56,,5729,,,0,14,,5738,,,0,16,,5730,,,0,13,,5731,,,0,54,,5732,,,0,15,,5733,,,0,15,,5793,,,0,17,,5724,,,0,60,,5720,,,0,20,,5778,,,0,20,,5788,,,0,61,,5792,,,0,20,,5776,,,0,18,,5789,,,0,66,,5719,,,0,30,,5782,,,0,70,,5786,,,0,28,,5791,,,0
662201,'201',1649,,5803,,,0
662201,'3',644,,5804,,,0,61,,5805,,,0,19,,5806,,,0,21,,5807,,,0,62,,5808,,,0,22,,5809,,,0,19,,5810,,,0,56,,5811,,,0,17,,5812,,,0,17,,5813,,,0,15,,5814,,,0,55,,5815,,,0,16,,5816,,,0,15,,5817,,,0,16,,5818,,,0,55,,5819,,,0,13,,5820,,,0,13,,5821,,,0,14,,5822,,,0,52,,5823,,,0,12,,5824,,,0,12,,5825,,,0,12,,5826,,,0,16,,5827,,,0,52,,5828,,,0,12,,5829,,,0,12,,5830,,,0,12,,5831,,,0,12,,5832,,,0,52,,5833,,,0,12,,5834,,,0,9,,5835,,,0,12,,5836,,,0,12,,5837,,,0,52,,5838,,,0,12,,5839,,,0,12,,5840,,,0,12,,5841,,,0,13,,5842,,,0,52,,5843,,,0,12,,5844,,,0,12,,5845,,,0,12,,5846,,,0,12,,5847,,,0,52,,5848,,,0,12,,5849,,,0,12,,5850,,,0,11,,5851,,,0,14,,5852,,,0,54,,5853,,,0,14,,5854,,,0,15,,5855,,,0,14,,5856,,,0,55,,5857,,,0,15,,5858,,,0,15,,5859,,,0,14,,5860,,,0,55,,5861,,,0,15,,5862,,,0,17,,5863,,,0,20,,5864,,,0,59,,5865,,,0,20,,5866,,,0,19,,5867,,,0,60,,5868,,,0,20,,5869,,,0,18,,5870,,,0,60,,5871,,,0,20,,5872,,,0,19,,5873,,,0,67,,5874,,,0,32,,5875,,,0,70,,5876,,,0,30,,5877,,,0
683001,'1',2619,,38267,,,0,31,,38268,,,0,70,,38269,,,0,30,,38270,,,0,70,,38271,,,0,29,,38272,,,0
683001,'2',2622,,38278,,,0,34,,38274,,,0,70,,38273,,,0,30,,38277,,,0,72,,38276,,,0,74,,38275,,,0
683001,'3',2619,,38280,,,0,30,,38279,,,0,70,,38284,,,0,30,,38283,,,0,70,,38282,,,0,40,,38281,,,0
