670000,'1',544,,24643,,,0,56,,24652,,,0,15,,24667,,,0,16,,24677,,,0,15,,24636,,,0,55,,24668,,,0,15,,24654,,,0,30,,24676,,,0,59,,24647,,,0,20,,24645,,,0,20,,24662,,,0,59,,24678,,,0,19,,24634,,,0,20,,24637,,,0,66,,24655,,,0,30,,24665,,,0,72,,24635,,,0,30,,24631,,,0,70,,24663,,,0,30,,24657,,,0,70,,24664,,,0,30,,24649,,,0,70,,24633,,,0,30,,24669,,,0,71,,24675,,,0,20,,24644,,,0,20,,24661,,,0,60,,24659,,,0,19,,24656,,,0,20,,24642,,,0,60,,24641,,,0,20,,24640,,,0,24,,24639,,,0,69,,24646,,,0,29,,24666,,,0,69,,24658,,,0,30,,24648,,,0,70,,24670,,,0,29,,24651,,,0,69,,24671,,,0,30,,24650,,,0,69,,24672,,,0,30,,24638,,,0,68,,24673,,,0,30,,24653,,,0,69,,24674,,,0,30,,24632,,,0,78,,24660,,,0
670000,'101',731,,24679,,,0
670000,'2',552,,24713,,,0,68,,24714,,,0,18,,24720,,,0,19,,24715,,,0,69,,24700,,,0,30,,24684,,,0,70,,24699,,,0,30,,24683,,,0,69,,24698,,,0,28,,24697,,,0,70,,24696,,,0,30,,24695,,,0,71,,24694,,,0,32,,24693,,,0,70,,24692,,,0,30,,24701,,,0,70,,24691,,,0,30,,24690,,,0,70,,24689,,,0,29,,24688,,,0,70,,24687,,,0,30,,24686,,,0,70,,24685,,,0,30,,24712,,,0,70,,24711,,,0,30,,24710,,,0,69,,24709,,,0,30,,24682,,,0,69,,24708,,,0,30,,24681,,,0,70,,24707,,,0,29,,24680,,,0,70,,24706,,,0,30,,24716,,,0,69,,24705,,,0,30,,24717,,,0,69,,24704,,,0,37,,24718,,,0,70,,24703,,,0,32,,24719,,,0,75,,24702,,,0
670000,'201',731,,24721,,,0
670000,'3',751,,24753,,,0,71,,24736,,,0,30,,24749,,,0,70,,24740,,,0,30,,24732,,,0,70,,24737,,,0,30,,24733,,,0,70,,24726,,,0,30,,24738,,,0,70,,24729,,,0,30,,24730,,,0,72,,24731,,,0,30,,24739,,,0,70,,24728,,,0,30,,24748,,,0,70,,24742,,,0,31,,24743,,,0,70,,24747,,,0,30,,24744,,,0,70,,24745,,,0,28,,24735,,,0,70,,24741,,,0,29,,24722,,,0,70,,24723,,,0,30,,24750,,,0,70,,24724,,,0,30,,24751,,,0,70,,24727,,,0,30,,24752,,,0,68,,24725,,,0,97,,24746,,,0,109,,24734,,,0
670300,'1',452,,25206,,,0,50,,25273,,,0,10,,25207,,,0,12,,25208,,,0,10,,25209,,,0,11,,25185,,,0,10,,25284,,,0,50,,25204,,,0,11,,25205,,,0,10,,25274,,,0,10,,25210,,,0,10,,25275,,,0,10,,25211,,,0,50,,25212,,,0,10,,25186,,,0,10,,25277,,,0,10,,25213,,,0,10,,25214,,,0,11,,25215,,,0,50,,25216,,,0,11,,25280,,,0,10,,25187,,,0,10,,25188,,,0,10,,25283,,,0,10,,25282,,,0,50,,25240,,,0,10,,25241,,,0,13,,25242,,,0,15,,25243,,,0,55,,25244,,,0,15,,25245,,,0,15,,25246,,,0,15,,25247,,,0,56,,25248,,,0,15,,25249,,,0,15,,25250,,,0,15,,25251,,,0,56,,25252,,,0,15,,25253,,,0,16,,25254,,,0,15,,25255,,,0,55,,25256,,,0,15,,25257,,,0,15,,25258,,,0,15,,25259,,,0,55,,25260,,,0,15,,25261,,,0,15,,25262,,,0,15,,25263,,,0,58,,25264,,,0,15,,25265,,,0,15,,25266,,,0,11,,25267,,,0,11,,25268,,,0,51,,25269,,,0,11,,25270,,,0,11,,25271,,,0,11,,25272,,,0,11,,25281,,,0,50,,25196,,,0,11,,25197,,,0,11,,25198,,,0,10,,25199,,,0,11,,25200,,,0,11,,25201,,,0,50,,25202,,,0,10,,25278,,,0,11,,25203,,,0,11,,25279,,,0,11,,25217,,,0,50,,25218,,,0,11,,25219,,,0,11,,25220,,,0,10,,25221,,,0,11,,25222,,,0,11,,25223,,,0,50,,25224,,,0,11,,25285,,,0,11,,25225,,,0,13,,25226,,,0,15,,25227,,,0,54,,25228,,,0,15,,25229,,,0,14,,25230,,,0,15,,25231,,,0,55,,25232,,,0,15,,25233,,,0,12,,25234,,,0,15,,25235,,,0,55,,25236,,,0,15,,25237,,,0,13,,25238,,,0,15,,25239,,,0,55,,25276,,,0,15,,25189,,,0,13,,25190,,,0,15,,25191,,,0,55,,25192,,,0,13,,25193,,,0,20,,25194,,,0,20,,25195,,,0
670300,'2',539,,25287,,,0,15,,25289,,,0,55,,25290,,,0,15,,25291,,,0,15,,25292,,,0,15,,25293,,,0,55,,25294,,,0,15,,25295,,,0,15,,25296,,,0,16,,25297,,,0,55,,25298,,,0,15,,25299,,,0,15,,25300,,,0,15,,25301,,,0,55,,25302,,,0,15,,25303,,,0,15,,25304,,,0,13,,25305,,,0,57,,25306,,,0,15,,25307,,,0,16,,25308,,,0,15,,25309,,,0,56,,25310,,,0,15,,25311,,,0,16,,25312,,,0,15,,25313,,,0,55,,25314,,,0,15,,25315,,,0,17,,25316,,,0,55,,25317,,,0,18,,25318,,,0,16,,25319,,,0,16,,25320,,,0,56,,25321,,,0,16,,25322,,,0,15,,25323,,,0,15,,25324,,,0,55,,25325,,,0,15,,25326,,,0,15,,25327,,,0,15,,25328,,,0,55,,25329,,,0,15,,25330,,,0,15,,25331,,,0,15,,25332,,,0,55,,25333,,,0,15,,25334,,,0,15,,25335,,,0,14,,25336,,,0,55,,25337,,,0,15,,25338,,,0,13,,25339,,,0,14,,25340,,,0,54,,25341,,,0,14,,25342,,,0,14,,25343,,,0,15,,25344,,,0,55,,25345,,,0,13,,25346,,,0,15,,25347,,,0,15,,25348,,,0,15,,25349,,,0,55,,25350,,,0,15,,25351,,,0,13,,25352,,,0,15,,25353,,,0,55,,25354,,,0,15,,25355,,,0,13,,25356,,,0,15,,25357,,,0,55,,25358,,,0,15,,25359,,,0,14,,25360,,,0,15,,25361,,,0,55,,25362,,,0,15,,25363,,,0,13,,25364,,,0,15,,25365,,,0,55,,25366,,,0,15,,25367,,,0,17,,25288,,,0,18,,25286,,,0
670300,'3',607,,25369,,,0,18,,25370,,,0,15,,25371,,,0,15,,25372,,,0,55,,25373,,,0,16,,25374,,,0,15,,25375,,,0,15,,25376,,,0,55,,25377,,,0,15,,25378,,,0,15,,25379,,,0,16,,25380,,,0,55,,25381,,,0,16,,25382,,,0,15,,25383,,,0,15,,25384,,,0,55,,25385,,,0,16,,25386,,,0,15,,25387,,,0,15,,25388,,,0,55,,25389,,,0,16,,25390,,,0,15,,25391,,,0,56,,25392,,,0,15,,25393,,,0,16,,25394,,,0,15,,25395,,,0,56,,25396,,,0,15,,25397,,,0,14,,25398,,,0,15,,25399,,,0,55,,25400,,,0,15,,25401,,,0,15,,25402,,,0,15,,25403,,,0,55,,25404,,,0,15,,25405,,,0,14,,25406,,,0,15,,25407,,,0,55,,25408,,,0,15,,25409,,,0,15,,25410,,,0,15,,25411,,,0,55,,25412,,,0,15,,25413,,,0,14,,25414,,,0,15,,25415,,,0,14,,25416,,,0,55,,25417,,,0,15,,25418,,,0,15,,25419,,,0,15,,25420,,,0,55,,25421,,,0,14,,25422,,,0,15,,25423,,,0,14,,25424,,,0,55,,25425,,,0,15,,25426,,,0,15,,25427,,,0,15,,25428,,,0,55,,25429,,,0,14,,25430,,,0,15,,25431,,,0,15,,25432,,,0,55,,25433,,,0,12,,25434,,,0,15,,25435,,,0,15,,25436,,,0,55,,25437,,,0,13,,25438,,,0,15,,25439,,,0,15,,25440,,,0,55,,25441,,,0,15,,25442,,,0,16,,25443,,,0,16,,25368,,,0
671800,'1',539,,29455,,,0,69,,29453,,,0,32,,29456,,,0,70,,29454,,,0,106,,29452,,,0
671800,'101',735,,29457,,,0
671800,'201',735,,29458,,,0
