670901,'1',501,,144908,7,,,0,23,,144898,7,,,0,20,,144910,7,,,0,60,,144899,7,,,0,40,,144906,7,,,0,60,,144911,7,,,0,20,,144915,7,,,0,16,,144887,7,,,0,15,,144890,7,,,0,60,,144912,7,,,0,20,,144889,7,,,0,70,,144913,7,,,0,30,,144888,7,,,0,100,,144902,7,,,0,100,,144903,7,,,0,100,,144905,7,,,0,100,,144914,7,,,0,76,,144904,7,,,0,31,,144909,7,,,0,70,,144900,7,,,0,30,,144892,7,,,0,66,,144886,7,,,0,26,,144893,7,,,0,70,,144894,7,,,0,30,,144895,7,,,0,72,,144896,7,,,0,36,,144891,7,,,0,76,,144907,7,,,0,105,,144897,7,,,0,107,,144901,7,,,0
670901,'101',624,,144885,7,,,0
670901,'2',800,,144929,7,,,0,102,,144927,7,,,0,101,,144926,7,,,0,100,,144924,7,,,0,100,,144923,7,,,0,100,,144922,7,,,0,101,,144921,7,,,0,100,,144925,7,,,0,100,,144918,7,,,0,99,,144920,7,,,0,100,,144928,7,,,0,100,,144919,7,,,0,100,,144917,7,,,0,100,,144930,7,,,0
670901,'201',624,,144916,7,,,0
670901,'3',1121,,144932,7,,,0,105,,144937,7,,,0,105,,144938,7,,,0,100,,144934,7,,,0,100,,144933,7,,,0,100,,144935,7,,,0,100,,144931,7,,,0,100,,144941,7,,,0,100,,144936,7,,,0,95,,144940,7,,,0,96,,144939,7,,,0
671200,'1',526,,145010,21,,,0,21,,145011,21,,,0,60,,145037,21,,,0,10,,145012,21,,,0,11,,145026,21,,,0,10,,145075,21,,,0,10,,145035,21,,,0,9,,145027,21,,,0,46,,145036,21,,,0,14,,145028,21,,,0,19,,145029,21,,,0,8,,145062,21,,,0,8,,145030,21,,,0,49,,144988,21,,,0,8,,145068,21,,,0,17,,144996,21,,,0,10,,145033,21,,,0,12,,145053,21,,,0,52,,145034,21,,,0,12,,144997,21,,,0,14,,145013,21,,,0,13,,144998,21,,,0,13,,145014,21,,,0,54,,144985,21,,,0,15,,145015,21,,,0,15,,144999,21,,,0,15,,145016,21,,,0,55,,144987,21,,,0,17,,145017,21,,,0,15,,145000,21,,,0,15,,145018,21,,,0,55,,145054,21,,,0,16,,145019,21,,,0,15,,145001,21,,,0,15,,145020,21,,,0,55,,145025,21,,,0,15,,145021,21,,,0,15,,145002,21,,,0,15,,145031,21,,,0,54,,145032,21,,,0,13,,145003,21,,,0,11,,145022,21,,,0,10,,145079,21,,,0,10,,145055,21,,,0,50,,145091,21,,,0,10,,144992,21,,,0,12,,145009,21,,,0,23,,145051,21,,,0,11,,145061,21,,,0,54,,145004,21,,,0,7,,145038,21,,,0,6,,145080,21,,,0,7,,145039,21,,,0,7,,145069,21,,,0,14,,144989,21,,,0,47,,145040,21,,,0,13,,145088,21,,,0,6,,145041,21,,,0,12,,145089,21,,,0,8,,145042,21,,,0,14,,145043,21,,,0,5,,145006,21,,,0,51,,145090,21,,,0,5,,145056,21,,,0,13,,145059,21,,,0,6,,145058,21,,,0,8,,145023,21,,,0,6,,145081,21,,,0,7,,145063,21,,,0,48,,145070,21,,,0,8,,144986,21,,,0,8,,145024,21,,,0,8,,145007,21,,,0,10,,145064,21,,,0,10,,144991,21,,,0,10,,145082,21,,,0,50,,145071,21,,,0,10,,145060,21,,,0,10,,144993,21,,,0,9,,145076,21,,,0,10,,145077,21,,,0,11,,145083,21,,,0,50,,145072,21,,,0,10,,144994,21,,,0,9,,144995,21,,,0,10,,145065,21,,,0,10,,145078,21,,,0,10,,145084,21,,,0,50,,145073,21,,,0,11,,144984,21,,,0,11,,145044,21,,,0,12,,145045,21,,,0,12,,145074,21,,,0,52,,145085,21,,,0,12,,145066,21,,,0,12,,145046,21,,,0,15,,145067,21,,,0,15,,145086,21,,,0,55,,145047,21,,,0,14,,145048,21,,,0,32,,145049,21,,,0,71,,145050,21,,,0
671200,'101',710,,144979,21,,,0,16,,144981,21,,,0,91,,144982,21,,,0,719,,144983,21,,,0,69,,144980,21,,,0
671200,'2',635,,145122,21,,,0,65,,145121,21,,,0,21,,145171,21,,,0,15,,145120,21,,,0,15,,145178,21,,,0,55,,145144,21,,,0,15,,145119,21,,,0,15,,145108,21,,,0,15,,145179,21,,,0,55,,145140,21,,,0,15,,145118,21,,,0,15,,145152,21,,,0,15,,145153,21,,,0,55,,145154,21,,,0,15,,145155,21,,,0,15,,145156,21,,,0,15,,145157,21,,,0,55,,145158,21,,,0,17,,145159,21,,,0,15,,145160,21,,,0,16,,145161,21,,,0,55,,145162,21,,,0,14,,145163,21,,,0,14,,145164,21,,,0,15,,145165,21,,,0,55,,145166,21,,,0,15,,145167,21,,,0,15,,145168,21,,,0,15,,145169,21,,,0,55,,145170,21,,,0,15,,145117,21,,,0,15,,145105,21,,,0,15,,145146,21,,,0,55,,145132,21,,,0,15,,145104,21,,,0,15,,145103,21,,,0,15,,145102,21,,,0,56,,145101,21,,,0,15,,145133,21,,,0,15,,145112,21,,,0,14,,145141,21,,,0,54,,145151,21,,,0,13,,145113,21,,,0,10,,145114,21,,,0,10,,145115,21,,,0,10,,145142,21,,,0,10,,145116,21,,,0,50,,145109,21,,,0,10,,145175,21,,,0,9,,145134,21,,,0,10,,145107,21,,,0,10,,145143,21,,,0,10,,145110,21,,,0,49,,145111,21,,,0,10,,145176,21,,,0,8,,145135,21,,,0,10,,145106,21,,,0,9,,145145,21,,,0,11,,145100,21,,,0,51,,145099,21,,,0,10,,145177,21,,,0,10,,145098,21,,,0,10,,145147,21,,,0,10,,145136,21,,,0,10,,145172,21,,,0,51,,145097,21,,,0,12,,145131,21,,,0,12,,145148,21,,,0,12,,145137,21,,,0,14,,145173,21,,,0,53,,145130,21,,,0,12,,145129,21,,,0,13,,145149,21,,,0,14,,145138,21,,,0,56,,145128,21,,,0,15,,145127,21,,,0,15,,145174,21,,,0,15,,145139,21,,,0,60,,145126,21,,,0,19,,145125,21,,,0,20,,145150,21,,,0,60,,145124,21,,,0,28,,145123,21,,,0
671200,'201',710,,145096,21,,,0,16,,145094,21,,,0,91,,145092,21,,,0,719,,145093,21,,,0,69,,145095,21,,,0
671200,'3',820,,145182,21,,,0,15,,145246,21,,,0,15,,145181,21,,,0,56,,145247,21,,,0,15,,145180,21,,,0,15,,145188,21,,,0,16,,145189,21,,,0,55,,145190,21,,,0,15,,145191,21,,,0,15,,145192,21,,,0,13,,145193,21,,,0,55,,145194,21,,,0,16,,145195,21,,,0,15,,145196,21,,,0,16,,145197,21,,,0,55,,145198,21,,,0,16,,145199,21,,,0,15,,145200,21,,,0,15,,145201,21,,,0,55,,145202,21,,,0,15,,145203,21,,,0,15,,145204,21,,,0,15,,145205,21,,,0,55,,145206,21,,,0,16,,145207,21,,,0,15,,145208,21,,,0,15,,145209,21,,,0,55,,145210,21,,,0,15,,145211,21,,,0,15,,145212,21,,,0,15,,145213,21,,,0,55,,145214,21,,,0,15,,145215,21,,,0,15,,145187,21,,,0,12,,145216,21,,,0,51,,145217,21,,,0,12,,145218,21,,,0,10,,145219,21,,,0,11,,145220,21,,,0,11,,145221,21,,,0,11,,145222,21,,,0,52,,145223,21,,,0,12,,145224,21,,,0,12,,145225,21,,,0,12,,145226,21,,,0,13,,145227,21,,,0,53,,145228,21,,,0,13,,145229,21,,,0,12,,145230,21,,,0,12,,145231,21,,,0,52,,145232,21,,,0,12,,145185,21,,,0,13,,145233,21,,,0,15,,145234,21,,,0,15,,145235,21,,,0,55,,145236,21,,,0,15,,145237,21,,,0,15,,145238,21,,,0,15,,145239,21,,,0,56,,145240,21,,,0,12,,145241,21,,,0,15,,145242,21,,,0,15,,145243,21,,,0,55,,145244,21,,,0,15,,145184,21,,,0,15,,145245,21,,,0,15,,145186,21,,,0,55,,145183,21,,,0
