681501,'1803_merged_15291803',1843,,94717,24,,,0,100,,94716,24,,,0,100,,94715,24,,,0,100,,94714,24,,,0
681501,'1_merged_15291795',543,,94720,24,,,0,100,,94719,24,,,0,100,,94718,24,,,0,100,,94721,24,,,0,100,,94735,24,,,0,100,,94734,24,,,0,100,,94733,24,,,0,100,,94732,24,,,0,100,,94731,24,,,0,100,,94730,24,,,0,100,,94729,24,,,0,100,,94728,24,,,0,100,,94727,24,,,0,100,,94726,24,,,0,100,,94725,24,,,0,100,,94724,24,,,0,100,,94723,24,,,0,100,,94722,24,,,0
681501,'2_merged_15291797',843,,94736,24,,,0,100,,94737,24,,,0,100,,94738,24,,,0,100,,94739,24,,,0,100,,94740,24,,,0,100,,94741,24,,,0,100,,94742,24,,,0,100,,94743,24,,,0,100,,94744,24,,,0,100,,94745,24,,,0,100,,94746,24,,,0,100,,94747,24,,,0,100,,94748,24,,,0,100,,94749,24,,,0,100,,94750,24,,,0
681501,'3_merged_15291796',943,,94756,24,,,0,100,,94755,24,,,0,100,,94754,24,,,0,100,,94753,24,,,0,100,,94752,24,,,0,100,,94751,24,,,0,100,,94759,24,,,0,100,,94758,24,,,0,100,,94757,24,,,0
1870501,'1_merged_15291795',545,,100803,22,,,0,55,,100761,22,,,0,15,,100763,22,,,0,16,,100798,22,,,0,15,,100788,22,,,0,61,,100762,22,,,0,21,,100789,22,,,0,20,,100764,22,,,0,60,,100765,22,,,0,20,,100790,22,,,0,20,,100766,22,,,0,60,,100767,22,,,0,20,,100791,22,,,0,20,,100768,22,,,0,60,,100769,22,,,0,20,,100799,22,,,0,20,,100770,22,,,0,63,,100771,22,,,0,31,,100784,22,,,0,70,,100772,22,,,0,30,,100760,22,,,0,70,,100773,22,,,0,31,,100774,22,,,0,70,,100775,22,,,0,17,,100796,22,,,0,18,,100776,22,,,0,59,,100777,22,,,0,17,,100792,22,,,0,16,,100778,22,,,0,16,,100797,22,,,0,57,,100779,22,,,0,17,,100793,22,,,0,21,,100780,22,,,0,61,,100781,22,,,0,21,,100794,22,,,0,21,,100783,22,,,0,61,,100782,22,,,0,20,,100795,22,,,0,19,,100785,22,,,0,61,,100786,22,,,0,23,,100787,22,,,0,68,,100757,22,,,0,29,,100758,22,,,0,69,,100759,22,,,0,97,,100800,22,,,0,100,,100801,22,,,0,100,,100802,22,,,0
1870501,'2_merged_15291797',605,,100822,22,,,0,30,,100823,22,,,0,71,,100824,22,,,0,31,,100825,22,,,0,71,,100826,22,,,0,31,,100827,22,,,0,70,,100828,22,,,0,30,,100829,22,,,0,71,,100807,22,,,0,32,,100808,22,,,0,72,,100809,22,,,0,32,,100810,22,,,0,71,,100811,22,,,0,31,,100812,22,,,0,70,,100813,22,,,0,31,,100814,22,,,0,70,,100815,22,,,0,30,,100816,22,,,0,70,,100817,22,,,0,30,,100818,22,,,0,70,,100819,22,,,0,30,,100820,22,,,0,69,,100821,22,,,0,28,,100830,22,,,0,68,,100831,22,,,0,27,,100832,22,,,0,68,,100833,22,,,0,30,,100834,22,,,0,70,,100804,22,,,0,30,,100805,22,,,0,70,,100806,22,,,0,99,,100835,22,,,0,100,,100836,22,,,0,100,,100837,22,,,0
1870501,'3_merged_15291796',606,,100864,22,,,0,30,,100865,22,,,0,70,,100866,22,,,0,30,,100867,22,,,0,70,,100838,22,,,0,31,,100839,22,,,0,70,,100840,22,,,0,30,,100841,22,,,0,70,,100842,22,,,0,30,,100843,22,,,0,70,,100844,22,,,0,30,,100845,22,,,0,71,,100846,22,,,0,31,,100847,22,,,0,70,,100848,22,,,0,33,,100849,22,,,0,72,,100850,22,,,0,30,,100851,22,,,0,70,,100852,22,,,0,30,,100853,22,,,0,70,,100854,22,,,0,30,,100855,22,,,0,70,,100856,22,,,0,29,,100857,22,,,0,70,,100858,22,,,0,28,,100859,22,,,0,70,,100860,22,,,0,30,,100861,22,,,0,70,,100862,22,,,0,30,,100868,22,,,0,70,,100863,22,,,0,95,,100869,22,,,0,100,,100870,22,,,0,100,,100871,22,,,0
3404500,'1_merged_15291795',619,,108876,17,,,0,100,,108874,17,,,0,100,,108873,17,,,0,100,,108872,17,,,0,100,,108871,17,,,0,100,,108870,17,,,0,100,,108869,17,,,0,100,,108868,17,,,0,100,,108867,17,,,0,103,,108866,17,,,0,97,,108865,17,,,0,100,,108864,17,,,0,100,,108863,17,,,0,100,,108862,17,,,0,100,,108861,17,,,0,100,,108860,17,,,0,100,,108859,17,,,0,100,,108875,17,,,0
3404500,'2_merged_15291797',719,,108877,17,,,0,100,,108878,17,,,0,100,,108879,17,,,0,100,,108880,17,,,0,100,,108881,17,,,0,100,,108882,17,,,0,100,,108883,17,,,0,100,,108884,17,,,0,100,,108885,17,,,0,100,,108886,17,,,0,100,,108887,17,,,0,100,,108888,17,,,0,100,,108889,17,,,0,100,,108890,17,,,0,100,,108891,17,,,0,100,,108892,17,,,0,100,,108893,17,,,0
3404500,'3_merged_15291796',819,,108908,17,,,0,100,,108907,17,,,0,100,,108906,17,,,0,100,,108905,17,,,0,100,,108904,17,,,0,100,,108903,17,,,0,100,,108902,17,,,0,100,,108901,17,,,0,100,,108900,17,,,0,100,,108899,17,,,0,100,,108898,17,,,0,100,,108897,17,,,0,100,,108896,17,,,0,100,,108895,17,,,0,100,,108894,17,,,0,100,,108909,17,,,0
