665001,'1',613,,15521,14,,,0,12,,15507,14,,,0,15,,15506,14,,,0,14,,15505,14,,,0,56,,15504,14,,,0,14,,15503,14,,,0,16,,15502,14,,,0,16,,15501,14,,,0,57,,15500,14,,,0,17,,15499,14,,,0,16,,15498,14,,,0,55,,15497,14,,,0,14,,15496,14,,,0,16,,15495,14,,,0,21,,15523,14,,,0,71,,15519,14,,,0,30,,15518,14,,,0,71,,15481,14,,,0,30,,15480,14,,,0,70,,15479,14,,,0,33,,15488,14,,,0,71,,15486,14,,,0,30,,15485,14,,,0,74,,15520,14,,,0,26,,15483,14,,,0,57,,15494,14,,,0,18,,15493,14,,,0,15,,15492,14,,,0,54,,15491,14,,,0,15,,15522,14,,,0,15,,15490,14,,,0,16,,15508,14,,,0,53,,15517,14,,,0,14,,15516,14,,,0,13,,15515,14,,,0,14,,15514,14,,,0,13,,15513,14,,,0,53,,15512,14,,,0,15,,15511,14,,,0,16,,15510,14,,,0,61,,15509,14,,,0,29,,15484,14,,,0,72,,15487,14,,,0,26,,15529,14,,,0,29,,15528,14,,,0,70,,15527,14,,,0,32,,15530,14,,,0,68,,15489,14,,,0,28,,15526,14,,,0,69,,15525,14,,,0,31,,15524,14,,,0,100,,15482,14,,,0
665001,'2',647,,15558,14,,,0,71,,15559,14,,,0,39,,15560,14,,,0,69,,15545,14,,,0,31,,15535,14,,,0,72,,15533,14,,,0,25,,15536,14,,,0,71,,15537,14,,,0,30,,15538,14,,,0,70,,15539,14,,,0,32,,15540,14,,,0,71,,15541,14,,,0,31,,15543,14,,,0,70,,15554,14,,,0,72,,15565,14,,,0,31,,15544,14,,,0,70,,15553,14,,,0,32,,15547,14,,,0,66,,15532,14,,,0,32,,15546,14,,,0,72,,15557,14,,,0,28,,15556,14,,,0,71,,15549,14,,,0,28,,15550,14,,,0,69,,15551,14,,,0,29,,15552,14,,,0,72,,15548,14,,,0,31,,15555,14,,,0,71,,15542,14,,,0,30,,15561,14,,,0,70,,15562,14,,,0,31,,15563,14,,,0,68,,15564,14,,,0,25,,15531,14,,,0,32,,15566,14,,,0,98,,15534,14,,,0
665001,'3',744,,15585,14,,,0,76,,15591,14,,,0,30,,15567,14,,,0,73,,15569,14,,,0,30,,15576,14,,,0,71,,15575,14,,,0,30,,15583,14,,,0,70,,15577,14,,,0,32,,15578,14,,,0,69,,15588,14,,,0,30,,15586,14,,,0,69,,15587,14,,,0,27,,15589,14,,,0,70,,15590,14,,,0,31,,15580,14,,,0,69,,15570,14,,,0,30,,15592,14,,,0,70,,15593,14,,,0,30,,15594,14,,,0,69,,15595,14,,,0,27,,15596,14,,,0,69,,15582,14,,,0,31,,15597,14,,,0,77,,15598,14,,,0,34,,15574,14,,,0,70,,15572,14,,,0,30,,15571,14,,,0,70,,15579,14,,,0,29,,15599,14,,,0,70,,15573,14,,,0,29,,15581,14,,,0,69,,15584,14,,,0,100,,15568,14,,,0
666701,'1',518,,19499,51,,,0,18,,19539,51,,,0,64,,19472,51,,,0,23,,19473,51,,,0,20,,19474,51,,,0,59,,19475,51,,,0,10,,19476,51,,,0,8,,19477,51,,,0,13,,19478,51,,,0,14,,19543,51,,,0,57,,19544,51,,,0,18,,19479,51,,,0,14,,19480,51,,,0,20,,19481,51,,,0,70,,19482,51,,,0,14,,19483,51,,,0,12,,19484,51,,,0,54,,19542,51,,,0,15,,19500,51,,,0,15,,19501,51,,,0,16,,19538,51,,,0,55,,19485,51,,,0,16,,19486,51,,,0,15,,19487,51,,,0,16,,19488,51,,,0,54,,19489,51,,,0,17,,19490,51,,,0,15,,19491,51,,,0,16,,19541,51,,,0,55,,19502,51,,,0,15,,19503,51,,,0,15,,19537,51,,,0,13,,19492,51,,,0,55,,19493,51,,,0,15,,19494,51,,,0,15,,19495,51,,,0,19,,19496,51,,,0,56,,19497,51,,,0,16,,19498,51,,,0,15,,19540,51,,,0,55,,19504,51,,,0,12,,19505,51,,,0,15,,19536,51,,,0,15,,19506,51,,,0,15,,19507,51,,,0,55,,19508,51,,,0,15,,19509,51,,,0,14,,19510,51,,,0,14,,19511,51,,,0,51,,19512,51,,,0,18,,19513,51,,,0,15,,19535,51,,,0,14,,19520,51,,,0,55,,19532,51,,,0,12,,19533,51,,,0,15,,19514,51,,,0,14,,19515,51,,,0,55,,19516,51,,,0,14,,19517,51,,,0,15,,19518,51,,,0,15,,19519,51,,,0,55,,19534,51,,,0,16,,19521,51,,,0,18,,19531,51,,,0,19,,19522,51,,,0,67,,19523,51,,,0,29,,19524,51,,,0,72,,19525,51,,,0,32,,19526,51,,,0,70,,19527,51,,,0,26,,19528,51,,,0,70,,19529,51,,,0,30,,19530,51,,,0
666701,'101',912,,19545,51,,,0
666701,'2',628,,19554,51,,,0,30,,19555,51,,,0,60,,19572,51,,,0,22,,19573,51,,,0,62,,19569,51,,,0,15,,19574,51,,,0,16,,19575,51,,,0,14,,19576,51,,,0,57,,19577,51,,,0,11,,19578,51,,,0,11,,19546,51,,,0,10,,19579,51,,,0,16,,19580,51,,,0,54,,19581,51,,,0,13,,19582,51,,,0,16,,19583,51,,,0,21,,19584,51,,,0,55,,19585,51,,,0,16,,19586,51,,,0,16,,19587,51,,,0,16,,19589,51,,,0,55,,19590,51,,,0,14,,19591,51,,,0,17,,19588,51,,,0,55,,19592,51,,,0,14,,19568,51,,,0,14,,19593,51,,,0,16,,19594,51,,,0,14,,19595,51,,,0,55,,19597,51,,,0,15,,19598,51,,,0,15,,19599,51,,,0,57,,19600,51,,,0,15,,19601,51,,,0,15,,19602,51,,,0,15,,19603,51,,,0,56,,19604,51,,,0,12,,19605,51,,,0,15,,19606,51,,,0,12,,19607,51,,,0,18,,19608,51,,,0,55,,19609,51,,,0,14,,19610,51,,,0,15,,19611,51,,,0,14,,19612,51,,,0,55,,19547,51,,,0,14,,19548,51,,,0,20,,19549,51,,,0,55,,19550,51,,,0,8,,19571,51,,,0,16,,19551,51,,,0,15,,19552,51,,,0,15,,19570,51,,,0,54,,19553,51,,,0,17,,19557,51,,,0,19,,19556,51,,,0,57,,19558,51,,,0,19,,19559,51,,,0,32,,19596,51,,,0,72,,19560,51,,,0,30,,19561,51,,,0,75,,19562,51,,,0,28,,19563,51,,,0,69,,19564,51,,,0,32,,19565,51,,,0,70,,19566,51,,,0,25,,19567,51,,,0
666701,'201',912,,19613,51,,,0
666701,'3',737,,19629,51,,,0,20,,19630,51,,,0,57,,19615,51,,,0,18,,19631,51,,,0,15,,19632,51,,,0,56,,19628,51,,,0,13,,19614,51,,,0,13,,19633,51,,,0,13,,19634,51,,,0,12,,19635,51,,,0,52,,19636,51,,,0,11,,19637,51,,,0,19,,19638,51,,,0,16,,19639,51,,,0,55,,19640,51,,,0,14,,19641,51,,,0,16,,19642,51,,,0,15,,19643,51,,,0,55,,19644,51,,,0,15,,19623,51,,,0,15,,19624,51,,,0,18,,19625,51,,,0,58,,19645,51,,,0,12,,19646,51,,,0,15,,19647,51,,,0,17,,19648,51,,,0,55,,19649,51,,,0,16,,19650,51,,,0,15,,19651,51,,,0,12,,19652,51,,,0,56,,19653,51,,,0,16,,19654,51,,,0,15,,19622,51,,,0,14,,19655,51,,,0,54,,19656,51,,,0,16,,19657,51,,,0,17,,19658,51,,,0,15,,19659,51,,,0,53,,19660,51,,,0,18,,19661,51,,,0,10,,19662,51,,,0,14,,19663,51,,,0,55,,19664,51,,,0,15,,19665,51,,,0,14,,19666,51,,,0,15,,19667,51,,,0,55,,19627,51,,,0,16,,19668,51,,,0,11,,19669,51,,,0,16,,19626,51,,,0,55,,19670,51,,,0,14,,19671,51,,,0,20,,19672,51,,,0,61,,19673,51,,,0,27,,19674,51,,,0,27,,19675,51,,,0,69,,19616,51,,,0,35,,19617,51,,,0,67,,19618,51,,,0,30,,19619,51,,,0,70,,19620,51,,,0,31,,19621,51,,,0
683801,'1',2511,,38517,18,,,0,29,,38513,18,,,0,70,,38512,18,,,0,30,,38511,18,,,0,73,,38514,18,,,0,27,,38515,18,,,0,69,,38516,18,,,0,40,,38509,18,,,0,70,,38510,18,,,0
683801,'2',2541,,38519,18,,,0,76,,38521,18,,,0,22,,38520,18,,,0,20,,38522,18,,,0,60,,38523,18,,,0,20,,38524,18,,,0,20,,38525,18,,,0,70,,38526,18,,,0,30,,38527,18,,,0,69,,38518,18,,,0
683801,'3',2538,,38529,18,,,0,70,,38528,18,,,0,30,,38530,18,,,0,80,,38531,18,,,0,17,,38532,18,,,0,74,,38533,18,,,0,30,,38534,18,,,0,80,,38535,18,,,0
732201,'1',627,,39181,10,,,0,73,,39182,10,,,0,28,,39183,10,,,0,30,,39184,10,,,0,72,,39185,10,,,0,29,,39186,10,,,0,98,,39176,10,,,0,146,,39177,10,,,0,97,,39178,10,,,0,100,,39179,10,,,0,100,,39180,10,,,0,100,,39174,10,,,0,33,,39187,10,,,0,70,,39165,10,,,0,30,,39166,10,,,0,69,,39167,10,,,0,31,,39168,10,,,0,70,,39169,10,,,0,29,,39170,10,,,0,27,,39171,10,,,0,98,,39172,10,,,0,100,,39173,10,,,0,99,,39175,10,,,0
732201,'2',757,,39189,10,,,0,101,,39190,10,,,0,100,,39191,10,,,0,143,,39192,10,,,0,101,,39193,10,,,0,101,,39194,10,,,0,100,,39195,10,,,0,102,,39196,10,,,0,102,,39197,10,,,0,101,,39198,10,,,0,100,,39199,10,,,0,95,,39200,10,,,0,54,,39201,10,,,0,99,,39188,10,,,0,99,,39202,10,,,0
732201,'3',859,,39210,10,,,0,100,,39205,10,,,0,141,,39206,10,,,0,101,,39207,10,,,0,102,,39208,10,,,0,99,,39209,10,,,0,99,,39203,10,,,0,102,,39211,10,,,0,100,,39212,10,,,0,99,,39213,10,,,0,98,,39214,10,,,0,59,,39215,10,,,0,100,,39216,10,,,0,100,,39204,10,,,0
