672401,'1_merged_15291795',525,,88803,43,,,0,30,,88792,43,,,0,72,,88818,43,,,0,74,,88802,43,,,0,35,,88819,43,,,0,14,,88826,43,,,0,57,,88827,43,,,0,16,,88828,43,,,0,18,,88829,43,,,0,15,,88830,43,,,0,55,,88831,43,,,0,14,,88832,43,,,0,15,,88833,43,,,0,15,,88834,43,,,0,55,,88835,43,,,0,15,,88820,43,,,0,17,,88836,43,,,0,59,,88807,43,,,0,22,,88804,43,,,0,23,,88808,43,,,0,60,,88805,43,,,0,21,,88806,43,,,0,22,,88809,43,,,0,60,,88791,43,,,0,20,,88793,43,,,0,18,,88810,43,,,0,61,,88796,43,,,0,22,,88797,43,,,0,21,,88811,42,,,0,58,,88790,42,,,0,20,,88821,42,,,0,16,,88817,42,,,0,56,,88825,42,,,0,14,,88816,42,,,0,15,,88837,42,,,0,16,,88838,42,,,0,55,,88839,42,,,0,15,,88840,42,,,0,15,,88841,42,,,0,15,,88842,42,,,0,54,,88843,42,,,0,15,,88844,42,,,0,11,,88845,42,,,0,16,,88846,43,,,0,15,,88847,43,,,0,53,,88848,43,,,0,15,,88849,43,,,0,14,,88850,43,,,0,13,,88851,43,,,0,63,,88812,43,,,0,33,,88813,43,,,0,71,,88814,43,,,0,27,,88815,43,,,0,70,,88798,43,,,0,26,,88799,43,,,0,70,,88800,43,,,0,29,,88801,43,,,0,70,,88822,43,,,0,25,,88794,43,,,0,66,,88823,43,,,0,27,,88795,43,,,0,77,,88824,43,,,0
672401,'2_merged_15291797',518,,88888,43,,,0,37,,88890,43,,,0,72,,88891,43,,,0,75,,88892,43,,,0,35,,88893,43,,,0,72,,88894,43,,,0,25,,88895,43,,,0,20,,88896,43,,,0,63,,88897,43,,,0,21,,88852,43,,,0,21,,88853,43,,,0,55,,88854,43,,,0,14,,88855,43,,,0,16,,88856,43,,,0,14,,88857,43,,,0,54,,88858,43,,,0,15,,88859,43,,,0,16,,88860,43,,,0,16,,88861,43,,,0,55,,88862,43,,,0,15,,88863,43,,,0,18,,88864,43,,,0,56,,88865,43,,,0,14,,88866,43,,,0,15,,88867,43,,,0,15,,88868,43,,,0,55,,88869,43,,,0,15,,88870,43,,,0,16,,88871,43,,,0,14,,88872,43,,,0,54,,88873,43,,,0,16,,88874,43,,,0,15,,88875,43,,,0,13,,88876,43,,,0,55,,88877,43,,,0,15,,88878,43,,,0,15,,88879,43,,,0,14,,88880,43,,,0,15,,88881,43,,,0,54,,88882,43,,,0,15,,88883,43,,,0,15,,88884,43,,,0,15,,88885,43,,,0,53,,88886,43,,,0,19,,88887,43,,,0,20,,88898,43,,,0,59,,88899,43,,,0,18,,88900,43,,,0,18,,88901,43,,,0,61,,88914,43,,,0,18,,88902,43,,,0,20,,88903,43,,,0,64,,88904,43,,,0,28,,88905,43,,,0,70,,88906,43,,,0,30,,88907,43,,,0,71,,88908,43,,,0,26,,88909,43,,,0,25,,88910,43,,,0,82,,88911,43,,,0,68,,88912,43,,,0,37,,88913,43,,,0,69,,88889,43,,,0
672401,'3_merged_15291796',528,,88921,43,,,0,30,,88923,43,,,0,70,,88924,43,,,0,31,,88925,43,,,0,70,,88926,43,,,0,72,,88927,43,,,0,24,,88928,43,,,0,20,,88929,43,,,0,62,,88930,43,,,0,23,,88931,43,,,0,20,,88932,43,,,0,62,,88933,43,,,0,20,,88934,43,,,0,20,,88935,43,,,0,64,,88936,43,,,0,21,,88937,43,,,0,20,,88938,43,,,0,61,,88939,43,,,0,22,,88940,43,,,0,60,,88941,43,,,0,20,,88942,43,,,0,19,,88943,43,,,0,20,,88944,43,,,0,61,,88945,43,,,0,17,,88946,43,,,0,15,,88915,43,,,0,55,,88947,43,,,0,17,,88948,43,,,0,15,,88949,43,,,0,14,,88916,43,,,0,55,,88950,43,,,0,15,,88951,43,,,0,15,,88952,43,,,0,15,,88917,43,,,0,55,,88953,43,,,0,14,,88954,43,,,0,15,,88955,43,,,0,15,,88918,43,,,0,55,,88956,43,,,0,14,,88957,43,,,0,15,,88958,43,,,0,15,,88919,43,,,0,55,,88959,43,,,0,17,,88960,43,,,0,19,,88961,43,,,0,62,,88962,43,,,0,19,,88920,43,,,0,20,,88963,43,,,0,74,,88964,43,,,0,30,,88965,43,,,0,73,,88966,43,,,0,29,,88967,43,,,0,72,,88968,43,,,0,29,,88969,43,,,0,72,,88970,43,,,0,28,,88971,43,,,0,85,,88972,43,,,0,70,,88922,43,,,0
672500,'1_merged_15291795',606,,88973,28,,,0,40,,88974,28,,,0,71,,88975,28,,,0,33,,88976,28,,,0,71,,88977,28,,,0,31,,88978,28,,,0,70,,88979,28,,,0,28,,88980,28,,,0,72,,88981,28,,,0,30,,88982,28,,,0,72,,88983,28,,,0,29,,88984,28,,,0,70,,88985,28,,,0,30,,88986,28,,,0,70,,88987,28,,,0,30,,88988,28,,,0,69,,88989,28,,,0,30,,88990,27,,,0,73,,88991,27,,,0,32,,88992,27,,,0,69,,88993,27,,,0,30,,88994,27,,,0,69,,88995,27,,,0,30,,88996,27,,,0,69,,88997,27,,,0,28,,88998,28,,,0,70,,88999,28,,,0,30,,89000,28,,,0,70,,89001,28,,,0,30,,89002,28,,,0,70,,89003,28,,,0,30,,89004,28,,,0,68,,89005,28,,,0,93,,89006,28,,,0,99,,89007,28,,,0,100,,89008,28,,,0
672500,'2_merged_15291797',559,,89038,28,,,0,86,,89027,28,,,0,70,,89037,28,,,0,33,,89010,28,,,0,69,,89034,28,,,0,30,,89035,28,,,0,70,,89018,28,,,0,32,,89041,28,,,0,70,,89042,28,,,0,30,,89030,28,,,0,70,,89040,28,,,0,32,,89025,28,,,0,70,,89033,28,,,0,32,,89011,28,,,0,71,,89012,28,,,0,29,,89013,28,,,0,70,,89014,28,,,0,31,,89015,28,,,0,70,,89016,28,,,0,30,,89017,28,,,0,68,,89036,28,,,0,30,,89029,28,,,0,70,,89039,28,,,0,30,,89028,28,,,0,70,,89032,28,,,0,31,,89024,28,,,0,70,,89031,28,,,0,30,,89019,28,,,0,70,,89022,28,,,0,28,,89026,28,,,0,69,,89023,28,,,0,30,,89009,28,,,0,71,,89043,28,,,0,91,,89020,28,,,0,100,,89044,28,,,0,99,,89021,28,,,0
672500,'3_merged_15291796',703,,89066,28,,,0,33,,89074,28,,,0,70,,89073,28,,,0,32,,89047,28,,,0,70,,89051,28,,,0,31,,89067,28,,,0,71,,89068,28,,,0,30,,89069,28,,,0,70,,89054,28,,,0,30,,89076,28,,,0,71,,89064,28,,,0,28,,89078,28,,,0,72,,89070,28,,,0,29,,89077,28,,,0,70,,89055,28,,,0,29,,89071,28,,,0,70,,89072,28,,,0,30,,89075,28,,,0,70,,89065,28,,,0,29,,89056,28,,,0,70,,89058,28,,,0,30,,89053,28,,,0,70,,89048,28,,,0,31,,89049,28,,,0,71,,89050,28,,,0,30,,89052,28,,,0,70,,89059,28,,,0,31,,89060,28,,,0,70,,89061,28,,,0,30,,89062,28,,,0,80,,89045,28,,,0,109,,89063,28,,,0,100,,89046,28,,,0,100,,89057,28,,,0
682800,'101_merged_15291802',909,,96593,34,,,0
682800,'1201_merged_15291788',2130,,96594,33,,,0,107,,96595,33,,,0
682800,'1_merged_15291795',829,,96613,34,,,0,119,,96612,33,,,0,78,,96611,33,,,0,77,,96610,33,,,0,43,,96609,33,,,0,80,,96608,33,,,0,80,,96607,33,,,0,42,,96606,33,,,0,80,,96605,33,,,0,82,,96604,32,,,0,40,,96603,32,,,0,84,,96602,32,,,0,78,,96601,32,,,0,38,,96600,32,,,0,79,,96599,32,,,0,78,,96598,33,,,0,48,,96597,33,,,0,69,,96596,33,,,0
682800,'2_merged_15291797',935,,96615,33,,,0,80,,96632,33,,,0,40,,96631,33,,,0,80,,96630,33,,,0,80,,96629,33,,,0,41,,96628,33,,,0,80,,96627,33,,,0,80,,96626,33,,,0,41,,96625,33,,,0,80,,96624,33,,,0,80,,96623,33,,,0,40,,96622,33,,,0,80,,96621,33,,,0,79,,96620,33,,,0,37,,96619,33,,,0,147,,96618,33,,,0,110,,96617,33,,,0,107,,96616,33,,,0,104,,96614,33,,,0
682800,'3_merged_15291796',1135,,96638,33,,,0,82,,96645,33,,,0,40,,96637,33,,,0,81,,96644,33,,,0,80,,96643,33,,,0,40,,96636,33,,,0,80,,96642,33,,,0,78,,96635,33,,,0,40,,96634,33,,,0,80,,96641,33,,,0,80,,96640,33,,,0,40,,96633,33,,,0,75,,96639,33,,,0
3454300,'1_merged_15291795',1853,,109739,27,,,0,55,,109740,27,,,0,15,,109741,27,,,0,15,,109742,27,,,0,16,,109743,27,,,0,55,,109744,27,,,0,15,,109745,27,,,0,15,,109746,27,,,0,70,,109747,27,,,0,29,,109748,27,,,0,70,,109749,27,,,0,28,,109750,27,,,0,69,,109751,27,,,0,29,,109752,27,,,0,70,,109753,27,,,0
3454300,'2_merged_15291797',546,,109800,30,,,0,67,,109799,30,,,0,30,,109798,30,,,0,66,,109797,30,,,0,33,,109796,30,,,0,71,,109795,30,,,0,30,,109794,30,,,0,71,,109793,30,,,0,22,,109773,30,,,0,20,,109792,30,,,0,60,,109791,30,,,0,20,,109790,30,,,0,21,,109789,30,,,0,60,,109788,30,,,0,23,,109787,30,,,0,62,,109786,30,,,0,20,,109785,30,,,0,20,,109784,30,,,0,59,,109783,30,,,0,20,,109782,30,,,0,20,,109781,30,,,0,60,,109780,30,,,0,20,,109779,30,,,0,20,,109778,30,,,0,60,,109777,30,,,0,20,,109776,30,,,0,20,,109775,30,,,0,60,,109774,30,,,0,20,,109821,30,,,0,20,,109820,30,,,0,61,,109819,30,,,0,20,,109818,30,,,0,18,,109817,30,,,0,60,,109816,30,,,0,20,,109815,30,,,0,20,,109814,30,,,0,19,,109813,30,,,0,56,,109812,27,,,0,29,,109811,27,,,0,70,,109810,27,,,0,31,,109809,27,,,0,70,,109808,27,,,0,29,,109807,27,,,0,70,,109806,27,,,0,30,,109805,27,,,0,70,,109804,27,,,0,98,,109803,27,,,0
3454300,'3_merged_15291796',546,,109864,30,,,0,75,,109865,30,,,0,30,,109822,30,,,0,71,,109823,30,,,0,30,,109824,30,,,0,70,,109825,30,,,0,30,,109849,30,,,0,70,,109850,30,,,0,28,,109851,30,,,0,67,,109852,30,,,0,25,,109857,30,,,0,62,,109853,30,,,0,20,,109854,30,,,0,20,,109858,30,,,0,60,,109855,30,,,0,20,,109856,30,,,0,20,,109859,30,,,0,60,,109826,30,,,0,20,,109827,30,,,0,20,,109860,30,,,0,60,,109828,30,,,0,20,,109829,30,,,0,20,,109861,30,,,0,60,,109830,30,,,0,20,,109831,30,,,0,20,,109862,30,,,0,61,,109832,30,,,0,20,,109833,30,,,0,20,,109863,30,,,0,60,,109834,30,,,0,26,,109835,30,,,0,26,,109836,30,,,0,69,,109837,30,,,0,29,,109838,27,,,0,75,,109839,27,,,0,75,,109840,27,,,0,35,,109841,27,,,0,75,,109842,27,,,0,33,,109843,27,,,0,75,,109844,27,,,0,35,,109845,27,,,0,145,,109846,27,,,0
