667701,'1',551,,21152,,,0,70,,21149,,,0,27,,21174,,,0,52,,21178,,,0,15,,21156,,,0,14,,21176,,,0,20,,21172,,,0,51,,21150,,,0,19,,21171,,,0,24,,21173,,,0,77,,21170,,,0,36,,21169,,,0,66,,21168,,,0,30,,21167,,,0,68,,21166,,,0,30,,21165,,,0,69,,21164,,,0,30,,21163,,,0,69,,21162,,,0,29,,21161,,,0,69,,21160,,,0,26,,21188,,,0,15,,21159,,,0,59,,21158,,,0,13,,21140,,,0,29,,21157,,,0,58,,21141,,,0,18,,21189,,,0,13,,21148,,,0,11,,21186,,,0,59,,21147,,,0,12,,21187,,,0,18,,21146,,,0,12,,21143,,,0,59,,21175,,,0,19,,21182,,,0,13,,21151,,,0,54,,21142,,,0,12,,21145,,,0,17,,21180,,,0,19,,21181,,,0,71,,21144,,,0,30,,21153,,,0,69,,21183,,,0,31,,21179,,,0,70,,21185,,,0,31,,21155,,,0,60,,21184,,,0,39,,21154,,,0,96,,21177,,,0
667701,'2',719,,21192,,,0,31,,21191,,,0,70,,21231,,,0,30,,21230,,,0,70,,21229,,,0,30,,21228,,,0,71,,21227,,,0,31,,21226,,,0,68,,21225,,,0,29,,21224,,,0,70,,21234,,,0,30,,21209,,,0,70,,21233,,,0,15,,21214,,,0,15,,21232,,,0,65,,21211,,,0,20,,21221,,,0,15,,21210,,,0,65,,21205,,,0,20,,21215,,,0,16,,21193,,,0,65,,21204,,,0,19,,21212,,,0,18,,21203,,,0,65,,21202,,,0,19,,21223,,,0,16,,21201,,,0,57,,21200,,,0,22,,21222,,,0,20,,21199,,,0,55,,21208,,,0,23,,21195,,,0,20,,21207,,,0,56,,21220,,,0,30,,21194,,,0,16,,21213,,,0,70,,21218,,,0,30,,21198,,,0,69,,21217,,,0,30,,21206,,,0,70,,21216,,,0,27,,21197,,,0,72,,21219,,,0,30,,21196,,,0,70,,21190,,,0
667701,'3',819,,21264,,,0,30,,21243,,,0,70,,21263,,,0,30,,21244,,,0,71,,21262,,,0,30,,21245,,,0,71,,21261,,,0,28,,21246,,,0,72,,21260,,,0,29,,21248,,,0,72,,21259,,,0,30,,21249,,,0,72,,21235,,,0,12,,21274,,,0,67,,21250,,,0,21,,21242,,,0,15,,21273,,,0,68,,21251,,,0,16,,21241,,,0,15,,21272,,,0,71,,21237,,,0,15,,21240,,,0,14,,21271,,,0,71,,21247,,,0,13,,21239,,,0,16,,21270,,,0,70,,21238,,,0,15,,21258,,,0,15,,21269,,,0,67,,21252,,,0,16,,21257,,,0,17,,21268,,,0,65,,21253,,,0,17,,21256,,,0,29,,21254,,,0,70,,21267,,,0,29,,21236,,,0,68,,21266,,,0,31,,21255,,,0,72,,21265,,,0
667801,'1',607,,21404,,,0,16,,21392,,,0,35,,21391,,,0,62,,21421,,,0,17,,21393,,,0,12,,21419,,,0,57,,21422,,,0,13,,21431,,,0,17,,21423,,,0,74,,21425,,,0,27,,21428,,,0,71,,21418,,,0,30,,21410,,,0,68,,21426,,,0,30,,21433,,,0,70,,21405,,,0,30,,21407,,,0,71,,21427,,,0,30,,21401,,,0,69,,21408,,,0,31,,21417,,,0,72,,21424,,,0,31,,21411,,,0,60,,21394,,,0,20,,21412,,,0,19,,21416,,,0,16,,21398,,,0,55,,21429,,,0,16,,21397,,,0,16,,21432,,,0,12,,21396,,,0,55,,21395,,,0,11,,21420,,,0,31,,21413,,,0,70,,21409,,,0,32,,21400,,,0,70,,21430,,,0,30,,21399,,,0,71,,21402,,,0,107,,21406,,,0,93,,21414,,,0,101,,21403,,,0,100,,21415,,,0
667801,'2',637,,21435,,,0,70,,21466,,,0,30,,21467,,,0,70,,21453,,,0,30,,21454,,,0,69,,21459,,,0,30,,21447,,,0,71,,21444,,,0,30,,21451,,,0,69,,21437,,,0,31,,21448,,,0,69,,21439,,,0,28,,21457,,,0,74,,21440,,,0,28,,21458,,,0,71,,21438,,,0,30,,21461,,,0,69,,21460,,,0,28,,21462,,,0,71,,21464,,,0,30,,21441,,,0,73,,21465,,,0,30,,21463,,,0,68,,21436,,,0,30,,21442,,,0,71,,21449,,,0,30,,21446,,,0,70,,21456,,,0,30,,21445,,,0,80,,21450,,,0,30,,21468,,,0,71,,21452,,,0,99,,21455,,,0,100,,21434,,,0,99,,21443,,,0
667801,'3',805,,21492,,,0,31,,21471,,,0,70,,21491,,,0,30,,21496,,,0,70,,21490,,,0,30,,21499,,,0,22,,21489,,,0,72,,21493,,,0,72,,21488,,,0,36,,21497,,,0,75,,21487,,,0,25,,21495,,,0,69,,21486,,,0,29,,21494,,,0,70,,21485,,,0,30,,21498,,,0,70,,21484,,,0,30,,21478,,,0,70,,21483,,,0,30,,21474,,,0,70,,21482,,,0,30,,21470,,,0,70,,21481,,,0,30,,21473,,,0,70,,21480,,,0,27,,21469,,,0,73,,21479,,,0,19,,21476,,,0,96,,21477,,,0,101,,21475,,,0,100,,21472,,,0
669201,'1',511,,23898,,,0,48,,23899,,,0,70,,23900,,,0,30,,23901,,,0,60,,23902,,,0,24,,23903,,,0,60,,23904,,,0,20,,23905,,,0,20,,23906,,,0,60,,23907,,,0,20,,23908,,,0,20,,23909,,,0,60,,23910,,,0,20,,23911,,,0,20,,23912,,,0,60,,23913,,,0,20,,23914,,,0,20,,23915,,,0,60,,23916,,,0,20,,23917,,,0,20,,23918,,,0,60,,23919,,,0,20,,23920,,,0,20,,23921,,,0,60,,23922,,,0,20,,23923,,,0,20,,23924,,,0,60,,23925,,,0,21,,23926,,,0,20,,23927,,,0,60,,23928,,,0,20,,23929,,,0,20,,23930,,,0,60,,23931,,,0,20,,23932,,,0,20,,23933,,,0,60,,23934,,,0,19,,23935,,,0,25,,23936,,,0,68,,23937,,,0,30,,23938,,,0,70,,23939,,,0,30,,23940,,,0,68,,23941,,,0,35,,23942,0,46 47,0,77,,23943,0,46 47,0,29,,23944,0,46 47,0,77,,23945,0,46 47,0,69,,23946,0,46 47,0,42,,23947,0,46 47,0,72,,23948,0,46 47,0
669201,'2',512,,23949,,,0,32,,23950,,,0,70,,23951,,,0,30,,23952,,,0,71,,23953,,,0,32,,23954,,,0,70,,23955,,,0,32,,23956,,,0,70,,23957,,,0,31,,23958,,,0,70,,23959,,,0,30,,23960,,,0,70,,23961,,,0,20,,23962,,,0,60,,23963,,,0,20,,23964,,,0,20,,23965,,,0,60,,23966,,,0,20,,23967,,,0,20,,23968,,,0,60,,23969,,,0,20,,23970,,,0,20,,23971,,,0,17,,23972,,,0,63,,23973,,,0,20,,23974,,,0,60,,23975,,,0,20,,23976,,,0,20,,23977,,,0,60,,23978,,,0,20,,23979,,,0,18,,23980,,,0,21,,23981,,,0,60,,23982,,,0,30,,23983,,,0,68,,23984,,,0,30,,23985,,,0,70,,23986,,,0,19,,23987,0,46 47,0,80,,23988,0,46 47,0,40,,23989,0,46 47,0,80,,23990,0,46 47,0,80,,23991,0,46 47,0,40,,23992,0,46 47,0,82,,23993,0,46 47,0,80,,23994,0,46 47,0
669201,'3',624,,23995,,,0,22,,23996,,,0,70,,23997,,,0,30,,23998,,,0,71,,23999,,,0,30,,24000,,,0,70,,24001,,,0,31,,24002,,,0,70,,24003,,,0,30,,24004,,,0,70,,24005,,,0,20,,24006,,,0,20,,24007,,,0,60,,24008,,,0,20,,24009,,,0,20,,24010,,,0,60,,24011,,,0,20,,24012,,,0,20,,24013,,,0,60,,24014,,,0,20,,24015,,,0,20,,24016,,,0,60,,24017,,,0,20,,24018,,,0,20,,24019,,,0,60,,24020,,,0,20,,24021,,,0,20,,24022,,,0,60,,24023,,,0,20,,24024,,,0,20,,24025,,,0,60,,24026,,,0,29,,24027,,,0,71,,24028,,,0,30,,24029,,,0,69,,24030,,,0,30,,24031,,,0,69,,24032,0,46 47,0,40,,24033,0,46 47,0,80,,24034,0,46 47,0,78,,24035,0,46 47,0,42,,24036,0,46 47,0,81,,24037,0,46 47,0,80,,24038,0,46 47,0
683701,'1',2602,,38470,,,0
683701,'2',549,,38473,,,0,2058,,38472,,,0
683701,'3',614,,38480,,,0,40,,38481,,,0,71,,38482,,,0,32,,38483,,,0,1557,,38484,0,50 51,0,126,,38478,,,0,72,,38477,,,0,29,,38474,0,50 51,0,79,,38479,,,0,28,,38485,,,0
