661400,'1',518,,1077,,,0,14,,1078,,,0,22,,1081,,,0,58,,1116,,,0,18,,1079,,,0,6,,1065,,,0,14,,1117,,,0,54,,1063,,,0,15,,1088,,,0,16,,1089,,,0,14,,1090,,,0,53,,1091,,,0,16,,1098,,,0,16,,1104,,,0,16,,1118,,,0,56,,1092,,,0,15,,1058,,,0,15,,1059,,,0,15,,1100,,,0,55,,1101,,,0,15,,1102,,,0,15,,1103,,,0,15,,1119,,,0,55,,1120,,,0,15,,1115,,,0,15,,1095,,,0,15,,1060,,,0,55,,1087,,,0,15,,1062,,,0,15,,1096,,,0,15,,1099,,,0,55,,1055,,,0,15,,1056,,,0,15,,1082,,,0,16,,1083,,,0,55,,1084,,,0,15,,1093,,,0,15,,1113,,,0,15,,1114,,,0,54,,1080,,,0,2,,1094,,,0,12,,1066,,,0,12,,1067,,,0,12,,1068,,,0,12,,1110,,,0,51,,1069,,,0,12,,1070,,,0,13,,1071,,,0,10,,1073,,,0,10,,1108,,,0,49,,1122,,,0,10,,1097,,,0,10,,1121,,,0,10,,1107,,,0,10,,1109,,,0,10,,1076,,,0,49,,1123,,,0,10,,1111,,,0,9,,1112,,,0,12,,1075,,,0,12,,1085,,,0,12,,1074,,,0,52,,1061,,,0,15,,1106,,,0,20,,1064,,,0,59,,1105,,,0
661400,'2',601,,1177,,,0,17,,1165,,,0,17,,1169,,,0,15,,1160,,,0,61,,1164,,,0,21,,1209,,,0,20,,1181,,,0,60,,1180,,,0,14,,1166,,,0,6,,1151,,,0,18,,1193,,,0,55,,1194,,,0,16,,1195,,,0,15,,1196,,,0,14,,1197,,,0,54,,1168,,,0,16,,1185,,,0,14,,1183,,,0,13,,1148,,,0,54,,1149,,,0,13,,1150,,,0,12,,1218,,,0,12,,1171,,,0,12,,1153,,,0,52,,1152,,,0,12,,1201,,,0,12,,1170,,,0,12,,1172,,,0,13,,1211,,,0,52,,1173,,,0,13,,1174,,,0,7,,1219,,,0,7,,1202,,,0,13,,1207,,,0,12,,1161,,,0,52,,1212,,,0,12,,1147,,,0,13,,1156,,,0,12,,1157,,,0,12,,1158,,,0,52,,1213,,,0,12,,1198,,,0,12,,1214,,,0,12,,1208,,,0,12,,1167,,,0,52,,1187,,,0,12,,1200,,,0,12,,1215,,,0,12,,1189,,,0,13,,1203,,,0,52,,1175,,,0,12,,1206,,,0,12,,1179,,,0,12,,1216,,,0,12,,1210,,,0,50,,1144,,,0,12,,1145,,,0,13,,1146,,,0,12,,1217,,,0,12,,1220,,,0,53,,1154,,,0,13,,1155,,,0,16,,1188,,,0,21,,1176,,,0
661400,'3',614,,1243,,,0,35,,1238,,,0,70,,1242,,,0,17,,1269,,,0,70,,1256,,,0,30,,1257,,,0,20,,1244,,,0,49,,1229,,,0,26,,1261,,,0,20,,1266,,,0,57,,1273,,,0,16,,1245,,,0,15,,1274,,,0,15,,1275,,,0,56,,1272,,,0,17,,1265,,,0,16,,1230,,,0,16,,1264,,,0,53,,1246,,,0,3,,1277,,,0,17,,1278,,,0,16,,1279,,,0,56,,1280,,,0,15,,1281,,,0,12,,1228,,,0,12,,1222,,,0,12,,1284,,,0,52,,1235,,,0,12,,1248,,,0,12,,1239,,,0,12,,1249,,,0,13,,1285,,,0,52,,1251,,,0,12,,1234,,,0,12,,1283,,,0,12,,1223,,,0,12,,1286,,,0,52,,1226,,,0,13,,1258,,,0,14,,1259,,,0,15,,1260,,,0,55,,1237,,,0,14,,1252,,,0,15,,1253,,,0,15,,1254,,,0,55,,1255,,,0,14,,1241,,,0,15,,1276,,,0,15,,1227,,,0,55,,1231,,,0,18,,1232,,,0,19,,1233,,,0,19,,1282,,,0
661700,'1',556,,2805,,,0,68,,2806,,,0,18,,2807,,,0,16,,2808,,,0,52,,2809,,,0,14,,2810,,,0,12,,2811,,,0,12,,2812,,,0,53,,2813,,,0,9,,2814,,,0,10,,2815,,,0,10,,2816,,,0,11,,2817,,,0,12,,2818,,,0,53,,2819,,,0,12,,2820,,,0,15,,2821,,,0,15,,2822,,,0,53,,2823,,,0,15,,2824,,,0,15,,2825,,,0,15,,2826,,,0,57,,2827,,,0,15,,2828,,,0,15,,2829,,,0,15,,2830,,,0,55,,2831,,,0,15,,2832,,,0,17,,2833,,,0,15,,2834,,,0,56,,2835,,,0,15,,2836,,,0,16,,2837,,,0,15,,2838,,,0,55,,2839,,,0,15,,2840,,,0,15,,2841,,,0,15,,2842,,,0,52,,2843,,,0,12,,2844,,,0,11,,2845,,,0,12,,2846,,,0,12,,2847,,,0,52,,2848,,,0,12,,2849,,,0,13,,2850,,,0,12,,2851,,,0,12,,2852,,,0,52,,2853,,,0,12,,2854,,,0,13,,2855,,,0,15,,2856,,,0,15,,2857,,,0,58,,2858,,,0,20,,2859,,,0,20,,2860,,,0,60,,2861,,,0,19,,2862,,,0,20,,2863,,,0,61,,2864,,,0,20,,2865,,,0,20,,2866,,,0
661700,'152201',2117,,2868,,,0,20,,2869,,,0,20,,2870,,,0,60,,2871,,,0,20,,2872,,,0,20,,2873,,,0,60,,2874,,,0,21,,2875,,,0,20,,2876,,,0,58,,2877,,,0,25,,2878,,,0,75,,2879,,,0
661700,'152301',2117,,2880,,,0,20,,2881,,,0,20,,2882,,,0,60,,2883,,,0,20,,2884,,,0,20,,2885,,,0,60,,2886,,,0,21,,2887,,,0,20,,2888,,,0,58,,2889,,,0,25,,2890,,,0,75,,2891,,,0
661700,'2',557,,2892,,,0,70,,2893,,,0,20,,2894,,,0,60,,2895,,,0,19,,2896,,,0,22,,2897,,,0,61,,2898,,,0,21,,2899,,,0,15,,2900,,,0,55,,2901,,,0,16,,2902,,,0,16,,2903,,,0,15,,2904,,,0,55,,2905,,,0,15,,2906,,,0,15,,2907,,,0,15,,2908,,,0,55,,2909,,,0,15,,2910,,,0,15,,2911,,,0,15,,2912,,,0,55,,2913,,,0,15,,2914,,,0,16,,2915,,,0,15,,2916,,,0,57,,2917,,,0,15,,2918,,,0,16,,2919,,,0,16,,2920,,,0,55,,2921,,,0,16,,2922,,,0,15,,2923,,,0,16,,2924,,,0,55,,2925,,,0,15,,2926,,,0,12,,2927,,,0,12,,2928,,,0,52,,2929,,,0,13,,2930,,,0,13,,2931,,,0,13,,2932,,,0,13,,2933,,,0,52,,2934,,,0,11,,2935,,,0,12,,2936,,,0,12,,2937,,,0,12,,2938,,,0,52,,2939,,,0,12,,2940,,,0,13,,2941,,,0,15,,2942,,,0,15,,2943,,,0,55,,2944,,,0,15,,2945,,,0,14,,2946,,,0,13,,2947,,,0,59,,2948,,,0,21,,2949,,,0,20,,2950,,,0,61,,2951,,,0,20,,2952,,,0,21,,2953,,,0,60,,2954,,,0,20,,2955,,,0,20,,2956,,,0,60,,2957,,,0,18,,2958,,,0,19,,2959,,,0,57,,2960,,,0,35,,2961,,,0,72,,2962,,,0
661700,'3',620,,2963,,,0,30,,2964,,,0,72,,2965,,,0,29,,2966,,,0,72,,2967,,,0,33,,2968,,,0,66,,2969,,,0,22,,2970,,,0,62,,2971,,,0,22,,2972,,,0,23,,2973,,,0,60,,2974,,,0,15,,2975,,,0,15,,2976,,,0,15,,2977,,,0,54,,2978,,,0,15,,2979,,,0,15,,2980,,,0,15,,2981,,,0,55,,2982,,,0,16,,2983,,,0,14,,2984,,,0,13,,2985,,,0,55,,2986,,,0,15,,2987,,,0,15,,2988,,,0,15,,2989,,,0,55,,2990,,,0,15,,2991,,,0,15,,2992,,,0,15,,2993,,,0,55,,2994,,,0,15,,2995,,,0,15,,2996,,,0,15,,2997,,,0,55,,2998,,,0,15,,2999,,,0,15,,3000,,,0,16,,3001,,,0,56,,3002,,,0,16,,3003,,,0,15,,3004,,,0,15,,3005,,,0,60,,3006,,,0,22,,3007,,,0,19,,3008,,,0,60,,3009,,,0,21,,3010,,,0,21,,3011,,,0,59,,3012,,,0,20,,3013,,,0,20,,3014,,,0,60,,3015,,,0,20,,3016,,,0,20,,3017,,,0,60,,3018,,,0,20,,3019,,,0,20,,3020,,,0,59,,3021,,,0,31,,3022,,,0,68,,3023,,,0
1671700,'1',2033,,40779,,,0,26,,40778,,,0,72,,40777,,,0,70,,40776,,,0,30,,40775,,,0,70,,40774,,,0,30,,40773,,,0,28,,40772,,,0,70,,40770,,,0,29,,40771,,,0
1671700,'2',2023,,40788,,,0,32,,40787,,,0,71,,40786,,,0,31,,40785,,,0,70,,40784,,,0,28,,40780,,,0,70,,40783,,,0,33,,40782,,,0,101,,40781,,,0
1671700,'3',2029,,40796,,,0,29,,40795,,,0,68,,40794,,,0,32,,40793,,,0,71,,40792,,,0,29,,40791,,,0,70,,40790,,,0,26,,40789,,,0,70,,40798,,,0,30,,40797,,,0
