674901,'1',413,,34033,22,,,0,30,,34062,22,,,0,62,,34063,36,,,0,31,,34064,36,,,0,10,,34065,22,,,0,60,,34022,36,,,0,9,,34066,22,,,0,24,,34067,36,,,0,12,,34068,36,,,0,59,,34069,36,,,0,8,,34029,36,,,0,18,,34070,36,,,0,12,,34071,36,,,0,61,,34072,36,,,0,15,,34073,36,,,0,16,,34074,22,,,0,17,,34075,36,,,0,55,,34076,36,,,0,12,,34077,22,,,0,14,,34030,36,,,0,15,,34078,22,,,0,55,,34079,36,,,0,15,,34080,22,,,0,15,,34081,36,,,0,15,,34082,22,,,0,55,,34083,36,,,0,8,,34084,23,,,0,17,,34085,36,,,0,18,,34086,22,,,0,56,,34087,36,,,0,15,,34088,22,,,0,15,,34089,36,,,0,15,,34090,22,,,0,55,,34091,36,,,0,14,,34092,22,,,0,18,,34093,36,,,0,15,,34094,22,,,0,55,,34095,36,,,0,17,,34051,22,,,0,14,,34052,36,,,0,61,,34028,22,,,0,22,,34053,36,,,0,27,,34054,36,,,0,58,,34055,36,,,0,6,,34056,23,,,0,6,,34057,36,,,0,17,,34058,36,,,0,16,,34059,36,,,0,55,,34060,36,,,0,17,,34061,36,,,0,13,,34024,36,,,0,13,,34027,36,,,0,53,,34049,36,,,0,14,,34036,36,,,0,15,,34037,36,,,0,15,,34038,36,,,0,52,,34039,36,,,0,15,,34040,36,,,0,15,,34041,36,,,0,15,,34031,36,,,0,58,,34023,36,,,0,14,,34035,36,,,0,14,,34042,36,,,0,26,,34043,36,,,0,70,,34044,36,,,0,19,,34045,23,,,0,57,,34025,36,,,0,21,,34050,36,,,0,21,,34034,23,,,0,59,,34046,36,,,0,25,,34047,36,,,0,30,,34026,36,,,0,69,,34048,36,,,0,30,,34032,36,,,0,70,,34096,36,,,0
674901,'101',1534,,34098,22,,,0,10,,34097,36,,,0
674901,'2',539,,34100,36,,,0,71,,34101,22,,,0,24,,34102,36,,,0,68,,34103,22,,,0,18,,34104,36,,,0,12,,34105,22,,,0,15,,34106,36,,,0,55,,34107,22,,,0,15,,34108,36,,,0,15,,34109,22,,,0,15,,34110,36,,,0,55,,34111,22,,,0,15,,34112,36,,,0,15,,34113,22,,,0,17,,34114,36,,,0,55,,34115,22,,,0,15,,34116,36,,,0,15,,34117,22,,,0,15,,34118,36,,,0,55,,34119,22,,,0,16,,34120,36,,,0,14,,34121,22,,,0,13,,34122,36,,,0,59,,34123,22,,,0,17,,34124,36,,,0,15,,34125,22,,,0,16,,34126,36,,,0,55,,34127,22,,,0,14,,34128,36,,,0,15,,34129,22,,,0,15,,34130,36,,,0,55,,34131,22,,,0,15,,34132,36,,,0,15,,34133,22,,,0,15,,34134,36,,,0,55,,34135,22,,,0,15,,34136,36,,,0,15,,34137,22,,,0,15,,34138,36,,,0,55,,34139,22,,,0,15,,34140,36,,,0,20,,34141,22,,,0,15,,34142,36,,,0,54,,34143,22,,,0,15,,34144,36,,,0,15,,34145,22,,,0,15,,34146,36,,,0,52,,34147,22,,,0,15,,34148,36,,,0,15,,34149,22,,,0,15,,34150,36,,,0,55,,34151,22,,,0,13,,34152,36,,,0,15,,34153,36,,,0,15,,34154,36,,,0,55,,34155,36,,,0,23,,34156,36,,,0,70,,34157,36,,,0,30,,34158,36,,,0,70,,34159,36,,,0,30,,34160,36,,,0,70,,34161,36,,,0,30,,34162,36,,,0,70,,34163,36,,,0,30,,34164,36,,,0,70,,34165,36,,,0,26,,34166,36,,,0
674901,'201',1534,,34168,22,,,0,10,,34167,36,,,0
674901,'3',633,,34202,22,,,0,70,,34194,22,,,0,30,,34193,36,,,0,69,,34192,36,,,0,15,,34191,22,,,0,15,,34190,36,,,0,15,,34227,22,,,0,55,,34226,36,,,0,15,,34225,22,,,0,15,,34224,36,,,0,17,,34223,22,,,0,55,,34222,36,,,0,17,,34221,22,,,0,14,,34220,36,,,0,16,,34177,22,,,0,55,,34176,36,,,0,17,,34219,22,,,0,13,,34218,36,,,0,15,,34217,22,,,0,55,,34216,36,,,0,15,,34215,22,,,0,15,,34214,36,,,0,13,,34213,22,,,0,57,,34212,36,,,0,15,,34211,22,,,0,14,,34210,36,,,0,16,,34209,22,,,0,54,,34208,36,,,0,16,,34189,22,,,0,14,,34188,36,,,0,17,,34187,22,,,0,5,,34186,36,,,0,64,,34185,22,,,0,14,,34184,36,,,0,17,,34183,22,,,0,53,,34182,36,,,0,17,,34181,22,,,0,13,,34180,36,,,0,15,,34179,22,,,0,55,,34201,36,,,0,15,,34200,22,,,0,15,,34199,36,,,0,13,,34198,22,,,0,57,,34197,36,,,0,14,,34196,22,,,0,15,,34195,36,,,0,15,,34178,22,,,0,55,,34175,36,,,0,14,,34174,22,,,0,16,,34173,36,,,0,15,,34171,22,,,0,54,,34172,36,,,0,17,,34170,22,,,0,15,,34169,36,,,0,15,,34231,22,,,0,60,,34230,36,,,0,30,,34207,36,,,0,70,,34229,36,,,0,31,,34228,36,,,0,70,,34203,36,,,0,31,,34204,36,,,0,72,,34205,36,,,0,27,,34232,36,,,0,69,,34206,36,,,0
722401,'1',439,,38862,22,,,0,20,,38861,22,,,0,61,,38860,22,,,0,26,,38864,22,,,0,10,,38859,22,,,0,71,,38858,22,,,0,17,,38873,22,,,0,65,,38857,22,,,0,19,,38856,22,,,0,15,,38865,22,,,0,15,,38874,22,,,0,56,,38855,22,,,0,22,,38854,22,,,0,18,,38866,22,,,0,67,,38853,22,,,0,32,,38852,22,,,0,68,,38851,22,,,0,31,,38850,22,,,0,70,,38849,22,,,0,29,,38848,22,,,0,70,,38847,22,,,0,31,,38846,22,,,0,70,,38845,22,,,0,32,,38844,22,,,0,71,,38843,22,,,0,20,,38842,22,,,0,57,,38841,22,,,0,19,,38875,22,,,0,38,,38840,22,,,0,55,,38867,22,,,0,20,,38863,22,,,0,20,,38871,22,,,0,60,,38876,22,,,0,20,,38868,22,,,0,18,,38870,22,,,0,64,,38869,22,,,0,26,,38872,22,,,0,68,,38877,22,,,0,100,,38878,22,,,0,100,,38879,22,,,0
722401,'101',1542,,38880,22,,,0
722401,'201',1542,,38881,22,,,0
3454100,'1',543,,50214,8,,,0,70,,50215,8,,,0,30,,50216,8,,,0,70,,50217,8,,,0,30,,50218,8,,,0,70,,50219,8,,,0,30,,50220,8,,,0,71,,50221,8,,,0,39,,50222,8,,,0,80,,50223,8,,,0,80,,50224,8,,,0,40,,50225,8,,,0,81,,50226,8,,,0,80,,50227,8,,,0,40,,50228,8,,,0,80,,50229,8,,,0,81,,50230,8,,,0,40,,50231,8,,,0,75,,50232,8,,,0,70,,50233,8,,,0,31,,50234,8,,,0,69,,50235,8,,,0,38,,50236,8,,,0,90,,50237,8,,,0,80,,50238,8,,,0,40,,50239,8,,,0,80,,50240,8,,,0,80,,50241,8,,,0
3454100,'2',828,,50242,8,,,0,85,,50243,8,,,0,45,,50244,8,,,0,85,,50245,8,,,0,85,,50246,8,,,0,86,,50247,8,,,0,86,,50248,8,,,0,45,,50249,8,,,0,85,,50250,8,,,0,85,,50251,8,,,0,85,,50252,8,,,0,45,,50253,8,,,0,85,,50254,8,,,0,85,,50255,8,,,0,44,,50256,8,,,0,85,,50257,8,,,0,85,,50258,8,,,0,85,,50259,8,,,0,45,,50260,8,,,0
3454100,'3',828,,50261,8,,,0,85,,50262,8,,,0,45,,50263,8,,,0,85,,50264,8,,,0,85,,50265,8,,,0,85,,50266,8,,,0,46,,50267,8,,,0,85,,50268,8,,,0,85,,50269,8,,,0,85,,50270,8,,,0,45,,50271,8,,,0,85,,50272,8,,,0,85,,50273,8,,,0,85,,50274,8,,,0,45,,50275,8,,,0,85,,50276,8,,,0,85,,50277,8,,,0,85,,50278,8,,,0,45,,50279,8,,,0
