682800,'1',818,,155136,24,,,0,119,,155135,23,,,0,80,,155134,23,,,0,37,,155133,23,,,0,83,,155132,23,,,0,81,,155131,23,,,0,40,,155130,23,,,0,80,,155129,23,,,0,82,,155128,23,,,0,80,,155127,23,,,0,40,,155126,23,,,0,84,,155125,23,,,0,78,,155124,23,,,0,38,,155123,23,,,0,80,,155122,23,,,0,36,,155121,23,,,0,90,,155120,23,,,0,70,,155119,23,,,0
682800,'101',811,,155115,16,0,32,0,47,,155116,24,,,0
682800,'1201',2122,,155117,23,,,0,107,,155118,23,,,0
682800,'2',926,,155139,23,,,0,80,,155156,23,,,0,40,,155155,23,,,0,81,,155154,23,,,0,80,,155153,23,,,0,40,,155152,23,,,0,80,,155151,23,,,0,80,,155150,23,,,0,40,,155149,23,,,0,80,,155148,23,,,0,80,,155147,23,,,0,41,,155146,23,,,0,80,,155145,23,,,0,79,,155144,23,,,0,37,,155143,23,,,0,110,,155142,23,,,0,149,,155141,23,,,0,107,,155140,23,,,0,103,,155138,23,,,0
682800,'201',858,,155137,24,,,0
682800,'3',1128,,155162,23,,,0,80,,155169,23,,,0,40,,155161,23,,,0,80,,155168,23,,,0,80,,155167,23,,,0,40,,155160,23,,,0,80,,155166,23,,,0,79,,155159,23,,,0,40,,155158,23,,,0,80,,155165,23,,,0,80,,155164,23,,,0,39,,155157,23,,,0,80,,155163,23,,,0
3454300,'1',502,,169291,16,0,37,0,22,,169292,16,0,37,0,15,,169302,16,0,37,0,15,,169228,16,0,37,0,55,,169229,16,0,37,0,13,,169230,16,0,37,0,13,,169301,16,0,37,0,12,,169231,16,0,37,0,12,,169232,16,0,37,0,53,,169233,16,0,37,0,12,,169300,16,0,37,0,12,,169234,16,0,37,0,12,,169235,16,0,37,0,10,,169236,16,0,37,0,50,,169237,16,0,37,0,12,,169299,16,0,37,0,10,,169238,16,0,37,0,10,,169304,16,0,37,0,12,,169239,16,0,37,0,53,,169240,16,0,37,0,15,,169241,16,0,37,0,15,,169298,16,0,37,0,16,,169242,16,0,37,0,55,,169243,16,0,37,0,13,,169244,16,0,37,0,15,,169297,16,0,37,0,15,,169245,16,0,37,0,55,,169246,16,0,37,0,15,,169247,16,0,37,0,15,,169296,16,0,37,0,15,,169248,16,0,37,0,55,,169249,16,0,37,0,16,,169250,16,0,37,0,15,,169295,16,0,37,0,15,,169251,16,0,37,0,55,,169252,16,0,37,0,16,,169253,16,0,37,0,15,,169294,16,0,37,0,16,,169288,16,0,37,0,55,,169289,16,0,37,0,16,,169290,16,0,37,0,15,,169303,16,0,37,0,15,,169254,16,0,37,0,56,,169255,16,0,37,0,21,,169256,16,0,37,0,9,,169257,16,0,37,0,63,,169258,16,0,37,0,12,,169259,16,0,37,0,11,,169260,16,0,37,0,12,,169261,16,0,37,0,12,,169262,16,0,37,0,52,,169263,16,0,37,0,12,,169264,16,0,37,0,14,,169265,16,0,37,0,12,,169266,16,0,37,0,11,,169267,16,0,37,0,51,,169268,16,0,37,0,12,,169269,16,0,37,0,10,,169270,16,0,37,0,12,,169271,16,0,37,0,12,,169272,16,,,0,12,,169273,16,,,0,55,,169274,16,,,0,16,,169275,16,,,0,16,,169276,16,,,0,54,,169277,16,,,0,15,,169278,16,,,0,15,,169279,16,,,0,70,,169280,16,,,0,28,,169281,16,,,0,30,,169282,16,,,0,70,,169283,16,,,0,29,,169284,16,,,0,69,,169285,16,,,0,30,,169286,16,,,0,101,,169287,16,0,37,0,98,,169293,16,0,37,0
3454300,'101',1550,,169227,16,0,37,0
3454300,'2',535,,169334,16,,,0,67,,169333,16,,,0,30,,169332,16,,,0,26,,169331,16,,,0,72,,169330,16,,,0,71,,169329,16,,,0,30,,169328,16,,,0,71,,169327,16,,,0,21,,169307,16,,,0,20,,169326,16,,,0,60,,169325,16,,,0,21,,169324,16,,,0,20,,169323,16,,,0,60,,169322,16,,,0,20,,169321,16,,,0,20,,169320,16,,,0,60,,169319,16,,,0,21,,169318,16,,,0,20,,169317,16,,,0,60,,169316,16,,,0,21,,169315,16,,,0,20,,169314,16,,,0,60,,169313,16,,,0,20,,169312,16,,,0,20,,169311,16,,,0,60,,169310,16,,,0,20,,169309,16,,,0,20,,169308,16,,,0,60,,169355,16,,,0,21,,169354,16,,,0,20,,169353,16,,,0,60,,169352,16,,,0,19,,169351,16,,,0,20,,169350,16,,,0,60,,169349,16,,,0,19,,169348,16,,,0,20,,169347,16,,,0,60,,169346,16,,,0,28,,169345,16,,,0,70,,169344,16,,,0,33,,169343,16,,,0,70,,169342,16,,,0,30,,169341,16,,,0,70,,169340,16,,,0,29,,169339,16,,,0,70,,169338,16,,,0,100,,169337,16,,,0,100,,169336,16,0,37,0,96,,169335,16,0,37,0
3454300,'2001',1432,,169305,4,0,37,0
3454300,'201',1550,,169306,16,0,37,0
3454300,'3',538,,169398,16,,,0,72,,169399,16,,,0,30,,169356,16,,,0,71,,169357,16,,,0,30,,169358,16,,,0,71,,169359,16,,,0,29,,169383,16,,,0,71,,169384,16,,,0,28,,169385,16,,,0,67,,169386,16,,,0,25,,169391,16,,,0,20,,169387,16,,,0,60,,169388,16,,,0,20,,169392,16,,,0,19,,169389,16,,,0,60,,169390,16,,,0,20,,169393,16,,,0,20,,169360,16,,,0,60,,169361,16,,,0,20,,169394,16,,,0,20,,169362,16,,,0,60,,169363,16,,,0,20,,169395,16,,,0,20,,169364,16,,,0,60,,169365,16,,,0,20,,169396,16,,,0,20,,169366,16,,,0,60,,169367,16,,,0,20,,169397,16,,,0,21,,169368,16,,,0,61,,169369,16,,,0,30,,169370,16,,,0,71,,169371,16,,,0,32,,169372,16,,,0,75,,169373,16,,,0,36,,169374,16,,,0,74,,169375,16,,,0,75,,169376,16,,,0,35,,169377,16,,,0,80,,169378,16,,,0,30,,169379,16,,,0,150,,169380,16,,,0,100,,169381,16,0,37,0,100,,169382,16,0,37,0
3454300,'62101',1511,,169400,4,0,37,0
