672100,'1',1611,,146430,35,,,0,35,,146434,35,,,0,75,,146429,35,,,0,33,,146435,35,,,0,60,,146433,35,,,0,19,,146436,35,,,0,17,,146438,35,,,0,60,,146432,35,,,0,18,,146439,35,,,0,21,,146437,35,,,0,56,,146431,35,,,0
681601,'1',737,,153325,6,,,0,100,,153324,6,,,0,100,,153323,6,,,0,100,,153322,6,,,0,100,,153321,6,,,0,100,,153320,6,,,0,100,,153319,6,,,0,100,,153333,6,,,0,100,,153332,6,,,0,100,,153331,6,,,0,100,,153330,6,,,0,100,,153329,6,,,0,100,,153328,6,,,0,100,,153327,6,,,0,100,,153326,6,,,0
681601,'2',937,,153334,6,,,0,100,,153335,6,,,0,100,,153336,6,,,0,100,,153337,6,,,0,100,,153338,6,,,0,100,,153339,6,,,0,100,,153340,6,,,0,100,,153341,6,,,0,100,,153342,6,,,0,100,,153343,6,,,0,100,,153344,6,,,0,100,,153345,6,,,0,100,,153346,6,,,0
681601,'3',937,,153355,6,,,0,100,,153354,6,,,0,100,,153353,6,,,0,100,,153352,6,,,0,100,,153356,6,,,0,100,,153351,6,,,0,100,,153350,6,,,0,100,,153349,6,,,0,100,,153348,6,,,0,100,,153347,6,,,0
1169200,'1',540,,157366,42,,,0,19,,157367,42,,,0,58,,157384,42,,,0,19,,157368,42,,,0,17,,157365,42,,,0,59,,157401,42,,,0,17,,157385,42,,,0,17,,157364,42,,,0,56,,157402,42,,,0,15,,157363,42,,,0,16,,157386,42,,,0,15,,157405,42,,,0,55,,157362,42,,,0,15,,157361,42,,,0,18,,157387,42,,,0,20,,157360,42,,,0,60,,157388,42,,,0,20,,157359,42,,,0,20,,157358,42,,,0,60,,157389,42,,,0,20,,157352,42,,,0,21,,157378,42,,,0,60,,157390,42,,,0,20,,157370,42,,,0,21,,157369,42,,,0,60,,157391,42,,,0,21,,157357,42,,,0,20,,157356,42,,,0,60,,157392,42,,,0,21,,157355,42,,,0,61,,157354,42,,,0,20,,157353,42,,,0,21,,157393,42,,,0,61,,157351,42,,,0,20,,157383,42,,,0,20,,157394,42,,,0,61,,157382,42,,,0,15,,157395,42,,,0,16,,157381,42,,,0,13,,157398,42,,,0,55,,157380,42,,,0,12,,157396,42,,,0,13,,157379,42,,,0,14,,157399,42,,,0,13,,157377,42,,,0,60,,157397,42,,,0,20,,157376,42,,,0,19,,157375,42,,,0,60,,157400,42,,,0,23,,157374,42,,,0,70,,157373,42,,,0,30,,157372,42,,,0,70,,157371,42,,,0,95,,157403,42,,,0,57,,157404,42,,,0
1169200,'2',614,,157444,42,,,0,28,,157418,42,,,0,63,,157450,42,,,0,22,,157417,42,,,0,23,,157419,42,,,0,62,,157420,42,,,0,20,,157433,42,,,0,20,,157421,42,,,0,60,,157422,42,,,0,21,,157434,42,,,0,21,,157423,42,,,0,60,,157424,42,,,0,20,,157435,42,,,0,20,,157425,42,,,0,60,,157426,42,,,0,20,,157436,42,,,0,21,,157427,42,,,0,60,,157415,42,,,0,20,,157437,42,,,0,22,,157428,42,,,0,60,,157438,42,,,0,20,,157429,42,,,0,22,,157430,42,,,0,61,,157439,42,,,0,21,,157431,42,,,0,60,,157432,42,,,0,20,,157440,42,,,0,20,,157407,42,,,0,60,,157416,42,,,0,20,,157441,42,,,0,20,,157408,42,,,0,60,,157409,42,,,0,20,,157445,42,,,0,20,,157442,42,,,0,59,,157410,42,,,0,20,,157411,42,,,0,20,,157412,42,,,0,60,,157443,42,,,0,21,,157413,42,,,0,30,,157414,42,,,0,70,,157406,42,,,0,98,,157446,42,,,0,99,,157447,42,,,0,100,,157448,42,,,0,100,,157449,42,,,0
1169200,'3',630,,157489,42,,,0,71,,157477,42,,,0,30,,157462,42,,,0,70,,157461,42,,,0,30,,157463,42,,,0,71,,157464,42,,,0,31,,157465,42,,,0,71,,157466,42,,,0,28,,157467,42,,,0,27,,157473,42,,,0,71,,157468,42,,,0,70,,157469,42,,,0,32,,157470,42,,,0,70,,157471,42,,,0,30,,157472,42,,,0,69,,157474,42,,,0,30,,157479,42,,,0,20,,157475,42,,,0,60,,157476,42,,,0,20,,157480,42,,,0,20,,157451,42,,,0,60,,157452,42,,,0,20,,157481,42,,,0,19,,157453,42,,,0,60,,157454,42,,,0,20,,157482,42,,,0,20,,157455,42,,,0,60,,157456,42,,,0,21,,157483,42,,,0,20,,157457,42,,,0,60,,157458,42,,,0,20,,157484,42,,,0,23,,157459,42,,,0,65,,157460,42,,,0,25,,157478,42,,,0,97,,157485,42,,,0,99,,157486,42,,,0,100,,157487,42,,,0,96,,157488,42,,,0
1870501,'1',528,,159692,4,,,0,11,,159650,4,,,0,15,,159652,4,,,0,55,,159687,4,,,0,17,,159677,4,,,0,20,,159651,4,,,0,60,,159678,4,,,0,20,,159653,4,,,0,20,,159654,4,,,0,62,,159679,4,,,0,20,,159655,4,,,0,20,,159656,4,,,0,60,,159680,4,,,0,20,,159657,4,,,0,20,,159658,4,,,0,60,,159688,4,,,0,20,,159659,4,,,0,23,,159660,4,,,0,70,,159673,4,,,0,30,,159661,4,,,0,70,,159649,4,,,0,30,,159662,4,,,0,70,,159663,4,,,0,29,,159664,4,,,0,57,,159685,4,,,0,17,,159665,4,,,0,20,,159666,4,,,0,56,,159681,4,,,0,17,,159667,4,,,0,17,,159686,4,,,0,17,,159668,4,,,0,57,,159682,4,,,0,21,,159669,4,,,0,21,,159670,4,,,0,61,,159683,4,,,0,22,,159672,4,,,0,21,,159671,4,,,0,61,,159684,4,,,0,21,,159674,4,,,0,21,,159675,4,,,0,63,,159676,4,,,0,29,,159646,4,,,0,69,,159647,4,,,0,29,,159648,4,,,0,99,,159689,4,,,0,100,,159690,4,,,0,100,,159691,4,,,0
1870501,'2',551,,159711,4,,,0,70,,159712,4,,,0,30,,159713,4,,,0,70,,159714,4,,,0,30,,159715,4,,,0,70,,159716,4,,,0,32,,159717,4,,,0,72,,159718,4,,,0,31,,159696,4,,,0,70,,159697,4,,,0,30,,159698,4,,,0,72,,159699,4,,,0,72,,159700,4,,,0,32,,159701,4,,,0,72,,159702,4,,,0,30,,159703,4,,,0,70,,159704,4,,,0,30,,159705,4,,,0,70,,159706,4,,,0,30,,159707,4,,,0,70,,159708,4,,,0,30,,159709,4,,,0,70,,159710,4,,,0,30,,159719,4,,,0,67,,159720,4,,,0,28,,159721,4,,,0,30,,159722,4,,,0,70,,159723,4,,,0,29,,159693,4,,,0,70,,159694,4,,,0,30,,159695,4,,,0,93,,159724,4,,,0,100,,159725,4,,,0,100,,159726,4,,,0
1870501,'3',550,,159753,4,,,0,70,,159754,4,,,0,30,,159755,4,,,0,70,,159756,4,,,0,31,,159727,4,,,0,70,,159728,4,,,0,30,,159729,4,,,0,70,,159730,4,,,0,30,,159731,4,,,0,70,,159732,4,,,0,30,,159733,4,,,0,70,,159734,4,,,0,30,,159735,4,,,0,70,,159736,4,,,0,30,,159737,4,,,0,72,,159738,4,,,0,32,,159739,4,,,0,70,,159740,4,,,0,30,,159741,4,,,0,70,,159742,4,,,0,30,,159743,4,,,0,70,,159744,4,,,0,30,,159745,4,,,0,70,,159746,4,,,0,30,,159747,4,,,0,70,,159748,4,,,0,30,,159749,4,,,0,70,,159750,4,,,0,30,,159751,4,,,0,70,,159757,4,,,0,30,,159752,4,,,0,96,,159758,4,,,0,100,,159759,4,,,0,100,,159760,4,,,0
