672601,'1',612,,30843,20,,,0,89,,30844,48,,,0,33,,30845,48,,,0,72,,30846,48,,,0,31,,30847,48,,,0,70,,30848,48,,,0,34,,30849,48,,,0,72,,30850,48,,,0,25,,30851,42,,,0,65,,30852,42,,,0,37,,30853,42,,,0,70,,30854,42,,,0,30,,30855,42,,,0,65,,30856,42,,,0,40,,30857,42,,,0,74,,30858,42,,,0,31,,30859,42,,,0,61,,30860,42,,,0,27,,30861,42,,,0,74,,30862,48,,,0,30,,30863,48,,,0,76,,30864,48,,,0,24,,30865,48,,,0,68,,30866,48,,,0,31,,30867,48,,,0,72,,30868,42,,,0,27,,30869,42,,,0,68,,30870,42,,,0,31,,30837,42,,,0
672601,'2',713,,30891,42,,,0,102,,30878,42,,,0,32,,30893,42,,,0,69,,30894,42,,,0,30,,30892,42,,,0,70,,30895,42,,,0,28,,30876,42,,,0,68,,30896,42,,,0,28,,30877,42,,,0,68,,30897,42,,,0,31,,30879,42,,,0,73,,30898,42,,,0,28,,30880,42,,,0,68,,30899,42,,,0,30,,30882,42,,,0,71,,30883,42,,,0,30,,30900,42,,,0,70,,30871,42,,,0,30,,30890,42,,,0,69,,30872,42,,,0,32,,30881,42,,,0,72,,30873,42,,,0,31,,30885,42,,,0,70,,30874,42,,,0,28,,30884,42,,,0,74,,30875,42,,,0
672601,'3',827,,30927,42,,,0,79,,30917,42,,,0,30,,30901,42,,,0,77,,30918,42,,,0,34,,30914,42,,,0,78,,30919,42,,,0,75,,30909,42,,,0,23,,30920,42,,,0,31,,30902,42,,,0,67,,30921,42,,,0,28,,30903,42,,,0,72,,30926,42,,,0,29,,30913,42,,,0,69,,30922,42,,,0,29,,30904,42,,,0,68,,30923,42,,,0,29,,30905,42,,,0,72,,30924,42,,,0,28,,30906,42,,,0,70,,30925,42,,,0,30,,30907,42,,,0
3454300,'1',505,,50879,23,0,37,0,22,,50880,23,0,37,0,15,,50890,23,0,37,0,15,,50816,23,0,37,0,55,,50817,23,0,37,0,13,,50818,23,0,37,0,16,,50889,23,0,37,0,12,,50819,23,0,37,0,52,,50820,23,0,37,0,12,,50821,23,0,37,0,15,,50888,23,0,37,0,11,,50822,23,0,37,0,12,,50823,23,0,37,0,52,,50824,23,0,37,0,14,,50825,23,0,37,0,13,,50887,23,0,37,0,12,,50826,23,0,37,0,11,,50827,23,0,37,0,51,,50828,23,0,37,0,15,,50829,23,0,37,0,15,,50886,23,0,37,0,16,,50830,23,0,37,0,55,,50831,23,0,37,0,15,,50832,23,0,37,0,15,,50885,23,0,37,0,16,,50833,23,0,37,0,55,,50834,23,0,37,0,15,,50835,23,0,37,0,15,,50884,23,0,37,0,15,,50836,23,0,37,0,55,,50837,23,0,37,0,16,,50838,23,0,37,0,15,,50883,23,0,37,0,16,,50839,23,0,37,0,56,,50840,23,0,37,0,15,,50841,23,0,37,0,15,,50882,23,0,37,0,57,,50876,23,0,37,0,15,,50877,23,0,37,0,19,,50878,23,0,37,0,15,,50891,23,0,37,0,53,,50842,23,0,37,0,16,,50843,23,0,37,0,21,,50844,23,0,37,0,9,,50845,23,0,37,0,63,,50846,23,0,37,0,12,,50847,23,0,37,0,11,,50848,23,0,37,0,11,,50849,23,0,37,0,11,,50850,23,0,37,0,52,,50851,23,0,37,0,12,,50852,23,0,37,0,12,,50853,23,0,37,0,12,,50854,23,0,37,0,11,,50855,23,0,37,0,50,,50856,23,0,37,0,12,,50857,23,0,37,0,12,,50858,23,0,37,0,12,,50859,23,0,37,0,6,,50860,23,,,0,55,,50861,23,,,0,15,,50862,23,,,0,15,,50863,23,,,0,18,,50864,23,,,0,55,,50865,23,,,0,15,,50866,23,,,0,14,,50867,23,,,0,71,,50868,23,,,0,28,,50869,23,,,0,70,,50870,23,,,0,25,,50871,23,,,0,73,,50872,23,,,0,28,,50873,23,,,0,71,,50874,23,,,0,105,,50875,23,0,37,0,95,,50881,23,0,37,0
3454300,'101',1559,,50892,23,0,37,0
3454300,'2',540,,50920,23,,,0,67,,50919,23,,,0,30,,50918,23,,,0,64,,50917,23,,,0,32,,50916,23,,,0,71,,50915,23,,,0,33,,50914,23,,,0,71,,50913,23,,,0,21,,50893,23,,,0,21,,50912,23,,,0,60,,50911,23,,,0,20,,50910,23,,,0,21,,50909,23,,,0,60,,50908,23,,,0,20,,50907,23,,,0,21,,50906,23,,,0,60,,50905,23,,,0,20,,50904,23,,,0,21,,50903,23,,,0,60,,50902,23,,,0,20,,50901,23,,,0,20,,50900,23,,,0,60,,50899,23,,,0,20,,50898,23,,,0,20,,50897,23,,,0,60,,50896,23,,,0,20,,50895,23,,,0,20,,50894,23,,,0,60,,50941,23,,,0,20,,50940,23,,,0,20,,50939,23,,,0,60,,50938,23,,,0,20,,50937,23,,,0,20,,50936,23,,,0,60,,50935,23,,,0,20,,50934,23,,,0,18,,50933,23,,,0,60,,50932,23,,,0,29,,50931,23,,,0,70,,50930,23,,,0,30,,50929,23,,,0,70,,50928,23,,,0,32,,50927,23,,,0,70,,50926,23,,,0,29,,50925,23,,,0,70,,50924,23,,,0,98,,50923,23,,,0,100,,50922,23,0,37,0,97,,50921,23,0,37,0
3454300,'2001',1438,,50942,11,0,37,0
3454300,'201',1559,,50943,23,0,37,0
3454300,'3',540,,50986,23,,,0,76,,50987,23,,,0,30,,50944,23,,,0,70,,50945,23,,,0,30,,50946,23,,,0,70,,50947,23,,,0,31,,50971,23,,,0,68,,50972,23,,,0,28,,50973,23,,,0,67,,50974,23,,,0,27,,50979,23,,,0,20,,50975,23,,,0,60,,50976,23,,,0,20,,50980,23,,,0,19,,50977,23,,,0,60,,50978,23,,,0,20,,50981,23,,,0,20,,50948,23,,,0,60,,50949,23,,,0,22,,50982,23,,,0,19,,50950,23,,,0,60,,50951,23,,,0,20,,50983,23,,,0,20,,50952,23,,,0,60,,50953,23,,,0,20,,50984,23,,,0,21,,50954,23,,,0,58,,50955,23,,,0,20,,50985,23,,,0,20,,50956,23,,,0,66,,50957,23,,,0,27,,50958,23,,,0,67,,50959,23,,,0,34,,50960,23,,,0,75,,50961,23,,,0,76,,50962,23,,,0,35,,50963,23,,,0,74,,50964,23,,,0,35,,50965,23,,,0,75,,50966,23,,,0,35,,50967,23,,,0,147,,50968,23,,,0,103,,50969,23,0,37,0,100,,50970,23,0,37,0
3454300,'62101',1520,,50988,11,0,37,0
