666101,'1',537,,134749,35,,,0,13,,134750,35,,,0,57,,134719,35,,,0,15,,134720,35,,,0,16,,134721,35,,,0,15,,134722,35,,,0,56,,134723,35,,,0,13,,134724,35,,,0,17,,134725,35,,,0,16,,134726,35,,,0,53,,134727,35,,,0,13,,134728,35,,,0,19,,134729,35,,,0,15,,134730,35,,,0,56,,134731,35,,,0,14,,134732,35,,,0,20,,134733,35,,,0,60,,134734,35,,,0,30,,134735,35,,,0,70,,134736,35,,,0,30,,134737,35,,,0,71,,134738,35,,,0,29,,134739,35,,,0,70,,134740,35,,,0,30,,134741,35,,,0,69,,134742,35,,,0,28,,134743,35,,,0,70,,134744,35,,,0,25,,134745,35,,,0,15,,134746,35,,,0,14,,134767,35,,,0,55,,134747,35,,,0,18,,134748,35,,,0,13,,134751,35,,,0,15,,134752,35,,,0,53,,134769,35,,,0,16,,134753,35,,,0,16,,134754,35,,,0,13,,134755,35,,,0,52,,134756,35,,,0,17,,134757,35,,,0,18,,134758,35,,,0,65,,134759,35,,,0,22,,134760,35,,,0,28,,134761,35,,,0,69,,134762,35,,,0,30,,134763,35,,,0,73,,134764,35,,,0,23,,134765,35,,,0,74,,134766,35,,,0,100,,134768,35,,,0
666101,'2',551,,134782,35,,,0,70,,134781,35,,,0,30,,134776,35,,,0,70,,134780,35,,,0,30,,134799,35,,,0,70,,134774,35,,,0,30,,134773,35,,,0,70,,134772,35,,,0,30,,134800,35,,,0,71,,134771,35,,,0,30,,134778,35,,,0,70,,134777,35,,,0,30,,134779,35,,,0,70,,134784,35,,,0,33,,134775,35,,,0,70,,134796,35,,,0,30,,134795,35,,,0,70,,134794,35,,,0,30,,134793,35,,,0,70,,134792,35,,,0,30,,134791,35,,,0,70,,134798,35,,,0,30,,134770,35,,,0,70,,134790,35,,,0,29,,134789,35,,,0,69,,134788,35,,,0,29,,134787,35,,,0,70,,134786,35,,,0,29,,134801,35,,,0,75,,134785,35,,,0,30,,134802,35,,,0,70,,134797,35,,,0,30,,134803,35,,,0,70,,134783,35,,,0,100,,134804,35,,,0
666101,'3',720,,134822,35,,,0,30,,134809,35,,,0,71,,134823,35,,,0,30,,134810,35,,,0,70,,134824,35,,,0,30,,134811,35,,,0,70,,134821,35,,,0,31,,134812,35,,,0,72,,134825,35,,,0,30,,134813,35,,,0,70,,134805,35,,,0,30,,134814,35,,,0,70,,134806,35,,,0,30,,134815,35,,,0,70,,134826,35,,,0,30,,134816,35,,,0,70,,134827,35,,,0,30,,134817,35,,,0,70,,134828,35,,,0,30,,134818,35,,,0,69,,134829,35,,,0,29,,134819,35,,,0,70,,134830,35,,,0,30,,134820,35,,,0,70,,134831,35,,,0,29,,134833,35,,,0,70,,134832,35,,,0,33,,134834,35,,,0,67,,134807,35,,,0,100,,134808,35,,,0,100,,134835,35,,,0
666400,'1',605,,135384,48,,,0,30,,135377,48,,,0,69,,135378,48,,,0,30,,135349,48,,,0,70,,135350,48,,,0,33,,135351,48,,,0,76,,135352,48,,,0,28,,135353,48,,,0,71,,135381,48,,,0,30,,135354,48,,,0,70,,135355,48,,,0,32,,135356,48,,,0,72,,135357,48,,,0,30,,135358,48,,,0,70,,135359,48,,,0,28,,135360,48,,,0,70,,135361,48,,,0,31,,135363,48,,,0,71,,135364,48,,,0,34,,135365,48,,,0,70,,135379,48,,,0,30,,135366,48,,,0,70,,135367,48,,,0,30,,135368,48,,,0,70,,135369,48,,,0,26,,135370,48,,,0,70,,135348,48,,,0,30,,135362,48,,,0,62,,135371,48,,,0,23,,135372,48,,,0,74,,135380,48,,,0,36,,135383,48,,,0,82,,135373,48,,,0,77,,135374,48,,,0,39,,135375,48,,,0,79,,135382,48,,,0,40,,135376,48,,,0
666400,'2',634,,135385,48,,,0,72,,135386,48,,,0,31,,135387,48,,,0,70,,135388,48,,,0,31,,135389,48,,,0,70,,135390,48,,,0,30,,135391,48,,,0,72,,135392,48,,,0,31,,135393,48,,,0,72,,135394,48,,,0,30,,135395,48,,,0,70,,135396,48,,,0,29,,135397,48,,,0,70,,135398,48,,,0,32,,135399,48,,,0,69,,135400,48,,,0,32,,135401,48,,,0,70,,135402,48,,,0,29,,135403,48,,,0,70,,135404,48,,,0,28,,135405,48,,,0,70,,135406,48,,,0,30,,135407,48,,,0,69,,135408,48,,,0,30,,135409,48,,,0,67,,135410,48,,,0,30,,135411,48,,,0,70,,135412,48,,,0,100,,135413,48,,,0,98,,135414,48,,,0,98,,135415,48,,,0,100,,135416,48,,,0,96,,135417,48,,,0
666400,'3',745,,135418,48,,,0,104,,135419,48,,,0,100,,135420,48,,,0,100,,135421,48,,,0,102,,135422,48,,,0,68,,135436,48,,,0,33,,135423,48,,,0,68,,135437,48,,,0,32,,135424,48,,,0,70,,135438,48,,,0,30,,135425,48,,,0,70,,135439,48,,,0,30,,135426,48,,,0,68,,135440,48,,,0,32,,135427,48,,,0,68,,135441,48,,,0,31,,135428,48,,,0,67,,135442,48,,,0,33,,135429,48,,,0,97,,135430,48,,,0,100,,135431,48,,,0,98,,135432,48,,,0,100,,135435,48,,,0,99,,135433,48,,,0,156,,135434,48,,,0
666601,'1',542,,135914,42,,,0,76,,135911,42,,,0,30,,135910,42,,,0,73,,135915,42,,,0,23,,135909,42,,,0,62,,135882,42,,,0,30,,135908,42,,,0,70,,135907,42,,,0,26,,135888,42,,,0,71,,135906,42,,,0,30,,135905,42,,,0,71,,135904,42,,,0,30,,135903,42,,,0,70,,135894,42,,,0,31,,135893,42,,,0,72,,135892,42,,,0,30,,135902,42,,,0,70,,135891,42,,,0,30,,135901,42,,,0,72,,135900,42,,,0,18,,135899,42,,,0,20,,135898,42,,,0,59,,135913,42,,,0,26,,135920,42,,,0,20,,135890,42,,,0,61,,135897,45,,,0,11,,135921,45,,,0,13,,135896,45,,,0,14,,135916,45,,,0,55,,135912,45,,,0,17,,135880,45,,,0,20,,135881,45,,,0,58,,135895,45,,,0,32,,135889,45,,,0,22,,135917,42,,,0,68,,135922,42,,,0,34,,135918,42,,,0,69,,135919,42,,,0,28,,135923,42,,,0,76,,135883,42,,,0,71,,135884,42,,,0,43,,135885,42,,,0,85,,135886,42,,,0,85,,135887,42,,,0
666601,'101',1558,,135879,35,,,0
666601,'2',727,,135956,42,,,0,29,,135924,42,,,0,71,,135925,42,,,0,30,,135926,42,,,0,72,,135927,42,,,0,30,,135928,42,,,0,70,,135929,42,,,0,73,,135930,42,,,0,30,,135931,42,,,0,70,,135932,42,,,0,31,,135933,42,,,0,72,,135934,42,,,0,30,,135935,42,,,0,70,,135936,42,,,0,31,,135937,42,,,0,70,,135938,42,,,0,31,,135939,42,,,0,70,,135940,42,,,0,30,,135941,42,,,0,67,,135942,42,,,0,30,,135943,42,,,0,70,,135944,42,,,0,30,,135945,42,,,0,69,,135946,42,,,0,30,,135947,42,,,0,68,,135948,42,,,0,30,,135949,42,,,0,70,,135950,42,,,0,29,,135957,42,,,0,70,,135951,42,,,0,59,,135952,42,,,0,98,,135953,42,,,0,100,,135954,42,,,0,94,,135955,42,,,0
666601,'3',729,,135959,42,,,0,108,,135960,42,,,0,101,,135961,42,,,0,69,,135983,42,,,0,33,,135962,42,,,0,69,,135984,42,,,0,30,,135963,42,,,0,72,,135976,42,,,0,29,,135975,42,,,0,72,,135977,42,,,0,30,,135964,42,,,0,72,,135978,42,,,0,30,,135965,42,,,0,70,,135979,42,,,0,30,,135966,42,,,0,70,,135980,42,,,0,29,,135967,42,,,0,69,,135981,42,,,0,31,,135968,42,,,0,68,,135982,42,,,0,32,,135969,42,,,0,66,,135985,42,,,0,32,,135970,42,,,0,68,,135986,42,,,0,32,,135971,42,,,0,70,,135987,42,,,0,28,,135972,42,,,0,97,,135958,42,,,0,98,,135973,42,,,0,94,,135974,42,,,0
666801,'1',531,,136534,12,,,0,72,,136516,12,,,0,31,,136535,12,,,0,70,,136517,12,,,0,31,,136536,12,,,0,72,,136518,12,,,0,30,,136537,12,,,0,67,,136519,12,,,0,31,,136538,12,,,0,70,,136520,12,,,0,29,,136539,12,,,0,71,,136521,12,,,0,31,,136540,12,,,0,70,,136522,12,,,0,30,,136541,12,,,0,70,,136523,12,,,0,30,,136542,12,,,0,70,,136524,12,,,0,32,,136543,12,,,0,70,,136525,12,,,0,36,,136544,12,,,0,67,,136533,12,,,0,27,,136545,12,,,0,70,,136526,12,,,0,30,,136546,12,,,0,69,,136527,12,,,0,20,,136547,12,,,0,25,,136528,12,,,0,70,,136508,12,,,0,27,,136529,12,,,0,70,,136509,12,,,0,30,,136530,12,,,0,70,,136510,12,,,0,30,,136531,12,,,0,69,,136511,12,,,0,30,,136532,12,,,0,69,,136512,12,,,0,30,,136513,12,,,0,99,,136514,12,,,0,98,,136515,12,,,0
666801,'2',616,,136559,12,,,0,31,,136560,12,,,0,70,,136561,12,,,0,30,,136562,12,,,0,70,,136563,12,,,0,30,,136564,12,,,0,71,,136565,12,,,0,30,,136566,12,,,0,71,,136567,12,,,0,30,,136568,12,,,0,70,,136569,12,,,0,30,,136570,12,,,0,70,,136571,12,,,0,30,,136572,12,,,0,72,,136573,12,,,0,30,,136574,12,,,0,70,,136575,12,,,0,30,,136576,12,,,0,71,,136577,12,,,0,30,,136578,12,,,0,70,,136579,12,,,0,30,,136580,12,,,0,68,,136581,12,,,0,30,,136582,12,,,0,70,,136583,12,,,0,30,,136584,12,,,0,69,,136585,12,,,0,31,,136586,12,,,0,69,,136587,12,,,0,29,,136548,12,,,0,65,,136549,12,,,0,30,,136550,12,,,0,70,,136551,12,,,0,35,,136552,12,,,0,69,,136553,12,,,0,30,,136554,12,,,0,70,,136555,12,,,0,30,,136556,12,,,0,70,,136557,12,,,0,30,,136558,12,,,0
666801,'3',616,,136589,12,,,0,31,,136590,12,,,0,70,,136591,12,,,0,30,,136592,12,,,0,70,,136593,12,,,0,31,,136594,12,,,0,69,,136595,12,,,0,31,,136596,12,,,0,70,,136597,12,,,0,30,,136598,12,,,0,72,,136599,12,,,0,30,,136623,12,,,0,70,,136600,12,,,0,30,,136601,12,,,0,71,,136588,12,,,0,28,,136602,12,,,0,70,,136603,12,,,0,30,,136604,12,,,0,70,,136605,12,,,0,30,,136606,12,,,0,70,,136607,12,,,0,30,,136608,12,,,0,70,,136609,12,,,0,30,,136610,12,,,0,70,,136611,12,,,0,30,,136612,12,,,0,70,,136613,12,,,0,30,,136614,12,,,0,69,,136615,12,,,0,30,,136616,12,,,0,70,,136617,12,,,0,30,,136618,12,,,0,70,,136619,12,,,0,28,,136620,12,,,0,68,,136621,12,,,0,33,,136622,12,,,0
722401,'1',506,,155871,42,,,0,21,,155870,42,,,0,20,,155869,42,,,0,61,,155873,42,,,0,16,,155868,42,,,0,34,,155867,42,,,0,62,,155882,42,,,0,23,,155866,42,,,0,60,,155865,42,,,0,14,,155874,42,,,0,15,,155883,42,,,0,17,,155864,42,,,0,63,,155863,42,,,0,18,,155875,42,,,0,29,,155862,42,,,0,72,,155861,42,,,0,28,,155860,42,,,0,70,,155859,42,,,0,30,,155858,42,,,0,69,,155857,42,,,0,31,,155856,42,,,0,71,,155855,42,,,0,71,,155854,42,,,0,31,,155853,42,,,0,72,,155852,42,,,0,20,,155851,42,,,0,22,,155850,42,,,0,59,,155884,42,,,0,39,,155849,42,,,0,7,,155889,9,,,0,50,,155876,42,,,0,17,,155872,42,,,0,8,,155890,9,,,0,9,,155880,42,,,0,18,,155885,42,,,0,57,,155877,42,,,0,19,,155879,42,,,0,23,,155878,42,,,0,69,,155881,42,,,0,25,,155886,42,,,0,101,,155887,42,,,0,99,,155888,42,,,0
722401,'101',1627,,155848,42,,,0
722401,'201',1627,,155891,42,,,0
