661200,'1',510,,1,,,0,18,,2,,,0,17,,3,,,0,60,,4,,,0,14,,5,,,0,10,,6,,,0,9,,7,,,0,8,,8,,,0,9,,9,,,0,46,,10,,,0,9,,11,,,0,3,,12,,,0,8,,13,,,0,18,,15,,,0,17,,17,,,0,57,,19,,,0,18,,21,,,0,20,,23,,,0,59,,25,,,0,22,,27,,,0,27,,29,,,0,63,,31,,,0,24,,33,,,0,60,,35,,,0,24,,37,,,0,27,,39,,,0,64,,41,,,0,24,,43,,,0,62,,45,,,0,24,,47,,,0,21,,49,,,0,50,,50,,,0,20,,52,,,0,12,,54,,,0,9,,55,,,0,57,,57,,,0,1,,58,,,0,18,,60,,,0,19,,62,,,0,17,,64,,,0,57,,66,,,0,18,,68,,,0,20,,70,,,0,60,,72,,,0,25,,74,,,0,20,,76,,,0,50,,77,,,0,10,,78,,,0,15,,79,,,0,12,,80,,,0,11,,81,,,0,54,,82,,,0,12,,83,,,0,15,,84,,,0,15,,85,,,0,55,,86,,,0,15,,87,,,0,18,,88,,,0,15,,89,,,0,55,,90,,,0,15,,91,,,0,15,,92,,,0,14,,93,,,0,55,,94,,,0,15,,95,,,0,16,,96,,,0,14,,97,,,0,55,,98,,,0,17,,99,,,0,19,,100,,,0,71,,101,,,0,30,,102,,,0,73,,103,,,0
661200,'2',543,,104,,,0,60,,105,,,0,20,,106,,,0,18,,107,,,0,59,,108,,,0,20,,109,,,0,19,,110,,,0,20,,111,,,0,54,,112,,,0,12,,113,,,0,12,,114,,,0,12,,115,,,0,10,,116,,,0,62,,118,,,0,22,,120,,,0,11,,121,,,0,64,,123,,,0,23,,125,,,0,64,,127,,,0,23,,129,,,0,22,,131,,,0,64,,133,,,0,24,,135,,,0,62,,137,,,0,19,,139,,,0,10,,140,,,0,20,,142,,,0,60,,144,,,0,20,,146,,,0,20,,148,,,0,60,,150,,,0,21,,152,,,0,20,,154,,,0,60,,156,,,0,20,,158,,,0,22,,160,,,0,60,,162,,,0,22,,164,,,0,20,,166,,,0,60,,168,,,0,22,,170,,,0,12,,171,,,0,52,,172,,,0,14,,173,,,0,16,,174,,,0,15,,175,,,0,56,,176,,,0,15,,177,,,0,15,,178,,,0,15,,179,,,0,55,,180,,,0,15,,181,,,0,16,,182,,,0,15,,183,,,0,55,,184,,,0,15,,185,,,0,18,,186,,,0,15,,187,,,0,55,,188,,,0,15,,189,,,0,19,,190,,,0,15,,191,,,0,53,,192,,,0,13,,193,,,0,14,,194,,,0,15,,195,,,0,55,,196,,,0
661200,'3',613,,197,,,0,19,,198,,,0,20,,199,,,0,59,,200,,,0,10,,201,,,0,13,,202,,,0,13,,203,,,0,12,,204,,,0,49,,205,,,0,12,,206,,,0,13,,207,,,0,13,,208,,,0,12,,209,,,0,51,,210,,,0,23,,212,,,0,24,,214,,,0,64,,216,,,0,23,,218,,,0,64,,220,,,0,23,,222,,,0,24,,224,,,0,64,,226,,,0,8,,227,,,0,20,,229,,,0,60,,231,,,0,10,,232,,,0,20,,234,,,0,20,,236,,,0,60,,238,,,0,21,,240,,,0,20,,242,,,0,60,,244,,,0,20,,246,,,0,20,,248,,,0,60,,250,,,0,20,,252,,,0,20,,254,,,0,61,,256,,,0,20,,258,,,0,62,,260,,,0,20,,262,,,0,15,,263,,,0,15,,264,,,0,55,,265,,,0,15,,266,,,0,16,,267,,,0,15,,268,,,0,55,,269,,,0,15,,270,,,0,18,,271,,,0,15,,272,,,0,55,,273,,,0,15,,274,,,0,15,,275,,,0,15,,276,,,0,55,,277,,,0,15,,278,,,0,17,,279,,,0,15,,280,,,0,55,,281,,,0,15,,282,,,0,17,,283,,,0,15,,284,,,0,58,,285,,,0,15,,286,,,0,16,,287,,,0,55,,288,,,0,17,,289,,,0
661201,'1',606,,290,4,,0,19,,291,4,,0,22,,292,4,,0,62,,293,4,,0,17,,294,4,,0,20,,296,4,,0,57,,298,4,,0,19,,300,4,,0,18,,302,4,,0,18,,304,4,,0,48,,305,4,,0,17,,307,4,,0,18,,309,4,,0,9,,310,4,,0,58,,312,4,,0,21,,314,4,,0,22,,316,4,,0,63,,318,4,,0,23,,320,4,,0,64,,322,4,,0,26,,324,4,,0,28,,326,4,,0,64,,328,4,,0,20,,330,4,,0,64,,332,4,,0,22,,334,4,,0,26,,336,4,,0,61,,338,4,,0,20,,340,4,,0,18,,342,4,,0,54,,344,4,,0,17,,346,4,,0,17,,348,4,,0,17,,350,4,,0,48,,351,4,,0,17,,353,4,,0,17,,355,4,,0,18,,357,4,,0,50,,358,4,,0,10,,359,4,,0,10,,360,4,,0,10,,361,4,,0,6,,362,4,,0,10,,363,4,,0,50,,364,4,,0,9,,365,4,,0,10,,366,4,,0,10,,367,4,,0,11,,368,4,,0,12,,369,4,,0,51,,370,4,,0,12,,371,4,,0,12,,372,4,,0,14,,373,4,,0,15,,374,4,,0,55,,375,4,,0,15,,376,4,,0,13,,377,4,,0,15,,378,4,,0,55,,379,4,,0,15,,380,4,,0,15,,381,4,,0,16,,382,4,,0,55,,383,4,,0,15,,384,4,,0,11,,385,4,,0,18,,386,4,,0,58,,387,4,,0,17,,388,4,,0,29,,389,4,,0,69,,390,4,,0,30,,391,4,,0
661201,'2',630,,392,4,,0,21,,393,4,,0,59,,394,4,,0,18,,395,4,,0,24,,396,4,,0,61,,397,4,,0,19,,398,4,,0,15,,399,4,,0,59,,400,4,,0,26,,402,4,,0,24,,404,4,,0,65,,406,4,,0,23,,408,4,,0,64,,410,4,,0,24,,412,4,,0,24,,414,4,,0,67,,416,4,,0,24,,418,4,,0,62,,420,4,,0,24,,422,4,,0,24,,424,4,,0,62,,426,4,,0,20,,428,4,,0,20,,430,4,,0,63,,432,4,,0,21,,434,4,,0,60,,436,4,,0,20,,438,4,,0,20,,440,4,,0,58,,442,4,,0,20,,444,4,,0,20,,446,4,,0,60,,448,4,,0,20,,450,4,,0,18,,452,4,,0,10,,453,4,,0,10,,454,4,,0,50,,455,4,,0,10,,456,4,,0,10,,457,4,,0,9,,458,4,,0,12,,459,4,,0,52,,460,4,,0,12,,461,4,,0,14,,462,4,,0,15,,463,4,,0,15,,464,4,,0,51,,465,4,,0,15,,466,4,,0,15,,467,4,,0,15,,468,4,,0,55,,469,4,,0,15,,470,4,,0,15,,471,4,,0,15,,472,4,,0,55,,473,4,,0,15,,474,4,,0,13,,475,4,,0,15,,476,4,,0,55,,477,4,,0,15,,478,4,,0,13,,479,4,,0,15,,480,4,,0,53,,481,4,,0,13,,482,4,,0,14,,483,4,,0,15,,484,4,,0,55,,485,4,,0
661201,'3',709,,486,4,,0,19,,487,4,,0,20,,488,4,,0,59,,489,4,,0,12,,490,4,,0,13,,491,4,,0,13,,492,4,,0,12,,493,4,,0,52,,494,4,,0,28,,496,4,,0,66,,498,4,,0,24,,500,4,,0,24,,502,4,,0,66,,504,4,,0,24,,506,4,,0,64,,508,4,,0,24,,510,4,,0,24,,512,4,,0,64,,514,4,,0,23,,516,4,,0,60,,518,4,,0,20,,520,4,,0,20,,522,4,,0,60,,524,4,,0,20,,526,4,,0,21,,528,4,,0,60,,530,4,,0,20,,532,4,,0,20,,534,4,,0,60,,536,4,,0,20,,538,4,,0,20,,540,4,,0,60,,542,4,,0,20,,544,4,,0,10,,545,4,,0,8,,546,4,,0,10,,547,4,,0,10,,548,4,,0,50,,549,4,,0,10,,550,4,,0,10,,551,4,,0,15,,552,4,,0,15,,553,4,,0,55,,554,4,,0,15,,555,4,,0,13,,556,4,,0,15,,557,4,,0,55,,558,4,,0,15,,559,4,,0,13,,560,4,,0,15,,561,4,,0,55,,562,4,,0,15,,563,4,,0,13,,564,4,,0,15,,565,4,,0,55,,566,4,,0,15,,567,4,,0,15,,568,4,,0,15,,569,4,,0,55,,570,4,,0,15,,571,4,,0,13,,572,4,,0,15,,573,4,,0,58,,574,4,,0,13,,575,4,,0,15,,576,4,,0,15,,577,4,,0,57,,578,4,,0
683600,'1',2540,,38419,,,0,70,,38420,,,0,30,,38421,,,0
683600,'2',2532,,38422,,,0,76,,38423,,,0,31,,38424,,,0
683600,'3',2542,,38425,,,0,70,,38426,,,0,30,,38427,,,0
683601,'1',2637,,38428,4,,0,70,,38429,4,,0,30,,38430,4,,0
683601,'2',2635,,38431,4,,0,76,,38432,4,,0,30,,38433,4,,0
683601,'3',2636,,38434,4,,0,70,,38435,4,,0,30,,38436,4,,0
