661400,'152301_merged_15291801',2116,,59156,26,0,10,0,20,,59157,26,0,10,0,20,,59158,26,0,10,0,59,,59159,26,0,10,0,20,,59160,26,0,10,0,20,,59161,26,0,10,0,60,,59162,26,0,10,0,20,,59163,26,0,10,0,20,,59164,26,0,10,0,65,,59165,26,0,10,0
661400,'2_merged_15291797',2112,,59283,26,0,10,0,21,,59291,26,0,10,0,22,,59251,26,0,10,0,60,,59276,26,0,10,0,20,,59255,26,0,10,0,20,,59284,26,0,10,0,60,,59254,26,0,10,0,20,,59297,26,0,10,0,19,,59274,26,0,10,0,68,,59270,26,0,10,0
661400,'3_merged_15291796',2049,,59359,26,0,10,0,60,,59360,26,0,10,0,20,,59342,26,0,10,0,24,,59339,26,0,10,0,62,,59317,26,0,10,0,20,,59362,26,0,10,0,20,,59332,26,0,10,0,59,,59355,26,0,10,0,21,,59363,26,0,10,0,20,,59328,26,0,10,0,67,,59354,26,0,10,0
661700,'152301_merged_15291801',2107,,60909,31,,,0,20,,60910,31,,,0,20,,60911,31,,,0,60,,60912,31,,,0,20,,60913,31,,,0,20,,60914,31,,,0,60,,60915,31,,,0,21,,60916,31,,,0,20,,60917,31,,,0,59,,60918,31,,,0,25,,60919,31,,,0,75,,60920,31,,,0
661700,'2_merged_15291797',2104,,61043,31,,,0,21,,61044,31,,,0,21,,61045,31,,,0,60,,61046,31,,,0,21,,61047,31,,,0,21,,61048,31,,,0,60,,61049,31,,,0,17,,61050,31,,,0,19,,61051,31,,,0,56,,61052,31,,,0,35,,61053,31,,,0,72,,61054,31,,,0
661700,'3_merged_15291796',2109,,61104,31,,,0,20,,61105,31,,,0,20,,61106,31,,,0,60,,61107,31,,,0,20,,61108,31,,,0,20,,61109,31,,,0,59,,61110,31,,,0,20,,61111,31,,,0,20,,61112,31,,,0,60,,61113,31,,,0,31,,61114,31,,,0,68,,61115,31,,,0
662000,'152301_merged_15291801',2110,,62526,33,,,0,15,,62527,33,,,0,15,,62528,33,,,0,16,,62529,33,,,0,60,,62530,33,,,0,20,,62532,33,,,0,20,,62534,33,,,0,60,,62531,33,,,0,20,,62533,33,,,0,22,,62535,33,,,0,70,,62536,33,,,0,30,,62524,33,,,0,70,,62525,33,,,0
662000,'2_merged_15291797',2054,,62681,33,,,0,59,,62682,33,,,0,20,,62683,33,,,0,20,,62684,33,,,0,60,,62685,33,,,0,20,,62686,33,,,0,20,,62687,33,,,0,62,,62688,33,,,0,20,,62689,33,,,0,65,,62690,33,,,0,30,,62691,33,,,0,71,,62692,33,,,0,30,,62693,33,,,0
662000,'3_merged_15291796',2104,,62753,33,,,0,20,,62754,33,,,0,20,,62755,33,,,0,60,,62756,33,,,0,20,,62757,33,,,0,20,,62758,33,,,0,60,,62759,33,,,0,20,,62760,33,,,0,20,,62761,33,,,0,56,,62762,33,,,0,30,,62763,33,,,0,70,,62764,33,,,0,30,,62765,33,,,0
662200,'152301_merged_15291801',2106,,63446,31,0,24 14 8,0,18,,63447,31,0,24 14 8,0,23,,63448,31,0,24 14 8,0,57,,63449,31,0,24 14 8,0,21,,63450,31,0,24 14 8,0,24,,63451,31,0,24 14 8,0,59,,63452,31,0,24 14 8,0,16,,63453,31,0,24 14 8,0,22,,63454,31,0,24 14 8,0,67,,63455,31,0,24 14 8,0,32,,63456,31,,,0,73,,63457,31,,,0
662200,'2_merged_15291797',2055,,63569,31,0,24 14 8,0,55,,63611,31,0,24 14 8,0,16,,63554,31,0,24 14 8,0,15,,63548,31,0,24 14 8,0,60,,63550,31,0,24 14 8,0,20,,63559,31,0,24 14 8,0,24,,63616,31,0,24 14 8,0,60,,63557,31,0,24 14 8,0,20,,63614,31,0,24 14 8,0,22,,63613,31,0,24 14 8,0,67,,63553,31,0,24 14 8,0,30,,63615,31,,,0,70,,63617,31,,,0
662200,'3_merged_15291796',2112,,63696,31,0,24 14 8,0,16,,63697,31,0,24 14 8,0,17,,63698,31,0,24 14 8,0,58,,63699,31,0,24 14 8,0,19,,63700,31,0,24 14 8,0,20,,63701,31,0,24 14 8,0,60,,63702,31,0,24 14 8,0,20,,63703,31,0,24 14 8,0,27,,63704,31,0,24 14 8,0,66,,63705,31,,,0,30,,63706,31,,,0,69,,63707,31,,,0
662301,'152301_merged_15291801',2057,,64212,2,,,0,60,,64213,2,,,0,20,,64214,2,,,0,20,,64215,2,,,0,60,,64216,2,,,0,20,,64217,2,,,0,20,,64218,2,,,0,64,,64219,2,,,0,20,,64220,2,,,0,60,,64221,2,,,0,25,,64222,2,,,0,33,,64223,2,,,0,68,,64224,2,,,0
662301,'2_merged_15291797',2054,,64346,2,,,0,58,,64347,2,,,0,20,,64348,2,,,0,20,,64349,2,,,0,58,,64350,2,,,0,21,,64351,2,,,0,20,,64352,2,,,0,60,,64353,2,,,0,20,,64354,2,,,0,70,,64355,2,,,0,30,,64356,2,,,0,70,,64357,2,,,0,32,,64358,2,,,0
662301,'3_merged_15291796',2104,,64418,2,,,0,15,,64419,2,,,0,15,,64420,2,,,0,15,,64421,2,,,0,60,,64422,2,,,0,20,,64423,2,,,0,20,,64424,2,,,0,60,,64425,2,,,0,20,,64426,2,,,0,20,,64427,2,,,0,60,,64428,2,,,0,28,,64429,2,,,0,70,,64430,2,,,0,32,,64431,2,,,0
662501,'152301_merged_15291801',2117,,65543,2,,,0,15,,65544,2,,,0,14,,65545,2,,,0,54,,65546,2,,,0,14,,65547,2,,,0,14,,65548,2,,,0,12,,65549,2,,,0,15,,65550,2,,,0,54,,65551,2,,,0,15,,65552,2,,,0,10,,65553,2,,,0,13,,65554,2,,,0,55,,65555,2,0,107,0,14,,65558,2,0,22 14,0,18,,65556,2,0,107,0,21,,65559,2,0,22 14,0,60,,65560,2,0,22 14,0,20,,65557,2,0,107,0,20,,65542,2,0,22 14,0
662501,'2_merged_15291797',2101,,65657,2,,,0,15,,65719,2,,,0,13,,65667,2,,,0,15,,65716,2,,,0,15,,65688,2,,,0,55,,65684,2,,,0,12,,65693,2,,,0,15,,65692,2,,,0,15,,65691,2,,,0,55,,65690,2,,,0,15,,65655,2,,,0,15,,65654,2,,,0,64,,65668,2,0,107,0,29,,65651,2,0,107,0,70,,65662,2,0,107,0,30,,65721,2,0,107,0
662501,'3_merged_15291796',2107,,65735,2,,,0,13,,65750,2,,,0,15,,65749,2,,,0,16,,65744,2,,,0,54,,65738,2,,,0,16,,65740,2,,,0,15,,65736,2,,,0,15,,65751,2,,,0,54,,65739,2,,,0,15,,65737,2,,,0,13,,65746,2,,,0,15,,65795,2,,,0,55,,65745,2,0,107,0,31,,65747,2,0,107,0,70,,65743,2,0,107,0,30,,65748,2,0,107,0
663700,'152301_merged_15291801',2102,,69225,12,,,0,16,,69226,12,,,0,20,,69227,12,,,0,20,,69228,12,,,0,63,,69229,12,,,0,18,,69230,12,,,0,65,,69231,12,,,0,23,,69232,12,,,0,22,,69237,12,,,0,74,,69233,12,,,0,25,,69234,12,,,0,70,,69235,12,,,0,39,,69236,12,,,0
663700,'2_merged_15291797',2056,,69352,12,,,0,60,,69353,12,,,0,21,,69354,12,,,0,20,,69355,12,,,0,61,,69356,12,,,0,20,,69357,12,,,0,20,,69358,12,,,0,63,,69359,12,,,0,31,,69360,12,,,0,71,,69361,12,,,0,30,,69362,12,,,0,69,,69363,12,,,0,19,,69364,12,,,0
663700,'3_merged_15291796',2116,,69422,12,,,0,20,,69423,12,,,0,20,,69424,12,,,0,64,,69425,12,,,0,22,,69426,12,,,0,14,,69427,12,,,0,61,,69428,12,,,0,26,,69429,12,,,0,70,,69430,12,,,0,31,,69431,12,,,0,68,,69432,12,,,0,30,,69433,12,,,0
683300,'1_merged_15291795',2604,,96786,33,4,,0,33,,96788,33,4,,0,71,,96787,33,4,,0
683300,'2_merged_15291797',2603,,96789,33,4,,0,30,,96791,33,4,,0,68,,96790,33,4,,0
683300,'3_merged_15291796',2603,,96792,33,4,,0,30,,96794,33,4,,0,70,,96793,33,4,,0,37,,96795,33,4,,0
683301,'1_merged_15291795',2609,,96796,1,,,0,14,,96799,1,,,0,19,,96797,1,,,0,72,,96798,1,,,0
683301,'2_merged_15291797',2612,,96802,1,,,0,13,,96803,1,,,0,20,,96801,1,,,0,61,,96800,1,,,0
683301,'3_merged_15291796',2610,,96806,1,,,0,30,,96805,1,,,0,70,,96804,1,,,0
1671800,'152301_merged_15291801',2110,,99518,34,0,10,0,16,,99519,34,0,10,0,15,,99520,34,0,10,0,15,,99521,34,0,10,0,55,,99522,34,0,10,0,20,,99523,34,0,10,0,21,,99524,34,0,10,0,58,,99525,34,0,10,0,20,,99526,34,0,10,0,70,,99527,34,0,10,0,16,,99516,34,0,10,0,15,,99528,34,0,10,0,15,,99517,34,0,10,0,55,,99529,34,0,10,0,30,,99530,34,0,10,0
1671800,'2_merged_15291797',326,,99707,34,0,10,0,30,,99708,34,0,10,0,1751,,99621,34,0,10,0,15,,99622,34,0,10,0,15,,99623,34,0,10,0,15,,99624,34,0,10,0,60,,99633,34,0,10,0,20,,99625,34,0,10,0,20,,99626,34,0,10,0,60,,99627,34,0,10,0,21,,99628,34,0,10,0,24,,99629,34,0,10,0,70,,99630,34,0,10,0,30,,99631,34,0,10,0,70,,99632,34,0,10,0
1671800,'3_merged_15291796',324,,99793,34,0,10,0,30,,99794,34,0,10,0,1758,,99775,34,0,10,0,15,,99776,34,0,10,0,15,,99777,34,0,10,0,15,,99789,34,0,10,0,59,,99778,34,0,10,0,20,,99779,34,0,10,0,20,,99780,34,0,10,0,59,,99781,34,0,10,0,21,,99782,34,0,10,0,64,,99783,34,0,10,0,30,,99784,34,0,10,0,70,,99785,34,0,10,0,30,,99786,34,0,10,0
