670000,'1',540,,141572,27,,,0,15,,141581,27,,,0,55,,141596,27,,,0,16,,141606,27,,,0,15,,141565,27,,,0,15,,141597,27,,,0,55,,141583,27,,,0,30,,141605,27,,,0,59,,141576,27,,,0,20,,141574,27,,,0,20,,141591,27,,,0,60,,141607,27,,,0,20,,141563,27,,,0,20,,141566,27,,,0,67,,141584,27,,,0,30,,141594,27,,,0,70,,141564,27,,,0,30,,141560,27,,,0,71,,141592,27,,,0,30,,141586,27,,,0,70,,141593,27,,,0,30,,141578,27,,,0,71,,141562,27,,,0,30,,141598,27,,,0,70,,141604,27,,,0,20,,141573,27,,,0,20,,141590,27,,,0,60,,141588,27,,,0,20,,141585,27,,,0,20,,141571,27,,,0,60,,141570,27,,,0,19,,141569,27,,,0,20,,141568,27,,,0,70,,141575,27,,,0,30,,141595,27,,,0,69,,141587,27,,,0,30,,141577,27,,,0,70,,141599,27,,,0,30,,141580,27,,,0,70,,141600,27,,,0,29,,141579,27,,,0,70,,141601,27,,,0,28,,141567,27,,,0,70,,141602,27,,,0,28,,141582,27,,,0,72,,141603,27,,,0,35,,141561,27,,,0,75,,141589,27,,,0
670000,'101',728,,141559,27,,,0
670000,'2',549,,141642,27,,,0,68,,141643,27,,,0,18,,141649,27,,,0,18,,141644,27,,,0,70,,141629,27,,,0,30,,141613,27,,,0,71,,141628,27,,,0,31,,141612,27,,,0,68,,141627,27,,,0,28,,141626,27,,,0,70,,141625,27,,,0,31,,141624,27,,,0,70,,141623,27,,,0,30,,141622,27,,,0,70,,141621,27,,,0,30,,141630,27,,,0,70,,141620,27,,,0,30,,141619,27,,,0,70,,141618,27,,,0,30,,141617,27,,,0,70,,141616,27,,,0,30,,141615,27,,,0,70,,141614,27,,,0,30,,141641,27,,,0,70,,141640,27,,,0,30,,141639,27,,,0,70,,141638,27,,,0,30,,141611,27,,,0,69,,141637,27,,,0,30,,141610,27,,,0,70,,141636,27,,,0,30,,141609,27,,,0,70,,141635,27,,,0,30,,141645,27,,,0,68,,141634,27,,,0,30,,141646,27,,,0,69,,141633,27,,,0,35,,141647,27,,,0,74,,141632,27,,,0,32,,141648,27,,,0,77,,141631,27,,,0
670000,'201',728,,141608,27,,,0
670000,'3',748,,141681,27,,,0,70,,141664,27,,,0,31,,141677,27,,,0,70,,141668,27,,,0,31,,141660,27,,,0,70,,141665,27,,,0,30,,141661,27,,,0,70,,141654,27,,,0,30,,141666,27,,,0,70,,141657,27,,,0,30,,141658,27,,,0,71,,141659,27,,,0,30,,141667,27,,,0,70,,141656,27,,,0,30,,141676,27,,,0,70,,141670,27,,,0,30,,141671,27,,,0,69,,141675,27,,,0,30,,141672,27,,,0,70,,141673,27,,,0,30,,141663,27,,,0,70,,141669,27,,,0,30,,141650,27,,,0,70,,141651,27,,,0,30,,141678,27,,,0,70,,141652,27,,,0,30,,141679,27,,,0,70,,141655,27,,,0,30,,141680,27,,,0,68,,141653,27,,,0,97,,141674,27,,,0,110,,141662,27,,,0
670200,'1',535,,141948,19,,,0,20,,141967,19,,,0,60,,141960,19,,,0,20,,141964,19,,,0,20,,141955,19,,,0,60,,141963,19,,,0,20,,141965,19,,,0,20,,141946,19,,,0,60,,141962,19,,,0,20,,141966,19,,,0,20,,141944,19,,,0,60,,141943,19,,,0,28,,141942,19,,,0,70,,141941,19,,,0,31,,141940,19,,,0,70,,141939,19,,,0,31,,141951,19,,,0,70,,141950,19,,,0,30,,141956,19,,,0,70,,141935,19,,,0,30,,141937,19,,,0,71,,141936,19,,,0,31,,141947,19,,,0,68,,141954,19,,,0,30,,141934,19,,,0,70,,141933,19,,,0,31,,141961,19,,,0,71,,141959,19,,,0,30,,141949,19,,,0,70,,141957,19,,,0,29,,141958,19,,,0,70,,141945,19,,,0,32,,141953,19,,,0,103,,141938,19,,,0,101,,141952,19,,,0
670200,'2',615,,141968,19,,,0,35,,141969,19,,,0,75,,141970,19,,,0,75,,141971,19,,,0,31,,141972,19,,,0,70,,141973,19,,,0,30,,141974,19,,,0,70,,141975,19,,,0,30,,141976,19,,,0,70,,141977,19,,,0,30,,141978,19,,,0,70,,141979,19,,,0,31,,141980,19,,,0,70,,141981,19,,,0,30,,141982,19,,,0,70,,141983,19,,,0,30,,141984,19,,,0,70,,141985,19,,,0,30,,141986,19,,,0,70,,141987,19,,,0,30,,141988,19,,,0,71,,141989,19,,,0,30,,141990,19,,,0,70,,141991,19,,,0,30,,141992,19,,,0,70,,141993,19,,,0,30,,141994,19,,,0,70,,141995,19,,,0,30,,141996,19,,,0,70,,141997,19,,,0,27,,141998,19,,,0,28,,141999,19,,,0
670200,'3',825,,142007,19,,,0,102,,142006,19,,,0,103,,142002,19,,,0,103,,142001,19,,,0,102,,142008,19,,,0,72,,142016,19,,,0,30,,142011,19,,,0,70,,142017,19,,,0,30,,142000,19,,,0,70,,142018,19,,,0,30,,142003,19,,,0,70,,142019,19,,,0,30,,142014,19,,,0,70,,142020,19,,,0,29,,142004,19,,,0,70,,142021,19,,,0,30,,142009,19,,,0,70,,142022,19,,,0,30,,142012,19,,,0,100,,142013,19,,,0,100,,142010,19,,,0,97,,142005,19,,,0,97,,142015,19,,,0
671800,'1',534,,146379,19,,,0,69,,146377,19,,,0,30,,146380,19,,,0,70,,146378,19,,,0,107,,146376,19,,,0
671800,'101',728,,146375,19,,,0
671800,'201',728,,146381,19,,,0
