674901,'1',424,,34033,33,,,0,31,,34062,33,,,0,62,,34063,47,,,0,31,,34064,47,,,0,10,,34065,33,,,0,61,,34022,47,,,0,9,,34066,33,,,0,25,,34067,47,,,0,52,,34068,47,,,0,19,,34069,47,,,0,8,,34029,47,,,0,20,,34070,47,,,0,52,,34071,47,,,0,21,,34072,47,,,0,15,,34073,47,,,0,15,,34074,33,,,0,57,,34075,47,,,0,15,,34076,47,,,0,11,,34077,33,,,0,14,,34030,47,,,0,55,,34078,33,,,0,15,,34079,47,,,0,15,,34080,33,,,0,15,,34081,47,,,0,55,,34082,33,,,0,15,,34083,47,,,0,8,,34084,34,,,0,17,,34085,47,,,0,58,,34086,33,,,0,16,,34087,47,,,0,15,,34088,33,,,0,15,,34089,47,,,0,55,,34090,33,,,0,15,,34091,47,,,0,15,,34092,33,,,0,18,,34093,47,,,0,56,,34094,33,,,0,15,,34095,47,,,0,18,,34051,33,,,0,14,,34052,47,,,0,61,,34028,33,,,0,22,,34053,47,,,0,67,,34054,47,,,0,18,,34055,47,,,0,6,,34056,34,,,0,6,,34057,47,,,0,17,,34058,47,,,0,56,,34059,47,,,0,15,,34060,47,,,0,17,,34061,47,,,0,11,,34024,47,,,0,53,,34027,47,,,0,13,,34049,47,,,0,14,,34036,47,,,0,14,,34037,47,,,0,55,,34038,47,,,0,12,,34039,47,,,0,15,,34040,47,,,0,15,,34041,47,,,0,15,,34031,47,,,0,58,,34023,47,,,0,14,,34035,47,,,0,14,,34042,47,,,0,66,,34043,47,,,0,30,,34044,47,,,0,59,,34045,34,,,0,17,,34025,47,,,0,19,,34050,47,,,0,21,,34034,34,,,0,59,,34046,47,,,0,24,,34047,47,,,0,70,,34026,47,,,0,28,,34048,47,,,0,70,,34032,47,,,0,30,,34096,47,,,0
674901,'101',1551,,34098,33,,,0,50,,34097,47,,,0
674901,'2',550,,34100,47,,,0,71,,34101,33,,,0,25,,34102,47,,,0,66,,34103,33,,,0,20,,34104,47,,,0,11,,34105,33,,,0,15,,34106,47,,,0,55,,34107,33,,,0,16,,34108,47,,,0,16,,34109,33,,,0,55,,34110,47,,,0,15,,34111,33,,,0,16,,34112,47,,,0,15,,34113,33,,,0,57,,34114,47,,,0,15,,34115,33,,,0,15,,34116,47,,,0,15,,34117,33,,,0,55,,34118,47,,,0,15,,34119,33,,,0,16,,34120,47,,,0,14,,34121,33,,,0,53,,34122,47,,,0,20,,34123,33,,,0,17,,34124,47,,,0,15,,34125,33,,,0,58,,34126,47,,,0,15,,34127,33,,,0,13,,34128,47,,,0,15,,34129,33,,,0,55,,34130,47,,,0,15,,34131,33,,,0,14,,34132,47,,,0,15,,34133,33,,,0,56,,34134,47,,,0,15,,34135,33,,,0,15,,34136,47,,,0,15,,34137,33,,,0,55,,34138,47,,,0,15,,34139,33,,,0,15,,34140,47,,,0,19,,34141,33,,,0,54,,34142,47,,,0,14,,34143,33,,,0,15,,34144,47,,,0,15,,34145,33,,,0,55,,34146,47,,,0,12,,34147,33,,,0,15,,34148,47,,,0,15,,34149,33,,,0,54,,34150,47,,,0,15,,34151,33,,,0,12,,34152,47,,,0,15,,34153,47,,,0,55,,34154,47,,,0,15,,34155,47,,,0,23,,34156,47,,,0,70,,34157,47,,,0,30,,34158,47,,,0,70,,34159,47,,,0,28,,34160,47,,,0,70,,34161,47,,,0,30,,34162,47,,,0,70,,34163,47,,,0,30,,34164,47,,,0,70,,34165,47,,,0,26,,34166,47,,,0
674901,'201',1551,,34168,33,,,0,50,,34167,47,,,0
674901,'3',644,,34202,33,,,0,70,,34194,33,,,0,30,,34193,47,,,0,69,,34192,47,,,0,16,,34191,33,,,0,16,,34190,47,,,0,55,,34227,33,,,0,15,,34226,47,,,0,15,,34225,33,,,0,15,,34224,47,,,0,57,,34223,33,,,0,15,,34222,47,,,0,17,,34221,33,,,0,14,,34220,47,,,0,56,,34177,33,,,0,15,,34176,47,,,0,18,,34219,33,,,0,13,,34218,47,,,0,56,,34217,33,,,0,15,,34216,47,,,0,15,,34215,33,,,0,15,,34214,47,,,0,53,,34213,33,,,0,17,,34212,47,,,0,15,,34211,33,,,0,14,,34210,47,,,0,56,,34209,33,,,0,14,,34208,47,,,0,18,,34189,33,,,0,14,,34188,47,,,0,57,,34187,33,,,0,5,,34186,47,,,0,24,,34185,33,,,0,14,,34184,47,,,0,57,,34183,33,,,0,13,,34182,47,,,0,16,,34181,33,,,0,13,,34180,47,,,0,55,,34179,33,,,0,15,,34201,47,,,0,13,,34200,33,,,0,15,,34199,47,,,0,53,,34198,33,,,0,17,,34197,47,,,0,14,,34196,33,,,0,15,,34195,47,,,0,53,,34178,33,,,0,15,,34175,47,,,0,14,,34174,33,,,0,16,,34173,47,,,0,55,,34171,33,,,0,14,,34172,47,,,0,16,,34170,33,,,0,15,,34169,47,,,0,55,,34231,33,,,0,20,,34230,47,,,0,30,,34207,47,,,0,70,,34229,47,,,0,31,,34228,47,,,0,70,,34203,47,,,0,30,,34204,47,,,0,72,,34205,47,,,0,27,,34232,47,,,0,69,,34206,47,,,0
3003701,'1',522,,44089,8,,,0,30,,44090,8,,,0,70,,44091,8,,,0,24,,44088,8,,,0,5,,44092,8,,,0,63,,44087,8,,,0,8,,44093,8,,,0,24,,44086,8,,,0,62,,44080,8,,,0,17,,44094,8,,,0,34,,44095,8,,,0,68,,44096,8,,,0,30,,44097,8,,,0,68,,44098,8,,,0,30,,44099,8,,,0,69,,44100,8,,,0,31,,44101,8,,,0,71,,44102,8,,,0,30,,44103,8,,,0,72,,44104,8,,,0,31,,44105,8,,,0,69,,44106,8,,,0,74,,44107,8,,,0,29,,44108,8,,,0,72,,44109,8,,,0,30,,44110,8,,,0,19,,44123,8,,,0,50,,44111,8,,,0,4,,44085,8,,,0,25,,44112,8,,,0,5,,44084,8,,,0,64,,44113,8,,,0,3,,44083,8,,,0,16,,44079,8,,,0,18,,44114,8,,,0,3,,44082,8,,,0,69,,44115,8,,,0,18,,44116,8,,,0,5,,44081,8,,,0,75,,44117,8,,,0,96,,44118,8,,,0,99,,44119,8,,,0,99,,44120,8,,,0,104,,44121,8,,,0,95,,44122,8,,,0
3003701,'101',750,,44126,8,,,0,99,,44125,8,,,0,682,,44124,8,,,0
3003701,'2',648,,44130,8,,,0,72,,44145,8,,,0,30,,44131,8,,,0,70,,44152,8,,,0,32,,44132,8,,,0,71,,44153,8,,,0,30,,44133,8,,,0,72,,44146,8,,,0,30,,44134,8,,,0,73,,44147,8,,,0,30,,44135,8,,,0,70,,44148,8,,,0,31,,44136,8,,,0,70,,44149,8,,,0,30,,44137,8,,,0,70,,44150,8,,,0,30,,44138,8,,,0,69,,44151,8,,,0,30,,44157,8,,,0,70,,44154,8,,,0,30,,44139,8,,,0,70,,44155,8,,,0,28,,44127,8,,,0,70,,44156,8,,,0,29,,44128,8,,,0,145,,44129,8,,,0,58,,44140,8,,,0,99,,44141,8,,,0,97,,44142,8,,,0,100,,44143,8,,,0,99,,44144,8,,,0
3003701,'201',750,,44158,8,,,0
3003701,'3',655,,44172,8,,,0,100,,44174,8,,,0,101,,44175,8,,,0,144,,44176,8,,,0,101,,44173,8,,,0,30,,44177,8,,,0,70,,44159,8,,,0,32,,44178,8,,,0,70,,44160,8,,,0,30,,44179,8,,,0,70,,44161,8,,,0,30,,44180,8,,,0,70,,44162,8,,,0,30,,44181,8,,,0,70,,44163,8,,,0,29,,44182,8,,,0,70,,44164,8,,,0,30,,44183,8,,,0,19,,44185,8,,,0,60,,44165,8,,,0,18,,44184,8,,,0,30,,44166,8,,,0,100,,44167,8,,,0,98,,44168,8,,,0,99,,44169,8,,,0,100,,44170,8,,,0,97,,44171,8,,,0
