667300,'1',540,,136873,21,,,0,76,,136881,21,,,0,20,,136872,21,,,0,11,,136882,21,,,0,67,,136871,21,,,0,24,,136870,21,,,0,68,,136844,31,,,0,12,,136883,19,,,0,37,,136884,31,,,0,55,,136846,19,,,0,24,,136845,19,,,0,25,,136867,21,,,0,65,,136866,21,,,0,30,,136865,33,,,0,70,,136857,33,,,0,29,,136856,33,,,0,68,,136855,33,,,0,32,,136854,33,,,0,70,,136853,33,,,0,30,,136874,33,,,0,60,,136852,33,,,0,40,,136851,33,,,0,66,,136850,33,,,0,28,,136869,33,,,0,70,,136860,33,,,0,3,,136868,33,,,0,15,,136864,33,,,0,77,,136859,33,,,0,21,,136858,33,,,0,68,,136863,33,,,0,15,,136877,33,,,0,13,,136862,33,,,0,15,,136848,33,,,0,68,,136861,33,,,0,31,,136876,21,,,0,70,,136885,21,,,0,31,,136879,21,,,0,69,,136886,21,,,0,31,,136849,21,,,0,97,,136878,21,,,0,100,,136880,21,,,0,100,,136847,21,,,0,96,,136875,21,,,0
667300,'101',833,,136842,28,,,0,695,,136843,15,0,32,0,130,,136841,33,,,0,89,,136840,33,,,0
667300,'2',636,,136890,21,,,0,99,,136891,21,,,0,102,,136892,21,,,0,105,,136893,21,,,0,59,,136894,21,,,0,17,,136924,21,,,0,20,,136895,21,,,0,21,,136896,33,,,0,61,,136897,33,,,0,20,,136925,33,,,0,60,,136912,33,,,0,20,,136898,33,,,0,20,,136926,33,,,0,61,,136913,33,,,0,20,,136899,33,,,0,20,,136927,33,,,0,59,,136914,33,,,0,20,,136900,33,,,0,21,,136928,33,,,0,59,,136901,33,,,0,21,,136932,33,,,0,19,,136915,33,,,0,19,,136902,33,,,0,62,,136929,33,,,0,19,,136916,33,,,0,19,,136903,33,,,0,59,,136930,33,,,0,22,,136917,33,,,0,19,,136918,33,,,0,60,,136931,33,,,0,20,,136919,33,,,0,61,,136911,33,,,0,33,,136904,33,,,0,73,,136920,21,,,0,30,,136905,21,,,0,70,,136921,21,,,0,32,,136906,21,,,0,69,,136923,21,,,0,31,,136907,21,,,0,69,,136922,21,,,0,30,,136908,21,,,0,100,,136909,21,,,0,101,,136910,21,,,0
667300,'201',838,,136887,19,,,0,820,,136888,33,,,0,89,,136889,33,,,0
667300,'3',710,,136933,21,,,0,94,,136934,21,,,0,31,,136976,21,,,0,20,,136962,21,,,0,61,,136977,21,,,0,21,,136953,33,,,0,22,,136955,33,,,0,61,,136968,33,,,0,20,,136935,33,,,0,60,,136936,33,,,0,21,,136952,33,,,0,19,,136969,33,,,0,60,,136937,33,,,0,20,,136961,33,,,0,20,,136970,33,,,0,60,,136938,33,,,0,21,,136960,33,,,0,19,,136971,33,,,0,61,,136939,33,,,0,19,,136959,33,,,0,20,,136972,33,,,0,61,,136940,33,,,0,20,,136958,33,,,0,20,,136973,33,,,0,60,,136941,33,,,0,20,,136974,33,,,0,20,,136957,33,,,0,60,,136942,33,,,0,20,,136975,33,,,0,20,,136956,33,,,0,60,,136943,33,,,0,20,,136944,33,,,0,25,,136954,33,,,0,67,,136965,33,,,0,31,,136945,21,,,0,70,,136963,21,,,0,28,,136946,21,,,0,70,,136964,21,,,0,30,,136947,21,,,0,70,,136966,21,,,0,30,,136948,21,,,0,70,,136967,21,,,0,30,,136949,21,,,0,100,,136950,21,,,0,100,,136951,21,,,0
667400,'1',510,,137147,15,,,0,33,,137148,15,,,0,89,,137139,15,,,0,72,,137145,15,,,0,28,,137138,15,,,0,73,,137129,15,,,0,28,,137137,15,,,0,71,,137124,15,,,0,32,,137123,15,,,0,76,,137122,15,,,0,31,,137121,15,,,0,70,,137131,15,,,0,31,,137130,15,,,0,69,,137118,15,,,0,28,,137120,15,,,0,66,,137146,15,,,0,28,,137119,15,,,0,74,,137125,15,,,0,27,,137140,15,,,0,70,,137126,15,,,0,97,,137136,15,,,0,30,,137141,15,,,0,73,,137128,15,,,0,31,,137135,15,,,0,73,,137134,15,,,0,24,,137132,15,,,0,79,,137143,15,,,0,27,,137149,15,,,0,71,,137142,15,,,0,31,,137150,15,,,0,69,,137144,15,,,0,100,,137117,15,,,0,99,,137133,15,,,0,101,,137127,15,,,0
667400,'101',1547,,137116,15,,,0
667400,'2',546,,137180,15,,,0,84,,137152,15,,,0,101,,137153,15,,,0,70,,137184,15,,,0,30,,137154,15,,,0,74,,137183,15,,,0,20,,137155,15,,,0,29,,137156,15,,,0,75,,137157,15,,,0,72,,137158,15,,,0,33,,137159,15,,,0,72,,137160,15,,,0,33,,137161,15,,,0,70,,137162,15,,,0,30,,137163,15,,,0,69,,137164,15,,,0,30,,137165,15,,,0,71,,137166,15,,,0,30,,137167,15,,,0,69,,137168,15,,,0,32,,137169,15,,,0,69,,137170,15,,,0,30,,137171,15,,,0,71,,137172,15,,,0,29,,137173,15,,,0,68,,137174,15,,,0,30,,137181,15,,,0,70,,137175,15,,,0,28,,137182,15,,,0,72,,137176,15,,,0,30,,137185,15,,,0,70,,137177,15,,,0,30,,137186,15,,,0,70,,137178,15,,,0,99,,137179,15,,,0
667400,'201',1547,,137151,15,,,0
667400,'3',742,,137213,15,,,0,90,,137187,15,,,0,70,,137188,15,,,0,29,,137211,15,,,0,70,,137212,15,,,0,30,,137189,15,,,0,71,,137190,15,,,0,31,,137191,15,,,0,70,,137192,15,,,0,30,,137193,15,,,0,70,,137194,15,,,0,30,,137195,15,,,0,70,,137196,15,,,0,30,,137197,15,,,0,71,,137198,15,,,0,29,,137199,15,,,0,70,,137200,15,,,0,29,,137201,15,,,0,72,,137202,15,,,0,29,,137203,15,,,0,74,,137204,15,,,0,30,,137205,15,,,0,70,,137206,15,,,0,29,,137214,15,,,0,70,,137207,15,,,0,29,,137215,15,,,0,71,,137208,15,,,0,29,,137216,15,,,0,70,,137209,15,,,0,30,,137217,15,,,0,76,,137210,15,,,0
