679900,'1_merged_15529700',605,,152335,1,,,0,30,,152334,1,,,0,70,,152327,1,,,0,30,,152336,1,,,0,70,,152333,1,,,0,25,,152316,1,,,0,80,,152332,1,,,0,40,,152331,1,,,0,80,,152329,1,,,0,80,,152328,1,,,0,40,,152322,1,,,0,80,,152321,1,,,0,78,,152320,1,,,0,42,,152319,1,,,0,80,,152318,1,,,0,80,,152317,1,,,0,40,,152339,1,,,0,90,,152338,1,,,0,70,,152340,1,,,0,30,,152337,1,,,0,80,,152326,1,,,0,90,,152325,1,,,0,34,,152341,1,,,0,92,,152342,1,,,0,106,,152324,1,,,0,105,,152323,1,,,0
679900,'2_merged_15529702',730,,152343,1,,,0,105,,152344,1,,,0,100,,152345,1,,,0,100,,152346,1,,,0,100,,152347,1,,,0,100,,152348,1,,,0,100,,152349,1,,,0,100,,152350,1,,,0,100,,152351,1,,,0,100,,152352,1,,,0,100,,152353,1,,,0,100,,152354,1,,,0,100,,152355,1,,,0
679900,'3_merged_15529701',745,,152368,1,,,0,100,,152366,1,,,0,100,,152367,1,,,0,100,,152356,1,,,0,100,,152357,1,,,0,100,,152358,1,,,0,100,,152359,1,,,0,100,,152360,1,,,0,100,,152361,1,,,0,100,,152362,1,,,0,100,,152363,1,,,0,100,,152364,1,,,0,100,,152365,1,,,0
679901,'1_merged_15529700',545,,152378,38,4,,0,70,,152377,38,4,,0,30,,152376,38,4,,0,70,,152375,38,4,,0,28,,152374,38,4,,0,74,,152373,38,4,,0,40,,152372,38,4,,0,79,,152371,38,4,,0,80,,152370,38,4,,0,41,,152369,38,4,,0,82,,152394,38,4,,0,80,,152393,38,4,,0,40,,152392,38,4,,0,78,,152391,38,4,,0,81,,152390,38,4,,0,82,,152389,38,4,,0,40,,152388,38,4,,0,80,,152387,38,4,,0,39,,152386,38,4,,0,70,,152385,38,4,,0,30,,152384,38,4,,0,98,,152379,38,4,,0,146,,152383,38,4,,0,102,,152382,38,4,,0,100,,152381,38,4,,0,100,,152380,38,4,,0
679901,'2_merged_15529702',826,,152395,38,4,,0,100,,152396,38,4,,0,100,,152397,38,4,,0,100,,152398,38,4,,0,102,,152399,38,4,,0,100,,152400,38,4,,0,100,,152401,38,4,,0,100,,152402,38,4,,0,98,,152403,38,4,,0,100,,152404,38,4,,0,100,,152405,38,4,,0,100,,152406,38,4,,0
679901,'3_merged_15529701',826,,152407,38,4,,0,100,,152408,38,4,,0,100,,152409,38,4,,0,100,,152410,38,4,,0,102,,152411,38,4,,0,100,,152412,38,4,,0,100,,152413,38,4,,0,100,,152414,38,4,,0,98,,152415,38,4,,0,100,,152416,38,4,,0,100,,152417,38,4,,0,100,,152418,38,4,,0
680000,'1_merged_15529700',530,,152431,1,,,0,70,,152441,1,,,0,27,,152440,1,,,0,73,,152439,1,,,0,30,,152438,1,,,0,71,,152437,1,,,0,39,,152430,1,,,0,80,,152429,1,,,0,80,,152428,1,,,0,40,,152427,1,,,0,80,,152426,1,,,0,80,,152424,1,,,0,40,,152425,1,,,0,80,,152423,1,,,0,80,,152422,1,,,0,40,,152421,1,,,0,81,,152436,1,,,0,79,,152435,1,,,0,40,,152443,1,,,0,71,,152444,1,,,0,30,,152432,1,,,0,79,,152434,1,,,0,90,,152433,1,,,0,100,,152420,1,,,0,102,,152419,1,,,0,98,,152442,1,,,0
680000,'2_merged_15529702',805,,152445,1,,,0,100,,152446,1,,,0,100,,152447,1,,,0,100,,152448,1,,,0,100,,152449,1,,,0,100,,152450,1,,,0,100,,152451,1,,,0,100,,152452,1,,,0,100,,152453,1,,,0,100,,152454,1,,,0,100,,152455,1,,,0,100,,152456,1,,,0
680000,'3_merged_15529701',815,,152457,1,,,0,100,,152458,1,,,0,100,,152459,1,,,0,100,,152460,1,,,0,100,,152461,1,,,0,100,,152462,1,,,0,100,,152463,1,,,0,100,,152464,1,,,0,100,,152465,1,,,0,100,,152466,1,,,0,100,,152467,1,,,0,100,,152468,1,,,0
680001,'1_merged_15529700',544,,152479,37,4,,0,70,,152478,37,4,,0,32,,152477,37,4,,0,68,,152471,37,4,,0,28,,152476,37,4,,0,61,,152493,37,4,,0,30,,152492,37,4,,0,75,,152491,37,4,,0,39,,152490,37,4,,0,80,,152489,37,4,,0,80,,152488,37,4,,0,42,,152487,37,4,,0,80,,152486,37,4,,0,80,,152485,37,4,,0,40,,152484,37,4,,0,81,,152469,37,4,,0,83,,152475,37,4,,0,38,,152474,37,4,,0,80,,152473,37,4,,0,73,,152470,37,4,,0,30,,152472,37,4,,0,70,,152483,37,4,,0,53,,152482,37,4,,0,79,,152481,37,4,,0,94,,152494,37,4,,0,106,,152495,37,4,,0,105,,152480,37,4,,0
680001,'2_merged_15529702',757,,152497,37,4,,0,100,,152498,37,4,,0,100,,152499,37,4,,0,101,,152500,37,4,,0,101,,152501,37,4,,0,100,,152502,37,4,,0,100,,152503,37,4,,0,100,,152508,37,4,,0,99,,152504,37,4,,0,101,,152505,37,4,,0,99,,152506,37,4,,0,100,,152507,37,4,,0,98,,152496,37,4,,0
680001,'3_merged_15529701',856,,152509,37,4,,0,102,,152510,37,4,,0,100,,152511,37,4,,0,100,,152512,37,4,,0,100,,152513,37,4,,0,100,,152514,37,4,,0,100,,152515,37,4,,0,100,,152516,37,4,,0,101,,152517,37,4,,0,100,,152518,37,4,,0,98,,152519,37,4,,0,100,,152520,37,4,,0
3454000,'1_merged_15529700',541,,168493,11,4,,0,70,,168494,11,4,,0,30,,168495,11,4,,0,70,,168496,11,4,,0,31,,168497,11,4,,0,70,,168498,11,4,,0,30,,168499,11,4,,0,80,,168500,11,4,,0,80,,168501,11,4,,0,41,,168502,11,4,,0,80,,168503,11,4,,0,80,,168504,11,4,,0,41,,168505,11,4,,0,80,,168506,11,4,,0,80,,168507,11,4,,0,40,,168508,11,4,,0,82,,168509,11,4,,0,29,,168510,11,4,,0,70,,168511,11,4,,0,80,,168512,11,4,,0,30,,168513,11,4,,0,70,,168514,11,4,,0,40,,168515,11,4,,0,90,,168516,11,4,,0,80,,168517,11,4,,0,40,,168518,11,4,,0,79,,168519,11,4,,0,80,,168520,11,4,,0
3454000,'2_merged_15529702',903,,168521,11,4,,0,45,,168522,11,4,,0,85,,168523,11,4,,0,86,,168524,11,4,,0,85,,168525,11,4,,0,45,,168526,11,4,,0,85,,168527,11,4,,0,85,,168528,11,4,,0,85,,168529,11,4,,0,45,,168530,11,4,,0,85,,168531,11,4,,0,85,,168532,11,4,,0,85,,168533,11,4,,0,45,,168534,11,4,,0,84,,168535,11,4,,0,85,,168536,11,4,,0,85,,168537,11,4,,0,45,,168538,11,4,,0,85,,168539,11,4,,0
3454000,'3_merged_15529701',903,,168540,11,4,,0,45,,168541,11,4,,0,85,,168542,11,4,,0,86,,168543,11,4,,0,85,,168544,11,4,,0,45,,168545,11,4,,0,85,,168546,11,4,,0,85,,168547,11,4,,0,85,,168548,11,4,,0,45,,168549,11,4,,0,85,,168550,11,4,,0,85,,168551,11,4,,0,85,,168552,11,4,,0,45,,168553,11,4,,0,84,,168554,11,4,,0,85,,168555,11,4,,0,85,,168556,11,4,,0,45,,168557,11,4,,0,85,,168558,11,4,,0
3454001,'1_merged_15529700',525,,168559,1,,,0,30,,168560,1,,,0,70,,168561,1,,,0,30,,168562,1,,,0,70,,168563,1,,,0,30,,168564,1,,,0,70,,168565,1,,,0,31,,168566,1,,,0,79,,168567,1,,,0,80,,168568,1,,,0,40,,168569,1,,,0,80,,168570,1,,,0,80,,168571,1,,,0,40,,168572,1,,,0,80,,168573,1,,,0,80,,168574,1,,,0,40,,168575,1,,,0,80,,168576,1,,,0,75,,168577,1,,,0,30,,168578,1,,,0,71,,168579,1,,,0,29,,168580,1,,,0,79,,168581,1,,,0,90,,168582,1,,,0,41,,168583,1,,,0,80,,168584,1,,,0,80,,168585,1,,,0,40,,168586,1,,,0
3454001,'2_merged_15529702',810,,168587,1,,,0,45,,168588,1,,,0,85,,168589,1,,,0,85,,168590,1,,,0,85,,168591,1,,,0,45,,168592,1,,,0,85,,168593,1,,,0,85,,168594,1,,,0,85,,168595,1,,,0,45,,168596,1,,,0,85,,168597,1,,,0,85,,168598,1,,,0,85,,168599,1,,,0,45,,168600,1,,,0,85,,168601,1,,,0,85,,168602,1,,,0,85,,168603,1,,,0,45,,168604,1,,,0,85,,168605,1,,,0
3454001,'3_merged_15529701',810,,168606,1,,,0,45,,168607,1,,,0,85,,168608,1,,,0,85,,168609,1,,,0,85,,168610,1,,,0,45,,168611,1,,,0,85,,168612,1,,,0,85,,168613,1,,,0,85,,168614,1,,,0,45,,168615,1,,,0,85,,168616,1,,,0,85,,168617,1,,,0,85,,168618,1,,,0,45,,168619,1,,,0,85,,168620,1,,,0,85,,168621,1,,,0,85,,168622,1,,,0,45,,168623,1,,,0,85,,168624,1,,,0
3454100,'1_merged_15529700',556,,168625,24,4,,0,70,,168626,24,4,,0,30,,168627,24,4,,0,70,,168628,24,4,,0,30,,168629,24,4,,0,70,,168630,24,4,,0,30,,168631,24,4,,0,71,,168632,24,4,,0,79,,168633,24,4,,0,40,,168634,24,4,,0,80,,168635,24,4,,0,80,,168636,24,4,,0,42,,168637,24,4,,0,80,,168638,24,4,,0,80,,168639,24,4,,0,40,,168640,24,4,,0,81,,168641,24,4,,0,80,,168642,24,4,,0,35,,168643,24,4,,0,70,,168644,24,4,,0,29,,168645,24,4,,0,69,,168646,24,4,,0,37,,168647,24,4,,0,90,,168648,24,4,,0,81,,168649,24,4,,0,80,,168650,24,4,,0,40,,168651,24,4,,0,80,,168652,24,4,,0
3454100,'2_merged_15529702',841,,168653,24,4,,0,85,,168654,24,4,,0,85,,168655,24,4,,0,45,,168656,24,4,,0,85,,168657,24,4,,0,85,,168658,24,4,,0,88,,168659,24,4,,0,45,,168660,24,4,,0,85,,168661,24,4,,0,86,,168662,24,4,,0,85,,168663,24,4,,0,85,,168664,24,4,,0,45,,168665,24,4,,0,85,,168666,24,4,,0,85,,168667,24,4,,0,85,,168668,24,4,,0,45,,168669,24,4,,0,85,,168670,24,4,,0,85,,168671,24,4,,0
3454100,'3_merged_15529701',840,,168672,24,4,,0,85,,168673,24,4,,0,85,,168674,24,4,,0,45,,168675,24,4,,0,85,,168676,24,4,,0,85,,168677,24,4,,0,86,,168678,24,4,,0,45,,168679,24,4,,0,87,,168680,24,4,,0,85,,168681,24,4,,0,85,,168682,24,4,,0,45,,168683,24,4,,0,85,,168684,24,4,,0,85,,168685,24,4,,0,85,,168686,24,4,,0,45,,168687,24,4,,0,85,,168688,24,4,,0,85,,168689,24,4,,0,85,,168690,24,4,,0
3454101,'1_merged_15529700',510,,168691,1,,,0,30,,168692,1,,,0,70,,168693,1,,,0,30,,168694,1,,,0,69,,168695,1,,,0,30,,168696,1,,,0,70,,168697,1,,,0,40,,168698,1,,,0,80,,168699,1,,,0,80,,168700,1,,,0,40,,168701,1,,,0,80,,168702,1,,,0,80,,168703,1,,,0,40,,168704,1,,,0,80,,168705,1,,,0,80,,168706,1,,,0,42,,168707,1,,,0,69,,168708,1,,,0,30,,168709,1,,,0,80,,168710,1,,,0,70,,168711,1,,,0,30,,168712,1,,,0,80,,168713,1,,,0,90,,168714,1,,,0,40,,168715,1,,,0,80,,168716,1,,,0,80,,168717,1,,,0,40,,168718,1,,,0
3454101,'2_merged_15529702',830,,168719,1,,,0,85,,168720,1,,,0,85,,168721,1,,,0,45,,168722,1,,,0,85,,168723,1,,,0,85,,168724,1,,,0,85,,168725,1,,,0,45,,168726,1,,,0,85,,168727,1,,,0,85,,168728,1,,,0,85,,168729,1,,,0,45,,168730,1,,,0,85,,168731,1,,,0,85,,168732,1,,,0,85,,168733,1,,,0,45,,168734,1,,,0,85,,168735,1,,,0,85,,168736,1,,,0,85,,168737,1,,,0
3454101,'3_merged_15529701',830,,168738,1,,,0,85,,168739,1,,,0,85,,168740,1,,,0,45,,168741,1,,,0,85,,168742,1,,,0,85,,168743,1,,,0,85,,168744,1,,,0,45,,168745,1,,,0,85,,168746,1,,,0,85,,168747,1,,,0,85,,168748,1,,,0,45,,168749,1,,,0,85,,168750,1,,,0,85,,168751,1,,,0,85,,168752,1,,,0,45,,168753,1,,,0,85,,168754,1,,,0,85,,168755,1,,,0,85,,168756,1,,,0
