671501,'1',551,,29186,,,0,60,,29187,,,0,19,,29188,,,0,10,,29189,,,0,11,,29190,,,0,51,,29191,,,0,10,,29192,,,0,10,,29193,,,0,11,,29194,,,0,12,,29195,,,0,10,,29196,,,0,50,,29197,,,0,13,,29198,,,0,12,,29199,,,0,12,,29200,,,0,13,,29201,,,0,52,,29202,,,0,12,,29203,,,0,15,,29204,,,0,15,,29205,,,0,55,,29206,,,0,16,,29207,,,0,15,,29208,,,0,14,,29209,,,0,55,,29210,,,0,15,,29211,,,0,15,,29212,,,0,15,,29213,,,0,55,,29214,,,0,18,,29215,,,0,15,,29216,,,0,15,,29217,,,0,55,,29218,,,0,15,,29219,,,0,15,,29220,,,0,15,,29221,,,0,54,,29222,,,0,14,,29223,,,0,12,,29224,,,0,12,,29225,,,0,14,,29226,,,0,52,,29227,,,0,14,,29228,,,0,12,,29229,,,0,12,,29230,,,0,52,,29231,,,0,12,,29232,,,0,11,,29233,,,0,12,,29234,,,0,12,,29235,,,0,12,,29236,,,0,50,,29237,,,0,10,,29238,,,0,10,,29239,,,0,10,,29240,,,0,13,,29241,,,0,52,,29242,,,0,11,,29243,,,0,10,,29244,,,0,12,,29245,,,0,11,,29246,,,0,10,,29247,,,0,52,,29248,,,0,9,,29249,,,0,12,,29250,,,0,12,,29251,,,0,12,,29252,,,0,55,,29253,,,0,14,,29254,,,0,15,,29255,,,0,15,,29256,,,0,55,,29257,,,0,15,,29258,,,0,15,,29259,,,0,20,,29260,,,0,70,,29261,,,0,30,,29262,,,0,70,,29263,,,0,27,,29264,,,0,70,,29265,,,0,30,,29266,,,0,83,,29267,,,0,101,,29268,,,0
671501,'2',556,,29314,,,0,60,,29313,,,0,21,,29312,,,0,20,,29311,,,0,62,,29293,,,0,20,,29310,,,0,15,,29292,,,0,55,,29309,,,0,15,,29291,,,0,15,,29308,,,0,15,,29290,,,0,56,,29307,,,0,15,,29289,,,0,16,,29306,,,0,16,,29288,,,0,58,,29335,,,0,16,,29287,,,0,17,,29334,,,0,56,,29286,,,0,16,,29333,,,0,15,,29285,,,0,16,,29336,,,0,55,,29284,,,0,15,,29332,,,0,15,,29283,,,0,17,,29331,,,0,55,,29282,,,0,15,,29330,,,0,15,,29281,,,0,15,,29329,,,0,55,,29280,,,0,15,,29328,,,0,15,,29279,,,0,15,,29327,,,0,55,,29278,,,0,17,,29305,,,0,15,,29277,,,0,15,,29304,,,0,56,,29315,,,0,15,,29303,,,0,15,,29276,,,0,14,,29302,,,0,55,,29275,,,0,15,,29301,,,0,15,,29274,,,0,15,,29300,,,0,55,,29273,,,0,15,,29299,,,0,15,,29272,,,0,15,,29298,,,0,55,,29271,,,0,14,,29297,,,0,15,,29270,,,0,12,,29296,,,0,55,,29269,,,0,16,,29317,,,0,15,,29326,,,0,15,,29295,,,0,55,,29325,,,0,13,,29324,,,0,15,,29337,,,0,15,,29294,,,0,55,,29323,,,0,20,,29338,,,0,21,,29322,,,0,65,,29316,,,0,39,,29321,,,0,70,,29339,,,0,30,,29320,,,0,94,,29319,,,0,90,,29318,,,0
671501,'3',556,,29385,,,0,61,,29384,,,0,20,,29383,,,0,20,,29382,,,0,61,,29364,,,0,20,,29381,,,0,15,,29363,,,0,55,,29380,,,0,16,,29362,,,0,17,,29379,,,0,15,,29361,,,0,55,,29378,,,0,15,,29360,,,0,16,,29377,,,0,16,,29359,,,0,57,,29406,,,0,16,,29358,,,0,18,,29405,,,0,55,,29357,,,0,14,,29404,,,0,16,,29356,,,0,16,,29407,,,0,55,,29355,,,0,15,,29403,,,0,15,,29354,,,0,15,,29402,,,0,55,,29353,,,0,15,,29401,,,0,15,,29352,,,0,17,,29400,,,0,55,,29351,,,0,15,,29399,,,0,15,,29350,,,0,15,,29398,,,0,55,,29349,,,0,15,,29376,,,0,15,,29348,,,0,15,,29375,,,0,55,,29386,,,0,15,,29374,,,0,15,,29347,,,0,15,,29373,,,0,55,,29346,,,0,15,,29372,,,0,15,,29345,,,0,15,,29371,,,0,54,,29344,,,0,15,,29370,,,0,15,,29343,,,0,15,,29369,,,0,55,,29342,,,0,14,,29368,,,0,15,,29341,,,0,15,,29367,,,0,55,,29340,,,0,15,,29388,,,0,16,,29397,,,0,12,,29366,,,0,55,,29396,,,0,15,,29395,,,0,15,,29408,,,0,14,,29365,,,0,55,,29394,,,0,20,,29409,,,0,20,,29393,,,0,60,,29387,,,0,50,,29392,,,0,70,,29410,,,0,25,,29391,,,0,95,,29390,,,0,90,,29389,,,0
671600,'1',439,,29411,,,0,70,,29412,,,0,29,,29413,,,0,21,,29414,,,0,60,,29415,,,0,17,,29416,,,0,20,,29417,,,0,70,,29418,,,0,31,,29419,,,0,71,,29420,,,0,30,,29421,,,0
675401,'101',748,,34234,0,32,0
3181601,'1',638,,47592,,,0,70,,47593,,,0,30,,47594,,,0,70,,47595,,,0,30,,47596,,,0,70,,47597,,,0,30,,47598,,,0,70,,47599,,,0,30,,47600,,,0,71,,47601,,,0,30,,47602,,,0,70,,47603,,,0,30,,47577,,,0,70,,47578,,,0,30,,47579,,,0,70,,47580,,,0,31,,47581,,,0,71,,47582,,,0,28,,47583,,,0,70,,47584,,,0,30,,47585,,,0,69,,47586,,,0,30,,47587,,,0,70,,47588,,,0,30,,47589,,,0,70,,47590,,,0,30,,47591,,,0
3181601,'2',809,,47606,,,0,100,,47607,,,0,100,,47608,,,0,100,,47609,,,0,101,,47610,,,0,101,,47611,,,0,96,,47612,,,0,101,,47613,,,0,100,,47604,,,0,100,,47605,,,0,100,,47614,,,0,101,,47615,,,0,100,,47616,,,0
3181601,'3',811,,47617,,,0,100,,47618,,,0,100,,47619,,,0,97,,47620,,,0,100,,47621,,,0,100,,47622,,,0,100,,47623,,,0,101,,47624,,,0,100,,47625,,,0,102,,47626,,,0,100,,47627,,,0,101,,47628,,,0
4085501,'1',436,,55372,,,0,71,,55373,,,0,29,,55374,,,0,65,,55375,,,0,19,,55376,,,0,18,,55377,,,0,20,,55378,,,0,60,,55379,,,0,20,,55380,,,0,20,,55381,,,0,60,,55382,,,0,20,,55383,,,0,20,,55384,,,0,72,,55385,,,0,27,,55386,,,0,70,,55387,,,0,30,,55388,,,0,70,,55389,,,0,30,,55390,,,0,70,,55391,,,0,30,,55392,,,0,70,,55393,,,0,30,,55394,,,0,70,,55395,,,0,30,,55396,,,0,59,,55397,,,0,22,,55398,,,0,21,,55399,,,0,60,,55400,,,0,20,,55401,,,0,20,,55402,,,0,60,,55403,,,0,20,,55404,,,0,20,,55405,,,0,60,,55406,,,0,20,,55407,,,0,20,,55408,,,0,71,,55409,,,0,70,,55410,,,0,30,,55411,,,0,70,,55412,,,0,30,,55413,,,0,70,,55414,,,0,30,,55415,,,0,70,,55416,,,0,30,,55421,,,0,72,,55417,,,0,30,,55422,,,0,70,,55418,,,0,48,,55419,,,0,98,,55420,,,0
4085501,'2',437,,55423,,,0,95,,55424,,,0,70,,55425,,,0,30,,55426,,,0,70,,55427,,,0,30,,55428,,,0,70,,55429,,,0,30,,55430,,,0,70,,55431,,,0,30,,55432,,,0,70,,55433,,,0,30,,55434,,,0,70,,55435,,,0,30,,55436,,,0,70,,55437,,,0,30,,55438,,,0,70,,55439,,,0,30,,55440,,,0,70,,55441,,,0,30,,55442,,,0,70,,55443,,,0,30,,55444,,,0,70,,55445,,,0,30,,55446,,,0,70,,55447,,,0,30,,55448,,,0,70,,55449,,,0,30,,55450,,,0,70,,55451,,,0,30,,55452,,,0,70,,55453,,,0,30,,55454,,,0,70,,55455,,,0,30,,55456,,,0,70,,55457,,,0,30,,55458,,,0,70,,55459,,,0,30,,55460,,,0,70,,55464,,,0,30,,55461,,,0,70,,55465,,,0,42,,55462,,,0,90,,55463,,,0
4085501,'3',440,,55466,,,0,99,,55467,,,0,70,,55468,,,0,30,,55469,,,0,69,,55470,,,0,29,,55471,,,0,70,,55472,,,0,30,,55473,,,0,70,,55474,,,0,30,,55475,,,0,70,,55476,,,0,27,,55477,,,0,70,,55478,,,0,30,,55479,,,0,70,,55480,,,0,30,,55481,,,0,70,,55482,,,0,30,,55483,,,0,70,,55484,,,0,30,,55485,,,0,70,,55486,,,0,30,,55487,,,0,68,,55488,,,0,30,,55489,,,0,70,,55490,,,0,30,,55491,,,0,70,,55492,,,0,30,,55493,,,0,70,,55494,,,0,30,,55495,,,0,70,,55496,,,0,30,,55497,,,0,70,,55498,,,0,30,,55499,,,0,70,,55500,,,0,32,,55501,,,0,73,,55502,,,0,30,,55503,,,0,68,,55507,,,0,30,,55504,,,0,70,,55508,,,0,42,,55505,,,0,90,,55506,,,0
