672700,'101_merged_15529707',1634,,147852,52,,,0
672700,'1_merged_15529700',459,,147864,52,,,0,63,,147865,52,,,0,83,,147853,52,,,0,19,,147866,52,,,0,21,,147867,52,,,0,59,,147868,52,,,0,18,,147869,52,,,0,24,,147870,52,,,0,67,,147871,52,,,0,24,,147872,52,,,0,71,,147873,52,,,0,20,,147874,52,,,0,19,,147875,52,,,0,65,,147876,52,,,0,30,,147877,52,,,0,70,,147878,52,,,0,28,,147879,52,,,0,70,,147880,52,,,0,22,,147881,52,,,0,72,,147882,52,,,0,31,,147883,52,,,0,68,,147884,52,,,0,25,,147885,52,,,0,18,,147886,52,,,0,70,,147887,52,,,0,30,,147888,52,,,0,62,,147889,52,,,0,46,,147890,52,,,0,63,,147891,52,,,0,10,,147892,52,,,0,25,,147893,52,,,0,55,,147894,52,,,0,20,,147895,52,,,0,24,,147896,52,,,0,70,,147897,52,,,0,28,,147854,52,,,0,70,,147863,52,,,0,28,,147855,52,,,0,72,,147856,52,,,0,26,,147861,52,,,0,79,,147862,52,,,0,30,,147857,52,,,0,74,,147858,52,,,0,92,,147859,52,,,0,103,,147860,52,,,0
672700,'201',1634,,147898,52,,,0
672700,'2_merged_15529702',721,,147917,52,,,0,33,,147902,52,,,0,74,,147909,52,,,0,72,,147933,52,,,0,28,,147899,52,,,0,31,,147910,52,,,0,71,,147901,52,,,0,75,,147922,52,,,0,32,,147900,52,,,0,72,,147929,52,,,0,33,,147904,52,,,0,72,,147906,52,,,0,29,,147907,52,,,0,70,,147905,52,,,0,31,,147912,52,,,0,70,,147913,52,,,0,30,,147931,52,,,0,71,,147914,52,,,0,29,,147923,52,,,0,68,,147924,52,,,0,29,,147925,52,,,0,67,,147926,52,,,0,31,,147920,52,,,0,67,,147928,52,,,0,30,,147919,52,,,0,67,,147921,52,,,0,28,,147915,52,,,0,70,,147916,52,,,0,30,,147932,52,,,0,70,,147911,52,,,0,30,,147927,52,,,0,69,,147908,52,,,0,31,,147903,52,,,0,104,,147918,52,,,0,91,,147930,52,,,0
672700,'3_merged_15529701',813,,147934,52,,,0,101,,147943,52,,,0,93,,147946,52,,,0,43,,147954,52,,,0,67,,147948,52,,,0,29,,147961,52,,,0,69,,147937,52,,,0,31,,147964,52,,,0,71,,147950,52,,,0,31,,147951,52,,,0,70,,147952,52,,,0,31,,147938,52,,,0,68,,147936,52,,,0,30,,147960,52,,,0,71,,147962,52,,,0,26,,147965,52,,,0,72,,147953,52,,,0,28,,147958,52,,,0,70,,147959,52,,,0,30,,147956,52,,,0,67,,147935,52,,,0,30,,147947,52,,,0,68,,147944,52,,,0,30,,147945,52,,,0,70,,147941,52,,,0,27,,147942,52,,,0,68,,147963,52,,,0,29,,147949,52,,,0,69,,147955,52,,,0,28,,147939,52,,,0,98,,147940,52,,,0,95,,147957,52,,,0
673000,'101_merged_15529707',1615,,148597,12,,,0
673000,'1_merged_15529700',515,,148617,12,,,0,15,,148618,12,,,0,16,,148619,12,,,0,55,,148620,12,,,0,11,,148664,12,,,0,10,,148621,12,,,0,10,,148622,12,,,0,10,,148623,12,,,0,12,,148624,12,,,0,51,,148625,12,,,0,10,,148626,12,,,0,11,,148627,12,,,0,10,,148663,12,,,0,10,,148628,12,,,0,11,,148629,12,,,0,51,,148630,12,,,0,14,,148631,12,,,0,12,,148632,12,,,0,12,,148633,12,,,0,12,,148634,12,,,0,52,,148635,12,,,0,12,,148636,12,,,0,11,,148662,12,,,0,12,,148637,12,,,0,12,,148638,12,,,0,55,,148639,12,,,0,16,,148640,12,,,0,15,,148641,12,,,0,62,,148642,12,,,0,20,,148643,12,,,0,20,,148644,12,,,0,61,,148645,12,,,0,20,,148646,12,,,0,20,,148647,12,,,0,61,,148648,12,,,0,20,,148649,12,,,0,20,,148650,12,,,0,56,,148651,12,,,0,15,,148652,12,,,0,15,,148653,12,,,0,15,,148654,12,,,0,54,,148655,12,,,0,15,,148656,12,,,0,12,,148657,12,,,0,13,,148658,12,,,0,12,,148659,12,,,0,52,,148660,12,,,0,20,,148661,12,,,0,12,,148598,12,,,0,13,,148599,12,,,0,52,,148600,12,,,0,12,,148601,12,,,0,11,,148602,12,,,0,12,,148603,12,,,0,11,,148604,12,,,0,52,,148605,12,,,0,15,,148606,12,,,0,15,,148607,12,,,0,15,,148608,12,,,0,12,,148609,12,,,0,68,,148610,12,,,0,29,,148611,12,,,0,70,,148612,12,,,0,31,,148613,12,,,0,70,,148614,12,,,0,100,,148615,12,,,0,100,,148616,12,,,0
673000,'201',1615,,148665,12,,,0
673000,'2_merged_15529702',706,,148693,12,,,0,20,,148681,12,,,0,20,,148683,12,,,0,62,,148703,12,,,0,20,,148680,12,,,0,23,,148692,12,,,0,60,,148704,12,,,0,24,,148679,12,,,0,20,,148691,12,,,0,60,,148705,12,,,0,21,,148678,12,,,0,21,,148695,12,,,0,60,,148690,12,,,0,23,,148677,12,,,0,16,,148710,12,,,0,56,,148696,12,,,0,18,,148666,12,,,0,18,,148697,12,,,0,54,,148711,12,,,0,14,,148676,12,,,0,16,,148689,12,,,0,15,,148675,12,,,0,55,,148712,12,,,0,15,,148698,12,,,0,15,,148688,12,,,0,15,,148674,12,,,0,55,,148699,12,,,0,15,,148706,12,,,0,15,,148687,12,,,0,16,,148673,12,,,0,55,,148700,12,,,0,15,,148686,12,,,0,14,,148707,12,,,0,15,,148672,12,,,0,54,,148702,12,,,0,15,,148685,12,,,0,15,,148708,12,,,0,14,,148701,12,,,0,55,,148713,12,,,0,15,,148671,12,,,0,14,,148684,12,,,0,16,,148670,12,,,0,59,,148709,12,,,0,18,,148682,12,,,0,24,,148669,12,,,0,70,,148694,12,,,0,30,,148668,12,,,0,70,,148667,12,,,0,97,,148714,12,,,0,96,,148715,12,,,0
673000,'3_merged_15529701',811,,148749,12,,,0,18,,148729,12,,,0,20,,148739,12,,,0,60,,148750,12,,,0,23,,148728,12,,,0,23,,148738,12,,,0,64,,148751,12,,,0,22,,148727,12,,,0,61,,148741,12,,,0,21,,148737,12,,,0,20,,148726,12,,,0,61,,148742,12,,,0,20,,148716,12,,,0,20,,148743,12,,,0,60,,148725,12,,,0,20,,148736,12,,,0,20,,148724,12,,,0,62,,148744,12,,,0,19,,148735,12,,,0,15,,148754,12,,,0,15,,148723,12,,,0,55,,148745,12,,,0,13,,148734,12,,,0,15,,148755,12,,,0,15,,148722,12,,,0,55,,148746,12,,,0,13,,148733,12,,,0,16,,148756,12,,,0,15,,148721,12,,,0,55,,148748,12,,,0,15,,148732,12,,,0,15,,148757,12,,,0,15,,148747,12,,,0,55,,148720,12,,,0,14,,148731,12,,,0,18,,148719,12,,,0,20,,148752,12,,,0,60,,148730,12,,,0,20,,148718,12,,,0,19,,148753,12,,,0,60,,148740,12,,,0,20,,148758,12,,,0,20,,148717,12,,,0,98,,148759,12,,,0,100,,148760,12,,,0
