670400,'1',638,,25712,,,0,71,,25710,,,0,15,,25767,,,0,31,,25778,,,0,70,,25764,,,0,29,,25707,,,0,67,,25748,,,0,30,,25746,,,0,66,,25733,,,0,28,,25726,,,0,70,,25724,,,0,30,,25722,,,0,71,,25720,,,0,30,,25742,,,0,70,,25740,,,0,33,,25738,,,0,71,,25706,,,0,32,,25704,,,0,72,,25702,,,0,31,,25774,,,0,70,,25773,,,0,15,,25763,,,0,15,,25772,,,0,54,,25776,,,0,15,,25771,,,0,14,,25715,,,0,15,,25769,,,0,54,,25777,,,0,14,,25735,,,0,8,,25719,,,0,10,,25765,,,0,12,,25718,,,0,51,,25717,,,0,12,,25713,,,0,25,,25766,,,0,61,,25761,,,0,24,,25759,,,0,26,,25757,,,0,69,,25714,,,0,29,,25754,,,0,69,,25716,,,0,91,,25751,,,0,98,,25732,,,0,96,,25730,,,0,57,,25728,,,0,143,,25727,,,0
670400,'2',703,,25825,,,0,27,,25799,,,0,79,,25800,,,0,35,,25801,,,0,78,,25803,,,0,32,,25804,,,0,69,,25805,,,0,28,,25806,,,0,68,,25802,,,0,29,,25798,,,0,69,,25827,,,0,28,,25807,,,0,69,,25830,,,0,30,,25832,,,0,72,,25834,,,0,32,,25836,,,0,72,,25838,,,0,32,,25840,,,0,70,,25842,,,0,30,,25813,,,0,70,,25845,,,0,30,,25847,,,0,72,,25822,,,0,31,,25848,,,0,70,,25779,,,0,29,,25780,,,0,66,,25820,,,0,27,,25783,,,0,100,,25786,,,0,86,,25788,,,0,107,,25791,,,0,99,,25793,,,0,114,,25795,,,0,155,,25796,,,0
670400,'3',654,,25871,,,0,104,,25851,,,0,63,,25869,,,0,30,,25907,,,0,72,,25866,,,0,33,,25879,,,0,70,,25877,,,0,31,,25889,,,0,72,,25909,,,0,73,,25882,,,0,30,,25901,,,0,70,,25875,,,0,30,,25893,,,0,70,,25896,,,0,31,,25880,,,0,70,,25908,,,0,32,,25897,,,0,69,,25850,,,0,30,,25900,,,0,70,,25906,,,0,30,,25849,,,0,69,,25881,,,0,28,,25911,,,0,69,,25874,,,0,30,,25910,,,0,28,,25894,,,0,72,,25883,,,0,72,,25895,,,0,110,,25876,,,0,99,,25884,,,0,100,,25888,,,0,128,,25855,,,0,72,,25898,,,0
672100,'1',1618,,29507,,,0,35,,29511,,,0,75,,29506,,,0,31,,29512,,,0,59,,29510,,,0,16,,29513,,,0,17,,29515,,,0,60,,29509,,,0,15,,29516,,,0,20,,29514,,,0,59,,29508,,,0
673701,'1',602,,32166,,,0,12,,32195,,,0,10,,32197,,,0,10,,32196,,,0,10,,32170,,,0,10,,32158,,,0,52,,32194,,,0,10,,32168,,,0,9,,32165,,,0,32,,32204,,,0,51,,32179,,,0,9,,32157,,,0,9,,32209,,,0,11,,32205,,,0,9,,32169,,,0,10,,32208,,,0,52,,32198,,,0,15,,32185,,,0,15,,32153,,,0,15,,32189,,,0,56,,32167,,,0,30,,32190,,,0,71,,32191,,,0,30,,32192,,,0,71,,32193,,,0,31,,32148,,,0,60,,32199,,,0,20,,32149,,,0,16,,32154,,,0,16,,32200,,,0,57,,32201,,,0,16,,32150,,,0,17,,32151,,,0,56,,32202,,,0,16,,32173,,,0,15,,32203,,,0,18,,32207,,,0,52,,32188,,,0,12,,32174,,,0,14,,32187,,,0,15,,32152,,,0,15,,32186,,,0,55,,32206,,,0,16,,32184,,,0,16,,32160,,,0,11,,32183,,,0,53,,32161,,,0,13,,32182,,,0,14,,32162,,,0,15,,32181,,,0,55,,32163,,,0,16,,32180,,,0,24,,32171,,,0,69,,32175,,,0,28,,32178,,,0,70,,32172,,,0,28,,32177,,,0,67,,32159,,,0,30,,32176,,,0,71,,32155,,,0,101,,32164,,,0,114,,32156,,,0
673701,'101',737,,32210,,,0,10,,32213,,,0,107,,32211,,,0,691,,32212,,,0
673701,'2',657,,32214,,,0,65,,32215,,,0,20,,32216,,,0,60,,32217,,,0,20,,32218,,,0,20,,32219,,,0,61,,32220,,,0,20,,32221,,,0,21,,32222,,,0,62,,32223,,,0,20,,32224,,,0,22,,32225,,,0,62,,32226,,,0,20,,32227,,,0,22,,32228,,,0,61,,32229,,,0,20,,32230,,,0,23,,32231,,,0,61,,32232,,,0,20,,32233,,,0,20,,32234,,,0,61,,32235,,,0,20,,32236,,,0,18,,32237,,,0,60,,32238,,,0,20,,32239,,,0,20,,32240,,,0,55,,32241,,,0,15,,32260,,,0,15,,32242,,,0,15,,32243,,,0,54,,32244,,,0,15,,32261,,,0,13,,32245,,,0,15,,32259,,,0,67,,32246,,,0,27,,32247,,,0,69,,32248,,,0,28,,32249,,,0,68,,32250,,,0,30,,32251,,,0,69,,32252,,,0,29,,32253,,,0,67,,32254,,,0,30,,32255,,,0,67,,32256,,,0,100,,32257,,,0,122,,32258,,,0
673701,'201',737,,32263,,,0,10,,32262,,,0
673701,'3',635,,32276,,,0,70,,32275,,,0,30,,32274,,,0,73,,32273,,,0,32,,32269,,,0,72,,32271,,,0,32,,32268,,,0,72,,32272,,,0,32,,32287,,,0,74,,32278,,,0,32,,32281,,,0,74,,32277,,,0,72,,32289,,,0,23,,32267,,,0,20,,32300,,,0,60,,32279,,,0,29,,32266,,,0,70,,32270,,,0,27,,32265,,,0,27,,32291,,,0,59,,32264,,,0,20,,32297,,,0,20,,32286,,,0,62,,32295,,,0,17,,32294,,,0,20,,32296,,,0,70,,32283,,,0,19,,32293,,,0,58,,32284,,,0,20,,32298,,,0,20,,32290,,,0,66,,32299,,,0,33,,32285,,,0,71,,32282,,,0,108,,32292,,,0,103,,32288,,,0,108,,32280,,,0
673800,'1',559,,32382,,,0,52,,32384,,,0,11,,32381,,,0,12,,32383,,,0,14,,32355,,,0,52,,32309,,,0,12,,32354,,,0,16,,32345,,,0,12,,32325,,,0,15,,32386,,,0,52,,32351,,,0,11,,32308,,,0,14,,32317,,,0,16,,32310,,,0,56,,32303,,,0,20,,32350,,,0,15,,32372,,,0,16,,32371,,,0,54,,32373,,,0,15,,32349,,,0,13,,32329,,,0,15,,32359,,,0,55,,32353,,,0,15,,32358,,,0,17,,32333,,,0,15,,32357,,,0,56,,32328,,,0,15,,32356,,,0,13,,32376,,,0,15,,32363,,,0,55,,32337,,,0,15,,32316,,,0,15,,32336,,,0,15,,32315,,,0,55,,32334,,,0,15,,32314,,,0,16,,32313,,,0,18,,32335,,,0,57,,32348,,,0,15,,32343,,,0,19,,32307,,,0,10,,32339,,,0,54,,32346,,,0,12,,32322,,,0,14,,32327,,,0,12,,32331,,,0,51,,32320,,,0,12,,32347,,,0,12,,32321,,,0,11,,32387,,,0,12,,32338,,,0,52,,32326,,,0,9,,32344,,,0,13,,32342,,,0,8,,32352,,,0,13,,32362,,,0,10,,32388,,,0,52,,32323,,,0,10,,32332,,,0,8,,32385,,,0,10,,32370,,,0,10,,32312,,,0,8,,32341,,,0,50,,32301,,,0,12,,32365,,,0,10,,32340,,,0,12,,32369,,,0,15,,32330,,,0,55,,32367,,,0,15,,32374,,,0,15,,32364,,,0,13,,32324,,,0,55,,32319,,,0,15,,32318,,,0,15,,32302,,,0,13,,32375,,,0,60,,32380,,,0,20,,32361,,,0,19,,32368,,,0,59,,32306,,,0,19,,32360,,,0,17,,32366,,,0,19,,32305,,,0,59,,32377,,,0,20,,32378,,,0,20,,32304,,,0,62,,32379,,,0,22,,32311,,,0
673800,'2',643,,32406,,,0,15,,32407,,,0,55,,32408,,,0,15,,32409,,,0,15,,32410,,,0,16,,32411,,,0,56,,32428,,,0,15,,32412,,,0,17,,32427,,,0,56,,32413,,,0,19,,32414,,,0,15,,32451,,,0,14,,32416,,,0,54,,32462,,,0,14,,32417,,,0,15,,32452,,,0,15,,32418,,,0,55,,32461,,,0,15,,32419,,,0,15,,32397,,,0,17,,32420,,,0,55,,32460,,,0,16,,32421,,,0,15,,32398,,,0,17,,32431,,,0,54,,32459,,,0,14,,32432,,,0,16,,32439,,,0,15,,32433,,,0,55,,32458,,,0,15,,32434,,,0,16,,32400,,,0,15,,32435,,,0,55,,32457,,,0,15,,32436,,,0,14,,32453,,,0,15,,32437,,,0,55,,32456,,,0,15,,32438,,,0,15,,32429,,,0,15,,32440,,,0,55,,32455,,,0,15,,32441,,,0,15,,32430,,,0,15,,32442,,,0,54,,32425,,,0,15,,32443,,,0,15,,32424,,,0,15,,32444,,,0,54,,32454,,,0,12,,32445,,,0,10,,32467,,,0,12,,32399,,,0,12,,32449,,,0,52,,32450,,,0,12,,32446,,,0,10,,32468,,,0,12,,32426,,,0,12,,32447,,,0,56,,32404,,,0,14,,32448,,,0,15,,32423,,,0,13,,32395,,,0,55,,32402,,,0,15,,32392,,,0,15,,32401,,,0,13,,32394,,,0,55,,32405,,,0,15,,32391,,,0,15,,32403,,,0,13,,32393,,,0,15,,32415,,,0,55,,32390,,,0,15,,32396,,,0,15,,32389,,,0,58,,32422,,,0,32,,32466,,,0,71,,32465,,,0,31,,32464,,,0,72,,32463,,,0
673800,'3',638,,32476,,,0,14,,32477,,,0,56,,32478,,,0,15,,32479,,,0,15,,32480,,,0,15,,32481,,,0,55,,32482,,,0,16,,32483,,,0,15,,32510,,,0,18,,32484,,,0,56,,32527,,,0,15,,32485,,,0,16,,32472,,,0,57,,32486,,,0,15,,32528,,,0,16,,32487,,,0,15,,32469,,,0,56,,32488,,,0,15,,32530,,,0,15,,32508,,,0,15,,32474,,,0,55,,32489,,,0,15,,32473,,,0,16,,32490,,,0,15,,32529,,,0,56,,32491,,,0,15,,32471,,,0,16,,32492,,,0,15,,32524,,,0,55,,32493,,,0,15,,32512,,,0,15,,32502,,,0,15,,32511,,,0,55,,32503,,,0,15,,32513,,,0,14,,32504,,,0,15,,32509,,,0,55,,32470,,,0,15,,32514,,,0,15,,32521,,,0,15,,32525,,,0,55,,32505,,,0,15,,32475,,,0,15,,32506,,,0,16,,32526,,,0,56,,32531,,,0,16,,32532,,,0,13,,32533,,,0,17,,32534,,,0,54,,32535,,,0,15,,32536,,,0,15,,32537,,,0,14,,32538,,,0,55,,32539,,,0,13,,32540,,,0,15,,32541,,,0,15,,32515,,,0,55,,32507,,,0,14,,32517,,,0,13,,32523,,,0,14,,32516,,,0,11,,32501,,,0,54,,32518,,,0,15,,32500,,,0,16,,32520,,,0,13,,32499,,,0,56,,32519,,,0,16,,32498,,,0,15,,32522,,,0,15,,32497,,,0,55,,32496,,,0,15,,32495,,,0,14,,32494,,,0
681401,'1',608,,36095,4,,0,123,,36096,4,,0,80,,36097,4,,0,20,,36098,4,,0,20,,36099,4,,0,60,,36100,4,,0,20,,36101,4,,0,20,,36102,4,,0,60,,36103,4,,0,20,,36104,4,,0,20,,36128,4,,0,60,,36105,4,,0,20,,36106,4,,0,20,,36129,4,,0,60,,36107,4,,0,20,,36108,4,,0,20,,36130,4,,0,60,,36109,4,,0,20,,36110,4,,0,20,,36131,4,,0,60,,36111,4,,0,20,,36112,4,,0,20,,36132,4,,0,60,,36113,4,,0,20,,36114,4,,0,20,,36133,4,,0,60,,36115,4,,0,20,,36116,4,,0,20,,36134,4,,0,60,,36117,4,,0,20,,36118,4,,0,20,,36135,4,,0,60,,36119,4,,0,20,,36120,4,,0,20,,36136,4,,0,60,,36121,4,,0,30,,36122,4,,0,100,,36123,4,,0,100,,36124,4,,0,100,,36125,4,,0,100,,36126,4,,0,100,,36127,4,,0
681401,'1803',2042,,36137,4,,0,100,,36138,4,,0,100,,36139,4,,0,100,,36140,4,,0
681401,'2',921,,36141,4,,0,30,,36142,4,,0,60,,36168,4,,0,20,,36143,4,,0,20,,36144,4,,0,60,,36169,4,,0,20,,36145,4,,0,20,,36146,4,,0,60,,36170,4,,0,20,,36147,4,,0,20,,36148,4,,0,60,,36171,4,,0,20,,36149,4,,0,20,,36150,4,,0,60,,36172,4,,0,20,,36151,4,,0,20,,36152,4,,0,60,,36173,4,,0,20,,36153,4,,0,20,,36154,4,,0,60,,36174,4,,0,20,,36155,4,,0,20,,36156,4,,0,60,,36175,4,,0,19,,36157,4,,0,21,,36158,4,,0,68,,36159,4,,0,28,,36160,4,,0,12,,36161,4,,0,70,,36162,4,,0,100,,36163,4,,0,110,,36164,4,,0,100,,36165,4,,0,100,,36166,4,,0,103,,36167,4,,0
681401,'3',942,,36176,4,,0,100,,36177,4,,0,100,,36178,4,,0,100,,36179,4,,0,100,,36180,4,,0,100,,36181,4,,0,100,,36182,4,,0,100,,36183,4,,0,100,,36184,4,,0,100,,36185,4,,0,100,,36186,4,,0
681500,'1',454,,36208,,,0,90,,36189,,,0,70,,36207,,,0,30,,36188,,,0,70,,36206,,,0,30,,36187,,,0,70,,36205,,,0,100,,36204,,,0,100,,36203,,,0,100,,36202,,,0,100,,36201,,,0,100,,36200,,,0,100,,36199,,,0,100,,36198,,,0,100,,36197,,,0,100,,36196,,,0,100,,36195,,,0,100,,36194,,,0,100,,36193,,,0,100,,36192,,,0,100,,36191,,,0,100,,36190,,,0
681500,'1803',1914,,36212,,,0,100,,36211,,,0,100,,36210,,,0,100,,36209,,,0
681500,'2',814,,36227,,,0,100,,36226,,,0,100,,36228,,,0,100,,36225,,,0,100,,36224,,,0,100,,36223,,,0,100,,36222,,,0,100,,36221,,,0,100,,36220,,,0,100,,36219,,,0,100,,36218,,,0,100,,36217,,,0,100,,36216,,,0,100,,36215,,,0,100,,36214,,,0,100,,36213,,,0
681500,'3',914,,36234,,,0,100,,36233,,,0,100,,36232,,,0,100,,36231,,,0,100,,36230,,,0,100,,36229,,,0,100,,36238,,,0,100,,36237,,,0,100,,36235,,,0,100,,36236,,,0
681601,'1',804,,36329,,,0,100,,36328,,,0,100,,36327,,,0,100,,36326,,,0,100,,36325,,,0,100,,36324,,,0,100,,36323,,,0,100,,36337,,,0,100,,36336,,,0,100,,36335,,,0,100,,36334,,,0,100,,36333,,,0,100,,36332,,,0,100,,36331,,,0,100,,36330,,,0
681601,'2',1004,,36349,,,0,100,,36346,,,0,100,,36345,,,0,100,,36350,,,0,100,,36344,,,0,100,,36343,,,0,100,,36342,,,0,100,,36341,,,0,100,,36340,,,0,100,,36339,,,0,100,,36338,,,0,100,,36347,,,0,98,,36348,,,0
681601,'3',1002,,36359,,,0,100,,36358,,,0,100,,36357,,,0,100,,36356,,,0,100,,36360,,,0,100,,36355,,,0,100,,36354,,,0,100,,36353,,,0,100,,36352,,,0,100,,36351,,,0
1169200,'1',544,,39971,,,0,58,,39972,,,0,18,,39989,,,0,21,,39973,,,0,59,,39970,,,0,16,,40006,,,0,17,,39990,,,0,19,,39969,,,0,56,,40007,,,0,16,,39968,,,0,15,,39991,,,0,15,,40010,,,0,54,,39967,,,0,15,,39966,,,0,17,,39992,,,0,60,,39965,,,0,20,,39993,,,0,20,,39964,,,0,60,,39963,,,0,20,,39994,,,0,20,,39957,,,0,60,,39983,,,0,20,,39995,,,0,20,,39975,,,0,61,,39974,,,0,20,,39996,,,0,20,,39962,,,0,61,,39961,,,0,20,,39997,,,0,23,,39960,,,0,62,,39959,,,0,20,,39958,,,0,22,,39998,,,0,63,,39956,,,0,20,,39988,,,0,20,,39999,,,0,58,,39987,,,0,13,,40000,,,0,15,,39986,,,0,14,,40003,,,0,53,,39985,,,0,12,,40001,,,0,16,,39984,,,0,15,,40004,,,0,54,,39982,,,0,18,,40002,,,0,20,,39981,,,0,17,,39980,,,0,60,,40005,,,0,23,,39979,,,0,68,,39978,,,0,30,,39977,,,0,71,,39976,,,0,98,,40008,,,0,96,,40009,,,0
1169200,'2',618,,40049,,,0,28,,40023,,,0,62,,40055,,,0,22,,40022,,,0,22,,40024,,,0,62,,40025,,,0,21,,40038,,,0,21,,40026,,,0,60,,40027,,,0,20,,40039,,,0,22,,40028,,,0,60,,40029,,,0,21,,40040,,,0,20,,40030,,,0,60,,40031,,,0,20,,40041,,,0,20,,40032,,,0,60,,40020,,,0,22,,40042,,,0,61,,40033,,,0,20,,40043,,,0,21,,40034,,,0,62,,40035,,,0,21,,40044,,,0,23,,40036,,,0,60,,40037,,,0,20,,40045,,,0,20,,40012,,,0,59,,40021,,,0,20,,40046,,,0,21,,40013,,,0,57,,40014,,,0,20,,40050,,,0,20,,40047,,,0,58,,40015,,,0,20,,40016,,,0,20,,40017,,,0,60,,40048,,,0,21,,40018,,,0,28,,40019,,,0,70,,40011,,,0,99,,40051,,,0,98,,40052,,,0,98,,40053,,,0,99,,40054,,,0
1169200,'3',632,,40094,,,0,70,,40082,,,0,33,,40067,,,0,73,,40066,,,0,34,,40068,,,0,73,,40069,,,0,33,,40070,,,0,74,,40071,,,0,30,,40072,,,0,71,,40078,,,0,30,,40073,,,0,72,,40074,,,0,30,,40075,,,0,70,,40076,,,0,30,,40077,,,0,64,,40079,,,0,20,,40084,,,0,61,,40080,,,0,20,,40081,,,0,20,,40085,,,0,19,,40056,,,0,60,,40057,,,0,19,,40086,,,0,19,,40058,,,0,60,,40059,,,0,19,,40087,,,0,20,,40060,,,0,60,,40061,,,0,20,,40088,,,0,18,,40062,,,0,60,,40063,,,0,20,,40089,,,0,66,,40064,,,0,23,,40065,,,0,26,,40083,,,0,95,,40090,,,0,97,,40091,,,0,99,,40092,,,0,99,,40093,,,0
1294001,'1',538,,40579,,,0,81,,40580,,,0,35,,40581,,,0,75,,40582,,,0,74,,40583,,,0,32,,40584,,,0,72,,40585,,,0,28,,40586,,,0,69,,40587,,,0,28,,40588,,,0,70,,40589,,,0,30,,40590,,,0,71,,40591,,,0,30,,40592,,,0,70,,40593,,,0,33,,40594,,,0,73,,40595,,,0,32,,40596,,,0,76,,40597,,,0,33,,40598,,,0,73,,40615,,,0,31,,40599,,,0,71,,40600,,,0,27,,40601,,,0,68,,40602,,,0,18,,40603,,,0,63,,40604,,,0,22,,40605,,,0,23,,40606,,,0,64,,40607,,,0,24,,40608,,,0,70,,40609,,,0,29,,40610,,,0,70,,40611,,,0,34,,40612,,,0,100,,40613,,,0,100,,40614,,,0
1294001,'2',713,,40640,,,0,33,,40641,,,0,73,,40642,,,0,30,,40643,,,0,71,,40644,,,0,32,,40645,,,0,70,,40617,,,0,32,,40618,,,0,71,,40621,,,0,30,,40619,,,0,70,,40620,,,0,31,,40622,,,0,70,,40623,,,0,29,,40624,,,0,70,,40625,,,0,30,,40626,,,0,70,,40627,,,0,30,,40628,,,0,68,,40629,,,0,30,,40630,,,0,69,,40631,,,0,30,,40632,,,0,68,,40633,,,0,30,,40634,,,0,70,,40635,,,0,30,,40636,,,0,69,,40616,,,0,29,,40637,,,0,70,,40638,,,0,30,,40639,,,0,96,,40646,,,0,100,,40647,,,0,100,,40648,,,0
1294001,'3',710,,40665,,,0,37,,40666,,,0,75,,40667,,,0,36,,40668,,,0,70,,40669,,,0,72,,40670,,,0,30,,40671,,,0,71,,40672,,,0,30,,40673,,,0,71,,40674,,,0,30,,40675,,,0,71,,40676,,,0,30,,40677,,,0,70,,40678,,,0,30,,40649,,,0,69,,40650,,,0,30,,40651,,,0,71,,40652,,,0,30,,40653,,,0,69,,40654,,,0,30,,40655,,,0,70,,40656,,,0,29,,40657,,,0,70,,40658,,,0,30,,40659,,,0,69,,40660,,,0,29,,40661,,,0,30,,40662,,,0,70,,40663,,,0,30,,40664,,,0,98,,40679,,,0,100,,40680,,,0,100,,40681,,,0
1870501,'1',534,,42144,,,0,13,,42102,,,0,57,,42104,,,0,17,,42139,,,0,16,,42129,,,0,16,,42103,,,0,60,,42130,,,0,20,,42105,,,0,20,,42106,,,0,60,,42131,,,0,20,,42107,,,0,20,,42108,,,0,60,,42132,,,0,20,,42109,,,0,20,,42110,,,0,60,,42140,,,0,20,,42111,,,0,24,,42112,,,0,71,,42125,,,0,30,,42113,,,0,70,,42101,,,0,30,,42114,,,0,70,,42115,,,0,30,,42116,,,0,56,,42137,,,0,18,,42117,,,0,19,,42118,,,0,57,,42133,,,0,17,,42119,,,0,16,,42138,,,0,17,,42120,,,0,55,,42134,,,0,21,,42121,,,0,22,,42122,,,0,62,,42135,,,0,22,,42124,,,0,61,,42123,,,0,20,,42136,,,0,21,,42126,,,0,61,,42127,,,0,22,,42128,,,0,29,,42098,,,0,69,,42099,,,0,29,,42100,,,0,99,,42141,,,0,100,,42142,,,0,100,,42143,,,0
1870501,'2',556,,42163,,,0,70,,42164,,,0,30,,42165,,,0,70,,42166,,,0,30,,42167,,,0,70,,42168,,,0,30,,42169,,,0,70,,42170,,,0,31,,42148,,,0,73,,42149,,,0,72,,42150,,,0,32,,42151,,,0,71,,42152,,,0,31,,42153,,,0,70,,42154,,,0,30,,42155,,,0,70,,42156,,,0,30,,42157,,,0,70,,42158,,,0,30,,42159,,,0,70,,42160,,,0,30,,42161,,,0,70,,42162,,,0,28,,42171,,,0,68,,42172,,,0,27,,42173,,,0,28,,42174,,,0,70,,42175,,,0,30,,42145,,,0,72,,42146,,,0,72,,42147,,,0,55,,42176,,,0,100,,42177,,,0,100,,42178,,,0
1870501,'3',555,,42205,,,0,69,,42206,,,0,30,,42207,,,0,70,,42208,,,0,30,,42179,,,0,71,,42180,,,0,30,,42181,,,0,70,,42182,,,0,30,,42183,,,0,70,,42184,,,0,30,,42185,,,0,70,,42186,,,0,30,,42187,,,0,70,,42188,,,0,30,,42189,,,0,70,,42190,,,0,30,,42191,,,0,70,,42192,,,0,30,,42193,,,0,70,,42194,,,0,30,,42195,,,0,70,,42196,,,0,30,,42197,,,0,70,,42198,,,0,30,,42199,,,0,70,,42200,,,0,30,,42201,,,0,70,,42202,,,0,30,,42203,,,0,70,,42209,,,0,31,,42204,,,0,100,,42210,,,0,100,,42211,,,0,100,,42212,,,0
2903800,'1',600,,43458,,,0,21,,43478,,,0,13,,43457,,,0,12,,43456,,,0,12,,43469,,,0,52,,43495,,,0,15,,43491,,,0,16,,43455,,,0,18,,43460,,,0,56,,43479,,,0,16,,43454,,,0,15,,43453,,,0,55,,43452,,,0,15,,43480,,,0,12,,43451,,,0,13,,43450,,,0,14,,43449,,,0,55,,43481,,,0,15,,43448,,,0,15,,43472,,,0,15,,43490,,,0,55,,43447,,,0,17,,43473,,,0,21,,43446,,,0,60,,43474,,,0,22,,43445,,,0,20,,43444,,,0,60,,43475,,,0,22,,43443,,,0,20,,43442,,,0,60,,43476,,,0,21,,43441,,,0,23,,43440,,,0,60,,43477,,,0,22,,43439,,,0,18,,43482,,,0,56,,43489,,,0,14,,43471,,,0,15,,43483,,,0,16,,43438,,,0,55,,43437,,,0,17,,43459,,,0,14,,43484,,,0,15,,43436,,,0,53,,43468,,,0,15,,43485,,,0,13,,43467,,,0,12,,43466,,,0,55,,43494,,,0,15,,43465,,,0,18,,43464,,,0,17,,43486,,,0,59,,43463,,,0,20,,43470,,,0,20,,43487,,,0,63,,43488,,,0,28,,43462,,,0,67,,43461,,,0,100,,43492,,,0,100,,43493,,,0
2903800,'2',721,,43543,,,0,10,,43539,,,0,15,,43538,,,0,56,,43511,,,0,19,,43525,,,0,21,,43512,,,0,60,,43513,,,0,21,,43526,,,0,20,,43514,,,0,60,,43515,,,0,22,,43527,,,0,20,,43516,,,0,60,,43517,,,0,21,,43528,,,0,21,,43518,,,0,60,,43519,,,0,21,,43529,,,0,20,,43520,,,0,60,,43521,,,0,21,,43530,,,0,20,,43522,,,0,60,,43523,,,0,20,,43531,,,0,20,,43524,,,0,60,,43496,,,0,20,,43532,,,0,20,,43497,,,0,60,,43498,,,0,20,,43533,,,0,20,,43499,,,0,60,,43500,,,0,21,,43534,,,0,20,,43501,,,0,60,,43502,,,0,20,,43535,,,0,19,,43503,,,0,60,,43504,,,0,20,,43536,,,0,18,,43505,,,0,60,,43540,,,0,19,,43506,,,0,20,,43537,,,0,60,,43507,,,0,19,,43508,,,0,19,,43509,,,0,59,,43510,,,0,100,,43541,,,0,99,,43542,,,0
2903800,'3',741,,43573,,,0,70,,43544,,,0,30,,43545,,,0,70,,43546,,,0,31,,43547,,,0,71,,43548,,,0,30,,43549,,,0,70,,43550,,,0,30,,43551,,,0,70,,43552,,,0,31,,43553,,,0,71,,43554,,,0,30,,43555,,,0,70,,43556,,,0,32,,43557,,,0,60,,43574,,,0,20,,43558,,,0,20,,43559,,,0,59,,43575,,,0,19,,43560,,,0,20,,43561,,,0,60,,43576,,,0,20,,43562,,,0,19,,43563,,,0,60,,43577,,,0,20,,43564,,,0,20,,43565,,,0,60,,43578,,,0,18,,43566,,,0,20,,43567,,,0,60,,43579,,,0,20,,43568,,,0,20,,43569,,,0,70,,43570,,,0,29,,43571,,,0,69,,43572,,,0,99,,43580,,,0,98,,43581,,,0
3404401,'1',654,,49945,,,0,95,,49944,,,0,105,,49943,,,0,100,,49942,,,0,100,,49941,,,0,100,,49940,,,0,100,,49939,,,0,100,,49938,,,0,100,,49937,,,0,103,,49936,,,0,97,,49935,,,0,100,,49934,,,0,100,,49933,,,0,100,,49932,,,0,100,,49931,,,0,100,,49930,,,0,100,,49929,,,0,100,,49928,,,0
3404401,'2',754,,49962,,,0,100,,49961,,,0,100,,49960,,,0,100,,49959,,,0,100,,49958,,,0,100,,49957,,,0,100,,49956,,,0,100,,49955,,,0,100,,49954,,,0,100,,49953,,,0,100,,49952,,,0,100,,49951,,,0,100,,49950,,,0,100,,49949,,,0,100,,49948,,,0,100,,49947,,,0,100,,49946,,,0
3404401,'3',854,,49963,,,0,100,,49964,,,0,100,,49965,,,0,100,,49966,,,0,100,,49967,,,0,100,,49968,,,0,100,,49969,,,0,100,,49970,,,0,100,,49971,,,0,100,,49972,,,0,100,,49973,,,0,100,,49974,,,0,100,,49975,,,0,100,,49976,,,0,100,,49977,,,0,100,,49978,,,0
3404501,'1',724,,50047,,,0,100,,50046,,,0,100,,50045,,,0,100,,50044,,,0,100,,50043,,,0,100,,50042,,,0,100,,50041,,,0,100,,50040,,,0,100,,50039,,,0,100,,50038,,,0,100,,50037,,,0,100,,50036,,,0,100,,50035,,,0,100,,50034,,,0,100,,50033,,,0,95,,50032,,,0,105,,50031,,,0,100,,50048,,,0
3404501,'2',824,,50057,,,0,100,,50056,,,0,100,,50055,,,0,100,,50054,,,0,100,,50053,,,0,100,,50052,,,0,100,,50051,,,0,100,,50050,,,0,100,,50049,,,0,100,,50064,,,0,100,,50063,,,0,100,,50062,,,0,100,,50061,,,0,100,,50060,,,0,100,,50059,,,0,100,,50058,,,0,100,,50065,,,0
3404501,'3',924,,50071,,,0,100,,50070,,,0,100,,50069,,,0,100,,50068,,,0,100,,50067,,,0,100,,50066,,,0,100,,50079,,,0,100,,50078,,,0,100,,50072,,,0,100,,50076,,,0,100,,50075,,,0,100,,50077,,,0,100,,50074,,,0,100,,50073,,,0,100,,50080,,,0,100,,50081,,,0
