665900,'101_merged_15524965',1630,,75738,26,,,0
665900,'1_merged_15524958',524,,75741,26,,,0,95,,75742,26,,,0,32,,75740,26,,,0,72,,75743,26,,,0,30,,75745,26,,,0,70,,75746,26,,,0,31,,75747,26,,,0,69,,75748,26,,,0,29,,75749,26,,,0,70,,75744,26,,,0,30,,75750,26,,,0,70,,75751,26,,,0,30,,75752,26,,,0,70,,75753,26,,,0,30,,75754,26,,,0,71,,75755,26,,,0,29,,75756,26,,,0,74,,75757,26,,,0,75,,75759,26,,,0,29,,75760,26,,,0,25,,75761,26,,,0,68,,75780,26,,,0,33,,75762,26,,,0,70,,75763,26,,,0,28,,75764,26,,,0,71,,75765,26,,,0,28,,75766,26,,,0,68,,75767,26,,,0,32,,75768,26,,,0,70,,75769,26,,,0,30,,75770,26,,,0,68,,75771,26,,,0,30,,75772,26,,,0,69,,75773,26,,,0,30,,75774,26,,,0,68,,75775,26,,,0,30,,75776,26,,,0,70,,75777,26,,,0,30,,75778,26,,,0,69,,75779,26,,,0,30,,75739,26,,,0,66,,75758,26,,,0
665900,'2_merged_15524960',643,,75781,26,,,0,69,,75782,26,,,0,31,,75783,26,,,0,72,,75784,26,,,0,31,,75785,26,,,0,71,,75786,26,,,0,30,,75787,26,,,0,65,,75788,26,,,0,29,,75789,26,,,0,71,,75790,26,,,0,32,,75791,26,,,0,70,,75792,26,,,0,30,,75793,26,,,0,69,,75794,26,,,0,30,,75795,26,,,0,69,,75796,26,,,0,31,,75797,26,,,0,69,,75798,26,,,0,31,,75799,26,,,0,68,,75800,26,,,0,33,,75801,26,,,0,69,,75802,26,,,0,31,,75803,26,,,0,67,,75804,26,,,0,33,,75805,26,,,0,69,,75806,26,,,0,32,,75807,26,,,0,76,,75808,26,,,0,29,,75809,26,,,0,71,,75810,26,,,0,30,,75820,26,,,0,72,,75811,26,,,0,22,,75819,26,,,0,70,,75812,26,,,0,30,,75818,26,,,0,69,,75813,26,,,0,30,,75817,26,,,0,70,,75814,26,,,0,27,,75816,26,,,0,73,,75815,26,,,0
665900,'3_merged_15524959',740,,75850,26,,,0,71,,75842,26,,,0,30,,75843,26,,,0,70,,75844,26,,,0,31,,75830,26,,,0,69,,75831,26,,,0,32,,75832,26,,,0,70,,75851,26,,,0,30,,75845,26,,,0,70,,75846,26,,,0,30,,75828,26,,,0,70,,75854,26,,,0,31,,75855,26,,,0,70,,75856,26,,,0,30,,75825,26,,,0,70,,75829,26,,,0,30,,75852,26,,,0,69,,75853,26,,,0,31,,75839,26,,,0,70,,75821,26,,,0,30,,75833,26,,,0,70,,75841,26,,,0,28,,75835,26,,,0,70,,75827,26,,,0,30,,75848,26,,,0,70,,75847,26,,,0,30,,75826,26,,,0,70,,75849,26,,,0,28,,75834,26,,,0,70,,75836,26,,,0,30,,75822,26,,,0,70,,75837,26,,,0,30,,75823,26,,,0,70,,75824,26,,,0,28,,75838,26,,,0,70,,75840,26,,,0
666000,'101_merged_15524965',1552,,75978,43,,,0,72,,75980,40,,,0
666000,'1_merged_15524958',616,,75992,40,,,0,37,,75985,40,,,0,81,,75996,40,,,0,75,,75983,40,,,0,33,,75990,40,,,0,71,,75981,40,,,0,730,,76011,40,,,0,72,,76009,40,,,0,31,,76007,40,,,0,69,,76005,40,,,0,25,,76003,40,,,0,67,,76002,40,,,0
666001,'101_merged_15524965',837,,76096,3,0,55 56 57,0,678,,76097,3,0,55 56 57,0
666001,'1_merged_15524958',522,,76130,3,,,0,35,,76128,3,,,0,73,,76126,3,,,0,72,,76124,3,,,0,28,,76122,3,,,0,75,,76132,3,,,0,121,,76119,3,,,0,30,,76118,3,,,0,69,,76117,3,,,0,30,,76116,3,,,0,70,,76115,3,,,0,75,,76114,3,,,0,30,,76113,3,,,0,70,,76112,3,,,0,29,,76111,3,,,0,30,,76110,3,,,0,65,,76109,3,,,0,14,,76144,3,,,0,107,,76108,3,,,0,70,,76107,3,,,0,29,,76105,3,,,0,68,,76103,3,,,0,31,,76101,3,,,0,70,,76099,3,,,0,21,,76143,3,,,0,24,,76137,3,,,0,56,,76142,3,,,0,30,,76141,3,,,0,69,,76098,3,,,0,29,,76131,3,,,0,100,,76140,3,,,0,99,,76139,3,,,0,108,,76136,3,,,0
666001,'2_merged_15524960',630,,76145,3,,,0,97,,76146,3,,,0,30,,76147,3,,,0,70,,76148,3,,,0,30,,76149,3,,,0,71,,76150,3,,,0,30,,76151,3,,,0,70,,76152,3,,,0,30,,76153,3,,,0,60,,76154,3,,,0,20,,76176,3,,,0,20,,76155,3,,,0,60,,76156,3,,,0,20,,76177,3,,,0,20,,76157,3,,,0,60,,76158,3,,,0,20,,76178,3,,,0,20,,76159,3,,,0,60,,76160,3,,,0,20,,76179,3,,,0,20,,76161,3,,,0,60,,76162,3,,,0,20,,76180,3,,,0,20,,76163,3,,,0,60,,76164,3,,,0,20,,76181,3,,,0,20,,76165,3,,,0,60,,76166,3,,,0,20,,76182,3,,,0,20,,76167,3,,,0,70,,76168,3,,,0,30,,76169,3,,,0,70,,76170,3,,,0,29,,76171,3,,,0,71,,76183,3,,,0,29,,76172,3,,,0,100,,76173,3,,,0,100,,76174,3,,,0,100,,76175,3,,,0
666001,'3_merged_15524959',702,,76191,3,,,0,100,,76192,3,,,0,30,,76193,3,,,0,70,,76194,3,,,0,30,,76190,3,,,0,71,,76195,3,,,0,30,,76197,3,,,0,70,,76198,3,,,0,30,,76199,3,,,0,70,,76200,3,,,0,30,,76201,3,,,0,70,,76202,3,,,0,30,,76203,3,,,0,70,,76204,3,,,0,30,,76205,3,,,0,70,,76206,3,,,0,30,,76207,3,,,0,70,,76208,3,,,0,30,,76209,3,,,0,70,,76210,3,,,0,30,,76211,3,,,0,70,,76212,3,,,0,30,,76184,3,,,0,70,,76196,3,,,0,29,,76185,3,,,0,70,,76186,3,,,0,31,,76214,3,,,0,69,,76187,3,,,0,100,,76189,3,,,0,57,,76213,3,,,0,141,,76188,3,,,0
666101,'1_merged_15524958',517,,76361,3,,,0,13,,76362,3,,,0,17,,76331,3,,,0,55,,76332,3,,,0,15,,76333,3,,,0,15,,76334,3,,,0,15,,76335,3,,,0,53,,76336,3,,,0,17,,76337,3,,,0,15,,76338,3,,,0,13,,76339,3,,,0,14,,76340,3,,,0,59,,76341,3,,,0,14,,76342,3,,,0,16,,76343,3,,,0,54,,76344,3,,,0,20,,76345,3,,,0,20,,76346,3,,,0,70,,76347,3,,,0,30,,76348,3,,,0,70,,76349,3,,,0,30,,76350,3,,,0,69,,76351,3,,,0,30,,76352,3,,,0,70,,76353,3,,,0,31,,76354,3,,,0,68,,76355,3,,,0,30,,76356,3,,,0,65,,76357,3,,,0,13,,76358,3,,,0,15,,76379,3,,,0,15,,76359,3,,,0,58,,76360,3,,,0,13,,76363,3,,,0,15,,76364,3,,,0,13,,76381,3,,,0,56,,76365,3,,,0,15,,76366,3,,,0,13,,76367,3,,,0,12,,76368,3,,,0,57,,76369,3,,,0,18,,76370,3,,,0,25,,76371,3,,,0,64,,76372,3,,,0,30,,76373,3,,,0,68,,76374,3,,,0,31,,76375,3,,,0,73,,76376,3,,,0,23,,76377,3,,,0,74,,76378,3,,,0,100,,76380,3,,,0
666101,'2_merged_15524960',532,,76394,3,,,0,70,,76393,3,,,0,30,,76388,3,,,0,70,,76392,3,,,0,30,,76411,3,,,0,70,,76386,3,,,0,30,,76385,3,,,0,70,,76384,3,,,0,30,,76412,3,,,0,70,,76383,3,,,0,30,,76390,3,,,0,70,,76389,3,,,0,30,,76391,3,,,0,70,,76396,3,,,0,30,,76387,3,,,0,70,,76408,3,,,0,30,,76407,3,,,0,70,,76406,3,,,0,30,,76405,3,,,0,70,,76404,3,,,0,30,,76403,3,,,0,70,,76410,3,,,0,30,,76382,3,,,0,70,,76402,3,,,0,30,,76401,3,,,0,70,,76400,3,,,0,30,,76399,3,,,0,70,,76398,3,,,0,30,,76413,3,,,0,75,,76397,3,,,0,30,,76414,3,,,0,70,,76409,3,,,0,30,,76415,3,,,0,70,,76395,3,,,0,100,,76416,3,,,0
666101,'3_merged_15524959',702,,76434,3,,,0,30,,76421,3,,,0,70,,76435,3,,,0,30,,76422,3,,,0,70,,76436,3,,,0,30,,76423,3,,,0,70,,76433,3,,,0,30,,76424,3,,,0,70,,76437,3,,,0,30,,76425,3,,,0,70,,76417,3,,,0,30,,76426,3,,,0,70,,76418,3,,,0,30,,76427,3,,,0,70,,76438,3,,,0,30,,76428,3,,,0,70,,76439,3,,,0,30,,76429,3,,,0,70,,76440,3,,,0,30,,76430,3,,,0,70,,76441,3,,,0,30,,76431,3,,,0,70,,76442,3,,,0,30,,76432,3,,,0,70,,76443,3,,,0,30,,76445,3,,,0,70,,76444,3,,,0,33,,76446,3,,,0,67,,76419,3,,,0,100,,76420,3,,,0,100,,76447,3,,,0
666800,'1_merged_15524958',605,,77998,17,,,0,30,,78030,17,,,0,71,,77999,17,,,0,32,,78031,17,,,0,72,,78000,17,,,0,33,,78032,17,,,0,70,,78001,17,,,0,30,,78033,17,,,0,66,,78002,17,,,0,30,,78034,17,,,0,69,,78003,17,,,0,30,,78035,17,,,0,70,,78004,17,,,0,32,,78036,17,,,0,70,,78005,17,,,0,31,,78008,17,,,0,71,,78006,17,,,0,30,,78009,17,,,0,70,,78007,17,,,0,30,,78010,17,,,0,81,,78019,17,,,0,25,,78011,17,,,0,66,,78020,17,,,0,30,,78012,17,,,0,68,,78021,17,,,0,27,,78013,17,,,0,19,,78022,17,,,0,64,,78014,17,,,0,29,,78023,17,,,0,70,,78015,17,,,0,30,,78024,17,,,0,70,,78016,17,,,0,30,,78025,17,,,0,68,,78017,17,,,0,30,,78026,17,,,0,68,,78018,17,,,0,100,,78027,17,,,0,100,,78028,17,,,0,100,,78029,17,,,0
666800,'2_merged_15524960',608,,78037,17,,,0,36,,78038,17,,,0,66,,78039,17,,,0,30,,78040,17,,,0,70,,78041,17,,,0,30,,78042,17,,,0,72,,78043,17,,,0,31,,78044,17,,,0,70,,78045,17,,,0,32,,78046,17,,,0,70,,78047,17,,,0,30,,78048,17,,,0,71,,78049,17,,,0,30,,78050,17,,,0,71,,78051,17,,,0,30,,78052,17,,,0,70,,78053,17,,,0,30,,78054,17,,,0,70,,78055,17,,,0,30,,78056,17,,,0,69,,78057,17,,,0,30,,78058,17,,,0,70,,78059,17,,,0,29,,78060,17,,,0,70,,78061,17,,,0,28,,78062,17,,,0,70,,78063,17,,,0,28,,78064,17,,,0,70,,78065,17,,,0,30,,78066,17,,,0,70,,78067,17,,,0,29,,78068,17,,,0,70,,78069,17,,,0,34,,78070,17,,,0,75,,78071,17,,,0,30,,78072,17,,,0,69,,78073,17,,,0,30,,78074,17,,,0,70,,78075,17,,,0,30,,78076,17,,,0,70,,78077,17,,,0
666800,'3_merged_15524959',611,,78079,17,,,0,30,,78080,17,,,0,71,,78113,17,,,0,30,,78114,17,,,0,72,,78081,17,,,0,31,,78082,17,,,0,70,,78083,17,,,0,32,,78084,17,,,0,70,,78085,17,,,0,30,,78086,17,,,0,72,,78087,17,,,0,30,,78088,17,,,0,70,,78089,17,,,0,30,,78090,17,,,0,70,,78091,17,,,0,31,,78092,17,,,0,70,,78093,17,,,0,30,,78094,17,,,0,71,,78095,17,,,0,30,,78096,17,,,0,69,,78097,17,,,0,30,,78098,17,,,0,70,,78099,17,,,0,30,,78100,17,,,0,67,,78101,17,,,0,30,,78102,17,,,0,70,,78103,17,,,0,30,,78104,17,,,0,69,,78105,17,,,0,30,,78106,17,,,0,69,,78107,17,,,0,31,,78108,17,,,0,65,,78109,17,,,0,33,,78110,17,,,0,69,,78111,17,,,0,27,,78112,17,,,0,73,,78078,17,,,0
3003901,'101_merged_15524965',1553,,103219,31,,,0
3003901,'1_merged_15524958',534,,103252,31,,,0,24,,103241,31,,,0,47,,103253,31,,,0,23,,103251,31,,,0,10,,103254,31,,,0,20,,103250,31,,,0,50,,103255,31,,,0,20,,103249,31,,,0,11,,103256,31,,,0,20,,103248,31,,,0,50,,103257,31,,,0,23,,103242,31,,,0,17,,103258,31,,,0,68,,103259,31,,,0,30,,103260,31,,,0,66,,103261,31,,,0,31,,103262,31,,,0,74,,103263,31,,,0,28,,103264,31,,,0,71,,103265,31,,,0,28,,103220,31,,,0,71,,103221,31,,,0,29,,103222,31,,,0,75,,103223,31,,,0,30,,103224,31,,,0,77,,103225,31,,,0,28,,103226,31,,,0,70,,103227,31,,,0,30,,103228,31,,,0,71,,103229,31,,,0,12,,103247,31,,,0,17,,103230,31,,,0,49,,103246,31,,,0,19,,103231,31,,,0,9,,103245,31,,,0,68,,103232,31,,,0,9,,103244,31,,,0,10,,103233,31,,,0,25,,103234,31,,,0,10,,103243,31,,,0,59,,103235,31,,,0,34,,103236,31,,,0,96,,103237,31,,,0,100,,103238,31,,,0,98,,103239,31,,,0,98,,103240,31,,,0
3003901,'2_merged_15524960',639,,103280,31,,,0,71,,103269,31,,,0,30,,103281,31,,,0,71,,103266,31,,,0,30,,103282,31,,,0,73,,103267,31,,,0,31,,103283,31,,,0,69,,103270,31,,,0,33,,103284,31,,,0,70,,103271,31,,,0,30,,103285,31,,,0,70,,103272,31,,,0,30,,103286,31,,,0,70,,103273,31,,,0,31,,103287,31,,,0,70,,103274,31,,,0,30,,103288,31,,,0,69,,103275,31,,,0,30,,103289,31,,,0,70,,103276,31,,,0,28,,103290,31,,,0,70,,103277,31,,,0,30,,103291,31,,,0,70,,103278,31,,,0,30,,103294,31,,,0,69,,103279,31,,,0,28,,103292,31,,,0,99,,103293,31,,,0,100,,103295,31,,,0,100,,103296,31,,,0,100,,103297,31,,,0,100,,103268,31,,,0
3003901,'3_merged_15524959',638,,103299,31,,,0,100,,103300,31,,,0,102,,103301,31,,,0,101,,103302,31,,,0,104,,103303,31,,,0,100,,103304,31,,,0,71,,103317,31,,,0,30,,103305,31,,,0,70,,103318,31,,,0,30,,103306,31,,,0,70,,103319,31,,,0,30,,103307,31,,,0,70,,103320,31,,,0,30,,103308,31,,,0,68,,103321,31,,,0,33,,103309,31,,,0,67,,103322,31,,,0,30,,103310,31,,,0,70,,103323,31,,,0,30,,103311,31,,,0,101,,103312,31,,,0,99,,103313,31,,,0,96,,103314,31,,,0,99,,103315,31,,,0,99,,103316,31,,,0,100,,103298,31,,,0
3004001,'101_merged_15524965',803,,103429,37,,,0
3004001,'1_merged_15524958',535,,103442,37,,,0,21,,103457,37,,,0,49,,103443,37,,,0,24,,103456,37,,,0,10,,103444,37,,,0,20,,103455,37,,,0,49,,103445,37,,,0,18,,103454,37,,,0,11,,103459,37,,,0,70,,103460,37,,,0,24,,103446,37,,,0,20,,103461,37,,,0,81,,103462,37,,,0,68,,103463,37,,,0,30,,103464,37,,,0,70,,103465,37,,,0,28,,103466,37,,,0,73,,103467,37,,,0,34,,103468,37,,,0,70,,103469,37,,,0,30,,103452,37,,,0,68,,103453,37,,,0,33,,103470,37,,,0,76,,103471,37,,,0,29,,103458,37,,,0,67,,103472,37,,,0,29,,103473,37,,,0,72,,103474,37,,,0,18,,103430,37,,,0,10,,103451,37,,,0,17,,103431,37,,,0,51,,103450,37,,,0,19,,103432,37,,,0,8,,103449,37,,,0,69,,103433,37,,,0,6,,103448,37,,,0,12,,103434,37,,,0,24,,103435,37,,,0,12,,103447,37,,,0,58,,103436,37,,,0,93,,103437,37,,,0,104,,103438,37,,,0,101,,103439,37,,,0,96,,103440,37,,,0,100,,103441,37,,,0
3004001,'2_merged_15524960',725,,103482,37,,,0,30,,103500,37,,,0,71,,103483,37,,,0,31,,103501,37,,,0,72,,103484,37,,,0,73,,103504,37,,,0,29,,103485,37,,,0,70,,103475,37,,,0,33,,103486,37,,,0,68,,103476,37,,,0,30,,103487,37,,,0,70,,103477,37,,,0,30,,103488,37,,,0,70,,103478,37,,,0,30,,103489,37,,,0,70,,103502,37,,,0,30,,103490,37,,,0,70,,103503,37,,,0,30,,103491,37,,,0,69,,103479,37,,,0,29,,103492,37,,,0,70,,103480,37,,,0,30,,103493,37,,,0,70,,103481,37,,,0,30,,103494,37,,,0,86,,103495,37,,,0,96,,103496,37,,,0,100,,103497,37,,,0,98,,103498,37,,,0,102,,103499,37,,,0
3004001,'3_merged_15524959',725,,103506,37,,,0,104,,103507,37,,,0,100,,103508,37,,,0,100,,103509,37,,,0,71,,103523,37,,,0,30,,103510,37,,,0,70,,103524,37,,,0,30,,103511,37,,,0,70,,103525,37,,,0,31,,103512,37,,,0,71,,103526,37,,,0,30,,103513,37,,,0,70,,103527,37,,,0,29,,103514,37,,,0,70,,103528,37,,,0,31,,103515,37,,,0,70,,103529,37,,,0,29,,103516,37,,,0,70,,103530,37,,,0,28,,103517,37,,,0,30,,103531,37,,,0,60,,103519,37,,,0,100,,103505,37,,,0,98,,103518,37,,,0,100,,103520,37,,,0,100,,103521,37,,,0,98,,103522,37,,,0
3004101,'1_merged_15524958',632,,103555,17,,,0,15,,103567,17,,,0,55,,103556,17,,,0,16,,103568,17,,,0,15,,103566,17,,,0,15,,103569,17,,,0,55,,103557,17,,,0,15,,103570,17,,,0,15,,103558,17,,,0,14,,103571,17,,,0,56,,103559,17,,,0,630,,103560,17,,,0,15,,103572,17,,,0,55,,103561,17,,,0,15,,103573,17,,,0,21,,103562,17,,,0,17,,103574,17,,,0,46,,103577,17,,,0,10,,103563,17,,,0,10,,103575,17,,,0,16,,103564,17,,,0,80,,103565,17,,,0,87,,103576,17,,,0
