671400,'1',500,,145798,18,,,0,11,,145832,18,,,0,11,,145822,18,,,0,11,,145796,18,,,0,12,,145833,18,,,0,9,,145817,18,,,0,50,,145823,18,,,0,8,,145788,10,,,0,4,,145825,18,,,0,20,,145835,18,,,0,11,,145824,18,,,0,12,,145789,18,,,0,52,,145826,18,,,0,12,,145790,18,,,0,12,,145834,18,,,0,12,,145799,18,,,0,53,,145821,18,,,0,15,,145791,18,,,0,15,,145827,18,,,0,15,,145792,18,,,0,60,,145800,18,,,0,20,,145801,18,,,0,20,,145816,18,,,0,60,,145802,18,,,0,21,,145803,18,,,0,20,,145828,18,,,0,60,,145804,18,,,0,20,,145836,18,,,0,20,,145784,18,,,0,70,,145805,18,,,0,31,,145806,18,,,0,70,,145807,18,,,0,30,,145808,18,,,0,70,,145809,18,,,0,31,,145810,18,,,0,63,,145811,18,,,0,21,,145818,18,,,0,20,,145797,18,,,0,60,,145793,18,,,0,18,,145819,18,,,0,18,,145794,18,,,0,54,,145829,18,,,0,14,,145795,18,,,0,15,,145820,18,,,0,14,,145830,18,,,0,55,,145812,18,,,0,15,,145814,18,,,0,15,,145813,18,,,0,22,,145831,18,,,0,61,,145815,18,,,0,26,,145785,18,,,0,66,,145786,18,,,0,26,,145787,18,,,0
671400,'101',626,,145783,18,,,0
671400,'201',626,,145837,18,,,0
672000,'1',432,,146400,5,,,0,18,,146403,5,,,0,60,,146404,5,,,0,28,,146405,5,,,0,69,,146406,5,,,0,28,,146407,5,,,0,68,,146408,5,,,0,740,,146401,5,,,0,104,,146409,5,,,0,82,,146410,5,,,0,30,,146411,5,,,0,72,,146412,5,,,0,70,,146413,5,,,0,39,,146402,5,,,0
672000,'101',1515,,146399,5,,,0
672000,'201',1515,,146414,5,,,0
732100,'1',600,,155920,18,,,0,30,,155900,18,,,0,73,,155901,18,,,0,30,,155899,18,,,0,71,,155902,18,,,0,32,,155916,18,,,0,72,,155903,18,,,0,32,,155898,18,,,0,72,,155904,18,,,0,31,,155917,18,,,0,72,,155905,18,,,0,30,,155894,18,,,0,70,,155906,18,,,0,30,,155918,18,,,0,70,,155907,18,,,0,29,,155895,18,,,0,70,,155908,18,,,0,31,,155919,18,,,0,71,,155909,18,,,0,30,,155896,18,,,0,71,,155910,18,,,0,31,,155892,18,,,0,71,,155911,18,,,0,32,,155897,18,,,0,73,,155912,18,,,0,30,,155893,18,,,0,70,,155913,18,,,0,28,,155921,18,,,0,68,,155914,18,,,0,32,,155922,18,,,0,72,,155915,18,,,0,95,,155923,18,,,0,99,,155924,18,,,0,99,,155925,18,,,0
732100,'2',637,,155932,18,,,0,20,,155947,18,,,0,67,,155946,18,,,0,30,,155945,18,,,0,70,,155931,18,,,0,20,,155926,18,,,0,60,,155963,18,,,0,20,,155930,18,,,0,31,,155944,18,,,0,72,,155929,18,,,0,31,,155943,18,,,0,70,,155928,18,,,0,22,,155942,18,,,0,60,,155961,18,,,0,20,,155927,18,,,0,20,,155941,18,,,0,60,,155955,18,,,0,20,,155953,18,,,0,20,,155940,18,,,0,60,,155956,18,,,0,20,,155952,18,,,0,20,,155939,18,,,0,60,,155957,18,,,0,20,,155951,18,,,0,21,,155938,18,,,0,60,,155958,18,,,0,22,,155950,18,,,0,19,,155937,18,,,0,60,,155959,18,,,0,19,,155949,18,,,0,19,,155936,18,,,0,60,,155960,18,,,0,19,,155948,18,,,0,19,,155935,18,,,0,60,,155962,18,,,0,30,,155964,18,,,0,69,,155934,18,,,0,30,,155965,18,,,0,73,,155933,18,,,0,100,,155954,18,,,0,110,,155966,18,,,0,100,,155967,18,,,0
732100,'3',706,,155977,18,,,0,28,,155976,18,,,0,70,,155975,18,,,0,30,,155974,18,,,0,71,,155973,18,,,0,30,,155985,18,,,0,70,,155972,18,,,0,30,,155984,18,,,0,70,,155971,18,,,0,32,,155983,18,,,0,70,,155970,18,,,0,24,,155982,18,,,0,20,,155969,18,,,0,60,,155996,18,,,0,19,,155981,18,,,0,20,,155995,18,,,0,60,,155997,18,,,0,21,,155980,18,,,0,20,,155994,18,,,0,60,,155998,18,,,0,20,,155979,18,,,0,20,,155993,18,,,0,60,,155999,18,,,0,20,,155978,18,,,0,19,,155992,18,,,0,60,,156000,18,,,0,20,,155988,18,,,0,20,,155991,18,,,0,60,,156001,18,,,0,20,,155986,18,,,0,70,,155990,18,,,0,30,,155968,18,,,0,73,,155989,18,,,0,33,,156002,18,,,0,73,,155987,18,,,0,104,,156003,18,,,0,101,,156004,18,,,0,103,,156005,18,,,0
3181901,'1',618,,166441,5,,,0,30,,166442,5,,,0,70,,166443,5,,,0,30,,166444,5,,,0,70,,166445,5,,,0,30,,166446,5,,,0,70,,166447,5,,,0,30,,166448,5,,,0,70,,166449,5,,,0,30,,166450,5,,,0,70,,166451,5,,,0,30,,166452,5,,,0,70,,166453,5,,,0,30,,166454,5,,,0,70,,166455,5,,,0,30,,166456,5,,,0,70,,166457,5,,,0,30,,166458,5,,,0,70,,166459,5,,,0,30,,166425,5,,,0,70,,166426,5,,,0,30,,166427,5,,,0,70,,166428,5,,,0,30,,166429,5,,,0,70,,166430,5,,,0,30,,166431,5,,,0,70,,166432,5,,,0,30,,166433,5,,,0,53,,166434,5,,,0,27,,166439,5,,,0,30,,166435,5,,,0,68,,166438,5,,,0,30,,166436,5,,,0,70,,166440,5,,,0,30,,166437,5,,,0,70,,166460,5,,,0
3181901,'2',742,,166492,5,,,0,70,,166476,5,,,0,30,,166462,5,,,0,71,,166477,5,,,0,30,,166463,5,,,0,70,,166478,5,,,0,30,,166464,5,,,0,70,,166479,5,,,0,30,,166465,5,,,0,70,,166480,5,,,0,30,,166466,5,,,0,70,,166481,5,,,0,30,,166467,5,,,0,70,,166482,5,,,0,30,,166468,5,,,0,70,,166483,5,,,0,30,,166469,5,,,0,70,,166484,5,,,0,30,,166470,5,,,0,70,,166485,5,,,0,30,,166471,5,,,0,70,,166486,5,,,0,30,,166461,5,,,0,64,,166487,5,,,0,22,,166472,5,,,0,30,,166488,5,,,0,73,,166473,5,,,0,70,,166489,5,,,0,30,,166474,5,,,0,70,,166490,5,,,0,30,,166475,5,,,0,70,,166491,5,,,0,30,,166493,5,,,0
3181901,'3',742,,166517,5,,,0,70,,166498,5,,,0,30,,166518,5,,,0,70,,166499,5,,,0,30,,166519,5,,,0,70,,166500,5,,,0,30,,166520,5,,,0,71,,166501,5,,,0,30,,166516,5,,,0,70,,166502,5,,,0,30,,166521,5,,,0,70,,166503,5,,,0,30,,166522,5,,,0,70,,166504,5,,,0,30,,166523,5,,,0,70,,166505,5,,,0,30,,166515,5,,,0,70,,166506,5,,,0,30,,166494,5,,,0,70,,166507,5,,,0,30,,166495,5,,,0,70,,166508,5,,,0,30,,166496,5,,,0,70,,166509,5,,,0,30,,166497,5,,,0,70,,166510,5,,,0,30,,166514,5,,,0,69,,166512,5,,,0,30,,166511,5,,,0,70,,166513,5,,,0,30,,166524,5,,,0,100,,166525,5,,,0
