673900,'101_merged_15291802',830,,91228,38,,,0,716,,91229,38,,,0
673900,'1_merged_15291795',849,,91237,38,,,0
681401,'1803_merged_15291803',2042,,94570,39,,,0,100,,94571,39,,,0,100,,94572,39,,,0,100,,94573,39,,,0
681401,'1_merged_15291795',606,,94574,39,,,0,123,,94575,39,,,0,80,,94576,39,,,0,20,,94577,39,,,0,20,,94578,39,,,0,60,,94579,39,,,0,20,,94580,39,,,0,20,,94581,39,,,0,60,,94582,39,,,0,20,,94583,39,,,0,20,,94607,39,,,0,60,,94584,39,,,0,20,,94585,39,,,0,20,,94608,39,,,0,60,,94586,39,,,0,20,,94587,39,,,0,20,,94609,39,,,0,60,,94588,39,,,0,20,,94589,39,,,0,20,,94610,39,,,0,60,,94590,39,,,0,20,,94591,39,,,0,20,,94611,39,,,0,60,,94592,39,,,0,20,,94593,39,,,0,20,,94612,39,,,0,60,,94594,39,,,0,20,,94595,39,,,0,20,,94613,39,,,0,60,,94596,39,,,0,20,,94597,39,,,0,20,,94614,39,,,0,60,,94598,39,,,0,20,,94599,39,,,0,20,,94615,39,,,0,60,,94600,39,,,0,30,,94601,39,,,0,100,,94602,39,,,0,100,,94603,39,,,0,100,,94604,39,,,0,100,,94605,39,,,0,100,,94606,39,,,0
681401,'2_merged_15291797',919,,94616,39,,,0,20,,94617,39,,,0,20,,94618,39,,,0,60,,94619,39,,,0,20,,94620,39,,,0,20,,94621,39,,,0,60,,94622,39,,,0,20,,94623,39,,,0,20,,94624,39,,,0,60,,94625,39,,,0,20,,94626,39,,,0,20,,94627,39,,,0,60,,94628,39,,,0,20,,94629,39,,,0,20,,94630,39,,,0,60,,94631,39,,,0,20,,94632,39,,,0,20,,94633,39,,,0,60,,94634,39,,,0,20,,94635,39,,,0,20,,94636,39,,,0,60,,94637,39,,,0,20,,94638,39,,,0,20,,94639,39,,,0,60,,94640,39,,,0,20,,94641,39,,,0,68,,94642,39,,,0,32,,94643,39,,,0,70,,94644,39,,,0,30,,94645,39,,,0,100,,94646,39,,,0,100,,94647,39,,,0,100,,94648,39,,,0,100,,94649,39,,,0,103,,94650,39,,,0
681401,'3_merged_15291796',942,,94651,39,,,0,100,,94652,39,,,0,100,,94653,39,,,0,100,,94654,39,,,0,100,,94655,39,,,0,100,,94656,39,,,0,100,,94657,39,,,0,100,,94658,39,,,0,100,,94659,39,,,0,100,,94660,39,,,0,100,,94661,39,,,0
3182000,'1803_merged_15291803',1807,,107002,20,,,0,100,,107003,20,,,0,95,,107004,20,,,0,100,,107005,20,,,0
3182000,'1_merged_15291795',708,,107037,20,,,0,29,,107036,20,,,0,72,,107035,20,,,0,28,,107034,20,,,0,70,,107033,20,,,0,30,,107032,20,,,0,70,,107031,20,,,0,30,,107030,20,,,0,70,,107029,20,,,0,30,,107028,20,,,0,70,,107027,20,,,0,30,,107026,20,,,0,70,,107025,20,,,0,30,,107024,20,,,0,70,,107023,20,,,0,30,,107022,20,,,0,70,,107021,20,,,0,30,,107020,20,,,0,70,,107019,20,,,0,30,,107018,20,,,0,70,,107017,20,,,0,30,,107016,20,,,0,70,,107015,20,,,0,30,,107014,20,,,0,70,,107013,20,,,0,30,,107012,20,,,0,70,,107011,20,,,0,30,,107010,20,,,0,70,,107009,20,,,0,30,,107008,20,,,0,70,,107007,20,,,0,40,,107006,20,,,0
3182000,'2_merged_15291797',807,,107038,20,,,0,30,,107039,20,,,0,70,,107040,20,,,0,30,,107041,20,,,0,70,,107042,20,,,0,30,,107043,20,,,0,70,,107044,20,,,0,30,,107045,20,,,0,70,,107046,20,,,0,30,,107047,20,,,0,70,,107048,20,,,0,30,,107049,20,,,0,70,,107050,20,,,0,30,,107051,20,,,0,70,,107052,20,,,0,30,,107053,20,,,0,70,,107054,20,,,0,30,,107055,20,,,0,70,,107056,20,,,0,30,,107057,20,,,0,70,,107058,20,,,0,30,,107059,20,,,0,70,,107060,20,,,0,30,,107061,20,,,0,70,,107062,20,,,0,30,,107063,20,,,0,70,,107064,20,,,0,30,,107065,20,,,0
3182000,'32603_merged_15291787',1807,,107066,20,,,0,100,,107067,20,,,0,95,,107068,20,,,0,100,,107069,20,,,0
3182000,'3_merged_15291796',907,,107070,20,,,0,30,,107071,20,,,0,70,,107072,20,,,0,30,,107073,20,,,0,70,,107074,20,,,0,30,,107075,20,,,0,70,,107076,20,,,0,30,,107077,20,,,0,70,,107078,20,,,0,30,,107079,20,,,0,70,,107080,20,,,0,30,,107081,20,,,0,70,,107082,20,,,0,30,,107083,20,,,0,70,,107084,20,,,0,30,,107085,20,,,0,70,,107086,20,,,0,30,,107087,20,,,0,100,,107088,20,,,0,95,,107089,20,,,0,100,,107090,20,,,0,100,,107091,20,,,0
