666700,'1',606,,19301,32,,,0,20,,19339,32,,,0,21,,19273,32,,,0,60,,19274,32,,,0,21,,19275,32,,,0,17,,19276,32,,,0,13,,19277,32,,,0,54,,19278,32,,,0,15,,19279,32,,,0,13,,19343,32,,,0,13,,19344,32,,,0,56,,19280,32,,,0,16,,19281,32,,,0,16,,19282,32,,,0,15,,19283,32,,,0,55,,19284,32,,,0,15,,19285,32,,,0,14,,19286,32,,,0,15,,19342,32,,,0,56,,19302,32,,,0,15,,19303,32,,,0,15,,19338,32,,,0,15,,19287,32,,,0,57,,19288,32,,,0,14,,19289,32,,,0,16,,19290,32,,,0,15,,19291,32,,,0,55,,19292,32,,,0,15,,19293,32,,,0,15,,19341,32,,,0,15,,19304,32,,,0,56,,19305,32,,,0,16,,19337,32,,,0,16,,19294,32,,,0,55,,19295,32,,,0,17,,19296,32,,,0,15,,19297,32,,,0,17,,19298,32,,,0,56,,19299,32,,,0,18,,19300,32,,,0,14,,19340,32,,,0,16,,19306,32,,,0,53,,19307,32,,,0,17,,19336,32,,,0,13,,19308,32,,,0,12,,19309,32,,,0,55,,19310,32,,,0,13,,19311,32,,,0,17,,19312,32,,,0,17,,19313,32,,,0,6,,19314,32,,,0,54,,19315,32,,,0,15,,19335,32,,,0,14,,19331,32,,,0,15,,19332,32,,,0,55,,19333,32,,,0,13,,19325,32,,,0,14,,19326,32,,,0,15,,19327,32,,,0,54,,19328,32,,,0,15,,19329,32,,,0,14,,19330,32,,,0,15,,19334,32,,,0,55,,19316,32,,,0,27,,19317,32,,,0,70,,19318,32,,,0,30,,19319,32,,,0,70,,19320,32,,,0,30,,19321,32,,,0,70,,19322,32,,,0,30,,19323,32,,,0,71,,19324,32,,,0
666700,'2',707,,19354,32,,,0,27,,19355,32,,,0,21,,19356,32,,,0,63,,19357,32,,,0,24,,19358,32,,,0,15,,19359,32,,,0,55,,19360,32,,,0,16,,19361,32,,,0,15,,19362,32,,,0,15,,19363,32,,,0,54,,19364,32,,,0,18,,19365,32,,,0,14,,19366,32,,,0,14,,19367,32,,,0,55,,19368,32,,,0,20,,19369,32,,,0,15,,19370,32,,,0,56,,19371,32,,,0,15,,19372,32,,,0,14,,19373,32,,,0,16,,19374,32,,,0,55,,19375,32,,,0,15,,19376,32,,,0,15,,19377,32,,,0,16,,19378,32,,,0,55,,19379,32,,,0,14,,19380,32,,,0,14,,19381,32,,,0,15,,19382,32,,,0,55,,19383,32,,,0,15,,19384,32,,,0,17,,19385,32,,,0,15,,19386,32,,,0,55,,19387,32,,,0,15,,19388,32,,,0,15,,19389,32,,,0,15,,19353,32,,,0,54,,19390,32,,,0,15,,19391,32,,,0,9,,19392,32,,,0,19,,19393,32,,,0,56,,19394,32,,,0,15,,19395,32,,,0,15,,19396,32,,,0,15,,19397,32,,,0,53,,19400,32,,,0,14,,19352,32,,,0,16,,19401,32,,,0,15,,19402,32,,,0,6,,19403,32,,,0,62,,19399,32,,,0,11,,19404,32,,,0,18,,19405,32,,,0,13,,19406,32,,,0,57,,19398,32,,,0,14,,19407,32,,,0,21,,19408,32,,,0,56,,19409,32,,,0,30,,19410,32,,,0,70,,19345,32,,,0,29,,19346,32,,,0,75,,19347,32,,,0,29,,19348,32,,,0,70,,19349,32,,,0,25,,19350,32,,,0,70,,19351,32,,,0
666700,'3',825,,19411,32,,,0,16,,19413,32,,,0,14,,19414,32,,,0,55,,19415,32,,,0,18,,19423,32,,,0,16,,19416,32,,,0,14,,19417,32,,,0,54,,19419,32,,,0,15,,19420,32,,,0,12,,19424,32,,,0,15,,19425,32,,,0,55,,19426,32,,,0,15,,19427,32,,,0,15,,19428,32,,,0,15,,19429,32,,,0,55,,19430,32,,,0,15,,19431,32,,,0,15,,19432,32,,,0,15,,19433,32,,,0,56,,19434,32,,,0,16,,19435,32,,,0,18,,19436,32,,,0,15,,19437,32,,,0,53,,19438,32,,,0,15,,19439,32,,,0,15,,19440,32,,,0,15,,19441,32,,,0,54,,19442,32,,,0,14,,19443,32,,,0,18,,19444,32,,,0,15,,19445,32,,,0,56,,19446,32,,,0,15,,19447,32,,,0,15,,19448,32,,,0,56,,19449,32,,,0,15,,19450,32,,,0,15,,19451,32,,,0,15,,19452,32,,,0,55,,19453,32,,,0,15,,19454,32,,,0,15,,19455,32,,,0,15,,19456,32,,,0,13,,19457,32,,,0,55,,19418,32,,,0,15,,19458,32,,,0,15,,19459,32,,,0,15,,19422,32,,,0,55,,19460,32,,,0,15,,19461,32,,,0,15,,19462,32,,,0,14,,19421,32,,,0,55,,19412,32,,,0,14,,19463,32,,,0,15,,19464,32,,,0,65,,19465,32,,,0,28,,19466,32,,,0,70,,19467,32,,,0,31,,19468,32,,,0,67,,19469,32,,,0,32,,19470,32,,,0,70,,19471,32,,,0
684100,'1',430,,38583,18,,,0,128,,38572,68,,,0,71,,38573,68,,,0,9,,38580,68,,,0,1989,,38582,18,,,0,10,,38581,68,,,0,70,,38575,68,,,0,20,,38577,68,,,0,20,,38574,68,,,0,62,,38576,68,,,0,30,,38578,68,,,0,75,,38579,68,,,0
684100,'2',547,,38584,68,,,0,74,,38591,68,,,0,35,,38592,68,,,0,72,,38593,68,,,0,30,,38589,68,,,0,1842,,38585,18,,,0,40,,38595,68,,,0,74,,38586,68,,,0,17,,38590,68,,,0,20,,38594,68,,,0,60,,38587,68,,,0,30,,38588,68,,,0,80,,38596,68,,,0
684100,'3',547,,38607,68,,,0,73,,38608,68,,,0,31,,38609,68,,,0,72,,38610,68,,,0,17,,38611,68,,,0,13,,38603,68,,,0,56,,38612,68,,,0,13,,38604,68,,,0,1705,,38605,18,,,0,81,,38597,68,,,0,30,,38598,68,,,0,72,,38601,68,,,0,30,,38600,68,,,0,70,,38599,68,,,0,35,,38602,68,,,0,75,,38606,68,,,0
3004600,'1',427,,45407,3,,,0,74,,45408,3,,,0,17,,45409,3,,,0,18,,45405,3,,,0,12,,45437,3,,,0,55,,45438,3,,,0,14,,45439,3,,,0,16,,45440,3,,,0,12,,45406,3,,,0,59,,45433,3,,,0,15,,45434,3,,,0,14,,45435,3,,,0,17,,45436,3,,,0,55,,45404,3,,,0,19,,45457,3,,,0,20,,45441,3,,,0,61,,45442,3,,,0,25,,45443,3,,,0,70,,45444,3,,,0,30,,45445,3,,,0,70,,45446,3,,,0,30,,45447,3,,,0,70,,45448,3,,,0,29,,45449,3,,,0,71,,45450,3,,,0,30,,45451,3,,,0,27,,45452,3,,,0,71,,45453,3,,,0,72,,45454,3,,,0,22,,45456,3,,,0,13,,45455,3,,,0,17,,45401,3,,,0,69,,45430,3,,,0,14,,45431,3,,,0,17,,45432,3,,,0,52,,45402,3,,,0,17,,45424,3,,,0,13,,45425,3,,,0,13,,45426,3,,,0,56,,45427,3,,,0,22,,45428,3,,,0,27,,45429,3,,,0,61,,45403,3,,,0,25,,45422,3,,,0,64,,45423,3,,,0,29,,45410,3,,,0,70,,45411,3,,,0,30,,45421,3,,,0,70,,45412,3,,,0,30,,45413,3,,,0,70,,45420,3,,,0,30,,45414,3,,,0,70,,45415,3,,,0,30,,45419,3,,,0,70,,45416,3,,,0,30,,45417,3,,,0,70,,45418,3,,,0
3004600,'101',1604,,45458,3,,,0
3004600,'2',536,,45483,3,,,0,70,,45484,3,,,0,30,,45485,3,,,0,70,,45486,3,,,0,30,,45487,3,,,0,70,,45488,3,,,0,31,,45489,3,,,0,70,,45490,3,,,0,30,,45499,3,,,0,70,,45500,3,,,0,30,,45459,3,,,0,70,,45460,3,,,0,30,,45461,3,,,0,70,,45462,3,,,0,30,,45463,3,,,0,70,,45464,3,,,0,30,,45465,3,,,0,70,,45466,3,,,0,30,,45467,3,,,0,70,,45468,3,,,0,30,,45469,3,,,0,70,,45470,3,,,0,30,,45471,3,,,0,70,,45491,3,,,0,30,,45472,3,,,0,70,,45473,3,,,0,30,,45474,3,,,0,70,,45475,3,,,0,30,,45476,3,,,0,70,,45477,3,,,0,30,,45478,3,,,0,70,,45479,3,,,0,30,,45480,3,,,0,70,,45481,3,,,0,30,,45482,3,,,0,69,,45492,3,,,0,30,,45493,3,,,0,70,,45494,3,,,0,30,,45495,3,,,0,70,,45496,3,,,0,30,,45497,3,,,0,70,,45498,3,,,0
3004600,'201',1604,,45501,3,,,0
3004600,'3',536,,45518,3,,,0,70,,45520,3,,,0,30,,45521,3,,,0,71,,45522,3,,,0,30,,45523,3,,,0,70,,45524,3,,,0,30,,45525,3,,,0,70,,45526,3,,,0,30,,45527,3,,,0,70,,45528,3,,,0,30,,45529,3,,,0,70,,45530,3,,,0,30,,45531,3,,,0,70,,45532,3,,,0,30,,45533,3,,,0,70,,45534,3,,,0,30,,45535,3,,,0,70,,45536,3,,,0,30,,45537,3,,,0,70,,45538,3,,,0,30,,45539,3,,,0,70,,45540,3,,,0,30,,45541,3,,,0,70,,45519,3,,,0,30,,45504,3,,,0,70,,45505,3,,,0,30,,45506,3,,,0,69,,45507,3,,,0,30,,45508,3,,,0,70,,45502,3,,,0,30,,45503,3,,,0,70,,45509,3,,,0,30,,45510,3,,,0,70,,45511,3,,,0,30,,45512,3,,,0,70,,45513,3,,,0,30,,45514,3,,,0,70,,45515,3,,,0,30,,45516,3,,,0,70,,45517,3,,,0
3004700,'1',526,,45690,3,,,0,15,,45725,3,,,0,14,,45691,3,,,0,56,,45726,3,,,0,15,,45692,3,,,0,13,,45727,3,,,0,17,,45693,3,,,0,53,,45728,3,,,0,17,,45694,3,,,0,13,,45679,3,,,0,63,,45695,3,,,0,17,,45680,3,,,0,23,,45681,3,,,0,69,,45696,3,,,0,30,,45697,3,,,0,70,,45698,3,,,0,30,,45699,3,,,0,70,,45700,3,,,0,30,,45701,3,,,0,70,,45702,3,,,0,30,,45703,3,,,0,70,,45704,3,,,0,31,,45705,3,,,0,71,,45706,3,,,0,30,,45707,3,,,0,59,,45708,3,,,0,15,,45682,3,,,0,15,,45709,3,,,0,15,,45683,3,,,0,55,,45710,3,,,0,17,,45684,3,,,0,14,,45711,3,,,0,16,,45685,3,,,0,54,,45712,3,,,0,16,,45686,3,,,0,14,,45713,3,,,0,14,,45687,3,,,0,12,,45714,3,,,0,58,,45688,3,,,0,14,,45715,3,,,0,17,,45689,3,,,0,59,,45716,3,,,0,30,,45717,3,,,0,70,,45718,3,,,0,34,,45719,3,,,0,66,,45720,3,,,0,30,,45721,3,,,0,74,,45722,3,,,0,31,,45723,3,,,0,69,,45724,3,,,0
3004700,'2',721,,45755,3,,,0,30,,45756,3,,,0,70,,45757,3,,,0,30,,45758,3,,,0,70,,45734,3,,,0,31,,45735,3,,,0,70,,45736,3,,,0,30,,45737,3,,,0,70,,45738,3,,,0,30,,45739,3,,,0,69,,45740,3,,,0,30,,45741,3,,,0,70,,45742,3,,,0,30,,45743,3,,,0,71,,45744,3,,,0,30,,45745,3,,,0,70,,45759,3,,,0,30,,45760,3,,,0,70,,45761,3,,,0,30,,45729,3,,,0,70,,45730,3,,,0,30,,45731,3,,,0,70,,45732,3,,,0,25,,45733,3,,,0,74,,45746,3,,,0,30,,45747,3,,,0,70,,45748,3,,,0,30,,45749,3,,,0,70,,45750,3,,,0,30,,45751,3,,,0,70,,45752,3,,,0,30,,45753,3,,,0,70,,45754,3,,,0
3004700,'3',822,,45779,3,,,0,30,,45780,3,,,0,70,,45763,3,,,0,30,,45764,3,,,0,70,,45765,3,,,0,30,,45766,3,,,0,70,,45767,3,,,0,30,,45768,3,,,0,70,,45769,3,,,0,30,,45770,3,,,0,70,,45771,3,,,0,30,,45772,3,,,0,70,,45773,3,,,0,30,,45774,3,,,0,70,,45781,3,,,0,30,,45782,3,,,0,70,,45783,3,,,0,30,,45784,3,,,0,70,,45785,3,,,0,30,,45786,3,,,0,70,,45787,3,,,0,30,,45788,3,,,0,70,,45775,3,,,0,30,,45776,3,,,0,70,,45777,3,,,0,30,,45762,3,,,0,70,,45778,3,,,0
