667300,'1',540,,136873,22,,,0,76,,136881,22,,,0,21,,136872,22,,,0,11,,136882,22,,,0,67,,136871,22,,,0,24,,136870,22,,,0,67,,136844,32,,,0,13,,136883,20,,,0,36,,136884,32,,,0,56,,136846,20,,,0,24,,136845,20,,,0,65,,136867,22,,,0,25,,136866,22,,,0,30,,136865,34,,,0,70,,136857,34,,,0,29,,136856,34,,,0,68,,136855,34,,,0,32,,136854,34,,,0,70,,136853,34,,,0,30,,136874,34,,,0,60,,136852,34,,,0,39,,136851,34,,,0,66,,136850,34,,,0,29,,136869,34,,,0,69,,136860,34,,,0,4,,136868,34,,,0,15,,136864,34,,,0,77,,136859,34,,,0,21,,136858,34,,,0,68,,136863,34,,,0,15,,136877,34,,,0,13,,136862,34,,,0,15,,136848,34,,,0,68,,136861,34,,,0,31,,136876,22,,,0,70,,136885,22,,,0,31,,136879,22,,,0,69,,136886,22,,,0,31,,136849,22,,,0,97,,136878,22,,,0,100,,136880,22,,,0,99,,136847,22,,,0,96,,136875,22,,,0
667300,'101',833,,136842,29,,,0,696,,136843,16,0,32,0,130,,136841,34,,,0,89,,136840,34,,,0
667300,'2',636,,136890,22,,,0,100,,136891,22,,,0,102,,136892,22,,,0,104,,136893,22,,,0,60,,136894,22,,,0,17,,136924,22,,,0,20,,136895,22,,,0,61,,136896,34,,,0,21,,136897,34,,,0,20,,136925,34,,,0,60,,136912,34,,,0,20,,136898,34,,,0,20,,136926,34,,,0,61,,136913,34,,,0,20,,136899,34,,,0,20,,136927,34,,,0,59,,136914,34,,,0,20,,136900,34,,,0,21,,136928,34,,,0,59,,136901,34,,,0,21,,136932,34,,,0,19,,136915,34,,,0,59,,136902,34,,,0,22,,136929,34,,,0,19,,136916,34,,,0,59,,136903,34,,,0,19,,136930,34,,,0,22,,136917,34,,,0,59,,136918,34,,,0,20,,136931,34,,,0,20,,136919,34,,,0,61,,136911,34,,,0,33,,136904,34,,,0,73,,136920,22,,,0,30,,136905,22,,,0,70,,136921,22,,,0,32,,136906,22,,,0,69,,136923,22,,,0,31,,136907,22,,,0,69,,136922,22,,,0,30,,136908,22,,,0,100,,136909,22,,,0,101,,136910,22,,,0
667300,'201',839,,136887,20,,,0,820,,136888,34,,,0,89,,136889,34,,,0
667300,'3',711,,136933,22,,,0,94,,136934,22,,,0,31,,136976,22,,,0,20,,136962,22,,,0,61,,136977,22,,,0,21,,136953,34,,,0,62,,136955,34,,,0,21,,136968,34,,,0,20,,136935,34,,,0,60,,136936,34,,,0,21,,136952,34,,,0,19,,136969,34,,,0,60,,136937,34,,,0,20,,136961,34,,,0,20,,136970,34,,,0,60,,136938,34,,,0,21,,136960,34,,,0,19,,136971,34,,,0,61,,136939,34,,,0,19,,136959,34,,,0,20,,136972,34,,,0,61,,136940,34,,,0,20,,136958,34,,,0,20,,136973,34,,,0,60,,136941,34,,,0,20,,136974,34,,,0,20,,136957,34,,,0,60,,136942,34,,,0,20,,136975,34,,,0,20,,136956,34,,,0,60,,136943,34,,,0,20,,136944,34,,,0,25,,136954,34,,,0,67,,136965,34,,,0,31,,136945,22,,,0,70,,136963,22,,,0,28,,136946,22,,,0,70,,136964,22,,,0,30,,136947,22,,,0,70,,136966,22,,,0,29,,136948,22,,,0,70,,136967,22,,,0,30,,136949,22,,,0,100,,136950,22,,,0,100,,136951,22,,,0
667400,'1',510,,137147,16,,,0,34,,137148,16,,,0,88,,137139,16,,,0,72,,137145,16,,,0,28,,137138,16,,,0,74,,137129,16,,,0,27,,137137,16,,,0,71,,137124,16,,,0,33,,137123,16,,,0,75,,137122,16,,,0,31,,137121,16,,,0,70,,137131,16,,,0,31,,137130,16,,,0,69,,137118,16,,,0,29,,137120,16,,,0,65,,137146,16,,,0,29,,137119,16,,,0,73,,137125,16,,,0,27,,137140,16,,,0,70,,137126,16,,,0,97,,137136,16,,,0,31,,137141,16,,,0,72,,137128,16,,,0,32,,137135,16,,,0,73,,137134,16,,,0,23,,137132,16,,,0,79,,137143,16,,,0,27,,137149,16,,,0,71,,137142,16,,,0,31,,137150,16,,,0,69,,137144,16,,,0,100,,137117,16,,,0,99,,137133,16,,,0,102,,137127,16,,,0
667400,'101',1547,,137116,16,,,0
667400,'2',547,,137180,16,,,0,84,,137152,16,,,0,101,,137153,16,,,0,70,,137184,16,,,0,30,,137154,16,,,0,74,,137183,16,,,0,19,,137155,16,,,0,29,,137156,16,,,0,75,,137157,16,,,0,73,,137158,16,,,0,33,,137159,16,,,0,72,,137160,16,,,0,32,,137161,16,,,0,70,,137162,16,,,0,30,,137163,16,,,0,69,,137164,16,,,0,30,,137165,16,,,0,71,,137166,16,,,0,31,,137167,16,,,0,68,,137168,16,,,0,32,,137169,16,,,0,69,,137170,16,,,0,30,,137171,16,,,0,71,,137172,16,,,0,29,,137173,16,,,0,68,,137174,16,,,0,30,,137181,16,,,0,70,,137175,16,,,0,29,,137182,16,,,0,71,,137176,16,,,0,30,,137185,16,,,0,70,,137177,16,,,0,30,,137186,16,,,0,70,,137178,16,,,0,99,,137179,16,,,0
667400,'201',1547,,137151,16,,,0
667400,'3',743,,137213,16,,,0,90,,137187,16,,,0,70,,137188,16,,,0,28,,137211,16,,,0,71,,137212,16,,,0,29,,137189,16,,,0,72,,137190,16,,,0,30,,137191,16,,,0,70,,137192,16,,,0,30,,137193,16,,,0,70,,137194,16,,,0,30,,137195,16,,,0,70,,137196,16,,,0,30,,137197,16,,,0,71,,137198,16,,,0,29,,137199,16,,,0,70,,137200,16,,,0,29,,137201,16,,,0,72,,137202,16,,,0,29,,137203,16,,,0,74,,137204,16,,,0,30,,137205,16,,,0,70,,137206,16,,,0,29,,137214,16,,,0,70,,137207,16,,,0,30,,137215,16,,,0,70,,137208,16,,,0,29,,137216,16,,,0,70,,137209,16,,,0,30,,137217,16,,,0,76,,137210,16,,,0
