661400,'152301_merged_15291801',2113,,59156,24,0,10,0,20,,59157,24,0,10,0,20,,59158,24,0,10,0,59,,59159,24,0,10,0,20,,59160,24,0,10,0,20,,59161,24,0,10,0,60,,59162,24,0,10,0,20,,59163,24,0,10,0,20,,59164,24,0,10,0,65,,59165,24,0,10,0
661400,'2_merged_15291797',2109,,59283,24,0,10,0,21,,59291,24,0,10,0,22,,59251,24,0,10,0,60,,59276,24,0,10,0,20,,59255,24,0,10,0,20,,59284,24,0,10,0,60,,59254,24,0,10,0,20,,59297,24,0,10,0,19,,59274,24,0,10,0,69,,59270,24,0,10,0
661400,'3_merged_15291796',2046,,59359,24,0,10,0,60,,59360,24,0,10,0,20,,59342,24,0,10,0,24,,59339,24,0,10,0,62,,59317,24,0,10,0,20,,59362,24,0,10,0,20,,59332,24,0,10,0,59,,59355,24,0,10,0,21,,59363,24,0,10,0,20,,59328,24,0,10,0,67,,59354,24,0,10,0
661700,'152301_merged_15291801',2104,,60909,29,,,0,20,,60910,29,,,0,20,,60911,29,,,0,60,,60912,29,,,0,20,,60913,29,,,0,20,,60914,29,,,0,60,,60915,29,,,0,22,,60916,29,,,0,20,,60917,29,,,0,58,,60918,29,,,0,25,,60919,29,,,0,75,,60920,29,,,0
661700,'2_merged_15291797',2101,,61043,29,,,0,21,,61044,29,,,0,21,,61045,29,,,0,60,,61046,29,,,0,21,,61047,29,,,0,21,,61048,29,,,0,60,,61049,29,,,0,18,,61050,29,,,0,19,,61051,29,,,0,15,,61052,29,,,0,75,,61053,29,,,0,72,,61054,29,,,0
661700,'3_merged_15291796',2106,,61104,29,,,0,20,,61105,29,,,0,20,,61106,29,,,0,60,,61107,29,,,0,20,,61108,29,,,0,20,,61109,29,,,0,60,,61110,29,,,0,20,,61111,29,,,0,20,,61112,29,,,0,59,,61113,29,,,0,31,,61114,29,,,0,68,,61115,29,,,0
662000,'152301_merged_15291801',2107,,62526,31,,,0,15,,62527,31,,,0,15,,62528,31,,,0,16,,62529,31,,,0,60,,62530,31,,,0,20,,62532,31,,,0,20,,62534,31,,,0,60,,62531,31,,,0,20,,62533,31,,,0,22,,62535,31,,,0,70,,62536,31,,,0,30,,62524,31,,,0,70,,62525,31,,,0
662000,'2_merged_15291797',2050,,62681,31,,,0,60,,62682,31,,,0,20,,62683,31,,,0,20,,62684,31,,,0,60,,62685,31,,,0,20,,62686,31,,,0,20,,62687,31,,,0,62,,62688,31,,,0,20,,62689,31,,,0,25,,62690,31,,,0,70,,62691,31,,,0,31,,62692,31,,,0,70,,62693,31,,,0
662000,'3_merged_15291796',2101,,62753,31,,,0,20,,62754,31,,,0,20,,62755,31,,,0,60,,62756,31,,,0,20,,62757,31,,,0,20,,62758,31,,,0,60,,62759,31,,,0,20,,62760,31,,,0,20,,62761,31,,,0,16,,62762,31,,,0,70,,62763,31,,,0,30,,62764,31,,,0,70,,62765,31,,,0
662200,'152301_merged_15291801',2103,,63446,29,0,24 14 8,0,18,,63447,29,0,24 14 8,0,23,,63448,29,0,24 14 8,0,57,,63449,29,0,24 14 8,0,21,,63450,29,0,24 14 8,0,25,,63451,29,0,24 14 8,0,59,,63452,29,0,24 14 8,0,16,,63453,29,0,24 14 8,0,22,,63454,29,0,24 14 8,0,66,,63455,29,0,24 14 8,0,33,,63456,29,,,0,73,,63457,29,,,0
662200,'2_merged_15291797',2052,,63569,29,0,24 14 8,0,55,,63611,29,0,24 14 8,0,16,,63554,29,0,24 14 8,0,15,,63548,29,0,24 14 8,0,20,,63550,29,0,24 14 8,0,60,,63559,29,0,24 14 8,0,24,,63616,29,0,24 14 8,0,60,,63557,29,0,24 14 8,0,20,,63614,29,0,24 14 8,0,22,,63613,29,0,24 14 8,0,68,,63553,29,0,24 14 8,0,30,,63615,29,,,0,70,,63617,29,,,0
662200,'3_merged_15291796',2109,,63696,29,0,24 14 8,0,16,,63697,29,0,24 14 8,0,18,,63698,29,0,24 14 8,0,58,,63699,29,0,24 14 8,0,19,,63700,29,0,24 14 8,0,20,,63701,29,0,24 14 8,0,60,,63702,29,0,24 14 8,0,20,,63703,29,0,24 14 8,0,26,,63704,29,0,24 14 8,0,67,,63705,29,,,0,30,,63706,29,,,0,69,,63707,29,,,0
663700,'152301_merged_15291801',2059,,69225,10,,,0,56,,69226,10,,,0,20,,69227,10,,,0,20,,69228,10,,,0,63,,69229,10,,,0,18,,69230,10,,,0,65,,69231,10,,,0,23,,69232,10,,,0,22,,69237,10,,,0,74,,69233,10,,,0,25,,69234,10,,,0,71,,69235,10,,,0,39,,69236,10,,,0
663700,'2_merged_15291797',2053,,69352,10,,,0,60,,69353,10,,,0,21,,69354,10,,,0,20,,69355,10,,,0,61,,69356,10,,,0,20,,69357,10,,,0,20,,69358,10,,,0,63,,69359,10,,,0,31,,69360,10,,,0,71,,69361,10,,,0,30,,69362,10,,,0,70,,69363,10,,,0,19,,69364,10,,,0
663700,'3_merged_15291796',2114,,69422,10,,,0,20,,69423,10,,,0,20,,69424,10,,,0,64,,69425,10,,,0,22,,69426,10,,,0,14,,69427,10,,,0,61,,69428,10,,,0,26,,69429,10,,,0,70,,69430,10,,,0,31,,69431,10,,,0,68,,69432,10,,,0,30,,69433,10,,,0
683000,'1_merged_15291795',2601,,96730,53,,,0,32,,96731,53,,,0,68,,96732,53,,,0,30,,96733,53,,,0,70,,96734,53,,,0,32,,96735,53,,,0
683000,'2_merged_15291797',2603,,96742,53,,,0,35,,96741,53,,,0,70,,96740,53,,,0,30,,96737,53,,,0,72,,96739,53,,,0,34,,96738,53,,,0
683000,'3_merged_15291796',2601,,96749,53,,,0,30,,96748,53,,,0,70,,96743,53,,,0,30,,96747,53,,,0,70,,96746,53,,,0,40,,96745,53,,,0
683300,'1_merged_15291795',2602,,96786,31,,,0,33,,96788,31,,,0,71,,96787,31,,,0
683300,'2_merged_15291797',2601,,96789,31,,,0,30,,96791,31,,,0,28,,96790,31,,,0
683300,'3_merged_15291796',2601,,96792,31,,,0,30,,96794,31,,,0,70,,96793,31,,,0,37,,96795,31,,,0
684101,'1_merged_15291795',437,,97102,80,,,0,69,,97101,80,,,0,12,,97100,80,,,0,2004,,97104,80,,,0,30,,97098,80,,,0,75,,97097,80,,,0,30,,97096,80,,,0,70,,97099,80,,,0,75,,97103,80,,,0
684101,'2_merged_15291797',432,,97105,80,,,0,74,,97110,80,,,0,32,,97111,80,,,0,70,,97112,80,,,0,28,,97109,80,,,0,1888,,97114,80,,,0,35,,97106,80,,,0,77,,97113,80,,,0,21,,97107,80,,,0,69,,97108,80,,,0,78,,97115,80,,,0
684101,'3_merged_15291796',435,,97124,80,,,0,70,,97126,80,,,0,31,,97123,80,,,0,70,,97122,80,,,0,14,,97129,80,,,0,18,,97119,80,,,0,15,,97130,80,,,0,53,,97121,80,,,0,1749,,97127,80,,,0,71,,97128,80,,,0,30,,97116,80,,,0,67,,97117,80,,,0,30,,97118,80,,,0,78,,97120,80,,,0,70,,97125,80,,,0
1671800,'152301_merged_15291801',2107,,99518,32,0,10,0,16,,99519,32,0,10,0,15,,99520,32,0,10,0,15,,99521,32,0,10,0,55,,99522,32,0,10,0,20,,99523,32,0,10,0,21,,99524,32,0,10,0,59,,99525,32,0,10,0,20,,99526,32,0,10,0,30,,99527,32,0,10,0,55,,99516,32,0,10,0,15,,99528,32,0,10,0,15,,99517,32,0,10,0,15,,99529,32,0,10,0,70,,99530,32,0,10,0
1671800,'2_merged_15291797',324,,99707,32,0,10,0,30,,99708,32,0,10,0,1750,,99621,32,0,10,0,15,,99622,32,0,10,0,15,,99623,32,0,10,0,15,,99624,32,0,10,0,60,,99633,32,0,10,0,20,,99625,32,0,10,0,20,,99626,32,0,10,0,60,,99627,32,0,10,0,21,,99628,32,0,10,0,24,,99629,32,0,10,0,71,,99630,32,0,10,0,30,,99631,32,0,10,0,69,,99632,32,0,10,0
1671800,'3_merged_15291796',322,,99793,32,0,10,0,30,,99794,32,0,10,0,1757,,99775,32,0,10,0,15,,99776,32,0,10,0,15,,99777,32,0,10,0,15,,99789,32,0,10,0,59,,99778,32,0,10,0,20,,99779,32,0,10,0,20,,99780,32,0,10,0,59,,99781,32,0,10,0,21,,99782,32,0,10,0,24,,99783,32,0,10,0,70,,99784,32,0,10,0,30,,99785,32,0,10,0,70,,99786,32,0,10,0
