672600,'1',542,,147672,20,,,0,70,,147673,20,,,0,31,,147674,20,,,0,68,,147675,20,,,0,25,,147676,20,,,0,72,,147677,20,,,0,35,,147678,20,,,0,70,,147679,20,,,0,30,,147680,20,,,0,73,,147681,20,,,0,33,,147682,20,,,0,65,,147683,20,,,0,27,,147684,20,,,0,74,,147685,20,,,0,37,,147686,20,,,0,66,,147687,20,,,0,27,,147688,20,,,0,76,,147689,20,,,0,82,,147690,20,,,0,30,,147691,20,,,0,26,,147692,30,,,0,65,,147693,30,,,0,32,,147694,30,,,0,71,,147695,30,,,0,76,,147696,30,,,0,25,,147697,30,,,0,31,,147698,30,,,0,65,,147699,30,,,0,30,,147700,30,,,0,70,,147701,30,,,0,27,,147702,30,,,0,69,,147703,30,,,0,30,,147669,30,,,0,67,,147670,30,,,0,95,,147671,30,,,0
672600,'2',704,,147725,20,,,0,50,,147722,20,,,0,98,,147710,20,,,0,68,,147732,20,,,0,32,,147711,20,,,0,70,,147727,20,,,0,30,,147712,20,,,0,69,,147729,20,,,0,31,,147721,20,,,0,71,,147730,20,,,0,32,,147713,20,,,0,70,,147731,20,,,0,30,,147714,20,,,0,69,,147726,20,,,0,30,,147715,20,,,0,70,,147733,20,,,0,28,,147716,30,,,0,70,,147704,30,,,0,30,,147717,30,,,0,68,,147728,30,,,0,32,,147718,30,,,0,70,,147705,30,,,0,29,,147719,30,,,0,70,,147724,30,,,0,28,,147720,30,,,0,70,,147706,30,,,0,95,,147707,30,,,0,100,,147708,30,,,0,100,,147723,30,,,0
672600,'3',759,,147740,20,,,0,145,,147741,20,,,0,35,,147743,20,,,0,76,,147753,20,,,0,35,,147746,20,,,0,77,,147755,20,,,0,74,,147747,20,,,0,33,,147754,20,,,0,25,,147748,20,,,0,70,,147756,20,,,0,71,,147749,20,,,0,29,,147757,20,,,0,30,,147750,20,,,0,69,,147758,20,,,0,30,,147751,30,,,0,69,,147759,30,,,0,30,,147752,30,,,0,69,,147742,30,,,0,30,,147744,30,,,0,70,,147734,30,,,0,29,,147745,30,,,0,70,,147735,30,,,0,100,,147736,30,,,0,104,,147737,30,,,0,100,,147738,30,,,0,101,,147739,30,,,0
3454301,'1',456,,169469,23,,,0,57,,169470,23,,,0,16,,169404,23,,,0,16,,169405,23,,,0,55,,169406,23,,,0,16,,169479,23,,,0,14,,169407,23,,,0,12,,169408,23,,,0,12,,169409,23,,,0,51,,169478,23,,,0,11,,169410,23,,,0,10,,169411,23,,,0,11,,169412,23,,,0,12,,169413,23,,,0,10,,169477,23,,,0,50,,169414,23,,,0,10,,169480,23,,,0,11,,169415,23,,,0,13,,169416,23,,,0,12,,169417,23,,,0,52,,169476,23,,,0,12,,169418,23,,,0,12,,169419,23,,,0,13,,169420,23,,,0,14,,169421,23,,,0,55,,169475,23,,,0,15,,169422,23,,,0,15,,169423,23,,,0,57,,169424,23,,,0,15,,169474,23,,,0,15,,169425,23,,,0,15,,169426,23,,,0,13,,169427,23,,,0,57,,169473,23,,,0,15,,169428,23,,,0,15,,169429,23,,,0,55,,169430,23,,,0,15,,169472,23,,,0,15,,169466,23,,,0,15,,169467,23,,,0,55,,169468,23,,,0,15,,169471,23,,,0,17,,169431,23,,,0,16,,169432,23,,,0,61,,169433,23,,,0,30,,169434,23,,,0,12,,169435,23,,,0,64,,169436,23,,,0,12,,169437,23,,,0,12,,169438,23,,,0,12,,169439,23,,,0,52,,169440,23,,,0,12,,169441,23,,,0,11,,169442,23,,,0,12,,169443,23,,,0,11,,169444,23,,,0,52,,169445,23,,,0,13,,169446,23,,,0,13,,169447,23,,,0,12,,169448,23,,,0,12,,169449,23,,,0,51,,169450,23,,,0,9,,169451,23,,,0,16,,169452,27,,,0,14,,169453,27,,,0,15,,169454,27,,,0,55,,169455,27,,,0,15,,169456,27,,,0,15,,169457,27,,,0,68,,169458,27,,,0,30,,169459,27,,,0,68,,169460,27,,,0,30,,169461,27,,,0,68,,169462,27,,,0,29,,169463,27,,,0,68,,169464,27,,,0,30,,169465,27,,,0
3454301,'101',1533,,169401,19,,,0,7,,169402,19,,,0
3454301,'1901',1518,,169403,23,,,0
3454301,'2',537,,169529,27,,,0,75,,169528,27,,,0,30,,169527,27,,,0,70,,169526,27,,,0,30,,169525,27,,,0,70,,169524,27,,,0,26,,169523,27,,,0,20,,169522,27,,,0,60,,169521,27,,,0,20,,169520,27,,,0,20,,169519,27,,,0,60,,169518,27,,,0,20,,169517,27,,,0,21,,169516,27,,,0,60,,169515,27,,,0,21,,169514,27,,,0,60,,169513,27,,,0,20,,169512,27,,,0,20,,169511,27,,,0,60,,169510,27,,,0,20,,169509,27,,,0,20,,169508,27,,,0,60,,169507,27,,,0,20,,169506,27,,,0,20,,169505,27,,,0,60,,169504,27,,,0,19,,169483,27,,,0,20,,169482,27,,,0,62,,169503,27,,,0,21,,169502,27,,,0,17,,169501,27,,,0,61,,169500,27,,,0,21,,169499,27,,,0,21,,169498,27,,,0,60,,169497,27,,,0,20,,169496,27,,,0,22,,169495,27,,,0,69,,169494,27,,,0,30,,169493,27,,,0,73,,169492,27,,,0,30,,169491,27,,,0,70,,169490,27,,,0,30,,169489,27,,,0,70,,169488,27,,,0,30,,169487,27,,,0,96,,169486,27,,,0,100,,169485,27,,,0,95,,169484,23,,,0
3454301,'2001',1518,,169481,23,,,0
3454301,'3',542,,169538,27,,,0,75,,169539,27,,,0,34,,169570,27,,,0,70,,169571,27,,,0,32,,169572,27,,,0,70,,169540,27,,,0,30,,169541,27,,,0,73,,169542,27,,,0,74,,169543,27,,,0,30,,169544,27,,,0,72,,169535,27,,,0,24,,169545,27,,,0,20,,169546,27,,,0,58,,169536,27,,,0,20,,169547,27,,,0,20,,169548,27,,,0,60,,169537,27,,,0,20,,169549,27,,,0,19,,169550,27,,,0,60,,169534,27,,,0,20,,169551,27,,,0,20,,169552,27,,,0,60,,169531,27,,,0,20,,169553,27,,,0,20,,169554,27,,,0,60,,169532,27,,,0,20,,169555,27,,,0,19,,169556,27,,,0,60,,169533,27,,,0,20,,169557,27,,,0,30,,169558,27,,,0,70,,169569,27,,,0,36,,169559,27,,,0,74,,169560,27,,,0,79,,169561,27,,,0,30,,169564,27,,,0,79,,169563,27,,,0,80,,169562,27,,,0,30,,169565,27,,,0,70,,169566,27,,,0,40,,169530,27,,,0,97,,169567,27,,,0,100,,169568,23,,,0
3454301,'62101',1603,,169573,23,,,0
3454301,'62201',1603,,169574,23,,,0
