671600,'1_merged_15291795',447,,87860,17,,,0,70,,87861,17,,,0,29,,87862,17,,,0,61,,87863,17,,,0,20,,87864,17,,,0,17,,87865,17,,,0,60,,87866,17,,,0,30,,87867,17,,,0,71,,87868,17,,,0,31,,87869,17,,,0,72,,87870,17,,,0
675401,'101_merged_15291802',757,,92699,31,0,32,0
3181600,'1_merged_15291795',552,,106425,3,,,0,71,,106426,3,,,0,33,,106427,3,,,0,71,,106428,3,,,0,28,,106429,3,,,0,70,,106405,3,,,0,31,,106406,3,,,0,71,,106407,3,,,0,30,,106430,3,,,0,70,,106431,3,,,0,30,,106408,3,,,0,70,,106409,3,,,0,31,,106410,3,,,0,71,,106411,3,,,0,30,,106412,3,,,0,70,,106413,3,,,0,30,,106414,3,,,0,71,,106415,3,,,0,71,,106416,3,,,0,29,,106417,3,,,0,29,,106418,3,,,0,71,,106419,3,,,0,29,,106420,3,,,0,70,,106421,3,,,0,30,,106422,3,,,0,70,,106423,3,,,0,28,,106424,3,,,0
3181600,'2_merged_15291797',730,,106432,3,,,0,95,,106433,3,,,0,100,,106434,3,,,0,103,,106435,3,,,0,99,,106436,3,,,0,100,,106437,3,,,0,101,,106438,3,,,0,100,,106439,3,,,0,100,,106440,3,,,0,101,,106441,3,,,0,100,,106442,3,,,0,99,,106443,3,,,0,99,,106444,3,,,0,101,,106445,3,,,0,100,,106446,3,,,0
3181600,'3_merged_15291796',830,,106453,3,,,0,100,,106454,3,,,0,100,,106455,3,,,0,102,,106456,3,,,0,100,,106457,3,,,0,97,,106447,3,,,0,101,,106448,3,,,0,100,,106449,3,,,0,102,,106450,3,,,0,98,,106451,3,,,0,100,,106452,3,,,0
3181701,'1_merged_15291795',550,,106590,42,,,0,71,,106591,42,,,0,33,,106592,42,,,0,71,,106564,42,,,0,28,,106565,42,,,0,70,,106566,42,,,0,31,,106589,42,,,0,71,,106567,42,,,0,30,,106568,42,,,0,70,,106579,42,,,0,30,,106580,42,,,0,70,,106581,42,,,0,31,,106582,42,,,0,70,,106583,42,,,0,30,,106584,42,,,0,70,,106585,42,,,0,30,,106570,42,,,0,70,,106569,42,,,0,31,,106571,42,,,0,69,,106572,42,,,0,30,,106573,42,,,0,71,,106574,42,,,0,29,,106575,42,,,0,70,,106576,42,,,0,30,,106577,42,,,0,70,,106578,42,,,0,29,,106586,42,,,0,70,,106587,42,,,0,30,,106588,42,,,0
3181701,'2_merged_15291797',823,,106593,42,,,0,100,,106594,42,,,0,103,,106595,42,,,0,99,,106596,42,,,0,100,,106597,42,,,0,101,,106606,42,,,0,100,,106598,42,,,0,100,,106599,42,,,0,100,,106600,42,,,0,100,,106601,42,,,0,100,,106602,42,,,0,99,,106603,42,,,0,101,,106604,42,,,0,100,,106605,42,,,0
3181701,'3_merged_15291796',928,,106610,42,,,0,100,,106611,42,,,0,102,,106612,42,,,0,99,,106613,42,,,0,97,,106614,42,,,0,101,,106615,42,,,0,100,,106616,42,,,0,102,,106607,42,,,0,98,,106608,42,,,0,100,,106609,42,,,0
4085501,'1_merged_15291795',443,,114189,17,,,0,71,,114190,17,,,0,29,,114191,17,,,0,65,,114192,17,,,0,19,,114193,17,,,0,19,,114194,17,,,0,60,,114195,17,,,0,20,,114196,17,,,0,20,,114197,17,,,0,61,,114198,17,,,0,20,,114199,17,,,0,18,,114200,17,,,0,63,,114201,17,,,0,32,,114202,17,,,0,67,,114203,17,,,0,30,,114204,17,,,0,70,,114205,17,,,0,30,,114206,17,,,0,70,,114207,17,,,0,30,,114208,17,,,0,70,,114209,17,,,0,30,,114210,17,,,0,71,,114211,17,,,0,30,,114212,17,,,0,70,,114213,17,,,0,18,,114214,17,,,0,22,,114215,17,,,0,61,,114216,17,,,0,20,,114217,17,,,0,19,,114218,17,,,0,60,,114219,17,,,0,20,,114220,17,,,0,20,,114221,17,,,0,59,,114222,17,,,0,20,,114223,17,,,0,20,,114224,17,,,0,60,,114225,17,,,0,31,,114226,17,,,0,70,,114227,17,,,0,30,,114228,17,,,0,70,,114229,17,,,0,30,,114230,17,,,0,70,,114231,17,,,0,30,,114232,17,,,0,70,,114233,17,,,0,30,,114238,17,,,0,71,,114234,17,,,0,30,,114239,17,,,0,70,,114235,17,,,0,48,,114236,17,,,0,99,,114237,17,,,0
4085501,'2_merged_15291797',443,,114240,17,,,0,95,,114241,17,,,0,70,,114242,17,,,0,30,,114243,17,,,0,71,,114244,17,,,0,31,,114245,17,,,0,70,,114246,17,,,0,30,,114247,17,,,0,70,,114248,17,,,0,30,,114249,17,,,0,70,,114250,17,,,0,30,,114251,17,,,0,70,,114252,17,,,0,30,,114253,17,,,0,71,,114254,17,,,0,30,,114255,17,,,0,70,,114256,17,,,0,30,,114257,17,,,0,70,,114258,17,,,0,30,,114259,17,,,0,70,,114260,17,,,0,30,,114261,17,,,0,70,,114262,17,,,0,30,,114263,17,,,0,70,,114264,17,,,0,30,,114265,17,,,0,69,,114266,17,,,0,30,,114267,17,,,0,70,,114268,17,,,0,30,,114269,17,,,0,70,,114270,17,,,0,30,,114271,17,,,0,70,,114272,17,,,0,30,,114273,17,,,0,70,,114274,17,,,0,30,,114275,17,,,0,70,,114276,17,,,0,30,,114277,17,,,0,70,,114281,17,,,0,30,,114278,17,,,0,71,,114282,17,,,0,42,,114279,17,,,0,90,,114280,17,,,0
4085501,'3_merged_15291796',447,,114283,17,,,0,99,,114284,17,,,0,70,,114285,17,,,0,30,,114286,17,,,0,69,,114287,17,,,0,29,,114288,17,,,0,71,,114289,17,,,0,30,,114290,17,,,0,70,,114291,17,,,0,30,,114292,17,,,0,70,,114293,17,,,0,28,,114294,17,,,0,70,,114295,17,,,0,30,,114296,17,,,0,70,,114297,17,,,0,30,,114298,17,,,0,70,,114299,17,,,0,30,,114300,17,,,0,70,,114301,17,,,0,30,,114302,17,,,0,70,,114303,17,,,0,30,,114304,17,,,0,68,,114305,17,,,0,30,,114306,17,,,0,70,,114307,17,,,0,30,,114308,17,,,0,70,,114309,17,,,0,30,,114310,17,,,0,69,,114311,17,,,0,30,,114312,17,,,0,70,,114313,17,,,0,30,,114314,17,,,0,70,,114315,17,,,0,30,,114316,17,,,0,69,,114317,17,,,0,32,,114318,17,,,0,73,,114319,17,,,0,30,,114320,17,,,0,68,,114324,17,,,0,30,,114321,17,,,0,69,,114325,17,,,0,42,,114322,17,,,0,90,,114323,17,,,0
