666600,'1',554,,19104,3,,,0,67,,19087,3,,,0,26,,19103,3,,,0,65,,19102,3,,,0,24,,19101,3,,,0,87,,19100,3,,,0,29,,19099,3,,,0,70,,19098,3,,,0,30,,19097,3,,,0,70,,19083,3,,,0,30,,19082,3,,,0,70,,19081,3,,,0,30,,19096,3,,,0,70,,19080,3,,,0,30,,19095,3,,,0,70,,19094,3,,,0,30,,19093,3,,,0,71,,19092,3,,,0,35,,19079,3,,,0,70,,19078,3,,,0,20,,19108,3,,,0,55,,19069,3,,,0,33,,19107,3,,,0,17,,19091,3,,,0,56,,19068,3,,,0,14,,19090,3,,,0,15,,19089,3,,,0,14,,19088,3,,,0,55,,19067,3,,,0,15,,19086,3,,,0,20,,19077,3,,,0,60,,19085,3,,,0,40,,19084,3,,,0,70,,19070,3,,,0,41,,19071,3,,,0,95,,19072,3,,,0,82,,19073,3,,,0,90,,19074,3,,,0,80,,19075,3,,,0,45,,19076,3,,,0,84,,19106,3,,,0
666600,'101',748,,19111,3,,,0,5,,19109,3,,,0,869,,19110,3,,,0
666600,'2',652,,19112,3,,,0,70,,19113,3,,,0,30,,19114,3,,,0,70,,19115,3,,,0,30,,19116,3,,,0,70,,19117,3,,,0,30,,19118,3,,,0,70,,19119,3,,,0,30,,19120,3,,,0,70,,19121,3,,,0,30,,19122,3,,,0,70,,19123,3,,,0,30,,19124,3,,,0,70,,19125,3,,,0,30,,19126,3,,,0,70,,19127,3,,,0,30,,19128,3,,,0,70,,19129,3,,,0,30,,19130,3,,,0,70,,19131,3,,,0,30,,19132,3,,,0,70,,19133,3,,,0,30,,19134,3,,,0,70,,19135,3,,,0,30,,19136,3,,,0,70,,19137,3,,,0,100,,19138,3,,,0,100,,19139,3,,,0,100,,19140,3,,,0,100,,19141,3,,,0,100,,19142,3,,,0,100,,19143,3,,,0,34,,19144,3,,,0
666600,'201',748,,19147,3,,,0,5,,19145,3,,,0,869,,19146,3,,,0
666600,'3',707,,19164,3,,,0,95,,19165,3,,,0,100,,19148,3,,,0,100,,19149,3,,,0,100,,19150,3,,,0,30,,19166,3,,,0,70,,19151,3,,,0,30,,19167,3,,,0,70,,19152,3,,,0,30,,19168,3,,,0,70,,19153,3,,,0,30,,19169,3,,,0,70,,19154,3,,,0,30,,19170,3,,,0,70,,19155,3,,,0,30,,19171,3,,,0,70,,19156,3,,,0,30,,19172,3,,,0,70,,19157,3,,,0,100,,19158,3,,,0,100,,19159,3,,,0,100,,19160,3,,,0,100,,19161,3,,,0,100,,19162,3,,,0,110,,19163,3,,,0
666800,'1',547,,19676,3,,,0,70,,19708,3,,,0,30,,19677,3,,,0,71,,19709,3,,,0,31,,19678,3,,,0,73,,19710,3,,,0,31,,19679,3,,,0,70,,19711,3,,,0,26,,19680,3,,,0,70,,19712,3,,,0,29,,19681,3,,,0,70,,19713,3,,,0,30,,19682,3,,,0,70,,19714,3,,,0,30,,19683,3,,,0,70,,19686,3,,,0,31,,19684,3,,,0,70,,19687,3,,,0,30,,19685,3,,,0,70,,19688,3,,,0,32,,19697,3,,,0,72,,19689,3,,,0,26,,19698,3,,,0,70,,19690,3,,,0,29,,19699,3,,,0,70,,19691,3,,,0,19,,19700,3,,,0,65,,19692,3,,,0,30,,19701,3,,,0,70,,19693,3,,,0,30,,19702,3,,,0,70,,19694,3,,,0,30,,19703,3,,,0,70,,19695,3,,,0,30,,19704,3,,,0,70,,19696,3,,,0,100,,19705,3,,,0,100,,19706,3,,,0,100,,19707,3,,,0
666800,'2',552,,19715,3,,,0,75,,19716,3,,,0,25,,19717,3,,,0,70,,19718,3,,,0,30,,19719,3,,,0,70,,19720,3,,,0,30,,19721,3,,,0,70,,19722,3,,,0,31,,19723,3,,,0,70,,19724,3,,,0,29,,19725,3,,,0,70,,19726,3,,,0,31,,19727,3,,,0,70,,19728,3,,,0,30,,19729,3,,,0,70,,19730,3,,,0,30,,19731,3,,,0,70,,19732,3,,,0,30,,19733,3,,,0,70,,19734,3,,,0,30,,19735,3,,,0,70,,19736,3,,,0,30,,19737,3,,,0,70,,19738,3,,,0,30,,19739,3,,,0,70,,19740,3,,,0,30,,19741,3,,,0,69,,19742,3,,,0,30,,19743,3,,,0,70,,19744,3,,,0,30,,19745,3,,,0,70,,19746,3,,,0,30,,19747,3,,,0,75,,19748,3,,,0,75,,19749,3,,,0,30,,19750,3,,,0,70,,19751,3,,,0,30,,19752,3,,,0,70,,19753,3,,,0,30,,19754,3,,,0,70,,19755,3,,,0
666800,'3',557,,19757,3,,,0,70,,19758,3,,,0,30,,19791,3,,,0,70,,19792,3,,,0,30,,19759,3,,,0,70,,19760,3,,,0,30,,19761,3,,,0,70,,19762,3,,,0,30,,19763,3,,,0,70,,19764,3,,,0,30,,19765,3,,,0,71,,19766,3,,,0,30,,19767,3,,,0,70,,19768,3,,,0,30,,19769,3,,,0,70,,19770,3,,,0,30,,19771,3,,,0,70,,19772,3,,,0,30,,19773,3,,,0,70,,19774,3,,,0,30,,19775,3,,,0,70,,19776,3,,,0,29,,19777,3,,,0,70,,19778,3,,,0,30,,19779,3,,,0,70,,19780,3,,,0,30,,19781,3,,,0,70,,19782,3,,,0,30,,19783,3,,,0,70,,19784,3,,,0,30,,19785,3,,,0,71,,19786,3,,,0,25,,19787,3,,,0,75,,19788,3,,,0,29,,19789,3,,,0,67,,19790,3,,,0,33,,19756,3,,,0
722400,'1',521,,38826,3,,,0,18,,38824,3,,,0,13,,38834,3,0,67,0,50,,38801,3,,,0,10,,38799,3,,,0,10,,38835,3,0,67,0,10,,38827,3,,,0,9,,38831,3,,,0,11,,38836,3,0,67,0,50,,38825,3,,,0,20,,38822,3,,,0,11,,38828,3,,,0,26,,38821,3,,,0,58,,38820,3,,,0,23,,38832,3,,,0,17,,38817,3,,,0,74,,38816,3,,,0,26,,38814,3,,,0,70,,38813,3,,,0,30,,38812,3,,,0,70,,38811,3,,,0,30,,38810,3,,,0,70,,38809,3,,,0,30,,38815,3,,,0,70,,38808,3,,,0,30,,38823,3,,,0,70,,38819,3,,,0,30,,38829,3,,,0,60,,38818,3,,,0,20,,38807,3,,,0,65,,38830,3,,,0,15,,38806,3,,,0,20,,38798,3,,,0,19,,38796,3,,,0,56,,38833,3,,,0,15,,38805,3,,,0,25,,38804,3,,,0,74,,38803,3,,,0,21,,38802,3,,,0,59,,38797,3,,,0,20,,38800,3,,,0,77,,38837,3,,,0
722400,'101',712,,38838,3,0,67,0
722400,'201',712,,38839,3,0,67,0
