662800,'1',542,,8437,,,0,72,,8438,,,0,15,,8439,,,0,13,,8440,,,0,17,,8441,,,0,59,,8442,,,0,19,,8443,,,0,17,,8444,,,0,56,,8445,,,0,14,,8446,,,0,19,,8447,,,0,15,,8448,,,0,53,,8449,,,0,15,,8450,,,0,13,,8451,,,0,20,,8452,,,0,58,,8453,,,0,20,,8454,,,0,20,,8455,,,0,60,,8456,,,0,20,,8457,,,0,20,,8458,,,0,61,,8459,,,0,20,,8460,,,0,20,,8461,,,0,60,,8462,,,0,21,,8463,,,0,20,,8464,,,0,60,,8465,,,0,23,,8466,,,0,60,,8467,,,0,19,,8468,,,0,21,,8469,,,0,66,,8470,,,0,14,,8471,,,0,15,,8472,,,0,16,,8473,,,0,57,,8474,,,0,14,,8475,,,0,12,,8476,,,0,16,,8477,,,0,54,,8478,,,0,15,,8479,,,0,13,,8480,,,0,14,,8481,,,0,62,,8482,,,0,15,,8483,,,0,14,,8484,,,0,70,,8485,,,0,30,,8486,,,0,69,,8487,,,0,29,,8488,,,0,70,,8489,,,0,41,,8490,,,0,105,,8491,,,0,147,,8492,,,0,57,,8493,,,0
662800,'101',1546,,8494,,,0
662800,'2',601,,8505,,,0,45,,8498,,,0,66,,8514,,,0,19,,8542,,,0,23,,8500,,,0,57,,8509,,,0,21,,8501,,,0,23,,8513,,,0,63,,8502,,,0,19,,8512,,,0,20,,8518,,,0,60,,8519,,,0,21,,8520,,,0,20,,8495,,,0,60,,8521,,,0,20,,8522,,,0,20,,8523,,,0,60,,8524,,,0,21,,8525,,,0,20,,8526,,,0,60,,8527,,,0,21,,8528,,,0,60,,8543,,,0,21,,8503,,,0,20,,8517,,,0,59,,8529,,,0,21,,8530,,,0,21,,8531,,,0,59,,8532,,,0,21,,8533,,,0,20,,8534,,,0,59,,8536,,,0,22,,8537,,,0,20,,8538,,,0,58,,8535,,,0,19,,8541,,,0,20,,8539,,,0,18,,8540,,,0,71,,8506,,,0,29,,8511,,,0,70,,8496,,,0,30,,8507,,,0,70,,8510,,,0,30,,8497,,,0,70,,8508,,,0,29,,8515,,,0,143,,8499,,,0,102,,8516,,,0,98,,8504,,,0
662800,'3',708,,8558,,,0,29,,8577,,,0,74,,8550,,,0,34,,8564,,,0,68,,8570,,,0,31,,8561,,,0,70,,8569,,,0,30,,8575,,,0,69,,8545,,,0,32,,8552,,,0,72,,8557,,,0,31,,8572,,,0,71,,8566,,,0,31,,8546,,,0,69,,8565,,,0,30,,8571,,,0,71,,8547,,,0,30,,8553,,,0,71,,8556,,,0,29,,8573,,,0,70,,8551,,,0,29,,8554,,,0,71,,8548,,,0,28,,8567,,,0,69,,8562,,,0,28,,8574,,,0,69,,8549,,,0,30,,8576,,,0,70,,8560,,,0,28,,8555,,,0,68,,8568,,,0,36,,8563,,,0,108,,8559,,,0,155,,8544,,,0
662900,'1',510,,8774,,,0,32,,8719,,,0
662900,'2',531,,8786,,,0,84,,8791,,,0
662900,'3',636,,8845,,,0
663300,'1',427,,9613,,,0,19,,9668,,,0,55,,9669,,,0,13,,9670,,,0,15,,9614,,,0,17,,9615,,,0,55,,9616,,,0,15,,9617,,,0,15,,9618,,,0,15,,9619,,,0,55,,9620,,,0,15,,9621,,,0,8,,9677,,,0,8,,9622,,,0,15,,9623,,,0,55,,9673,,,0,18,,9624,,,0,15,,9625,,,0,15,,9626,,,0,55,,9674,,,0,13,,9627,,,0,15,,9612,,,0,15,,9611,,,0,55,,9610,,,0,15,,9609,,,0,15,,9608,,,0,15,,9607,,,0,55,,9606,,,0,15,,9605,,,0,16,,9604,,,0,15,,9603,,,0,56,,9602,,,0,15,,9601,,,0,15,,9600,,,0,16,,9599,,,0,55,,9598,,,0,15,,9597,,,0,15,,9596,,,0,15,,9665,,,0,54,,9664,,,0,15,,9663,,,0,14,,9662,,,0,17,,9661,,,0,54,,9660,,,0,15,,9659,,,0,17,,9658,,,0,15,,9675,,,0,55,,9657,,,0,15,,9656,,,0,13,,9655,,,0,15,,9654,,,0,55,,9653,,,0,15,,9652,,,0,14,,9651,,,0,15,,9676,,,0,55,,9650,,,0,15,,9628,,,0,15,,9629,,,0,14,,9630,,,0,55,,9631,,,0,14,,9632,,,0,15,,9633,,,0,15,,9634,,,0,55,,9635,,,0,15,,9636,,,0,15,,9637,,,0,15,,9638,,,0,55,,9666,,,0,15,,9639,,,0,15,,9667,,,0,20,,9640,,,0,70,,9641,,,0,30,,9642,,,0,68,,9643,,,0,30,,9644,,,0,70,,9645,,,0,30,,9646,,,0,70,,9647,,,0,31,,9648,,,0
663300,'2',432,,9758,,,0,15,,9759,,,0,55,,9754,,,0,13,,9755,,,0,14,,9696,,,0,15,,9697,,,0,15,,9698,,,0,55,,9699,,,0,16,,9700,,,0,15,,9701,,,0,56,,9702,,,0,15,,9703,,,0,18,,9704,,,0,13,,9705,,,0,55,,9706,,,0,15,,9707,,,0,8,,9756,,,0,7,,9708,,,0,15,,9709,,,0,55,,9710,,,0,16,,9711,,,0,15,,9695,,,0,15,,9694,,,0,55,,9693,,,0,15,,9692,,,0,15,,9691,,,0,15,,9690,,,0,55,,9689,,,0,16,,9688,,,0,15,,9687,,,0,16,,9686,,,0,55,,9685,,,0,15,,9684,,,0,15,,9683,,,0,17,,9682,,,0,55,,9681,,,0,15,,9680,,,0,15,,9679,,,0,16,,9751,,,0,55,,9750,,,0,14,,9749,,,0,15,,9748,,,0,15,,9747,,,0,55,,9746,,,0,15,,9745,,,0,15,,9744,,,0,15,,9743,,,0,55,,9742,,,0,15,,9741,,,0,15,,9740,,,0,15,,9739,,,0,55,,9738,,,0,15,,9737,,,0,15,,9736,,,0,15,,9735,,,0,54,,9734,,,0,14,,9712,,,0,14,,9713,,,0,13,,9714,,,0,55,,9715,,,0,15,,9716,,,0,15,,9717,,,0,15,,9718,,,0,55,,9719,,,0,15,,9720,,,0,15,,9721,,,0,15,,9722,,,0,55,,9752,,,0,15,,9723,,,0,15,,9753,,,0,21,,9724,,,0,70,,9725,,,0,30,,9726,,,0,69,,9727,,,0,30,,9728,,,0,69,,9729,,,0,30,,9730,,,0,70,,9731,,,0,29,,9732,,,0
663300,'3',433,,9777,,,0,15,,9836,,,0,54,,9837,,,0,13,,9838,,,0,13,,9778,,,0,17,,9779,,,0,55,,9780,,,0,15,,9781,,,0,15,,9782,,,0,15,,9783,,,0,55,,9784,,,0,15,,9785,,,0,15,,9786,,,0,16,,9787,,,0,55,,9788,,,0,15,,9789,,,0,15,,9790,,,0,15,,9791,,,0,55,,9792,,,0,15,,9793,,,0,15,,9776,,,0,13,,9839,,,0,3,,9775,,,0,55,,9774,,,0,15,,9773,,,0,15,,9772,,,0,15,,9771,,,0,55,,9770,,,0,15,,9769,,,0,15,,9768,,,0,15,,9767,,,0,55,,9766,,,0,17,,9765,,,0,15,,9764,,,0,15,,9763,,,0,55,,9762,,,0,15,,9761,,,0,15,,9760,,,0,15,,9833,,,0,55,,9832,,,0,16,,9831,,,0,15,,9830,,,0,15,,9829,,,0,55,,9828,,,0,14,,9827,,,0,15,,9826,,,0,15,,9825,,,0,55,,9824,,,0,15,,9823,,,0,15,,9822,,,0,14,,9821,,,0,55,,9820,,,0,15,,9819,,,0,15,,9818,,,0,15,,9817,,,0,55,,9816,,,0,14,,9794,,,0,15,,9795,,,0,15,,9796,,,0,55,,9797,,,0,15,,9798,,,0,14,,9799,,,0,15,,9800,,,0,55,,9801,,,0,15,,9802,,,0,15,,9803,,,0,16,,9804,,,0,55,,9834,,,0,14,,9805,,,0,15,,9835,,,0,20,,9806,,,0,70,,9807,,,0,30,,9808,,,0,70,,9809,,,0,30,,9810,,,0,68,,9811,,,0,30,,9812,,,0,70,,9813,,,0,30,,9814,,,0
