674900,'101_merged_15291802',710,,92280,6,0,62 63 64,0
674900,'1_merged_15291795',524,,92345,6,,,0,13,,92346,6,,,0,17,,92347,6,,,0,57,,92348,6,,,0,17,,92349,6,,,0,14,,92350,6,,,0,16,,92351,6,,,0,71,,92352,6,,,0,13,,92353,6,0,58 59,0,15,,92354,6,0,58 59,0,54,,92291,6,,,0,14,,92336,6,0,58 59,0,16,,92337,6,,,0,15,,92338,6,0,58 59,0,55,,92339,6,,,0,8,,92340,6,0,60 61 8,0,9,,92341,6,0,58 59,0,11,,92342,6,,,0,15,,92343,6,0,58 59,0,57,,92344,6,,,0,15,,92292,6,0,58 59,0,15,,92317,6,,,0,15,,92318,6,0,58 59,0,55,,92319,6,,,0,15,,92320,6,0,58 59,0,15,,92321,6,,,0,15,,92322,6,0,58 59,0,55,,92323,6,,,0,12,,92324,6,0,58 59,0,18,,92325,6,,,0,15,,92326,6,0,58 59,0,55,,92327,6,,,0,15,,92328,6,0,58 59,0,13,,92329,6,,,0,17,,92330,6,0,60 61 8,0,75,,92331,6,,,0,15,,92332,6,,,0,55,,92333,6,,,0,15,,92334,6,,,0,17,,92335,6,,,0,14,,92283,6,,,0,56,,92289,6,,,0,23,,92311,6,,,0,7,,92293,6,,,0,21,,92282,6,,,0,47,,92312,6,,,0,23,,92313,6,,,0,7,,92314,6,,,0,15,,92315,6,,,0,61,,92316,6,,,0,9,,92290,6,,,0,19,,92284,6,,,0,9,,92294,6,,,0,56,,92295,6,,,0,15,,92306,6,,,0,16,,92307,6,,,0,14,,92308,6,,,0,13,,92309,6,0,60 61 8,0,57,,92310,6,,,0,15,,92288,6,,,0,15,,92285,6,,,0,56,,92298,6,0,60 61 8,0,12,,92299,6,,,0,30,,92300,6,,,0,70,,92301,6,,,0,30,,92286,6,,,0,70,,92303,6,,,0,30,,92297,6,,,0,69,,92302,6,,,0,30,,92287,6,,,0,70,,92305,6,0,58 59,0,29,,92296,6,0,58 59,0,70,,92304,6,0,58 59,0
674900,'2_merged_15291797',612,,92357,6,,,0,30,,92358,6,,,0,67,,92359,6,,,0,15,,92360,6,,,0,15,,92361,6,0,58 59,0,15,,92362,6,,,0,50,,92363,6,0,58 59,0,15,,92364,6,,,0,15,,92365,6,0,58 59,0,15,,92366,6,,,0,55,,92367,6,0,58 59,0,16,,92368,6,,,0,15,,92369,6,0,58 59,0,16,,92370,6,,,0,55,,92371,6,0,58 59,0,15,,92372,6,,,0,15,,92373,6,0,58 59,0,15,,92374,6,,,0,55,,92375,6,0,58 59,0,15,,92376,6,,,0,16,,92377,6,0,58 59,0,15,,92378,6,,,0,57,,92379,6,0,58 59,0,15,,92380,6,,,0,12,,92381,6,0,58 59,0,15,,92382,6,,,0,55,,92383,6,0,58 59,0,17,,92384,6,,,0,15,,92385,6,0,58 59,0,13,,92386,6,,,0,55,,92387,6,0,58 59,0,15,,92388,6,,,0,15,,92389,6,0,58 59,0,15,,92390,6,,,0,55,,92391,6,0,58 59,0,15,,92392,6,,,0,15,,92393,6,0,58 59,0,17,,92394,6,,,0,53,,92395,6,0,58 59,0,15,,92396,6,,,0,15,,92397,6,0,58 59,0,15,,92398,6,,,0,55,,92399,6,0,58 59,0,15,,92400,6,,,0,15,,92401,6,0,58 59,0,15,,92402,6,,,0,55,,92403,6,0,58 59,0,16,,92404,6,,,0,15,,92405,6,,,0,13,,92406,6,,,0,60,,92407,6,,,0,20,,92408,6,,,0,17,,92409,6,,,0,63,,92410,6,,,0,20,,92411,6,,,0,19,,92412,6,,,0,65,,92413,6,,,0,30,,92414,6,,,0,70,,92415,6,,,0,30,,92416,6,,,0,69,,92417,6,,,0,30,,92418,6,,,0,70,,92419,6,,,0,30,,92420,6,,,0,69,,92421,6,0,58 59,0,35,,92355,6,0,58 59,0,65,,92356,6,0,58 59,0
674900,'3_merged_15291796',617,,92451,6,,,0,32,,92450,6,,,0,63,,92456,6,,,0,31,,92455,6,,,0,15,,92467,6,0,58 59,0,55,,92466,6,,,0,15,,92465,6,0,58 59,0,14,,92464,6,,,0,16,,92463,6,0,58 59,0,56,,92462,6,,,0,15,,92486,6,0,58 59,0,15,,92485,6,,,0,15,,92461,6,0,58 59,0,56,,92460,6,,,0,15,,92459,6,0,58 59,0,15,,92458,6,,,0,10,,92457,6,0,58 59,0,54,,92454,6,,,0,16,,92453,6,0,58 59,0,15,,92452,6,,,0,13,,92478,6,0,58 59,0,59,,92426,6,,,0,15,,92425,6,0,58 59,0,15,,92424,6,,,0,14,,92423,6,0,58 59,0,54,,92422,6,,,0,15,,92484,6,0,58 59,0,9,,92483,6,,,0,23,,92482,6,0,58 59,0,55,,92481,6,,,0,15,,92480,6,0,58 59,0,15,,92479,6,,,0,15,,92477,6,0,58 59,0,53,,92476,6,,,0,14,,92475,6,0,58 59,0,16,,92474,6,,,0,5,,92473,6,0,58 59,0,65,,92472,6,,,0,15,,92471,6,0,58 59,0,16,,92470,6,,,0,13,,92469,6,0,58 59,0,57,,92468,6,,,0,15,,92439,6,0,58 59,0,15,,92449,6,,,0,15,,92448,6,0,58 59,0,60,,92447,6,,,0,14,,92446,6,0,58 59,0,16,,92445,6,,,0,13,,92444,6,0,58 59,0,55,,92443,6,,,0,15,,92442,6,0,58 59,0,14,,92441,6,,,0,15,,92440,6,0,58 59,0,55,,92438,6,,,0,15,,92437,6,0,58 59,0,11,,92436,6,,,0,20,,92435,6,,,0,60,,92434,6,,,0,31,,92433,6,,,0,71,,92432,6,,,0,30,,92431,6,,,0,70,,92430,6,,,0,30,,92429,6,,,0,71,,92428,6,,,0,101,,92427,6,0,58 59,0
674900,'701_merged_15291789',1412,,92487,6,,,0
674900,'801_merged_15291807',1411,,92488,6,,,0
3003700,'101_merged_15291802',829,,102696,6,,,0,596,,102694,6,,,0,20,,102693,6,,,0,81,,102695,6,,,0
3003700,'1_merged_15291795',503,,102730,6,,,0,31,,102731,6,,,0,21,,102706,6,,,0,49,,102732,6,,,0,19,,102705,6,,,0,6,,102733,6,,,0,24,,102704,6,,,0,6,,102734,6,,,0,55,,102699,6,,,0,15,,102735,6,,,0,16,,102697,6,,,0,14,,102736,6,,,0,60,,102737,6,,,0,30,,102738,6,,,0,65,,102739,6,,,0,35,,102740,6,,,0,70,,102707,6,,,0,30,,102708,6,,,0,70,,102709,6,,,0,30,,102710,6,,,0,70,,102711,6,,,0,30,,102712,6,,,0,71,,102713,6,,,0,29,,102714,6,,,0,70,,102715,6,,,0,28,,102716,6,,,0,71,,102717,6,,,0,28,,102718,6,,,0,65,,102726,6,,,0,25,,102719,6,,,0,4,,102703,6,,,0,65,,102720,6,,,0,5,,102702,6,,,0,25,,102721,6,,,0,5,,102701,6,,,0,19,,102698,6,,,0,61,,102700,6,,,0,24,,102722,6,,,0,64,,102723,6,,,0,100,,102724,6,,,0,100,,102725,6,,,0,100,,102727,6,,,0,99,,102728,6,,,0,99,,102729,6,,,0
3003700,'2_merged_15291797',717,,102745,6,,,0,30,,102761,6,,,0,70,,102746,6,,,0,31,,102762,6,,,0,71,,102747,6,,,0,30,,102763,6,,,0,71,,102748,6,,,0,29,,102764,6,,,0,70,,102749,6,,,0,30,,102765,6,,,0,70,,102743,6,,,0,30,,102766,6,,,0,70,,102744,6,,,0,30,,102767,6,,,0,70,,102750,6,,,0,30,,102768,6,,,0,70,,102751,6,,,0,30,,102741,6,,,0,70,,102752,6,,,0,30,,102742,6,,,0,70,,102753,6,,,0,30,,102769,6,,,0,68,,102754,6,,,0,26,,102770,6,,,0,65,,102755,6,,,0,100,,102756,6,,,0,100,,102757,6,,,0,100,,102758,6,,,0,99,,102759,6,,,0,100,,102760,6,,,0
3003700,'3_merged_15291796',708,,102779,6,,,0,100,,102780,6,,,0,100,,102781,6,,,0,100,,102782,6,,,0,101,,102783,6,,,0,30,,102789,6,,,0,70,,102784,6,,,0,30,,102790,6,,,0,70,,102785,6,,,0,30,,102791,6,,,0,70,,102786,6,,,0,30,,102792,6,,,0,70,,102787,6,,,0,30,,102793,6,,,0,70,,102788,6,,,0,30,,102794,6,,,0,70,,102771,6,,,0,30,,102795,6,,,0,70,,102772,6,,,0,100,,102773,6,,,0,100,,102774,6,,,0,98,,102775,6,,,0,100,,102776,6,,,0,99,,102777,6,,,0,100,,102778,6,,,0
