3003901,'1',532,,162150,27,,,0,24,,162139,27,,,0,47,,162151,27,,,0,21,,162149,27,,,0,11,,162152,27,,,0,21,,162148,27,,,0,50,,162153,27,,,0,19,,162147,27,,,0,11,,162154,27,,,0,20,,162146,27,,,0,50,,162155,27,,,0,23,,162140,27,,,0,17,,162156,27,,,0,68,,162157,27,,,0,31,,162158,27,,,0,66,,162159,27,,,0,33,,162160,27,,,0,72,,162161,27,,,0,28,,162162,27,,,0,74,,162163,27,,,0,25,,162118,27,,,0,70,,162119,27,,,0,30,,162120,27,,,0,77,,162121,27,,,0,34,,162122,27,,,0,67,,162123,27,,,0,29,,162124,27,,,0,69,,162125,27,,,0,30,,162126,27,,,0,71,,162127,27,,,0,12,,162145,27,,,0,17,,162128,27,,,0,9,,162144,27,,,0,59,,162129,27,,,0,10,,162143,27,,,0,28,,162130,27,,,0,51,,162142,27,,,0,10,,162131,27,,,0,26,,162132,27,,,0,9,,162141,27,,,0,59,,162133,27,,,0,34,,162134,27,,,0,97,,162135,27,,,0,100,,162136,27,,,0,98,,162137,27,,,0,96,,162138,27,,,0
3003901,'101',1548,,162117,27,,,0
3003901,'2',637,,162178,27,,,0,70,,162167,27,,,0,30,,162179,27,,,0,71,,162164,27,,,0,30,,162180,27,,,0,71,,162165,27,,,0,32,,162181,27,,,0,71,,162168,27,,,0,32,,162182,27,,,0,70,,162169,27,,,0,30,,162183,27,,,0,70,,162170,27,,,0,30,,162184,27,,,0,71,,162171,27,,,0,30,,162185,27,,,0,70,,162172,27,,,0,30,,162186,27,,,0,69,,162173,27,,,0,30,,162187,27,,,0,70,,162174,27,,,0,28,,162188,27,,,0,70,,162175,27,,,0,30,,162189,27,,,0,68,,162176,27,,,0,30,,162192,27,,,0,70,,162177,27,,,0,30,,162190,27,,,0,99,,162191,27,,,0,100,,162193,27,,,0,98,,162194,27,,,0,100,,162195,27,,,0,97,,162166,27,,,0
3003901,'3',637,,162197,27,,,0,100,,162198,27,,,0,101,,162199,27,,,0,101,,162200,27,,,0,101,,162201,27,,,0,101,,162202,27,,,0,70,,162215,27,,,0,30,,162203,27,,,0,70,,162216,27,,,0,30,,162204,27,,,0,70,,162217,27,,,0,30,,162205,27,,,0,70,,162218,27,,,0,30,,162206,27,,,0,70,,162219,27,,,0,33,,162207,27,,,0,67,,162220,27,,,0,30,,162208,27,,,0,68,,162221,27,,,0,30,,162209,27,,,0,101,,162210,27,,,0,99,,162211,27,,,0,100,,162212,27,,,0,99,,162213,27,,,0,100,,162214,27,,,0,100,,162196,27,,,0
3004001,'1',535,,162340,33,,,0,21,,162355,33,,,0,49,,162341,33,,,0,21,,162354,33,,,0,10,,162342,33,,,0,20,,162353,33,,,0,49,,162343,33,,,0,19,,162352,33,,,0,11,,162357,33,,,0,71,,162358,33,,,0,20,,162344,33,,,0,20,,162359,33,,,0,83,,162360,33,,,0,28,,162361,33,,,0,70,,162362,33,,,0,75,,162363,33,,,0,25,,162364,33,,,0,75,,162365,33,,,0,30,,162366,33,,,0,70,,162367,33,,,0,34,,162350,33,,,0,65,,162351,33,,,0,32,,162368,33,,,0,72,,162369,33,,,0,31,,162356,33,,,0,67,,162370,33,,,0,29,,162371,33,,,0,72,,162372,33,,,0,18,,162328,33,,,0,10,,162349,33,,,0,21,,162329,33,,,0,49,,162348,33,,,0,19,,162330,33,,,0,5,,162347,33,,,0,29,,162331,33,,,0,50,,162346,33,,,0,12,,162332,33,,,0,24,,162333,33,,,0,12,,162345,33,,,0,58,,162334,33,,,0,94,,162335,33,,,0,104,,162336,33,,,0,101,,162337,33,,,0,99,,162338,33,,,0,98,,162339,33,,,0
3004001,'101',802,,162327,33,,,0
3004001,'2',724,,162381,33,,,0,32,,162399,33,,,0,71,,162382,33,,,0,30,,162400,33,,,0,69,,162383,33,,,0,32,,162403,33,,,0,69,,162384,33,,,0,32,,162374,33,,,0,72,,162385,33,,,0,28,,162375,33,,,0,70,,162386,33,,,0,30,,162376,33,,,0,70,,162387,33,,,0,72,,162377,33,,,0,30,,162388,33,,,0,70,,162401,33,,,0,30,,162389,33,,,0,70,,162402,33,,,0,30,,162390,33,,,0,27,,162378,33,,,0,69,,162391,33,,,0,30,,162379,33,,,0,70,,162392,33,,,0,30,,162380,33,,,0,70,,162393,33,,,0,86,,162394,33,,,0,97,,162395,33,,,0,100,,162396,33,,,0,101,,162397,33,,,0,102,,162398,33,,,0
3004001,'201',802,,162373,33,,,0
3004001,'3',726,,162405,33,,,0,101,,162406,33,,,0,100,,162407,33,,,0,100,,162408,33,,,0,32,,162422,33,,,0,70,,162409,33,,,0,30,,162423,33,,,0,70,,162410,33,,,0,71,,162424,33,,,0,30,,162411,33,,,0,70,,162425,33,,,0,29,,162412,33,,,0,30,,162426,33,,,0,69,,162413,33,,,0,30,,162427,33,,,0,70,,162414,33,,,0,30,,162428,33,,,0,70,,162415,33,,,0,30,,162429,33,,,0,70,,162416,33,,,0,30,,162430,33,,,0,60,,162418,33,,,0,99,,162404,33,,,0,99,,162417,33,,,0,98,,162419,33,,,0,99,,162420,33,,,0,100,,162421,33,,,0
3004101,'1',630,,162457,13,,,0,15,,162469,13,,,0,55,,162458,13,,,0,15,,162470,13,,,0,15,,162468,13,,,0,15,,162471,13,,,0,55,,162459,13,,,0,15,,162472,13,,,0,15,,162460,13,,,0,14,,162473,13,,,0,15,,162461,13,,,0,671,,162462,13,,,0,13,,162474,13,,,0,16,,162463,13,,,0,55,,162475,13,,,0,21,,162464,13,,,0,12,,162476,13,,,0,9,,162479,13,,,0,51,,162465,13,,,0,11,,162477,13,,,0,16,,162466,13,,,0,79,,162467,13,,,0,89,,162478,13,,,0
