670800,'1',533,,27691,18,,,0,21,,27687,19,,,0,56,,27661,19,,,0,18,,27666,18,,,0,16,,27689,18,,,0,15,,27656,18,,,0,66,,27688,19,,,0,13,,27695,19,,,0,14,,27690,19,,,0,53,,27668,19,,,0,17,,27651,19,,,0,19,,27667,19,,,0,59,,27653,19,,,0,27,,27658,18,,,0,30,,27659,18,,,0,70,,27671,18,,,0,30,,27654,18,,,0,70,,27672,18,,,0,30,,27677,18,,,0,70,,27673,18,,,0,30,,27660,18,,,0,70,,27674,18,,,0,30,,27684,18,,,0,71,,27675,18,,,0,31,,27662,18,,,0,58,,27664,19,,,0,20,,27669,18,,,0,80,,27650,19,,,0,20,,27665,19,,,0,19,,27678,19,,,0,59,,27692,19,,,0,14,,27679,19,,,0,15,,27680,19,,,0,15,,27670,19,,,0,55,,27693,19,,,0,15,,27681,18,,,0,15,,27682,18,,,0,13,,27694,18,,,0,55,,27663,18,,,0,20,,27686,18,,,0,20,,27696,18,,,0,60,,27685,18,,,0,19,,27676,18,,,0,20,,27697,18,,,0,60,,27655,18,,,0,97,,27657,18,,,0,99,,27683,18,,,0,102,,27652,18,,,0
670800,'101',714,,27699,19,,,0,793,,27700,13,,,0,50,,27698,19,,,0
670800,'2',551,,27735,18,,,0,56,,27734,18,,,0,17,,27723,18,,,0,20,,27736,18,,,0,60,,27722,19,,,0,21,,27707,18,,,0,20,,27737,19,,,0,60,,27721,19,,,0,29,,27706,19,,,0,70,,27720,19,,,0,30,,27701,18,,,0,71,,27719,18,,,0,30,,27727,18,,,0,70,,27718,18,,,0,31,,27705,18,,,0,70,,27717,18,,,0,30,,27703,18,,,0,70,,27716,18,,,0,31,,27702,18,,,0,70,,27715,18,,,0,30,,27728,18,,,0,70,,27714,18,,,0,30,,27738,19,,,0,70,,27713,19,,,0,30,,27731,19,,,0,70,,27712,19,,,0,30,,27704,19,,,0,70,,27711,19,,,0,30,,27733,18,,,0,70,,27710,18,,,0,27,,27732,18,,,0,69,,27709,18,,,0,30,,27730,18,,,0,70,,27708,18,,,0,32,,27729,18,,,0,97,,27726,18,,,0,99,,27725,18,,,0,100,,27724,18,,,0
670800,'201',714,,27739,19,,,0,843,,27740,18,,,0
670800,'3',633,,27741,18,,,0,20,,27772,18,,,0,60,,27771,19,,,0,20,,27770,19,,,0,70,,27749,19,,,0,30,,27769,19,,,0,71,,27759,19,,,0,30,,27768,18,,,0,71,,27758,18,,,0,30,,27767,18,,,0,70,,27754,18,,,0,30,,27766,18,,,0,70,,27753,18,,,0,24,,27765,18,,,0,20,,27775,18,,,0,60,,27752,18,,,0,21,,27776,18,,,0,20,,27764,18,,,0,60,,27751,18,,,0,20,,27763,18,,,0,20,,27777,18,,,0,60,,27755,18,,,0,20,,27746,19,,,0,20,,27778,19,,,0,60,,27750,19,,,0,20,,27745,19,,,0,20,,27779,19,,,0,59,,27756,19,,,0,20,,27773,19,,,0,20,,27780,19,,,0,60,,27762,19,,,0,20,,27744,18,,,0,19,,27774,18,,,0,60,,27757,18,,,0,30,,27743,18,,,0,70,,27747,18,,,0,30,,27742,18,,,0,71,,27761,18,,,0,94,,27748,18,,,0,98,,27760,18,,,0,100,,27781,18,,,0
670901,'1',520,,27985,26,,,0,23,,27975,26,,,0,60,,27987,26,,,0,20,,27976,26,,,0,85,,27983,26,,,0,20,,27988,26,,,0,18,,27992,26,,,0,55,,27964,26,,,0,15,,27967,26,,,0,21,,27989,26,,,0,20,,27966,26,,,0,69,,27990,26,,,0,32,,27965,26,,,0,99,,27979,26,,,0,100,,27980,26,,,0,101,,27982,26,,,0,142,,27991,26,,,0,36,,27981,26,,,0,70,,27986,26,,,0,30,,27977,26,,,0,70,,27969,26,,,0,27,,27963,26,,,0,69,,27970,26,,,0,29,,27971,26,,,0,69,,27972,26,,,0,29,,27973,26,,,0,72,,27968,26,,,0,36,,27984,26,,,0,105,,27974,26,,,0,107,,27978,26,,,0
670901,'101',646,,27993,26,,,0
670901,'2',820,,28006,26,,,0,103,,28004,26,,,0,100,,28003,26,,,0,102,,28001,26,,,0,101,,28000,26,,,0,100,,27999,26,,,0,100,,27998,26,,,0,101,,28002,26,,,0,100,,27995,26,,,0,99,,27997,26,,,0,100,,28005,26,,,0,100,,27996,26,,,0,98,,27994,26,,,0,99,,28007,26,,,0
670901,'201',646,,28008,26,,,0
670901,'3',1144,,28010,26,,,0,105,,28015,26,,,0,104,,28016,26,,,0,100,,28012,26,,,0,100,,28011,26,,,0,100,,28013,26,,,0,100,,28009,26,,,0,100,,28019,26,,,0,100,,28014,26,,,0,94,,28018,26,,,0,97,,28017,26,,,0
