667700,'1',613,,137822,11,,,0,29,,137795,11,,,0,72,,137803,11,,,0,28,,137810,11,,,0,72,,137820,11,,,0,29,,137806,11,,,0,79,,137790,11,,,0,24,,137828,11,,,0,88,,137789,11,,,0,71,,137797,11,,,0,28,,137804,11,,,0,69,,137802,11,,,0,30,,137801,11,,,0,70,,137811,11,,,0,31,,137788,11,,,0,71,,137826,11,,,0,13,,137791,11,,,0,31,,137792,11,,,0,66,,137785,11,,,0,19,,137816,11,,,0,15,,137796,11,,,0,68,,137799,11,,,0,21,,137807,11,,,0,11,,137800,11,,,0,58,,137817,11,,,0,14,,137812,11,,,0,19,,137823,11,,,0,20,,137827,11,,,0,53,,137813,11,,,0,16,,137824,11,,,0,12,,137821,11,,,0,12,,137814,11,,,0,53,,137794,11,,,0,12,,137815,11,,,0,14,,137809,11,,,0,15,,137829,11,,,0,57,,137805,11,,,0,17,,137787,11,,,0,15,,137825,11,,,0,14,,137786,11,,,0,68,,137818,11,,,0,27,,137808,11,,,0,70,,137798,11,,,0,30,,137831,11,,,0,68,,137819,11,,,0,30,,137830,11,,,0,70,,137793,11,,,0
667700,'101',1607,,137782,11,,,0
667700,'1101',2515,,137783,11,,,0
667700,'1201',2515,,137784,11,,,0
667700,'2',646,,137860,11,,,0,66,,137861,11,,,0,32,,137840,11,,,0,70,,137868,11,,,0,30,,137869,11,,,0,71,,137836,11,,,0,30,,137866,11,,,0,70,,137843,11,,,0,32,,137874,11,,,0,70,,137838,11,,,0,27,,137873,11,,,0,72,,137875,11,,,0,30,,137841,11,,,0,70,,137839,11,,,0,34,,137878,11,,,0,56,,137849,11,,,0,18,,137876,11,,,0,22,,137834,11,,,0,59,,137859,11,,,0,20,,137865,11,,,0,21,,137864,11,,,0,59,,137858,11,,,0,20,,137835,11,,,0,22,,137842,11,,,0,59,,137857,11,,,0,24,,137877,11,,,0,19,,137844,11,,,0,60,,137856,11,,,0,23,,137870,11,,,0,19,,137867,11,,,0,64,,137855,11,,,0,16,,137848,11,,,0,15,,137845,11,,,0,55,,137863,11,,,0,16,,137854,11,,,0,30,,137871,11,,,0,70,,137862,11,,,0,30,,137846,11,,,0,69,,137851,11,,,0,30,,137850,11,,,0,69,,137872,11,,,0,30,,137853,11,,,0,69,,137837,11,,,0,32,,137852,11,,,0,66,,137847,11,,,0,36,,137833,11,,,0
667700,'201',1607,,137832,11,,,0
667700,'3',816,,137896,11,,,0,30,,137890,11,,,0,70,,137899,11,,,0,30,,137889,11,,,0,69,,137897,11,,,0,30,,137888,11,,,0,68,,137898,11,,,0,32,,137879,11,,,0,70,,137900,11,,,0,30,,137887,11,,,0,72,,137883,11,,,0,30,,137895,11,,,0,71,,137902,11,,,0,28,,137894,11,,,0,56,,137916,11,,,0,29,,137903,11,,,0,15,,137893,11,,,0,55,,137915,11,,,0,30,,137906,11,,,0,17,,137892,11,,,0,55,,137914,11,,,0,31,,137904,11,,,0,14,,137891,11,,,0,57,,137913,11,,,0,28,,137901,11,,,0,14,,137886,11,,,0,57,,137912,11,,,0,28,,137881,11,,,0,15,,137885,11,,,0,58,,137911,11,,,0,25,,137880,11,,,0,17,,137884,11,,,0,69,,137882,11,,,0,30,,137910,11,,,0,71,,137907,11,,,0,30,,137909,11,,,0,70,,137905,11,,,0,34,,137908,11,,,0
667800,'1',539,,138074,11,,,0,15,,138076,11,,,0,73,,138078,11,,,0,21,,138090,11,,,0,55,,138058,11,,,0,13,,138054,11,,,0,15,,138093,11,,,0,14,,138067,11,,,0,56,,138094,11,,,0,32,,138087,11,,,0,67,,138064,11,,,0,32,,138092,11,,,0,70,,138086,11,,,0,28,,138060,11,,,0,71,,138065,11,,,0,29,,138079,11,,,0,71,,138096,11,,,0,30,,138069,11,,,0,28,,138059,11,,,0,69,,138061,11,,,0,30,,138070,11,,,0,73,,138084,11,,,0,71,,138066,11,,,0,18,,138095,11,,,0,22,,138099,11,,,0,59,,138100,11,,,0,14,,138083,11,,,0,17,,138089,11,,,0,16,,138098,11,,,0,57,,138056,11,,,0,12,,138085,11,,,0,18,,138097,11,,,0,11,,138071,11,,,0,61,,138072,11,,,0,10,,138053,11,,,0,10,,138082,11,,,0,10,,138055,11,,,0,10,,138057,11,,,0,60,,138073,11,,,0,14,,138062,11,,,0,30,,138068,11,,,0,70,,138081,11,,,0,30,,138063,11,,,0,78,,138080,11,,,0,30,,138075,11,,,0,96,,138077,11,,,0,100,,138088,11,,,0,100,,138091,11,,,0
667800,'2',604,,138104,5,,,0,24,,138110,11,,,0,30,,138102,11,,,0,70,,138123,11,,,0,30,,138103,11,,,0,73,,138134,11,,,0,70,,138133,11,,,0,30,,138125,11,,,0,70,,138135,11,,,0,29,,138131,11,,,0,70,,138107,11,,,0,30,,138105,11,,,0,28,,138101,11,,,0,73,,138106,11,,,0,69,,138108,11,,,0,30,,138136,11,,,0,71,,138109,11,,,0,29,,138119,11,,,0,29,,138126,11,,,0,70,,138115,11,,,0,30,,138127,11,,,0,73,,138116,11,,,0,69,,138128,11,,,0,30,,138117,11,,,0,70,,138132,11,,,0,30,,138120,11,,,0,70,,138129,11,,,0,30,,138111,11,,,0,70,,138130,11,,,0,30,,138113,11,,,0,70,,138121,11,,,0,28,,138137,11,,,0,17,,138112,11,,,0,70,,138124,11,,,0,30,,138122,11,,,0,100,,138118,11,,,0,100,,138114,11,,,0
667800,'3',758,,138163,5,,,0,69,,138162,11,,,0,31,,138166,11,,,0,70,,138161,11,,,0,28,,138146,11,,,0,64,,138160,11,,,0,30,,138145,11,,,0,71,,138159,11,,,0,37,,138164,11,,,0,73,,138158,11,,,0,71,,138165,11,,,0,29,,138157,11,,,0,70,,138142,11,,,0,31,,138156,11,,,0,69,,138139,11,,,0,31,,138155,11,,,0,70,,138140,11,,,0,30,,138154,11,,,0,70,,138138,11,,,0,30,,138153,11,,,0,70,,138147,11,,,0,29,,138152,11,,,0,70,,138141,11,,,0,31,,138151,11,,,0,68,,138144,11,,,0,32,,138150,11,,,0,21,,138148,11,,,0,99,,138143,11,,,0,95,,138167,11,,,0,102,,138149,11,,,0,95,,138168,11,,,0
667901,'1',541,,138391,22,,,0,65,,138392,22,,,0,26,,138406,22,,,0,71,,138393,22,,,0,26,,138405,22,,,0,79,,138385,22,,,0,31,,138409,22,,,0,74,,138400,22,,,0,24,,138380,22,,,0,70,,138399,22,,,0,31,,138378,22,,,0,74,,138408,22,,,0,31,,138381,22,,,0,68,,138396,22,,,0,29,,138387,22,,,0,72,,138395,22,,,0,28,,138386,22,,,0,71,,138398,22,,,0,30,,138402,22,,,0,72,,138384,22,,,0,32,,138401,22,,,0,67,,138379,22,,,0,32,,138410,22,,,0,65,,138404,22,,,0,33,,138394,22,,,0,70,,138390,22,,,0,26,,138383,22,,,0,78,,138389,22,,,0,26,,138382,22,,,0,64,,138377,22,,,0,33,,138403,22,,,0,69,,138407,22,,,0,29,,138388,22,,,0,74,,138397,22,,,0
667901,'2',631,,138442,22,,,0,71,,138436,22,,,0,30,,138437,22,,,0,72,,138418,22,,,0,30,,138411,22,,,0,70,,138431,22,,,0,30,,138433,22,,,0,73,,138423,22,,,0,31,,138414,22,,,0,70,,138413,22,,,0,31,,138429,22,,,0,70,,138415,22,,,0,30,,138422,22,,,0,70,,138419,22,,,0,30,,138412,22,,,0,70,,138430,22,,,0,30,,138441,22,,,0,70,,138424,22,,,0,31,,138428,22,,,0,70,,138421,22,,,0,30,,138416,22,,,0,73,,138427,22,,,0,21,,138432,22,,,0,73,,138440,22,,,0,32,,138420,22,,,0,69,,138435,22,,,0,30,,138426,22,,,0,69,,138438,22,,,0,30,,138439,22,,,0,71,,138425,22,,,0,29,,138434,22,,,0,70,,138417,22,,,0
667901,'3',735,,138455,22,,,0,70,,138445,22,,,0,31,,138460,22,,,0,70,,138462,22,,,0,29,,138449,22,,,0,71,,138467,22,,,0,29,,138459,22,,,0,70,,138471,22,,,0,31,,138470,22,,,0,69,,138443,22,,,0,32,,138466,22,,,0,70,,138448,22,,,0,32,,138458,22,,,0,70,,138461,22,,,0,30,,138447,22,,,0,71,,138464,22,,,0,30,,138454,22,,,0,70,,138465,22,,,0,31,,138444,22,,,0,70,,138446,22,,,0,31,,138463,22,,,0,70,,138450,22,,,0,29,,138451,22,,,0,70,,138469,22,,,0,30,,138452,22,,,0,67,,138457,22,,,0,30,,138456,22,,,0,70,,138472,22,,,0,30,,138453,22,,,0,68,,138468,22,,,0
668300,'1',628,,139274,5,,,0,9,,139270,5,,,0,16,,139269,5,,,0,55,,139268,5,,,0,31,,139266,5,,,0,869,,139264,27,,,0,21,,139275,27,,,0,14,,139276,27,,,0,10,,139277,27,,,0,59,,139271,27,,,0,22,,139273,27,,,0,24,,139262,27,,,0,65,,139265,27,,,0,9,,139263,27,,,0,11,,139261,27,,,0,66,,139260,27,,,0,24,,139267,27,,,0,26,,139272,27,,,0
683700,'1',2534,,155452,38,,,0,20,,155451,38,,,0,60,,155447,38,,,0,29,,155450,38,,,0,74,,155449,38,,,0,19,,155448,38,,,0,68,,155446,38,,,0
683700,'1101',2654,,155444,38,,,0
683700,'1201',2654,,155445,38,,,0
683700,'2',521,,155461,12,,,0,2020,,155455,38,,,0,62,,155460,38,,,0,14,,155454,38,,,0,19,,155459,38,,,0,20,,155456,38,,,0,70,,155458,38,,,0,12,,155457,38,,,0,74,,155453,38,,,0
683700,'3',551,,155470,12,,,0,74,,155471,12,,,0,31,,155472,12,,,0,70,,155473,32,,,0,1688,,155466,38,,,0,34,,155465,38,,,0,68,,155464,38,,,0,41,,155463,38,,,0,69,,155462,38,,,0,21,,155469,38,,,0,88,,155468,38,,,0,67,,155467,38,,,0
