664901,'1_merged_15524958',527,,73610,1,,,0,28,,73608,1,,,0,55,,73554,1,,,0,16,,73584,1,,,0,14,,73597,1,,,0,13,,73619,1,,,0,52,,73553,1,,,0,12,,73578,1,,,0,12,,73579,1,,,0,12,,73615,1,,,0,12,,73552,1,,,0,55,,73577,1,,,0,15,,73599,1,,,0,15,,73572,1,,,0,15,,73612,1,,,0,55,,73571,1,,,0,14,,73561,1,,,0,15,,73600,1,,,0,15,,73580,1,,,0,55,,73616,1,,,0,15,,73555,1,,,0,15,,73611,1,,,0,14,,73596,1,,,0,55,,73562,1,,,0,15,,73548,1,,,0,15,,73613,1,,,0,15,,73602,1,,,0,56,,73549,1,,,0,14,,73598,1,,,0,15,,73585,1,,,0,15,,73556,1,,,0,55,,73601,1,,,0,16,,73581,1,,,0,16,,73563,1,,,0,16,,73546,1,,,0,55,,73609,1,,,0,14,,73591,1,,,0,12,,73603,1,,,0,13,,73582,1,,,0,52,,73545,1,,,0,7,,73625,1,0,108 14,0,9,,73564,1,,,0,6,,73623,1,0,108 14,0,9,,73604,1,,,0,5,,73631,1,0,108 14,0,10,,73622,1,,,0,5,,73624,1,0,108 14,0,8,,73635,1,,,0,47,,73626,1,0,108 14,0,10,,73583,1,,,0,5,,73576,1,0,108 14,0,9,,73605,1,,,0,6,,73614,1,0,108 14,0,9,,73544,1,,,0,7,,73627,1,0,108 14,0,50,,73550,1,,,0,4,,73565,1,0,108 14,0,10,,73560,1,,,0,7,,73632,1,0,108 14,0,9,,73594,1,,,0,6,,73606,1,0,108 14,0,6,,73628,1,,,0,8,,73595,1,0,108 14,0,49,,73607,1,,,0,7,,73621,1,0,108 14,0,7,,73634,1,,,0,7,,73629,1,,,0,5,,73573,1,0,108 14,0,8,,73620,1,,,0,6,,73633,1,0,108 14,0,9,,73630,1,,,0,6,,73574,1,0,108 14,0,48,,73570,1,,,0,17,,73575,1,,,0,16,,73618,1,,,0,15,,73559,1,,,0,55,,73569,1,,,0,16,,73558,1,,,0,14,,73551,1,,,0,15,,73557,1,,,0,52,,73589,1,,,0,33,,73590,1,,,0,81,,73617,1,,,0,29,,73586,1,,,0,75,,73587,1,,,0,78,,73588,1,,,0,31,,73547,1,,,0,77,,73566,1,,,0,34,,73567,1,,,0,70,,73568,1,,,0
664901,'2_merged_15524960',556,,73682,1,,,0,72,,73684,1,,,0,72,,73704,1,,,0,15,,73685,1,,,0,15,,73703,1,,,0,15,,73686,1,,,0,55,,73687,1,,,0,15,,73650,1,,,0,15,,73676,1,,,0,15,,73679,1,,,0,55,,73646,1,,,0,15,,73647,1,,,0,15,,73669,1,,,0,15,,73677,1,,,0,55,,73645,1,,,0,15,,73695,1,,,0,15,,73648,1,,,0,15,,73674,1,,,0,55,,73693,1,,,0,15,,73672,1,,,0,15,,73644,1,,,0,16,,73660,1,,,0,55,,73697,1,,,0,14,,73668,1,,,0,15,,73667,1,,,0,15,,73670,1,,,0,55,,73665,1,,,0,16,,73663,1,,,0,14,,73655,1,,,0,15,,73656,1,,,0,14,,73643,1,,,0,56,,73666,1,,,0,15,,73641,1,,,0,15,,73658,1,,,0,55,,73662,1,,,0,15,,73696,1,,,0,15,,73671,1,,,0,14,,73651,1,,,0,15,,73701,1,,,0,55,,73640,1,,,0,15,,73664,1,,,0,15,,73675,1,,,0,56,,73642,1,,,0,15,,73657,1,,,0,15,,73653,1,,,0,15,,73681,1,,,0,55,,73692,1,,,0,16,,73661,1,,,0,16,,73652,1,,,0,14,,73649,1,,,0,55,,73691,1,,,0,14,,73659,1,,,0,15,,73688,1,,,0,15,,73698,1,,,0,55,,73689,1,,,0,15,,73699,1,,,0,15,,73683,1,,,0,15,,73702,1,,,0,55,,73690,1,,,0,15,,73636,1,,,0,20,,73637,1,,,0,73,,73638,1,,,0,27,,73639,1,,,0,70,,73673,1,,,0,32,,73654,1,,,0,73,,73680,1,,,0,25,,73694,1,,,0,75,,73700,1,,,0,43,,73678,1,,,0
664901,'3_merged_15524959',545,,73710,1,,,0,72,,73768,1,,,0,28,,73711,1,,,0,70,,73712,1,,,0,30,,73713,1,,,0,55,,73769,1,,,0,15,,73714,1,,,0,15,,73770,1,,,0,15,,73715,1,,,0,55,,73716,1,,,0,15,,73707,1,,,0,15,,73717,1,,,0,15,,73705,1,,,0,55,,73738,1,,,0,15,,73708,1,,,0,15,,73739,1,,,0,15,,73750,1,,,0,55,,73762,1,,,0,15,,73758,1,,,0,15,,73732,1,,,0,15,,73759,1,,,0,55,,73735,1,,,0,15,,73760,1,,,0,15,,73723,1,,,0,15,,73761,1,,,0,55,,73763,1,,,0,15,,73748,1,,,0,15,,73756,1,,,0,15,,73749,1,,,0,55,,73706,1,,,0,15,,73766,1,,,0,15,,73742,1,,,0,15,,73767,1,,,0,55,,73737,1,,,0,15,,73741,1,,,0,15,,73719,1,,,0,15,,73744,1,,,0,55,,73757,1,,,0,15,,73745,1,,,0,15,,73709,1,,,0,15,,73746,1,,,0,55,,73733,1,,,0,15,,73747,1,,,0,15,,73734,1,,,0,15,,73755,1,,,0,55,,73752,1,,,0,15,,73718,1,,,0,15,,73721,1,,,0,15,,73753,1,,,0,55,,73725,1,,,0,15,,73754,1,,,0,15,,73726,1,,,0,15,,73736,1,,,0,55,,73727,1,,,0,15,,73751,1,,,0,15,,73728,1,,,0,15,,73722,1,,,0,55,,73729,1,,,0,30,,73724,1,,,0,70,,73730,1,,,0,30,,73731,1,,,0,70,,73740,1,,,0,30,,73720,1,,,0,70,,73764,1,,,0,30,,73765,1,,,0,70,,73743,1,,,0
670501,'3_merged_15524959',718,,85132,1,0,76 77 57,0
683400,'1201_merged_15524951',2651,,96807,81,,,0,62,,96810,81,,,0,25,,96808,81,4,,0,104,,96809,81,,,0
683400,'1_merged_15524958',2636,,96817,81,,,0,67,,96815,81,,,0,21,,96812,81,4,,0,28,,96816,81,,,0,55,,96814,81,,,0,19,,96813,81,,,0,31,,96811,81,,,0,65,,96818,81,,,0
683400,'2_merged_15524960',532,,96828,81,,,0,14,,96827,81,,,0,73,,96831,81,,,0,21,,96826,81,,,0,70,,96825,81,,,0,1904,,96832,81,,,0,19,,96833,81,,,0,20,,96830,81,,,0,60,,96834,81,,,0,15,,96823,81,,,0,15,,96820,81,,,0,15,,96822,81,,,0,60,,96821,81,,,0,21,,96824,81,4,,0,20,,96819,81,4,,0,64,,96829,81,,,0
683400,'3_merged_15524959',537,,96844,81,,,0,70,,96845,81,,,0,15,,96846,81,,,0,15,,96852,81,,,0,15,,96851,81,,,0,56,,96847,81,,,0,26,,96835,81,,,0,19,,96853,81,,,0,54,,96848,81,,,0,1739,,96850,81,,,0,60,,96849,81,,,0,22,,96839,81,,,0,78,,96836,81,,,0,21,,96841,81,4,,0,19,,96837,81,,,0,62,,96838,81,,,0,21,,96840,81,4,,0,20,,96842,81,4,,0,60,,96843,81,,,0
683401,'1_merged_15524958',2509,,96856,11,,,0,28,,96855,11,,,0,72,,96854,11,,,0
683401,'2_merged_15524960',2424,,96860,11,,,0,81,,96859,11,,,0,30,,96858,11,,,0,71,,96857,11,,,0
683401,'3_merged_15524959',2508,,96861,11,,,0,30,,96862,11,,,0,70,,96863,11,,,0
