'1merged15072430',668501,54000,0,'Marine & Gdn',0,7300,,'',0,2200,,'',0,1100,,'',0,5900,,'',0,1500,,'',0,1500,,'',0,1500,,'',0,5500,,'',0,1500,,'',0,1500,,'',0,1500,,'',0,6200,,'',0,3600,,'',0,6300,,'',0,1500,,'',0,7400,,'',0,3000,,'',0,2600,,'',0,7000,,'',0,3000,,'',0,6900,,'',0,3000,,'',0,7000,,'',0,2800,,'',0,5700,,'',0,1400,,'',0,2700,,'',0,5300,,'',0,1900,,'',0,1400,,'',0,1700,,'',0,6000,,'',0,1100,,'',0,1800,,'',0,1300,,'',0,5700,,'',0,1200,,'',0,1600,,'',0,1500,,'',0,7000,,'',0,9700,,'',0,10000,,'',0,10000,,'',0,9900,,'',0,9700,,'',0,9800,0,'Marine & Capilano',0,8600,0,'Marine & Gdn',0
'2merged15072432',668501,61500,,'',0,3300,,'',0,7000,,'',0,3100,,'',0,7000,,'',0,3000,,'',0,7100,,'',0,2900,,'',0,7100,,'',0,3100,,'',0,7000,,'',0,3000,,'',0,7000,,'',0,3200,,'',0,6900,,'',0,3000,,'',0,7100,,'',0,3000,,'',0,6900,,'',0,3100,,'',0,6800,,'',0,3100,,'',0,7000,,'',0,2900,,'',0,7000,,'',0,3000,,'',0,7000,,'',0,10000,,'',0,10000,,'',0,10000,,'',0,9900,,'',0,10000,,'',0,9800,0,'Marine & Capilano',0,8700,,'',0
'3merged15072431',668501,72000,,'',0,10000,,'',0,10100,,'',0,3000,,'',0,7000,,'',0,2900,,'',0,7000,,'',0,3000,,'',0,7300,,'',0,2700,,'',0,7200,,'',0,2900,,'',0,7100,,'',0,2900,,'',0,7400,,'',0,2700,,'',0,6900,,'',0,3400,,'',0,6800,,'',0,3000,,'',0,7000,,'',0,2900,,'',0,7000,,'',0,9900,,'',0,10000,,'',0,9900,,'',0,10000,,'',0,10000,0,'Marine & Gdn',0
'6',668501,72000,,'',0,10000,,'',0,10100,,'',0,3000,,'',0,7000,,'',0,2900,,'',0,7000,,'',0,3000,,'',0,7300,,'',0,2700,,'',0,7200,,'',0,2900,,'',0,7100,,'',0,2900,,'',0,7400,,'',0,2700,,'',0,6900,,'',0,3400,,'',0,6800,,'',0,3000,,'',0,7000,,'',0,2900,,'',0,7000,,'',0,9900,,'',0,10000,,'',0,9900,,'',0,10000,,'',0,10000,0,'Marine & Gdn',0
'101merged15072437',3679900,155100,4,'',0,7200,4,'',0
'1merged15072430',3679900,54000,4,'',0,7300,4,'',0,2200,4,'',0,1100,4,'',0,5900,4,'',0,1500,4,'',0,1500,4,'',0,1500,4,'',0,5500,4,'',0,1500,4,'',0,1500,4,'',0,1500,4,'',0,6200,4,'',0,3600,4,'',0,6300,4,'',0,1500,4,'',0,7400,4,'',0,3000,4,'',0,2600,4,'',0,7000,4,'',0,3000,4,'',0,6900,4,'',0,3000,4,'',0,7000,4,'',0,2800,4,'',0,5700,4,'',0,1400,4,'',0,8000,4,'',0,3300,4,'',0,1700,4,'',0,6000,4,'',0,1100,4,'',0,1800,4,'',0,1300,4,'',0,5700,4,'',0,1200,4,'',0,1600,4,'',0,1500,4,'',0,7000,4,'',0,9700,4,'',0,10000,4,'',0,10000,4,'',0,9900,4,'',0,9700,4,'',0,9800,4,'',0,8600,4,'',0
'201merged15072420',3679900,155100,4,'',0,7200,4,'',0
'2merged15072432',3679900,61500,4,'',0,3300,4,'',0,7000,4,'',0,3100,4,'',0,7000,4,'',0,3000,4,'',0,7100,4,'',0,2900,4,'',0,7100,4,'',0,3100,4,'',0,7000,4,'',0,3000,4,'',0,7000,4,'',0,3200,4,'',0,6900,4,'',0,3000,4,'',0,7100,4,'',0,3000,4,'',0,6900,4,'',0,3100,4,'',0,6800,4,'',0,3100,4,'',0,7000,4,'',0,2900,4,'',0,7000,4,'',0,3000,4,'',0,7000,4,'',0,10000,4,'',0,10000,4,'',0,10000,4,'',0,9900,4,'',0,10000,4,'',0,9800,4,'',0,8700,4,'',0
'3merged15072431',3679900,72000,4,'',0,10000,4,'',0,10100,4,'',0,3000,4,'',0,7000,4,'',0,2900,4,'',0,7000,4,'',0,3000,4,'',0,7300,4,'',0,2700,4,'',0,7200,4,'',0,2900,4,'',0,7100,4,'',0,2900,4,'',0,7400,4,'',0,2700,4,'',0,6900,4,'',0,3400,4,'',0,6800,4,'',0,3000,4,'',0,7000,4,'',0,2900,4,'',0,7000,4,'',0,9900,4,'',0,10000,4,'',0,9900,4,'',0,10000,4,'',0,10000,4,'',0
'6',3679900,72000,4,'',0,10000,4,'',0,10100,4,'',0,3000,4,'',0,7000,4,'',0,2900,4,'',0,7000,4,'',0,3000,4,'',0,7300,4,'',0,2700,4,'',0,7200,4,'',0,2900,4,'',0,7100,4,'',0,2900,4,'',0,7400,4,'',0,2700,4,'',0,6900,4,'',0,3400,4,'',0,6800,4,'',0,3000,4,'',0,7000,4,'',0,2900,4,'',0,7000,4,'',0,9900,4,'',0,10000,4,'',0,9900,4,'',0,10000,4,'',0,10000,4,'',0
