3003901,'1',528,,44533,26,,,0,24,,44522,26,,,0,7,,44534,26,,,0,64,,44532,26,,,0,10,,44535,26,,,0,20,,44531,26,,,0,50,,44536,26,,,0,19,,44530,26,,,0,11,,44537,26,,,0,20,,44529,26,,,0,50,,44538,26,,,0,23,,44523,26,,,0,17,,44539,26,,,0,68,,44540,26,,,0,30,,44541,26,,,0,66,,44542,26,,,0,30,,44543,26,,,0,73,,44544,26,,,0,28,,44545,26,,,0,73,,44546,26,,,0,30,,44501,26,,,0,70,,44502,26,,,0,28,,44503,26,,,0,77,,44504,26,,,0,30,,44505,26,,,0,71,,44506,26,,,0,29,,44507,26,,,0,70,,44508,26,,,0,30,,44509,26,,,0,70,,44510,26,,,0,13,,44528,26,,,0,16,,44511,26,,,0,10,,44527,26,,,0,59,,44512,26,,,0,10,,44526,26,,,0,28,,44513,26,,,0,51,,44525,26,,,0,10,,44514,26,,,0,24,,44515,26,,,0,11,,44524,26,,,0,59,,44516,26,,,0,34,,44517,26,,,0,97,,44518,26,,,0,100,,44519,26,,,0,98,,44520,26,,,0,97,,44521,26,,,0
3003901,'101',1544,,44547,26,,,0
3003901,'2',634,,44562,26,,,0,70,,44551,26,,,0,31,,44563,26,,,0,70,,44548,26,,,0,30,,44564,26,,,0,72,,44549,26,,,0,32,,44565,26,,,0,71,,44552,26,,,0,30,,44566,26,,,0,71,,44553,26,,,0,30,,44567,26,,,0,70,,44554,26,,,0,30,,44568,26,,,0,70,,44555,26,,,0,30,,44569,26,,,0,70,,44556,26,,,0,30,,44570,26,,,0,70,,44557,26,,,0,30,,44571,26,,,0,70,,44558,26,,,0,30,,44572,26,,,0,70,,44559,26,,,0,30,,44573,26,,,0,67,,44560,26,,,0,30,,44576,26,,,0,69,,44561,26,,,0,30,,44574,26,,,0,99,,44575,26,,,0,100,,44577,26,,,0,100,,44578,26,,,0,100,,44579,26,,,0,100,,44550,26,,,0
3003901,'3',633,,44581,26,,,0,100,,44582,26,,,0,101,,44583,26,,,0,102,,44584,26,,,0,102,,44585,26,,,0,100,,44586,26,,,0,70,,44599,26,,,0,30,,44587,26,,,0,70,,44600,26,,,0,30,,44588,26,,,0,70,,44601,26,,,0,30,,44589,26,,,0,70,,44602,26,,,0,30,,44590,26,,,0,70,,44603,26,,,0,33,,44591,26,,,0,67,,44604,26,,,0,30,,44592,26,,,0,70,,44605,26,,,0,29,,44593,26,,,0,101,,44594,26,,,0,99,,44595,26,,,0,98,,44596,26,,,0,99,,44597,26,,,0,99,,44598,26,,,0,100,,44580,26,,,0
3004001,'1',530,,44723,32,,,0,21,,44738,32,,,0,49,,44724,32,,,0,24,,44737,32,,,0,10,,44725,32,,,0,19,,44736,32,,,0,49,,44726,32,,,0,18,,44735,32,,,0,11,,44740,32,,,0,81,,44741,32,,,0,11,,44727,32,,,0,20,,44742,32,,,0,81,,44743,32,,,0,30,,44744,32,,,0,70,,44745,32,,,0,30,,44746,32,,,0,68,,44747,32,,,0,32,,44748,32,,,0,70,,44749,32,,,0,30,,44750,32,,,0,70,,44733,32,,,0,30,,44734,32,,,0,70,,44751,32,,,0,77,,44752,32,,,0,29,,44739,32,,,0,27,,44753,32,,,0,69,,44754,32,,,0,33,,44755,32,,,0,58,,44711,32,,,0,10,,44732,32,,,0,16,,44712,32,,,0,11,,44731,32,,,0,59,,44713,32,,,0,10,,44730,32,,,0,29,,44714,32,,,0,50,,44729,32,,,0,12,,44715,32,,,0,22,,44716,32,,,0,13,,44728,32,,,0,58,,44717,32,,,0,96,,44718,32,,,0,102,,44719,32,,,0,100,,44720,32,,,0,97,,44721,32,,,0,100,,44722,32,,,0
3004001,'101',757,,44756,32,,,0
3004001,'2',720,,44764,32,,,0,30,,44782,32,,,0,71,,44765,32,,,0,30,,44783,32,,,0,70,,44766,32,,,0,33,,44786,32,,,0,69,,44767,32,,,0,31,,44757,32,,,0,70,,44768,32,,,0,32,,44758,32,,,0,70,,44769,32,,,0,30,,44759,32,,,0,70,,44770,32,,,0,30,,44760,32,,,0,70,,44771,32,,,0,30,,44784,32,,,0,70,,44772,32,,,0,30,,44785,32,,,0,70,,44773,32,,,0,30,,44761,32,,,0,69,,44774,32,,,0,30,,44762,32,,,0,69,,44775,32,,,0,30,,44763,32,,,0,70,,44776,32,,,0,86,,44777,32,,,0,95,,44778,32,,,0,100,,44779,32,,,0,100,,44780,32,,,0,100,,44781,32,,,0
3004001,'201',757,,44787,32,,,0
3004001,'3',720,,44789,32,,,0,102,,44790,32,,,0,100,,44791,32,,,0,100,,44792,32,,,0,30,,44806,32,,,0,70,,44793,32,,,0,31,,44807,32,,,0,70,,44794,32,,,0,31,,44808,32,,,0,70,,44795,32,,,0,30,,44809,32,,,0,70,,44796,32,,,0,30,,44810,32,,,0,70,,44797,32,,,0,31,,44811,32,,,0,69,,44798,32,,,0,29,,44812,32,,,0,70,,44799,32,,,0,30,,44813,32,,,0,70,,44800,32,,,0,29,,44814,32,,,0,60,,44802,32,,,0,100,,44788,32,,,0,98,,44801,32,,,0,100,,44803,32,,,0,100,,44804,32,,,0,100,,44805,32,,,0
3004101,'1',627,,44841,12,,,0,15,,44853,12,,,0,15,,44842,12,,,0,55,,44854,12,,,0,15,,44852,12,,,0,15,,44855,12,,,0,15,,44843,12,,,0,55,,44856,12,,,0,15,,44844,12,,,0,16,,44857,12,,,0,15,,44845,12,,,0,667,,44846,12,,,0,15,,44858,12,,,0,15,,44847,12,,,0,55,,44859,12,,,0,23,,44848,12,,,0,15,,44860,12,,,0,6,,44863,12,,,0,49,,44849,12,,,0,14,,44861,12,,,0,14,,44850,12,,,0,79,,44851,12,,,0,90,,44862,12,,,0
