671501,'1',551,,29186,19,,,0,60,,29187,19,,,0,19,,29188,19,,,0,10,,29189,19,,,0,11,,29190,19,,,0,51,,29191,19,,,0,10,,29192,19,,,0,10,,29193,19,,,0,11,,29194,19,,,0,12,,29195,19,,,0,10,,29196,19,,,0,50,,29197,19,,,0,13,,29198,19,,,0,12,,29199,19,,,0,12,,29200,19,,,0,13,,29201,19,,,0,52,,29202,19,,,0,12,,29203,19,,,0,15,,29204,19,,,0,15,,29205,19,,,0,55,,29206,19,,,0,16,,29207,19,,,0,15,,29208,19,,,0,14,,29209,19,,,0,55,,29210,19,,,0,15,,29211,19,,,0,15,,29212,19,,,0,15,,29213,19,,,0,55,,29214,19,,,0,18,,29215,19,,,0,15,,29216,19,,,0,15,,29217,19,,,0,55,,29218,19,,,0,15,,29219,19,,,0,15,,29220,19,,,0,15,,29221,19,,,0,54,,29222,19,,,0,14,,29223,19,,,0,12,,29224,19,,,0,12,,29225,19,,,0,14,,29226,19,,,0,52,,29227,19,,,0,13,,29228,19,,,0,12,,29229,19,,,0,12,,29230,19,,,0,12,,29231,19,,,0,52,,29232,19,,,0,11,,29233,19,,,0,12,,29234,19,,,0,12,,29235,19,,,0,12,,29236,19,,,0,50,,29237,19,,,0,10,,29238,19,,,0,10,,29239,19,,,0,10,,29240,19,,,0,13,,29241,19,,,0,52,,29242,19,,,0,11,,29243,19,,,0,11,,29244,19,,,0,12,,29245,19,,,0,11,,29246,19,,,0,10,,29247,19,,,0,52,,29248,19,,,0,9,,29249,19,,,0,12,,29250,19,,,0,12,,29251,19,,,0,12,,29252,19,,,0,55,,29253,19,,,0,14,,29254,19,,,0,15,,29255,19,,,0,15,,29256,19,,,0,55,,29257,19,,,0,15,,29258,19,,,0,15,,29259,19,,,0,20,,29260,19,,,0,70,,29261,19,,,0,30,,29262,19,,,0,70,,29263,19,,,0,27,,29264,19,,,0,70,,29265,19,,,0,30,,29266,19,,,0,83,,29267,19,,,0,101,,29268,19,,,0
671501,'2',556,,29314,19,,,0,60,,29313,19,,,0,21,,29312,19,,,0,20,,29311,19,,,0,62,,29293,19,,,0,20,,29310,19,,,0,15,,29292,19,,,0,55,,29309,19,,,0,15,,29291,19,,,0,15,,29308,19,,,0,15,,29290,19,,,0,56,,29307,19,,,0,15,,29289,19,,,0,16,,29306,19,,,0,16,,29288,19,,,0,58,,29335,19,,,0,16,,29287,19,,,0,17,,29334,19,,,0,56,,29286,19,,,0,16,,29333,19,,,0,15,,29285,19,,,0,16,,29336,19,,,0,55,,29284,19,,,0,15,,29332,19,,,0,15,,29283,19,,,0,17,,29331,19,,,0,55,,29282,19,,,0,15,,29330,19,,,0,15,,29281,19,,,0,15,,29329,19,,,0,55,,29280,19,,,0,15,,29328,19,,,0,15,,29279,19,,,0,15,,29327,19,,,0,55,,29278,19,,,0,17,,29305,19,,,0,15,,29277,19,,,0,15,,29304,19,,,0,56,,29315,19,,,0,15,,29303,19,,,0,15,,29276,19,,,0,14,,29302,19,,,0,55,,29275,19,,,0,15,,29301,19,,,0,15,,29274,19,,,0,15,,29300,19,,,0,55,,29273,19,,,0,15,,29299,19,,,0,15,,29272,19,,,0,15,,29298,19,,,0,55,,29271,19,,,0,14,,29297,19,,,0,15,,29270,19,,,0,12,,29296,19,,,0,55,,29269,19,,,0,16,,29317,19,,,0,15,,29326,19,,,0,15,,29295,19,,,0,55,,29325,19,,,0,13,,29324,19,,,0,15,,29337,19,,,0,15,,29294,19,,,0,55,,29323,19,,,0,20,,29338,19,,,0,21,,29322,19,,,0,65,,29316,19,,,0,39,,29321,19,,,0,70,,29339,19,,,0,30,,29320,19,,,0,94,,29319,19,,,0,90,,29318,19,,,0
671501,'3',555,,29385,19,,,0,61,,29384,19,,,0,20,,29383,19,,,0,20,,29382,19,,,0,62,,29364,19,,,0,20,,29381,19,,,0,15,,29363,19,,,0,55,,29380,19,,,0,16,,29362,19,,,0,17,,29379,19,,,0,15,,29361,19,,,0,55,,29378,19,,,0,15,,29360,19,,,0,16,,29377,19,,,0,16,,29359,19,,,0,57,,29406,19,,,0,16,,29358,19,,,0,18,,29405,19,,,0,55,,29357,19,,,0,14,,29404,19,,,0,16,,29356,19,,,0,16,,29407,19,,,0,55,,29355,19,,,0,15,,29403,19,,,0,15,,29354,19,,,0,15,,29402,19,,,0,55,,29353,19,,,0,15,,29401,19,,,0,15,,29352,19,,,0,17,,29400,19,,,0,55,,29351,19,,,0,15,,29399,19,,,0,15,,29350,19,,,0,15,,29398,19,,,0,55,,29349,19,,,0,15,,29376,19,,,0,15,,29348,19,,,0,15,,29375,19,,,0,55,,29386,19,,,0,15,,29374,19,,,0,15,,29347,19,,,0,15,,29373,19,,,0,55,,29346,19,,,0,15,,29372,19,,,0,15,,29345,19,,,0,15,,29371,19,,,0,54,,29344,19,,,0,15,,29370,19,,,0,15,,29343,19,,,0,15,,29369,19,,,0,55,,29342,19,,,0,14,,29368,19,,,0,15,,29341,19,,,0,15,,29367,19,,,0,55,,29340,19,,,0,15,,29388,19,,,0,16,,29397,19,,,0,12,,29366,19,,,0,55,,29396,19,,,0,15,,29395,19,,,0,15,,29408,19,,,0,14,,29365,19,,,0,55,,29394,19,,,0,20,,29409,19,,,0,20,,29393,19,,,0,60,,29387,19,,,0,50,,29392,19,,,0,70,,29410,19,,,0,25,,29391,19,,,0,95,,29390,19,,,0,90,,29389,19,,,0
671701,'1',1749,,29442,39,4,,0,54,,29443,39,4,,0,10,,29444,39,4,,0,21,,29445,39,4,,0,13,,29446,39,4,,0,59,,29447,39,4,,0
671701,'101',1718,,29448,39,4,,0,19,,29449,39,4,,0
671701,'201',1718,,29450,39,4,,0,19,,29451,39,4,,0
675401,'101',748,,34234,15,0,32,0
3181601,'1',638,,47592,4,,,0,70,,47593,4,,,0,30,,47594,4,,,0,70,,47595,4,,,0,30,,47596,4,,,0,70,,47597,4,,,0,30,,47598,4,,,0,70,,47599,4,,,0,30,,47600,4,,,0,71,,47601,4,,,0,30,,47602,4,,,0,70,,47603,4,,,0,30,,47577,4,,,0,70,,47578,4,,,0,30,,47579,4,,,0,70,,47580,4,,,0,31,,47581,4,,,0,71,,47582,4,,,0,28,,47583,4,,,0,70,,47584,4,,,0,30,,47585,4,,,0,69,,47586,4,,,0,30,,47587,4,,,0,70,,47588,4,,,0,30,,47589,4,,,0,70,,47590,4,,,0,30,,47591,4,,,0
3181601,'2',809,,47606,4,,,0,100,,47607,4,,,0,100,,47608,4,,,0,100,,47609,4,,,0,101,,47610,4,,,0,101,,47611,4,,,0,96,,47612,4,,,0,101,,47613,4,,,0,100,,47604,4,,,0,100,,47605,4,,,0,100,,47614,4,,,0,101,,47615,4,,,0,100,,47616,4,,,0
3181601,'3',811,,47617,4,,,0,100,,47618,4,,,0,100,,47619,4,,,0,97,,47620,4,,,0,100,,47621,4,,,0,100,,47622,4,,,0,100,,47623,4,,,0,101,,47624,4,,,0,100,,47625,4,,,0,102,,47626,4,,,0,100,,47627,4,,,0,101,,47628,4,,,0
4085500,'1',426,,55236,29,4,,0,75,,55237,29,4,,0,24,,55238,35,4,,0,30,,55239,35,4,,0,70,,55240,35,4,,0,18,,55241,35,4,,0,60,,55242,35,4,,0,22,,55243,35,4,,0,20,,55244,35,4,,0,60,,55245,35,4,,0,19,,55246,35,4,,0,21,,55247,35,4,,0,60,,55284,35,4,,0,20,,55248,35,4,,0,23,,55249,35,4,,0,70,,55250,35,4,,0,30,,55251,35,4,,0,70,,55252,35,4,,0,30,,55253,35,4,,0,70,,55254,35,4,,0,30,,55255,35,4,,0,70,,55256,35,4,,0,30,,55257,35,4,,0,71,,55258,35,4,,0,30,,55259,35,4,,0,70,,55260,35,4,,0,31,,55261,35,4,,0,59,,55262,35,4,,0,18,,55263,35,4,,0,21,,55264,35,4,,0,59,,55265,35,4,,0,22,,55266,35,4,,0,21,,55267,35,4,,0,55,,55268,35,4,,0,25,,55269,35,4,,0,20,,55270,35,4,,0,60,,55271,35,4,,0,20,,55285,35,4,,0,20,,55272,35,4,,0,62,,55273,35,4,,0,30,,55274,35,4,,0,69,,55275,35,4,,0,30,,55276,35,4,,0,70,,55277,35,4,,0,30,,55278,35,4,,0,70,,55279,35,4,,0,30,,55280,35,4,,0,70,,55286,35,4,,0,30,,55281,35,4,,0,70,,55287,35,4,,0,30,,55282,35,4,,0,100,,55283,35,4,,0
4085500,'2',428,,55288,29,4,,0,96,,55289,35,4,,0,98,,55290,35,4,,0,30,,55291,35,4,,0,70,,55292,35,4,,0,30,,55293,35,4,,0,70,,55294,35,4,,0,30,,55295,35,4,,0,70,,55296,35,4,,0,30,,55297,35,4,,0,70,,55298,35,4,,0,30,,55299,35,4,,0,70,,55300,35,4,,0,30,,55301,35,4,,0,70,,55302,35,4,,0,30,,55303,35,4,,0,70,,55304,35,4,,0,30,,55305,35,4,,0,70,,55306,35,4,,0,30,,55307,35,4,,0,70,,55308,35,4,,0,30,,55309,35,4,,0,70,,55310,35,4,,0,30,,55311,35,4,,0,70,,55312,35,4,,0,30,,55313,35,4,,0,70,,55314,35,4,,0,30,,55315,35,4,,0,70,,55316,35,4,,0,30,,55317,35,4,,0,70,,55318,35,4,,0,30,,55319,35,4,,0,70,,55320,35,4,,0,30,,55321,35,4,,0,70,,55322,35,4,,0,30,,55323,35,4,,0,70,,55324,35,4,,0,30,,55328,35,4,,0,70,,55325,35,4,,0,30,,55329,35,4,,0,74,,55326,35,4,,0,100,,55327,35,4,,0
4085500,'3',428,,55330,29,4,,0,96,,55331,35,4,,0,100,,55332,35,4,,0,30,,55333,35,4,,0,70,,55334,35,4,,0,28,,55335,35,4,,0,70,,55336,35,4,,0,30,,55337,35,4,,0,70,,55338,35,4,,0,30,,55339,35,4,,0,70,,55340,35,4,,0,30,,55341,35,4,,0,70,,55342,35,4,,0,30,,55343,35,4,,0,70,,55344,35,4,,0,30,,55345,35,4,,0,70,,55346,35,4,,0,30,,55347,35,4,,0,70,,55348,35,4,,0,30,,55349,35,4,,0,70,,55350,35,4,,0,30,,55351,35,4,,0,70,,55352,35,4,,0,30,,55353,35,4,,0,70,,55354,35,4,,0,30,,55355,35,4,,0,70,,55356,35,4,,0,30,,55357,35,4,,0,70,,55358,35,4,,0,30,,55359,35,4,,0,70,,55360,35,4,,0,30,,55361,35,4,,0,70,,55362,35,4,,0,30,,55363,35,4,,0,70,,55364,35,4,,0,30,,55365,35,4,,0,70,,55366,35,4,,0,34,,55370,35,4,,0,70,,55367,35,4,,0,30,,55371,35,4,,0,71,,55368,35,4,,0,101,,55369,35,4,,0
4085501,'1',436,,55372,1,,,0,71,,55373,1,,,0,29,,55374,1,,,0,65,,55375,1,,,0,19,,55376,1,,,0,18,,55377,1,,,0,20,,55378,1,,,0,60,,55379,1,,,0,20,,55380,1,,,0,20,,55381,1,,,0,60,,55382,1,,,0,20,,55383,1,,,0,20,,55384,1,,,0,72,,55385,1,,,0,27,,55386,1,,,0,70,,55387,1,,,0,30,,55388,1,,,0,70,,55389,1,,,0,30,,55390,1,,,0,70,,55391,1,,,0,30,,55392,1,,,0,70,,55393,1,,,0,30,,55394,1,,,0,70,,55395,1,,,0,30,,55396,1,,,0,59,,55397,1,,,0,22,,55398,1,,,0,21,,55399,1,,,0,60,,55400,1,,,0,20,,55401,1,,,0,20,,55402,1,,,0,60,,55403,1,,,0,20,,55404,1,,,0,20,,55405,1,,,0,60,,55406,1,,,0,20,,55407,1,,,0,20,,55408,1,,,0,71,,55409,1,,,0,70,,55410,1,,,0,30,,55411,1,,,0,70,,55412,1,,,0,30,,55413,1,,,0,70,,55414,1,,,0,30,,55415,1,,,0,70,,55416,1,,,0,30,,55421,1,,,0,72,,55417,1,,,0,30,,55422,1,,,0,70,,55418,1,,,0,48,,55419,1,,,0,98,,55420,1,,,0
4085501,'2',437,,55423,1,,,0,95,,55424,1,,,0,70,,55425,1,,,0,30,,55426,1,,,0,70,,55427,1,,,0,30,,55428,1,,,0,70,,55429,1,,,0,30,,55430,1,,,0,70,,55431,1,,,0,30,,55432,1,,,0,70,,55433,1,,,0,30,,55434,1,,,0,70,,55435,1,,,0,30,,55436,1,,,0,70,,55437,1,,,0,30,,55438,1,,,0,70,,55439,1,,,0,30,,55440,1,,,0,70,,55441,1,,,0,30,,55442,1,,,0,70,,55443,1,,,0,30,,55444,1,,,0,70,,55445,1,,,0,30,,55446,1,,,0,70,,55447,1,,,0,30,,55448,1,,,0,70,,55449,1,,,0,30,,55450,1,,,0,70,,55451,1,,,0,30,,55452,1,,,0,70,,55453,1,,,0,30,,55454,1,,,0,70,,55455,1,,,0,30,,55456,1,,,0,70,,55457,1,,,0,30,,55458,1,,,0,70,,55459,1,,,0,30,,55460,1,,,0,70,,55464,1,,,0,30,,55461,1,,,0,70,,55465,1,,,0,42,,55462,1,,,0,90,,55463,1,,,0
4085501,'3',440,,55466,1,,,0,99,,55467,1,,,0,70,,55468,1,,,0,30,,55469,1,,,0,69,,55470,1,,,0,29,,55471,1,,,0,70,,55472,1,,,0,30,,55473,1,,,0,70,,55474,1,,,0,30,,55475,1,,,0,70,,55476,1,,,0,27,,55477,1,,,0,70,,55478,1,,,0,30,,55479,1,,,0,70,,55480,1,,,0,30,,55481,1,,,0,70,,55482,1,,,0,30,,55483,1,,,0,70,,55484,1,,,0,30,,55485,1,,,0,70,,55486,1,,,0,30,,55487,1,,,0,68,,55488,1,,,0,30,,55489,1,,,0,70,,55490,1,,,0,30,,55491,1,,,0,70,,55492,1,,,0,30,,55493,1,,,0,70,,55494,1,,,0,30,,55495,1,,,0,70,,55496,1,,,0,30,,55497,1,,,0,70,,55498,1,,,0,30,,55499,1,,,0,70,,55500,1,,,0,32,,55501,1,,,0,73,,55502,1,,,0,30,,55503,1,,,0,68,,55507,1,,,0,30,,55504,1,,,0,70,,55508,1,,,0,42,,55505,1,,,0,90,,55506,1,,,0
