683000,'1',2603,,155254,53,4,,0,32,,155255,53,4,,0,68,,155256,53,4,,0,30,,155257,53,4,,0,70,,155258,53,4,,0,32,,155259,53,4,,0
683000,'2',2605,,155266,53,4,,0,35,,155265,53,4,,0,70,,155264,53,4,,0,30,,155261,53,4,,0,72,,155263,53,4,,0,34,,155262,53,4,,0
683000,'3',2603,,155273,53,4,,0,30,,155272,53,4,,0,70,,155267,53,4,,0,30,,155271,53,4,,0,70,,155270,53,4,,0,40,,155269,53,4,,0
683001,'1',2610,,155274,1,,,0,31,,155275,1,,,0,70,,155276,1,,,0,30,,155277,1,,,0,70,,155278,1,,,0,29,,155279,1,,,0
683001,'2',2611,,155285,1,,,0,34,,155281,1,,,0,70,,155280,1,,,0,30,,155284,1,,,0,72,,155283,1,,,0,34,,155282,1,,,0
683001,'3',2610,,155287,1,,,0,30,,155286,1,,,0,70,,155291,1,,,0,30,,155290,1,,,0,70,,155289,1,,,0,40,,155288,1,,,0
684100,'1',451,,155579,1,,,0,69,,155580,1,,,0,9,,155587,1,,,0,2006,,155588,1,,,0,70,,155582,1,,,0,20,,155584,1,,,0,20,,155581,1,,,0,62,,155583,1,,,0,30,,155585,1,,,0,75,,155586,1,,,0
684100,'2',447,,155591,1,,,0,71,,155598,1,,,0,31,,155599,1,,,0,73,,155600,1,,,0,29,,155596,1,,,0,1883,,155602,1,,,0,74,,155593,1,,,0,17,,155597,1,,,0,20,,155601,1,,,0,60,,155594,1,,,0,30,,155595,1,,,0,80,,155603,1,,,0
684100,'3',446,,155614,1,,,0,71,,155615,1,,,0,30,,155616,1,,,0,70,,155617,1,,,0,16,,155618,1,,,0,14,,155610,1,,,0,56,,155619,1,,,0,13,,155611,1,,,0,1789,,155604,1,,,0,30,,155605,1,,,0,72,,155608,1,,,0,30,,155607,1,,,0,70,,155606,1,,,0,35,,155609,1,,,0,75,,155613,1,,,0
684101,'1',439,,155626,82,4,,0,69,,155625,82,4,,0,12,,155624,82,4,,0,2004,,155628,82,4,,0,30,,155622,82,4,,0,75,,155621,82,4,,0,30,,155620,82,4,,0,70,,155623,82,4,,0,75,,155627,82,4,,0
684101,'2',436,,155629,82,4,,0,72,,155634,82,4,,0,36,,155635,82,4,,0,66,,155636,82,4,,0,28,,155633,82,4,,0,1888,,155638,82,4,,0,75,,155630,82,4,,0,37,,155637,82,4,,0,21,,155631,82,4,,0,69,,155632,82,4,,0,78,,155639,82,4,,0
684101,'3',437,,155648,82,4,,0,70,,155650,82,4,,0,30,,155647,82,4,,0,71,,155646,82,4,,0,14,,155653,82,4,,0,18,,155643,82,4,,0,15,,155654,82,4,,0,53,,155645,82,4,,0,1749,,155651,82,4,,0,71,,155652,82,4,,0,30,,155640,82,4,,0,67,,155641,82,4,,0,30,,155642,82,4,,0,78,,155644,82,4,,0,70,,155649,82,4,,0
