'259701merged14516817',677800,53500,4,'',0,10000,4,'',0,10500,4,'',0,10500,4,'',0,25500,4,'',0,22000,4,'',0,9500,4,'',0,9000,4,'',0,10500,4,'',0,11000,4,'',0,10500,4,'',0,11000,4,'',0,10000,4,'',0
'259701merged14516817',677801,45500,,'',0,10000,,'',0,14500,,'',0,10500,,'',0,10500,,'',0,22000,,'',0,20500,,'',0,9000,,'',0,10500,,'',0,11000,,'',0,10500,,'',0,11000,,'',0,10000,,'',0
'259702merged14516805',677800,85000,4,'',0,25500,4,'',0,21500,4,'',0,19000,4,'',0,20500,4,'',0,22000,4,'',0
'259702merged14516805',677801,85000,,'',0,25500,,'',0,21500,,'',0,19000,,'',0,21500,,'',0
'259703merged14516818',677800,85000,4,'',0,25500,4,'',0,21500,4,'',0,19000,4,'',0,20500,4,'',0,22000,4,'',0
'259703merged14516818',677801,85000,,'',0,25500,,'',0,21500,,'',0,19000,,'',0,21500,,'',0
'259801',677800,53500,4,'',0,10000,4,'',0,10500,4,'',0,10500,4,'',0,25500,4,'',0,22000,4,'',0,9500,4,'',0,9000,4,'',0,10500,4,'',0,11000,4,'',0,10500,4,'',0,11000,4,'',0,10000,4,'',0
'259801',677801,45500,,'',0,10000,,'',0,14500,,'',0,10500,,'',0,10500,,'',0,22000,,'',0,20500,,'',0,9000,,'',0,10500,,'',0,11000,,'',0,10500,,'',0,11000,,'',0,10000,,'',0
'259802',677800,85000,4,'',0,25500,4,'',0,21500,4,'',0,19000,4,'',0,20500,4,'',0,22000,4,'',0
'259802',677801,85000,,'',0,25500,,'',0,21500,,'',0,19000,,'',0,21500,,'',0
'259803',677800,85000,4,'',0,25500,4,'',0,21500,4,'',0,19000,4,'',0,20500,4,'',0,22000,4,'',0
'259803',677801,85000,,'',0,25500,,'',0,21500,,'',0,19000,,'',0,21500,,'',0
