'1merged14516808',661901,54200,0,'Alma',0,6000,0,'Alma',0,2000,0,'Alma',0,1500,0,'Alma',0,1500,0,'Alma',0,5500,0,'Alma',0,1250,,'',0,900,,'',0,1880,,'',0,5820,,'',0,1800,,'',0,1760,,'',0,1700,,'',0,5600,,'',0,1340,,'',0,700,,'',0,1560,,'',0,5700,,'',0,1890,0,'Alma',0,2200,0,'Alma',0,6500,0,'Alma',0,2450,0,'Alma',0,6400,0,'Alma',0,2400,0,'Alma',0,2400,0,'Alma',0,6300,0,'Alma',0,2500,0,'Alma',0,6700,0,'Alma',0,2180,,'',0,2300,,'',0,5820,,'',0,1600,,'',0,1600,,'',0,1300,,'',0,5000,,'',0,1600,,'',0,1500,,'',0,1200,,'',0,1280,,'',0,5300,,'',0,600,,'',0,1800,,'',0,1300,,'',0,5770,0,'Alma',0,530,0,'Alma',0,1700,0,'Alma',0,1070,0,'Alma',0,1000,0,'Alma',0,730,0,'Alma',0,5000,0,'Alma',0,900,0,'Alma',0,1000,0,'Alma',0,1000,0,'Alma',0,2020,0,'Alma',0,5500,0,'Alma',0,1500,0,'Alma',0,1500,0,'Alma',0,1500,0,'Alma',0,5500,0,'Alma',0,1500,0,'Alma',0,1500,0,'Alma',0,1500,0,'Alma',0,5500,0,'Alma',0,1450,0,'Alma',0,1500,0,'Alma',0,1500,0,'Alma',0,5500,0,'Alma',0,1420,0,'Alma',0,1500,0,'Alma',0,1500,0,'Alma',0,5500,0,'Alma',0,1200,0,'Alma',0,1500,0,'Alma',0
'2merged14516810',661901,54400,0,'Alma',0,6000,0,'Alma',0,2030,0,'Alma',0,2100,0,'Alma',0,6000,0,'Alma',0,2000,0,'Alma',0,1400,0,'Alma',0,1500,0,'Alma',0,5500,0,'Alma',0,1700,0,'Alma',0,1500,0,'Alma',0,1720,0,'Alma',0,5500,0,'Alma',0,1500,0,'Alma',0,1500,0,'Alma',0,1580,0,'Alma',0,5500,0,'Alma',0,1200,0,'Alma',0,1200,0,'Alma',0,1200,0,'Alma',0,5200,0,'Alma',0,1200,0,'Alma',0,1200,0,'Alma',0,1200,0,'Alma',0,1200,0,'Alma',0,5300,0,'Alma',0,1200,0,'Alma',0,1200,0,'Alma',0,1200,0,'Alma',0,1200,0,'Alma',0,5200,0,'Alma',0,1200,0,'Alma',0,1200,0,'Alma',0,1200,0,'Alma',0,1200,0,'Alma',0,5200,0,'Alma',0,1200,0,'Alma',0,1000,0,'Alma',0,1000,0,'Alma',0,1000,0,'Alma',0,1000,0,'Alma',0,5000,0,'Alma',0,1000,0,'Alma',0,1090,0,'Alma',0,1000,0,'Alma',0,1000,0,'Alma',0,1000,0,'Alma',0,5000,0,'Alma',0,1000,0,'Alma',0,900,0,'Alma',0,1000,0,'Alma',0,1000,0,'Alma',0,1000,0,'Alma',0,5000,0,'Alma',0,1000,0,'Alma',0,1000,0,'Alma',0,1000,0,'Alma',0,1000,0,'Alma',0,910,0,'Alma',0,5000,0,'Alma',0,900,0,'Alma',0,1800,0,'Alma',0,900,0,'Alma',0,6020,0,'Alma',0,1400,0,'Alma',0,1400,0,'Alma',0,1400,0,'Alma',0,1370,0,'Alma',0,5500,0,'Alma',0,1300,0,'Alma',0,1500,0,'Alma',0,1500,0,'Alma',0,5500,0,'Alma',0,1500,0,'Alma',0,1500,0,'Alma',0,1500,0,'Alma',0,5400,0,'Alma',0,1210,0,'Alma',0,1400,0,'Alma',0,1400,0,'Alma',0,5400,0,'Alma',0,1300,0,'Alma',0,1300,0,'Alma',0,1400,0,'Alma',0,1400,0,'Alma',0,5500,0,'Alma',0,1500,0,'Alma',0,1400,0,'Alma',0
'3merged14516809',661901,53120,0,'Alma',0,2300,0,'Alma',0,5930,0,'Alma',0,2000,0,'Alma',0,2300,0,'Alma',0,6180,0,'Alma',0,2000,0,'Alma',0,6200,0,'Alma',0,1500,0,'Alma',0,1500,0,'Alma',0,1590,0,'Alma',0,5500,0,'Alma',0,1580,0,'Alma',0,1500,0,'Alma',0,1750,0,'Alma',0,5500,0,'Alma',0,1500,0,'Alma',0,1500,0,'Alma',0,1500,0,'Alma',0,5500,0,'Alma',0,1580,0,'Alma',0,1000,0,'Alma',0,1000,0,'Alma',0,1000,0,'Alma',0,5000,0,'Alma',0,1000,0,'Alma',0,1000,0,'Alma',0,1000,0,'Alma',0,1000,0,'Alma',0,1000,0,'Alma',0,5000,0,'Alma',0,1000,0,'Alma',0,1090,0,'Alma',0,1000,0,'Alma',0,1000,0,'Alma',0,1000,0,'Alma',0,5000,0,'Alma',0,1100,0,'Alma',0,1100,0,'Alma',0,1000,0,'Alma',0,1000,0,'Alma',0,1000,0,'Alma',0,5000,0,'Alma',0,1000,0,'Alma',0,1000,0,'Alma',0,1000,0,'Alma',0,1000,0,'Alma',0,1000,0,'Alma',0,5000,0,'Alma',0,1000,0,'Alma',0,1000,0,'Alma',0,1000,0,'Alma',0,1000,0,'Alma',0,1000,0,'Alma',0,5000,0,'Alma',0,900,0,'Alma',0,910,0,'Alma',0,900,0,'Alma',0,1000,0,'Alma',0,900,0,'Alma',0,1000,0,'Alma',0,5000,0,'Alma',0,970,0,'Alma',0,1500,0,'Alma',0,1200,0,'Alma',0,5600,0,'Alma',0,1700,0,'Alma',0,1500,0,'Alma',0,1400,0,'Alma',0,5400,0,'Alma',0,1500,0,'Alma',0,1320,0,'Alma',0,1500,0,'Alma',0,5500,0,'Alma',0,1400,0,'Alma',0,1500,0,'Alma',0,1500,0,'Alma',0,1500,0,'Alma',0,5500,0,'Alma',0,1310,0,'Alma',0,1400,0,'Alma',0,1400,0,'Alma',0,5600,0,'Alma',0,1400,0,'Alma',0,1500,0,'Alma',0,1400,0,'Alma',0,5600,0,'Alma',0,1400,0,'Alma',0,1400,0,'Alma',0
'1merged14516808',683301,262730,,'',0,1500,,'',0,5800,,'',0,3300,,'',0
'2merged14516810',683301,262830,,'',0,1800,,'',0,6000,,'',0,2100,,'',0
'35301',683301,273930,,'',0
'3merged14516809',683301,262650,,'',0,3000,,'',0,7000,,'',0
'152201merged14516815',1671801,212700,,'',0,1600,,'',0,1600,,'',0,5500,,'',0,1410,,'',0,1300,,'',0,6000,,'',0,2100,,'',0,1820,,'',0,6000,,'',0,3000,,'',0,1500,,'',0,5500,,'',0,1500,,'',0,1500,,'',0,7000,,'',0,500,,'',0
'152301merged14516816',1671801,212700,,'',0,1600,,'',0,1600,,'',0,5500,,'',0,1410,,'',0,1300,,'',0,6000,,'',0,2100,,'',0,1820,,'',0,6000,,'',0,3000,,'',0,1500,,'',0,5500,,'',0,1500,,'',0,1500,,'',0,7000,,'',0,500,,'',0
'1merged14516808',1671801,34550,,'',0,7000,,'',0,3880,,'',0,6900,,'',0,3000,,'',0,6200,,'',0,1400,,'',0,1300,,'',0,1300,,'',0,5300,,'',0,1480,,'',0,1300,,'',0,1400,,'',0,5500,,'',0,1920,,'',0,1600,,'',0,1700,,'',0,5420,,'',0,1500,,'',0,1400,,'',0,1400,,'',0,5400,,'',0,1500,,'',0,1400,,'',0,1580,,'',0,5500,,'',0,1680,,'',0,1500,,'',0,1730,,'',0,5500,,'',0,1500,,'',0,1500,,'',0,1590,,'',0,5500,,'',0,1700,,'',0,1500,,'',0,5600,,'',0,1500,,'',0,1500,,'',0,1500,,'',0,5500,,'',0,1600,,'',0,1500,,'',0,1500,,'',0,5500,,'',0,1200,,'',0,1300,,'',0,1100,,'',0,1080,,'',0,1000,,'',0,5100,,'',0,1000,,'',0,1000,,'',0,1200,,'',0,1200,,'',0,5200,,'',0,1200,,'',0,1200,,'',0,840,,'',0,1500,,'',0,5500,,'',0,1160,,'',0,1500,,'',0,1310,,'',0,1000,,'',0,5410,,'',0,1500,,'',0,1500,,'',0,1500,,'',0,5500,,'',0
'2merged14516810',1671801,34850,,'',0,7000,,'',0,3600,,'',0,8100,,'',0,7100,,'',0,1900,,'',0,1890,,'',0,1400,,'',0,5400,,'',0,1500,,'',0,1700,,'',0,1500,,'',0,5500,,'',0,1670,,'',0,1700,,'',0,5700,,'',0,1690,,'',0,1730,,'',0,1500,,'',0,5700,,'',0,1500,,'',0,1780,,'',0,1500,,'',0,5300,,'',0,1200,,'',0,1300,,'',0,1300,,'',0,5200,,'',0,1320,,'',0,1200,,'',0,1200,,'',0,1400,,'',0,5200,,'',0,1180,,'',0,1000,,'',0,1000,,'',0,1000,,'',0,1000,,'',0,5000,,'',0,1000,,'',0,1000,,'',0,1000,,'',0,1000,,'',0,1000,,'',0,5000,,'',0,1000,,'',0,1000,,'',0,1000,,'',0,830,,'',0,1000,,'',0,5000,,'',0,1000,,'',0,1000,,'',0,1000,,'',0,1000,,'',0,1000,,'',0,5000,,'',0,1000,,'',0,1000,,'',0,1000,,'',0,1000,,'',0,1000,,'',0,5000,,'',0,900,,'',0,1100,,'',0,1200,,'',0,970,,'',0,5300,,'',0,1200,,'',0,1100,,'',0,1400,,'',0,1300,,'',0,5000,,'',0,1320,,'',0,1500,,'',0,1500,,'',0,1600,,'',0,5600,,'',0,1170,,'',0,1500,,'',0,1500,,'',0,5500,,'',0,1700,,'',0,1800,,'',0,6000,,'',0,2000,,'',0,1910,,'',0,6100,,'',0,2200,,'',0,3000,,'',0,7000,,'',0,3000,,'',0,5000,,'',0
'3merged14516809',1671801,34610,,'',0,7000,,'',0,3600,,'',0,7500,,'',0,2800,,'',0,8700,,'',0,6400,,'',0,2320,,'',0,2000,,'',0,5700,,'',0,1700,,'',0,1600,,'',0,1870,,'',0,5650,,'',0,1500,,'',0,1700,,'',0,5500,,'',0,1500,,'',0,1500,,'',0,1600,,'',0,5500,,'',0,1670,,'',0,1500,,'',0,1630,,'',0,5500,,'',0,1500,,'',0,1500,,'',0,1500,,'',0,5300,,'',0,1200,,'',0,1200,,'',0,1200,,'',0,1580,,'',0,5200,,'',0,1200,,'',0,1200,,'',0,1200,,'',0,1020,,'',0,5200,,'',0,1200,,'',0,1200,,'',0,1200,,'',0,1200,,'',0,5200,,'',0,1200,,'',0,1200,,'',0,1200,,'',0,1200,,'',0,5200,,'',0,1170,,'',0,1200,,'',0,1200,,'',0,1200,,'',0,5200,,'',0,1300,,'',0,1300,,'',0,1200,,'',0,1500,,'',0,5400,,'',0,1500,,'',0,1900,,'',0,1030,,'',0,5500,,'',0,1500,,'',0,1500,,'',0,1500,,'',0,5500,,'',0,1500,,'',0,1460,,'',0,1500,,'',0,5500,,'',0,1330,,'',0,1900,,'',0,6000,,'',0,2000,,'',0,2000,,'',0,6000,,'',0,2400,,'',0,3000,,'',0,7000,,'',0,3000,,'',0,4700,,'',0
