661401,'1',547,,1288,0,16 17,0,59,,1302,0,16 17,0,19,,1303,,,0,20,,1347,,,0,59,,1336,,,0,15,,1334,,,0,15,,1335,,,0,14,,1343,,,0,55,,1339,,,0,15,,1306,,,0,14,,1301,,,0,15,,1311,,,0,56,,1307,,,0,16,,1308,,,0,15,,1309,,,0,15,,1310,,,0,55,,1317,,,0,15,,1318,,,0,14,,1319,,,0,15,,1320,,,0,55,,1304,,,0,15,,1287,,,0,15,,1313,,,0,15,,1338,,,0,55,,1291,,,0,16,,1331,,,0,15,,1332,,,0,15,,1289,,,0,55,,1340,,,0,15,,1326,,,0,15,,1333,,,0,15,,1342,,,0,55,,1322,,,0,15,,1305,,,0,15,,1344,,,0,15,,1345,,,0,55,,1298,,,0,14,,1299,,,0,15,,1292,,,0,12,,1329,,,0,11,,1330,,,0,52,,1323,,,0,11,,1321,,,0,12,,1324,,,0,12,,1337,,,0,12,,1314,,,0,50,,1315,,,0,12,,1341,,,0,12,,1295,,,0,14,,1325,,,0,12,,1300,,,0,53,,1296,,,0,12,,1293,,,0,12,,1297,,,0,12,,1294,,,0,57,,1290,,,0,18,,1316,,,0,20,,1328,,,0,20,,1327,,,0,60,,1312,,,0,20,,1346,,,0
661401,'2',632,,1407,0,16 17,0,20,,1428,0,16 17,0,60,,1391,0,16 17,0,20,,1374,0,16 17,0,20,,1368,0,16 17,0,57,,1373,,,0,19,,1371,,,0,18,,1419,,,0,55,,1393,,,0,14,,1399,,,0,15,,1416,,,0,15,,1418,,,0,55,,1380,,,0,15,,1376,,,0,15,,1408,,,0,15,,1421,,,0,55,,1417,,,0,14,,1379,,,0,14,,1386,,,0,13,,1387,,,0,14,,1388,,,0,52,,1389,,,0,12,,1369,,,0,12,,1400,,,0,12,,1406,,,0,13,,1431,,,0,53,,1397,,,0,12,,1398,,,0,13,,1433,,,0,12,,1415,,,0,13,,1432,,,0,51,,1370,,,0,11,,1375,,,0,11,,1434,,,0,11,,1402,,,0,12,,1404,,,0,52,,1390,,,0,12,,1411,,,0,12,,1435,,,0,12,,1378,,,0,12,,1427,,,0,53,,1410,,,0,12,,1394,,,0,11,,1436,,,0,11,,1395,,,0,12,,1372,,,0,52,,1377,,,0,12,,1382,,,0,15,,1422,,,0,15,,1423,,,0,55,,1437,,,0,16,,1424,,,0,15,,1425,,,0,18,,1426,,,0,62,,1413,,,0,21,,1420,,,0,21,,1381,,,0,62,,1392,,,0
661401,'3',641,,1458,0,16 17,0,80,,1488,0,16 17,0,28,,1489,0,16 17,0,67,,1490,0,16 17,0,27,,1446,,,0,65,,1475,,,0,19,,1443,,,0,20,,1478,,,0,60,,1474,,,0,18,,1452,,,0,17,,1466,,,0,17,,1495,,,0,57,,1476,,,0,17,,1451,,,0,16,,1486,,,0,55,,1487,,,0,15,,1491,,,0,14,,1457,,,0,13,,1440,,,0,54,,1444,,,0,14,,1467,,,0,14,,1481,,,0,15,,1482,,,0,15,,1479,,,0,53,,1441,,,0,12,,1442,,,0,12,,1497,,,0,12,,1439,,,0,12,,1456,,,0,52,,1483,,,0,12,,1465,,,0,11,,1498,,,0,11,,1494,,,0,13,,1496,,,0,54,,1463,,,0,14,,1480,,,0,14,,1470,,,0,16,,1492,,,0,55,,1493,,,0,15,,1454,,,0,16,,1471,,,0,15,,1472,,,0,55,,1473,,,0,15,,1453,,,0,16,,1438,,,0,57,,1450,,,0,20,,1459,,,0,20,,1468,,,0,17,,1469,,,0,61,,1464,,,0
661701,'1',613,,3024,,,0,20,,3025,,,0,20,,3026,,,0,55,,3027,,,0,12,,3028,,,0,12,,3029,,,0,13,,3030,,,0,13,,3031,,,0,52,,3032,,,0,13,,3033,,,0,13,,3034,,,0,13,,3035,,,0,53,,3036,,,0,13,,3037,,,0,13,,3038,,,0,13,,3039,,,0,14,,3040,,,0,55,,3041,,,0,15,,3042,,,0,14,,3043,,,0,15,,3044,,,0,54,,3045,,,0,15,,3046,,,0,15,,3047,,,0,15,,3048,,,0,55,,3049,,,0,15,,3050,,,0,14,,3051,,,0,15,,3052,,,0,55,,3053,,,0,16,,3054,,,0,16,,3055,,,0,15,,3056,,,0,55,,3057,,,0,15,,3058,,,0,15,,3059,,,0,15,,3060,,,0,55,,3061,,,0,13,,3062,,,0,13,,3063,,,0,13,,3064,,,0,53,,3065,,,0,13,,3066,,,0,13,,3067,,,0,12,,3068,,,0,12,,3069,,,0,53,,3070,,,0,13,,3071,,,0,12,,3072,,,0,12,,3073,,,0,12,,3074,,,0,52,,3075,,,0,12,,3076,,,0,12,,3077,,,0,21,,3078,,,0,61,,3079,,,0,21,,3080,,,0,22,,3081,,,0,60,,3082,,,0,18,,3083,,,0,492,,3084,0,10,0
661701,'152201',2053,,3088,,,0,60,,3089,,,0,20,,3087,,,0,18,,3090,,,0,59,,3091,,,0,20,,3092,,,0,20,,3093,,,0,60,,3094,,,0,20,,3095,,,0,21,,3096,,,0,60,,3097,,,0,11,,3098,,,0,30,,3099,,,0
661701,'152301',2053,,3100,,,0,60,,3101,,,0,20,,3102,,,0,18,,3103,,,0,59,,3104,,,0,20,,3105,,,0,20,,3106,,,0,60,,3107,,,0,20,,3108,,,0,21,,3109,,,0,60,,3110,,,0,11,,3111,,,0,30,,3112,,,0
661701,'2',620,,3114,,,0,21,,3115,,,0,60,,3116,,,0,20,,3117,,,0,20,,3118,,,0,13,,3119,,,0,56,,3120,,,0,15,,3121,,,0,14,,3122,,,0,15,,3123,,,0,54,,3124,,,0,15,,3125,,,0,15,,3126,,,0,16,,3127,,,0,55,,3128,,,0,15,,3129,,,0,14,,3130,,,0,15,,3131,,,0,55,,3132,,,0,15,,3133,,,0,15,,3134,,,0,14,,3135,,,0,55,,3136,,,0,14,,3137,,,0,15,,3138,,,0,15,,3139,,,0,55,,3140,,,0,15,,3141,,,0,16,,3142,,,0,15,,3143,,,0,56,,3144,,,0,14,,3145,,,0,12,,3146,,,0,13,,3147,,,0,12,,3148,,,0,52,,3149,,,0,12,,3150,,,0,12,,3151,,,0,13,,3152,,,0,53,,3153,,,0,13,,3154,,,0,13,,3155,,,0,13,,3156,,,0,12,,3157,,,0,52,,3158,,,0,12,,3159,,,0,12,,3160,,,0,13,,3161,,,0,12,,3162,,,0,52,,3163,,,0,14,,3164,,,0,15,,3165,,,0,15,,3166,,,0,59,,3167,,,0,20,,3168,,,0,20,,3169,,,0,61,,3170,,,0,20,,3171,,,0,20,,3172,,,0,60,,3173,,,0,20,,3174,,,0,20,,3175,,,0,60,,3176,,,0,20,,3177,,,0,21,,3178,,,0,60,,3179,,,0,20,,3180,,,0,21,,3181,,,0,60,,3182,,,0,17,,3183,,,0,27,,3184,,,0,72,,3185,0,10,0
661701,'3',631,,3187,,,0,74,,3188,,,0,28,,3189,,,0,72,,3190,,,0,30,,3191,,,0,23,,3192,,,0,60,,3193,,,0,20,,3194,,,0,19,,3195,,,0,60,,3196,,,0,20,,3197,,,0,16,,3198,,,0,55,,3199,,,0,15,,3200,,,0,15,,3201,,,0,15,,3202,,,0,55,,3203,,,0,15,,3204,,,0,15,,3205,,,0,15,,3206,,,0,55,,3207,,,0,15,,3208,,,0,15,,3209,,,0,15,,3210,,,0,55,,3211,,,0,15,,3212,,,0,15,,3213,,,0,15,,3214,,,0,55,,3215,,,0,15,,3216,,,0,14,,3217,,,0,15,,3218,,,0,55,,3219,,,0,15,,3220,,,0,15,,3221,,,0,15,,3222,,,0,55,,3223,,,0,15,,3224,,,0,15,,3225,,,0,15,,3226,,,0,55,,3227,,,0,18,,3228,,,0,20,,3229,,,0,60,,3230,,,0,23,,3231,,,0,18,,3232,,,0,60,,3233,,,0,20,,3234,,,0,22,,3235,,,0,60,,3236,,,0,20,,3237,,,0,21,,3238,,,0,60,,3239,,,0,20,,3240,,,0,19,,3241,,,0,60,,3242,,,0,19,,3243,,,0,20,,3244,,,0,62,,3245,,,0,16,,3246,,,0,31,,3247,,,0,86,,3248,0,10,0
1671701,'1',2010,,40801,,,0,28,,40800,,,0,66,,40799,,,0,30,,40812,,,0,70,,40811,,,0,29,,40810,,,0,71,,40809,,,0,26,,40808,,,0,74,,40807,,,0,28,,40806,,,0,118,,40803,,,0
1671701,'2',2002,,40815,,,0,29,,40814,,,0,69,,40813,,,0,30,,40825,,,0,71,,40824,,,0,29,,40823,,,0,71,,40822,,,0,29,,40821,,,0,70,,40820,,,0,29,,40819,,,0,129,,40816,,,0
1671701,'3',2004,,40827,,,0,30,,40840,,,0,70,,40839,,,0,30,,40838,,,0,70,,40837,,,0,29,,40836,,,0,67,,40835,,,0,29,,40834,,,0,30,,40833,,,0,70,,40832,,,0,113,,40828,,,0,67,,40829,,,0
