673900,'101_merged_15529707',834,,149716,39,4,,0,716,,149717,39,4,,0
673900,'1_merged_15529700',853,,149725,39,4,,0
673901,'101_merged_15529707',751,,149728,1,0,86 87,0,707,,149729,1,0,86 87,0
673901,'1_merged_15529700',704,,149738,1,0,86 87,0,154,,149739,1,0,86 87,0
681400,'1803_merged_15529708',1915,,152999,1,,,0,100,,153000,1,,,0,100,,153001,1,,,0,100,,153002,1,,,0
681400,'1_merged_15529700',445,,153003,1,,,0,157,,153004,1,,,0,30,,153005,1,,,0,70,,153006,1,,,0,20,,153007,1,,,0,20,,153008,1,,,0,60,,153009,1,,,0,20,,153010,1,,,0,20,,153011,1,,,0,60,,153012,1,,,0,20,,153036,1,,,0,20,,153013,1,,,0,60,,153014,1,,,0,20,,153037,1,,,0,20,,153015,1,,,0,60,,153016,1,,,0,20,,153038,1,,,0,20,,153017,1,,,0,60,,153018,1,,,0,20,,153039,1,,,0,20,,153019,1,,,0,60,,153020,1,,,0,20,,153040,1,,,0,20,,153021,1,,,0,60,,153022,1,,,0,20,,153041,1,,,0,20,,153023,1,,,0,60,,153024,1,,,0,20,,153042,1,,,0,20,,153025,1,,,0,60,,153026,1,,,0,20,,153043,1,,,0,20,,153027,1,,,0,60,,153028,1,,,0,20,,153044,1,,,0,20,,153029,1,,,0,60,,153030,1,,,0,103,,153031,1,,,0,100,,153032,1,,,0,100,,153033,1,,,0,100,,153034,1,,,0,100,,153035,1,,,0
681400,'2_merged_15529702',740,,153045,1,,,0,70,,153046,1,,,0,20,,153047,1,,,0,20,,153048,1,,,0,60,,153049,1,,,0,20,,153050,1,,,0,20,,153051,1,,,0,60,,153052,1,,,0,20,,153053,1,,,0,20,,153054,1,,,0,60,,153055,1,,,0,20,,153056,1,,,0,20,,153057,1,,,0,60,,153058,1,,,0,20,,153059,1,,,0,20,,153060,1,,,0,60,,153061,1,,,0,20,,153062,1,,,0,20,,153063,1,,,0,60,,153064,1,,,0,20,,153065,1,,,0,20,,153066,1,,,0,60,,153067,1,,,0,20,,153068,1,,,0,20,,153069,1,,,0,60,,153070,1,,,0,30,,153071,1,,,0,70,,153072,1,,,0,30,,153073,1,,,0,72,,153074,1,,,0,103,,153075,1,,,0,100,,153076,1,,,0,100,,153077,1,,,0,100,,153078,1,,,0,103,,153079,1,,,0
681400,'3_merged_15529701',815,,153080,1,,,0,100,,153081,1,,,0,100,,153082,1,,,0,100,,153083,1,,,0,100,,153084,1,,,0,100,,153085,1,,,0,100,,153086,1,,,0,100,,153087,1,,,0,100,,153088,1,,,0,100,,153089,1,,,0,100,,153090,1,,,0
681401,'1803_merged_15529708',2045,,153091,43,4,,0,100,,153092,43,4,,0,100,,153093,43,4,,0,100,,153094,43,4,,0
681401,'1_merged_15529700',609,,153095,43,4,,0,123,,153096,43,4,,0,80,,153097,43,4,,0,20,,153098,43,4,,0,20,,153099,43,4,,0,60,,153100,43,4,,0,20,,153101,43,4,,0,20,,153102,43,4,,0,60,,153103,43,4,,0,20,,153104,43,4,,0,20,,153128,43,4,,0,60,,153105,43,4,,0,20,,153106,43,4,,0,20,,153129,43,4,,0,60,,153107,43,4,,0,20,,153108,43,4,,0,20,,153130,43,4,,0,60,,153109,43,4,,0,20,,153110,43,4,,0,20,,153131,43,4,,0,60,,153111,43,4,,0,20,,153112,43,4,,0,20,,153132,43,4,,0,60,,153113,43,4,,0,20,,153114,43,4,,0,20,,153133,43,4,,0,60,,153115,43,4,,0,20,,153116,43,4,,0,20,,153134,43,4,,0,60,,153117,43,4,,0,20,,153118,43,4,,0,20,,153135,43,4,,0,60,,153119,43,4,,0,20,,153120,43,4,,0,20,,153136,43,4,,0,60,,153121,43,4,,0,40,,153122,43,4,,0,100,,153123,43,4,,0,100,,153124,43,4,,0,100,,153125,43,4,,0,100,,153126,43,4,,0,100,,153127,43,4,,0
681401,'2_merged_15529702',922,,153137,43,4,,0,20,,153138,43,4,,0,60,,153139,43,4,,0,20,,153140,43,4,,0,20,,153141,43,4,,0,60,,153142,43,4,,0,20,,153143,43,4,,0,20,,153144,43,4,,0,60,,153145,43,4,,0,20,,153146,43,4,,0,20,,153147,43,4,,0,60,,153148,43,4,,0,20,,153149,43,4,,0,20,,153150,43,4,,0,60,,153151,43,4,,0,20,,153152,43,4,,0,20,,153153,43,4,,0,60,,153154,43,4,,0,20,,153155,43,4,,0,20,,153156,43,4,,0,60,,153157,43,4,,0,20,,153158,43,4,,0,20,,153159,43,4,,0,60,,153160,43,4,,0,20,,153161,43,4,,0,20,,153162,43,4,,0,68,,153163,43,4,,0,32,,153164,43,4,,0,70,,153165,43,4,,0,30,,153166,43,4,,0,100,,153167,43,4,,0,100,,153168,43,4,,0,100,,153169,43,4,,0,100,,153170,43,4,,0,103,,153171,43,4,,0
681401,'3_merged_15529701',945,,153172,43,4,,0,100,,153173,43,4,,0,100,,153174,43,4,,0,100,,153175,43,4,,0,100,,153176,43,4,,0,100,,153177,43,4,,0,100,,153178,43,4,,0,100,,153179,43,4,,0,100,,153180,43,4,,0,100,,153181,43,4,,0,100,,153182,43,4,,0
681500,'1803_merged_15529708',1915,,153186,33,4,,0,100,,153185,33,4,,0,100,,153184,33,4,,0,100,,153183,33,4,,0
681500,'1_merged_15529700',455,,153208,33,4,,0,90,,153189,33,4,,0,70,,153207,33,4,,0,30,,153188,33,4,,0,70,,153206,33,4,,0,30,,153187,33,4,,0,70,,153205,33,4,,0,100,,153204,33,4,,0,100,,153203,33,4,,0,100,,153202,33,4,,0,100,,153201,33,4,,0,100,,153200,33,4,,0,100,,153199,33,4,,0,100,,153198,33,4,,0,100,,153197,33,4,,0,100,,153196,33,4,,0,100,,153195,33,4,,0,100,,153194,33,4,,0,100,,153193,33,4,,0,100,,153192,33,4,,0,100,,153191,33,4,,0,100,,153190,33,4,,0
681500,'2_merged_15529702',815,,153209,33,4,,0,100,,153210,33,4,,0,100,,153211,33,4,,0,100,,153212,33,4,,0,100,,153213,33,4,,0,100,,153214,33,4,,0,100,,153215,33,4,,0,100,,153216,33,4,,0,100,,153217,33,4,,0,100,,153218,33,4,,0,100,,153219,33,4,,0,100,,153220,33,4,,0,100,,153221,33,4,,0,100,,153222,33,4,,0,100,,153223,33,4,,0,100,,153224,33,4,,0
681500,'3_merged_15529701',915,,153230,33,4,,0,100,,153229,33,4,,0,100,,153228,33,4,,0,100,,153227,33,4,,0,100,,153226,33,4,,0,100,,153225,33,4,,0,100,,153234,33,4,,0,100,,153233,33,4,,0,100,,153231,33,4,,0,100,,153232,33,4,,0
681501,'1803_merged_15529708',1830,,153238,1,,,0,100,,153237,1,,,0,100,,153236,1,,,0,100,,153235,1,,,0
681501,'1_merged_15529700',530,,153241,1,,,0,100,,153240,1,,,0,100,,153239,1,,,0,100,,153242,1,,,0,100,,153256,1,,,0,100,,153255,1,,,0,100,,153254,1,,,0,100,,153253,1,,,0,100,,153252,1,,,0,100,,153251,1,,,0,100,,153250,1,,,0,100,,153249,1,,,0,100,,153248,1,,,0,100,,153247,1,,,0,100,,153246,1,,,0,100,,153245,1,,,0,100,,153244,1,,,0,100,,153243,1,,,0
681501,'2_merged_15529702',830,,153257,1,,,0,100,,153258,1,,,0,100,,153259,1,,,0,100,,153260,1,,,0,100,,153261,1,,,0,100,,153262,1,,,0,100,,153263,1,,,0,100,,153264,1,,,0,100,,153265,1,,,0,100,,153266,1,,,0,100,,153267,1,,,0,100,,153268,1,,,0,100,,153269,1,,,0,100,,153270,1,,,0,100,,153271,1,,,0
681501,'3_merged_15529701',930,,153277,1,,,0,100,,153276,1,,,0,100,,153275,1,,,0,100,,153274,1,,,0,100,,153273,1,,,0,100,,153272,1,,,0,100,,153280,1,,,0,100,,153279,1,,,0,100,,153278,1,,,0
681600,'1_merged_15529700',700,,153295,1,,,0,100,,153294,1,,,0,100,,153293,1,,,0,100,,153292,1,,,0,100,,153291,1,,,0,100,,153290,1,,,0,100,,153289,1,,,0,100,,153288,1,,,0,100,,153286,1,,,0,100,,153285,1,,,0,100,,153284,1,,,0,100,,153283,1,,,0,100,,153282,1,,,0,100,,153281,1,,,0,100,,153287,1,,,0
681600,'2_merged_15529702',900,,153296,1,,,0,100,,153297,1,,,0,100,,153298,1,,,0,100,,153299,1,,,0,100,,153300,1,,,0,100,,153301,1,,,0,100,,153302,1,,,0,100,,153303,1,,,0,100,,153304,1,,,0,100,,153305,1,,,0,100,,153306,1,,,0,100,,153307,1,,,0,100,,153308,1,,,0
681600,'3_merged_15529701',900,,153311,1,,,0,100,,153310,1,,,0,100,,153309,1,,,0,100,,153318,1,,,0,100,,153317,1,,,0,100,,153316,1,,,0,100,,153315,1,,,0,100,,153314,1,,,0,100,,153313,1,,,0,100,,153312,1,,,0
681601,'1_merged_15529700',805,,153325,33,4,,0,100,,153324,33,4,,0,100,,153323,33,4,,0,100,,153322,33,4,,0,100,,153321,33,4,,0,100,,153320,33,4,,0,100,,153319,33,4,,0,100,,153333,33,4,,0,100,,153332,33,4,,0,100,,153331,33,4,,0,100,,153330,33,4,,0,100,,153329,33,4,,0,100,,153328,33,4,,0,100,,153327,33,4,,0,100,,153326,33,4,,0
681601,'2_merged_15529702',1005,,153334,33,4,,0,100,,153335,33,4,,0,100,,153336,33,4,,0,100,,153337,33,4,,0,100,,153338,33,4,,0,100,,153339,33,4,,0,100,,153340,33,4,,0,100,,153341,33,4,,0,100,,153342,33,4,,0,100,,153343,33,4,,0,100,,153344,33,4,,0,100,,153345,33,4,,0,98,,153346,33,4,,0
681601,'3_merged_15529701',1003,,153355,33,4,,0,100,,153354,33,4,,0,100,,153353,33,4,,0,100,,153352,33,4,,0,100,,153356,33,4,,0,100,,153351,33,4,,0,100,,153350,33,4,,0,100,,153349,33,4,,0,100,,153348,33,4,,0,100,,153347,33,4,,0
3182000,'1803_merged_15529708',1812,,166526,25,4,,0,100,,166527,25,4,,0,95,,166528,25,4,,0,100,,166529,25,4,,0
3182000,'1_merged_15529700',713,,166561,25,4,,0,29,,166560,25,4,,0,72,,166559,25,4,,0,28,,166558,25,4,,0,70,,166557,25,4,,0,30,,166556,25,4,,0,70,,166555,25,4,,0,30,,166554,25,4,,0,70,,166553,25,4,,0,30,,166552,25,4,,0,70,,166551,25,4,,0,30,,166550,25,4,,0,70,,166549,25,4,,0,30,,166548,25,4,,0,70,,166547,25,4,,0,30,,166546,25,4,,0,70,,166545,25,4,,0,30,,166544,25,4,,0,70,,166543,25,4,,0,30,,166542,25,4,,0,70,,166541,25,4,,0,30,,166540,25,4,,0,70,,166539,25,4,,0,30,,166538,25,4,,0,70,,166537,25,4,,0,30,,166536,25,4,,0,70,,166535,25,4,,0,30,,166534,25,4,,0,70,,166533,25,4,,0,30,,166532,25,4,,0,70,,166531,25,4,,0,40,,166530,25,4,,0
3182000,'2_merged_15529702',812,,166562,25,4,,0,30,,166563,25,4,,0,70,,166564,25,4,,0,30,,166565,25,4,,0,70,,166566,25,4,,0,30,,166567,25,4,,0,70,,166568,25,4,,0,30,,166569,25,4,,0,70,,166570,25,4,,0,30,,166571,25,4,,0,70,,166572,25,4,,0,30,,166573,25,4,,0,70,,166574,25,4,,0,30,,166575,25,4,,0,70,,166576,25,4,,0,30,,166577,25,4,,0,70,,166578,25,4,,0,30,,166579,25,4,,0,70,,166580,25,4,,0,30,,166581,25,4,,0,70,,166582,25,4,,0,30,,166583,25,4,,0,70,,166584,25,4,,0,30,,166585,25,4,,0,70,,166586,25,4,,0,30,,166587,25,4,,0,70,,166588,25,4,,0,30,,166589,25,4,,0
3182000,'32603_merged_15529692',1812,,166590,25,4,,0,100,,166591,25,4,,0,95,,166592,25,4,,0,100,,166593,25,4,,0
3182000,'3_merged_15529701',912,,166594,25,4,,0,30,,166595,25,4,,0,70,,166596,25,4,,0,30,,166597,25,4,,0,70,,166598,25,4,,0,30,,166599,25,4,,0,70,,166600,25,4,,0,30,,166601,25,4,,0,70,,166602,25,4,,0,30,,166603,25,4,,0,70,,166604,25,4,,0,30,,166605,25,4,,0,70,,166606,25,4,,0,30,,166607,25,4,,0,70,,166608,25,4,,0,30,,166609,25,4,,0,70,,166610,25,4,,0,30,,166611,25,4,,0,100,,166612,25,4,,0,95,,166613,25,4,,0,100,,166614,25,4,,0,100,,166615,25,4,,0
3182001,'1_merged_15529700',612,,166647,1,,,0,28,,166646,1,,,0,70,,166645,1,,,0,30,,166644,1,,,0,70,,166643,1,,,0,30,,166642,1,,,0,70,,166641,1,,,0,30,,166640,1,,,0,70,,166639,1,,,0,30,,166638,1,,,0,70,,166637,1,,,0,30,,166636,1,,,0,70,,166635,1,,,0,30,,166634,1,,,0,70,,166633,1,,,0,30,,166632,1,,,0,70,,166631,1,,,0,30,,166630,1,,,0,70,,166629,1,,,0,30,,166628,1,,,0,70,,166627,1,,,0,30,,166626,1,,,0,70,,166625,1,,,0,30,,166624,1,,,0,70,,166623,1,,,0,30,,166622,1,,,0,70,,166621,1,,,0,30,,166620,1,,,0,70,,166619,1,,,0,30,,166618,1,,,0,70,,166617,1,,,0,40,,166616,1,,,0
3182001,'2_merged_15529702',710,,166648,1,,,0,30,,166649,1,,,0,70,,166650,1,,,0,30,,166651,1,,,0,70,,166652,1,,,0,30,,166653,1,,,0,70,,166654,1,,,0,30,,166655,1,,,0,70,,166656,1,,,0,30,,166657,1,,,0,70,,166658,1,,,0,30,,166659,1,,,0,70,,166660,1,,,0,30,,166661,1,,,0,70,,166662,1,,,0,30,,166663,1,,,0,70,,166664,1,,,0,30,,166665,1,,,0,70,,166666,1,,,0,30,,166667,1,,,0,70,,166668,1,,,0,30,,166669,1,,,0,70,,166670,1,,,0,30,,166671,1,,,0,70,,166672,1,,,0,30,,166673,1,,,0,70,,166674,1,,,0,30,,166675,1,,,0
3182001,'3_merged_15529701',810,,166676,1,,,0,30,,166677,1,,,0,70,,166678,1,,,0,30,,166679,1,,,0,70,,166680,1,,,0,30,,166681,1,,,0,70,,166682,1,,,0,30,,166683,1,,,0,70,,166684,1,,,0,30,,166685,1,,,0,70,,166686,1,,,0,30,,166687,1,,,0,70,,166688,1,,,0,30,,166689,1,,,0,70,,166690,1,,,0,30,,166691,1,,,0,70,,166692,1,,,0,30,,166693,1,,,0,70,,166694,1,,,0,30,,166695,1,,,0,70,,166696,1,,,0,30,,166697,1,,,0,70,,166698,1,,,0,30,,166699,1,,,0,70,,166700,1,,,0,30,,166701,1,,,0
3404400,'1_merged_15529700',635,,168304,1,,,0,100,,168303,1,,,0,100,,168302,1,,,0,100,,168301,1,,,0,100,,168300,1,,,0,100,,168299,1,,,0,100,,168298,1,,,0,100,,168297,1,,,0,100,,168296,1,,,0,100,,168295,1,,,0,100,,168294,1,,,0,100,,168293,1,,,0,100,,168292,1,,,0,100,,168291,1,,,0,100,,168290,1,,,0,100,,168289,1,,,0,100,,168288,1,,,0,100,,168305,1,,,0
3404400,'2_merged_15529702',735,,168306,1,,,0,100,,168307,1,,,0,100,,168308,1,,,0,100,,168309,1,,,0,100,,168310,1,,,0,100,,168311,1,,,0,100,,168312,1,,,0,100,,168313,1,,,0,100,,168314,1,,,0,100,,168315,1,,,0,100,,168316,1,,,0,100,,168317,1,,,0,100,,168318,1,,,0,100,,168319,1,,,0,100,,168320,1,,,0,100,,168321,1,,,0,100,,168322,1,,,0
3404400,'3_merged_15529701',835,,168323,1,,,0,100,,168324,1,,,0,100,,168325,1,,,0,100,,168326,1,,,0,100,,168327,1,,,0,100,,168328,1,,,0,100,,168329,1,,,0,100,,168330,1,,,0,100,,168331,1,,,0,100,,168332,1,,,0,100,,168333,1,,,0,100,,168334,1,,,0,100,,168335,1,,,0,100,,168336,1,,,0,100,,168337,1,,,0,100,,168338,1,,,0
3404401,'1_merged_15529700',655,,168356,31,4,,0,95,,168355,31,4,,0,105,,168354,31,4,,0,100,,168353,31,4,,0,100,,168352,31,4,,0,100,,168351,31,4,,0,100,,168350,31,4,,0,100,,168349,31,4,,0,100,,168348,31,4,,0,103,,168347,31,4,,0,97,,168346,31,4,,0,100,,168345,31,4,,0,100,,168344,31,4,,0,100,,168343,31,4,,0,100,,168342,31,4,,0,100,,168341,31,4,,0,100,,168340,31,4,,0,100,,168339,31,4,,0
3404401,'2_merged_15529702',755,,168357,31,4,,0,100,,168358,31,4,,0,100,,168359,31,4,,0,100,,168360,31,4,,0,100,,168361,31,4,,0,100,,168362,31,4,,0,100,,168363,31,4,,0,100,,168364,31,4,,0,100,,168365,31,4,,0,100,,168366,31,4,,0,100,,168367,31,4,,0,100,,168368,31,4,,0,100,,168369,31,4,,0,100,,168370,31,4,,0,100,,168371,31,4,,0,100,,168372,31,4,,0,100,,168373,31,4,,0
3404401,'3_merged_15529701',855,,168374,31,4,,0,100,,168375,31,4,,0,100,,168376,31,4,,0,100,,168377,31,4,,0,100,,168378,31,4,,0,100,,168379,31,4,,0,100,,168380,31,4,,0,100,,168381,31,4,,0,100,,168382,31,4,,0,100,,168383,31,4,,0,100,,168384,31,4,,0,100,,168385,31,4,,0,100,,168386,31,4,,0,100,,168387,31,4,,0,100,,168388,31,4,,0,100,,168389,31,4,,0
3404500,'101_merged_15529707',814,,168390,1,0,101 102,0
3404500,'1_merged_15529700',605,,168408,1,,,0,100,,168406,1,,,0,100,,168405,1,,,0,100,,168404,1,,,0,100,,168403,1,,,0,100,,168402,1,,,0,100,,168401,1,,,0,100,,168400,1,,,0,100,,168399,1,,,0,103,,168398,1,,,0,97,,168397,1,,,0,100,,168396,1,,,0,100,,168395,1,,,0,100,,168394,1,,,0,100,,168393,1,,,0,100,,168392,1,,,0,100,,168391,1,,,0,100,,168407,1,,,0
3404500,'2_merged_15529702',705,,168409,1,,,0,100,,168410,1,,,0,100,,168411,1,,,0,100,,168412,1,,,0,100,,168413,1,,,0,100,,168414,1,,,0,100,,168415,1,,,0,100,,168416,1,,,0,100,,168417,1,,,0,100,,168418,1,,,0,100,,168419,1,,,0,100,,168420,1,,,0,100,,168421,1,,,0,100,,168422,1,,,0,100,,168423,1,,,0,100,,168424,1,,,0,100,,168425,1,,,0
3404500,'3_merged_15529701',805,,168440,1,,,0,100,,168439,1,,,0,100,,168438,1,,,0,100,,168437,1,,,0,100,,168436,1,,,0,100,,168435,1,,,0,100,,168434,1,,,0,100,,168433,1,,,0,100,,168432,1,,,0,100,,168431,1,,,0,100,,168430,1,,,0,100,,168429,1,,,0,100,,168428,1,,,0,100,,168427,1,,,0,100,,168426,1,,,0,100,,168441,1,,,0
3404501,'1_merged_15529700',725,,168458,34,4,,0,100,,168457,34,4,,0,100,,168456,34,4,,0,100,,168455,34,4,,0,100,,168454,34,4,,0,100,,168453,34,4,,0,100,,168452,34,4,,0,100,,168451,34,4,,0,100,,168450,34,4,,0,100,,168449,34,4,,0,100,,168448,34,4,,0,100,,168447,34,4,,0,100,,168446,34,4,,0,100,,168445,34,4,,0,100,,168444,34,4,,0,95,,168443,34,4,,0,105,,168442,34,4,,0,100,,168459,34,4,,0
3404501,'2_merged_15529702',825,,168460,34,4,,0,100,,168461,34,4,,0,100,,168462,34,4,,0,100,,168463,34,4,,0,100,,168464,34,4,,0,100,,168465,34,4,,0,100,,168466,34,4,,0,100,,168467,34,4,,0,100,,168468,34,4,,0,100,,168469,34,4,,0,100,,168470,34,4,,0,100,,168471,34,4,,0,100,,168472,34,4,,0,100,,168473,34,4,,0,100,,168474,34,4,,0,100,,168475,34,4,,0,100,,168476,34,4,,0
3404501,'3_merged_15529701',925,,168482,34,4,,0,100,,168481,34,4,,0,100,,168480,34,4,,0,100,,168479,34,4,,0,100,,168478,34,4,,0,100,,168477,34,4,,0,100,,168490,34,4,,0,100,,168489,34,4,,0,100,,168483,34,4,,0,100,,168487,34,4,,0,100,,168486,34,4,,0,100,,168488,34,4,,0,100,,168485,34,4,,0,100,,168484,34,4,,0,100,,168491,34,4,,0,100,,168492,34,4,,0
5312700,'2_merged_15529702',854,,181206,27,4,,0,100,,181207,27,4,,0,100,,181208,27,4,,0,100,,181209,27,4,,0,100,,181210,27,4,,0,100,,181211,27,4,,0,100,,181212,27,4,,0,100,,181213,27,4,,0,100,,181214,27,4,,0,100,,181215,27,4,,0,100,,181216,27,4,,0,100,,181217,27,4,,0,100,,181218,27,4,,0
5312700,'3_merged_15529701',854,,181219,27,4,,0,100,,181220,27,4,,0,100,,181221,27,4,,0,100,,181222,27,4,,0,100,,181223,27,4,,0,100,,181224,27,4,,0,100,,181225,27,4,,0,100,,181226,27,4,,0,100,,181227,27,4,,0,100,,181228,27,4,,0,100,,181229,27,4,,0,100,,181230,27,4,,0,100,,181231,27,4,,0
5312701,'2_merged_15529702',800,,181232,1,,,0,100,,181233,1,,,0,100,,181234,1,,,0,100,,181235,1,,,0,100,,181236,1,,,0,100,,181237,1,,,0,100,,181238,1,,,0,100,,181239,1,,,0,100,,181240,1,,,0,100,,181241,1,,,0,100,,181242,1,,,0,100,,181243,1,,,0,100,,181244,1,,,0
5312701,'3_merged_15529701',800,,181245,1,,,0,100,,181246,1,,,0,100,,181247,1,,,0,100,,181248,1,,,0,100,,181249,1,,,0,100,,181250,1,,,0,100,,181251,1,,,0,100,,181252,1,,,0,100,,181253,1,,,0,100,,181254,1,,,0,100,,181255,1,,,0,100,,181256,1,,,0,100,,181257,1,,,0
