674500,'101_merged_15529707',1521,,150151,24,4,,0
674500,'1_merged_15529700',1712,,150152,24,4,,0,35,,150153,24,4,,0,67,,150154,24,4,,0,33,,150155,24,4,,0,77,,150156,24,4,,0
674501,'101_merged_15529707',1448,,150157,1,0,91 92,0
674501,'1_merged_15529700',1640,,150158,1,0,91 92,0,81,,150159,1,0,91 92,0,29,,150160,1,0,91 92,0,73,,150161,1,0,91 92,0,77,,150162,1,0,91 92,0
674600,'1_merged_15529700',554,,150163,12,4,,0,70,,150164,12,4,,0,18,,150165,12,4,,0,58,,150166,12,4,,0,18,,150167,12,4,,0,35,,150168,12,4,,0
674601,'1_merged_15529700',535,,150169,1,0,91 92,0,70,,150170,1,0,91 92,0,18,,150171,1,0,91 92,0,16,,150172,1,0,91 92,0,18,,150173,1,0,91 92,0,75,,150174,1,0,91 92,0
682301,'1_merged_15529700',745,,154844,1,,,0,70,,154828,1,,,0,30,,154829,1,,,0,70,,154830,1,,,0,30,,154831,1,,,0,70,,154832,1,,,0,30,,154833,1,,,0,70,,154834,1,,,0,30,,154835,1,,,0,70,,154837,1,,,0,30,,154838,1,,,0,70,,154839,1,,,0,25,,154840,1,,,0,70,,154841,1,,,0,45,,154836,1,,,0,65,,154842,1,,,0,25,,154824,1,,,0,70,,154843,1,,,0,30,,154845,1,,,0,70,,154846,1,,,0,30,,154826,1,,,0,70,,154825,1,,,0,30,,154827,1,,,0
682301,'2_merged_15529702',845,,154867,1,,,0,70,,154866,1,,,0,30,,154865,1,,,0,70,,154864,1,,,0,30,,154863,1,,,0,70,,154862,1,,,0,30,,154861,1,,,0,70,,154847,1,,,0,30,,154860,1,,,0,70,,154859,1,,,0,30,,154858,1,,,0,70,,154857,1,,,0,30,,154856,1,,,0,70,,154855,1,,,0,30,,154854,1,,,0,70,,154853,1,,,0,30,,154852,1,,,0,70,,154850,1,,,0,30,,154851,1,,,0,70,,154849,1,,,0,30,,154848,1,,,0
682301,'3_merged_15529701',845,,154868,1,,,0,80,,154869,1,,,0,80,,154870,1,,,0,40,,154871,1,,,0,80,,154872,1,,,0,80,,154873,1,,,0,40,,154874,1,,,0,80,,154875,1,,,0,80,,154876,1,,,0,40,,154877,1,,,0,80,,154878,1,,,0,80,,154879,1,,,0,40,,154880,1,,,0,80,,154881,1,,,0,80,,154882,1,,,0,40,,154883,1,,,0
682500,'1_merged_15529700',809,,154886,1,,,0,26,,154887,1,,,0,70,,154888,1,,,0,30,,154889,1,,,0,70,,154891,1,,,0,30,,154892,1,,,0,70,,154893,1,,,0,30,,154890,1,,,0,70,,154894,1,,,0,30,,154895,1,,,0,70,,154896,1,,,0,30,,154897,1,,,0,70,,154898,1,,,0,30,,154899,1,,,0,70,,154901,1,,,0,30,,154902,1,,,0,70,,154903,1,,,0,30,,154904,1,,,0,70,,154906,1,,,0,30,,154905,1,,,0,70,,154884,1,,,0,30,,154900,1,,,0,70,,154885,1,,,0
682500,'2_merged_15529702',910,,154913,1,,,0,30,,154912,1,,,0,70,,154911,1,,,0,30,,154910,1,,,0,70,,154909,1,,,0,30,,154908,1,,,0,70,,154907,1,,,0,30,,154927,1,,,0,70,,154926,1,,,0,30,,154925,1,,,0,70,,154924,1,,,0,30,,154923,1,,,0,70,,154922,1,,,0,30,,154921,1,,,0,70,,154920,1,,,0,30,,154919,1,,,0,70,,154918,1,,,0,30,,154917,1,,,0,70,,154916,1,,,0,30,,154915,1,,,0,70,,154914,1,,,0
682500,'3_merged_15529701',940,,154928,1,,,0,80,,154929,1,,,0,80,,154930,1,,,0,40,,154931,1,,,0,80,,154932,1,,,0,80,,154933,1,,,0,40,,154934,1,,,0,80,,154935,1,,,0,80,,154936,1,,,0,40,,154937,1,,,0,80,,154938,1,,,0,80,,154939,1,,,0,40,,154940,1,,,0,80,,154941,1,,,0
682501,'1_merged_15529700',828,,154951,17,4,,0,26,,154952,14,4,,0,71,,154953,17,4,,0,29,,154954,14,4,,0,70,,154955,17,4,,0,30,,154956,14,4,,0,69,,154957,17,4,,0,31,,154958,14,4,,0,70,,154959,17,4,,0,30,,154960,14,4,,0,71,,154961,17,4,,0,29,,154942,14,4,,0,70,,154943,17,4,,0,30,,154944,14,4,,0,71,,154945,17,4,,0,29,,154946,14,4,,0,70,,154947,17,4,,0,30,,154962,14,4,,0,70,,154964,17,4,,0,31,,154963,14,4,,0,70,,154948,17,4,,0,29,,154950,14,4,,0,70,,154949,17,4,,0
682501,'2_merged_15529702',928,,154981,17,4,,0,30,,154980,14,4,,0,71,,154979,17,4,,0,30,,154978,14,4,,0,69,,154977,17,4,,0,31,,154976,14,4,,0,70,,154975,17,4,,0,28,,154982,14,4,,0,72,,154974,17,4,,0,28,,154973,14,4,,0,72,,154972,17,4,,0,30,,154971,14,4,,0,69,,154970,17,4,,0,31,,154969,14,4,,0,70,,154965,17,4,,0,30,,154968,14,4,,0,69,,154967,17,4,,0,31,,154966,14,4,,0,69,,154985,17,4,,0,30,,154984,14,4,,0,71,,154983,17,4,,0
682501,'3_merged_15529701',959,,154986,17,4,,0,80,,154987,17,4,,0,81,,154988,17,4,,0,80,,154989,17,4,,0,40,,154990,17,4,,0,80,,154991,17,4,,0,80,,154992,17,4,,0,40,,154993,17,4,,0,79,,154994,17,4,,0,40,,154995,17,4,,0,80,,154996,17,4,,0,80,,154997,17,4,,0,40,,154998,17,4,,0,80,,154999,17,4,,0
