2263801,'1',451,,42628,32,,,0,70,,42629,32,,,0,22,,42630,32,,,0,16,,42631,32,,,0,54,,42632,32,,,0,14,,42633,32,,,0,13,,42634,32,,,0,14,,42635,32,,,0,53,,42636,32,,,0,17,,42637,32,,,0,8,,42638,32,,,0,21,,42639,32,,,0,55,,42640,32,,,0,16,,42641,32,,,0,12,,42642,32,,,0,64,,42643,32,,,0,30,,42644,32,,,0,71,,42645,32,,,0,28,,42646,32,,,0,30,,42647,32,,,0,70,,42648,32,,,0,30,,42649,32,,,0,70,,42650,32,,,0,30,,42651,32,,,0,70,,42652,32,,,0,30,,42653,32,,,0,72,,42654,32,,,0,20,,42666,32,,,0,65,,42655,32,,,0,20,,42656,32,,,0,20,,42657,32,,,0,77,,42658,32,,,0,15,,42659,32,,,0,55,,42660,32,,,0,15,,42661,32,,,0,14,,42662,32,,,0,13,,42663,32,,,0,14,,42610,32,,,0,58,,42619,32,,,0,20,,42617,32,,,0,20,,42618,32,,,0,69,,42665,32,,,0,19,,42612,32,,,0,56,,42664,32,,,0,25,,42627,32,,,0,22,,42611,32,,,0,69,,42620,32,,,0,29,,42621,32,,,0,70,,42622,32,,,0,29,,42613,32,,,0,70,,42625,32,,,0,20,,42626,32,,,0,69,,42614,32,,,0,28,,42624,32,,,0,69,,42615,32,,,0,30,,42623,32,,,0,70,,42616,32,,,0
2263801,'101',1621,,42667,32,,,0
2263801,'2',555,,42668,32,,,0,70,,42669,32,,,0,30,,42670,32,,,0,72,,42671,32,,,0,31,,42672,32,,,0,70,,42673,32,,,0,72,,42674,32,,,0,30,,42675,32,,,0,70,,42676,32,,,0,32,,42677,32,,,0,70,,42678,32,,,0,32,,42679,32,,,0,70,,42680,32,,,0,31,,42681,32,,,0,71,,42682,32,,,0,30,,42683,32,,,0,70,,42684,32,,,0,30,,42685,32,,,0,70,,42686,32,,,0,30,,42687,32,,,0,70,,42688,32,,,0,29,,42689,32,,,0,70,,42690,32,,,0,29,,42691,32,,,0,69,,42692,32,,,0,27,,42693,32,,,0,70,,42694,32,,,0,28,,42695,32,,,0,30,,42696,32,,,0,65,,42697,32,,,0,29,,42698,32,,,0,70,,42699,32,,,0,30,,42700,32,,,0,68,,42701,32,,,0,30,,42702,32,,,0,69,,42703,32,,,0,30,,42704,32,,,0,68,,42705,32,,,0,30,,42706,32,,,0,76,,42707,32,,,0
2263801,'201',1621,,42708,32,,,0
2263801,'3',706,,42714,32,,,0,30,,42715,32,,,0,70,,42713,32,,,0,30,,42719,32,,,0,71,,42720,32,,,0,30,,42721,32,,,0,73,,42725,32,,,0,30,,42726,32,,,0,70,,42727,32,,,0,30,,42728,32,,,0,70,,42709,32,,,0,31,,42710,32,,,0,71,,42711,32,,,0,30,,42729,32,,,0,70,,42730,32,,,0,30,,42731,32,,,0,70,,42732,32,,,0,30,,42733,32,,,0,70,,42734,32,,,0,30,,42735,32,,,0,68,,42736,32,,,0,30,,42737,32,,,0,70,,42716,32,,,0,30,,42739,32,,,0,70,,42740,32,,,0,27,,42741,32,,,0,69,,42742,32,,,0,30,,42743,32,,,0,70,,42744,32,,,0,29,,42745,32,,,0,75,,42712,32,,,0,29,,42717,32,,,0,70,,42718,32,,,0,28,,42722,32,,,0,70,,42723,32,,,0,29,,42724,32,,,0,70,,42738,32,,,0
3004600,'1',449,,45407,30,,,0,74,,45408,30,,,0,17,,45409,30,,,0,19,,45405,30,,,0,52,,45437,30,,,0,16,,45438,30,,,0,15,,45439,30,,,0,16,,45440,30,,,0,52,,45406,30,,,0,20,,45433,30,,,0,17,,45434,30,,,0,54,,45435,30,,,0,18,,45436,30,,,0,16,,45404,30,,,0,19,,45457,30,,,0,60,,45441,30,,,0,18,,45442,30,,,0,25,,45443,30,,,0,70,,45444,30,,,0,30,,45445,30,,,0,71,,45446,30,,,0,30,,45447,30,,,0,71,,45448,30,,,0,29,,45449,30,,,0,71,,45450,30,,,0,30,,45451,30,,,0,70,,45452,30,,,0,74,,45453,30,,,0,30,,45454,30,,,0,22,,45456,30,,,0,54,,45455,30,,,0,15,,45401,30,,,0,29,,45430,30,,,0,54,,45431,30,,,0,19,,45432,30,,,0,12,,45402,30,,,0,17,,45424,30,,,0,53,,45425,30,,,0,13,,45426,30,,,0,14,,45427,30,,,0,20,,45428,30,,,0,65,,45429,30,,,0,20,,45403,30,,,0,65,,45422,30,,,0,23,,45423,30,,,0,25,,45410,30,,,0,70,,45411,30,,,0,30,,45421,30,,,0,70,,45412,30,,,0,30,,45413,30,,,0,70,,45420,30,,,0,30,,45414,30,,,0,69,,45415,30,,,0,30,,45419,30,,,0,70,,45416,30,,,0,30,,45417,30,,,0,70,,45418,30,,,0
3004600,'101',1636,,45458,30,,,0
3004600,'2',558,,45483,30,,,0,70,,45484,30,,,0,30,,45485,30,,,0,71,,45486,30,,,0,30,,45487,30,,,0,71,,45488,30,,,0,73,,45489,30,,,0,30,,45490,30,,,0,70,,45499,30,,,0,31,,45500,30,,,0,70,,45459,30,,,0,32,,45460,30,,,0,70,,45461,30,,,0,30,,45462,30,,,0,71,,45463,30,,,0,30,,45464,30,,,0,70,,45465,30,,,0,30,,45466,30,,,0,70,,45467,30,,,0,30,,45468,30,,,0,69,,45469,30,,,0,30,,45470,30,,,0,70,,45471,30,,,0,29,,45491,30,,,0,70,,45472,30,,,0,30,,45473,30,,,0,69,,45474,30,,,0,28,,45475,30,,,0,70,,45476,30,,,0,29,,45477,30,,,0,70,,45478,30,,,0,29,,45479,30,,,0,70,,45480,30,,,0,30,,45481,30,,,0,70,,45482,30,,,0,27,,45492,30,,,0,30,,45493,30,,,0,70,,45494,30,,,0,30,,45495,30,,,0,70,,45496,30,,,0,30,,45497,30,,,0,70,,45498,30,,,0
3004600,'201',1636,,45501,30,,,0
3004600,'3',558,,45518,30,,,0,70,,45520,30,,,0,30,,45521,30,,,0,72,,45522,30,,,0,70,,45523,30,,,0,33,,45524,30,,,0,70,,45525,30,,,0,30,,45526,30,,,0,70,,45527,30,,,0,30,,45528,30,,,0,70,,45529,30,,,0,30,,45530,30,,,0,70,,45531,30,,,0,30,,45532,30,,,0,70,,45533,30,,,0,32,,45534,30,,,0,70,,45535,30,,,0,30,,45536,30,,,0,70,,45537,30,,,0,30,,45538,30,,,0,70,,45539,30,,,0,30,,45540,30,,,0,70,,45541,30,,,0,30,,45519,30,,,0,70,,45504,30,,,0,30,,45505,30,,,0,67,,45506,30,,,0,29,,45507,30,,,0,70,,45508,30,,,0,29,,45502,30,,,0,70,,45503,30,,,0,28,,45509,30,,,0,30,,45510,30,,,0,70,,45511,30,,,0,30,,45512,30,,,0,69,,45513,30,,,0,30,,45514,30,,,0,70,,45515,30,,,0,30,,45516,30,,,0,70,,45517,30,,,0
3004901,'1',557,,46259,13,,,0,55,,46260,13,,,0,15,,46261,13,,,0,15,,46262,13,,,0,58,,46263,13,,,0,16,,46264,13,,,0,16,,46265,13,,,0,16,,46266,13,,,0,52,,46304,13,,,0,17,,46267,13,,,0,13,,46305,13,,,0,13,,46268,13,,,0,14,,46269,13,,,0,52,,46270,13,,,0,20,,46271,13,,,0,71,,46272,13,,,0,26,,46273,13,,,0,30,,46274,13,,,0,73,,46275,13,,,0,30,,46276,13,,,0,70,,46258,13,,,0,71,,46277,13,,,0,30,,46278,13,,,0,71,,46279,13,,,0,31,,46280,13,,,0,70,,46281,13,,,0,24,,46282,13,,,0,12,,46306,13,,,0,12,,46283,13,,,0,51,,46284,13,,,0,12,,46286,13,,,0,13,,46308,13,,,0,11,,46287,13,,,0,9,,46285,13,,,0,56,,46288,13,,,0,13,,46289,13,,,0,18,,46290,13,,,0,12,,46291,13,,,0,14,,46292,13,,,0,59,,46293,13,,,0,20,,46294,13,,,0,14,,46295,13,,,0,55,,46307,13,,,0,18,,46296,13,,,0,34,,46297,13,,,0,69,,46298,13,,,0,30,,46299,13,,,0,67,,46300,13,,,0,32,,46301,13,,,0,68,,46302,13,,,0,32,,46303,13,,,0,70,,46257,13,,,0
3004901,'2',558,,46309,13,,,0,70,,46315,13,,,0,30,,46316,13,,,0,71,,46317,13,,,0,30,,46318,13,,,0,73,,46320,13,,,0,70,,46321,13,,,0,30,,46322,13,,,0,73,,46323,13,,,0,30,,46324,13,,,0,71,,46325,13,,,0,28,,46326,13,,,0,70,,46327,13,,,0,29,,46328,13,,,0,70,,46329,13,,,0,30,,46330,13,,,0,71,,46331,13,,,0,30,,46332,13,,,0,69,,46333,13,,,0,30,,46334,13,,,0,69,,46335,13,,,0,31,,46336,13,,,0,20,,46345,13,,,0,58,,46337,13,,,0,20,,46338,13,,,0,20,,46346,13,,,0,59,,46339,13,,,0,20,,46340,13,,,0,20,,46347,13,,,0,61,,46341,13,,,0,20,,46344,13,,,0,19,,46348,13,,,0,58,,46342,13,,,0,20,,46343,13,,,0,30,,46319,13,,,0,68,,46310,13,,,0,30,,46311,13,,,0,67,,46312,13,,,0,30,,46313,13,,,0,70,,46314,13,,,0
3004901,'3',658,,46378,13,,,0,70,,46379,13,,,0,30,,46380,13,,,0,71,,46381,13,,,0,30,,46382,13,,,0,73,,46350,13,,,0,70,,46351,13,,,0,30,,46352,13,,,0,70,,46353,13,,,0,30,,46354,13,,,0,72,,46355,13,,,0,25,,46356,13,,,0,30,,46357,13,,,0,70,,46358,13,,,0,30,,46359,13,,,0,72,,46360,13,,,0,71,,46361,13,,,0,30,,46362,13,,,0,70,,46349,13,,,0,29,,46363,13,,,0,70,,46364,13,,,0,30,,46365,13,,,0,70,,46366,13,,,0,29,,46367,13,,,0,24,,46368,13,,,0,74,,46369,13,,,0,28,,46370,13,,,0,70,,46371,13,,,0,30,,46372,13,,,0,68,,46373,13,,,0,30,,46374,13,,,0,63,,46375,13,,,0,33,,46376,13,,,0,72,,46377,13,,,0
3058401,'1',550,,47433,14,,,0,70,,47434,14,,,0,32,,47422,14,,,0,66,,47454,14,,,0,18,,47455,14,,,0,18,,47435,14,,,0,63,,47436,14,,,0,15,,47456,14,,,0,22,,47437,14,,,0,73,,47438,14,,,0,26,,47439,14,,,0,63,,47440,14,,,0,30,,47441,14,,,0,70,,47442,14,,,0,35,,47443,14,,,0,69,,47444,14,,,0,28,,47445,14,,,0,70,,47446,14,,,0,33,,47447,14,,,0,71,,47448,14,,,0,34,,47449,14,,,0,67,,47450,14,,,0,34,,47451,14,,,0,70,,47452,14,,,0,78,,47453,14,,,0,21,,47423,14,,,0,77,,47432,14,,,0,37,,47424,14,,,0,67,,47431,14,,,0,21,,47425,14,,,0,74,,47430,14,,,0,27,,47426,14,,,0,30,,47429,14,,,0,71,,47427,14,,,0,27,,47428,14,,,0,100,,47457,14,,,0
3058401,'2',620,,47458,14,,,0,27,,47459,14,,,0,73,,47460,14,,,0,31,,47461,14,,,0,70,,47462,14,,,0,33,,47463,14,,,0,69,,47464,14,,,0,34,,47465,14,,,0,71,,47466,14,,,0,28,,47467,14,,,0,69,,47468,14,,,0,32,,47469,14,,,0,72,,47470,14,,,0,30,,47471,14,,,0,71,,47472,14,,,0,70,,47473,14,,,0,30,,47474,14,,,0,70,,47475,14,,,0,32,,47476,14,,,0,69,,47477,14,,,0,30,,47478,14,,,0,28,,47479,14,,,0,69,,47480,14,,,0,29,,47481,14,,,0,72,,47482,14,,,0,27,,47483,14,,,0,70,,47484,14,,,0,27,,47485,14,,,0,70,,47486,14,,,0,30,,47489,14,,,0,74,,47487,14,,,0,73,,47488,14,,,0,100,,47490,14,,,0,100,,47491,14,,,0
3058401,'3',759,,47492,14,,,0,72,,47493,14,,,0,70,,47494,14,,,0,31,,47495,14,,,0,70,,47496,14,,,0,32,,47497,14,,,0,71,,47498,14,,,0,34,,47499,14,,,0,68,,47503,14,,,0,33,,47504,14,,,0,69,,47505,14,,,0,30,,47506,14,,,0,72,,47507,14,,,0,28,,47508,14,,,0,65,,47509,14,,,0,30,,47510,14,,,0,70,,47511,14,,,0,30,,47512,14,,,0,70,,47513,14,,,0,31,,47514,14,,,0,69,,47515,14,,,0,30,,47516,14,,,0,69,,47517,14,,,0,29,,47518,14,,,0,69,,47519,14,,,0,33,,47500,14,,,0,70,,47501,14,,,0,28,,47502,14,,,0,72,,47520,14,,,0,98,,47521,14,,,0,100,,47522,14,,,0
