667700,'1',610,,79383,8,,,0,29,,79356,8,,,0,71,,79364,8,,,0,30,,79371,8,,,0,72,,79381,8,,,0,28,,79367,8,,,0,78,,79351,8,,,0,24,,79389,8,,,0,87,,79350,8,,,0,71,,79358,8,,,0,28,,79365,8,,,0,30,,79363,8,,,0,70,,79362,8,,,0,31,,79372,8,,,0,71,,79349,8,,,0,29,,79387,8,,,0,55,,79352,8,,,0,30,,79353,8,,,0,65,,79346,8,,,0,20,,79377,8,,,0,14,,79357,8,,,0,70,,79360,8,,,0,19,,79368,8,,,0,12,,79361,8,,,0,59,,79378,8,,,0,14,,79373,8,,,0,19,,79384,8,,,0,20,,79388,8,,,0,53,,79374,8,,,0,15,,79385,8,,,0,12,,79382,8,,,0,16,,79375,8,,,0,50,,79355,8,,,0,12,,79376,8,,,0,14,,79370,8,,,0,16,,79390,8,,,0,57,,79366,8,,,0,16,,79348,8,,,0,15,,79386,8,,,0,11,,79347,8,,,0,69,,79379,8,,,0,29,,79369,8,,,0,69,,79359,8,,,0,30,,79392,8,,,0,70,,79380,8,,,0,30,,79391,8,,,0,70,,79354,8,,,0
667700,'101',1602,,79343,8,,,0
667700,'1101',2513,,79344,8,,,0
667700,'1201',2513,,79345,8,,,0
667700,'2',644,,79420,8,,,0,66,,79421,8,,,0,30,,79400,8,,,0,70,,79428,8,,,0,30,,79429,8,,,0,72,,79396,8,,,0,30,,79426,8,,,0,69,,79403,8,,,0,32,,79434,8,,,0,71,,79398,8,,,0,28,,79433,8,,,0,71,,79435,8,,,0,30,,79401,8,,,0,70,,79399,8,,,0,32,,79438,8,,,0,56,,79409,8,,,0,20,,79436,8,,,0,22,,79394,8,,,0,59,,79419,8,,,0,19,,79425,8,,,0,22,,79424,8,,,0,59,,79418,8,,,0,20,,79395,8,,,0,20,,79402,8,,,0,60,,79417,8,,,0,24,,79437,8,,,0,19,,79404,8,,,0,60,,79416,8,,,0,23,,79430,8,,,0,20,,79427,8,,,0,64,,79415,8,,,0,16,,79408,8,,,0,15,,79405,8,,,0,15,,79423,8,,,0,56,,79414,8,,,0,29,,79431,8,,,0,73,,79422,8,,,0,28,,79406,8,,,0,69,,79411,8,,,0,30,,79410,8,,,0,70,,79432,8,,,0,30,,79413,8,,,0,69,,79397,8,,,0,32,,79412,8,,,0,66,,79407,8,,,0,36,,79393,8,,,0
667700,'3',813,,79456,8,,,0,30,,79450,8,,,0,70,,79459,8,,,0,29,,79449,8,,,0,69,,79457,8,,,0,30,,79448,8,,,0,69,,79458,8,,,0,31,,79439,8,,,0,69,,79460,8,,,0,32,,79447,8,,,0,69,,79443,8,,,0,32,,79455,8,,,0,70,,79462,8,,,0,31,,79454,8,,,0,13,,79476,8,,,0,70,,79463,8,,,0,15,,79453,8,,,0,17,,79475,8,,,0,69,,79466,8,,,0,16,,79452,8,,,0,15,,79474,8,,,0,71,,79464,8,,,0,13,,79451,8,,,0,16,,79473,8,,,0,71,,79461,8,,,0,14,,79446,8,,,0,57,,79472,8,,,0,27,,79441,8,,,0,15,,79445,8,,,0,59,,79471,8,,,0,25,,79440,8,,,0,17,,79444,8,,,0,68,,79442,8,,,0,30,,79470,8,,,0,71,,79467,8,,,0,30,,79469,8,,,0,71,,79465,8,,,0,34,,79468,8,,,0
667800,'1',537,,79634,8,,,0,15,,79636,8,,,0,73,,79638,8,,,0,21,,79650,8,,,0,55,,79618,8,,,0,13,,79614,8,,,0,15,,79653,8,,,0,13,,79627,8,,,0,17,,79654,8,,,0,72,,79647,8,,,0,26,,79624,8,,,0,73,,79652,8,,,0,72,,79646,8,,,0,26,,79620,8,,,0,30,,79625,8,,,0,69,,79639,8,,,0,30,,79656,8,,,0,70,,79629,8,,,0,31,,79619,8,,,0,68,,79621,8,,,0,32,,79630,8,,,0,71,,79644,8,,,0,30,,79626,8,,,0,59,,79655,8,,,0,22,,79659,8,,,0,19,,79660,8,,,0,54,,79643,8,,,0,17,,79649,8,,,0,16,,79658,8,,,0,57,,79616,8,,,0,12,,79645,8,,,0,18,,79657,8,,,0,11,,79631,8,,,0,61,,79632,8,,,0,10,,79613,8,,,0,10,,79642,8,,,0,10,,79615,8,,,0,10,,79617,8,,,0,60,,79633,8,,,0,14,,79622,8,,,0,30,,79628,8,,,0,70,,79641,8,,,0,30,,79623,8,,,0,78,,79640,8,,,0,30,,79635,8,,,0,97,,79637,8,,,0,99,,79648,8,,,0,100,,79651,8,,,0
667800,'2',602,,79664,2,,,0,24,,79670,8,,,0,30,,79662,8,,,0,70,,79683,8,,,0,30,,79663,8,,,0,72,,79694,8,,,0,30,,79693,8,,,0,70,,79685,8,,,0,30,,79695,8,,,0,69,,79691,8,,,0,30,,79667,8,,,0,70,,79665,8,,,0,28,,79661,8,,,0,74,,79666,8,,,0,29,,79668,8,,,0,70,,79696,8,,,0,31,,79669,8,,,0,69,,79679,8,,,0,29,,79686,8,,,0,70,,79675,8,,,0,30,,79687,8,,,0,73,,79676,8,,,0,29,,79688,8,,,0,70,,79677,8,,,0,30,,79692,8,,,0,70,,79680,8,,,0,30,,79689,8,,,0,70,,79671,8,,,0,30,,79690,8,,,0,70,,79673,8,,,0,30,,79681,8,,,0,68,,79697,8,,,0,17,,79672,8,,,0,70,,79684,8,,,0,30,,79682,8,,,0,100,,79678,8,,,0,100,,79674,8,,,0
667800,'3',756,,79723,2,,,0,69,,79722,8,,,0,31,,79726,8,,,0,70,,79721,8,,,0,28,,79706,8,,,0,63,,79720,8,,,0,30,,79705,8,,,0,71,,79719,8,,,0,37,,79724,8,,,0,73,,79718,8,,,0,72,,79725,8,,,0,29,,79717,8,,,0,30,,79702,8,,,0,71,,79716,8,,,0,70,,79699,8,,,0,30,,79715,8,,,0,70,,79700,8,,,0,30,,79714,8,,,0,70,,79698,8,,,0,30,,79713,8,,,0,70,,79707,8,,,0,29,,79712,8,,,0,71,,79701,8,,,0,30,,79711,8,,,0,70,,79704,8,,,0,30,,79710,8,,,0,25,,79708,8,,,0,92,,79703,8,,,0,95,,79727,8,,,0,105,,79709,8,,,0,95,,79728,8,,,0
667901,'1',537,,79951,19,,,0,66,,79952,19,,,0,27,,79966,19,,,0,71,,79953,19,,,0,25,,79965,19,,,0,79,,79945,19,,,0,31,,79969,19,,,0,74,,79960,19,,,0,24,,79940,19,,,0,70,,79959,19,,,0,31,,79938,19,,,0,74,,79968,19,,,0,31,,79941,19,,,0,68,,79956,19,,,0,28,,79947,19,,,0,70,,79955,19,,,0,30,,79946,19,,,0,70,,79958,19,,,0,32,,79962,19,,,0,73,,79944,19,,,0,31,,79961,19,,,0,67,,79939,19,,,0,32,,79970,19,,,0,68,,79964,19,,,0,31,,79954,19,,,0,69,,79950,19,,,0,26,,79943,19,,,0,77,,79949,19,,,0,27,,79942,19,,,0,65,,79937,19,,,0,33,,79963,19,,,0,69,,79967,19,,,0,30,,79948,19,,,0,71,,79957,19,,,0
667901,'2',629,,80002,19,,,0,71,,79996,19,,,0,30,,79997,19,,,0,72,,79978,19,,,0,30,,79971,19,,,0,70,,79991,19,,,0,30,,79993,19,,,0,74,,79983,19,,,0,29,,79974,19,,,0,71,,79973,19,,,0,31,,79989,19,,,0,70,,79975,19,,,0,30,,79982,19,,,0,70,,79979,19,,,0,30,,79972,19,,,0,70,,79990,19,,,0,30,,80001,19,,,0,70,,79984,19,,,0,30,,79988,19,,,0,70,,79981,19,,,0,30,,79976,19,,,0,73,,79987,19,,,0,22,,79992,19,,,0,73,,80000,19,,,0,31,,79980,19,,,0,68,,79995,19,,,0,30,,79986,19,,,0,69,,79998,19,,,0,31,,79999,19,,,0,71,,79985,19,,,0,30,,79994,19,,,0,70,,79977,19,,,0
667901,'3',733,,80015,19,,,0,70,,80005,19,,,0,30,,80020,19,,,0,70,,80022,19,,,0,30,,80009,19,,,0,70,,80027,19,,,0,30,,80019,19,,,0,70,,80031,19,,,0,30,,80030,19,,,0,71,,80003,19,,,0,31,,80026,19,,,0,71,,80008,19,,,0,31,,80018,19,,,0,71,,80021,19,,,0,29,,80007,19,,,0,71,,80024,19,,,0,30,,80014,19,,,0,70,,80025,19,,,0,31,,80004,19,,,0,70,,80006,19,,,0,31,,80023,19,,,0,68,,80010,19,,,0,30,,80011,19,,,0,70,,80029,19,,,0,30,,80012,19,,,0,69,,80017,19,,,0,30,,80016,19,,,0,70,,80032,19,,,0,30,,80013,19,,,0,68,,80028,19,,,0
668300,'1',627,,80832,2,,,0,8,,80828,2,,,0,17,,80827,2,,,0,55,,80826,2,,,0,30,,80824,2,,,0,868,,80822,24,,,0,21,,80833,24,,,0,14,,80834,24,,,0,10,,80835,24,,,0,59,,80829,24,,,0,22,,80831,24,,,0,24,,80820,24,,,0,65,,80823,24,,,0,9,,80821,24,,,0,11,,80819,24,,,0,66,,80818,24,,,0,24,,80825,24,,,0,26,,80830,24,,,0
683700,'1',2533,,96928,35,,,0,20,,96927,35,,,0,60,,96923,35,,,0,29,,96926,35,,,0,74,,96925,35,,,0,19,,96924,35,,,0,68,,96922,35,,,0
683700,'1101',2653,,96920,35,,,0
683700,'1201',2653,,96921,35,,,0
683700,'2',520,,96937,9,,,0,2019,,96931,35,,,0,62,,96936,35,,,0,14,,96930,35,,,0,19,,96935,35,,,0,20,,96932,35,,,0,70,,96934,35,,,0,12,,96933,35,,,0,74,,96929,35,,,0
683700,'3',550,,96946,9,,,0,74,,96947,9,,,0,31,,96948,9,,,0,68,,96949,29,,,0,1688,,96942,35,,,0,32,,96941,35,,,0,70,,96940,35,,,0,38,,96939,35,,,0,71,,96938,35,,,0,24,,96945,35,,,0,88,,96944,35,,,0,25,,96943,35,,,0
