666200,'1',604,,18170,4,,0,21,,18169,4,,0,15,,18168,4,,0,16,,18167,4,,0,54,,18187,4,,0,15,,18166,4,,0,10,,18165,4,,0,21,,18164,4,,0,55,,18163,4,,0,19,,18188,4,,0,5,,18193,4,,0,9,,18162,4,,0,15,,18156,4,,0,54,,18155,4,,0,14,,18161,4,,0,15,,18189,4,,0,13,,18175,4,,0,60,,18160,4,,0,16,,18159,4,,0,20,,18174,4,,0,60,,18158,4,,0,20,,18157,4,,0,20,,18173,4,,0,60,,18154,4,,0,20,,18153,4,,0,21,,18172,4,,0,60,,18152,4,,0,20,,18151,4,,0,21,,18171,4,,0,60,,18150,4,,0,32,,18149,4,,0,64,,18148,4,,0,23,,18147,4,,0,7,,18146,4,,0,13,,18190,4,,0,62,,18145,4,,0,20,,18144,4,,0,15,,18191,4,,0,10,,18143,4,,0,60,,18183,4,,0,9,,18184,4,,0,18,,18192,4,,0,60,,18142,4,,0,16,,18182,4,,0,20,,18141,4,,0,64,,18140,4,,0,36,,18139,4,,0,69,,18176,4,,0,29,,18138,4,,0,69,,18186,4,,0,30,,18181,4,,0,70,,18194,4,,0,30,,18180,4,,0,70,,18195,4,,0,28,,18185,4,,0,70,,18196,4,,0,39,,18179,4,,0,62,,18177,4,,0,47,,18178,4,,0
666200,'101',1535,,18198,4,,0,24,,18197,4,,0
666200,'2',612,,18199,4,,0,30,,18200,4,,0,70,,18201,4,,0,30,,18202,4,,0,71,,18203,4,,0,32,,18204,4,,0,70,,18205,4,,0,30,,18206,4,,0,70,,18207,4,,0,30,,18208,4,,0,65,,18209,4,,0,30,,18210,4,,0,70,,18211,4,,0,33,,18212,4,,0,70,,18213,4,,0,30,,18214,4,,0,70,,18215,4,,0,30,,18216,4,,0,70,,18217,4,,0,29,,18218,4,,0,70,,18219,4,,0,30,,18220,4,,0,70,,18221,4,,0,30,,18222,4,,0,70,,18223,4,,0,30,,18224,4,,0,70,,18225,4,,0,34,,18226,4,,0,69,,18227,4,,0,30,,18228,4,,0,70,,18229,4,,0,30,,18230,4,,0,70,,18235,4,,0,35,,18233,4,,0,68,,18236,4,,0,30,,18234,4,,0,70,,18237,4,,0,98,,18231,4,,0,91,,18232,4,,0
666200,'201',1559,,18238,4,,0
666200,'3',744,,18268,4,,0,70,,18269,4,,0,30,,18270,4,,0,70,,18242,4,,0,30,,18241,4,,0,71,,18240,4,,0,30,,18239,4,,0,70,,18267,4,,0,31,,18266,4,,0,71,,18265,4,,0,30,,18264,4,,0,70,,18263,4,,0,30,,18262,4,,0,70,,18261,4,,0,30,,18260,4,,0,70,,18259,4,,0,30,,18258,4,,0,69,,18257,4,,0,30,,18256,4,,0,71,,18255,4,,0,30,,18254,4,,0,69,,18253,4,,0,29,,18252,4,,0,70,,18251,4,,0,30,,18250,4,,0,70,,18249,4,,0,29,,18248,4,,0,70,,18247,4,,0,30,,18243,4,,0,70,,18246,4,,0,29,,18271,4,,0,70,,18245,4,,0,30,,18272,4,,0,70,,18244,4,,0
666201,'1',530,,18330,,,0,13,,18319,,,0,67,,18318,,,0,21,,18317,,,0,15,,18316,,,0,55,,18315,,,0,15,,18323,,,0,14,,18314,,,0,15,,18303,,,0,55,,18313,,,0,15,,18324,,,0,15,,18312,,,0,10,,18329,,,0,9,,18311,,,0,56,,18310,,,0,10,,18325,,,0,10,,18278,,,0,15,,18309,,,0,60,,18284,,,0,20,,18277,,,0,20,,18308,,,0,60,,18307,,,0,20,,18276,,,0,20,,18306,,,0,60,,18305,,,0,20,,18275,,,0,20,,18304,,,0,60,,18283,,,0,20,,18274,,,0,30,,18302,,,0,60,,18301,,,0,20,,18273,,,0,20,,18300,,,0,60,,18299,,,0,15,,18279,,,0,15,,18320,,,0,12,,18326,,,0,58,,18298,,,0,15,,18297,,,0,15,,18296,,,0,17,,18327,,,0,50,,18295,,,0,20,,18282,,,0,13,,18294,,,0,15,,18328,,,0,58,,18293,,,0,16,,18281,,,0,22,,18285,,,0,69,,18292,,,0,30,,18291,,,0,70,,18290,,,0,30,,18289,,,0,70,,18331,,,0,30,,18280,,,0,70,,18332,,,0,26,,18288,,,0,74,,18333,,,0,30,,18287,,,0,87,,18286,,,0,79,,18322,,,0
666201,'2',555,,18335,,,0,68,,18336,,,0,32,,18337,,,0,70,,18338,,,0,30,,18339,,,0,70,,18340,,,0,28,,18341,,,0,72,,18342,,,0,30,,18343,,,0,70,,18344,,,0,75,,18345,,,0,30,,18346,,,0,70,,18347,,,0,30,,18348,,,0,70,,18349,,,0,30,,18350,,,0,70,,18351,,,0,30,,18352,,,0,70,,18353,,,0,30,,18354,,,0,70,,18355,,,0,30,,18356,,,0,70,,18357,,,0,30,,18358,,,0,70,,18359,,,0,30,,18360,,,0,25,,18361,,,0,70,,18362,,,0,30,,18363,,,0,70,,18364,,,0,30,,18365,,,0,70,,18370,,,0,30,,18366,,,0,70,,18371,,,0,75,,18368,,,0,30,,18372,,,0,75,,18369,,,0,124,,18367,,,0
666201,'3',655,,18408,,,0,70,,18403,,,0,30,,18404,,,0,70,,18387,,,0,30,,18380,,,0,70,,18386,,,0,30,,18385,,,0,70,,18384,,,0,30,,18383,,,0,70,,18382,,,0,30,,18381,,,0,70,,18374,,,0,30,,18379,,,0,70,,18378,,,0,30,,18377,,,0,70,,18376,,,0,30,,18375,,,0,70,,18373,,,0,30,,18402,,,0,70,,18401,,,0,30,,18400,,,0,70,,18399,,,0,30,,18398,,,0,70,,18397,,,0,30,,18396,,,0,70,,18395,,,0,30,,18394,,,0,70,,18393,,,0,30,,18389,,,0,70,,18392,,,0,30,,18405,,,0,73,,18391,,,0,31,,18406,,,0,69,,18390,,,0,30,,18407,,,0,72,,18388,,,0
666300,'1',531,,18452,4,,0,70,,18449,4,,0,31,,18410,4,,0,21,,18433,4,,0,64,,18434,4,,0,26,,18435,4,,0,60,,18436,4,,0,24,,18437,4,,0,20,,18438,4,,0,60,,18439,4,,0,18,,18440,4,,0,20,,18450,4,,0,58,,18441,4,,0,20,,18442,4,,0,15,,18451,4,,0,71,,18443,4,,0,30,,18444,4,,0,72,,18430,4,,0,30,,18445,4,,0,70,,18446,4,,0,30,,18447,4,,0,71,,18448,4,,0,33,,18414,4,,0,69,,18431,4,,0,25,,18415,4,,0,63,,18416,4,,0,20,,18417,4,,0,21,,18432,4,,0,15,,18418,4,,0,65,,18419,4,,0,19,,18420,4,,0,60,,18421,4,,0,17,,18413,4,,0,18,,18409,4,,0,18,,18422,4,,0,60,,18423,4,,0,15,,18424,4,,0,72,,18425,4,,0,28,,18426,4,,0,29,,18427,4,,0,70,,18428,4,,0,30,,18453,4,,0,70,,18429,4,,0,29,,18454,4,,0,70,,18412,4,,0,30,,18455,4,,0,70,,18411,4,,0
666300,'2',604,,18459,4,,0,25,,18460,4,,0,30,,18461,4,,0,70,,18462,4,,0,72,,18463,4,,0,28,,18464,4,,0,72,,18465,4,,0,35,,18466,4,,0,67,,18467,4,,0,31,,18468,4,,0,74,,18469,4,,0,30,,18470,4,,0,70,,18471,4,,0,30,,18472,4,,0,71,,18473,4,,0,30,,18474,4,,0,70,,18475,4,,0,30,,18476,4,,0,71,,18477,4,,0,30,,18478,4,,0,70,,18479,4,,0,30,,18480,4,,0,70,,18481,4,,0,30,,18482,4,,0,70,,18483,4,,0,30,,18484,4,,0,69,,18485,4,,0,27,,18486,4,,0,69,,18487,4,,0,30,,18488,4,,0,70,,18489,4,,0,28,,18490,4,,0,70,,18491,4,,0,30,,18456,4,,0,70,,18492,4,,0,30,,18458,4,,0,69,,18493,4,,0,30,,18457,4,,0
666300,'3',732,,18523,4,,0,70,,18524,4,,0,30,,18525,4,,0,70,,18518,4,,0,30,,18519,4,,0,70,,18504,4,,0,30,,18520,4,,0,70,,18521,4,,0,30,,18515,4,,0,70,,18522,4,,0,32,,18494,4,,0,71,,18495,4,,0,30,,18496,4,,0,70,,18497,4,,0,30,,18498,4,,0,70,,18499,4,,0,30,,18500,4,,0,70,,18501,4,,0,29,,18502,4,,0,70,,18503,4,,0,30,,18505,4,,0,70,,18506,4,,0,28,,18507,4,,0,70,,18508,4,,0,30,,18509,4,,0,70,,18510,4,,0,30,,18511,4,,0,68,,18512,4,,0,29,,18513,4,,0,30,,18526,4,,0,70,,18514,4,,0,30,,18527,4,,0,70,,18517,4,,0,30,,18528,4,,0,60,,18516,4,,0
666301,'1',510,,18535,,,0,30,,18529,,,0,60,,18536,,,0,20,,18537,,,0,20,,18538,,,0,60,,18539,,,0,20,,18540,,,0,20,,18541,,,0,60,,18542,,,0,20,,18543,,,0,18,,18545,,,0,62,,18546,,,0,20,,18547,,,0,24,,18548,,,0,71,,18549,,,0,29,,18550,,,0,70,,18551,,,0,30,,18544,,,0,70,,18552,,,0,29,,18553,,,0,72,,18554,,,0,30,,18555,,,0,65,,18556,,,0,16,,18571,,,0,24,,18557,,,0,58,,18558,,,0,20,,18530,,,0,17,,18570,,,0,65,,18567,,,0,17,,18566,,,0,23,,18532,,,0,60,,18533,,,0,21,,18559,,,0,19,,18560,,,0,65,,18561,,,0,23,,18562,,,0,72,,18563,,,0,29,,18534,,,0,71,,18564,,,0,30,,18565,,,0,70,,18568,,,0,33,,18573,,,0,69,,18572,,,0,31,,18574,,,0,68,,18569,,,0,29,,18575,,,0,64,,18531,,,0
666301,'2',540,,18580,,,0,70,,18581,,,0,30,,18582,,,0,70,,18583,,,0,30,,18584,,,0,75,,18585,,,0,25,,18586,,,0,74,,18587,,,0,30,,18588,,,0,70,,18589,,,0,30,,18590,,,0,70,,18591,,,0,31,,18592,,,0,65,,18593,,,0,30,,18594,,,0,70,,18595,,,0,30,,18596,,,0,70,,18597,,,0,30,,18598,,,0,70,,18599,,,0,30,,18600,,,0,70,,18601,,,0,30,,18602,,,0,70,,18603,,,0,30,,18604,,,0,70,,18605,,,0,30,,18606,,,0,70,,18607,,,0,30,,18608,,,0,70,,18609,,,0,30,,18610,,,0,70,,18576,,,0,30,,18611,,,0,70,,18579,,,0,30,,18612,,,0,70,,18577,,,0,30,,18613,,,0,70,,18578,,,0
666301,'3',635,,18644,,,0,70,,18645,,,0,32,,18646,,,0,68,,18624,,,0,30,,18625,,,0,70,,18626,,,0,30,,18621,,,0,70,,18627,,,0,30,,18628,,,0,70,,18629,,,0,30,,18630,,,0,70,,18631,,,0,30,,18632,,,0,70,,18633,,,0,30,,18634,,,0,70,,18635,,,0,30,,18636,,,0,70,,18637,,,0,30,,18638,,,0,70,,18639,,,0,30,,18640,,,0,70,,18641,,,0,30,,18642,,,0,70,,18643,,,0,30,,18614,,,0,70,,18615,,,0,30,,18616,,,0,70,,18617,,,0,30,,18618,,,0,70,,18619,,,0,30,,18647,,,0,70,,18620,,,0,30,,18648,,,0,70,,18623,,,0,30,,18649,,,0,70,,18622,,,0
