666700,'1',608,,19301,34,,,0,20,,19339,34,,,0,21,,19273,34,,,0,60,,19274,34,,,0,22,,19275,34,,,0,18,,19276,34,,,0,53,,19277,34,,,0,13,,19278,34,,,0,15,,19279,34,,,0,13,,19343,34,,,0,14,,19344,34,,,0,56,,19280,34,,,0,15,,19281,34,,,0,16,,19282,34,,,0,15,,19283,34,,,0,55,,19284,34,,,0,15,,19285,34,,,0,14,,19286,34,,,0,15,,19342,34,,,0,56,,19302,34,,,0,15,,19303,34,,,0,16,,19338,34,,,0,55,,19287,34,,,0,17,,19288,34,,,0,14,,19289,34,,,0,16,,19290,34,,,0,55,,19291,34,,,0,14,,19292,34,,,0,15,,19293,34,,,0,15,,19341,34,,,0,55,,19304,34,,,0,17,,19305,34,,,0,16,,19337,34,,,0,16,,19294,34,,,0,55,,19295,34,,,0,18,,19296,34,,,0,14,,19297,34,,,0,17,,19298,34,,,0,56,,19299,34,,,0,18,,19300,34,,,0,14,,19340,34,,,0,16,,19306,34,,,0,53,,19307,34,,,0,18,,19336,34,,,0,13,,19308,34,,,0,12,,19309,34,,,0,54,,19310,34,,,0,13,,19311,34,,,0,17,,19312,34,,,0,17,,19313,34,,,0,46,,19314,34,,,0,13,,19315,34,,,0,15,,19335,34,,,0,14,,19331,34,,,0,15,,19332,34,,,0,54,,19333,34,,,0,13,,19325,34,,,0,15,,19326,34,,,0,15,,19327,34,,,0,53,,19328,34,,,0,15,,19329,34,,,0,14,,19330,34,,,0,15,,19334,34,,,0,55,,19316,34,,,0,28,,19317,34,,,0,70,,19318,34,,,0,30,,19319,34,,,0,70,,19320,34,,,0,29,,19321,34,,,0,70,,19322,34,,,0,30,,19323,34,,,0,71,,19324,34,,,0
666700,'2',709,,19354,34,,,0,27,,19355,34,,,0,21,,19356,34,,,0,64,,19357,34,,,0,23,,19358,34,,,0,56,,19359,34,,,0,15,,19360,34,,,0,17,,19361,34,,,0,15,,19362,34,,,0,55,,19363,34,,,0,14,,19364,34,,,0,18,,19365,34,,,0,14,,19366,34,,,0,54,,19367,34,,,0,15,,19368,34,,,0,20,,19369,34,,,0,15,,19370,34,,,0,55,,19371,34,,,0,15,,19372,34,,,0,14,,19373,34,,,0,16,,19374,34,,,0,55,,19375,34,,,0,15,,19376,34,,,0,15,,19377,34,,,0,17,,19378,34,,,0,54,,19379,34,,,0,14,,19380,34,,,0,14,,19381,34,,,0,15,,19382,34,,,0,55,,19383,34,,,0,15,,19384,34,,,0,17,,19385,34,,,0,15,,19386,34,,,0,55,,19387,34,,,0,15,,19388,34,,,0,15,,19389,34,,,0,15,,19353,34,,,0,54,,19390,34,,,0,15,,19391,34,,,0,9,,19392,34,,,0,20,,19393,34,,,0,56,,19394,34,,,0,15,,19395,34,,,0,15,,19396,34,,,0,15,,19397,34,,,0,52,,19400,34,,,0,14,,19352,34,,,0,15,,19401,34,,,0,15,,19402,34,,,0,6,,19403,34,,,0,63,,19399,34,,,0,11,,19404,34,,,0,18,,19405,34,,,0,13,,19406,34,,,0,56,,19398,34,,,0,14,,19407,34,,,0,21,,19408,34,,,0,56,,19409,34,,,0,31,,19410,34,,,0,70,,19345,34,,,0,28,,19346,34,,,0,75,,19347,34,,,0,29,,19348,34,,,0,70,,19349,34,,,0,25,,19350,34,,,0,70,,19351,34,,,0
666700,'3',827,,19411,34,,,0,16,,19413,34,,,0,15,,19414,34,,,0,55,,19415,34,,,0,18,,19423,34,,,0,16,,19416,34,,,0,54,,19417,34,,,0,14,,19419,34,,,0,15,,19420,34,,,0,12,,19424,34,,,0,15,,19425,34,,,0,56,,19426,34,,,0,15,,19427,34,,,0,15,,19428,34,,,0,15,,19429,34,,,0,55,,19430,34,,,0,15,,19431,34,,,0,15,,19432,34,,,0,15,,19433,34,,,0,56,,19434,34,,,0,16,,19435,34,,,0,18,,19436,34,,,0,55,,19437,34,,,0,13,,19438,34,,,0,15,,19439,34,,,0,15,,19440,34,,,0,55,,19441,34,,,0,14,,19442,34,,,0,14,,19443,34,,,0,18,,19444,34,,,0,54,,19445,34,,,0,17,,19446,34,,,0,15,,19447,34,,,0,15,,19448,34,,,0,56,,19449,34,,,0,14,,19450,34,,,0,15,,19451,34,,,0,15,,19452,34,,,0,55,,19453,34,,,0,15,,19454,34,,,0,15,,19455,34,,,0,15,,19456,34,,,0,52,,19457,34,,,0,15,,19418,34,,,0,15,,19458,34,,,0,15,,19459,34,,,0,55,,19422,34,,,0,15,,19460,34,,,0,15,,19461,34,,,0,15,,19462,34,,,0,14,,19421,34,,,0,55,,19412,34,,,0,14,,19463,34,,,0,15,,19464,34,,,0,65,,19465,34,,,0,29,,19466,34,,,0,70,,19467,34,,,0,31,,19468,34,,,0,67,,19469,34,,,0,31,,19470,34,,,0,70,,19471,34,,,0
684100,'1',432,,38583,21,,,0,169,,38572,71,,,0,30,,38573,71,,,0,9,,38580,71,,,0,1989,,38582,21,,,0,10,,38581,71,,,0,70,,38575,71,,,0,20,,38577,71,,,0,20,,38574,71,,,0,62,,38576,71,,,0,30,,38578,71,,,0,75,,38579,71,,,0
684100,'2',549,,38584,71,,,0,74,,38591,71,,,0,35,,38592,71,,,0,72,,38593,71,,,0,70,,38589,71,,,0,1802,,38585,21,,,0,40,,38595,71,,,0,74,,38586,71,,,0,17,,38590,71,,,0,20,,38594,71,,,0,60,,38587,71,,,0,30,,38588,71,,,0,80,,38596,71,,,0
684100,'3',549,,38607,71,,,0,73,,38608,71,,,0,31,,38609,71,,,0,72,,38610,71,,,0,17,,38611,71,,,0,13,,38603,71,,,0,56,,38612,71,,,0,13,,38604,71,,,0,1705,,38605,21,,,0,81,,38597,71,,,0,30,,38598,71,,,0,72,,38601,71,,,0,30,,38600,71,,,0,70,,38599,71,,,0,35,,38602,71,,,0,75,,38606,71,,,0
3004600,'1',429,,45407,5,,,0,74,,45408,5,,,0,17,,45409,5,,,0,18,,45405,5,,,0,12,,45437,5,,,0,55,,45438,5,,,0,15,,45439,5,,,0,16,,45440,5,,,0,12,,45406,5,,,0,58,,45433,5,,,0,15,,45434,5,,,0,14,,45435,5,,,0,18,,45436,5,,,0,55,,45404,5,,,0,19,,45457,5,,,0,20,,45441,5,,,0,60,,45442,5,,,0,25,,45443,5,,,0,70,,45444,5,,,0,30,,45445,5,,,0,70,,45446,5,,,0,30,,45447,5,,,0,71,,45448,5,,,0,29,,45449,5,,,0,71,,45450,5,,,0,30,,45451,5,,,0,67,,45452,5,,,0,31,,45453,5,,,0,73,,45454,5,,,0,22,,45456,5,,,0,13,,45455,5,,,0,16,,45401,5,,,0,69,,45430,5,,,0,14,,45431,5,,,0,18,,45432,5,,,0,52,,45402,5,,,0,17,,45424,5,,,0,13,,45425,5,,,0,13,,45426,5,,,0,56,,45427,5,,,0,21,,45428,5,,,0,27,,45429,5,,,0,60,,45403,5,,,0,25,,45422,5,,,0,64,,45423,5,,,0,29,,45410,5,,,0,70,,45411,5,,,0,30,,45421,5,,,0,70,,45412,5,,,0,30,,45413,5,,,0,70,,45420,5,,,0,30,,45414,5,,,0,70,,45415,5,,,0,30,,45419,5,,,0,70,,45416,5,,,0,30,,45417,5,,,0,70,,45418,5,,,0
3004600,'101',1607,,45458,5,,,0
3004600,'2',538,,45483,5,,,0,70,,45484,5,,,0,30,,45485,5,,,0,70,,45486,5,,,0,30,,45487,5,,,0,70,,45488,5,,,0,31,,45489,5,,,0,70,,45490,5,,,0,30,,45499,5,,,0,70,,45500,5,,,0,30,,45459,5,,,0,71,,45460,5,,,0,30,,45461,5,,,0,70,,45462,5,,,0,30,,45463,5,,,0,70,,45464,5,,,0,30,,45465,5,,,0,70,,45466,5,,,0,30,,45467,5,,,0,70,,45468,5,,,0,30,,45469,5,,,0,70,,45470,5,,,0,30,,45471,5,,,0,70,,45491,5,,,0,30,,45472,5,,,0,70,,45473,5,,,0,29,,45474,5,,,0,70,,45475,5,,,0,30,,45476,5,,,0,70,,45477,5,,,0,30,,45478,5,,,0,70,,45479,5,,,0,30,,45480,5,,,0,70,,45481,5,,,0,30,,45482,5,,,0,69,,45492,5,,,0,30,,45493,5,,,0,70,,45494,5,,,0,30,,45495,5,,,0,70,,45496,5,,,0,30,,45497,5,,,0,70,,45498,5,,,0
3004600,'201',1607,,45501,5,,,0
3004600,'3',538,,45518,5,,,0,70,,45520,5,,,0,30,,45521,5,,,0,71,,45522,5,,,0,30,,45523,5,,,0,70,,45524,5,,,0,30,,45525,5,,,0,70,,45526,5,,,0,30,,45527,5,,,0,70,,45528,5,,,0,30,,45529,5,,,0,70,,45530,5,,,0,30,,45531,5,,,0,70,,45532,5,,,0,30,,45533,5,,,0,71,,45534,5,,,0,30,,45535,5,,,0,70,,45536,5,,,0,30,,45537,5,,,0,70,,45538,5,,,0,30,,45539,5,,,0,70,,45540,5,,,0,30,,45541,5,,,0,70,,45519,5,,,0,30,,45504,5,,,0,70,,45505,5,,,0,29,,45506,5,,,0,70,,45507,5,,,0,30,,45508,5,,,0,69,,45502,5,,,0,30,,45503,5,,,0,70,,45509,5,,,0,30,,45510,5,,,0,70,,45511,5,,,0,30,,45512,5,,,0,70,,45513,5,,,0,30,,45514,5,,,0,70,,45515,5,,,0,30,,45516,5,,,0,70,,45517,5,,,0
