670700,'1',504,,144313,1,,,0,15,,144301,2,,,0,14,,144307,1,,,0,15,,144308,1,,,0,55,,144300,2,,,0,15,,144288,1,,,0,12,,144309,2,,,0,12,,144315,2,,,0,12,,144284,2,,,0,52,,144295,2,,,0,12,,144289,1,,,0,15,,144310,2,,,0,15,,144283,2,,,0,55,,144316,2,,,0,15,,144305,2,,,0,15,,144281,2,,,0,16,,144306,2,,,0,60,,144282,2,,,0,20,,144320,2,,,0,20,,144321,2,,,0,60,,144322,2,,,0,20,,144323,2,,,0,20,,144324,2,,,0,61,,144325,2,,,0,21,,144326,2,,,0,21,,144327,2,,,0,60,,144328,2,,,0,20,,144329,2,,,0,20,,144330,2,,,0,60,,144331,2,,,0,20,,144332,2,,,0,20,,144333,2,,,0,60,,144334,2,,,0,15,,144335,2,,,0,15,,144336,2,,,0,15,,144337,2,,,0,72,,144317,2,,,0,15,,144296,2,,,0,15,,144297,2,,,0,55,,144293,2,,,0,12,,144318,2,,,0,12,,144312,2,,,0,12,,144287,2,,,0,51,,144280,2,,,0,12,,144294,2,,,0,12,,144319,2,,,0,14,,144311,2,,,0,13,,144286,2,,,0,53,,144302,2,,,0,13,,144314,2,,,0,16,,144304,2,,,0,15,,144285,2,,,0,72,,144290,2,,,0,32,,144298,2,,,0,71,,144291,2,,,0,31,,144299,2,,,0,72,,144292,2,,,0,32,,144303,2,,,0,100,,144338,2,,,0,100,,144339,2,,,0
670700,'101',1514,,144279,2,,,0
670700,'2',526,,144383,1,,,0,12,,144376,1,,,0,12,,144356,1,,,0,55,,144367,1,,,0,20,,144375,1,,,0,20,,144355,1,,,0,60,,144360,2,,,0,20,,144373,1,,,0,20,,144354,2,,,0,59,,144347,2,,,0,21,,144374,2,,,0,20,,144353,2,,,0,68,,144368,2,,,0,30,,144349,2,,,0,70,,144346,2,,,0,30,,144345,2,,,0,70,,144362,2,,,0,29,,144361,2,,,0,68,,144348,2,,,0,20,,144377,1,,,0,20,,144343,2,,,0,60,,144357,2,,,0,20,,144378,2,,,0,20,,144342,2,,,0,60,,144341,2,,,0,20,,144379,2,,,0,20,,144364,2,,,0,60,,144370,2,,,0,20,,144380,2,,,0,20,,144371,2,,,0,60,,144369,2,,,0,20,,144381,2,,,0,20,,144358,2,,,0,60,,144344,2,,,0,20,,144382,2,,,0,20,,144366,2,,,0,68,,144365,2,,,0,30,,144352,2,,,0,70,,144359,2,,,0,30,,144351,2,,,0,70,,144363,2,,,0,30,,144350,2,,,0,75,,144372,2,,,0,100,,144384,2,,,0,103,,144385,2,,,0
670700,'201',1514,,144340,1,,,0
670700,'3',557,,144405,1,,,0,63,,144406,1,,,0,22,,144388,1,,,0,68,,144387,2,,,0,30,,144386,2,,,0,70,,144404,2,,,0,30,,144394,2,,,0,70,,144403,2,,,0,30,,144395,2,,,0,70,,144402,2,,,0,30,,144393,2,,,0,70,,144401,2,,,0,30,,144392,2,,,0,62,,144407,2,,,0,20,,144408,2,,,0,21,,144409,2,,,0,60,,144410,2,,,0,20,,144411,2,,,0,20,,144412,2,,,0,60,,144413,2,,,0,21,,144414,2,,,0,20,,144415,2,,,0,59,,144416,1,,,0,21,,144417,2,,,0,20,,144418,2,,,0,60,,144419,2,,,0,20,,144420,2,,,0,20,,144421,2,,,0,60,,144422,2,,,0,20,,144423,2,,,0,20,,144424,2,,,0,70,,144400,2,,,0,31,,144391,2,,,0,66,,144399,2,,,0,34,,144390,2,,,0,70,,144398,2,,,0,30,,144396,2,,,0,70,,144397,2,,,0,30,,144389,2,,,0,98,,144425,2,,,0,100,,144426,2,,,0
670800,'1',520,,144616,1,,,0,20,,144612,2,,,0,17,,144586,2,,,0,57,,144591,1,,,0,18,,144614,1,,,0,76,,144613,2,,,0,12,,144620,2,,,0,14,,144615,1,,,0,15,,144593,2,,,0,57,,144576,2,,,0,18,,144592,2,,,0,18,,144578,2,,,0,69,,144583,2,,,0,29,,144584,2,,,0,70,,144596,2,,,0,30,,144579,2,,,0,70,,144597,2,,,0,30,,144602,2,,,0,70,,144598,2,,,0,30,,144585,2,,,0,70,,144599,2,,,0,30,,144609,2,,,0,70,,144600,2,,,0,30,,144587,1,,,0,18,,144589,2,,,0,60,,144594,1,,,0,40,,144575,2,,,0,60,,144590,2,,,0,20,,144603,2,,,0,17,,144617,2,,,0,57,,144604,2,,,0,20,,144605,2,,,0,11,,144595,2,,,0,15,,144618,2,,,0,56,,144606,2,,,0,15,,144607,2,,,0,15,,144619,2,,,0,15,,144588,2,,,0,56,,144611,2,,,0,20,,144621,2,,,0,20,,144610,2,,,0,60,,144601,2,,,0,20,,144622,2,,,0,20,,144580,2,,,0,100,,144582,2,,,0,100,,144608,2,,,0,104,,144577,2,,,0
670800,'101',658,,144573,2,,,0,880,,144572,2,,,0
670800,'2',539,,144659,1,,,0,16,,144658,1,,,0,56,,144647,1,,,0,20,,144660,1,,,0,20,,144646,2,,,0,60,,144631,1,,,0,20,,144661,2,,,0,20,,144645,2,,,0,70,,144630,2,,,0,30,,144644,2,,,0,70,,144625,2,,,0,30,,144643,2,,,0,70,,144651,2,,,0,30,,144642,2,,,0,70,,144629,2,,,0,30,,144641,2,,,0,70,,144627,2,,,0,30,,144640,2,,,0,70,,144626,2,,,0,30,,144639,2,,,0,69,,144652,2,,,0,29,,144638,2,,,0,71,,144662,2,,,0,31,,144637,2,,,0,70,,144655,2,,,0,30,,144636,1,,,0,70,,144628,2,,,0,30,,144635,2,,,0,69,,144657,2,,,0,29,,144634,2,,,0,69,,144656,2,,,0,30,,144633,2,,,0,70,,144654,2,,,0,33,,144632,2,,,0,73,,144653,2,,,0,98,,144650,2,,,0,99,,144649,2,,,0,100,,144648,2,,,0
670800,'201',658,,144623,2,,,0,880,,144624,1,,,0
670800,'3',620,,144663,1,,,0,20,,144694,1,,,0,60,,144693,2,,,0,20,,144692,2,,,0,30,,144671,2,,,0,70,,144691,2,,,0,30,,144681,2,,,0,70,,144690,2,,,0,30,,144680,2,,,0,70,,144689,2,,,0,30,,144676,2,,,0,70,,144688,2,,,0,30,,144675,2,,,0,63,,144687,1,,,0,20,,144697,2,,,0,20,,144674,2,,,0,60,,144698,1,,,0,20,,144686,2,,,0,20,,144673,2,,,0,60,,144685,2,,,0,20,,144699,2,,,0,20,,144677,2,,,0,60,,144668,2,,,0,20,,144700,2,,,0,20,,144672,2,,,0,60,,144667,2,,,0,20,,144701,2,,,0,20,,144678,2,,,0,60,,144695,2,,,0,21,,144702,2,,,0,21,,144684,2,,,0,61,,144666,2,,,0,21,,144696,2,,,0,21,,144679,2,,,0,70,,144665,2,,,0,30,,144669,2,,,0,70,,144664,2,,,0,73,,144683,2,,,0,50,,144670,2,,,0,100,,144682,2,,,0,100,,144703,2,,,0
