3182100,'1',513,,48315,11,,,0,30,,48314,11,,,0,70,,48313,11,,,0,30,,48312,11,,,0,70,,48311,11,,,0,22,,48310,11,,,0,74,,48309,11,,,0,50,,48308,11,,,0,85,,48307,11,,,0,85,,48306,11,,,0,86,,48305,11,,,0,44,,48304,11,,,0,85,,48303,11,,,0,85,,48302,11,,,0,86,,48301,11,,,0,41,,48300,11,,,0,76,,48321,11,,,0,13,,48299,11,,,0,81,,48298,11,,,0,106,,48297,15,,,0,70,,48320,15,,,0,40,,48319,15,,,0,90,,48318,15,,,0,82,,48317,11,,,0,87,,48316,11,,,0
3182100,'101',748,,48325,11,,,0,702,,48323,2,,,0,71,,48324,11,,,0,182,,48322,15,,,0
3182100,'2',706,,48344,11,,,0,45,,48343,11,,,0,85,,48342,11,,,0,85,,48341,11,,,0,85,,48340,11,,,0,45,,48339,11,,,0,85,,48338,11,,,0,85,,48337,11,,,0,85,,48336,11,,,0,45,,48335,11,,,0,84,,48334,11,,,0,85,,48345,11,,,0,85,,48333,11,,,0,45,,48332,11,,,0,85,,48331,11,,,0,85,,48330,11,,,0,85,,48329,11,,,0,45,,48328,11,,,0,85,,48327,11,,,0,85,,48326,11,,,0
3182100,'201',1703,,48346,15,,,0
3182100,'3',754,,48360,11,,,0,87,,48359,11,,,0,85,,48358,11,,,0,85,,48357,11,,,0,45,,48356,11,,,0,85,,48355,11,,,0,85,,48354,11,,,0,85,,48353,11,,,0,45,,48352,11,,,0,85,,48351,11,,,0,85,,48350,11,,,0,85,,48349,11,,,0,45,,48348,11,,,0,85,,48347,11,,,0,85,,48365,11,,,0,85,,48364,11,,,0,43,,48363,11,,,0,85,,48362,11,,,0,85,,48361,11,,,0
3182200,'1',508,,48434,13,,,0,30,,48435,13,,,0,71,,48436,13,,,0,29,,48437,13,,,0,70,,48438,13,,,0,14,,48459,13,,,0,13,,48439,13,,,0,72,,48441,13,,,0,45,,48440,13,,,0,85,,48442,13,,,0,90,,48443,13,,,0,82,,48444,13,,,0,43,,48445,13,,,0,85,,48446,13,,,0,85,,48447,13,,,0,87,,48448,13,,,0,41,,48460,2,,,0,2,,48449,13,,,0,85,,48450,13,,,0,100,,48451,13,,,0,22,,48452,17,,,0,70,,48453,17,,,0,30,,48454,17,,,0,80,,48455,17,,,0,90,,48456,17,,,0,95,,48457,13,,,0,80,,48458,13,,,0
3182200,'101',712,,48464,13,,,0,113,,48465,13,,,0,702,,48461,13,,,0,30,,48463,13,,,0,50,,48462,13,,,0
3182200,'2',703,,48472,13,,,0,45,,48473,13,,,0,87,,48474,13,,,0,83,,48475,13,,,0,85,,48476,13,,,0,45,,48477,13,,,0,85,,48478,13,,,0,85,,48479,13,,,0,85,,48480,13,,,0,50,,48481,13,,,0,80,,48482,13,,,0,85,,48483,13,,,0,85,,48484,13,,,0,45,,48485,13,,,0,85,,48466,13,,,0,85,,48467,13,,,0,85,,48468,13,,,0,45,,48469,13,,,0,85,,48470,13,,,0,85,,48471,13,,,0
3182200,'201',825,,48487,13,,,0,782,,48486,13,,,0
3182200,'3',747,,48504,13,,,0,85,,48503,13,,,0,85,,48502,13,,,0,85,,48501,13,,,0,45,,48500,13,,,0,85,,48488,13,,,0,85,,48499,13,,,0,86,,48498,13,,,0,44,,48497,13,,,0,85,,48496,13,,,0,85,,48495,13,,,0,85,,48494,13,,,0,46,,48493,13,,,0,84,,48492,13,,,0,85,,48491,13,,,0,85,,48490,13,,,0,45,,48489,13,,,0,85,,48506,13,,,0,90,,48505,13,,,0
