668200,'101_merged_15291780',1640,,22057,5,,,0
668200,'1_merged_15291773',514,,22055,5,,,0,17,,21985,5,,,0,12,,22050,5,,,0,10,,21986,5,,,0,48,,22020,5,,,0,9,,21977,5,,,0,8,,22046,5,,,0,8,,21966,5,,,0,8,,22051,5,,,0,7,,21968,5,,,0,7,,22047,5,,,0,8,,21994,5,,,0,48,,21967,5,,,0,7,,21983,5,,,0,8,,21965,5,,,0,7,,22052,5,,,0,6,,21964,5,,,0,7,,22038,5,,,0,8,,21997,5,,,0,8,,22044,5,,,0,47,,22041,5,,,0,9,,22008,5,,,0,8,,22019,5,,,0,8,,22056,5,,,0,8,,21979,5,,,0,8,,22039,5,,,0,11,,21981,5,,,0,55,,22014,5,,,0,15,,21975,5,,,0,15,,21971,5,,,0,14,,22001,5,,,0,54,,22004,5,,,0,15,,22018,5,,,0,15,,22003,5,,,0,15,,22032,5,,,0,55,,22002,5,,,0,15,,22006,5,,,0,14,,22000,5,,,0,14,,21989,5,,,0,54,,21991,5,,,0,14,,21982,5,,,0,15,,21993,5,,,0,15,,22035,5,,,0,55,,22028,5,,,0,15,,22036,5,,,0,15,,21995,5,,,0,13,,21976,5,,,0,55,,22026,5,,,0,12,,21988,5,,,0,10,,22025,5,,,0,10,,22049,5,,,0,10,,22053,5,,,0,10,,21987,5,,,0,51,,21984,5,,,0,11,,21992,5,,,0,11,,21974,5,,,0,11,,22054,5,,,0,11,,22007,5,,,0,8,,22021,5,,,0,49,,22040,5,,,0,9,,22042,5,,,0,9,,21980,5,,,0,8,,21973,5,,,0,19,,21972,5,,,0,50,,21996,5,,,0,10,,21978,5,,,0,10,,22043,5,,,0,10,,22048,5,,,0,10,,22034,5,,,0,10,,22013,5,,,0,50,,22012,5,,,0,10,,21970,5,,,0,15,,21969,5,,,0,14,,22011,5,,,0,15,,22010,5,,,0,54,,22009,5,,,0,14,,22024,5,,,0,13,,22033,5,,,0,15,,22023,5,,,0,56,,22031,5,,,0,15,,22022,5,,,0,14,,22030,5,,,0,15,,22005,5,,,0,56,,22029,5,,,0,20,,22027,5,,,0,20,,22017,5,,,0,60,,22016,5,,,0,23,,22015,5,,,0,22,,21963,5,,,0,62,,21998,5,,,0,27,,21999,5,,,0,71,,22037,5,,,0,32,,21990,5,,,0
668200,'201',1640,,22139,5,,,0
668200,'2_merged_15291775',610,,22131,5,,,0,20,,22130,5,,,0,19,,22129,5,,,0,60,,22095,5,,,0,20,,22128,5,,,0,17,,22065,5,,,0,55,,22127,5,,,0,15,,22133,5,,,0,15,,22126,5,,,0,15,,22134,5,,,0,55,,22125,5,,,0,15,,22089,5,,,0,15,,22059,5,,,0,14,,22124,5,,,0,55,,22122,5,,,0,16,,22072,5,,,0,15,,22123,5,,,0,15,,22060,5,,,0,56,,22121,5,,,0,15,,22070,5,,,0,15,,22103,5,,,0,14,,22077,5,,,0,55,,22094,5,,,0,15,,22115,5,,,0,15,,22087,5,,,0,15,,22061,5,,,0,55,,22058,5,,,0,12,,22064,5,,,0,12,,22114,5,,,0,12,,22069,5,,,0,12,,22078,5,,,0,10,,22081,5,,,0,53,,22062,5,,,0,10,,22099,5,,,0,10,,22113,5,,,0,10,,22063,5,,,0,10,,22093,5,,,0,50,,22076,5,,,0,11,,22074,5,,,0,10,,22102,5,,,0,11,,22075,5,,,0,10,,22112,5,,,0,10,,22096,5,,,0,50,,22067,5,,,0,10,,22088,5,,,0,10,,22111,5,,,0,10,,22101,5,,,0,10,,22104,5,,,0,10,,22135,5,,,0,50,,22098,5,,,0,10,,22097,5,,,0,10,,22100,5,,,0,10,,22110,5,,,0,10,,22092,5,,,0,10,,22082,5,,,0,49,,22109,5,,,0,10,,22083,5,,,0,10,,22091,5,,,0,18,,22066,5,,,0,8,,22120,5,,,0,51,,22108,5,,,0,18,,22079,5,,,0,14,,22119,5,,,0,16,,22084,5,,,0,9,,22118,5,,,0,51,,22107,5,,,0,14,,22117,5,,,0,15,,22132,5,,,0,18,,22116,5,,,0,62,,22085,5,,,0,14,,22137,5,,,0,14,,22136,5,,,0,55,,22106,5,,,0,15,,22080,5,,,0,20,,22086,5,,,0,20,,22105,5,,,0,59,,22073,5,,,0,20,,22138,5,,,0,20,,22090,5,,,0,60,,22071,5,,,0,30,,22068,5,,,0
668200,'3_merged_15291774',602,,22164,5,,,0,20,,22163,5,,,0,20,,22162,5,,,0,60,,22161,5,,,0,20,,22159,5,,,0,20,,22158,5,,,0,58,,22148,5,,,0,15,,22147,5,,,0,15,,22186,5,,,0,15,,22146,5,,,0,55,,22201,5,,,0,15,,22145,5,,,0,15,,22140,5,,,0,16,,22188,5,,,0,55,,22157,5,,,0,15,,22193,5,,,0,15,,22156,5,,,0,15,,22165,5,,,0,55,,22155,5,,,0,15,,22174,5,,,0,15,,22154,5,,,0,15,,22181,5,,,0,55,,22143,5,,,0,13,,22144,5,,,0,17,,22142,5,,,0,13,,22172,5,,,0,57,,22141,5,,,0,15,,22180,5,,,0,15,,22179,5,,,0,15,,22191,5,,,0,55,,22178,5,,,0,15,,22170,5,,,0,15,,22177,5,,,0,13,,22187,5,,,0,56,,22176,5,,,0,15,,22182,5,,,0,16,,22175,5,,,0,14,,22171,5,,,0,56,,22190,5,,,0,18,,22185,5,,,0,12,,22202,5,,,0,15,,22189,5,,,0,55,,22184,5,,,0,15,,22200,5,,,0,15,,22168,5,,,0,16,,22192,5,,,0,54,,22167,5,,,0,16,,22199,5,,,0,14,,22166,5,,,0,15,,22153,5,,,0,55,,22183,5,,,0,15,,22152,5,,,0,17,,22151,5,,,0,15,,22196,5,,,0,54,,22150,5,,,0,14,,22195,5,,,0,16,,22149,5,,,0,20,,22160,5,,,0,66,,22194,5,,,0,25,,22173,5,,,0,70,,22198,5,,,0,30,,22197,5,,,0,69,,22169,5,,,0
668300,'1_merged_15291773',1536,,22441,5,,,0,21,,22452,5,,,0,54,,22453,5,,,0,7,,22454,5,,,0,19,,22448,5,,,0,63,,22450,5,,,0,24,,22439,5,,,0,27,,22442,5,,,0,49,,22440,5,,,0,12,,22438,5,,,0,27,,22437,5,,,0,64,,22444,5,,,0,26,,22449,5,,,0
668500,'101_merged_15291780',1619,,22514,5,,,0,24,,22513,5,,,0
668500,'1_merged_15291773',700,,22468,5,,,0,16,,22469,5,,,0,11,,22470,5,,,0,12,,22471,5,,,0,61,,22476,5,,,0,12,,22474,5,,,0,16,,22496,5,,,0,19,,22487,5,,,0,70,,22507,5,,,0,28,,22475,5,,,0,60,,22501,5,,,0,31,,22505,5,,,0,67,,22486,5,,,0,30,,22481,5,,,0,69,,22482,5,,,0,31,,22483,5,,,0,70,,22484,5,,,0,27,,22502,5,,,0,71,,22489,5,,,0,27,,22510,5,,,0,24,,22497,5,,,0,65,,22467,5,,,0,13,,22478,5,,,0,17,,22472,5,,,0,53,,22473,5,,,0,29,,22512,5,,,0,25,,22503,5,,,0,51,,22495,5,,,0,12,,22498,5,,,0,5,,22490,5,,,0,12,,22491,5,,,0,18,,22492,5,,,0,56,,22493,5,,,0,15,,22499,5,,,0,24,,22494,5,,,0,69,,22504,5,,,0,97,,22500,5,,,0,97,,22509,5,,,0,104,,22506,5,,,0,99,,22488,5,,,0,100,,22508,5,,,0
668500,'201',1619,,22548,5,,,0,24,,22549,5,,,0
668500,'2_merged_15291775',711,,22521,5,,,0,30,,22533,5,,,0,70,,22515,5,,,0,28,,22517,5,,,0,68,,22526,5,,,0,31,,22542,5,,,0,70,,22534,5,,,0,31,,22527,5,,,0,69,,22522,5,,,0,28,,22543,5,,,0,68,,22528,5,,,0,30,,22520,5,,,0,69,,22536,5,,,0,29,,22545,5,,,0,69,,22535,5,,,0,30,,22538,5,,,0,72,,22523,5,,,0,30,,22546,5,,,0,69,,22540,5,,,0,28,,22524,5,,,0,72,,22530,5,,,0,33,,22531,5,,,0,69,,22532,5,,,0,33,,22525,5,,,0,70,,22518,5,,,0,104,,22544,5,,,0,101,,22537,5,,,0,98,,22541,5,,,0,101,,22519,5,,,0,100,,22539,5,,,0
668500,'3_merged_15291774',804,,22558,5,,,0,104,,22557,5,,,0,99,,22568,5,,,0,32,,22562,5,,,0,72,,22561,5,,,0,27,,22566,5,,,0,72,,22567,5,,,0,29,,22565,5,,,0,66,,22564,5,,,0,31,,22569,5,,,0,70,,22573,5,,,0,29,,22570,5,,,0,71,,22572,5,,,0,32,,22574,5,,,0,69,,22552,5,,,0,30,,22571,5,,,0,69,,22553,5,,,0,31,,22575,5,,,0,70,,22550,5,,,0,36,,22551,5,,,0,63,,22559,5,,,0,103,,22555,5,,,0,99,,22556,5,,,0,98,,22563,5,,,0,105,,22560,5,,,0,97,,22554,5,,,0
668600,'1_merged_15291773',741,,22686,5,,,0,868,,22691,5,,,0,25,,22690,5,,,0,84,,22689,5,,,0,29,,22687,5,,,0,73,,22688,5,,,0
668701,'101_merged_15291780',1558,,23134,5,0,44 3 45,0
668701,'1_merged_15291773',537,,23008,5,,,0,70,,23009,5,,,0,10,,23011,5,0,44 3 45,0,5,,23012,5,,,0,5,,23013,5,0,44 3 45,0,10,,23014,5,,,0,10,,23015,5,0,44 3 45,0,5,,23016,5,,,0,5,,23017,5,0,44 3 45,0,51,,23019,5,0,44 3 45,0,10,,23020,5,0,44 3 45,0,5,,23021,5,,,0,5,,23022,5,0,44 3 45,0,5,,23023,5,,,0,5,,23024,5,0,44 3 45,0,10,,23025,5,,,0,10,,23026,5,0,44 3 45,0,45,,23027,5,,,0,7,,23028,5,0,44 3 45,0,13,,23029,5,,,0,5,,23030,5,0,44 3 45,0,10,,23031,5,0,46 47 48,0,3,,23032,5,0,46 47 48,0,2,,23033,5,0,44 3 45,0,5,,23034,5,0,46 47 48,0,5,,23035,5,,,0,48,,23036,5,0,46 47 48,0,2,,23037,5,0,44 3 45,0,5,,23038,5,0,44 3 45,0,7,,23039,5,0,46 47 48,0,3,,23041,5,0,44 3 45,0,5,,23042,5,,,0,10,,23043,5,0,44 3 45,0,15,,23044,5,0,44 3 45,0,5,,23045,5,,,0,50,,23046,5,0,44 3 45,0,15,,23047,5,0,44 3 45,0,5,,23048,5,,,0,10,,23049,5,0,44 3 45,0,15,,23050,5,0,44 3 45,0,5,,23051,5,,,0,50,,23052,5,0,44 3 45,0,15,,23053,5,0,44 3 45,0,5,,23054,5,,,0,10,,23055,5,0,44 3 45,0,15,,23056,5,0,44 3 45,0,5,,23057,5,,,0,50,,23058,5,0,44 3 45,0,15,,23059,5,0,44 3 45,0,5,,23060,5,,,0,10,,23061,5,0,44 3 45,0,15,,23062,5,0,44 3 45,0,5,,23063,5,,,0,50,,23064,5,0,44 3 45,0,15,,23065,5,0,44 3 45,0,5,,23066,5,,,0,10,,23067,5,0,44 3 45,0,15,,23068,5,0,44 3 45,0,5,,23069,5,,,0,50,,23070,5,0,44 3 45,0,15,,23071,5,0,44 3 45,0,5,,23072,5,,,0,10,,23073,5,0,44 3 45,0,15,,23074,5,0,44 3 45,0,5,,23075,5,,,0,50,,23076,5,0,44 3 45,0,15,,23077,5,0,44 3 45,0,5,,23078,5,,,0,5,,23079,5,0,44 3 45,0,10,,23080,5,,,0,0,,23081,5,0,44 3 45,0,10,,23082,5,0,44 3 45,0,5,,23083,5,,,0,55,,23084,5,,,0,0,,23085,5,0,44 3 45,0,10,,23086,5,0,44 3 45,0,5,,23087,5,,,0,5,,23088,5,0,44 3 45,0,10,,23089,5,,,0,0,,23090,5,0,44 3 45,0,10,,23091,5,0,44 3 45,0,5,,23092,5,,,0,5,,23093,5,0,44 3 45,0,50,,23094,5,,,0,0,,23095,5,0,44 3 45,0,10,,23096,5,0,44 3 45,0,5,,23097,5,,,0,5,,23098,5,0,44 3 45,0,10,,23099,5,,,0,0,,23100,5,0,44 3 45,0,10,,23101,5,0,44 3 45,0,5,,23102,5,,,0,5,,23103,5,0,44 3 45,0,49,,23104,5,,,0,1,,23105,5,0,44 3 45,0,10,,23106,5,0,44 3 45,0,4,,23107,5,,,0,6,,23108,5,0,44 3 45,0,15,,23109,5,0,44 3 45,0,9,,23111,5,,,0,6,,23112,5,0,44 3 45,0,55,,23113,5,0,44 3 45,0,9,,23114,5,,,0,6,,23115,5,0,44 3 45,0,15,,23116,5,0,44 3 45,0,9,,23117,5,,,0,6,,23118,5,0,44 3 45,0,55,,23119,5,0,44 3 45,0,9,,23120,5,,,0,11,,23121,5,0,44 3 45,0,19,,23122,5,,,0,55,,23123,5,,,0,30,,23124,5,,,0,70,,23125,5,,,0,30,,23126,5,,,0,70,,23127,5,,,0,31,,23128,5,0,44 3 45,0,75,,23129,5,,,0,30,,23130,5,0,44 3 45,0,69,,23131,5,0,7 49,0
668701,'201',1558,,23239,5,0,44 3 45,0
668701,'2_merged_15291775',529,,57102,5,,,0,79,,57104,5,,,0,30,,57105,5,,,0,70,,57106,5,,,0,15,,57107,5,,,0,15,,57108,5,,,0,70,,57109,5,,,0,10,,57110,5,0,44 3 45,0,5,,57111,5,,,0,15,,57112,5,0,44 3 45,0,15,,57113,5,,,0,50,,57114,5,0,44 3 45,0,12,,57115,5,0,44 3 45,0,7,,57116,5,,,0,5,,57117,5,0,44 3 45,0,12,,57118,5,0,44 3 45,0,12,,57119,5,0,44 3 45,0,1,,57120,5,,,0,51,,57121,5,0,44 3 45,0,12,,57122,5,0,44 3 45,0,7,,57123,5,,,0,5,,57124,5,0,44 3 45,0,12,,57125,5,0,44 3 45,0,12,,57126,5,0,44 3 45,0,1,,57127,5,,,0,51,,57128,5,0,44 3 45,0,15,,57129,5,0,44 3 45,0,4,,57130,5,,,0,11,,57131,5,0,44 3 45,0,15,,57132,5,0,44 3 45,0,5,,57133,5,,,0,50,,57134,5,0,44 3 45,0,15,,57135,5,0,44 3 45,0,5,,57136,5,,,0,10,,57137,5,0,44 3 45,0,15,,57138,5,0,44 3 45,0,5,,57139,5,,,0,50,,57140,5,0,44 3 45,0,12,,57141,5,0,44 3 45,0,8,,57142,5,,,0,4,,57143,5,0,44 3 45,0,12,,57144,5,0,44 3 45,0,12,,57145,5,0,44 3 45,0,2,,57146,5,,,0,50,,57147,5,0,44 3 45,0,12,,57148,5,0,44 3 45,0,8,,57149,5,,,0,4,,57150,5,0,44 3 45,0,11,,57151,5,,,0,1,,57152,5,0,44 3 45,0,12,,57153,5,0,44 3 45,0,2,,57154,5,,,0,50,,57155,5,0,44 3 45,0,12,,57156,5,0,44 3 45,0,8,,57157,5,,,0,4,,57158,5,0,44 3 45,0,11,,57159,5,,,0,1,,57160,5,0,44 3 45,0,12,,57161,5,0,44 3 45,0,2,,57162,5,,,0,50,,57163,5,0,44 3 45,0,10,,57164,5,0,44 3 45,0,10,,57165,5,,,0,0,,57166,5,0,44 3 45,0,15,,57167,5,,,0,10,,57168,5,0,44 3 45,0,10,,57169,5,,,0,45,,57170,5,0,44 3 45,0,10,,57171,5,0,44 3 45,0,10,,57172,5,,,0,10,,57173,5,0,44 3 45,0,5,,57174,5,,,0,10,,57175,5,0,44 3 45,0,5,,57176,5,,,0,50,,57177,5,0,44 3 45,0,10,,57178,5,0,44 3 45,0,10,,57179,5,,,0,10,,57180,5,0,44 3 45,0,15,,57181,5,0,44 3 45,0,5,,57182,5,,,0,5,,57183,5,0,46 47 48,0,45,,57184,5,0,44 3 45,0,20,,57185,5,,,0,0,,57186,5,0,44 3 45,0,20,,57187,5,0,44 3 45,0,10,,57188,5,,,0,50,,57189,5,0,44 3 45,0,20,,57190,5,,,0,10,,57191,5,0,44 3 45,0,20,,57192,5,,,0,55,,57193,5,,,0,10,,57194,5,0,44 3 45,0,25,,57195,5,,,0,5,,57196,5,0,44 3 45,0,60,,57197,5,,,0,25,,57198,5,0,44 3 45,0,5,,57199,5,,,0,70,,57200,5,,,0,30,,57201,5,0,44 3 45,0,75,,57202,5,,,0,30,,57203,5,0,44 3 45,0,69,,57204,5,0,7 49,0
668701,'3_merged_15291774',637,,57206,5,,,0,70,,57207,5,,,0,30,,57208,5,,,0,70,,57209,5,,,0,10,,57210,5,,,0,20,,57211,5,,,0,70,,57212,5,,,0,13,,57213,5,0,44 3 45,0,2,,57214,5,,,0,15,,57215,5,,,0,15,,57216,5,,,0,58,,57217,5,0,44 3 45,0,7,,57218,5,0,44 3 45,0,10,,57219,5,,,0,5,,57220,5,0,44 3 45,0,15,,57221,5,0,44 3 45,0,5,,57222,5,,,0,50,,57223,5,0,44 3 45,0,15,,57224,5,0,44 3 45,0,5,,57225,5,,,0,11,,57226,5,0,44 3 45,0,15,,57227,5,0,44 3 45,0,5,,57228,5,,,0,50,,57229,5,0,44 3 45,0,15,,57230,5,0,44 3 45,0,5,,57231,5,,,0,10,,57232,5,0,44 3 45,0,15,,57233,5,0,44 3 45,0,5,,57234,5,,,0,50,,57235,5,0,44 3 45,0,15,,57236,5,0,44 3 45,0,5,,57237,5,,,0,10,,57238,5,0,44 3 45,0,15,,57239,5,0,44 3 45,0,5,,57240,5,,,0,50,,57241,5,0,44 3 45,0,15,,57242,5,0,44 3 45,0,5,,57243,5,,,0,10,,57244,5,0,44 3 45,0,15,,57245,5,0,44 3 45,0,5,,57246,5,,,0,50,,57247,5,0,44 3 45,0,12,,57248,5,0,44 3 45,0,8,,57249,5,,,0,4,,57250,5,0,44 3 45,0,12,,57251,5,0,44 3 45,0,12,,57252,5,0,44 3 45,0,2,,57253,5,,,0,50,,57254,5,0,44 3 45,0,12,,57255,5,0,44 3 45,0,8,,57256,5,,,0,4,,57257,5,0,44 3 45,0,12,,57258,5,0,44 3 45,0,12,,57259,5,0,44 3 45,0,2,,57260,5,,,0,50,,57261,5,0,44 3 45,0,12,,57262,5,0,44 3 45,0,8,,57263,5,,,0,4,,57264,5,0,44 3 45,0,12,,57265,5,0,44 3 45,0,12,,57266,5,0,44 3 45,0,2,,57267,5,,,0,50,,57268,5,0,44 3 45,0,12,,57269,5,0,44 3 45,0,8,,57270,5,,,0,4,,57271,5,0,44 3 45,0,12,,57272,5,0,44 3 45,0,12,,57273,5,0,44 3 45,0,2,,57274,5,,,0,50,,57275,5,0,44 3 45,0,10,,57276,5,0,44 3 45,0,10,,57277,5,,,0,15,,57278,5,,,0,15,,57279,5,,,0,55,,57280,5,,,0,30,,57281,5,,,0,70,,57282,5,,,0,30,,57283,5,,,0,70,,57284,5,,,0,30,,57285,5,,,0,70,,57286,5,,,0,30,,57287,5,0,44 3 45,0,75,,57289,5,0,44 3 45,0,100,,57290,5,0,44 3 45,0
669001,'1_merged_15291773',659,,23604,5,,,0,154,,23606,5,,,0,545,,23612,5,,,0,70,,23613,5,,,0,30,,23614,5,,,0,69,,23615,5,,,0,31,,23616,5,,,0,70,,23617,5,,,0,30,,23618,5,,,0,70,,23619,5,,,0,30,,23620,5,,,0,70,,23621,5,,,0,30,,23622,5,,,0
669100,'1_merged_15291773',740,,23658,5,,,0,72,,23659,5,,,0,815,,23669,5,,,0,30,,23670,5,,,0
683700,'1101_merged_15291784',2630,,38444,11,,,0
683700,'1201_merged_15291766',2630,,38445,11,,,0
683700,'1_merged_15291773',2510,,38443,11,,,0,20,,38442,11,,,0,20,,38438,11,,,0,69,,38441,11,,,0,34,,38440,11,,,0,59,,38439,11,,,0,28,,38437,11,,,0
683700,'2_merged_15291775',2513,,38448,11,,,0,22,,38453,11,,,0,14,,38447,11,,,0,59,,38452,11,,,0,20,,38449,11,,,0,30,,38451,11,,,0,52,,38450,11,,,0,34,,38446,11,,,0
683700,'3_merged_15291774',656,,38466,5,,,0,79,,38467,5,0,50 51,0,73,,38468,5,0,50 51,0,1536,,38459,11,,,0,73,,38458,11,,,0,30,,38457,11,,,0,78,,38456,11,,,0,32,,38455,11,,,0,64,,38462,11,,,0,88,,38461,11,,,0,25,,38460,11,,,0
