672600,'1',609,,89193,51,4,,0,30,,89194,51,4,,0,71,,89195,51,4,,0,29,,89196,51,4,,0,67,,89197,51,4,,0,40,,89198,51,4,,0,72,,89199,51,4,,0,28,,89200,45,4,,0,68,,89201,45,4,,0,39,,89202,45,4,,0,67,,89203,45,4,,0,26,,89204,45,4,,0,66,,89205,45,4,,0,37,,89206,45,4,,0,71,,89207,45,4,,0,29,,89208,45,4,,0,65,,89209,45,4,,0,40,,89210,45,4,,0,73,,89211,45,4,,0,80,,89212,45,4,,0,33,,89213,61,4,,0,65,,89214,61,4,,0,36,,89215,61,4,,0,68,,89216,61,4,,0,31,,89217,61,4,,0,15,,89218,55,4,,0,71,,89219,55,4,,0,25,,89220,55,4,,0,66,,89221,55,4,,0,28,,89222,55,4,,0,70,,89223,55,4,,0,28,,89224,55,4,,0,70,,89190,55,4,,0,27,,89191,55,4,,0,95,,89192,55,4,,0
672600,'2',634,,89230,24,4,,0,92,,89246,45,4,,0,90,,89243,45,4,,0,94,,89231,45,4,,0,32,,89253,45,4,,0,76,,89232,45,4,,0,30,,89248,45,4,,0,75,,89233,45,4,,0,29,,89250,45,4,,0,71,,89242,45,4,,0,33,,89251,45,4,,0,72,,89234,45,4,,0,30,,89252,45,4,,0,71,,89235,45,4,,0,30,,89247,45,4,,0,70,,89236,45,4,,0,30,,89254,45,4,,0,67,,89237,55,4,,0,30,,89225,55,4,,0,70,,89238,55,4,,0,30,,89249,55,4,,0,64,,89239,55,4,,0,30,,89226,55,4,,0,68,,89240,55,4,,0,32,,89245,55,4,,0,64,,89241,55,4,,0,30,,89227,55,4,,0,95,,89228,55,4,,0,98,,89229,55,4,,0,100,,89244,55,4,,0
672600,'3',821,,89261,45,4,,0,104,,89262,45,4,,0,76,,89264,45,4,,0,38,,89274,45,4,,0,75,,89267,45,4,,0,39,,89276,45,4,,0,76,,89268,45,4,,0,73,,89275,45,4,,0,25,,89269,45,4,,0,30,,89277,45,4,,0,71,,89270,45,4,,0,29,,89278,45,4,,0,72,,89271,45,4,,0,29,,89279,45,4,,0,70,,89272,55,4,,0,27,,89280,55,4,,0,70,,89273,55,4,,0,27,,89263,55,4,,0,70,,89265,55,4,,0,30,,89255,55,4,,0,67,,89266,55,4,,0,30,,89256,55,4,,0,98,,89257,55,4,,0,104,,89258,55,4,,0,100,,89259,55,4,,0,101,,89260,55,4,,0
672601,'1',614,,89288,1,,,0,31,,89289,1,,,0,70,,89290,1,,,0,31,,89291,1,,,0,68,,89292,1,,,0,39,,89293,1,,,0,72,,89294,1,,,0,30,,89295,1,,,0,66,,89296,1,,,0,38,,89297,1,,,0,67,,89298,1,,,0,28,,89299,1,,,0,65,,89300,1,,,0,36,,89301,1,,,0,72,,89302,1,,,0,29,,89303,1,,,0,65,,89304,1,,,0,27,,89305,1,,,0,65,,89306,1,,,0,29,,89307,1,,,0,71,,89308,1,,,0,25,,89309,1,,,0,74,,89310,1,,,0,35,,89311,1,,,0,86,,89312,1,,,0,74,,89313,1,,,0,28,,89314,1,,,0,71,,89281,1,,,0,29,,89286,1,,,0,70,,89282,1,,,0,39,,89283,1,,,0,100,,89285,1,,,0,112,,89284,1,,,0
672601,'2',639,,89335,1,,,0,100,,89322,1,,,0,70,,89337,1,,,0,29,,89338,1,,,0,67,,89336,1,,,0,30,,89339,1,,,0,66,,89320,1,,,0,29,,89340,1,,,0,28,,89321,1,,,0,70,,89341,1,,,0,30,,89323,1,,,0,68,,89342,1,,,0,30,,89324,1,,,0,64,,89343,1,,,0,30,,89326,1,,,0,70,,89327,1,,,0,30,,89344,1,,,0,70,,89315,1,,,0,30,,89334,1,,,0,74,,89316,1,,,0,30,,89325,1,,,0,70,,89317,1,,,0,77,,89329,1,,,0,30,,89318,1,,,0,26,,89328,1,,,0,70,,89345,1,,,0,30,,89319,1,,,0,98,,89330,1,,,0,100,,89331,1,,,0,98,,89332,1,,,0,100,,89333,1,,,0
672601,'3',750,,89372,1,,,0,76,,89362,1,,,0,30,,89346,1,,,0,80,,89363,1,,,0,70,,89359,1,,,0,38,,89364,1,,,0,71,,89354,1,,,0,23,,89365,1,,,0,71,,89347,1,,,0,27,,89366,1,,,0,67,,89348,1,,,0,32,,89371,1,,,0,70,,89358,1,,,0,29,,89367,1,,,0,72,,89349,1,,,0,29,,89368,1,,,0,70,,89350,1,,,0,30,,89369,1,,,0,72,,89351,1,,,0,31,,89370,1,,,0,71,,89352,1,,,0,103,,89355,1,,,0,100,,89353,1,,,0,101,,89356,1,,,0,100,,89357,1,,,0,94,,89360,1,,,0,100,,89361,1,,,0
672700,'1',515,,89385,66,4,,0,23,,89386,66,4,,0,86,,89374,66,4,,0,20,,89387,66,4,,0,14,,89388,65,4,,0,64,,89389,66,4,,0,20,,89390,66,4,,0,62,,89391,65,4,,0,23,,89392,65,4,,0,30,,89393,65,4,,0,68,,89394,65,4,,0,22,,89395,65,4,,0,55,,89396,65,4,,0,22,,89397,60,4,,0,27,,89398,60,4,,0,70,,89399,60,4,,0,30,,89400,60,4,,0,70,,89401,60,4,,0,25,,89402,60,4,,0,70,,89403,60,4,,0,32,,89404,60,4,,0,64,,89405,60,4,,0,30,,89406,60,4,,0,63,,89407,66,4,,0,29,,89408,60,4,,0,67,,89409,60,4,,0,23,,89410,60,4,,0,81,,89411,65,4,,0,28,,89412,65,4,,0,12,,89413,65,4,,0,65,,89414,65,4,,0,15,,89415,65,4,,0,18,,89416,65,4,,0,62,,89417,65,4,,0,19,,89418,60,4,,0,31,,89375,60,4,,0,71,,89384,60,4,,0,29,,89376,60,4,,0,74,,89377,60,4,,0,28,,89382,60,4,,0,78,,89383,60,4,,0,68,,89378,60,4,,0,34,,89379,60,4,,0,94,,89380,60,4,,0,103,,89381,60,4,,0
672700,'101',1646,,89373,60,4,,0
672700,'2',729,,89437,60,4,,0,75,,89422,60,4,,0,34,,89429,60,4,,0,72,,89453,60,4,,0,28,,89419,60,4,,0,72,,89430,60,4,,0,30,,89421,60,4,,0,72,,89442,60,4,,0,37,,89420,60,4,,0,70,,89449,60,4,,0,35,,89424,60,4,,0,72,,89426,60,4,,0,31,,89427,60,4,,0,70,,89425,60,4,,0,31,,89432,60,4,,0,70,,89433,60,4,,0,30,,89451,60,4,,0,72,,89434,60,4,,0,28,,89443,60,4,,0,69,,89444,60,4,,0,27,,89445,60,4,,0,66,,89446,60,4,,0,29,,89440,60,4,,0,63,,89448,60,4,,0,32,,89439,60,4,,0,61,,89441,60,4,,0,32,,89435,60,4,,0,71,,89436,60,4,,0,30,,89452,60,4,,0,70,,89431,60,4,,0,30,,89447,60,4,,0,66,,89428,60,4,,0,34,,89423,60,4,,0,105,,89438,60,4,,0,91,,89450,60,4,,0
672700,'3',820,,89454,60,4,,0,100,,89463,60,4,,0,94,,89466,60,4,,0,43,,89474,60,4,,0,70,,89468,60,4,,0,29,,89481,60,4,,0,68,,89457,60,4,,0,31,,89484,60,4,,0,72,,89470,60,4,,0,73,,89471,60,4,,0,30,,89472,60,4,,0,73,,89458,60,4,,0,26,,89456,60,4,,0,74,,89480,60,4,,0,25,,89482,60,4,,0,72,,89485,60,4,,0,26,,89473,60,4,,0,30,,89478,60,4,,0,65,,89479,60,4,,0,29,,89476,60,4,,0,70,,89455,60,4,,0,29,,89467,60,4,,0,70,,89464,60,4,,0,30,,89465,60,4,,0,69,,89461,60,4,,0,27,,89462,60,4,,0,68,,89483,60,4,,0,29,,89469,60,4,,0,68,,89475,60,4,,0,28,,89459,60,4,,0,99,,89460,60,4,,0,96,,89477,60,4,,0
672701,'1',547,,89494,1,,,0,67,,89495,1,,,0,16,,89487,1,,,0,20,,89515,1,,,0,60,,89516,1,,,0,19,,89517,1,,,0,21,,89518,1,,,0,66,,89519,1,,,0,27,,89520,1,,,0,69,,89521,1,,,0,29,,89522,1,,,0,70,,89523,1,,,0,29,,89524,1,,,0,69,,89525,1,,,0,27,,89526,1,,,0,68,,89527,1,,,0,27,,89528,1,,,0,20,,89529,1,,,0,80,,89530,1,,,0,26,,89531,1,,,0,73,,89532,1,,,0,10,,89488,1,,,0,60,,89496,1,,,0,20,,89497,1,,,0,21,,89498,1,,,0,11,,89499,1,,,0,57,,89500,1,,,0,37,,89502,1,,,0,11,,89501,1,,,0,57,,89503,1,,,0,25,,89504,1,,,0,13,,89505,1,,,0,79,,89506,1,,,0,20,,89507,1,,,0,61,,89508,1,,,0,23,,89509,1,,,0,22,,89510,1,,,0,67,,89511,1,,,0,31,,89512,1,,,0,73,,89513,1,,,0,75,,89514,1,,,0,45,,89489,1,,,0,66,,89490,1,,,0,41,,89493,1,,,0,84,,89491,1,,,0,103,,89492,1,,,0
672701,'2',554,,89539,1,,,0,100,,89563,1,,,0,99,,89538,1,,,0,70,,89566,1,,,0,29,,89543,1,,,0,69,,89545,1,,,0,28,,89534,1,,,0,70,,89554,1,,,0,26,,89565,1,,,0,70,,89556,1,,,0,29,,89557,1,,,0,70,,89558,1,,,0,28,,89559,1,,,0,70,,89567,1,,,0,29,,89562,1,,,0,70,,89536,1,,,0,30,,89537,1,,,0,70,,89550,1,,,0,30,,89548,1,,,0,70,,89549,1,,,0,30,,89551,1,,,0,70,,89552,1,,,0,32,,89553,1,,,0,70,,89546,1,,,0,31,,89555,1,,,0,73,,89533,1,,,0,40,,89540,1,,,0,70,,89535,1,,,0,30,,89547,1,,,0,70,,89541,1,,,0,30,,89544,1,,,0,100,,89542,1,,,0,90,,89560,1,,,0,101,,89564,1,,,0,93,,89561,1,0,35 8,0
672701,'3',630,,89573,1,,,0,98,,89579,1,,,0,100,,89576,1,,,0,101,,89592,1,,,0,30,,89597,1,,,0,60,,89588,1,,,0,30,,89585,1,,,0,70,,89571,1,,,0,25,,89581,1,,,0,70,,89580,1,,,0,29,,89583,1,,,0,68,,89582,1,,,0,30,,89568,1,,,0,70,,89584,1,,,0,31,,89586,1,,,0,70,,89575,1,,,0,33,,89574,1,,,0,71,,89587,1,,,0,31,,89590,1,,,0,70,,89578,1,,,0,35,,89570,1,,,0,78,,89569,1,,,0,73,,89599,1,,,0,29,,89589,1,,,0,70,,89591,1,,,0,29,,89572,1,,,0,70,,89593,1,,,0,30,,89594,1,,,0,70,,89595,1,,,0,50,,89596,1,,,0,99,,89577,1,,,0,97,,89600,1,,,0,96,,89598,1,0,35 8,0
