2263801,'1',450,,42628,29,,,0,70,,42629,29,,,0,22,,42630,29,,,0,15,,42631,29,,,0,54,,42632,29,,,0,14,,42633,29,,,0,13,,42634,29,,,0,14,,42635,29,,,0,54,,42636,29,,,0,17,,42637,29,,,0,7,,42638,29,,,0,21,,42639,29,,,0,54,,42640,29,,,0,16,,42641,29,,,0,12,,42642,29,,,0,24,,42643,29,,,0,71,,42644,29,,,0,31,,42645,29,,,0,68,,42646,29,,,0,30,,42647,29,,,0,70,,42648,29,,,0,30,,42649,29,,,0,70,,42650,29,,,0,30,,42651,29,,,0,70,,42652,29,,,0,30,,42653,29,,,0,71,,42654,29,,,0,20,,42666,29,,,0,65,,42655,29,,,0,20,,42656,29,,,0,20,,42657,29,,,0,78,,42658,29,,,0,15,,42659,29,,,0,55,,42660,29,,,0,15,,42661,29,,,0,14,,42662,29,,,0,13,,42663,29,,,0,14,,42610,29,,,0,57,,42619,29,,,0,21,,42617,29,,,0,20,,42618,29,,,0,69,,42665,29,,,0,19,,42612,29,,,0,16,,42664,29,,,0,65,,42627,29,,,0,22,,42611,29,,,0,69,,42620,29,,,0,30,,42621,29,,,0,70,,42622,29,,,0,28,,42613,29,,,0,70,,42625,29,,,0,20,,42626,29,,,0,69,,42614,29,,,0,29,,42624,29,,,0,69,,42615,29,,,0,30,,42623,29,,,0,70,,42616,29,,,0
2263801,'101',1619,,42667,29,,,0
2263801,'2',554,,42668,29,,,0,70,,42669,29,,,0,30,,42670,29,,,0,71,,42671,29,,,0,31,,42672,29,,,0,70,,42673,29,,,0,33,,42674,29,,,0,70,,42675,29,,,0,30,,42676,29,,,0,71,,42677,29,,,0,70,,42678,29,,,0,32,,42679,29,,,0,70,,42680,29,,,0,30,,42681,29,,,0,71,,42682,29,,,0,31,,42683,29,,,0,69,,42684,29,,,0,30,,42685,29,,,0,70,,42686,29,,,0,30,,42687,29,,,0,70,,42688,29,,,0,29,,42689,29,,,0,70,,42690,29,,,0,30,,42691,29,,,0,69,,42692,29,,,0,27,,42693,29,,,0,30,,42694,29,,,0,68,,42695,29,,,0,30,,42696,29,,,0,65,,42697,29,,,0,29,,42698,29,,,0,70,,42699,29,,,0,30,,42700,29,,,0,69,,42701,29,,,0,30,,42702,29,,,0,68,,42703,29,,,0,30,,42704,29,,,0,69,,42705,29,,,0,30,,42706,29,,,0,76,,42707,29,,,0
2263801,'201',1619,,42708,29,,,0
2263801,'3',705,,42714,29,,,0,30,,42715,29,,,0,70,,42713,29,,,0,30,,42719,29,,,0,70,,42720,29,,,0,30,,42721,29,,,0,73,,42725,29,,,0,30,,42726,29,,,0,70,,42727,29,,,0,30,,42728,29,,,0,71,,42709,29,,,0,30,,42710,29,,,0,71,,42711,29,,,0,30,,42729,29,,,0,70,,42730,29,,,0,30,,42731,29,,,0,70,,42732,29,,,0,30,,42733,29,,,0,70,,42734,29,,,0,30,,42735,29,,,0,69,,42736,29,,,0,30,,42737,29,,,0,70,,42716,29,,,0,30,,42739,29,,,0,70,,42740,29,,,0,26,,42741,29,,,0,70,,42742,29,,,0,30,,42743,29,,,0,70,,42744,29,,,0,28,,42745,29,,,0,75,,42712,29,,,0,29,,42717,29,,,0,70,,42718,29,,,0,29,,42722,29,,,0,70,,42723,29,,,0,29,,42724,29,,,0,70,,42738,29,,,0
3004901,'1',556,,46259,10,,,0,55,,46260,10,,,0,15,,46261,10,,,0,15,,46262,10,,,0,18,,46263,10,,,0,55,,46264,10,,,0,15,,46265,10,,,0,16,,46266,10,,,0,12,,46304,10,,,0,57,,46267,10,,,0,14,,46305,10,,,0,13,,46268,10,,,0,13,,46269,10,,,0,52,,46270,10,,,0,21,,46271,10,,,0,31,,46272,10,,,0,66,,46273,10,,,0,30,,46274,10,,,0,72,,46275,10,,,0,30,,46276,10,,,0,70,,46258,10,,,0,31,,46277,10,,,0,70,,46278,10,,,0,32,,46279,10,,,0,71,,46280,10,,,0,70,,46281,10,,,0,24,,46282,10,,,0,12,,46306,10,,,0,12,,46283,10,,,0,10,,46284,10,,,0,52,,46286,10,,,0,13,,46308,10,,,0,11,,46287,10,,,0,9,,46285,10,,,0,16,,46288,10,,,0,53,,46289,10,,,0,18,,46290,10,,,0,12,,46291,10,,,0,15,,46292,10,,,0,59,,46293,10,,,0,20,,46294,10,,,0,14,,46295,10,,,0,55,,46307,10,,,0,18,,46296,10,,,0,34,,46297,10,,,0,70,,46298,10,,,0,30,,46299,10,,,0,66,,46300,10,,,0,32,,46301,10,,,0,69,,46302,10,,,0,32,,46303,10,,,0,70,,46257,10,,,0
3004901,'2',556,,46309,10,,,0,70,,46315,10,,,0,30,,46316,10,,,0,71,,46317,10,,,0,30,,46318,10,,,0,73,,46320,10,,,0,70,,46321,10,,,0,30,,46322,10,,,0,72,,46323,10,,,0,30,,46324,10,,,0,71,,46325,10,,,0,28,,46326,10,,,0,70,,46327,10,,,0,30,,46328,10,,,0,70,,46329,10,,,0,30,,46330,10,,,0,71,,46331,10,,,0,30,,46332,10,,,0,69,,46333,10,,,0,30,,46334,10,,,0,69,,46335,10,,,0,30,,46336,10,,,0,20,,46345,10,,,0,59,,46337,10,,,0,20,,46338,10,,,0,20,,46346,10,,,0,59,,46339,10,,,0,20,,46340,10,,,0,20,,46347,10,,,0,61,,46341,10,,,0,20,,46344,10,,,0,19,,46348,10,,,0,58,,46342,10,,,0,20,,46343,10,,,0,30,,46319,10,,,0,68,,46310,10,,,0,30,,46311,10,,,0,67,,46312,10,,,0,30,,46313,10,,,0,70,,46314,10,,,0
3004901,'3',656,,46378,10,,,0,70,,46379,10,,,0,30,,46380,10,,,0,71,,46381,10,,,0,30,,46382,10,,,0,73,,46350,10,,,0,70,,46351,10,,,0,30,,46352,10,,,0,70,,46353,10,,,0,30,,46354,10,,,0,72,,46355,10,,,0,25,,46356,10,,,0,30,,46357,10,,,0,70,,46358,10,,,0,30,,46359,10,,,0,72,,46360,10,,,0,71,,46361,10,,,0,30,,46362,10,,,0,70,,46349,10,,,0,29,,46363,10,,,0,30,,46364,10,,,0,70,,46365,10,,,0,30,,46366,10,,,0,69,,46367,10,,,0,25,,46368,10,,,0,74,,46369,10,,,0,28,,46370,10,,,0,70,,46371,10,,,0,30,,46372,10,,,0,67,,46373,10,,,0,30,,46374,10,,,0,64,,46375,10,,,0,33,,46376,10,,,0,72,,46377,10,,,0
3058401,'1',549,,47433,11,,,0,70,,47434,11,,,0,32,,47422,11,,,0,65,,47454,11,,,0,18,,47455,11,,,0,18,,47435,11,,,0,62,,47436,11,,,0,16,,47456,11,,,0,21,,47437,11,,,0,74,,47438,11,,,0,26,,47439,11,,,0,63,,47440,11,,,0,30,,47441,11,,,0,70,,47442,11,,,0,35,,47443,11,,,0,69,,47444,11,,,0,28,,47445,11,,,0,70,,47446,11,,,0,33,,47447,11,,,0,71,,47448,11,,,0,33,,47449,11,,,0,68,,47450,11,,,0,34,,47451,11,,,0,69,,47452,11,,,0,79,,47453,11,,,0,21,,47423,11,,,0,77,,47432,11,,,0,37,,47424,11,,,0,67,,47431,11,,,0,21,,47425,11,,,0,74,,47430,11,,,0,28,,47426,11,,,0,30,,47429,11,,,0,71,,47427,11,,,0,27,,47428,11,,,0,100,,47457,11,,,0
3058401,'2',619,,47458,11,,,0,27,,47459,11,,,0,73,,47460,11,,,0,31,,47461,11,,,0,70,,47462,11,,,0,32,,47463,11,,,0,69,,47464,11,,,0,34,,47465,11,,,0,71,,47466,11,,,0,28,,47467,11,,,0,68,,47468,11,,,0,32,,47469,11,,,0,72,,47470,11,,,0,31,,47471,11,,,0,71,,47472,11,,,0,30,,47473,11,,,0,69,,47474,11,,,0,30,,47475,11,,,0,72,,47476,11,,,0,29,,47477,11,,,0,70,,47478,11,,,0,29,,47479,11,,,0,69,,47480,11,,,0,29,,47481,11,,,0,72,,47482,11,,,0,27,,47483,11,,,0,70,,47484,11,,,0,28,,47485,11,,,0,70,,47486,11,,,0,30,,47489,11,,,0,74,,47487,11,,,0,33,,47488,11,,,0,100,,47490,11,,,0,100,,47491,11,,,0
3058401,'3',757,,47492,11,,,0,72,,47493,11,,,0,30,,47494,11,,,0,71,,47495,11,,,0,70,,47496,11,,,0,32,,47497,11,,,0,71,,47498,11,,,0,34,,47499,11,,,0,68,,47503,11,,,0,33,,47504,11,,,0,69,,47505,11,,,0,30,,47506,11,,,0,72,,47507,11,,,0,28,,47508,11,,,0,65,,47509,11,,,0,30,,47510,11,,,0,70,,47511,11,,,0,30,,47512,11,,,0,70,,47513,11,,,0,31,,47514,11,,,0,70,,47515,11,,,0,30,,47516,11,,,0,69,,47517,11,,,0,29,,47518,11,,,0,69,,47519,11,,,0,33,,47500,11,,,0,70,,47501,11,,,0,28,,47502,11,,,0,71,,47520,11,,,0,98,,47521,11,,,0,100,,47522,11,,,0
