2263801,'1',449,,42628,28,,,0,70,,42629,28,,,0,22,,42630,28,,,0,16,,42631,28,,,0,54,,42632,28,,,0,14,,42633,28,,,0,12,,42634,28,,,0,14,,42635,28,,,0,54,,42636,28,,,0,17,,42637,28,,,0,8,,42638,28,,,0,20,,42639,28,,,0,55,,42640,28,,,0,16,,42641,28,,,0,12,,42642,28,,,0,24,,42643,28,,,0,70,,42644,28,,,0,31,,42645,28,,,0,68,,42646,28,,,0,30,,42647,28,,,0,70,,42648,28,,,0,30,,42649,28,,,0,70,,42650,28,,,0,30,,42651,28,,,0,70,,42652,28,,,0,30,,42653,28,,,0,72,,42654,28,,,0,20,,42666,28,,,0,64,,42655,28,,,0,20,,42656,28,,,0,20,,42657,28,,,0,78,,42658,28,,,0,15,,42659,28,,,0,55,,42660,28,,,0,15,,42661,28,,,0,14,,42662,28,,,0,13,,42663,28,,,0,14,,42610,28,,,0,58,,42619,28,,,0,20,,42617,28,,,0,21,,42618,28,,,0,68,,42665,28,,,0,19,,42612,28,,,0,16,,42664,28,,,0,66,,42627,28,,,0,22,,42611,28,,,0,69,,42620,28,,,0,29,,42621,28,,,0,70,,42622,28,,,0,29,,42613,28,,,0,70,,42625,28,,,0,20,,42626,28,,,0,69,,42614,28,,,0,29,,42624,28,,,0,69,,42615,28,,,0,30,,42623,28,,,0,70,,42616,28,,,0
2263801,'101',1618,,42667,28,,,0
2263801,'2',553,,42668,28,,,0,70,,42669,28,,,0,30,,42670,28,,,0,72,,42671,28,,,0,31,,42672,28,,,0,70,,42673,28,,,0,32,,42674,28,,,0,70,,42675,28,,,0,30,,42676,28,,,0,72,,42677,28,,,0,70,,42678,28,,,0,31,,42679,28,,,0,70,,42680,28,,,0,31,,42681,28,,,0,71,,42682,28,,,0,30,,42683,28,,,0,70,,42684,28,,,0,30,,42685,28,,,0,70,,42686,28,,,0,30,,42687,28,,,0,70,,42688,28,,,0,29,,42689,28,,,0,70,,42690,28,,,0,29,,42691,28,,,0,69,,42692,28,,,0,27,,42693,28,,,0,30,,42694,28,,,0,69,,42695,28,,,0,30,,42696,28,,,0,65,,42697,28,,,0,29,,42698,28,,,0,70,,42699,28,,,0,30,,42700,28,,,0,68,,42701,28,,,0,30,,42702,28,,,0,69,,42703,28,,,0,30,,42704,28,,,0,68,,42705,28,,,0,30,,42706,28,,,0,77,,42707,28,,,0
2263801,'201',1618,,42708,28,,,0
2263801,'3',704,,42714,28,,,0,30,,42715,28,,,0,70,,42713,28,,,0,30,,42719,28,,,0,71,,42720,28,,,0,30,,42721,28,,,0,72,,42725,28,,,0,30,,42726,28,,,0,70,,42727,28,,,0,30,,42728,28,,,0,71,,42709,28,,,0,31,,42710,28,,,0,71,,42711,28,,,0,30,,42729,28,,,0,70,,42730,28,,,0,30,,42731,28,,,0,70,,42732,28,,,0,30,,42733,28,,,0,70,,42734,28,,,0,30,,42735,28,,,0,68,,42736,28,,,0,30,,42737,28,,,0,70,,42716,28,,,0,30,,42739,28,,,0,70,,42740,28,,,0,27,,42741,28,,,0,69,,42742,28,,,0,30,,42743,28,,,0,70,,42744,28,,,0,29,,42745,28,,,0,75,,42712,28,,,0,29,,42717,28,,,0,70,,42718,28,,,0,28,,42722,28,,,0,70,,42723,28,,,0,30,,42724,28,,,0,70,,42738,28,,,0
3004901,'1',555,,46259,9,,,0,55,,46260,9,,,0,15,,46261,9,,,0,15,,46262,9,,,0,18,,46263,9,,,0,55,,46264,9,,,0,16,,46265,9,,,0,16,,46266,9,,,0,12,,46304,9,,,0,57,,46267,9,,,0,13,,46305,9,,,0,13,,46268,9,,,0,13,,46269,9,,,0,52,,46270,9,,,0,21,,46271,9,,,0,31,,46272,9,,,0,66,,46273,9,,,0,30,,46274,9,,,0,73,,46275,9,,,0,30,,46276,9,,,0,70,,46258,9,,,0,31,,46277,9,,,0,70,,46278,9,,,0,31,,46279,9,,,0,71,,46280,9,,,0,30,,46281,9,,,0,64,,46282,9,,,0,12,,46306,9,,,0,12,,46283,9,,,0,11,,46284,9,,,0,52,,46286,9,,,0,13,,46308,9,,,0,11,,46287,9,,,0,9,,46285,9,,,0,16,,46288,9,,,0,53,,46289,9,,,0,18,,46290,9,,,0,12,,46291,9,,,0,15,,46292,9,,,0,59,,46293,9,,,0,20,,46294,9,,,0,14,,46295,9,,,0,55,,46307,9,,,0,18,,46296,9,,,0,34,,46297,9,,,0,69,,46298,9,,,0,30,,46299,9,,,0,67,,46300,9,,,0,32,,46301,9,,,0,68,,46302,9,,,0,32,,46303,9,,,0,70,,46257,9,,,0
3004901,'2',556,,46309,9,,,0,70,,46315,9,,,0,30,,46316,9,,,0,71,,46317,9,,,0,30,,46318,9,,,0,73,,46320,9,,,0,70,,46321,9,,,0,30,,46322,9,,,0,72,,46323,9,,,0,30,,46324,9,,,0,71,,46325,9,,,0,28,,46326,9,,,0,70,,46327,9,,,0,29,,46328,9,,,0,70,,46329,9,,,0,30,,46330,9,,,0,71,,46331,9,,,0,30,,46332,9,,,0,69,,46333,9,,,0,30,,46334,9,,,0,29,,46335,9,,,0,71,,46336,9,,,0,20,,46345,9,,,0,59,,46337,9,,,0,20,,46338,9,,,0,20,,46346,9,,,0,59,,46339,9,,,0,20,,46340,9,,,0,20,,46347,9,,,0,61,,46341,9,,,0,20,,46344,9,,,0,19,,46348,9,,,0,58,,46342,9,,,0,20,,46343,9,,,0,30,,46319,9,,,0,68,,46310,9,,,0,30,,46311,9,,,0,67,,46312,9,,,0,30,,46313,9,,,0,70,,46314,9,,,0
3004901,'3',656,,46378,9,,,0,70,,46379,9,,,0,30,,46380,9,,,0,71,,46381,9,,,0,30,,46382,9,,,0,73,,46350,9,,,0,70,,46351,9,,,0,30,,46352,9,,,0,70,,46353,9,,,0,30,,46354,9,,,0,72,,46355,9,,,0,25,,46356,9,,,0,30,,46357,9,,,0,70,,46358,9,,,0,30,,46359,9,,,0,71,,46360,9,,,0,31,,46361,9,,,0,70,,46362,9,,,0,30,,46349,9,,,0,69,,46363,9,,,0,30,,46364,9,,,0,70,,46365,9,,,0,30,,46366,9,,,0,69,,46367,9,,,0,25,,46368,9,,,0,74,,46369,9,,,0,28,,46370,9,,,0,70,,46371,9,,,0,30,,46372,9,,,0,68,,46373,9,,,0,30,,46374,9,,,0,63,,46375,9,,,0,33,,46376,9,,,0,72,,46377,9,,,0
3058401,'1',548,,47433,10,,,0,70,,47434,10,,,0,32,,47422,10,,,0,65,,47454,10,,,0,18,,47455,10,,,0,18,,47435,10,,,0,63,,47436,10,,,0,16,,47456,10,,,0,21,,47437,10,,,0,73,,47438,10,,,0,26,,47439,10,,,0,63,,47440,10,,,0,30,,47441,10,,,0,70,,47442,10,,,0,35,,47443,10,,,0,69,,47444,10,,,0,28,,47445,10,,,0,70,,47446,10,,,0,33,,47447,10,,,0,71,,47448,10,,,0,34,,47449,10,,,0,67,,47450,10,,,0,34,,47451,10,,,0,69,,47452,10,,,0,79,,47453,10,,,0,21,,47423,10,,,0,78,,47432,10,,,0,37,,47424,10,,,0,67,,47431,10,,,0,21,,47425,10,,,0,33,,47430,10,,,0,68,,47426,10,,,0,30,,47429,10,,,0,71,,47427,10,,,0,27,,47428,10,,,0,100,,47457,10,,,0
3058401,'2',618,,47458,10,,,0,27,,47459,10,,,0,73,,47460,10,,,0,31,,47461,10,,,0,70,,47462,10,,,0,33,,47463,10,,,0,69,,47464,10,,,0,34,,47465,10,,,0,71,,47466,10,,,0,28,,47467,10,,,0,68,,47468,10,,,0,32,,47469,10,,,0,72,,47470,10,,,0,30,,47471,10,,,0,71,,47472,10,,,0,30,,47473,10,,,0,70,,47474,10,,,0,30,,47475,10,,,0,72,,47476,10,,,0,29,,47477,10,,,0,70,,47478,10,,,0,28,,47479,10,,,0,70,,47480,10,,,0,29,,47481,10,,,0,71,,47482,10,,,0,28,,47483,10,,,0,70,,47484,10,,,0,27,,47485,10,,,0,70,,47486,10,,,0,30,,47489,10,,,0,74,,47487,10,,,0,33,,47488,10,,,0,100,,47490,10,,,0,100,,47491,10,,,0
3058401,'3',757,,47492,10,,,0,72,,47493,10,,,0,30,,47494,10,,,0,71,,47495,10,,,0,70,,47496,10,,,0,32,,47497,10,,,0,71,,47498,10,,,0,34,,47499,10,,,0,67,,47503,10,,,0,33,,47504,10,,,0,69,,47505,10,,,0,30,,47506,10,,,0,72,,47507,10,,,0,28,,47508,10,,,0,65,,47509,10,,,0,30,,47510,10,,,0,70,,47511,10,,,0,31,,47512,10,,,0,70,,47513,10,,,0,31,,47514,10,,,0,69,,47515,10,,,0,30,,47516,10,,,0,69,,47517,10,,,0,29,,47518,10,,,0,29,,47519,10,,,0,73,,47500,10,,,0,70,,47501,10,,,0,28,,47502,10,,,0,72,,47520,10,,,0,98,,47521,10,,,0,100,,47522,10,,,0
