2263800,'1',508,,42509,10,,,0,30,,42510,10,,,0,71,,42511,10,,,0,11,,42512,10,,,0,14,,42513,10,,,0,17,,42514,10,,,0,53,,42515,10,,,0,18,,42516,10,,,0,10,,42517,10,,,0,18,,42518,10,,,0,63,,42519,10,,,0,19,,42520,10,,,0,24,,42485,10,,,0,65,,42486,10,,,0,30,,42487,10,,,0,70,,42488,10,,,0,30,,42489,10,,,0,71,,42490,10,,,0,30,,42491,10,,,0,70,,42492,10,,,0,30,,42493,10,,,0,71,,42494,10,,,0,33,,42495,10,,,0,68,,42496,10,,,0,27,,42497,10,,,0,73,,42498,10,,,0,15,,42499,10,,,0,15,,42500,10,,,0,69,,42501,10,,,0,11,,42502,10,,,0,14,,42476,10,,,0,55,,42507,10,,,0,15,,42508,10,,,0,15,,42477,10,,,0,23,,42506,10,,,0,62,,42528,10,,,0,19,,42479,10,,,0,64,,42527,10,,,0,26,,42521,10,,,0,22,,42478,10,,,0,74,,42503,10,,,0,26,,42504,10,,,0,71,,42505,10,,,0,32,,42480,10,,,0,66,,42525,10,,,0,30,,42526,10,,,0,70,,42481,10,,,0,32,,42524,10,,,0,69,,42482,10,,,0,30,,42523,10,,,0,70,,42483,10,,,0,30,,42522,10,,,0,70,,42484,10,,,0
2263800,'101',1604,,42529,10,,,0
2263800,'2',605,,42530,10,,,0,20,,42531,10,,,0,30,,42532,10,,,0,70,,42533,10,,,0,30,,42534,10,,,0,71,,42535,10,,,0,30,,42536,10,,,0,70,,42537,10,,,0,30,,42538,10,,,0,71,,42539,10,,,0,30,,42540,10,,,0,70,,42541,10,,,0,30,,42542,10,,,0,70,,42543,10,,,0,30,,42544,10,,,0,70,,42545,10,,,0,30,,42546,10,,,0,70,,42547,10,,,0,30,,42548,10,,,0,70,,42549,10,,,0,30,,42550,10,,,0,70,,42551,10,,,0,30,,42552,10,,,0,70,,42553,10,,,0,30,,42554,10,,,0,65,,42555,10,,,0,30,,42556,10,,,0,70,,42557,10,,,0,29,,42558,10,,,0,70,,42559,10,,,0,30,,42560,10,,,0,70,,42561,10,,,0,30,,42562,10,,,0,69,,42563,10,,,0,30,,42564,10,,,0,70,,42565,10,,,0,30,,42566,10,,,0,89,,42567,10,,,0,67,,42568,10,,,0,43,,42569,10,,,0,70,,42570,10,,,0
2263800,'201',1604,,42571,10,,,0
2263800,'3',635,,42584,10,,,0,70,,42575,10,,,0,30,,42585,10,,,0,71,,42586,10,,,0,30,,42587,10,,,0,70,,42588,10,,,0,30,,42589,10,,,0,70,,42591,10,,,0,30,,42592,10,,,0,70,,42590,10,,,0,30,,42593,10,,,0,71,,42594,10,,,0,30,,42595,10,,,0,70,,42596,10,,,0,30,,42597,10,,,0,70,,42598,10,,,0,30,,42599,10,,,0,70,,42600,10,,,0,30,,42601,10,,,0,70,,42602,10,,,0,30,,42603,10,,,0,70,,42604,10,,,0,30,,42605,10,,,0,70,,42606,10,,,0,30,,42607,10,,,0,69,,42608,10,,,0,30,,42609,10,,,0,70,,42572,10,,,0,29,,42573,10,,,0,72,,42574,10,,,0,31,,42576,10,,,0,77,,42577,10,,,0,31,,42578,10,,,0,69,,42579,10,,,0,25,,42580,10,,,0,69,,42581,10,,,0,30,,42582,10,,,0,70,,42583,10,,,0
3004900,'1',540,,46173,10,,,0,15,,46174,10,,,0,55,,46175,10,,,0,15,,46166,10,,,0,17,,46167,10,,,0,14,,46129,10,,,0,54,,46130,10,,,0,16,,46131,10,,,0,11,,46132,10,,,0,16,,46133,10,,,0,52,,46134,10,,,0,13,,46176,10,,,0,12,,46135,10,,,0,12,,46136,10,,,0,62,,46137,10,,,0,33,,46138,10,,,0,66,,46139,10,,,0,30,,46140,10,,,0,71,,46141,10,,,0,30,,46142,10,,,0,70,,46143,10,,,0,31,,46144,10,,,0,70,,46145,10,,,0,30,,46146,10,,,0,70,,46147,10,,,0,30,,46148,10,,,0,24,,46172,10,,,0,52,,46177,10,,,0,14,,46149,10,,,0,11,,46150,10,,,0,12,,46151,10,,,0,64,,46152,10,,,0,25,,46153,10,,,0,13,,46154,10,,,0,58,,46155,10,,,0,12,,46156,10,,,0,16,,46157,10,,,0,19,,46158,10,,,0,60,,46159,10,,,0,15,,46160,10,,,0,16,,46178,10,,,0,58,,46161,10,,,0,34,,46162,10,,,0,70,,46163,10,,,0,30,,46164,10,,,0,69,,46165,10,,,0,32,,46168,10,,,0,69,,46169,10,,,0,32,,46170,10,,,0,70,,46171,10,,,0
3004900,'101',1601,,46180,10,,,0,20,,46179,10,,,0
3004900,'2',542,,46193,10,,,0,69,,46195,10,,,0,30,,46196,10,,,0,70,,46197,10,,,0,30,,46198,10,,,0,71,,46199,10,,,0,30,,46200,10,,,0,70,,46201,10,,,0,30,,46181,10,,,0,70,,46186,10,,,0,31,,46194,10,,,0,68,,46211,10,,,0,29,,46202,10,,,0,68,,46203,10,,,0,30,,46204,10,,,0,70,,46205,10,,,0,31,,46206,10,,,0,70,,46207,10,,,0,30,,46208,10,,,0,70,,46209,10,,,0,29,,46210,10,,,0,71,,46212,10,,,0,20,,46217,10,,,0,20,,46182,10,,,0,60,,46183,10,,,0,20,,46218,10,,,0,20,,46184,10,,,0,60,,46185,10,,,0,20,,46219,10,,,0,21,,46187,10,,,0,61,,46188,10,,,0,19,,46220,10,,,0,18,,46189,10,,,0,60,,46190,10,,,0,30,,46191,10,,,0,69,,46192,10,,,0,30,,46213,10,,,0,69,,46214,10,,,0,30,,46215,10,,,0,70,,46216,10,,,0
3004900,'201',1601,,46222,10,,,0,20,,46221,10,,,0
3004900,'3',641,,46225,10,,,0,70,,46226,10,,,0,30,,46227,10,,,0,70,,46228,10,,,0,30,,46223,10,,,0,71,,46224,10,,,0,30,,46229,10,,,0,70,,46230,10,,,0,30,,46231,10,,,0,70,,46232,10,,,0,31,,46233,10,,,0,65,,46234,10,,,0,30,,46235,10,,,0,70,,46236,10,,,0,30,,46237,10,,,0,70,,46238,10,,,0,31,,46239,10,,,0,70,,46240,10,,,0,30,,46241,10,,,0,70,,46242,10,,,0,30,,46243,10,,,0,70,,46244,10,,,0,30,,46245,10,,,0,68,,46246,10,,,0,27,,46247,10,,,0,74,,46248,10,,,0,29,,46249,10,,,0,70,,46250,10,,,0,30,,46251,10,,,0,69,,46252,10,,,0,30,,46253,10,,,0,65,,46254,10,,,0,33,,46255,10,,,0,72,,46256,10,,,0
3058400,'1',532,,47332,11,,,0,70,,47333,11,,,0,31,,47321,11,,,0,23,,47353,11,,,0,56,,47354,11,,,0,19,,47334,11,,,0,21,,47335,11,,,0,58,,47355,11,,,0,20,,47336,11,,,0,73,,47337,11,,,0,28,,47338,11,,,0,23,,47339,11,,,0,70,,47340,11,,,0,30,,47341,11,,,0,74,,47342,11,,,0,29,,47343,11,,,0,68,,47344,11,,,0,29,,47345,11,,,0,73,,47346,11,,,0,31,,47347,11,,,0,73,,47348,11,,,0,28,,47349,11,,,0,71,,47350,11,,,0,29,,47351,11,,,0,79,,47352,11,,,0,64,,47322,11,,,0,36,,47331,11,,,0,78,,47323,11,,,0,28,,47330,11,,,0,62,,47324,11,,,0,34,,47329,11,,,0,69,,47325,11,,,0,31,,47328,11,,,0,71,,47326,11,,,0,28,,47327,11,,,0,100,,47356,11,,,0
3058400,'2',603,,47357,11,,,0,28,,47358,11,,,0,72,,47359,11,,,0,30,,47360,11,,,0,70,,47361,11,,,0,32,,47362,11,,,0,69,,47363,11,,,0,33,,47364,11,,,0,71,,47365,11,,,0,27,,47366,11,,,0,67,,47367,11,,,0,32,,47368,11,,,0,72,,47369,11,,,0,29,,47370,11,,,0,70,,47371,11,,,0,30,,47372,11,,,0,70,,47373,11,,,0,30,,47374,11,,,0,71,,47375,11,,,0,30,,47376,11,,,0,70,,47377,11,,,0,29,,47378,11,,,0,70,,47379,11,,,0,30,,47380,11,,,0,71,,47381,11,,,0,29,,47382,11,,,0,70,,47383,11,,,0,29,,47384,11,,,0,70,,47385,11,,,0,30,,47388,11,,,0,74,,47386,11,,,0,33,,47387,11,,,0,100,,47389,11,,,0,100,,47390,11,,,0
3058400,'3',741,,47392,11,,,0,72,,47393,11,,,0,30,,47394,11,,,0,70,,47395,11,,,0,30,,47396,11,,,0,72,,47397,11,,,0,30,,47398,11,,,0,74,,47399,11,,,0,26,,47400,11,,,0,72,,47401,11,,,0,29,,47402,11,,,0,70,,47403,11,,,0,31,,47404,11,,,0,68,,47405,11,,,0,25,,47406,11,,,0,70,,47407,11,,,0,30,,47408,11,,,0,72,,47409,11,,,0,30,,47410,11,,,0,71,,47411,11,,,0,31,,47412,11,,,0,70,,47391,11,,,0,29,,47413,11,,,0,70,,47414,11,,,0,30,,47415,11,,,0,73,,47416,11,,,0,30,,47417,11,,,0,68,,47418,11,,,0,32,,47419,11,,,0,98,,47420,11,,,0,100,,47421,11,,,0
