662201,'1',526,,121631,30,,,0,17,,121632,30,,,0,57,,121633,30,,,0,19,,121634,30,,,0,12,,121635,25,,,0,13,,121636,30,,,0,12,,121637,25,,,0,52,,121638,25,,,0,12,,121639,25,,,0,12,,121640,25,,,0,12,,121641,30,,,0,12,,121642,25,,,0,54,,121643,25,,,0,12,,121644,25,,,0,12,,121645,25,,,0,10,,121646,25,,,0,10,,121647,25,,,0,50,,121648,25,,,0,10,,121649,25,,,0,11,,121650,25,,,0,10,,121707,25,,,0,10,,121651,25,,,0,12,,121652,25,,,0,52,,121653,25,,,0,11,,121654,25,,,0,12,,121709,25,,,0,12,,121655,25,,,0,12,,121656,25,,,0,52,,121657,25,,,0,12,,121658,25,,,0,12,,121710,25,,,0,12,,121659,25,,,0,12,,121660,25,,,0,52,,121661,25,,,0,13,,121662,25,,,0,12,,121711,25,,,0,12,,121663,25,,,0,12,,121664,25,,,0,52,,121665,25,,,0,12,,121666,25,,,0,12,,121712,25,,,0,12,,121667,25,,,0,12,,121668,25,,,0,52,,121669,25,,,0,12,,121670,25,,,0,12,,121671,25,,,0,13,,121672,25,,,0,12,,121673,25,,,0,52,,121674,25,,,0,12,,121675,25,,,0,11,,121676,25,,,0,8,,121677,25,,,0,8,,121678,25,,,0,8,,121679,25,,,0,47,,121680,25,,,0,15,,121681,25,,,0,8,,121682,25,,,0,7,,121683,25,,,0,8,,121684,25,,,0,7,,121685,25,,,0,8,,121686,25,,,0,46,,121687,25,,,0,8,,121708,25,,,0,7,,121688,25,,,0,8,,121689,25,,,0,8,,121690,25,,,0,8,,121691,25,,,0,8,,121692,25,,,0,8,,121693,25,,,0,48,,121694,25,,,0,9,,121695,25,,,0,10,,121696,25,,,0,10,,121697,25,,,0,10,,121698,25,,,0,12,,121699,25,,,0,52,,121700,25,,,0,13,,121701,25,,,0,15,,121702,25,,,0,15,,121703,25,,,0,55,,121704,25,,,0,15,,121705,25,,,0,15,,121706,25,,,0
662201,'101',1612,,121603,25,,,0
662201,'152201',2050,,121604,25,,,0,56,,121605,25,,,0,18,,121606,25,,,0,20,,121607,25,,,0,60,,121608,25,,,0,21,,121609,25,,,0,19,,121610,25,,,0,62,,121611,25,,,0,20,,121612,25,,,0,23,,121613,25,,,0,72,,121614,25,,,0,30,,121615,25,,,0,70,,121616,25,,,0
662201,'152301',2050,,121617,25,,,0,56,,121618,25,,,0,18,,121619,25,,,0,20,,121620,25,,,0,60,,121621,25,,,0,21,,121622,25,,,0,19,,121623,25,,,0,62,,121624,25,,,0,20,,121625,25,,,0,23,,121626,25,,,0,72,,121627,25,,,0,30,,121628,25,,,0,70,,121629,25,,,0
662201,'2',530,,121775,30,,,0,20,,121723,30,,,0,60,,121785,30,,,0,20,,121783,25,,,0,19,,121719,30,,,0,56,,121716,25,,,0,15,,121778,30,,,0,16,,121724,25,,,0,15,,121782,25,,,0,55,,121721,30,,,0,16,,121714,25,,,0,15,,121779,25,,,0,15,,121777,25,,,0,55,,121792,25,,,0,15,,121720,25,,,0,15,,121788,25,,,0,19,,121715,25,,,0,55,,121725,25,,,0,13,,121732,25,,,0,12,,121798,25,,,0,12,,121733,25,,,0,52,,121734,25,,,0,12,,121735,25,,,0,12,,121744,25,,,0,12,,121799,25,,,0,11,,121737,25,,,0,12,,121781,25,,,0,52,,121738,25,,,0,12,,121739,25,,,0,12,,121800,25,,,0,12,,121740,25,,,0,12,,121741,25,,,0,52,,121742,25,,,0,12,,121743,25,,,0,12,,121745,25,,,0,12,,121746,25,,,0,12,,121747,25,,,0,51,,121748,25,,,0,10,,121749,25,,,0,9,,121750,25,,,0,9,,121751,25,,,0,9,,121793,25,,,0,10,,121752,25,,,0,50,,121753,25,,,0,10,,121754,25,,,0,10,,121755,25,,,0,10,,121756,25,,,0,11,,121796,25,,,0,10,,121757,25,,,0,50,,121758,25,,,0,10,,121759,25,,,0,10,,121760,25,,,0,10,,121761,25,,,0,10,,121794,25,,,0,10,,121762,25,,,0,50,,121763,25,,,0,10,,121764,25,,,0,10,,121765,25,,,0,11,,121766,25,,,0,10,,121795,25,,,0,10,,121767,25,,,0,50,,121768,25,,,0,11,,121769,25,,,0,10,,121770,25,,,0,10,,121771,25,,,0,9,,121772,25,,,0,52,,121797,25,,,0,12,,121773,25,,,0,11,,121726,25,,,0,16,,121727,25,,,0,15,,121736,25,,,0,56,,121728,25,,,0,14,,121729,25,,,0,14,,121730,25,,,0,15,,121731,25,,,0,55,,121791,25,,,0,17,,121722,25,,,0,20,,121718,25,,,0,60,,121776,25,,,0,20,,121786,25,,,0,21,,121790,25,,,0,62,,121774,25,,,0,20,,121787,25,,,0,23,,121717,25,,,0,70,,121780,25,,,0,30,,121784,25,,,0,70,,121789,25,,,0
662201,'201',1612,,121713,25,,,0
662201,'3',619,,121801,30,,,0,21,,121802,30,,,0,19,,121803,30,,,0,61,,121804,30,,,0,20,,121805,30,,,0,61,,121806,30,,,0,19,,121807,25,,,0,16,,121808,30,,,0,15,,121809,25,,,0,55,,121810,25,,,0,16,,121811,25,,,0,15,,121812,25,,,0,15,,121813,25,,,0,55,,121814,25,,,0,15,,121815,25,,,0,15,,121816,25,,,0,15,,121817,25,,,0,53,,121818,25,,,0,13,,121819,25,,,0,12,,121820,25,,,0,12,,121821,25,,,0,12,,121822,25,,,0,52,,121823,25,,,0,14,,121824,25,,,0,12,,121825,25,,,0,12,,121826,25,,,0,12,,121827,25,,,0,52,,121828,25,,,0,12,,121829,25,,,0,12,,121830,25,,,0,12,,121831,25,,,0,10,,121832,25,,,0,52,,121833,25,,,0,12,,121834,25,,,0,12,,121835,25,,,0,12,,121836,25,,,0,12,,121837,25,,,0,52,,121838,25,,,0,12,,121839,25,,,0,12,,121840,25,,,0,12,,121841,25,,,0,12,,121842,25,,,0,52,,121843,25,,,0,12,,121844,25,,,0,12,,121845,25,,,0,12,,121846,25,,,0,12,,121847,25,,,0,53,,121848,25,,,0,14,,121849,25,,,0,14,,121850,25,,,0,14,,121851,25,,,0,55,,121852,25,,,0,15,,121853,25,,,0,15,,121854,25,,,0,15,,121855,25,,,0,55,,121856,25,,,0,14,,121857,25,,,0,15,,121858,25,,,0,15,,121859,25,,,0,57,,121860,25,,,0,20,,121861,25,,,0,20,,121862,25,,,0,60,,121863,25,,,0,19,,121864,25,,,0,20,,121865,25,,,0,60,,121866,25,,,0,20,,121867,25,,,0,20,,121868,25,,,0,60,,121869,25,,,0,20,,121870,25,,,0,27,,121871,25,,,0,72,,121872,25,,,0,30,,121873,25,,,0,70,,121874,30,,,0
683801,'1',2521,,155524,34,,,0,29,,155520,34,,,0,70,,155519,34,,,0,30,,155518,34,,,0,73,,155521,34,,,0,27,,155522,34,,,0,69,,155523,34,,,0,40,,155516,34,,,0,70,,155517,34,,,0
683801,'2',2552,,155526,34,,,0,77,,155528,34,,,0,21,,155527,34,,,0,60,,155529,34,,,0,23,,155530,34,,,0,20,,155531,34,,,0,60,,155532,34,,,0,27,,155533,34,,,0,70,,155534,34,,,0,29,,155525,34,,,0
683801,'3',2549,,155536,34,,,0,70,,155535,34,,,0,31,,155537,34,,,0,79,,155538,34,,,0,17,,155539,34,,,0,74,,155540,34,,,0,30,,155541,34,,,0,80,,155542,34,,,0
1671801,'1',541,,158690,10,,,0,14,,158691,10,,,0,53,,158692,10,,,0,13,,158716,10,,,0,13,,158693,10,,,0,13,,158694,10,,,0,53,,158695,10,,,0,15,,158696,10,,,0,15,,158712,10,,,0,14,,158697,10,,,0,15,,158698,10,,,0,55,,158699,10,,,0,15,,158700,10,,,0,15,,158701,10,,,0,14,,158702,10,,,0,54,,158703,10,,,0,14,,158704,10,,,0,15,,158705,10,,,0,14,,158706,10,,,0,55,,158707,10,,,0,15,,158708,10,,,0,15,,158683,10,,,0,15,,158684,10,,,0,55,,158685,10,,,0,15,,158686,10,,,0,15,,158687,10,,,0,15,,158688,10,,,0,55,,158689,10,,,0,15,,158650,10,,,0,16,,158651,10,,,0,15,,158652,10,,,0,56,,158653,10,,,0,15,,158654,10,,,0,15,,158655,10,,,0,15,,158656,10,,,0,55,,158657,10,,,0,15,,158658,10,,,0,15,,158659,10,,,0,15,,158660,10,,,0,53,,158661,10,,,0,12,,158662,10,,,0,12,,158663,10,,,0,11,,158664,10,,,0,10,,158665,10,,,0,50,,158666,10,,,0,10,,158667,10,,,0,11,,158668,10,,,0,12,,158669,10,,,0,12,,158670,10,,,0,52,,158671,10,,,0,12,,158672,10,,,0,12,,158673,10,,,0,12,,158674,10,,,0,12,,158675,10,,,0,54,,158676,10,,,0,15,,158677,10,,,0,15,,158678,10,,,0,15,,158679,10,,,0,55,,158680,10,,,0
1671801,'2',540,,158834,10,,,0,18,,158835,10,,,0,55,,158847,10,,,0,14,,158848,10,,,0,15,,158849,10,,,0,15,,158850,10,,,0,54,,158851,10,,,0,15,,158852,10,,,0,15,,158853,10,,,0,15,,158803,10,,,0,56,,158854,10,,,0,15,,158855,10,,,0,16,,158856,10,,,0,16,,158857,10,,,0,55,,158858,10,,,0,15,,158859,10,,,0,16,,158860,10,,,0,55,,158861,10,,,0,16,,158862,10,,,0,12,,158846,10,,,0,12,,158797,10,,,0,12,,158798,10,,,0,52,,158799,10,,,0,12,,158800,10,,,0,11,,158796,10,,,0,12,,158801,10,,,0,12,,158802,10,,,0,52,,158804,10,,,0,12,,158805,10,,,0,12,,158828,10,,,0,10,,158806,10,,,0,10,,158807,10,,,0,10,,158808,10,,,0,50,,158809,10,,,0,10,,158810,10,,,0,10,,158829,10,,,0,10,,158820,10,,,0,10,,158821,10,,,0,10,,158822,10,,,0,50,,158823,10,,,0,10,,158824,10,,,0,10,,158830,10,,,0,10,,158825,10,,,0,10,,158826,10,,,0,9,,158827,10,,,0,50,,158811,10,,,0,10,,158793,10,,,0,10,,158831,10,,,0,10,,158812,10,,,0,10,,158813,10,,,0,11,,158814,10,,,0,50,,158815,10,,,0,10,,158816,10,,,0,10,,158832,10,,,0,10,,158817,10,,,0,10,,158818,10,,,0,10,,158819,10,,,0,50,,158836,10,,,0,10,,158837,10,,,0,10,,158833,10,,,0,12,,158838,10,,,0,12,,158839,10,,,0,52,,158840,10,,,0,12,,158841,10,,,0,12,,158842,10,,,0,12,,158843,10,,,0,13,,158844,10,,,0,53,,158845,10,,,0
1671801,'291101',1832,,158717,10,0,10,0,15,,158718,10,0,10,0,10,,158719,10,0,10,0,60,,158720,10,0,10,0,15,,158721,10,0,10,0,15,,158722,10,0,10,0,55,,158723,10,0,10,0,15,,158724,10,0,10,0,15,,158725,10,0,10,0,15,,158726,10,0,10,0,55,,158727,10,0,10,0,15,,158728,10,0,10,0,15,,158729,10,0,10,0,15,,158730,10,0,10,0,55,,158731,10,0,10,0,15,,158732,10,0,10,0,15,,158733,10,0,10,0,15,,158734,10,0,10,0,55,,158735,10,0,10,0,15,,158736,10,0,10,0,15,,158737,10,0,10,0,15,,158738,10,0,10,0,55,,158739,10,0,10,0
1671801,'291102',1832,,158740,10,0,10,0,11,,158741,10,0,10,0,13,,158742,10,0,10,0,61,,158743,10,0,10,0,15,,158744,10,0,10,0,15,,158745,10,0,10,0,55,,158746,10,0,10,0,15,,158747,10,0,10,0,15,,158748,10,0,10,0,15,,158749,10,0,10,0,55,,158750,10,0,10,0,15,,158751,10,0,10,0,15,,158752,10,0,10,0,15,,158753,10,0,10,0,55,,158754,10,0,10,0,15,,158755,10,0,10,0,15,,158756,10,0,10,0,15,,158757,10,0,10,0,55,,158758,10,0,10,0,15,,158759,10,0,10,0,15,,158760,10,0,10,0,15,,158761,10,0,10,0,55,,158762,10,0,10,0
1671801,'291103',1834,,158763,10,0,10,0,15,,158764,10,0,10,0,53,,158765,10,0,10,0,15,,158766,10,0,10,0,15,,158767,10,0,10,0,15,,158768,10,0,10,0,55,,158769,10,0,10,0,15,,158770,10,0,10,0,15,,158771,10,0,10,0,15,,158772,10,0,10,0,55,,158773,10,0,10,0,15,,158774,10,0,10,0,15,,158775,10,0,10,0,15,,158776,10,0,10,0,55,,158777,10,0,10,0,15,,158778,10,0,10,0,15,,158779,10,0,10,0,15,,158780,10,0,10,0,55,,158781,10,0,10,0,15,,158782,10,0,10,0,15,,158783,10,0,10,0,15,,158784,10,0,10,0,55,,158785,10,0,10,0
1671801,'3',613,,158944,10,,,0,22,,158945,10,,,0,22,,158946,10,,,0,62,,158947,10,,,0,16,,158957,10,,,0,15,,158948,10,,,0,56,,158949,10,,,0,16,,158950,10,,,0,15,,158951,10,,,0,15,,158952,10,,,0,54,,158953,10,,,0,15,,158954,10,,,0,15,,158955,10,,,0,15,,158956,10,,,0,55,,158879,10,,,0,15,,158881,10,,,0,15,,158882,10,,,0,15,,158883,10,,,0,55,,158884,10,,,0,15,,158885,10,,,0,15,,158935,10,,,0,15,,158886,10,,,0,55,,158887,10,,,0,13,,158888,10,,,0,12,,158936,10,,,0,12,,158889,10,,,0,11,,158893,10,,,0,51,,158894,10,,,0,12,,158895,10,,,0,12,,158937,10,,,0,12,,158896,10,,,0,12,,158897,10,,,0,52,,158898,10,,,0,12,,158899,10,,,0,12,,158938,10,,,0,12,,158900,10,,,0,12,,158880,10,,,0,52,,158901,10,,,0,12,,158902,10,,,0,12,,158939,10,,,0,12,,158903,10,,,0,12,,158904,10,,,0,52,,158905,10,,,0,12,,158906,10,,,0,13,,158940,10,,,0,12,,158907,10,,,0,13,,158908,10,,,0,52,,158909,10,,,0,12,,158910,10,,,0,13,,158941,10,,,0,13,,158911,10,,,0,13,,158942,10,,,0,55,,158912,10,,,0,15,,158913,10,,,0,15,,158914,10,,,0,15,,158915,10,,,0
