667201,'101_merged_15529685',1633,,78342,36,,,0
667201,'1_merged_15529678',604,,78363,36,,,0,32,,78354,36,,,0,18,,78362,36,,,0,55,,78349,36,,,0,15,,78359,36,,,0,9,,78386,36,,,0,11,,78382,36,,,0,11,,78378,36,,,0,53,,78375,36,,,0,15,,78380,36,,,0,14,,78381,36,,,0,15,,78377,36,,,0,55,,78347,36,,,0,17,,78345,36,,,0,9,,78374,36,,,0,11,,78344,36,,,0,12,,78372,36,,,0,60,,78351,36,,,0,25,,78346,36,,,0,70,,78348,36,,,0,31,,78368,36,,,0,69,,78376,36,,,0,29,,78371,36,,,0,69,,78358,36,,,0,26,,78357,36,,,0,78,,78356,36,,,0,31,,78350,36,,,0,68,,78355,36,,,0,34,,78352,36,,,0,69,,78385,36,,,0,10,,78384,36,,,0,29,,78383,36,,,0,56,,78364,36,,,0,21,,78370,36,,,0,12,,78369,36,,,0,60,,78373,36,,,0,14,,78361,36,,,0,14,,78367,36,,,0,16,,78366,36,,,0,11,,78365,36,,,0,59,,78360,36,,,0,31,,78379,36,,,0
667201,'2_merged_15529680',639,,78392,13,,,0,69,,78397,36,,,0,31,,78396,36,,,0,71,,78391,36,,,0,30,,78394,36,,,0,70,,78389,36,,,0,30,,78400,36,,,0,71,,78387,36,,,0,30,,78404,36,,,0,70,,78403,36,,,0,30,,78399,36,,,0,69,,78410,36,,,0,33,,78398,36,,,0,71,,78409,36,,,0,31,,78402,36,,,0,70,,78393,36,,,0,19,,78408,36,,,0,20,,78414,36,,,0,59,,78415,36,,,0,21,,78416,36,,,0,20,,78390,36,,,0,60,,78407,36,,,0,22,,78401,36,,,0,20,,78411,36,,,0,60,,78412,36,,,0,22,,78413,36,,,0,21,,78406,36,,,0,58,,78388,36,,,0,18,,78417,36,,,0,20,,78395,36,,,0,60,,78418,36,,,0,19,,78405,36,,,0,17,,78419,36,,,0
667201,'3_merged_15529679',707,,78421,13,,,0,30,,78445,36,,,0,71,,78444,36,,,0,30,,78425,36,,,0,70,,78427,36,,,0,30,,78438,36,,,0,70,,78428,36,,,0,30,,78434,36,,,0,70,,78430,36,,,0,33,,78437,36,,,0,69,,78432,36,,,0,31,,78423,36,,,0,71,,78433,36,,,0,30,,78441,36,,,0,69,,78431,36,,,0,32,,78426,36,,,0,70,,78422,36,,,0,30,,78440,36,,,0,70,,78439,36,,,0,30,,78435,36,,,0,69,,78443,36,,,0,30,,78436,36,,,0,69,,78424,36,,,0,30,,78429,36,,,0,69,,78442,36,,,0,30,,78420,36,,,0
667301,'1_merged_15529678',711,,78576,41,,,0,9,,78590,41,,,0,9,,78602,41,,,0,16,,78608,41,,,0,14,,78596,41,,,0,59,,78567,41,,,0,22,,78589,41,,,0,18,,78585,41,,,0,68,,78606,41,,,0,77,,78607,41,,,0,10,,78571,41,,,0,26,,78570,41,,,0,62,,78569,41,,,0,27,,78593,41,,,0,30,,78594,41,,,0,72,,78592,41,,,0,28,,78583,41,,,0,68,,78591,41,,,0,33,,78595,41,,,0,71,,78575,41,,,0,72,,78580,41,,,0,24,,78572,41,,,0,80,,78597,41,,,0,24,,78603,41,,,0,26,,78588,41,,,0,74,,78581,41,,,0,75,,78599,41,,,0,8,,78568,41,,,0,24,,78604,41,,,0
667301,'2_merged_15529680',953,,78614,41,,,0,69,,78615,41,,,0,36,,78616,41,,,0,72,,78639,41,,,0,25,,78617,41,,,0,70,,78635,41,,,0,78,,78618,41,,,0,33,,78619,41,,,0,23,,78641,41,,,0,72,,78636,41,,,0,71,,78620,41,,,0,31,,78640,41,,,0,73,,78621,41,,,0,37,,78637,41,,,0,66,,78622,41,,,0,31,,78623,41,,,0,69,,78624,41,,,0
667301,'3_merged_15529679',953,,78662,41,,,0,77,,78666,41,,,0,29,,78648,41,,,0,71,,78667,41,,,0,27,,78649,41,,,0,73,,78668,41,,,0,29,,78650,41,,,0,71,,78669,41,,,0,72,,78651,41,,,0,31,,78670,41,,,0,69,,78652,41,,,0,33,,78671,41,,,0,70,,78653,41,,,0,29,,78672,41,,,0,71,,78654,41,,,0,30,,78663,41,,,0
667501,'1_merged_15529678',732,,78985,26,,,0,24,,78987,26,,,0,73,,78996,26,,,0,24,,78992,26,,,0,68,,78997,26,,,0
1671701,'1_merged_15529678',2018,,99461,48,,,0,28,,99460,48,,,0,66,,99459,48,,,0,30,,99472,48,,,0,70,,99471,48,,,0,27,,99470,48,,,0,70,,99469,47,,,0,26,,99468,47,,,0,74,,99467,47,,,0,29,,99466,47,,,0,117,,99463,24,,,0
1671701,'2_merged_15529680',2008,,99475,48,,,0,29,,99474,48,,,0,69,,99473,48,,,0,30,,99485,48,,,0,71,,99484,48,,,0,30,,99483,48,,,0,72,,99482,47,,,0,27,,99481,47,,,0,70,,99480,47,,,0,29,,99479,47,,,0,169,,99476,24,,,0
1671701,'3_merged_15529679',2010,,99487,48,,,0,30,,99500,48,,,0,70,,99499,48,,,0,30,,99498,48,,,0,70,,99497,48,,,0,28,,99496,48,,,0,68,,99495,47,,,0,30,,99494,47,,,0,70,,99493,47,,,0,29,,99492,47,,,0,113,,99488,24,,,0,67,,99489,47,,,0
