671600,'1_merged_15291795',450,,87860,23,,,0,70,,87861,23,,,0,29,,87862,23,,,0,61,,87863,23,,,0,20,,87864,23,,,0,18,,87865,23,,,0,60,,87866,23,,,0,30,,87867,23,,,0,72,,87868,23,,,0,31,,87869,23,,,0,72,,87870,23,,,0
675400,'101_merged_15291802',1514,,92698,5,0,32,0
675401,'101_merged_15291802',805,,92699,38,0,32,0
3181600,'1_merged_15291795',559,,106425,11,,,0,71,,106426,11,,,0,73,,106427,11,,,0,31,,106428,11,,,0,69,,106429,11,,,0,30,,106405,11,,,0,71,,106406,11,,,0,31,,106407,11,,,0,70,,106430,11,,,0,30,,106431,11,,,0,70,,106408,11,,,0,30,,106409,11,,,0,71,,106410,11,,,0,31,,106411,11,,,0,70,,106412,11,,,0,30,,106413,11,,,0,70,,106414,11,,,0,31,,106415,11,,,0,70,,106416,11,,,0,29,,106417,11,,,0,70,,106418,11,,,0,31,,106419,11,,,0,68,,106420,11,,,0,30,,106421,11,,,0,70,,106422,11,,,0,30,,106423,11,,,0,68,,106424,11,,,0
3181600,'2_merged_15291797',737,,106432,11,,,0,95,,106433,11,,,0,100,,106434,11,,,0,104,,106435,11,,,0,99,,106436,11,,,0,100,,106437,11,,,0,101,,106438,11,,,0,100,,106439,11,,,0,100,,106440,11,,,0,101,,106441,11,,,0,99,,106442,11,,,0,99,,106443,11,,,0,99,,106444,11,,,0,101,,106445,11,,,0,100,,106446,11,,,0
3181600,'3_merged_15291796',837,,106453,11,,,0,100,,106454,11,,,0,100,,106455,11,,,0,102,,106456,11,,,0,100,,106457,11,,,0,97,,106447,11,,,0,101,,106448,11,,,0,100,,106449,11,,,0,102,,106450,11,,,0,98,,106451,11,,,0,100,,106452,11,,,0
3181601,'1_merged_15291795',649,,106473,24,,,0,71,,106474,24,,,0,30,,106475,24,,,0,71,,106476,24,,,0,30,,106477,24,,,0,70,,106478,24,,,0,30,,106479,24,,,0,70,,106480,24,,,0,30,,106481,24,,,0,71,,106482,24,,,0,30,,106483,24,,,0,70,,106484,24,,,0,30,,106458,24,,,0,69,,106459,24,,,0,30,,106460,24,,,0,69,,106461,24,,,0,31,,106462,24,,,0,71,,106463,24,,,0,30,,106464,24,,,0,70,,106465,24,,,0,30,,106466,24,,,0,68,,106467,24,,,0,30,,106468,24,,,0,70,,106469,24,,,0,30,,106470,24,,,0,69,,106471,24,,,0,30,,106472,24,,,0
3181601,'2_merged_15291797',820,,106487,24,,,0,100,,106488,24,,,0,100,,106489,24,,,0,100,,106490,24,,,0,101,,106491,24,,,0,101,,106492,24,,,0,96,,106493,24,,,0,101,,106494,24,,,0,101,,106485,24,,,0,100,,106486,24,,,0,100,,106495,24,,,0,101,,106496,24,,,0,99,,106497,24,,,0
3181601,'3_merged_15291796',822,,106498,24,,,0,100,,106499,24,,,0,101,,106500,24,,,0,98,,106501,24,,,0,100,,106502,24,,,0,100,,106503,24,,,0,99,,106504,24,,,0,101,,106505,24,,,0,100,,106506,24,,,0,101,,106507,24,,,0,102,,106508,24,,,0,101,,106509,24,,,0
4085501,'1_merged_15291795',447,,114189,23,,,0,71,,114190,23,,,0,29,,114191,23,,,0,65,,114192,23,,,0,19,,114193,23,,,0,19,,114194,23,,,0,60,,114195,23,,,0,20,,114196,23,,,0,21,,114197,23,,,0,61,,114198,23,,,0,20,,114199,23,,,0,18,,114200,23,,,0,63,,114201,23,,,0,32,,114202,23,,,0,67,,114203,23,,,0,30,,114204,23,,,0,70,,114205,23,,,0,30,,114206,23,,,0,70,,114207,23,,,0,30,,114208,23,,,0,71,,114209,23,,,0,30,,114210,23,,,0,71,,114211,23,,,0,30,,114212,23,,,0,70,,114213,23,,,0,18,,114214,23,,,0,22,,114215,23,,,0,60,,114216,23,,,0,20,,114217,23,,,0,19,,114218,23,,,0,60,,114219,23,,,0,20,,114220,23,,,0,20,,114221,23,,,0,59,,114222,23,,,0,20,,114223,23,,,0,20,,114224,23,,,0,60,,114225,23,,,0,31,,114226,23,,,0,70,,114227,23,,,0,30,,114228,23,,,0,70,,114229,23,,,0,30,,114230,23,,,0,69,,114231,23,,,0,30,,114232,23,,,0,70,,114233,23,,,0,30,,114238,23,,,0,70,,114234,23,,,0,30,,114239,23,,,0,70,,114235,23,,,0,88,,114236,23,,,0,59,,114237,23,,,0
4085501,'2_merged_15291797',446,,114240,23,,,0,95,,114241,23,,,0,70,,114242,23,,,0,30,,114243,23,,,0,71,,114244,23,,,0,32,,114245,23,,,0,70,,114246,23,,,0,30,,114247,23,,,0,70,,114248,23,,,0,30,,114249,23,,,0,70,,114250,23,,,0,31,,114251,23,,,0,70,,114252,23,,,0,30,,114253,23,,,0,70,,114254,23,,,0,30,,114255,23,,,0,70,,114256,23,,,0,30,,114257,23,,,0,70,,114258,23,,,0,30,,114259,23,,,0,70,,114260,23,,,0,30,,114261,23,,,0,71,,114262,23,,,0,30,,114263,23,,,0,70,,114264,23,,,0,30,,114265,23,,,0,69,,114266,23,,,0,30,,114267,23,,,0,70,,114268,23,,,0,30,,114269,23,,,0,69,,114270,23,,,0,30,,114271,23,,,0,70,,114272,23,,,0,30,,114273,23,,,0,70,,114274,23,,,0,30,,114275,23,,,0,70,,114276,23,,,0,30,,114277,23,,,0,70,,114281,23,,,0,30,,114278,23,,,0,71,,114282,23,,,0,42,,114279,23,,,0,90,,114280,23,,,0
4085501,'3_merged_15291796',450,,114283,23,,,0,99,,114284,23,,,0,70,,114285,23,,,0,30,,114286,23,,,0,69,,114287,23,,,0,29,,114288,23,,,0,72,,114289,23,,,0,30,,114290,23,,,0,70,,114291,23,,,0,31,,114292,23,,,0,70,,114293,23,,,0,27,,114294,23,,,0,70,,114295,23,,,0,30,,114296,23,,,0,70,,114297,23,,,0,30,,114298,23,,,0,70,,114299,23,,,0,30,,114300,23,,,0,70,,114301,23,,,0,30,,114302,23,,,0,70,,114303,23,,,0,30,,114304,23,,,0,68,,114305,23,,,0,30,,114306,23,,,0,70,,114307,23,,,0,30,,114308,23,,,0,70,,114309,23,,,0,30,,114310,23,,,0,69,,114311,23,,,0,30,,114312,23,,,0,70,,114313,23,,,0,30,,114314,23,,,0,70,,114315,23,,,0,30,,114316,23,,,0,69,,114317,23,,,0,32,,114318,23,,,0,73,,114319,23,,,0,30,,114320,23,,,0,67,,114324,23,,,0,30,,114321,23,,,0,69,,114325,23,,,0,42,,114322,23,,,0,90,,114323,23,,,0
