662401,'1',515,,6629,,,0,34,,6632,,,0,55,,6633,,,0,15,,6634,,,0,13,,6635,,,0,12,,6636,,,0,12,,6637,,,0,51,,6638,,,0,12,,6639,,,0,10,,6640,,,0,12,,6641,,,0,12,,6642,,,0,50,,6643,,,0,12,,6644,,,0,12,,6645,,,0,15,,6646,,,0,15,,6647,,,0,55,,6648,,,0,15,,6649,,,0,15,,6650,,,0,15,,6651,,,0,56,,6652,,,0,15,,6653,,,0,15,,6654,,,0,15,,6655,,,0,54,,6656,,,0,15,,6657,,,0,14,,6658,,,0,14,,6659,,,0,55,,6660,,,0,15,,6661,,,0,15,,6662,,,0,15,,6663,,,0,55,,6664,,,0,15,,6665,,,0,15,,6666,,,0,15,,6667,,,0,55,,6668,,,0,12,,6669,,,0,12,,6670,,,0,9,,6671,,,0,11,,6672,,,0,50,,6673,,,0,11,,6674,,,0,11,,6675,,,0,12,,6676,,,0,11,,6677,,,0,51,,6678,,,0,11,,6679,,,0,10,,6680,,,0,10,,6681,,,0,10,,6682,,,0,10,,6683,,,0,50,,6684,,,0,10,,6685,,,0,10,,6686,,,0,10,,6687,,,0,12,,6688,,,0,12,,6689,,,0,52,,6690,,,0,12,,6691,,,0,12,,6692,,,0,15,,6693,,,0,12,,6694,,,0,55,,6695,,,0,14,,6696,,,0,14,,6697,,,0,15,,6698,,,0,55,,6699,,,0,15,,6700,,,0,15,,6701,,,0,15,,6702,,,0,59,,6703,,,0,19,,6704,,,0,20,,6705,,,0,60,,6706,,,0,20,,6707,,,0,21,,6708,,,0,60,,6709,,,0,22,,6710,,,0,73,,6711,,,0,36,,6713,,,0,66,,6714,0,10,0
662401,'2',501,,6718,0,10,0,29,,6719,0,10,0,29,,6721,,,0,60,,6722,,,0,19,,6723,,,0,20,,6724,,,0,60,,6725,,,0,20,,6727,,,0,15,,6728,,,0,54,,6729,,,0,12,,6730,,,0,15,,6731,,,0,15,,6732,,,0,56,,6733,,,0,16,,6734,,,0,15,,6735,,,0,15,,6736,,,0,55,,6737,,,0,14,,6738,,,0,15,,6739,,,0,13,,6741,,,0,55,,6742,,,0,15,,6743,,,0,15,,6744,,,0,15,,6745,,,0,55,,6746,,,0,13,,6747,,,0,15,,6748,,,0,15,,6749,,,0,12,,6750,,,0,52,,6751,,,0,12,,6752,,,0,13,,6753,,,0,11,,6754,,,0,11,,6755,,,0,53,,6756,,,0,12,,6757,,,0,12,,6758,,,0,12,,6759,,,0,12,,6760,,,0,52,,6761,,,0,13,,6762,,,0,13,,6763,,,0,12,,6764,,,0,52,,6765,,,0,12,,6766,,,0,14,,6767,,,0,12,,6768,,,0,12,,6769,,,0,52,,6770,,,0,14,,6771,,,0,12,,6772,,,0,12,,6773,,,0,12,,6774,,,0,52,,6775,,,0,12,,6776,,,0,12,,6777,,,0,12,,6778,,,0,12,,6779,,,0,52,,6780,,,0,14,,6781,,,0,15,,6782,,,0,15,,6783,,,0,55,,6784,,,0,15,,6785,,,0,15,,6786,,,0,14,,6787,,,0,55,,6788,,,0,15,,6789,,,0,17,,6790,,,0,21,,6791,,,0,60,,6792,,,0,21,,6793,,,0,20,,6794,,,0,59,,6795,,,0,14,,6796,,,0,18,,6797,,,0,60,,6798,,,0,29,,6799,,,0,78,,6801,0,10,0
662401,'3',515,,6806,0,10,0,18,,6807,0,10,0,19,,6809,,,0,58,,6810,,,0,15,,6811,,,0,14,,6812,,,0,15,,6813,,,0,55,,6814,,,0,15,,6815,,,0,15,,6816,,,0,13,,6817,,,0,55,,6818,,,0,14,,6819,,,0,15,,6820,,,0,16,,6821,,,0,55,,6822,,,0,11,,6823,,,0,13,,6824,,,0,15,,6825,,,0,55,,6826,,,0,15,,6827,,,0,15,,6828,,,0,14,,6830,,,0,56,,6831,,,0,14,,6832,,,0,15,,6833,,,0,15,,6834,,,0,55,,6835,,,0,14,,6836,,,0,15,,6837,,,0,16,,6838,,,0,55,,6839,,,0,15,,6840,,,0,16,,6842,,,0,15,,6843,,,0,55,,6845,,,0,16,,6847,,,0,15,,6848,,,0,11,,6849,,,0,10,,6850,,,0,50,,6851,,,0,10,,6852,,,0,10,,6853,,,0,10,,6854,,,0,11,,6855,,,0,10,,6856,,,0,50,,6857,,,0,10,,6858,,,0,11,,6859,,,0,10,,6860,,,0,11,,6861,,,0,10,,6862,,,0,50,,6863,,,0,10,,6864,,,0,10,,6865,,,0,10,,6866,,,0,9,,6867,,,0,10,,6868,,,0,50,,6869,,,0,10,,6870,,,0,10,,6871,,,0,10,,6872,,,0,11,,6873,,,0,10,,6874,,,0,50,,6875,,,0,9,,6876,,,0,8,,6877,,,0,16,,6879,,,0,16,,6880,,,0,55,,6881,,,0,15,,6882,,,0,15,,6883,,,0,15,,6884,,,0,55,,6885,,,0,15,,6886,,,0,13,,6887,,,0,62,,6888,,,0,19,,6890,,,0,21,,6891,,,0,60,,6892,,,0,20,,6893,,,0,20,,6894,,,0,74,,6896,,,0,25,,6897,,,0,73,,6899,0,10,0
662801,'1',544,,8578,,,0,72,,8579,,,0,16,,8580,,,0,15,,8581,,,0,55,,8582,,,0,15,,8583,,,0,16,,8584,,,0,17,,8585,,,0,56,,8586,,,0,16,,8587,,,0,17,,8588,,,0,17,,8589,,,0,55,,8590,,,0,13,,8591,,,0,15,,8592,,,0,15,,8593,,,0,59,,8594,,,0,20,,8595,,,0,20,,8596,,,0,60,,8597,,,0,21,,8598,,,0,20,,8599,,,0,60,,8600,,,0,20,,8601,,,0,19,,8602,,,0,61,,8603,,,0,19,,8604,,,0,20,,8605,,,0,61,,8606,,,0,23,,8607,,,0,20,,8608,,,0,60,,8609,,,0,20,,8610,,,0,64,,8611,,,0,19,,8612,,,0,24,,8613,,,0,15,,8614,,,0,55,,8615,,,0,13,,8616,,,0,15,,8617,,,0,16,,8618,,,0,55,,8619,,,0,16,,8620,,,0,14,,8621,,,0,15,,8622,,,0,54,,8623,,,0,14,,8624,,,0,29,,8625,,,0,70,,8626,,,0,30,,8627,,,0,69,,8628,,,0,29,,8629,,,0,70,,8630,,,0,29,,8631,,,0,94,,8632,,,0,102,,8633,,,0,110,,8634,,,0
662801,'101',1631,,8635,,,0
662801,'2',556,,8663,,,0,88,,8647,,,0,69,,8659,,,0,17,,8661,,,0,26,,8648,,,0,60,,8669,,,0,20,,8660,,,0,20,,8655,,,0,60,,8649,,,0,20,,8664,,,0,20,,8665,,,0,60,,8666,,,0,21,,8667,,,0,19,,8645,,,0,59,,8668,,,0,20,,8670,,,0,20,,8671,,,0,60,,8672,,,0,21,,8673,,,0,20,,8674,,,0,60,,8675,,,0,20,,8676,,,0,21,,8677,,,0,59,,8678,,,0,21,,8679,,,0,21,,8680,,,0,60,,8681,,,0,18,,8682,,,0,21,,8683,,,0,61,,8636,,,0,19,,8637,,,0,20,,8638,,,0,62,,8639,,,0,18,,8640,,,0,22,,8641,,,0,61,,8642,,,0,18,,8643,,,0,20,,8644,,,0,70,,8662,,,0,30,,8657,,,0,69,,8650,,,0,30,,8656,,,0,69,,8646,,,0,30,,8654,,,0,89,,8653,,,0,105,,8652,,,0,99,,8658,,,0,103,,8651,,,0
662801,'201',1631,,8684,,,0
662801,'3',654,,8709,,,0,69,,8689,,,0,29,,8702,,,0,71,,8707,,,0,30,,8714,,,0,72,,8685,,,0,29,,8712,,,0,71,,8711,,,0,30,,8699,,,0,72,,8706,,,0,28,,8705,,,0,70,,8717,,,0,30,,8696,,,0,69,,8701,,,0,32,,8694,,,0,68,,8691,,,0,31,,8710,,,0,71,,8686,,,0,30,,8716,,,0,69,,8695,,,0,32,,8700,,,0,68,,8687,,,0,32,,8708,,,0,70,,8690,,,0,29,,8718,,,0,69,,8688,,,0,31,,8697,,,0,70,,8693,,,0,74,,8715,,,0,27,,8713,,,0,31,,8692,,,0,84,,8704,,,0,115,,8703,,,0,160,,8698,,,0
683401,'1',2535,,38373,,,0,68,,38372,,,0,32,,38371,,,0
683401,'2',2454,,38377,,,0,81,,38376,,,0,70,,38375,,,0,31,,38374,,,0
683401,'3',2535,,38378,,,0,70,,38379,,,0,30,,38380,,,0
