667700,'101_merged_15529707',1607,,137782,10,,,0
667700,'1101_merged_15529711',2515,,137783,10,,,0
667700,'1201_merged_15529693',2515,,137784,10,,,0
667700,'1_merged_15529700',612,,137822,10,,,0,29,,137795,10,,,0,72,,137803,10,,,0,28,,137810,10,,,0,73,,137820,10,,,0,29,,137806,10,,,0,78,,137790,10,,,0,24,,137828,10,,,0,88,,137789,10,,,0,71,,137797,10,,,0,28,,137804,10,,,0,69,,137802,10,,,0,31,,137801,10,,,0,70,,137811,10,,,0,30,,137788,10,,,0,71,,137826,10,,,0,14,,137791,10,,,0,31,,137792,10,,,0,66,,137785,10,,,0,19,,137816,10,,,0,15,,137796,10,,,0,68,,137799,10,,,0,21,,137807,10,,,0,11,,137800,10,,,0,58,,137817,10,,,0,13,,137812,10,,,0,19,,137823,10,,,0,20,,137827,10,,,0,53,,137813,10,,,0,16,,137824,10,,,0,12,,137821,10,,,0,13,,137814,10,,,0,53,,137794,10,,,0,12,,137815,10,,,0,14,,137809,10,,,0,15,,137829,10,,,0,57,,137805,10,,,0,17,,137787,10,,,0,15,,137825,10,,,0,14,,137786,10,,,0,68,,137818,10,,,0,27,,137808,10,,,0,69,,137798,10,,,0,30,,137831,10,,,0,69,,137819,10,,,0,30,,137830,10,,,0,70,,137793,10,,,0
667700,'201',1607,,137832,10,,,0
667700,'2_merged_15529702',646,,137860,10,,,0,66,,137861,10,,,0,31,,137840,10,,,0,70,,137868,10,,,0,30,,137869,10,,,0,71,,137836,10,,,0,30,,137866,10,,,0,70,,137843,10,,,0,32,,137874,10,,,0,70,,137838,10,,,0,27,,137873,10,,,0,73,,137875,10,,,0,30,,137841,10,,,0,70,,137839,10,,,0,34,,137878,10,,,0,56,,137849,10,,,0,18,,137876,10,,,0,22,,137834,10,,,0,59,,137859,10,,,0,20,,137865,10,,,0,21,,137864,10,,,0,59,,137858,10,,,0,20,,137835,10,,,0,21,,137842,10,,,0,59,,137857,10,,,0,25,,137877,10,,,0,19,,137844,10,,,0,60,,137856,10,,,0,22,,137870,10,,,0,20,,137867,10,,,0,64,,137855,10,,,0,16,,137848,10,,,0,15,,137845,10,,,0,55,,137863,10,,,0,16,,137854,10,,,0,30,,137871,10,,,0,70,,137862,10,,,0,30,,137846,10,,,0,69,,137851,10,,,0,30,,137850,10,,,0,68,,137872,10,,,0,30,,137853,10,,,0,70,,137837,10,,,0,32,,137852,10,,,0,66,,137847,10,,,0,36,,137833,10,,,0
667700,'3_merged_15529701',815,,137896,10,,,0,30,,137890,10,,,0,70,,137899,10,,,0,31,,137889,10,,,0,69,,137897,10,,,0,30,,137888,10,,,0,68,,137898,10,,,0,31,,137879,10,,,0,70,,137900,10,,,0,30,,137887,10,,,0,72,,137883,10,,,0,30,,137895,10,,,0,71,,137902,10,,,0,28,,137894,10,,,0,56,,137916,10,,,0,29,,137903,10,,,0,16,,137893,10,,,0,55,,137915,10,,,0,30,,137906,10,,,0,16,,137892,10,,,0,55,,137914,10,,,0,31,,137904,10,,,0,14,,137891,10,,,0,57,,137913,10,,,0,29,,137901,10,,,0,14,,137886,10,,,0,57,,137912,10,,,0,28,,137881,10,,,0,15,,137885,10,,,0,58,,137911,10,,,0,25,,137880,10,,,0,17,,137884,10,,,0,69,,137882,10,,,0,30,,137910,10,,,0,70,,137907,10,,,0,30,,137909,10,,,0,70,,137905,10,,,0,34,,137908,10,,,0
667800,'1_merged_15529700',539,,138074,10,,,0,15,,138076,10,,,0,73,,138078,10,,,0,21,,138090,10,,,0,55,,138058,10,,,0,13,,138054,10,,,0,15,,138093,10,,,0,13,,138067,10,,,0,56,,138094,10,,,0,33,,138087,10,,,0,67,,138064,10,,,0,32,,138092,10,,,0,70,,138086,10,,,0,27,,138060,10,,,0,71,,138065,10,,,0,29,,138079,10,,,0,71,,138096,10,,,0,30,,138069,10,,,0,29,,138059,10,,,0,69,,138061,10,,,0,30,,138070,10,,,0,73,,138084,10,,,0,71,,138066,10,,,0,18,,138095,10,,,0,22,,138099,10,,,0,59,,138100,10,,,0,14,,138083,10,,,0,17,,138089,10,,,0,16,,138098,10,,,0,57,,138056,10,,,0,12,,138085,10,,,0,18,,138097,10,,,0,11,,138071,10,,,0,61,,138072,10,,,0,10,,138053,10,,,0,10,,138082,10,,,0,10,,138055,10,,,0,10,,138057,10,,,0,60,,138073,10,,,0,14,,138062,10,,,0,30,,138068,10,,,0,70,,138081,10,,,0,30,,138063,10,,,0,78,,138080,10,,,0,30,,138075,10,,,0,96,,138077,10,,,0,99,,138088,10,,,0,100,,138091,10,,,0
667800,'2_merged_15529702',604,,138104,4,,,0,23,,138110,10,,,0,31,,138102,10,,,0,70,,138123,10,,,0,30,,138103,10,,,0,72,,138134,10,,,0,70,,138133,10,,,0,30,,138125,10,,,0,71,,138135,10,,,0,29,,138131,10,,,0,70,,138107,10,,,0,30,,138105,10,,,0,28,,138101,10,,,0,73,,138106,10,,,0,69,,138108,10,,,0,30,,138136,10,,,0,71,,138109,10,,,0,29,,138119,10,,,0,29,,138126,10,,,0,70,,138115,10,,,0,30,,138127,10,,,0,73,,138116,10,,,0,69,,138128,10,,,0,30,,138117,10,,,0,70,,138132,10,,,0,30,,138120,10,,,0,70,,138129,10,,,0,30,,138111,10,,,0,70,,138130,10,,,0,30,,138113,10,,,0,70,,138121,10,,,0,28,,138137,10,,,0,17,,138112,10,,,0,70,,138124,10,,,0,30,,138122,10,,,0,99,,138118,10,,,0,100,,138114,10,,,0
667800,'3_merged_15529701',758,,138163,4,,,0,69,,138162,10,,,0,31,,138166,10,,,0,70,,138161,10,,,0,28,,138146,10,,,0,63,,138160,10,,,0,30,,138145,10,,,0,71,,138159,10,,,0,37,,138164,10,,,0,73,,138158,10,,,0,72,,138165,10,,,0,29,,138157,10,,,0,70,,138142,10,,,0,31,,138156,10,,,0,69,,138139,10,,,0,31,,138155,10,,,0,70,,138140,10,,,0,30,,138154,10,,,0,70,,138138,10,,,0,30,,138153,10,,,0,70,,138147,10,,,0,29,,138152,10,,,0,70,,138141,10,,,0,31,,138151,10,,,0,68,,138144,10,,,0,32,,138150,10,,,0,21,,138148,10,,,0,99,,138143,10,,,0,95,,138167,10,,,0,101,,138149,10,,,0,95,,138168,10,,,0
667901,'1_merged_15529700',540,,138391,21,,,0,65,,138392,21,,,0,27,,138406,21,,,0,71,,138393,21,,,0,26,,138405,21,,,0,78,,138385,21,,,0,31,,138409,21,,,0,74,,138400,21,,,0,24,,138380,21,,,0,70,,138399,21,,,0,31,,138378,21,,,0,74,,138408,21,,,0,31,,138381,21,,,0,68,,138396,21,,,0,29,,138387,21,,,0,72,,138395,21,,,0,28,,138386,21,,,0,71,,138398,21,,,0,30,,138402,21,,,0,72,,138384,21,,,0,32,,138401,21,,,0,67,,138379,21,,,0,32,,138410,21,,,0,65,,138404,21,,,0,33,,138394,21,,,0,70,,138390,21,,,0,26,,138383,21,,,0,79,,138389,21,,,0,26,,138382,21,,,0,64,,138377,21,,,0,33,,138403,21,,,0,69,,138407,21,,,0,29,,138388,21,,,0,74,,138397,21,,,0
667901,'2_merged_15529702',630,,138442,21,,,0,71,,138436,21,,,0,31,,138437,21,,,0,72,,138418,21,,,0,30,,138411,21,,,0,70,,138431,21,,,0,30,,138433,21,,,0,73,,138423,21,,,0,31,,138414,21,,,0,70,,138413,21,,,0,30,,138429,21,,,0,70,,138415,21,,,0,31,,138422,21,,,0,70,,138419,21,,,0,30,,138412,21,,,0,70,,138430,21,,,0,30,,138441,21,,,0,70,,138424,21,,,0,30,,138428,21,,,0,70,,138421,21,,,0,30,,138416,21,,,0,73,,138427,21,,,0,22,,138432,21,,,0,73,,138440,21,,,0,32,,138420,21,,,0,69,,138435,21,,,0,30,,138426,21,,,0,69,,138438,21,,,0,30,,138439,21,,,0,71,,138425,21,,,0,29,,138434,21,,,0,70,,138417,21,,,0
667901,'3_merged_15529701',734,,138455,21,,,0,70,,138445,21,,,0,31,,138460,21,,,0,71,,138462,21,,,0,29,,138449,21,,,0,71,,138467,21,,,0,29,,138459,21,,,0,70,,138471,21,,,0,31,,138470,21,,,0,69,,138443,21,,,0,32,,138466,21,,,0,70,,138448,21,,,0,32,,138458,21,,,0,70,,138461,21,,,0,30,,138447,21,,,0,71,,138464,21,,,0,30,,138454,21,,,0,70,,138465,21,,,0,31,,138444,21,,,0,70,,138446,21,,,0,31,,138463,21,,,0,70,,138450,21,,,0,29,,138451,21,,,0,70,,138469,21,,,0,30,,138452,21,,,0,67,,138457,21,,,0,30,,138456,21,,,0,70,,138472,21,,,0,30,,138453,21,,,0,68,,138468,21,,,0
668300,'1_merged_15529700',628,,139274,4,,,0,8,,139270,4,,,0,17,,139269,4,,,0,55,,139268,4,,,0,31,,139266,4,,,0,869,,139264,26,,,0,21,,139275,26,,,0,14,,139276,26,,,0,10,,139277,26,,,0,58,,139271,26,,,0,22,,139273,26,,,0,24,,139262,26,,,0,65,,139265,26,,,0,9,,139263,26,,,0,11,,139261,26,,,0,66,,139260,26,,,0,24,,139267,26,,,0,26,,139272,26,,,0
683700,'1101_merged_15529711',2654,,155444,37,,,0
683700,'1201_merged_15529693',2654,,155445,37,,,0
683700,'1_merged_15529700',2534,,155452,37,,,0,20,,155451,37,,,0,60,,155447,37,,,0,29,,155450,37,,,0,74,,155449,37,,,0,19,,155448,37,,,0,68,,155446,37,,,0
683700,'2_merged_15529702',521,,155461,11,,,0,2019,,155455,37,,,0,62,,155460,37,,,0,14,,155454,37,,,0,19,,155459,37,,,0,20,,155456,37,,,0,70,,155458,37,,,0,12,,155457,37,,,0,74,,155453,37,,,0
683700,'3_merged_15529701',551,,155470,11,,,0,74,,155471,11,,,0,31,,155472,11,,,0,70,,155473,31,,,0,1688,,155466,37,,,0,34,,155465,37,,,0,68,,155464,37,,,0,40,,155463,37,,,0,69,,155462,37,,,0,21,,155469,37,,,0,88,,155468,37,,,0,67,,155467,37,,,0
