666101,'1_merged_15291773',540,,18051,37,4,,0,13,,18052,37,4,,0,57,,18021,37,4,,0,16,,18022,37,4,,0,15,,18023,37,4,,0,17,,18024,37,4,,0,57,,18025,37,4,,0,13,,18026,37,4,,0,17,,18027,37,4,,0,59,,18028,37,4,,0,13,,18029,37,4,,0,16,,18030,37,4,,0,17,,18031,37,4,,0,52,,18032,37,4,,0,16,,18033,37,4,,0,11,,18034,37,4,,0,20,,18035,37,4,,0,60,,18036,37,4,,0,30,,18037,37,4,,0,70,,18038,37,4,,0,30,,18039,37,4,,0,70,,18040,37,4,,0,28,,18041,37,4,,0,70,,18042,37,4,,0,30,,18043,37,4,,0,71,,18044,37,4,,0,28,,18045,37,4,,0,70,,18046,37,4,,0,25,,18047,37,4,,0,21,,18048,37,4,,0,50,,18070,37,4,,0,15,,18049,37,4,,0,18,,18050,37,4,,0,13,,18053,37,4,,0,55,,18054,37,4,,0,13,,18055,37,4,,0,15,,18056,37,4,,0,14,,18057,37,4,,0,13,,18058,37,4,,0,52,,18059,37,4,,0,17,,18060,37,4,,0,18,,18061,37,4,,0,65,,18062,37,4,,0,20,,18063,37,4,,0,70,,18064,37,4,,0,28,,18065,37,4,,0,31,,18066,37,4,,0,73,,18067,37,4,,0,23,,18068,37,4,,0,74,,18069,37,4,,0,100,,18071,37,4,,0
666101,'2_merged_15291775',554,,18084,37,4,,0,70,,18083,37,4,,0,30,,18078,37,4,,0,70,,18082,37,4,,0,30,,18101,37,4,,0,70,,18076,37,4,,0,31,,18075,37,4,,0,70,,18074,37,4,,0,30,,18102,37,4,,0,72,,18073,37,4,,0,31,,18080,37,4,,0,70,,18079,37,4,,0,30,,18081,37,4,,0,70,,18086,37,4,,0,30,,18077,37,4,,0,70,,18098,37,4,,0,72,,18097,37,4,,0,30,,18096,37,4,,0,29,,18095,37,4,,0,70,,18094,37,4,,0,30,,18093,37,4,,0,70,,18100,37,4,,0,29,,18072,37,4,,0,70,,18092,37,4,,0,30,,18091,37,4,,0,69,,18090,37,4,,0,30,,18089,37,4,,0,68,,18088,37,4,,0,29,,18103,37,4,,0,75,,18087,37,4,,0,30,,18104,37,4,,0,70,,18099,37,4,,0,30,,18105,37,4,,0,70,,18085,37,4,,0,100,,18106,37,4,,0
666101,'3_merged_15291774',723,,18124,37,4,,0,30,,18111,37,4,,0,70,,18125,37,4,,0,30,,18112,37,4,,0,71,,18126,37,4,,0,30,,18113,37,4,,0,71,,18123,37,4,,0,32,,18114,37,4,,0,70,,18127,37,4,,0,30,,18115,37,4,,0,70,,18107,37,4,,0,30,,18116,37,4,,0,69,,18108,37,4,,0,30,,18117,37,4,,0,70,,18128,37,4,,0,30,,18118,37,4,,0,70,,18129,37,4,,0,30,,18119,37,4,,0,70,,18130,37,4,,0,30,,18120,37,4,,0,70,,18131,37,4,,0,29,,18121,37,4,,0,70,,18132,37,4,,0,30,,18122,37,4,,0,69,,18133,37,4,,0,30,,18135,37,4,,0,70,,18134,37,4,,0,33,,18136,37,4,,0,67,,18109,37,4,,0,100,,18110,37,4,,0,100,,18137,37,4,,0
666400,'1_merged_15291773',608,,18686,50,4,,0,30,,18679,50,4,,0,70,,18680,50,4,,0,32,,18651,50,4,,0,69,,18652,50,4,,0,35,,18653,50,4,,0,73,,18654,50,4,,0,28,,18655,50,4,,0,70,,18683,50,4,,0,30,,18656,50,4,,0,70,,18657,50,4,,0,32,,18658,50,4,,0,71,,18659,50,4,,0,30,,18660,50,4,,0,70,,18661,50,4,,0,30,,18662,50,4,,0,69,,18663,50,4,,0,31,,18665,50,4,,0,72,,18666,50,4,,0,34,,18667,50,4,,0,70,,18681,50,4,,0,30,,18668,50,4,,0,69,,18669,50,4,,0,30,,18670,50,4,,0,70,,18671,50,4,,0,28,,18672,50,4,,0,67,,18650,50,4,,0,30,,18664,50,4,,0,62,,18673,50,4,,0,30,,18674,50,4,,0,73,,18682,50,4,,0,29,,18685,50,4,,0,82,,18675,50,4,,0,78,,18676,50,4,,0,41,,18677,50,4,,0,79,,18684,50,4,,0,80,,18678,50,4,,0
666400,'2_merged_15291775',639,,18687,50,4,,0,70,,18688,50,4,,0,30,,18689,50,4,,0,70,,18690,50,4,,0,30,,18691,50,4,,0,70,,18692,50,4,,0,31,,18693,50,4,,0,70,,18694,50,4,,0,32,,18695,50,4,,0,72,,18696,50,4,,0,32,,18697,50,4,,0,70,,18698,50,4,,0,31,,18699,50,4,,0,70,,18700,50,4,,0,31,,18701,50,4,,0,70,,18702,50,4,,0,30,,18703,50,4,,0,70,,18704,50,4,,0,29,,18705,50,4,,0,70,,18706,50,4,,0,30,,18707,50,4,,0,69,,18708,50,4,,0,29,,18709,50,4,,0,71,,18710,50,4,,0,30,,18711,50,4,,0,66,,18712,50,4,,0,29,,18713,50,4,,0,70,,18714,50,4,,0,98,,18715,50,4,,0,100,,18716,50,4,,0,98,,18717,50,4,,0,100,,18718,50,4,,0,97,,18719,50,4,,0
666400,'3_merged_15291774',748,,18720,50,4,,0,100,,18721,50,4,,0,103,,18722,50,4,,0,101,,18723,50,4,,0,102,,18724,50,4,,0,68,,18738,50,4,,0,33,,18725,50,4,,0,68,,18739,50,4,,0,32,,18726,50,4,,0,70,,18740,50,4,,0,30,,18727,50,4,,0,70,,18741,50,4,,0,30,,18728,50,4,,0,68,,18742,50,4,,0,32,,18729,50,4,,0,68,,18743,50,4,,0,32,,18730,50,4,,0,66,,18744,50,4,,0,33,,18731,50,4,,0,97,,18732,50,4,,0,98,,18733,50,4,,0,100,,18734,50,4,,0,100,,18737,50,4,,0,99,,18735,50,4,,0,158,,18736,50,4,,0
666601,'101_merged_15291780',1603,,19215,37,4,,0
666601,'1_merged_15291773',544,,19207,44,4,,0,76,,19204,44,4,,0,31,,19203,44,4,,0,77,,19208,44,4,,0,22,,19202,44,4,,0,62,,19175,44,4,,0,32,,19201,44,4,,0,66,,19200,44,4,,0,25,,19181,44,4,,0,73,,19199,44,4,,0,27,,19198,44,4,,0,70,,19197,44,4,,0,31,,19196,44,4,,0,70,,19187,44,4,,0,28,,19186,44,4,,0,72,,19185,44,4,,0,28,,19195,44,4,,0,77,,19184,44,4,,0,33,,19194,44,4,,0,69,,19193,44,4,,0,16,,19192,44,4,,0,20,,19191,44,4,,0,59,,19206,44,4,,0,29,,19213,44,4,,0,20,,19183,44,4,,0,59,,19190,47,4,,0,13,,19214,47,4,,0,13,,19189,47,4,,0,14,,19209,47,4,,0,55,,19205,47,4,,0,16,,19173,47,4,,0,19,,19174,47,4,,0,60,,19188,47,4,,0,29,,19182,47,4,,0,68,,19210,44,4,,0,97,,19211,44,4,,0,41,,19212,44,4,,0,80,,19176,44,4,,0,90,,19177,44,4,,0,38,,19178,44,4,,0,88,,19179,44,4,,0,81,,19180,44,4,,0
666601,'2_merged_15291775',758,,19216,44,4,,0,72,,19217,44,4,,0,71,,19218,44,4,,0,30,,19219,44,4,,0,71,,19220,44,4,,0,32,,19221,44,4,,0,70,,19222,44,4,,0,30,,19223,44,4,,0,71,,19224,44,4,,0,30,,19225,44,4,,0,69,,19226,44,4,,0,34,,19227,44,4,,0,70,,19228,44,4,,0,30,,19229,44,4,,0,70,,19230,44,4,,0,30,,19231,44,4,,0,70,,19232,44,4,,0,32,,19233,44,4,,0,69,,19234,44,4,,0,30,,19235,44,4,,0,66,,19236,44,4,,0,30,,19237,44,4,,0,67,,19238,44,4,,0,30,,19239,44,4,,0,69,,19240,44,4,,0,30,,19241,44,4,,0,70,,19242,44,4,,0,99,,19243,44,4,,0,100,,19244,44,4,,0,59,,19245,44,4,,0,100,,19246,44,4,,0,95,,19247,44,4,,0
666601,'3_merged_15291774',730,,19249,44,4,,0,109,,19250,44,4,,0,101,,19251,44,4,,0,101,,19252,44,4,,0,101,,19253,44,4,,0,70,,19266,44,4,,0,30,,19265,44,4,,0,72,,19267,44,4,,0,32,,19254,44,4,,0,70,,19268,44,4,,0,30,,19255,44,4,,0,70,,19269,44,4,,0,30,,19256,44,4,,0,70,,19270,44,4,,0,30,,19257,44,4,,0,68,,19271,44,4,,0,30,,19258,44,4,,0,70,,19272,44,4,,0,29,,19259,44,4,,0,98,,19260,44,4,,0,99,,19261,44,4,,0,100,,19262,44,4,,0,99,,19248,44,4,,0,99,,19263,44,4,,0,94,,19264,44,4,,0
666800,'1_merged_15291773',545,,19676,1,,,0,70,,19708,1,,,0,30,,19677,1,,,0,71,,19709,1,,,0,31,,19678,1,,,0,73,,19710,1,,,0,30,,19679,1,,,0,70,,19711,1,,,0,26,,19680,1,,,0,70,,19712,1,,,0,29,,19681,1,,,0,70,,19713,1,,,0,30,,19682,1,,,0,70,,19714,1,,,0,30,,19683,1,,,0,70,,19686,1,,,0,31,,19684,1,,,0,70,,19687,1,,,0,30,,19685,1,,,0,70,,19688,1,,,0,32,,19697,1,,,0,72,,19689,1,,,0,26,,19698,1,,,0,70,,19690,1,,,0,29,,19699,1,,,0,70,,19691,1,,,0,20,,19700,1,,,0,65,,19692,1,,,0,30,,19701,1,,,0,70,,19693,1,,,0,30,,19702,1,,,0,70,,19694,1,,,0,30,,19703,1,,,0,70,,19695,1,,,0,30,,19704,1,,,0,70,,19696,1,,,0,100,,19705,1,,,0,100,,19706,1,,,0,100,,19707,1,,,0
666800,'2_merged_15291775',550,,19715,1,,,0,75,,19716,1,,,0,25,,19717,1,,,0,70,,19718,1,,,0,30,,19719,1,,,0,70,,19720,1,,,0,30,,19721,1,,,0,70,,19722,1,,,0,30,,19723,1,,,0,70,,19724,1,,,0,30,,19725,1,,,0,70,,19726,1,,,0,30,,19727,1,,,0,70,,19728,1,,,0,30,,19729,1,,,0,70,,19730,1,,,0,30,,19731,1,,,0,70,,19732,1,,,0,30,,19733,1,,,0,70,,19734,1,,,0,30,,19735,1,,,0,70,,19736,1,,,0,30,,19737,1,,,0,70,,19738,1,,,0,30,,19739,1,,,0,70,,19740,1,,,0,30,,19741,1,,,0,70,,19742,1,,,0,30,,19743,1,,,0,70,,19744,1,,,0,30,,19745,1,,,0,70,,19746,1,,,0,30,,19747,1,,,0,75,,19748,1,,,0,75,,19749,1,,,0,30,,19750,1,,,0,70,,19751,1,,,0,30,,19752,1,,,0,70,,19753,1,,,0,30,,19754,1,,,0,70,,19755,1,,,0
666800,'3_merged_15291774',555,,19757,1,,,0,70,,19758,1,,,0,30,,19791,1,,,0,70,,19792,1,,,0,30,,19759,1,,,0,70,,19760,1,,,0,30,,19761,1,,,0,70,,19762,1,,,0,30,,19763,1,,,0,70,,19764,1,,,0,30,,19765,1,,,0,70,,19766,1,,,0,30,,19767,1,,,0,70,,19768,1,,,0,30,,19769,1,,,0,70,,19770,1,,,0,30,,19771,1,,,0,70,,19772,1,,,0,30,,19773,1,,,0,70,,19774,1,,,0,30,,19775,1,,,0,70,,19776,1,,,0,30,,19777,1,,,0,70,,19778,1,,,0,30,,19779,1,,,0,70,,19780,1,,,0,30,,19781,1,,,0,70,,19782,1,,,0,30,,19783,1,,,0,70,,19784,1,,,0,30,,19785,1,,,0,71,,19786,1,,,0,25,,19787,1,,,0,75,,19788,1,,,0,29,,19789,1,,,0,67,,19790,1,,,0,33,,19756,1,,,0
666801,'1_merged_15291773',535,,19819,14,4,,0,70,,19801,14,4,,0,32,,19820,14,4,,0,70,,19802,14,4,,0,33,,19821,14,4,,0,70,,19803,14,4,,0,31,,19822,14,4,,0,69,,19804,14,4,,0,29,,19823,14,4,,0,69,,19805,14,4,,0,28,,19824,14,4,,0,71,,19806,14,4,,0,30,,19825,14,4,,0,70,,19807,14,4,,0,30,,19826,14,4,,0,72,,19808,14,4,,0,30,,19827,14,4,,0,70,,19809,14,4,,0,30,,19828,14,4,,0,70,,19810,14,4,,0,34,,19829,14,4,,0,71,,19818,14,4,,0,27,,19830,14,4,,0,70,,19811,14,4,,0,29,,19831,14,4,,0,70,,19812,14,4,,0,19,,19832,14,4,,0,25,,19813,14,4,,0,70,,19793,14,4,,0,28,,19814,14,4,,0,70,,19794,14,4,,0,30,,19815,14,4,,0,68,,19795,14,4,,0,30,,19816,14,4,,0,70,,19796,14,4,,0,30,,19817,14,4,,0,68,,19797,14,4,,0,30,,19798,14,4,,0,99,,19799,14,4,,0,100,,19800,14,4,,0
666801,'2_merged_15291775',619,,19844,14,4,,0,30,,19845,14,4,,0,70,,19846,14,4,,0,30,,19847,14,4,,0,70,,19848,14,4,,0,32,,19849,14,4,,0,70,,19850,14,4,,0,30,,19851,14,4,,0,71,,19852,14,4,,0,30,,19853,14,4,,0,70,,19854,14,4,,0,32,,19855,14,4,,0,69,,19856,14,4,,0,30,,19857,14,4,,0,71,,19858,14,4,,0,30,,19859,14,4,,0,71,,19860,14,4,,0,30,,19861,14,4,,0,70,,19862,14,4,,0,30,,19863,14,4,,0,69,,19864,14,4,,0,30,,19865,14,4,,0,69,,19866,14,4,,0,30,,19867,14,4,,0,70,,19868,14,4,,0,30,,19869,14,4,,0,70,,19870,14,4,,0,30,,19871,14,4,,0,68,,19872,14,4,,0,30,,19833,14,4,,0,65,,19834,14,4,,0,30,,19835,14,4,,0,70,,19836,14,4,,0,33,,19837,14,4,,0,71,,19838,14,4,,0,30,,19839,14,4,,0,68,,19840,14,4,,0,30,,19841,14,4,,0,69,,19842,14,4,,0,30,,19843,14,4,,0
666801,'3_merged_15291774',618,,19874,14,4,,0,30,,19875,14,4,,0,70,,19876,14,4,,0,30,,19877,14,4,,0,70,,19878,14,4,,0,30,,19879,14,4,,0,71,,19880,14,4,,0,31,,19881,14,4,,0,71,,19882,14,4,,0,30,,19883,14,4,,0,70,,19884,14,4,,0,30,,19908,14,4,,0,70,,19885,14,4,,0,31,,19886,14,4,,0,70,,19873,14,4,,0,30,,19887,14,4,,0,70,,19888,14,4,,0,30,,19889,14,4,,0,72,,19890,14,4,,0,30,,19891,14,4,,0,69,,19892,14,4,,0,30,,19893,14,4,,0,70,,19894,14,4,,0,30,,19895,14,4,,0,69,,19896,14,4,,0,30,,19897,14,4,,0,70,,19898,14,4,,0,28,,19899,14,4,,0,69,,19900,14,4,,0,31,,19901,14,4,,0,70,,19902,14,4,,0,30,,19903,14,4,,0,70,,19904,14,4,,0,28,,19905,14,4,,0,68,,19906,14,4,,0,31,,19907,14,4,,0
722401,'101_merged_15291780',1627,,38880,44,4,,0
722401,'1_merged_15291773',509,,38862,44,4,,0,23,,38861,44,4,,0,21,,38860,44,4,,0,71,,38864,44,4,,0,10,,38859,44,4,,0,71,,38858,44,4,,0,17,,38873,44,4,,0,32,,38857,44,4,,0,59,,38856,44,4,,0,17,,38865,44,4,,0,13,,38874,44,4,,0,16,,38855,44,4,,0,58,,38854,44,4,,0,16,,38866,44,4,,0,26,,38853,44,4,,0,71,,38852,44,4,,0,28,,38851,44,4,,0,71,,38850,44,4,,0,30,,38849,44,4,,0,69,,38848,44,4,,0,30,,38847,44,4,,0,72,,38846,44,4,,0,70,,38845,44,4,,0,34,,38844,44,4,,0,73,,38843,44,4,,0,20,,38842,44,4,,0,17,,38841,44,4,,0,62,,38875,44,4,,0,41,,38840,44,4,,0,55,,38867,44,4,,0,18,,38863,44,4,,0,18,,38871,44,4,,0,18,,38876,44,4,,0,57,,38868,44,4,,0,16,,38870,44,4,,0,23,,38869,44,4,,0,66,,38872,44,4,,0,28,,38877,44,4,,0,100,,38878,44,4,,0,100,,38879,44,4,,0
722401,'201',1627,,38881,44,4,,0
