665001,'1',611,,15521,12,,,0,12,,15507,12,,,0,15,,15506,12,,,0,14,,15505,12,,,0,56,,15504,12,,,0,14,,15503,12,,,0,16,,15502,12,,,0,16,,15501,12,,,0,56,,15500,12,,,0,17,,15499,12,,,0,16,,15498,12,,,0,15,,15497,12,,,0,55,,15496,12,,,0,16,,15495,12,,,0,21,,15523,12,,,0,71,,15519,12,,,0,30,,15518,12,,,0,71,,15481,12,,,0,30,,15480,12,,,0,70,,15479,12,,,0,33,,15488,12,,,0,70,,15486,12,,,0,30,,15485,12,,,0,74,,15520,12,,,0,26,,15483,12,,,0,57,,15494,12,,,0,18,,15493,12,,,0,15,,15492,12,,,0,14,,15491,12,,,0,55,,15522,12,,,0,15,,15490,12,,,0,16,,15508,12,,,0,13,,15517,12,,,0,54,,15516,12,,,0,13,,15515,12,,,0,14,,15514,12,,,0,14,,15513,12,,,0,53,,15512,12,,,0,15,,15511,12,,,0,16,,15510,12,,,0,21,,15509,12,,,0,69,,15484,12,,,0,32,,15487,12,,,0,66,,15529,12,,,0,29,,15528,12,,,0,70,,15527,12,,,0,32,,15530,12,,,0,69,,15489,12,,,0,28,,15526,12,,,0,69,,15525,12,,,0,31,,15524,12,,,0,100,,15482,12,,,0
665001,'2',645,,15558,12,,,0,71,,15559,12,,,0,39,,15560,12,,,0,69,,15545,12,,,0,31,,15535,12,,,0,72,,15533,12,,,0,25,,15536,12,,,0,71,,15537,12,,,0,30,,15538,12,,,0,70,,15539,12,,,0,31,,15540,12,,,0,71,,15541,12,,,0,31,,15543,12,,,0,70,,15554,12,,,0,32,,15565,12,,,0,71,,15544,12,,,0,30,,15553,12,,,0,72,,15547,12,,,0,26,,15532,12,,,0,72,,15546,12,,,0,72,,15557,12,,,0,28,,15556,12,,,0,71,,15549,12,,,0,29,,15550,12,,,0,29,,15551,12,,,0,69,,15552,12,,,0,32,,15548,12,,,0,71,,15555,12,,,0,71,,15542,12,,,0,30,,15561,12,,,0,70,,15562,12,,,0,31,,15563,12,,,0,68,,15564,12,,,0,25,,15531,12,,,0,32,,15566,12,,,0,98,,15534,12,,,0
665001,'3',742,,15585,12,,,0,76,,15591,12,,,0,30,,15567,12,,,0,73,,15569,12,,,0,30,,15576,12,,,0,71,,15575,12,,,0,30,,15583,12,,,0,70,,15577,12,,,0,32,,15578,12,,,0,69,,15588,12,,,0,30,,15586,12,,,0,69,,15587,12,,,0,26,,15589,12,,,0,70,,15590,12,,,0,31,,15580,12,,,0,69,,15570,12,,,0,31,,15592,12,,,0,70,,15593,12,,,0,30,,15594,12,,,0,69,,15595,12,,,0,27,,15596,12,,,0,69,,15582,12,,,0,31,,15597,12,,,0,77,,15598,12,,,0,34,,15574,12,,,0,70,,15572,12,,,0,30,,15571,12,,,0,70,,15579,12,,,0,29,,15599,12,,,0,71,,15573,12,,,0,29,,15581,12,,,0,69,,15584,12,,,0,100,,15568,12,,,0
666701,'1',517,,19499,49,,,0,18,,19539,49,,,0,23,,19472,49,,,0,63,,19473,49,,,0,20,,19474,49,,,0,59,,19475,49,,,0,10,,19476,49,,,0,8,,19477,49,,,0,13,,19478,49,,,0,14,,19543,49,,,0,57,,19544,49,,,0,17,,19479,49,,,0,14,,19480,49,,,0,20,,19481,49,,,0,70,,19482,49,,,0,15,,19483,49,,,0,12,,19484,49,,,0,54,,19542,49,,,0,15,,19500,49,,,0,15,,19501,49,,,0,15,,19538,49,,,0,55,,19485,49,,,0,16,,19486,49,,,0,15,,19487,49,,,0,16,,19488,49,,,0,54,,19489,49,,,0,17,,19490,49,,,0,15,,19491,49,,,0,17,,19541,49,,,0,55,,19502,49,,,0,15,,19503,49,,,0,15,,19537,49,,,0,13,,19492,49,,,0,55,,19493,49,,,0,15,,19494,49,,,0,15,,19495,49,,,0,18,,19496,49,,,0,56,,19497,49,,,0,16,,19498,49,,,0,15,,19540,49,,,0,15,,19504,49,,,0,53,,19505,49,,,0,15,,19536,49,,,0,15,,19506,49,,,0,15,,19507,49,,,0,55,,19508,49,,,0,15,,19509,49,,,0,14,,19510,49,,,0,14,,19511,49,,,0,51,,19512,49,,,0,18,,19513,49,,,0,15,,19535,49,,,0,14,,19520,49,,,0,55,,19532,49,,,0,12,,19533,49,,,0,15,,19514,49,,,0,14,,19515,49,,,0,55,,19516,49,,,0,14,,19517,49,,,0,15,,19518,49,,,0,15,,19519,49,,,0,55,,19534,49,,,0,16,,19521,49,,,0,18,,19531,49,,,0,19,,19522,49,,,0,67,,19523,49,,,0,30,,19524,49,,,0,72,,19525,49,,,0,31,,19526,49,,,0,70,,19527,49,,,0,26,,19528,49,,,0,70,,19529,49,,,0,30,,19530,49,,,0
666701,'101',909,,19545,49,,,0
666701,'2',627,,19554,49,,,0,30,,19555,49,,,0,60,,19572,49,,,0,22,,19573,49,,,0,61,,19569,49,,,0,15,,19574,49,,,0,16,,19575,49,,,0,14,,19576,49,,,0,57,,19577,49,,,0,11,,19578,49,,,0,11,,19546,49,,,0,10,,19579,49,,,0,16,,19580,49,,,0,54,,19581,49,,,0,13,,19582,49,,,0,16,,19583,49,,,0,20,,19584,49,,,0,55,,19585,49,,,0,16,,19586,49,,,0,16,,19587,49,,,0,16,,19589,49,,,0,55,,19590,49,,,0,14,,19591,49,,,0,17,,19588,49,,,0,15,,19592,49,,,0,54,,19568,49,,,0,14,,19593,49,,,0,16,,19594,49,,,0,14,,19595,49,,,0,55,,19597,49,,,0,15,,19598,49,,,0,15,,19599,49,,,0,17,,19600,49,,,0,55,,19601,49,,,0,15,,19602,49,,,0,15,,19603,49,,,0,16,,19604,49,,,0,52,,19605,49,,,0,15,,19606,49,,,0,12,,19607,49,,,0,19,,19608,49,,,0,55,,19609,49,,,0,14,,19610,49,,,0,15,,19611,49,,,0,14,,19612,49,,,0,55,,19547,49,,,0,14,,19548,49,,,0,20,,19549,49,,,0,15,,19550,49,,,0,48,,19571,49,,,0,16,,19551,49,,,0,15,,19552,49,,,0,15,,19570,49,,,0,54,,19553,49,,,0,17,,19557,49,,,0,19,,19556,49,,,0,17,,19558,49,,,0,59,,19559,49,,,0,32,,19596,49,,,0,72,,19560,49,,,0,31,,19561,49,,,0,75,,19562,49,,,0,28,,19563,49,,,0,69,,19564,49,,,0,32,,19565,49,,,0,70,,19566,49,,,0,25,,19567,49,,,0
666701,'201',909,,19613,49,,,0
666701,'3',736,,19629,49,,,0,20,,19630,49,,,0,57,,19615,49,,,0,17,,19631,49,,,0,15,,19632,49,,,0,56,,19628,49,,,0,13,,19614,49,,,0,13,,19633,49,,,0,13,,19634,49,,,0,12,,19635,49,,,0,52,,19636,49,,,0,10,,19637,49,,,0,19,,19638,49,,,0,16,,19639,49,,,0,55,,19640,49,,,0,14,,19641,49,,,0,17,,19642,49,,,0,15,,19643,49,,,0,55,,19644,49,,,0,15,,19623,49,,,0,15,,19624,49,,,0,18,,19625,49,,,0,58,,19645,49,,,0,12,,19646,49,,,0,15,,19647,49,,,0,17,,19648,49,,,0,55,,19649,49,,,0,16,,19650,49,,,0,15,,19651,49,,,0,12,,19652,49,,,0,56,,19653,49,,,0,16,,19654,49,,,0,15,,19622,49,,,0,14,,19655,49,,,0,54,,19656,49,,,0,16,,19657,49,,,0,17,,19658,49,,,0,14,,19659,49,,,0,53,,19660,49,,,0,18,,19661,49,,,0,10,,19662,49,,,0,15,,19663,49,,,0,55,,19664,49,,,0,15,,19665,49,,,0,14,,19666,49,,,0,15,,19667,49,,,0,55,,19627,49,,,0,16,,19668,49,,,0,11,,19669,49,,,0,16,,19626,49,,,0,55,,19670,49,,,0,14,,19671,49,,,0,20,,19672,49,,,0,21,,19673,49,,,0,67,,19674,49,,,0,28,,19675,49,,,0,69,,19616,49,,,0,34,,19617,49,,,0,67,,19618,49,,,0,30,,19619,49,,,0,70,,19620,49,,,0,31,,19621,49,,,0
683801,'1',2510,,38517,16,,,0,29,,38513,16,,,0,70,,38512,16,,,0,30,,38511,16,,,0,73,,38514,16,,,0,27,,38515,16,,,0,69,,38516,16,,,0,40,,38509,16,,,0,70,,38510,16,,,0
683801,'2',2540,,38519,16,,,0,76,,38521,16,,,0,22,,38520,16,,,0,20,,38522,16,,,0,60,,38523,16,,,0,20,,38524,16,,,0,20,,38525,16,,,0,70,,38526,16,,,0,30,,38527,16,,,0,69,,38518,16,,,0
683801,'3',2537,,38529,16,,,0,70,,38528,16,,,0,30,,38530,16,,,0,80,,38531,16,,,0,17,,38532,16,,,0,74,,38533,16,,,0,30,,38534,16,,,0,80,,38535,16,,,0
3780701,'1',504,,51782,4,,,0,29,,51793,6,,,0,14,,51816,6,,,0,57,,51786,6,,,0,10,,51832,6,,,0,21,,51792,6,,,0,16,,51742,6,,,0,54,,51762,6,,,0,7,,51812,6,,,0,7,,51781,6,,,0,6,,51825,6,,,0,6,,51787,6,,,0,6,,51834,6,,,0,6,,51732,6,,,0,8,,51757,6,,,0,8,,51731,6,,,0,49,,51815,6,,,0,4,,51756,6,,,0,6,,51838,6,,,0,8,,51730,6,,,0,6,,51835,6,,,0,7,,51729,6,,,0,6,,51755,6,,,0,10,,51821,6,,,0,45,,51728,6,,,0,7,,51790,6,,,0,6,,51789,6,,,0,9,,51764,6,,,0,12,,51727,6,,,0,12,,51809,6,,,0,12,,51763,6,,,0,52,,51810,6,,,0,8,,51791,6,,,0,16,,51811,6,,,0,15,,51726,6,,,0,55,,51725,6,,,0,15,,51724,6,,,0,15,,51807,6,,,0,15,,51723,6,,,0,55,,51722,6,,,0,15,,51806,6,,,0,15,,51805,6,,,0,15,,51808,6,,,0,55,,51804,6,,,0,15,,51802,6,,,0,15,,51739,6,,,0,15,,51803,6,,,0,56,,51738,6,,,0,13,,51826,6,,,0,13,,51801,6,,,0,12,,51736,6,,,0,16,,51800,6,,,0,48,,51737,6,,,0,13,,51735,6,,,0,11,,51774,6,,,0,4,,51830,6,,,0,9,,51799,6,,,0,8,,51772,6,,,0,50,,51773,6,,,0,7,,51771,6,,,0,6,,51798,6,,,0,10,,51770,6,,,0,7,,51754,6,,,0,8,,51769,6,,,0,8,,51797,6,,,0,3,,51813,6,,,0,51,,51750,6,,,0,7,,51768,6,,,0,7,,51796,6,,,0,8,,51795,6,,,0,3,,51767,6,,,0,11,,51753,6,,,0,8,,51766,6,,,0,8,,51814,6,,,0,48,,51794,6,,,0,6,,51765,6,,,0,7,,51752,6,,,0,10,,51751,6,,,0,13,,51784,6,,,0,15,,51740,6,,,0,54,,51749,6,,,0,19,,51761,6,,,0,13,,51776,6,,,0,14,,51741,6,,,0,55,,51748,6,,,0,14,,51760,6,,,0,15,,51747,6,,,0,16,,51746,6,,,0,56,,51745,6,,,0,14,,51744,6,,,0,15,,51759,6,,,0,15,,51743,6,,,0,55,,51734,6,,,0,14,,51780,6,,,0,15,,51779,6,,,0,15,,51775,6,,,0,55,,51778,6,,,0,15,,51777,6,,,0,17,,51758,6,,,0,20,,51733,6,,,0,59,,51785,6,,,0,20,,51783,6,,,0,20,,51788,6,,,0
3780701,'2',520,,51853,6,,,0,83,,51848,4,,,0,16,,51876,6,,,0,28,,51875,6,,,0,68,,51849,6,,,0,17,,51844,6,,,0,16,,51850,6,,,0,56,,51846,6,,,0,13,,51845,6,,,0,15,,51858,6,,,0,19,,51847,6,,,0,54,,51879,6,,,0,15,,51880,6,,,0,15,,51881,6,,,0,15,,51882,6,,,0,55,,51883,6,,,0,15,,51887,6,,,0,15,,51884,6,,,0,15,,51885,6,,,0,55,,51886,6,,,0,13,,51888,6,,,0,15,,51889,6,,,0,16,,51890,6,,,0,55,,51891,6,,,0,15,,51892,6,,,0,15,,51893,6,,,0,15,,51894,6,,,0,55,,51895,6,,,0,15,,51896,6,,,0,14,,51897,6,,,0,15,,51898,6,,,0,55,,51899,6,,,0,18,,51900,6,,,0,15,,51901,6,,,0,16,,51902,6,,,0,55,,51903,6,,,0,13,,51904,6,,,0,15,,51905,6,,,0,15,,51906,6,,,0,55,,51908,6,,,0,15,,51909,6,,,0,12,,51910,6,,,0,12,,51911,6,,,0,12,,51912,6,,,0,52,,51913,6,,,0,12,,51914,6,,,0,12,,51915,6,,,0,12,,51916,6,,,0,12,,51917,6,,,0,52,,51918,6,,,0,12,,51919,6,,,0,12,,51920,6,,,0,12,,51921,6,,,0,12,,51922,6,,,0,52,,51923,6,,,0,11,,51924,6,,,0,12,,51866,6,,,0,12,,51872,6,,,0,12,,51865,6,,,0,52,,51864,6,,,0,12,,51863,6,,,0,12,,51862,6,,,0,12,,51871,6,,,0,12,,51860,6,,,0,52,,51861,6,,,0,12,,51877,6,,,0,12,,51857,6,,,0,12,,51870,6,,,0,12,,51859,6,,,0,52,,51925,6,,,0,11,,51874,6,,,0,15,,51852,6,,,0,15,,51856,6,,,0,56,,51869,6,,,0,14,,51873,6,,,0,20,,51854,6,,,0,16,,51868,6,,,0,57,,51851,6,,,0,17,,51855,6,,,0,17,,51843,6,,,0,58,,51867,6,,,0,17,,51878,6,,,0
3780701,'3',522,,51976,6,,,0,78,,51962,4,,,0,15,,52007,6,,,0,34,,52006,6,,,0,62,,51963,6,,,0,17,,51945,6,,,0,16,,51965,6,,,0,13,,51959,6,,,0,55,,51955,6,,,0,15,,51980,6,,,0,15,,51960,6,,,0,15,,51967,6,,,0,55,,51969,6,,,0,15,,52009,6,,,0,15,,51940,6,,,0,15,,51982,6,,,0,55,,51981,6,,,0,16,,51942,6,,,0,15,,51954,6,,,0,14,,51939,6,,,0,55,,51956,6,,,0,15,,51941,6,,,0,15,,51958,6,,,0,15,,51948,6,,,0,54,,51946,6,,,0,14,,51970,6,,,0,14,,51975,6,,,0,15,,51971,6,,,0,55,,51951,6,,,0,15,,51961,6,,,0,15,,51953,6,,,0,15,,51964,6,,,0,55,,51950,6,,,0,15,,51974,6,,,0,15,,51952,6,,,0,15,,51949,6,,,0,54,,51947,6,,,0,13,,51943,6,,,0,19,,51972,6,,,0,15,,51938,6,,,0,54,,51937,6,,,0,14,,51936,6,,,0,17,,51935,6,,,0,10,,51934,6,,,0,52,,51932,6,,,0,12,,51931,6,,,0,12,,51933,6,,,0,12,,52004,6,,,0,12,,51997,6,,,0,52,,51996,6,,,0,12,,51995,6,,,0,10,,51994,6,,,0,12,,51999,6,,,0,12,,51993,6,,,0,52,,51992,6,,,0,11,,51991,6,,,0,14,,51966,6,,,0,15,,51990,6,,,0,15,,52003,6,,,0,55,,51989,6,,,0,15,,51988,6,,,0,15,,51987,6,,,0,15,,51986,6,,,0,55,,52002,6,,,0,15,,51984,6,,,0,15,,51985,6,,,0,15,,52008,6,,,0,54,,51979,6,,,0,15,,52001,6,,,0,15,,51983,6,,,0,15,,52005,6,,,0,55,,51968,6,,,0,14,,51978,6,,,0,15,,52000,6,,,0,15,,51973,6,,,0,59,,51957,6,,,0,20,,51977,6,,,0,20,,51944,6,,,0,60,,51998,6,,,0
