671701,'101_merged_15524965',1724,,87891,36,,,0,19,,87892,36,,,0
671701,'1_merged_15524958',1752,,87893,36,,,0,53,,87894,36,,,0,9,,87895,36,,,0,19,,87896,36,,,0,19,,87897,36,,,0,64,,87898,36,,,0
3181800,'1101_merged_15524969',2148,,106617,11,,,0
3181800,'1201_merged_15524951',2148,,106618,11,,,0,80,,106619,11,,,0,80,,106621,11,,,0,40,,106620,11,,,0,70,,106622,11,,,0,30,,106623,11,,,0
3181800,'1_merged_15524958',950,,106647,11,,,0,70,,106624,11,,,0,30,,106625,11,,,0,70,,106626,11,,,0,30,,106627,11,,,0,70,,106628,11,,,0,31,,106629,11,,,0,70,,106630,11,,,0,30,,106631,11,,,0,71,,106632,11,,,0,30,,106633,11,,,0,70,,106634,11,,,0,31,,106635,11,,,0,69,,106636,11,,,0,28,,106637,11,,,0,69,,106646,11,,,0,30,,106638,11,,,0,69,,106639,11,,,0,30,,106640,11,,,0,70,,106641,11,,,0,30,,106642,11,,,0,70,,106643,11,,,0,30,,106644,11,,,0,70,,106645,11,,,0
3181800,'2_merged_15524960',816,,106664,11,,,0,30,,106648,11,,,0,69,,106665,11,,,0,30,,106649,11,,,0,69,,106666,11,,,0,34,,106650,11,,,0,70,,106667,11,,,0,30,,106651,11,,,0,70,,106668,11,,,0,30,,106652,11,,,0,70,,106669,11,,,0,30,,106653,11,,,0,70,,106670,11,,,0,30,,106654,11,,,0,71,,106671,11,,,0,29,,106655,11,,,0,72,,106672,11,,,0,29,,106656,11,,,0,69,,106673,11,,,0,29,,106657,11,,,0,70,,106674,11,,,0,30,,106658,11,,,0,71,,106675,11,,,0,29,,106659,11,,,0,70,,106676,11,,,0,30,,106660,11,,,0,71,,106677,11,,,0,30,,106661,11,,,0,70,,106678,11,,,0,30,,106662,11,,,0,69,,106679,11,,,0,30,,106663,11,,,0,70,,106680,11,,,0,30,,106681,11,,,0
3181800,'3_merged_15524959',848,,106703,11,,,0,70,,106689,11,,,0,30,,106704,11,,,0,70,,106690,11,,,0,30,,106705,11,,,0,70,,106691,11,,,0,31,,106706,11,,,0,70,,106692,11,,,0,30,,106707,11,,,0,71,,106693,11,,,0,29,,106708,11,,,0,71,,106694,11,,,0,29,,106682,11,,,0,71,,106695,11,,,0,30,,106683,11,,,0,70,,106696,11,,,0,29,,106684,11,,,0,70,,106697,11,,,0,30,,106685,11,,,0,70,,106698,11,,,0,29,,106686,11,,,0,73,,106699,11,,,0,30,,106687,11,,,0,70,,106700,11,,,0,30,,106702,11,,,0,70,,106701,11,,,0,30,,106688,11,,,0
3181901,'1_merged_15524958',637,,106917,30,,,0,70,,106918,30,,,0,30,,106919,30,,,0,74,,106920,30,,,0,30,,106921,30,,,0,70,,106922,30,,,0,28,,106923,30,,,0,70,,106924,30,,,0,30,,106925,30,,,0,70,,106926,30,,,0,30,,106927,30,,,0,70,,106928,30,,,0,30,,106929,30,,,0,72,,106930,30,,,0,30,,106931,30,,,0,70,,106932,30,,,0,30,,106933,30,,,0,72,,106934,30,,,0,30,,106935,30,,,0,70,,106901,30,,,0,30,,106902,30,,,0,70,,106903,30,,,0,26,,106904,30,,,0,70,,106905,30,,,0,30,,106906,30,,,0,70,,106907,30,,,0,28,,106908,30,,,0,70,,106909,30,,,0,13,,106910,30,,,0,26,,106915,30,,,0,70,,106911,30,,,0,28,,106914,30,,,0,70,,106912,30,,,0,29,,106916,30,,,0,70,,106913,30,,,0,30,,106936,30,,,0
3181901,'2_merged_15524960',800,,106968,30,,,0,30,,106952,30,,,0,70,,106938,30,,,0,33,,106953,30,,,0,70,,106939,30,,,0,30,,106954,30,,,0,72,,106940,30,,,0,30,,106955,30,,,0,71,,106941,30,,,0,30,,106956,30,,,0,70,,106942,30,,,0,30,,106957,30,,,0,70,,106943,30,,,0,30,,106958,30,,,0,70,,106944,30,,,0,30,,106959,30,,,0,70,,106945,30,,,0,30,,106960,30,,,0,69,,106946,30,,,0,28,,106961,30,,,0,70,,106947,30,,,0,29,,106962,30,,,0,70,,106937,30,,,0,24,,106963,30,,,0,22,,106948,30,,,0,70,,106964,30,,,0,31,,106949,30,,,0,70,,106965,30,,,0,30,,106950,30,,,0,70,,106966,30,,,0,30,,106951,30,,,0,70,,106967,30,,,0,30,,106969,30,,,0
3181901,'3_merged_15524959',759,,106993,30,,,0,70,,106974,30,,,0,30,,106994,30,,,0,70,,106975,30,,,0,71,,106995,30,,,0,31,,106976,30,,,0,70,,106996,30,,,0,30,,106977,30,,,0,71,,106992,30,,,0,30,,106978,30,,,0,71,,106997,30,,,0,30,,106979,30,,,0,70,,106998,30,,,0,30,,106980,30,,,0,70,,106999,30,,,0,30,,106981,30,,,0,70,,106991,30,,,0,30,,106982,30,,,0,70,,106970,30,,,0,32,,106983,30,,,0,69,,106971,30,,,0,29,,106984,30,,,0,70,,106972,30,,,0,29,,106985,30,,,0,70,,106973,30,,,0,30,,106986,30,,,0,70,,106990,30,,,0,29,,106988,30,,,0,70,,106987,30,,,0,30,,106989,30,,,0,70,,107000,30,,,0,100,,107001,30,,,0
