674101,'1_merged_15524958',618,,91431,6,0,88 49,0,16,,91432,6,0,89 90 12,0,13,,91433,6,0,88 49,0,57,,91434,6,,,0,19,,91435,6,,,0,21,,91436,6,,,0,56,,91437,6,,,0,6,,91438,6,0,89 90 12,0,18,,91439,6,,,0,16,,91440,6,,,0,15,,91441,6,,,0,54,,91442,6,,,0,17,,91443,6,,,0,22,,91444,6,,,0,66,,91445,6,,,0,19,,91446,6,,,0,20,,91486,6,,,0,59,,91447,6,,,0,20,,91487,6,,,0,22,,91448,6,,,0,60,,91449,6,,,0,19,,91488,6,,,0,20,,91450,6,,,0,60,,91451,6,,,0,19,,91489,6,,,0,18,,91452,6,,,0,57,,91453,6,,,0,15,,91454,6,,,0,15,,91455,6,,,0,15,,91456,6,,,0,55,,91457,6,,,0,15,,91458,6,,,0,15,,91459,6,0,89 90 12,0,17,,91460,6,,,0,56,,91461,6,,,0,32,,91463,6,0,88 49,0,11,,91464,6,,,0,49,,91465,6,,,0,26,,91467,6,0,88 49,0,31,,91469,6,,,0,73,,91471,6,,,0,15,,91472,6,,,0,12,,91473,6,,,0,60,,91474,6,,,0,20,,91475,6,,,0,20,,91476,6,,,0,60,,91477,6,,,0,20,,91478,6,,,0,20,,91479,6,,,0,63,,91480,6,,,0,31,,91481,6,,,0,70,,91482,6,,,0,110,,91483,6,,,0,94,,91484,6,,,0,180,,91485,6,,,0
674101,'2_merged_15524960',538,,91510,6,,,0,90,,91509,6,,,0,90,,91508,6,,,0,21,,91539,6,,,0,20,,91507,6,,,0,60,,91506,6,,,0,20,,91540,6,,,0,20,,91505,6,,,0,60,,91499,6,,,0,20,,91541,6,,,0,20,,91504,6,,,0,60,,91503,6,,,0,20,,91502,6,,,0,20,,91491,6,,,0,63,,91501,6,,,0,19,,91500,6,,,0,61,,91490,6,,,0,19,,91498,6,,,0,20,,91497,6,,,0,60,,91533,6,,,0,20,,91496,6,,,0,20,,91495,6,,,0,60,,91532,6,,,0,20,,91494,6,,,0,20,,91493,6,,,0,15,,91538,6,,,0,55,,91531,6,,,0,15,,91492,6,,,0,15,,91527,6,,,0,15,,91530,6,,,0,55,,91534,6,,,0,15,,91526,6,,,0,15,,91525,6,,,0,15,,91529,6,,,0,54,,91535,6,,,0,15,,91524,6,,,0,15,,91523,6,,,0,15,,91528,6,,,0,55,,91536,6,,,0,15,,91522,6,,,0,15,,91521,6,,,0,13,,91537,6,,,0,60,,91520,6,,,0,32,,91519,6,,,0,70,,91518,6,,,0,31,,91517,6,,,0,70,,91516,6,,,0,34,,91515,6,,,0,77,,91514,6,,,0,100,,91513,6,,,0,110,,91512,6,,,0,166,,91511,6,,,0
674101,'3_merged_15524959',536,,91562,6,,,0,88,,91561,6,,,0,90,,91560,6,,,0,30,,91559,6,,,0,70,,91558,6,,,0,22,,91591,6,,,0,19,,91557,6,,,0,60,,91551,6,,,0,20,,91592,6,,,0,20,,91556,6,,,0,60,,91555,6,,,0,20,,91554,6,,,0,20,,91543,6,,,0,60,,91553,6,,,0,21,,91552,6,,,0,20,,91542,6,,,0,60,,91550,6,,,0,20,,91549,6,,,0,20,,91585,6,,,0,60,,91548,6,,,0,20,,91547,6,,,0,20,,91584,6,,,0,60,,91546,6,,,0,22,,91545,6,,,0,20,,91583,6,,,0,57,,91544,6,,,0,14,,91586,6,,,0,15,,91579,6,,,0,15,,91582,6,,,0,57,,91578,6,,,0,15,,91587,6,,,0,15,,91577,6,,,0,55,,91581,6,,,0,15,,91576,6,,,0,14,,91588,6,,,0,15,,91575,6,,,0,55,,91580,6,,,0,15,,91574,6,,,0,16,,91589,6,,,0,19,,91573,6,,,0,60,,91572,6,,,0,20,,91590,6,,,0,19,,91571,6,,,0,67,,91570,6,,,0,30,,91569,6,,,0,70,,91568,6,,,0,34,,91567,6,,,0,77,,91566,6,,,0,100,,91565,6,,,0,110,,91564,6,,,0,164,,91563,6,,,0
674601,'1_merged_15524958',535,,91679,2,0,91 92,0,70,,91680,2,0,91 92,0,18,,91681,2,0,91 92,0,16,,91682,2,0,91 92,0,18,,91683,2,0,91 92,0,75,,91684,2,0,91 92,0
682201,'1_merged_15524958',603,,96148,30,,,0,20,,96159,30,,,0,15,,96138,31,,,0,5,,96164,30,,,0,15,,96149,30,,,0,60,,96165,30,,,0,23,,96168,30,,,0,59,,96169,30,,,0,26,,96150,30,,,0,23,,96166,30,,,0,70,,96151,30,,,0,28,,96143,30,,,0,69,,96152,30,,,0,30,,96144,30,,,0,64,,96153,30,,,0,30,,96145,30,,,0,71,,96154,30,,,0,35,,96146,30,,,0,71,,96155,30,,,0,30,,96147,30,,,0,77,,96156,30,,,0,26,,96163,30,,,0,51,,96140,31,,,0,10,,96170,30,,,0,20,,96157,30,,,0,22,,96167,30,,,0,62,,96171,30,,,0,22,,96160,30,,,0,9,,96139,31,,,0,55,,96141,30,,,0,18,,96172,30,,,0,18,,96161,30,,,0,20,,96142,30,,,0,60,,96173,30,,,0,20,,96162,30,,,0,63,,96158,30,,,0,23,,96174,30,,,0,30,,96175,30,,,0,80,,96176,30,,,0,78,,96177,30,,,0,100,,96178,30,,,0
682201,'2_merged_15524960',714,,96192,30,,,0,35,,96193,30,,,0,60,,96207,31,,,0,11,,96189,30,,,0,30,,96180,30,,,0,69,,96179,30,,,0,30,,96191,30,,,0,70,,96194,30,,,0,30,,96181,30,,,0,70,,96195,30,,,0,30,,96182,30,,,0,70,,96196,30,,,0,31,,96183,30,,,0,70,,96197,30,,,0,30,,96184,30,,,0,55,,96208,31,,,0,17,,96198,30,,,0,29,,96185,30,,,0,71,,96199,30,,,0,33,,96186,30,,,0,48,,96209,31,,,0,21,,96200,30,,,0,32,,96187,30,,,0,71,,96201,30,,,0,32,,96188,30,,,0,69,,96202,30,,,0,27,,96190,30,,,0,70,,96203,30,,,0,28,,96204,30,,,0,67,,96205,30,,,0,31,,96206,30,,,0,100,,96210,30,,,0
682201,'3_merged_15524959',742,,96223,30,,,0,71,,96238,31,,,0,6,,96212,30,,,0,30,,96213,30,,,0,69,,96211,30,,,0,30,,96214,30,,,0,70,,96225,30,,,0,30,,96215,30,,,0,70,,96226,30,,,0,30,,96216,30,,,0,70,,96227,30,,,0,30,,96217,30,,,0,70,,96228,30,,,0,29,,96218,30,,,0,7,,96239,31,,,0,64,,96229,30,,,0,30,,96219,30,,,0,70,,96230,30,,,0,31,,96220,30,,,0,8,,96240,31,,,0,65,,96231,30,,,0,30,,96221,30,,,0,71,,96232,30,,,0,29,,96222,30,,,0,68,,96233,30,,,0,31,,96224,30,,,0,69,,96234,30,,,0,29,,96235,30,,,0,70,,96236,30,,,0,32,,96237,30,,,0,100,,96241,30,,,0
682500,'1_merged_15524958',809,,96364,2,,,0,26,,96365,2,,,0,70,,96366,2,,,0,30,,96367,2,,,0,70,,96369,2,,,0,30,,96370,2,,,0,70,,96371,2,,,0,30,,96368,2,,,0,70,,96372,2,,,0,30,,96373,2,,,0,70,,96374,2,,,0,30,,96375,2,,,0,70,,96376,2,,,0,30,,96377,2,,,0,70,,96379,2,,,0,30,,96380,2,,,0,70,,96381,2,,,0,30,,96382,2,,,0,70,,96384,2,,,0,30,,96383,2,,,0,70,,96362,2,,,0,30,,96378,2,,,0,70,,96363,2,,,0
682500,'2_merged_15524960',910,,96391,2,,,0,30,,96390,2,,,0,70,,96389,2,,,0,30,,96388,2,,,0,70,,96387,2,,,0,30,,96386,2,,,0,70,,96385,2,,,0,30,,96405,2,,,0,70,,96404,2,,,0,30,,96403,2,,,0,70,,96402,2,,,0,30,,96401,2,,,0,70,,96400,2,,,0,30,,96399,2,,,0,70,,96398,2,,,0,30,,96397,2,,,0,70,,96396,2,,,0,30,,96395,2,,,0,70,,96394,2,,,0,30,,96393,2,,,0,70,,96392,2,,,0
682500,'3_merged_15524959',940,,96406,2,,,0,80,,96407,2,,,0,80,,96408,2,,,0,40,,96409,2,,,0,80,,96410,2,,,0,80,,96411,2,,,0,40,,96412,2,,,0,80,,96413,2,,,0,80,,96414,2,,,0,40,,96415,2,,,0,80,,96416,2,,,0,80,,96417,2,,,0,40,,96418,2,,,0,80,,96419,2,,,0
1169601,'1_merged_15524958',450,,99036,2,,,0,70,,99037,2,,,0,30,,99038,2,,,0,70,,99039,2,,,0,30,,99040,2,,,0,70,,99041,2,,,0,30,,99042,2,,,0,70,,99043,2,,,0,30,,99044,2,,,0,70,,99064,2,,,0,30,,99045,2,,,0,70,,99065,2,,,0,30,,99046,2,,,0,70,,99066,2,,,0,30,,99047,2,,,0,70,,99067,2,,,0,30,,99048,2,,,0,70,,99068,2,,,0,30,,99049,2,,,0,70,,99069,2,,,0,30,,99050,2,,,0,70,,99061,2,,,0,30,,99051,2,,,0,70,,99052,2,,,0,30,,99053,2,,,0,70,,99054,2,,,0,30,,99055,2,,,0,70,,99056,2,,,0,30,,99057,2,,,0,70,,99070,2,,,0,30,,99058,2,,,0,70,,99071,2,,,0,30,,99059,2,,,0,70,,99072,2,,,0,30,,99060,2,,,0,70,,99073,2,,,0,30,,99062,2,,,0,70,,99074,2,,,0,30,,99063,2,,,0
1169601,'2_merged_15524960',615,,99075,2,,,0,30,,99076,2,,,0,70,,99103,2,,,0,30,,99077,2,,,0,70,,99078,2,,,0,30,,99104,2,,,0,70,,99079,2,,,0,30,,99080,2,,,0,70,,99081,2,,,0,30,,99082,2,,,0,70,,99083,2,,,0,30,,99084,2,,,0,70,,99085,2,,,0,30,,99086,2,,,0,70,,99087,2,,,0,30,,99088,2,,,0,70,,99089,2,,,0,30,,99090,2,,,0,68,,99091,2,,,0,32,,99092,2,,,0,70,,99093,2,,,0,30,,99094,2,,,0,70,,99095,2,,,0,30,,99096,2,,,0,70,,99097,2,,,0,30,,99098,2,,,0,70,,99099,2,,,0,30,,99100,2,,,0,70,,99105,2,,,0,30,,99101,2,,,0,70,,99106,2,,,0,30,,99102,2,,,0
1169601,'3_merged_15524959',645,,99107,2,,,0,70,,99131,2,,,0,30,,99108,2,,,0,70,,99109,2,,,0,30,,99132,2,,,0,70,,99110,2,,,0,30,,99111,2,,,0,70,,99112,2,,,0,30,,99113,2,,,0,70,,99114,2,,,0,30,,99115,2,,,0,70,,99116,2,,,0,30,,99117,2,,,0,70,,99118,2,,,0,30,,99119,2,,,0,70,,99120,2,,,0,28,,99121,2,,,0,73,,99122,2,,,0,29,,99123,2,,,0,71,,99124,2,,,0,29,,99125,2,,,0,70,,99126,2,,,0,30,,99127,2,,,0,70,,99128,2,,,0,30,,99129,2,,,0,70,,99133,2,,,0,30,,99130,2,,,0,70,,99134,2,,,0,30,,99135,2,,,0
