666400,'1_merged_15291795',534,,76995,5,,,0,70,,76988,5,,,0,28,,76989,5,,,0,70,,76960,5,,,0,28,,76961,5,,,0,73,,76962,5,,,0,36,,76963,5,,,0,68,,76964,5,,,0,32,,76992,5,,,0,70,,76965,5,,,0,30,,76966,5,,,0,73,,76967,5,,,0,30,,76968,5,,,0,70,,76969,5,,,0,30,,76970,5,,,0,70,,76971,5,,,0,27,,76972,5,,,0,71,,76974,5,,,0,30,,76975,5,,,0,74,,76976,5,,,0,30,,76990,5,,,0,70,,76977,5,,,0,30,,76978,5,,,0,70,,76979,5,,,0,30,,76980,5,,,0,69,,76981,5,,,0,30,,76959,5,,,0,70,,76973,5,,,0,25,,76982,5,,,0,63,,76983,5,,,0,35,,76991,5,,,0,76,,76994,5,,,0,42,,76984,5,,,0,80,,76985,5,,,0,80,,76986,5,,,0,39,,76993,5,,,0,80,,76987,5,,,0
666400,'2_merged_15291797',609,,76996,5,,,0,30,,76997,5,,,0,70,,76998,5,,,0,30,,76999,5,,,0,70,,77000,5,,,0,30,,77001,5,,,0,70,,77002,5,,,0,30,,77003,5,,,0,70,,77004,5,,,0,30,,77005,5,,,0,71,,77006,5,,,0,30,,77007,5,,,0,71,,77008,5,,,0,30,,77009,5,,,0,70,,77010,5,,,0,30,,77011,5,,,0,70,,77012,5,,,0,30,,77013,5,,,0,70,,77014,5,,,0,30,,77015,5,,,0,68,,77016,5,,,0,30,,77017,5,,,0,70,,77018,5,,,0,30,,77019,5,,,0,70,,77020,5,,,0,30,,77021,5,,,0,71,,77022,5,,,0,30,,77023,5,,,0,99,,77024,5,,,0,100,,77025,5,,,0,100,,77026,5,,,0,100,,77027,5,,,0,97,,77028,5,,,0
666400,'3_merged_15291796',718,,77029,5,,,0,100,,77030,5,,,0,100,,77031,5,,,0,100,,77032,5,,,0,101,,77033,5,,,0,30,,77047,5,,,0,70,,77034,5,,,0,30,,77048,5,,,0,70,,77035,5,,,0,30,,77049,5,,,0,70,,77036,5,,,0,30,,77050,5,,,0,70,,77037,5,,,0,30,,77051,5,,,0,70,,77038,5,,,0,30,,77052,5,,,0,70,,77039,5,,,0,30,,77053,5,,,0,70,,77040,5,,,0,99,,77041,5,,,0,100,,77042,5,,,0,100,,77043,5,,,0,100,,77046,5,,,0,100,,77044,5,,,0,118,,77045,5,,,0
666500,'1_merged_15291795',555,,77177,29,,,0,70,,77187,29,,,0,30,,77186,29,,,0,72,,77185,29,,,0,30,,77184,29,,,0,72,,77183,29,,,0,30,,77170,29,,,0,69,,77182,29,,,0,28,,77169,29,,,0,71,,77168,29,,,0,30,,77167,29,,,0,70,,77181,29,,,0,30,,77166,29,,,0,70,,77180,29,,,0,30,,77179,29,,,0,70,,77159,29,,,0,30,,77176,29,,,0,79,,77165,29,,,0,23,,77164,29,,,0,73,,77175,29,,,0,74,,77178,29,,,0,27,,77174,29,,,0,69,,77173,29,,,0,29,,77172,29,,,0,28,,77163,29,,,0,70,,77171,29,,,0,28,,77162,29,,,0,70,,77161,29,,,0,30,,77160,29,,,0,65,,77158,29,,,0,30,,77157,29,,,0,71,,77156,29,,,0,31,,77155,29,,,0,70,,77154,29,,,0,31,,77153,29,,,0,68,,77152,29,,,0
666500,'2_merged_15291797',604,,77191,29,,,0,31,,77192,29,,,0,70,,77193,29,,,0,30,,77194,29,,,0,70,,77213,29,,,0,30,,77195,29,,,0,72,,77196,29,,,0,30,,77197,29,,,0,70,,77205,29,,,0,34,,77198,29,,,0,70,,77199,29,,,0,31,,77200,29,,,0,70,,77190,29,,,0,29,,77207,29,,,0,70,,77188,29,,,0,30,,77208,29,,,0,71,,77209,29,,,0,19,,77210,29,,,0,20,,77220,29,,,0,60,,77211,29,,,0,20,,77212,29,,,0,20,,77221,29,,,0,60,,77189,29,,,0,19,,77214,29,,,0,20,,77222,29,,,0,60,,77215,29,,,0,20,,77216,29,,,0,20,,77223,29,,,0,60,,77218,29,,,0,20,,77201,29,,,0,26,,77202,29,,,0,72,,77203,29,,,0,25,,77224,29,,,0,66,,77219,29,,,0,29,,77225,29,,,0,70,,77206,29,,,0,99,,77217,29,,,0,100,,77204,29,,,0,105,,77226,29,,,0
666500,'3_merged_15291796',731,,77255,29,,,0,80,,77246,29,,,0,31,,77236,29,,,0,71,,77235,29,,,0,30,,77234,29,,,0,70,,77254,29,,,0,30,,77233,29,,,0,71,,77232,29,,,0,30,,77227,29,,,0,70,,77237,29,,,0,30,,77252,29,,,0,71,,77239,29,,,0,30,,77251,29,,,0,70,,77250,29,,,0,16,,77256,29,,,0,20,,77249,29,,,0,60,,77248,29,,,0,20,,77257,29,,,0,20,,77247,29,,,0,60,,77238,29,,,0,20,,77258,29,,,0,20,,77245,29,,,0,60,,77244,29,,,0,20,,77259,29,,,0,20,,77243,29,,,0,60,,77241,29,,,0,19,,77260,29,,,0,20,,77231,29,,,0,65,,77230,29,,,0,30,,77229,29,,,0,70,,77261,29,,,0,30,,77240,29,,,0,70,,77262,29,,,0,23,,77253,29,,,0,100,,77242,29,,,0,104,,77228,29,,,0
684100,'1_merged_15291795',420,,97066,5,,,0,125,,97055,55,,,0,72,,97056,55,,,0,9,,97063,55,,,0,1991,,97065,5,,,0,11,,97064,55,,,0,30,,97058,55,,,0,60,,97060,55,,,0,20,,97057,55,,,0,62,,97059,55,,,0,30,,97061,55,,,0,75,,97062,55,,,0
684100,'2_merged_15291797',539,,97067,55,,,0,73,,97074,55,,,0,31,,97075,55,,,0,74,,97076,55,,,0,30,,97072,55,,,0,1805,,97068,5,,,0,78,,97078,55,,,0,74,,97069,55,,,0,17,,97073,55,,,0,20,,97077,55,,,0,60,,97070,55,,,0,30,,97071,55,,,0,80,,97079,55,,,0
684100,'3_merged_15291796',540,,97090,55,,,0,72,,97091,55,,,0,30,,97092,55,,,0,70,,97093,55,,,0,16,,97094,55,,,0,14,,97086,55,,,0,16,,97095,55,,,0,53,,97087,55,,,0,1705,,97088,5,,,0,41,,97080,55,,,0,70,,97081,55,,,0,32,,97084,55,,,0,70,,97083,55,,,0,30,,97082,55,,,0,75,,97085,55,,,0,75,,97089,55,,,0
3004300,'1_merged_15291795',513,,103715,5,,,0,20,,103714,5,,,0,18,,103659,5,,,0,53,,103658,5,,,0,13,,103657,5,,,0,16,,103656,5,,,0,17,,103673,5,,,0,54,,103655,5,,,0,15,,103654,5,,,0,14,,103720,5,,,0,15,,103697,5,,,0,58,,103719,5,,,0,16,,103718,5,,,0,17,,103717,5,,,0,15,,103716,5,,,0,54,,103696,5,,,0,15,,103670,5,,,0,15,,103695,5,,,0,15,,103669,5,,,0,55,,103694,5,,,0,15,,103668,5,,,0,15,,103693,5,,,0,15,,103667,5,,,0,55,,103692,5,,,0,15,,103666,5,,,0,15,,103691,5,,,0,15,,103665,5,,,0,55,,103690,5,,,0,15,,103664,5,,,0,15,,103689,5,,,0,15,,103663,5,,,0,56,,103688,5,,,0,15,,103662,5,,,0,15,,103687,5,,,0,15,,103661,5,,,0,55,,103713,5,,,0,15,,103660,5,,,0,16,,103712,5,,,0,15,,103711,5,,,0,57,,103710,5,,,0,15,,103709,5,,,0,17,,103721,5,,,0,14,,103708,5,,,0,57,,103707,5,,,0,13,,103706,5,,,0,16,,103705,5,,,0,14,,103704,5,,,0,56,,103703,5,,,0,15,,103702,5,,,0,15,,103701,5,,,0,57,,103700,5,,,0,13,,103699,5,,,0,15,,103698,5,,,0,15,,103686,5,,,0,60,,103685,5,,,0,20,,103671,5,,,0,25,,103684,5,,,0,62,,103683,5,,,0,18,,103672,5,,,0,20,,103682,5,,,0,64,,103681,5,,,0,29,,103680,5,,,0,71,,103679,5,,,0,30,,103678,5,,,0,70,,103677,5,,,0,30,,103676,5,,,0,69,,103675,5,,,0,30,,103674,5,,,0
3004300,'2_merged_15291797',603,,103755,5,,,0,33,,103754,5,,,0,72,,103753,5,,,0,30,,103752,5,,,0,70,,103751,5,,,0,31,,103750,5,,,0,70,,103749,5,,,0,30,,103748,5,,,0,71,,103747,5,,,0,31,,103746,5,,,0,69,,103745,5,,,0,19,,103757,5,,,0,20,,103744,5,,,0,60,,103743,5,,,0,20,,103758,5,,,0,20,,103742,5,,,0,60,,103741,5,,,0,20,,103759,5,,,0,20,,103740,5,,,0,60,,103739,5,,,0,20,,103760,5,,,0,20,,103738,5,,,0,60,,103737,5,,,0,20,,103761,5,,,0,20,,103736,5,,,0,60,,103735,5,,,0,19,,103762,5,,,0,21,,103734,5,,,0,60,,103733,5,,,0,20,,103763,5,,,0,20,,103732,5,,,0,58,,103731,5,,,0,24,,103730,5,,,0,77,,103729,5,,,0,25,,103728,5,,,0,75,,103727,5,,,0,25,,103726,5,,,0,75,,103725,5,,,0,30,,103724,5,,,0,75,,103756,5,,,0,25,,103723,5,,,0,75,,103764,5,,,0,25,,103722,5,,,0
3004300,'3_merged_15291796',638,,103782,5,,,0,70,,103781,5,,,0,30,,103780,5,,,0,70,,103779,5,,,0,30,,103778,5,,,0,70,,103777,5,,,0,30,,103776,5,,,0,72,,103775,5,,,0,29,,103774,5,,,0,69,,103773,5,,,0,20,,103783,5,,,0,20,,103772,5,,,0,60,,103771,5,,,0,20,,103784,5,,,0,20,,103770,5,,,0,60,,103769,5,,,0,20,,103785,5,,,0,20,,103768,5,,,0,61,,103767,5,,,0,20,,103786,5,,,0,20,,103766,5,,,0,60,,103765,5,,,0,20,,103787,5,,,0,20,,103806,5,,,0,60,,103805,5,,,0,20,,103788,5,,,0,20,,103804,5,,,0,60,,103803,5,,,0,20,,103789,5,,,0,20,,103802,5,,,0,55,,103801,5,,,0,30,,103800,5,,,0,70,,103799,5,,,0,29,,103798,5,,,0,70,,103797,5,,,0,30,,103796,5,,,0,70,,103790,5,,,0,30,,103795,5,,,0,70,,103791,5,,,0,30,,103794,5,,,0,70,,103792,5,,,0,30,,103793,5,,,0
