661401,'152301',2111,,59398,5,,,0,21,,59389,5,,,0,20,,59390,5,,,0,59,,59391,5,,,0,19,,59392,5,,,0,20,,59393,5,,,0,60,,59394,5,,,0,20,,59395,5,,,0,21,,59396,5,,,0,64,,59397,5,,,0
661401,'2',2109,,59522,5,,,0,20,,59477,5,,,0,20,,59475,5,,,0,61,,59476,5,,,0,20,,59504,5,,,0,20,,59501,5,,,0,60,,59488,5,,,0,20,,59497,5,,,0,20,,59493,5,,,0,62,,59495,5,,,0
661401,'3',2103,,59547,5,,,0,20,,59541,5,,,0,20,,59576,5,,,0,64,,59577,5,,,0,22,,59552,5,,,0,20,,59537,5,,,0,60,,59553,5,,,0,19,,59554,5,,,0,21,,59539,5,,,0,64,,59540,5,,,0
661701,'152301',2102,,61129,33,,,0,20,,61130,33,,,0,20,,61131,33,,,0,58,,61132,33,,,0,19,,61133,33,,,0,20,,61134,33,,,0,20,,61135,33,,,0,60,,61136,32,,,0,20,,61137,32,,,0,61,,61138,32,,,0,20,,61139,32,,,0,15,,61140,34,,,0,70,,61141,34,,,0
661701,'2',2059,,61264,33,,,0,60,,61265,33,,,0,20,,61266,33,,,0,20,,61267,33,,,0,60,,61268,33,,,0,20,,61269,33,,,0,20,,61270,33,,,0,60,,61271,32,,,0,20,,61272,32,,,0,61,,61273,32,,,0,20,,61274,32,,,0,20,,61275,34,,,0,69,,61276,34,,,0
661701,'3',2057,,61327,33,,,0,60,,61328,33,,,0,20,,61329,33,,,0,21,,61330,33,,,0,60,,61331,33,,,0,20,,61332,33,,,0,19,,61333,33,,,0,60,,61334,32,,,0,19,,61335,32,,,0,20,,61336,32,,,0,62,,61337,32,,,0,20,,61338,34,,,0,70,,61339,34,,,0
662001,'152301',2102,,62780,4,,,0,16,,62781,4,,,0,15,,62782,4,,,0,15,,62783,4,,,0,55,,62784,4,,,0,20,,62785,4,,,0,20,,62786,4,,,0,59,,62787,4,,,0,20,,62788,4,,,0,20,,62789,4,,,0,70,,62790,4,,,0,30,,62791,4,,,0,70,,62792,4,0,18 17,0,30,,62793,4,0,18 17,0
662001,'2',2102,,62927,4,,,0,19,,62928,4,,,0,20,,62929,4,,,0,60,,62930,4,,,0,20,,62931,4,,,0,20,,62932,4,,,0,60,,62933,4,,,0,22,,62934,4,,,0,20,,62935,4,,,0,69,,62936,4,,,0,30,,62937,4,,,0,70,,62938,4,0,18 17,0,30,,62939,4,0,18 17,0
662001,'3',2112,,62999,4,,,0,20,,63000,4,,,0,20,,63001,4,,,0,60,,63002,4,,,0,20,,63003,4,,,0,20,,63004,4,,,0,60,,63005,4,,,0,20,,63006,4,,,0,20,,63007,4,,,0,60,,63008,4,,,0,30,,63009,4,,,0,70,,63010,4,0,18 17,0,30,,63011,4,0,18 17,0
662201,'152301',2111,,63722,43,,,0,16,,63723,43,,,0,16,,63724,43,,,0,60,,63725,43,,,0,20,,63726,43,,,0,20,,63727,43,,,0,60,,63728,43,,,0,21,,63729,43,,,0,19,,63730,43,,,0,70,,63731,43,,,0,29,,63732,43,,,0,70,,63733,43,,,0,30,,63734,43,,,0
662201,'2',2115,,63835,43,,,0,15,,63895,43,,,0,17,,63826,43,,,0,60,,63822,43,,,0,20,,63880,43,,,0,19,,63890,43,,,0,61,,63894,43,,,0,22,,63878,43,,,0,19,,63891,43,,,0,66,,63821,43,,,0,30,,63884,43,,,0,70,,63888,43,,,0,28,,63893,43,,,0
662201,'3',2103,,63966,43,,,0,20,,63967,43,,,0,19,,63968,43,,,0,60,,63969,43,,,0,20,,63970,43,,,0,20,,63971,43,,,0,60,,63972,43,,,0,20,,63973,43,,,0,18,,63974,43,,,0,69,,63975,43,,,0,32,,63976,43,,,0,70,,63977,43,,,0,30,,63978,48,,,0
663701,'152301',2057,,69447,8,,,0,62,,69448,8,,,0,23,,69449,8,,,0,60,,69450,8,,,0,20,,69451,8,,,0,22,,69453,8,,,0,58,,69454,8,,,0,25,,69452,8,,,0,22,,69455,8,,,0,62,,69456,8,,,0,34,,69457,8,,,0,65,,69458,8,,,0,28,,69459,8,,,0
663701,'2',2106,,69576,8,,,0,19,,69577,8,,,0,20,,69578,8,,,0,60,,69579,8,,,0,23,,69580,8,,,0,21,,69581,8,,,0,70,,69582,8,,,0,29,,69583,8,,,0,68,,69584,8,,,0,31,,69585,8,,,0,70,,69586,8,,,0,28,,69587,8,,,0
663701,'3',2122,,69647,8,,,0,22,,69648,8,,,0,61,,69649,8,,,0,20,,69650,8,,,0,21,,69651,8,,,0,70,,69652,8,,,0,30,,69653,8,,,0,70,,69654,8,,,0,30,,69655,8,,,0,71,,69656,8,,,0,26,,69657,8,,,0
683001,'1',2612,,96750,3,,,0,31,,96751,3,,,0,70,,96752,3,,,0,30,,96753,3,,,0,70,,96754,3,,,0,29,,96755,3,,,0
683001,'2',2613,,96761,3,,,0,34,,96757,3,,,0,70,,96756,3,,,0,30,,96760,3,,,0,72,,96759,3,,,0,34,,96758,3,,,0
683001,'3',2612,,96763,3,,,0,30,,96762,3,,,0,70,,96767,3,,,0,30,,96766,3,,,0,70,,96765,3,,,0,40,,96764,3,,,0
683301,'1',2612,,96796,3,,,0,14,,96799,3,,,0,19,,96797,3,,,0,72,,96798,3,,,0
683301,'2',2616,,96802,3,,,0,13,,96803,3,,,0,20,,96801,3,,,0,61,,96800,3,,,0
683301,'3',2613,,96806,3,,,0,30,,96805,3,,,0,70,,96804,3,,,0
684100,'1',452,,97055,3,,,0,70,,97056,3,,,0,9,,97063,3,,,0,2006,,97064,3,,,0,70,,97058,3,,,0,20,,97060,3,,,0,20,,97057,3,,,0,62,,97059,3,,,0,30,,97061,3,,,0,75,,97062,3,,,0
684100,'2',450,,97067,3,,,0,69,,97074,3,,,0,31,,97075,3,,,0,74,,97076,3,,,0,30,,97072,3,,,0,1883,,97078,3,,,0,74,,97069,3,,,0,17,,97073,3,,,0,20,,97077,3,,,0,60,,97070,3,,,0,30,,97071,3,,,0,80,,97079,3,,,0
684100,'3',447,,97090,3,,,0,71,,97091,3,,,0,30,,97092,3,,,0,71,,97093,3,,,0,16,,97094,3,,,0,14,,97086,3,,,0,56,,97095,3,,,0,13,,97087,3,,,0,1789,,97080,3,,,0,30,,97081,3,,,0,72,,97084,3,,,0,30,,97083,3,,,0,70,,97082,3,,,0,35,,97085,3,,,0,75,,97089,3,,,0
1671801,'152301',2104,,99820,5,,,0,16,,99821,5,,,0,16,,99822,5,,,0,15,,99823,5,,,0,55,,99824,5,,,0,15,,99825,5,,,0,20,,99826,5,,,0,61,,99827,5,,,0,18,,99828,5,,,0,20,,99817,5,,,0,70,,99812,5,,,0,15,,99819,5,,,0,15,,99813,5,,,0,15,,99818,5,,,0,54,,99814,5,,,0,30,,99815,5,,,0,5,,99816,5,,,0
1671801,'2',2104,,99982,5,,,0,14,,99983,5,,,0,15,,99984,5,,,0,15,,99985,5,,,0,55,,99986,5,,,0,21,,99987,5,,,0,20,,99988,5,,,0,60,,99899,5,,,0,20,,99900,5,,,0,21,,99901,5,,,0,64,,99902,5,,,0,30,,99903,5,,,0,70,,99904,5,,,0,29,,99907,5,,,0,11,,99908,5,,,0
1671801,'3',2122,,100034,5,,,0,15,,100035,5,,,0,15,,100036,5,,,0,55,,100044,5,,,0,17,,100037,5,,,0,20,,100038,5,,,0,60,,100003,5,,,0,19,,100004,5,,,0,21,,100005,5,,,0,64,,100039,5,,,0,30,,100040,5,,,0,70,,100041,5,,,0,30,,100042,5,,,0,8,,100047,5,,,0
