662400,'152201_merged_15524962',2435,,64432,43,,,0,69,,64433,43,,,0,32,,64434,43,,,0,76,,64435,43,,,0
662400,'152301_merged_15524964',2435,,64436,43,,,0,69,,64437,43,,,0,32,,64438,43,,,0,76,,64439,43,,,0
662400,'1_merged_15524958',450,,64440,1,,,0,70,,64441,1,,,0,15,,64442,22,,,0,15,,64443,1,,,0,54,,64444,1,,,0,11,,64445,1,,,0,7,,64446,22,,,0,17,,64447,43,,,0,8,,64448,1,,,0,8,,64449,43,,,0,55,,64450,43,,,0,7,,64541,1,,,0,5,,64451,43,,,0,12,,64482,43,,,0,12,,64483,43,,,0,13,,64484,43,,,0,54,,64485,43,,,0,14,,64486,43,,,0,12,,64487,43,,,0,12,,64488,43,,,0,50,,64540,1,,,0,2,,64489,43,,,0,13,,64490,43,,,0,12,,64491,43,,,0,12,,64492,43,,,0,12,,64493,43,,,0,52,,64494,43,,,0,12,,64495,43,,,0,12,,64496,43,,,0,12,,64497,43,,,0,12,,64498,43,,,0,52,,64499,43,,,0,12,,64500,43,,,0,13,,64501,43,,,0,12,,64502,43,,,0,12,,64503,43,,,0,54,,64504,43,,,0,12,,64505,43,,,0,13,,64506,43,,,0,12,,64507,43,,,0,12,,64508,43,,,0,51,,64509,43,,,0,12,,64510,43,,,0,12,,64511,43,,,0,12,,64512,43,,,0,12,,64513,43,,,0,52,,64514,43,,,0,7,,64542,1,,,0,5,,64515,43,,,0,12,,64516,43,,,0,12,,64517,43,,,0,12,,64518,43,,,0,48,,64539,1,,,0,4,,64519,43,,,0,12,,64520,43,,,0,12,,64521,43,,,0,12,,64522,43,,,0,12,,64523,43,,,0,52,,64524,43,,,0,6,,64452,1,,,0,6,,64525,43,,,0,12,,64453,43,,,0,12,,64454,43,,,0,12,,64455,43,,,0,51,,64456,43,,,0,11,,64457,43,,,0,12,,64458,43,,,0,11,,64459,43,,,0,9,,64460,43,,,0,10,,64461,43,,,0,50,,64462,43,,,0,9,,64463,43,,,0,10,,64464,43,,,0,11,,64465,43,,,0,11,,64466,43,,,0,52,,64526,43,,,0,12,,64527,43,,,0,10,,64528,43,,,0,12,,64529,43,,,0,12,,64530,43,,,0,11,,64531,43,,,0,52,,64532,43,,,0,12,,64533,43,,,0,12,,64534,43,,,0,12,,64535,43,,,0,12,,64536,43,,,0,52,,64537,43,,,0,12,,64538,43,,,0,15,,64470,43,,,0,16,,64471,43,,,0,56,,64468,43,,,0,12,,64474,43,,,0,15,,64475,43,,,0,15,,64476,43,,,0,59,,64477,43,,,0,14,,64478,43,,,0,20,,64479,43,,,0,60,,64480,43,,,0,16,,64481,43,,,0
662400,'2_merged_15524960',439,,64543,1,,,0,69,,64544,1,,,0,29,,64545,1,,,0,13,,64546,22,,,0,60,,64547,36,,,0,17,,64548,1,,,0,13,,64549,36,,,0,15,,64643,1,,,0,55,,64550,43,,,0,11,,64551,1,,,0,10,,64552,43,,,0,12,,64644,1,,,0,5,,64553,1,,,0,3,,64554,43,,,0,57,,64555,43,,,0,12,,64607,43,,,0,12,,64608,43,,,0,13,,64609,43,,,0,12,,64610,43,,,0,49,,64556,1,,,0,4,,64611,43,,,0,13,,64612,43,,,0,12,,64613,43,,,0,12,,64614,43,,,0,53,,64615,43,,,0,12,,64616,43,,,0,13,,64617,43,,,0,12,,64618,43,,,0,12,,64619,43,,,0,10,,64557,1,,,0,43,,64620,43,,,0,12,,64621,43,,,0,14,,64622,43,,,0,12,,64623,43,,,0,12,,64624,43,,,0,53,,64625,43,,,0,12,,64626,43,,,0,12,,64627,43,,,0,12,,64628,43,,,0,12,,64629,43,,,0,50,,64558,1,,,0,5,,64630,43,,,0,12,,64631,43,,,0,13,,64632,43,,,0,12,,64633,43,,,0,12,,64634,43,,,0,52,,64635,43,,,0,12,,64636,43,,,0,11,,64637,43,,,0,12,,64638,43,,,0,12,,64639,43,,,0,51,,64640,43,,,0,12,,64641,43,,,0,12,,64559,43,,,0,12,,64560,43,,,0,12,,64561,43,,,0,52,,64562,43,,,0,12,,64563,43,,,0,12,,64564,43,,,0,12,,64565,43,,,0,12,,64566,43,,,0,51,,64567,43,,,0,12,,64568,43,,,0,12,,64569,43,,,0,12,,64570,43,,,0,12,,64571,43,,,0,52,,64572,43,,,0,11,,64573,43,,,0,10,,64574,43,,,0,12,,64575,43,,,0,12,,64576,43,,,0,50,,64577,43,,,0,12,,64578,43,,,0,12,,64579,43,,,0,12,,64580,43,,,0,12,,64581,43,,,0,52,,64582,43,,,0,13,,64583,43,,,0,15,,64585,43,,,0,16,,64586,43,,,0,57,,64588,43,,,0,17,,64589,43,,,0,17,,64590,43,,,0,18,,64592,43,,,0,56,,64593,43,,,0,13,,64594,43,,,0,15,,64595,43,,,0,15,,64596,43,,,0,57,,64597,43,,,0,16,,64598,43,,,0,20,,64599,43,,,0,61,,64600,43,,,0,17,,64601,43,,,0,19,,64602,43,,,0,57,,64603,43,,,0,18,,64604,43,,,0,20,,64605,43,,,0,68,,64606,43,,,0
662400,'3_merged_15524959',454,,64693,1,,,0,58,,64694,1,,,0,16,,64695,1,,,0,18,,64696,22,,,0,55,,64697,1,,,0,13,,64698,1,,,0,7,,64699,36,,,0,18,,64700,36,,,0,19,,64701,43,,,0,53,,64702,1,,,0,5,,64703,43,,,0,18,,64704,43,,,0,20,,64705,43,,,0,55,,64706,43,,,0,15,,64707,43,,,0,7,,64708,1,,,0,5,,64768,43,,,0,15,,64769,43,,,0,52,,64770,43,,,0,12,,64771,43,,,0,12,,64772,43,,,0,12,,64773,43,,,0,9,,64709,1,,,0,5,,64774,43,,,0,52,,64775,43,,,0,12,,64776,43,,,0,12,,64777,43,,,0,12,,64778,43,,,0,14,,64779,43,,,0,52,,64780,43,,,0,12,,64781,43,,,0,9,,64710,1,,,0,3,,64782,43,,,0,12,,64783,43,,,0,13,,64784,43,,,0,52,,64785,43,,,0,12,,64786,43,,,0,13,,64787,43,,,0,12,,64788,43,,,0,13,,64789,43,,,0,52,,64790,43,,,0,12,,64791,43,,,0,12,,64792,43,,,0,12,,64793,43,,,0,10,,64794,43,,,0,52,,64795,43,,,0,12,,64796,43,,,0,7,,64711,1,,,0,5,,64797,43,,,0,12,,64798,43,,,0,12,,64799,43,,,0,52,,64712,43,,,0,10,,64713,43,,,0,10,,64714,43,,,0,10,,64715,43,,,0,10,,64716,43,,,0,10,,64717,43,,,0,50,,64718,43,,,0,10,,64719,43,,,0,10,,64720,43,,,0,9,,64721,43,,,0,10,,64722,43,,,0,10,,64723,43,,,0,50,,64724,43,,,0,9,,64725,43,,,0,10,,64726,43,,,0,10,,64727,43,,,0,9,,64728,43,,,0,9,,64729,43,,,0,50,,64730,43,,,0,10,,64731,43,,,0,10,,64732,43,,,0,10,,64733,43,,,0,10,,64734,43,,,0,10,,64735,43,,,0,52,,64737,43,,,0,15,,64738,43,,,0,15,,64740,43,,,0,15,,64741,43,,,0,53,,64743,43,,,0,15,,64744,43,,,0,14,,64746,43,,,0,15,,64747,43,,,0,55,,64750,43,,,0,16,,64751,43,,,0,15,,64752,43,,,0,15,,64753,43,,,0,7,,64754,43,,,0,55,,64755,43,,,0,15,,64756,43,,,0,15,,64757,43,,,0,15,,64758,43,,,0,55,,64759,43,,,0,14,,64760,43,,,0,19,,64761,43,,,0,61,,64762,43,,,0,16,,64763,43,,,0,23,,64764,43,,,0,68,,64765,43,,,0,34,,64766,43,,,0,65,,64767,43,,,0
662901,'1_merged_15524958',2543,,67267,27,4,,0
662901,'2_merged_15524960',2544,,67281,27,4,,0
683400,'1201_merged_15524951',2623,,96807,37,,,0,22,,96810,37,,,0,65,,96808,37,0,6 7 8,0,104,,96809,37,,,0
683400,'1_merged_15524958',2608,,96817,37,,,0,27,,96815,37,,,0,21,,96812,37,0,6 7 8,0,68,,96816,37,,,0,16,,96814,37,,,0,18,,96813,37,,,0,71,,96811,37,,,0,25,,96818,37,,,0
683400,'2_merged_15524960',501,,96828,37,,,0,14,,96827,37,,,0,33,,96831,37,,,0,61,,96826,37,,,0,31,,96825,37,,,0,1903,,96832,37,,,0,59,,96833,37,,,0,20,,96830,37,,,0,20,,96834,37,,,0,15,,96823,37,,,0,55,,96820,37,,,0,15,,96822,37,,,0,20,,96821,37,,,0,61,,96824,37,0,6 7 8,0,20,,96819,37,0,6 7 8,0,24,,96829,37,,,0
683400,'3_merged_15524959',506,,96844,37,,,0,30,,96845,37,,,0,15,,96846,37,,,0,55,,96852,37,,,0,15,,96851,37,,,0,16,,96847,37,,,0,66,,96835,37,,,0,17,,96853,37,,,0,17,,96848,37,,,0,1777,,96850,37,,,0,23,,96849,37,,,0,22,,96839,37,,,0,78,,96836,37,,,0,21,,96841,37,0,6 7 8,0,59,,96837,37,,,0,22,,96838,37,,,0,61,,96840,37,0,6 7 8,0,20,,96842,37,0,6 7 8,0,20,,96843,37,,,0
