674901,'101_merged_15291802',1515,,92490,3,,,0,8,,92489,17,,,0
674901,'1_merged_15291795',401,,92503,3,,,0,30,,92532,3,,,0,22,,92533,17,,,0,68,,92534,17,,,0,10,,92535,3,,,0,20,,92492,17,,,0,49,,92536,3,,,0,22,,92537,17,,,0,11,,92538,17,,,0,19,,92539,17,,,0,48,,92499,17,,,0,18,,92540,17,,,0,11,,92541,17,,,0,19,,92542,17,,,0,57,,92543,17,,,0,16,,92544,3,,,0,17,,92545,17,,,0,15,,92546,17,,,0,54,,92547,3,,,0,14,,92500,17,,,0,15,,92548,3,,,0,15,,92549,17,,,0,55,,92550,3,,,0,15,,92551,17,,,0,15,,92552,3,,,0,15,,92553,17,,,0,8,,92554,4,,,0,57,,92555,17,,,0,17,,92556,3,,,0,16,,92557,17,,,0,55,,92558,3,,,0,15,,92559,17,,,0,15,,92560,3,,,0,15,,92561,17,,,0,54,,92562,3,,,0,18,,92563,17,,,0,15,,92564,3,,,0,15,,92565,17,,,0,55,,92521,3,,,0,14,,92522,17,,,0,19,,92498,17,,,0,63,,92523,17,,,0,27,,92524,17,,,0,18,,92525,17,,,0,7,,92526,4,,,0,5,,92527,17,,,0,58,,92528,17,,,0,15,,92529,17,,,0,15,,92530,17,,,0,58,,92531,17,,,0,14,,92494,17,,,0,13,,92497,17,,,0,13,,92519,17,,,0,55,,92506,17,,,0,15,,92507,17,,,0,18,,92508,17,,,0,12,,92509,17,,,0,55,,92510,17,,,0,15,,92511,17,,,0,15,,92501,17,,,0,17,,92493,17,,,0,54,,92505,17,,,0,15,,92512,17,,,0,30,,92513,17,,,0,70,,92514,17,,,0,16,,92515,4,,,0,17,,92495,17,,,0,62,,92520,17,,,0,21,,92504,4,,,0,19,,92516,17,,,0,65,,92517,17,,,0,30,,92496,17,,,0,70,,92518,17,,,0,30,,92502,17,,,0,70,,92566,17,,,0
674901,'2_merged_15291797',525,,92567,17,,,0,29,,92568,3,,,0,66,,92569,17,,,0,28,,92570,3,,,0,58,,92571,17,,,0,12,,92572,3,,,0,15,,92573,17,,,0,15,,92574,3,,,0,55,,92575,17,,,0,15,,92576,3,,,0,15,,92577,17,,,0,15,,92578,3,,,0,55,,92579,17,,,0,15,,92580,3,,,0,15,,92581,17,,,0,15,,92582,3,,,0,55,,92583,17,,,0,15,,92584,3,,,0,14,,92585,17,,,0,15,,92586,3,,,0,55,,92587,17,,,0,14,,92588,3,,,0,13,,92589,17,,,0,19,,92590,3,,,0,55,,92591,17,,,0,15,,92592,3,,,0,15,,92593,17,,,0,15,,92594,3,,,0,55,,92595,17,,,0,15,,92596,3,,,0,15,,92597,17,,,0,15,,92598,3,,,0,55,,92599,17,,,0,15,,92600,3,,,0,15,,92601,17,,,0,15,,92602,3,,,0,55,,92603,17,,,0,15,,92604,3,,,0,15,,92605,17,,,0,15,,92606,3,,,0,55,,92607,17,,,0,20,,92608,3,,,0,15,,92609,17,,,0,15,,92610,3,,,0,55,,92611,17,,,0,15,,92612,3,,,0,15,,92613,17,,,0,15,,92614,3,,,0,55,,92615,17,,,0,15,,92616,3,,,0,15,,92617,17,,,0,11,,92618,3,,,0,59,,92619,17,,,0,15,,92620,17,,,0,15,,92621,17,,,0,15,,92622,17,,,0,63,,92623,17,,,0,30,,92624,17,,,0,70,,92625,17,,,0,30,,92626,17,,,0,70,,92627,17,,,0,30,,92628,17,,,0,70,,92629,17,,,0,30,,92630,17,,,0,70,,92631,17,,,0,30,,92632,17,,,0,68,,92633,17,,,0
674901,'3_merged_15291796',619,,92667,3,,,0,30,,92659,3,,,0,70,,92658,17,,,0,29,,92657,17,,,0,55,,92656,3,,,0,15,,92655,17,,,0,15,,92692,3,,,0,15,,92691,17,,,0,55,,92690,3,,,0,15,,92689,17,,,0,15,,92688,3,,,0,15,,92687,17,,,0,57,,92686,3,,,0,14,,92685,17,,,0,16,,92642,3,,,0,15,,92641,17,,,0,56,,92684,3,,,0,13,,92683,17,,,0,15,,92682,3,,,0,15,,92681,17,,,0,55,,92680,3,,,0,15,,92679,17,,,0,12,,92678,3,,,0,18,,92677,17,,,0,55,,92676,3,,,0,14,,92675,17,,,0,16,,92674,3,,,0,14,,92673,17,,,0,56,,92654,3,,,0,14,,92653,17,,,0,17,,92652,3,,,0,5,,92651,17,,,0,64,,92650,3,,,0,14,,92649,17,,,0,17,,92648,3,,,0,13,,92647,17,,,0,57,,92646,3,,,0,13,,92645,17,,,0,15,,92644,3,,,0,15,,92666,17,,,0,55,,92665,3,,,0,14,,92664,17,,,0,14,,92663,3,,,0,17,,92662,17,,,0,54,,92661,3,,,0,16,,92660,17,,,0,15,,92643,3,,,0,15,,92640,17,,,0,58,,92639,3,,,0,14,,92638,17,,,0,15,,92636,3,,,0,14,,92637,17,,,0,57,,92635,3,,,0,15,,92634,17,,,0,15,,92696,3,,,0,20,,92695,17,,,0,70,,92672,17,,,0,30,,92694,17,,,0,71,,92693,17,,,0,30,,92668,17,,,0,72,,92669,17,,,0,72,,92670,17,,,0,27,,92697,17,,,0,29,,92671,17,,,0
722401,'101_merged_15291802',1524,,97323,3,,,0
722401,'1_merged_15291795',421,,97346,3,,,0,20,,97345,3,,,0,60,,97344,3,,,0,20,,97348,3,,,0,15,,97343,3,,,0,71,,97342,3,,,0,22,,97357,3,,,0,24,,97341,3,,,0,58,,97340,3,,,0,14,,97349,3,,,0,15,,97358,3,,,0,17,,97339,3,,,0,62,,97338,3,,,0,18,,97350,3,,,0,69,,97337,3,,,0,32,,97336,3,,,0,68,,97335,3,,,0,30,,97334,3,,,0,70,,97333,3,,,0,30,,97332,3,,,0,70,,97331,3,,,0,30,,97330,3,,,0,70,,97329,3,,,0,30,,97328,3,,,0,70,,97327,3,,,0,20,,97326,3,,,0,18,,97325,3,,,0,59,,97359,3,,,0,36,,97324,3,,,0,17,,97351,3,,,0,60,,97347,3,,,0,20,,97355,3,,,0,20,,97360,3,,,0,60,,97352,3,,,0,20,,97354,3,,,0,65,,97353,3,,,0,30,,97356,3,,,0,25,,97361,3,,,0,101,,97362,3,,,0,99,,97363,3,,,0
3182101,'1_merged_15291795',534,,107249,22,,,0,70,,107273,22,,,0,30,,107272,22,,,0,70,,107271,22,,,0,30,,107270,22,,,0
3182201,'1_merged_15291795',529,,107399,18,,,0,30,,107400,18,,,0,71,,107401,18,,,0,29,,107402,18,,,0,70,,107403,18,,,0
3404200,'1_merged_15291795',1711,,108563,3,,,0
3404300,'101_merged_15291802',1601,,108656,3,,,0
3404300,'1_merged_15291795',531,,108676,3,,,0,100,,108675,3,,,0,74,,108658,3,,,0,26,,108674,3,,,0,70,,108679,3,,,0,30,,108673,3,,,0,100,,108672,3,,,0,75,,108680,3,,,0,25,,108671,3,,,0,70,,108681,3,,,0,30,,108670,3,,,0,100,,108669,3,,,0,100,,108668,3,,,0,100,,108667,3,,,0,100,,108666,3,,,0,110,,108665,3,,,0,3,,108678,3,,,0,67,,108659,3,,,0,3,,108677,3,,,0,28,,108664,3,,,0,2,,108657,3,,,0,77,,108663,3,,,0,94,,108662,3,,,0,99,,108661,3,,,0,102,,108660,3,,,0
3404300,'2_merged_15291797',906,,108687,3,,,0,100,,108688,3,,,0,100,,108686,3,,,0,98,,108689,3,,,0,102,,108685,3,,,0,100,,108690,3,,,0,100,,108684,3,,,0,100,,108691,3,,,0,100,,108683,3,,,0,100,,108692,3,,,0,95,,108682,3,,,0
3404300,'3_merged_15291796',901,,108698,3,,,0,100,,108699,3,,,0,100,,108697,3,,,0,100,,108700,3,,,0,100,,108696,3,,,0,100,,108701,3,,,0,100,,108695,3,,,0,100,,108702,3,,,0,100,,108694,3,,,0,100,,108703,3,,,0,100,,108693,3,,,0
