2263800,'101_merged_15529707',733,,160025,16,,,0,869,,160024,16,,,0
2263800,'1_merged_15529700',513,,160058,16,,,0,31,,160059,16,,,0,71,,160060,16,,,0,11,,160061,16,,,0,14,,160062,16,,,0,17,,160063,16,,,0,53,,160064,16,,,0,18,,160065,16,,,0,9,,160066,16,,,0,19,,160067,16,,,0,63,,160068,16,,,0,20,,160069,16,,,0,64,,160035,16,,,0,26,,160036,16,,,0,30,,160037,16,,,0,70,,160038,16,,,0,71,,160039,16,,,0,30,,160040,16,,,0,71,,160041,16,,,0,30,,160042,16,,,0,70,,160043,16,,,0,31,,160044,16,,,0,72,,160045,16,,,0,26,,160046,16,,,0,71,,160047,16,,,0,32,,160048,16,,,0,13,,160049,16,,,0,66,,160078,16,,,0,19,,160050,16,,,0,12,,160051,16,,,0,16,,160026,16,,,0,53,,160056,16,,,0,15,,160057,16,,,0,17,,160027,16,,,0,60,,160055,16,,,0,23,,160077,16,,,0,19,,160029,16,,,0,64,,160076,16,,,0,26,,160070,16,,,0,22,,160028,16,,,0,72,,160052,16,,,0,26,,160053,16,,,0,73,,160054,16,,,0,72,,160030,16,,,0,26,,160074,16,,,0,28,,160075,16,,,0,69,,160031,16,,,0,32,,160073,16,,,0,69,,160032,16,,,0,30,,160072,16,,,0,70,,160033,16,,,0,30,,160071,16,,,0,70,,160034,16,,,0
2263800,'201',1602,,160079,16,,,0
2263800,'2_merged_15529702',610,,160080,16,,,0,20,,160081,16,,,0,70,,160082,16,,,0,31,,160083,16,,,0,70,,160084,16,,,0,30,,160085,16,,,0,71,,160086,16,,,0,31,,160087,16,,,0,71,,160088,16,,,0,30,,160089,16,,,0,71,,160090,16,,,0,30,,160091,16,,,0,70,,160092,16,,,0,30,,160093,16,,,0,71,,160094,16,,,0,30,,160095,16,,,0,70,,160096,16,,,0,30,,160097,16,,,0,70,,160098,16,,,0,30,,160099,16,,,0,70,,160100,16,,,0,30,,160101,16,,,0,70,,160102,16,,,0,30,,160103,16,,,0,70,,160104,16,,,0,24,,160105,16,,,0,70,,160106,16,,,0,30,,160107,16,,,0,70,,160108,16,,,0,30,,160109,16,,,0,70,,160110,16,,,0,30,,160111,16,,,0,70,,160112,16,,,0,28,,160113,16,,,0,30,,160114,16,,,0,69,,160115,16,,,0,30,,160116,16,,,0,89,,160117,16,,,0,65,,160118,16,,,0,43,,160119,16,,,0,70,,160120,16,,,0
2263800,'3_merged_15529701',640,,160133,16,,,0,70,,160124,16,,,0,31,,160134,16,,,0,70,,160135,16,,,0,30,,160136,16,,,0,71,,160137,16,,,0,30,,160138,16,,,0,71,,160140,16,,,0,30,,160141,16,,,0,70,,160139,16,,,0,31,,160142,16,,,0,70,,160143,16,,,0,31,,160144,16,,,0,70,,160145,16,,,0,30,,160146,16,,,0,70,,160147,16,,,0,30,,160148,16,,,0,70,,160149,16,,,0,30,,160150,16,,,0,70,,160151,16,,,0,30,,160152,16,,,0,70,,160153,16,,,0,30,,160154,16,,,0,70,,160155,16,,,0,30,,160156,16,,,0,70,,160157,16,,,0,30,,160158,16,,,0,70,,160121,16,,,0,30,,160122,16,,,0,70,,160123,16,,,0,31,,160125,16,,,0,77,,160126,16,,,0,31,,160127,16,,,0,68,,160128,16,,,0,25,,160129,16,,,0,68,,160130,16,,,0,30,,160131,16,,,0,69,,160132,16,,,0
3004001,'101_merged_15529707',737,,162327,6,,,0
3004001,'1_merged_15529700',515,,162340,6,,,0,21,,162355,6,,,0,9,,162341,6,,,0,59,,162354,6,,,0,10,,162342,6,,,0,19,,162353,6,,,0,9,,162343,6,,,0,58,,162352,6,,,0,11,,162357,6,,,0,30,,162358,6,,,0,61,,162344,6,,,0,20,,162359,6,,,0,81,,162360,6,,,0,30,,162361,6,,,0,70,,162362,6,,,0,31,,162363,6,,,0,25,,162364,6,,,0,75,,162365,6,,,0,70,,162366,6,,,0,30,,162367,6,,,0,74,,162350,6,,,0,25,,162351,6,,,0,72,,162368,6,,,0,32,,162369,6,,,0,69,,162356,6,,,0,29,,162370,6,,,0,69,,162371,6,,,0,32,,162372,6,,,0,18,,162328,6,,,0,50,,162349,6,,,0,21,,162329,6,,,0,9,,162348,6,,,0,20,,162330,6,,,0,49,,162347,6,,,0,29,,162331,6,,,0,10,,162346,6,,,0,12,,162332,6,,,0,64,,162333,6,,,0,12,,162345,6,,,0,18,,162334,6,,,0,95,,162335,6,,,0,104,,162336,6,,,0,101,,162337,6,,,0,100,,162338,6,,,0,99,,162339,6,,,0
3004001,'201',737,,162373,6,,,0
3004001,'2_merged_15529702',703,,162381,6,,,0,30,,162399,6,,,0,71,,162382,6,,,0,30,,162400,6,,,0,69,,162383,6,,,0,31,,162403,6,,,0,69,,162384,6,,,0,30,,162374,6,,,0,72,,162385,6,,,0,28,,162375,6,,,0,70,,162386,6,,,0,30,,162376,6,,,0,70,,162387,6,,,0,31,,162377,6,,,0,70,,162388,6,,,0,30,,162401,6,,,0,70,,162389,6,,,0,30,,162402,6,,,0,70,,162390,6,,,0,29,,162378,6,,,0,70,,162391,6,,,0,30,,162379,6,,,0,70,,162392,6,,,0,30,,162380,6,,,0,70,,162393,6,,,0,46,,162394,6,,,0,99,,162395,6,,,0,100,,162396,6,,,0,101,,162397,6,,,0,102,,162398,6,,,0
3004001,'3_merged_15529701',703,,162405,6,,,0,100,,162406,6,,,0,100,,162407,6,,,0,100,,162408,6,,,0,30,,162422,6,,,0,70,,162409,6,,,0,30,,162423,6,,,0,70,,162410,6,,,0,30,,162424,6,,,0,70,,162411,6,,,0,30,,162425,6,,,0,70,,162412,6,,,0,30,,162426,6,,,0,70,,162413,6,,,0,30,,162427,6,,,0,70,,162414,6,,,0,30,,162428,6,,,0,70,,162415,6,,,0,30,,162429,6,,,0,70,,162416,6,,,0,30,,162430,6,,,0,20,,162418,6,,,0,100,,162404,6,,,0,100,,162417,6,,,0,99,,162419,6,,,0,100,,162420,6,,,0,100,,162421,6,,,0
