662201,'101_merged_15529707',1611,,121603,23,,,0
662201,'152201_merged_15529704',2050,,121604,23,,,0,56,,121605,23,,,0,18,,121606,23,,,0,20,,121607,23,,,0,60,,121608,23,,,0,21,,121609,23,,,0,19,,121610,23,,,0,62,,121611,23,,,0,20,,121612,23,,,0,23,,121613,23,,,0,71,,121614,23,,,0,30,,121615,23,,,0,70,,121616,23,,,0
662201,'152301_merged_15529706',2050,,121617,23,,,0,56,,121618,23,,,0,18,,121619,23,,,0,20,,121620,23,,,0,60,,121621,23,,,0,21,,121622,23,,,0,19,,121623,23,,,0,62,,121624,23,,,0,20,,121625,23,,,0,23,,121626,23,,,0,71,,121627,23,,,0,30,,121628,23,,,0,70,,121629,23,,,0
662201,'1_merged_15529700',525,,121631,28,,,0,17,,121632,28,,,0,17,,121633,28,,,0,60,,121634,28,,,0,12,,121635,23,,,0,13,,121636,28,,,0,12,,121637,23,,,0,52,,121638,23,,,0,12,,121639,23,,,0,12,,121640,23,,,0,12,,121641,28,,,0,12,,121642,23,,,0,53,,121643,23,,,0,12,,121644,23,,,0,12,,121645,23,,,0,10,,121646,23,,,0,10,,121647,23,,,0,50,,121648,23,,,0,10,,121649,23,,,0,11,,121650,23,,,0,10,,121707,23,,,0,10,,121651,23,,,0,12,,121652,23,,,0,52,,121653,23,,,0,11,,121654,23,,,0,12,,121709,23,,,0,12,,121655,23,,,0,12,,121656,23,,,0,52,,121657,23,,,0,12,,121658,23,,,0,12,,121710,23,,,0,12,,121659,23,,,0,12,,121660,23,,,0,52,,121661,23,,,0,13,,121662,23,,,0,12,,121711,23,,,0,12,,121663,23,,,0,12,,121664,23,,,0,52,,121665,23,,,0,12,,121666,23,,,0,12,,121712,23,,,0,12,,121667,23,,,0,12,,121668,23,,,0,52,,121669,23,,,0,12,,121670,23,,,0,12,,121671,23,,,0,13,,121672,23,,,0,12,,121673,23,,,0,52,,121674,23,,,0,12,,121675,23,,,0,11,,121676,23,,,0,8,,121677,23,,,0,8,,121678,23,,,0,8,,121679,23,,,0,47,,121680,23,,,0,15,,121681,23,,,0,8,,121682,23,,,0,7,,121683,23,,,0,8,,121684,23,,,0,7,,121685,23,,,0,8,,121686,23,,,0,46,,121687,23,,,0,8,,121708,23,,,0,7,,121688,23,,,0,8,,121689,23,,,0,8,,121690,23,,,0,8,,121691,23,,,0,8,,121692,23,,,0,8,,121693,23,,,0,48,,121694,23,,,0,9,,121695,23,,,0,10,,121696,23,,,0,10,,121697,23,,,0,10,,121698,23,,,0,12,,121699,23,,,0,52,,121700,23,,,0,13,,121701,23,,,0,15,,121702,23,,,0,15,,121703,23,,,0,55,,121704,23,,,0,15,,121705,23,,,0,15,,121706,23,,,0
662201,'201',1611,,121713,23,,,0
662201,'2_merged_15529702',529,,121775,28,,,0,20,,121723,28,,,0,60,,121785,28,,,0,20,,121783,23,,,0,19,,121719,28,,,0,56,,121716,23,,,0,15,,121778,28,,,0,17,,121724,23,,,0,15,,121782,23,,,0,55,,121721,28,,,0,16,,121714,23,,,0,15,,121779,23,,,0,15,,121777,23,,,0,55,,121792,23,,,0,15,,121720,23,,,0,15,,121788,23,,,0,18,,121715,23,,,0,55,,121725,23,,,0,13,,121732,23,,,0,12,,121798,23,,,0,12,,121733,23,,,0,12,,121734,23,,,0,52,,121735,23,,,0,12,,121744,23,,,0,12,,121799,23,,,0,11,,121737,23,,,0,12,,121781,23,,,0,52,,121738,23,,,0,12,,121739,23,,,0,12,,121800,23,,,0,12,,121740,23,,,0,12,,121741,23,,,0,52,,121742,23,,,0,12,,121743,23,,,0,12,,121745,23,,,0,12,,121746,23,,,0,12,,121747,23,,,0,51,,121748,23,,,0,10,,121749,23,,,0,9,,121750,23,,,0,9,,121751,23,,,0,9,,121793,23,,,0,10,,121752,23,,,0,50,,121753,23,,,0,10,,121754,23,,,0,10,,121755,23,,,0,10,,121756,23,,,0,11,,121796,23,,,0,10,,121757,23,,,0,50,,121758,23,,,0,10,,121759,23,,,0,10,,121760,23,,,0,10,,121761,23,,,0,10,,121794,23,,,0,10,,121762,23,,,0,50,,121763,23,,,0,10,,121764,23,,,0,10,,121765,23,,,0,11,,121766,23,,,0,10,,121795,23,,,0,10,,121767,23,,,0,50,,121768,23,,,0,11,,121769,23,,,0,10,,121770,23,,,0,10,,121771,23,,,0,9,,121772,23,,,0,52,,121797,23,,,0,12,,121773,23,,,0,11,,121726,23,,,0,16,,121727,23,,,0,15,,121736,23,,,0,56,,121728,23,,,0,15,,121729,23,,,0,14,,121730,23,,,0,15,,121731,23,,,0,55,,121791,23,,,0,17,,121722,23,,,0,20,,121718,23,,,0,60,,121776,23,,,0,20,,121786,23,,,0,21,,121790,23,,,0,62,,121774,23,,,0,20,,121787,23,,,0,23,,121717,23,,,0,70,,121780,23,,,0,30,,121784,23,,,0,70,,121789,23,,,0
662201,'3_merged_15529701',618,,121801,28,,,0,21,,121802,28,,,0,19,,121803,28,,,0,61,,121804,28,,,0,20,,121805,28,,,0,62,,121806,28,,,0,19,,121807,23,,,0,16,,121808,28,,,0,15,,121809,23,,,0,55,,121810,23,,,0,16,,121811,23,,,0,15,,121812,23,,,0,15,,121813,23,,,0,55,,121814,23,,,0,15,,121815,23,,,0,15,,121816,23,,,0,14,,121817,23,,,0,53,,121818,23,,,0,13,,121819,23,,,0,12,,121820,23,,,0,12,,121821,23,,,0,12,,121822,23,,,0,52,,121823,23,,,0,14,,121824,23,,,0,12,,121825,23,,,0,12,,121826,23,,,0,12,,121827,23,,,0,52,,121828,23,,,0,12,,121829,23,,,0,12,,121830,23,,,0,12,,121831,23,,,0,10,,121832,23,,,0,52,,121833,23,,,0,12,,121834,23,,,0,12,,121835,23,,,0,12,,121836,23,,,0,12,,121837,23,,,0,52,,121838,23,,,0,12,,121839,23,,,0,12,,121840,23,,,0,12,,121841,23,,,0,13,,121842,23,,,0,52,,121843,23,,,0,12,,121844,23,,,0,12,,121845,23,,,0,12,,121846,23,,,0,12,,121847,23,,,0,53,,121848,23,,,0,14,,121849,23,,,0,14,,121850,23,,,0,14,,121851,23,,,0,55,,121852,23,,,0,15,,121853,23,,,0,15,,121854,23,,,0,15,,121855,23,,,0,55,,121856,23,,,0,14,,121857,23,,,0,15,,121858,23,,,0,15,,121859,23,,,0,57,,121860,23,,,0,20,,121861,23,,,0,20,,121862,23,,,0,60,,121863,23,,,0,19,,121864,23,,,0,20,,121865,23,,,0,60,,121866,23,,,0,20,,121867,23,,,0,20,,121868,23,,,0,60,,121869,23,,,0,19,,121870,23,,,0,27,,121871,23,,,0,72,,121872,23,,,0,30,,121873,23,,,0,70,,121874,28,,,0
683801,'1_merged_15529700',2521,,155524,32,,,0,29,,155520,32,,,0,70,,155519,32,,,0,30,,155518,32,,,0,73,,155521,32,,,0,27,,155522,32,,,0,69,,155523,32,,,0,40,,155516,32,,,0,70,,155517,32,,,0
683801,'2_merged_15529702',2551,,155526,32,,,0,77,,155528,32,,,0,21,,155527,32,,,0,60,,155529,32,,,0,23,,155530,32,,,0,20,,155531,32,,,0,60,,155532,32,,,0,27,,155533,32,,,0,70,,155534,32,,,0,29,,155525,32,,,0
683801,'3_merged_15529701',2548,,155536,32,,,0,70,,155535,32,,,0,31,,155537,32,,,0,79,,155538,32,,,0,17,,155539,32,,,0,74,,155540,32,,,0,30,,155541,32,,,0,80,,155542,32,,,0
1671801,'1_merged_15529700',540,,158690,7,,,0,14,,158691,7,,,0,53,,158692,7,,,0,13,,158716,7,,,0,13,,158693,7,,,0,13,,158694,7,,,0,13,,158695,7,,,0,55,,158696,7,,,0,15,,158712,7,,,0,15,,158697,7,,,0,14,,158698,7,,,0,55,,158699,7,,,0,15,,158700,7,,,0,15,,158701,7,,,0,14,,158702,7,,,0,54,,158703,7,,,0,14,,158704,7,,,0,15,,158705,7,,,0,14,,158706,7,,,0,55,,158707,7,,,0,15,,158708,7,,,0,15,,158683,7,,,0,15,,158684,7,,,0,55,,158685,7,,,0,15,,158686,7,,,0,15,,158687,7,,,0,15,,158688,7,,,0,55,,158689,7,,,0,15,,158650,7,,,0,16,,158651,7,,,0,15,,158652,7,,,0,56,,158653,7,,,0,15,,158654,7,,,0,15,,158655,7,,,0,15,,158656,7,,,0,55,,158657,7,,,0,15,,158658,7,,,0,15,,158659,7,,,0,15,,158660,7,,,0,53,,158661,7,,,0,13,,158662,7,,,0,12,,158663,7,,,0,11,,158664,7,,,0,10,,158665,7,,,0,50,,158666,7,,,0,10,,158667,7,,,0,11,,158668,7,,,0,12,,158669,7,,,0,12,,158670,7,,,0,51,,158671,7,,,0,12,,158672,7,,,0,12,,158673,7,,,0,12,,158674,7,,,0,12,,158675,7,,,0,54,,158676,7,,,0,15,,158677,7,,,0,15,,158678,7,,,0,15,,158679,7,,,0,56,,158680,7,,,0
1671801,'291101',1832,,158717,7,0,10,0,15,,158718,7,0,10,0,10,,158719,7,0,10,0,60,,158720,7,0,10,0,15,,158721,7,0,10,0,15,,158722,7,0,10,0,55,,158723,7,0,10,0,15,,158724,7,0,10,0,15,,158725,7,0,10,0,15,,158726,7,0,10,0,55,,158727,7,0,10,0,15,,158728,7,0,10,0,15,,158729,7,0,10,0,15,,158730,7,0,10,0,55,,158731,7,0,10,0,15,,158732,7,0,10,0,15,,158733,7,0,10,0,15,,158734,7,0,10,0,55,,158735,7,0,10,0,15,,158736,7,0,10,0,15,,158737,7,0,10,0,15,,158738,7,0,10,0,55,,158739,7,0,10,0
1671801,'291102',1832,,158740,7,0,10,0,11,,158741,7,0,10,0,13,,158742,7,0,10,0,61,,158743,7,0,10,0,15,,158744,7,0,10,0,15,,158745,7,0,10,0,55,,158746,7,0,10,0,15,,158747,7,0,10,0,15,,158748,7,0,10,0,15,,158749,7,0,10,0,55,,158750,7,0,10,0,15,,158751,7,0,10,0,15,,158752,7,0,10,0,15,,158753,7,0,10,0,55,,158754,7,0,10,0,15,,158755,7,0,10,0,15,,158756,7,0,10,0,15,,158757,7,0,10,0,55,,158758,7,0,10,0,15,,158759,7,0,10,0,15,,158760,7,0,10,0,15,,158761,7,0,10,0,55,,158762,7,0,10,0
1671801,'291103',1834,,158763,7,0,10,0,15,,158764,7,0,10,0,53,,158765,7,0,10,0,15,,158766,7,0,10,0,15,,158767,7,0,10,0,15,,158768,7,0,10,0,55,,158769,7,0,10,0,15,,158770,7,0,10,0,15,,158771,7,0,10,0,15,,158772,7,0,10,0,55,,158773,7,0,10,0,15,,158774,7,0,10,0,15,,158775,7,0,10,0,15,,158776,7,0,10,0,55,,158777,7,0,10,0,15,,158778,7,0,10,0,15,,158779,7,0,10,0,15,,158780,7,0,10,0,55,,158781,7,0,10,0,15,,158782,7,0,10,0,15,,158783,7,0,10,0,15,,158784,7,0,10,0,55,,158785,7,0,10,0
1671801,'2_merged_15529702',540,,158834,7,,,0,18,,158835,7,,,0,55,,158847,7,,,0,14,,158848,7,,,0,14,,158849,7,,,0,15,,158850,7,,,0,54,,158851,7,,,0,15,,158852,7,,,0,15,,158853,7,,,0,15,,158803,7,,,0,56,,158854,7,,,0,15,,158855,7,,,0,16,,158856,7,,,0,16,,158857,7,,,0,55,,158858,7,,,0,15,,158859,7,,,0,16,,158860,7,,,0,56,,158861,7,,,0,16,,158862,7,,,0,11,,158846,7,,,0,12,,158797,7,,,0,12,,158798,7,,,0,52,,158799,7,,,0,12,,158800,7,,,0,11,,158796,7,,,0,12,,158801,7,,,0,12,,158802,7,,,0,52,,158804,7,,,0,12,,158805,7,,,0,12,,158828,7,,,0,10,,158806,7,,,0,10,,158807,7,,,0,10,,158808,7,,,0,50,,158809,7,,,0,10,,158810,7,,,0,10,,158829,7,,,0,10,,158820,7,,,0,10,,158821,7,,,0,10,,158822,7,,,0,50,,158823,7,,,0,10,,158824,7,,,0,10,,158830,7,,,0,10,,158825,7,,,0,10,,158826,7,,,0,10,,158827,7,,,0,50,,158811,7,,,0,10,,158793,7,,,0,10,,158831,7,,,0,10,,158812,7,,,0,10,,158813,7,,,0,10,,158814,7,,,0,50,,158815,7,,,0,10,,158816,7,,,0,10,,158832,7,,,0,10,,158817,7,,,0,10,,158818,7,,,0,10,,158819,7,,,0,50,,158836,7,,,0,10,,158837,7,,,0,10,,158833,7,,,0,12,,158838,7,,,0,12,,158839,7,,,0,52,,158840,7,,,0,12,,158841,7,,,0,12,,158842,7,,,0,12,,158843,7,,,0,13,,158844,7,,,0,53,,158845,7,,,0
1671801,'3_merged_15529701',612,,158944,7,,,0,22,,158945,7,,,0,22,,158946,7,,,0,62,,158947,7,,,0,16,,158957,7,,,0,15,,158948,7,,,0,56,,158949,7,,,0,16,,158950,7,,,0,15,,158951,7,,,0,15,,158952,7,,,0,55,,158953,7,,,0,15,,158954,7,,,0,15,,158955,7,,,0,15,,158956,7,,,0,55,,158879,7,,,0,15,,158881,7,,,0,15,,158882,7,,,0,15,,158883,7,,,0,55,,158884,7,,,0,15,,158885,7,,,0,15,,158935,7,,,0,15,,158886,7,,,0,55,,158887,7,,,0,13,,158888,7,,,0,11,,158936,7,,,0,12,,158889,7,,,0,11,,158893,7,,,0,51,,158894,7,,,0,12,,158895,7,,,0,12,,158937,7,,,0,12,,158896,7,,,0,12,,158897,7,,,0,52,,158898,7,,,0,12,,158899,7,,,0,12,,158938,7,,,0,12,,158900,7,,,0,12,,158880,7,,,0,52,,158901,7,,,0,12,,158902,7,,,0,12,,158939,7,,,0,12,,158903,7,,,0,12,,158904,7,,,0,52,,158905,7,,,0,12,,158906,7,,,0,13,,158940,7,,,0,12,,158907,7,,,0,13,,158908,7,,,0,52,,158909,7,,,0,12,,158910,7,,,0,13,,158941,7,,,0,13,,158911,7,,,0,14,,158942,7,,,0,55,,158912,7,,,0,15,,158913,7,,,0,15,,158914,7,,,0,15,,158915,7,,,0
