672100,'1',1614,,29507,,,0,35,,29511,,,0,75,,29506,,,0,32,,29512,,,0,59,,29510,,,0,16,,29513,,,0,16,,29515,,,0,60,,29509,,,0,15,,29516,,,0,21,,29514,,,0,59,,29508,,,0
1169200,'1',541,,39971,,,0,18,,39972,,,0,58,,39989,,,0,21,,39973,,,0,19,,39970,,,0,56,,40006,,,0,16,,39990,,,0,19,,39969,,,0,56,,40007,,,0,16,,39968,,,0,15,,39991,,,0,15,,40010,,,0,54,,39967,,,0,15,,39966,,,0,17,,39992,,,0,20,,39965,,,0,60,,39993,,,0,20,,39964,,,0,20,,39963,,,0,60,,39994,,,0,20,,39957,,,0,20,,39983,,,0,60,,39995,,,0,20,,39975,,,0,21,,39974,,,0,60,,39996,,,0,20,,39962,,,0,21,,39961,,,0,60,,39997,,,0,23,,39960,,,0,62,,39959,,,0,20,,39958,,,0,23,,39998,,,0,62,,39956,,,0,20,,39988,,,0,20,,39999,,,0,58,,39987,,,0,13,,40000,,,0,15,,39986,,,0,14,,40003,,,0,53,,39985,,,0,12,,40001,,,0,16,,39984,,,0,16,,40004,,,0,14,,39982,,,0,58,,40002,,,0,20,,39981,,,0,17,,39980,,,0,60,,40005,,,0,23,,39979,,,0,68,,39978,,,0,30,,39977,,,0,71,,39976,,,0,98,,40008,,,0,96,,40009,,,0
1169200,'2',615,,40049,,,0,28,,40023,,,0,62,,40055,,,0,22,,40022,,,0,22,,40024,,,0,62,,40025,,,0,21,,40038,,,0,21,,40026,,,0,60,,40027,,,0,20,,40039,,,0,22,,40028,,,0,60,,40029,,,0,20,,40040,,,0,20,,40030,,,0,60,,40031,,,0,20,,40041,,,0,20,,40032,,,0,60,,40020,,,0,22,,40042,,,0,21,,40033,,,0,60,,40043,,,0,21,,40034,,,0,62,,40035,,,0,21,,40044,,,0,23,,40036,,,0,60,,40037,,,0,20,,40045,,,0,20,,40012,,,0,59,,40021,,,0,20,,40046,,,0,21,,40013,,,0,57,,40014,,,0,20,,40050,,,0,20,,40047,,,0,59,,40015,,,0,20,,40016,,,0,20,,40017,,,0,60,,40048,,,0,21,,40018,,,0,28,,40019,,,0,70,,40011,,,0,99,,40051,,,0,98,,40052,,,0,98,,40053,,,0,99,,40054,,,0
1169200,'3',629,,40094,,,0,30,,40082,,,0,73,,40067,,,0,73,,40066,,,0,34,,40068,,,0,73,,40069,,,0,33,,40070,,,0,73,,40071,,,0,30,,40072,,,0,71,,40078,,,0,30,,40073,,,0,72,,40074,,,0,30,,40075,,,0,70,,40076,,,0,30,,40077,,,0,64,,40079,,,0,20,,40084,,,0,21,,40080,,,0,60,,40081,,,0,20,,40085,,,0,19,,40056,,,0,60,,40057,,,0,19,,40086,,,0,20,,40058,,,0,60,,40059,,,0,19,,40087,,,0,20,,40060,,,0,60,,40061,,,0,20,,40088,,,0,18,,40062,,,0,60,,40063,,,0,20,,40089,,,0,26,,40064,,,0,63,,40065,,,0,26,,40083,,,0,95,,40090,,,0,97,,40091,,,0,99,,40092,,,0,99,,40093,,,0
1294001,'1',535,,40579,,,0,81,,40580,,,0,35,,40581,,,0,74,,40582,,,0,34,,40583,,,0,72,,40584,,,0,72,,40585,,,0,28,,40586,,,0,69,,40587,,,0,28,,40588,,,0,30,,40589,,,0,70,,40590,,,0,31,,40591,,,0,70,,40592,,,0,30,,40593,,,0,73,,40594,,,0,73,,40595,,,0,32,,40596,,,0,75,,40597,,,0,33,,40598,,,0,73,,40615,,,0,31,,40599,,,0,71,,40600,,,0,28,,40601,,,0,68,,40602,,,0,18,,40603,,,0,23,,40604,,,0,62,,40605,,,0,23,,40606,,,0,65,,40607,,,0,24,,40608,,,0,70,,40609,,,0,29,,40610,,,0,70,,40611,,,0,34,,40612,,,0,100,,40613,,,0,100,,40614,,,0
1294001,'2',710,,40640,,,0,33,,40641,,,0,73,,40642,,,0,30,,40643,,,0,71,,40644,,,0,31,,40645,,,0,70,,40617,,,0,32,,40618,,,0,71,,40621,,,0,30,,40619,,,0,70,,40620,,,0,31,,40622,,,0,70,,40623,,,0,29,,40624,,,0,70,,40625,,,0,30,,40626,,,0,70,,40627,,,0,30,,40628,,,0,68,,40629,,,0,30,,40630,,,0,69,,40631,,,0,30,,40632,,,0,69,,40633,,,0,30,,40634,,,0,70,,40635,,,0,30,,40636,,,0,69,,40616,,,0,29,,40637,,,0,70,,40638,,,0,30,,40639,,,0,96,,40646,,,0,100,,40647,,,0,100,,40648,,,0
1294001,'3',707,,40665,,,0,37,,40666,,,0,75,,40667,,,0,36,,40668,,,0,70,,40669,,,0,32,,40670,,,0,70,,40671,,,0,31,,40672,,,0,70,,40673,,,0,30,,40674,,,0,70,,40675,,,0,31,,40676,,,0,70,,40677,,,0,30,,40678,,,0,70,,40649,,,0,29,,40650,,,0,70,,40651,,,0,31,,40652,,,0,70,,40653,,,0,29,,40654,,,0,70,,40655,,,0,30,,40656,,,0,70,,40657,,,0,30,,40658,,,0,70,,40659,,,0,29,,40660,,,0,69,,40661,,,0,30,,40662,,,0,70,,40663,,,0,30,,40664,,,0,98,,40679,,,0,100,,40680,,,0,100,,40681,,,0
1870501,'1',530,,42144,,,0,13,,42102,,,0,57,,42104,,,0,17,,42139,,,0,16,,42129,,,0,16,,42103,,,0,61,,42130,,,0,20,,42105,,,0,20,,42106,,,0,60,,42131,,,0,20,,42107,,,0,20,,42108,,,0,60,,42132,,,0,20,,42109,,,0,20,,42110,,,0,60,,42140,,,0,20,,42111,,,0,24,,42112,,,0,70,,42125,,,0,30,,42113,,,0,70,,42101,,,0,30,,42114,,,0,70,,42115,,,0,30,,42116,,,0,56,,42137,,,0,18,,42117,,,0,18,,42118,,,0,57,,42133,,,0,17,,42119,,,0,17,,42138,,,0,17,,42120,,,0,55,,42134,,,0,21,,42121,,,0,22,,42122,,,0,62,,42135,,,0,22,,42124,,,0,21,,42123,,,0,61,,42136,,,0,20,,42126,,,0,21,,42127,,,0,63,,42128,,,0,29,,42098,,,0,69,,42099,,,0,29,,42100,,,0,99,,42141,,,0,100,,42142,,,0,100,,42143,,,0
1870501,'2',553,,42163,,,0,70,,42164,,,0,30,,42165,,,0,70,,42166,,,0,30,,42167,,,0,70,,42168,,,0,30,,42169,,,0,70,,42170,,,0,31,,42148,,,0,72,,42149,,,0,32,,42150,,,0,72,,42151,,,0,71,,42152,,,0,32,,42153,,,0,70,,42154,,,0,30,,42155,,,0,70,,42156,,,0,30,,42157,,,0,70,,42158,,,0,30,,42159,,,0,70,,42160,,,0,30,,42161,,,0,69,,42162,,,0,28,,42171,,,0,28,,42172,,,0,68,,42173,,,0,28,,42174,,,0,70,,42175,,,0,30,,42145,,,0,72,,42146,,,0,32,,42147,,,0,95,,42176,,,0,100,,42177,,,0,100,,42178,,,0
1870501,'3',553,,42205,,,0,69,,42206,,,0,30,,42207,,,0,70,,42208,,,0,30,,42179,,,0,70,,42180,,,0,30,,42181,,,0,70,,42182,,,0,30,,42183,,,0,70,,42184,,,0,30,,42185,,,0,70,,42186,,,0,30,,42187,,,0,70,,42188,,,0,30,,42189,,,0,70,,42190,,,0,30,,42191,,,0,70,,42192,,,0,30,,42193,,,0,70,,42194,,,0,30,,42195,,,0,70,,42196,,,0,30,,42197,,,0,70,,42198,,,0,30,,42199,,,0,70,,42200,,,0,30,,42201,,,0,70,,42202,,,0,30,,42203,,,0,70,,42209,,,0,31,,42204,,,0,100,,42210,,,0,100,,42211,,,0,100,,42212,,,0
