672600,'1',542,,147672,19,,,0,70,,147673,19,,,0,30,,147674,19,,,0,68,,147675,19,,,0,25,,147676,19,,,0,72,,147677,19,,,0,35,,147678,19,,,0,70,,147679,19,,,0,30,,147680,19,,,0,73,,147681,19,,,0,33,,147682,19,,,0,65,,147683,19,,,0,27,,147684,19,,,0,74,,147685,19,,,0,37,,147686,19,,,0,66,,147687,19,,,0,27,,147688,19,,,0,76,,147689,19,,,0,82,,147690,19,,,0,30,,147691,19,,,0,25,,147692,29,,,0,65,,147693,29,,,0,32,,147694,29,,,0,71,,147695,29,,,0,77,,147696,29,,,0,25,,147697,29,,,0,31,,147698,29,,,0,65,,147699,29,,,0,30,,147700,29,,,0,70,,147701,29,,,0,27,,147702,29,,,0,69,,147703,29,,,0,30,,147669,29,,,0,67,,147670,29,,,0,95,,147671,29,,,0
672600,'2',704,,147725,19,,,0,49,,147722,19,,,0,98,,147710,19,,,0,68,,147732,19,,,0,32,,147711,19,,,0,70,,147727,19,,,0,30,,147712,19,,,0,69,,147729,19,,,0,31,,147721,19,,,0,71,,147730,19,,,0,32,,147713,19,,,0,70,,147731,19,,,0,30,,147714,19,,,0,69,,147726,19,,,0,30,,147715,19,,,0,70,,147733,19,,,0,28,,147716,29,,,0,70,,147704,29,,,0,30,,147717,29,,,0,68,,147728,29,,,0,32,,147718,29,,,0,70,,147705,29,,,0,29,,147719,29,,,0,70,,147724,29,,,0,28,,147720,29,,,0,70,,147706,29,,,0,96,,147707,29,,,0,100,,147708,29,,,0,100,,147723,29,,,0
672600,'3',758,,147740,19,,,0,145,,147741,19,,,0,35,,147743,19,,,0,76,,147753,19,,,0,35,,147746,19,,,0,77,,147755,19,,,0,74,,147747,19,,,0,33,,147754,19,,,0,25,,147748,19,,,0,70,,147756,19,,,0,31,,147749,19,,,0,69,,147757,19,,,0,30,,147750,19,,,0,69,,147758,19,,,0,30,,147751,29,,,0,69,,147759,29,,,0,30,,147752,29,,,0,69,,147742,29,,,0,30,,147744,29,,,0,70,,147734,29,,,0,29,,147745,29,,,0,70,,147735,29,,,0,101,,147736,29,,,0,104,,147737,29,,,0,100,,147738,29,,,0,101,,147739,29,,,0
3454301,'1',455,,169469,22,,,0,57,,169470,22,,,0,16,,169404,22,,,0,16,,169405,22,,,0,15,,169406,22,,,0,56,,169479,22,,,0,14,,169407,22,,,0,12,,169408,22,,,0,12,,169409,22,,,0,51,,169478,22,,,0,11,,169410,22,,,0,10,,169411,22,,,0,11,,169412,22,,,0,12,,169413,22,,,0,10,,169477,22,,,0,50,,169414,22,,,0,10,,169480,22,,,0,11,,169415,22,,,0,12,,169416,22,,,0,12,,169417,22,,,0,52,,169476,22,,,0,12,,169418,22,,,0,12,,169419,22,,,0,13,,169420,22,,,0,15,,169421,22,,,0,55,,169475,22,,,0,15,,169422,22,,,0,15,,169423,22,,,0,16,,169424,22,,,0,55,,169474,22,,,0,15,,169425,22,,,0,15,,169426,22,,,0,13,,169427,22,,,0,57,,169473,22,,,0,15,,169428,22,,,0,15,,169429,22,,,0,15,,169430,22,,,0,55,,169472,22,,,0,15,,169466,22,,,0,15,,169467,22,,,0,15,,169468,22,,,0,55,,169471,22,,,0,17,,169431,22,,,0,16,,169432,22,,,0,61,,169433,22,,,0,30,,169434,22,,,0,12,,169435,22,,,0,64,,169436,22,,,0,12,,169437,22,,,0,12,,169438,22,,,0,12,,169439,22,,,0,52,,169440,22,,,0,12,,169441,22,,,0,11,,169442,22,,,0,12,,169443,22,,,0,11,,169444,22,,,0,12,,169445,22,,,0,53,,169446,22,,,0,13,,169447,22,,,0,13,,169448,22,,,0,12,,169449,22,,,0,51,,169450,22,,,0,9,,169451,22,,,0,16,,169452,26,,,0,14,,169453,26,,,0,15,,169454,26,,,0,55,,169455,26,,,0,15,,169456,26,,,0,15,,169457,26,,,0,68,,169458,26,,,0,30,,169459,26,,,0,68,,169460,26,,,0,30,,169461,26,,,0,68,,169462,26,,,0,29,,169463,26,,,0,69,,169464,26,,,0,30,,169465,26,,,0
3454301,'101',1530,,169401,18,,,0,7,,169402,18,,,0
3454301,'1901',1516,,169403,22,,,0
3454301,'2',536,,169529,26,,,0,75,,169528,26,,,0,30,,169527,26,,,0,70,,169526,26,,,0,30,,169525,26,,,0,70,,169524,26,,,0,26,,169523,26,,,0,20,,169522,26,,,0,60,,169521,26,,,0,20,,169520,26,,,0,19,,169519,26,,,0,60,,169518,26,,,0,20,,169517,26,,,0,21,,169516,26,,,0,60,,169515,26,,,0,21,,169514,26,,,0,20,,169513,26,,,0,60,,169512,26,,,0,20,,169511,26,,,0,20,,169510,26,,,0,60,,169509,26,,,0,20,,169508,26,,,0,20,,169507,26,,,0,60,,169506,26,,,0,20,,169505,26,,,0,20,,169504,26,,,0,59,,169483,26,,,0,20,,169482,26,,,0,22,,169503,26,,,0,61,,169502,26,,,0,17,,169501,26,,,0,21,,169500,26,,,0,61,,169499,26,,,0,21,,169498,26,,,0,60,,169497,26,,,0,20,,169496,26,,,0,23,,169495,26,,,0,69,,169494,26,,,0,30,,169493,26,,,0,73,,169492,26,,,0,30,,169491,26,,,0,70,,169490,26,,,0,30,,169489,26,,,0,70,,169488,26,,,0,30,,169487,26,,,0,96,,169486,26,,,0,100,,169485,26,,,0,96,,169484,22,,,0
3454301,'2001',1516,,169481,22,,,0
3454301,'3',541,,169538,26,,,0,75,,169539,26,,,0,34,,169570,26,,,0,70,,169571,26,,,0,32,,169572,26,,,0,70,,169540,26,,,0,30,,169541,26,,,0,73,,169542,26,,,0,33,,169543,26,,,0,70,,169544,26,,,0,72,,169535,26,,,0,24,,169545,26,,,0,20,,169546,26,,,0,58,,169536,26,,,0,20,,169547,26,,,0,20,,169548,26,,,0,60,,169537,26,,,0,20,,169549,26,,,0,19,,169550,26,,,0,60,,169534,26,,,0,20,,169551,26,,,0,20,,169552,26,,,0,60,,169531,26,,,0,20,,169553,26,,,0,20,,169554,26,,,0,60,,169532,26,,,0,20,,169555,26,,,0,20,,169556,26,,,0,60,,169533,26,,,0,20,,169557,26,,,0,30,,169558,26,,,0,70,,169569,26,,,0,36,,169559,26,,,0,74,,169560,26,,,0,79,,169561,26,,,0,30,,169564,26,,,0,79,,169563,26,,,0,40,,169562,26,,,0,70,,169565,26,,,0,30,,169566,26,,,0,80,,169530,26,,,0,97,,169567,26,,,0,101,,169568,22,,,0
3454301,'62101',1601,,169573,22,,,0
3454301,'62201',1601,,169574,22,,,0
