667201,'1',539,,136756,20,,,0,69,,136747,20,,,0,20,,136755,20,,,0,15,,136742,20,,,0,15,,136752,20,,,0,49,,136779,20,,,0,8,,136775,20,,,0,10,,136771,20,,,0,13,,136768,20,,,0,12,,136773,20,,,0,53,,136774,20,,,0,14,,136770,20,,,0,15,,136740,20,,,0,17,,136738,20,,,0,51,,136767,20,,,0,11,,136737,20,,,0,14,,136765,20,,,0,20,,136744,20,,,0,65,,136739,20,,,0,30,,136741,20,,,0,70,,136761,20,,,0,29,,136769,20,,,0,69,,136764,20,,,0,29,,136751,20,,,0,71,,136750,20,,,0,33,,136749,20,,,0,67,,136743,20,,,0,28,,136748,20,,,0,74,,136745,20,,,0,28,,136778,20,,,0,10,,136777,20,,,0,69,,136776,20,,,0,13,,136757,20,,,0,24,,136763,20,,,0,51,,136762,20,,,0,21,,136766,20,,,0,19,,136754,20,,,0,12,,136760,20,,,0,58,,136759,20,,,0,14,,136758,20,,,0,19,,136753,20,,,0,60,,136746,20,0,11 12,0,8,,136772,20,,,0
667201,'101',1524,,136736,10,0,11 12,0,32,,136735,20,,,0
667201,'2',642,,136791,20,,,0,70,,136790,20,,,0,30,,136785,20,,,0,70,,136788,20,,,0,30,,136783,20,,,0,69,,136794,20,,,0,30,,136781,20,,,0,69,,136798,20,,,0,29,,136797,20,,,0,69,,136793,20,,,0,29,,136804,20,,,0,73,,136792,20,,,0,30,,136803,20,,,0,71,,136796,20,,,0,30,,136787,20,,,0,60,,136802,20,,,0,20,,136808,20,,,0,20,,136809,20,,,0,61,,136810,20,,,0,20,,136784,20,,,0,20,,136801,20,,,0,62,,136795,20,,,0,19,,136805,20,,,0,19,,136806,20,,,0,60,,136807,20,,,0,21,,136800,20,,,0,18,,136782,20,,,0,62,,136811,20,,,0,20,,136789,20,,,0,20,,136812,20,,,0,60,,136799,20,,,0,17,,136813,20,,,0
667201,'201',1556,,136780,20,,,0
667201,'3',711,,136839,20,,,0,30,,136838,20,,,0,70,,136819,20,,,0,30,,136821,20,,,0,70,,136832,20,,,0,29,,136822,20,,,0,70,,136828,20,,,0,30,,136824,20,,,0,70,,136831,20,,,0,30,,136826,20,,,0,69,,136817,20,,,0,30,,136827,20,,,0,70,,136835,20,,,0,30,,136825,20,,,0,71,,136820,20,,,0,30,,136816,20,,,0,70,,136834,20,,,0,30,,136833,20,,,0,70,,136829,20,,,0,30,,136837,20,,,0,70,,136830,20,,,0,30,,136818,20,,,0,70,,136823,20,,,0,30,,136836,20,,,0,70,,136814,20,,,0
669200,'1',622,,140598,44,,,0,30,,140599,44,,,0,70,,140600,44,,,0,21,,140601,44,,,0,60,,140602,44,,,0,20,,140603,44,,,0,20,,140604,44,,,0,60,,140605,44,,,0,20,,140606,44,,,0,20,,140607,44,,,0,60,,140608,44,,,0,20,,140609,44,,,0,21,,140610,44,,,0,60,,140611,44,,,0,20,,140612,44,,,0,21,,140613,44,,,0,61,,140614,44,,,0,20,,140615,44,,,0,20,,140616,44,,,0,60,,140617,44,,,0,20,,140618,44,,,0,20,,140619,44,,,0,60,,140620,44,,,0,20,,140621,44,,,0,24,,140622,44,,,0,60,,140623,44,,,0,20,,140624,44,,,0,21,,140625,44,,,0,60,,140626,44,,,0,20,,140627,44,,,0,20,,140628,44,,,0,60,,140629,44,,,0,20,,140630,44,,,0,20,,140631,44,,,0,60,,140632,44,,,0,17,,140633,44,,,0,19,,140634,44,,,0,65,,140635,44,,,0,28,,140636,44,,,0,68,,140637,44,,,0,27,,140638,44,,,0,20,,140639,44,,,0,70,,140640,44,,,0,80,,140641,44,,,0,31,,140642,31,,,0,75,,140643,31,,,0,29,,140644,31,,,0,79,,140645,31,,,0,32,,140646,31,,,0,86,,140647,31,,,0
669200,'2',615,,182016,44,,,0,20,,182017,44,,,0,70,,182018,44,,,0,30,,182019,44,,,0,70,,182020,44,,,0,30,,182021,44,,,0,70,,182022,44,,,0,30,,182023,44,,,0,70,,182024,44,,,0,30,,182025,44,,,0,72,,182026,44,,,0,30,,182027,44,,,0,21,,182028,44,,,0,66,,182029,44,,,0,20,,182030,44,,,0,60,,182031,44,,,0,20,,182032,44,,,0,20,,182033,44,,,0,60,,182034,44,,,0,20,,182035,44,,,0,22,,182036,44,,,0,60,,182037,44,,,0,20,,182038,44,,,0,20,,182039,44,,,0,60,,182040,44,,,0,20,,182041,44,,,0,20,,182042,44,,,0,60,,182043,44,,,0,20,,182044,44,,,0,19,,182045,44,,,0,60,,182046,44,,,0,20,,182047,44,,,0,20,,182048,44,,,0,70,,182049,44,,,0,23,,182050,44,,,0,71,,182051,44,,,0,30,,182052,44,,,0,68,,182053,44,,,0,17,,182054,31,,,0,80,,182055,31,,,0,40,,182056,31,,,0,79,,182057,31,,,0,81,,182058,31,,,0,40,,182059,31,,,0,80,,182060,31,,,0
669200,'3',706,,182061,44,,,0,30,,182062,44,,,0,70,,182063,44,,,0,30,,182064,44,,,0,70,,182065,44,,,0,30,,182066,44,,,0,71,,182067,44,,,0,30,,182068,44,,,0,72,,182069,44,,,0,30,,182070,44,,,0,20,,182071,44,,,0,60,,182072,44,,,0,20,,182073,44,,,0,20,,182074,44,,,0,60,,182075,44,,,0,20,,182076,44,,,0,20,,182077,44,,,0,62,,182078,44,,,0,22,,182079,44,,,0,60,,182080,44,,,0,20,,182081,44,,,0,20,,182082,44,,,0,60,,182083,44,,,0,20,,182084,44,,,0,20,,182085,44,,,0,60,,182086,44,,,0,20,,182087,44,,,0,20,,182088,44,,,0,60,,182089,44,,,0,19,,182090,44,,,0,20,,182091,44,,,0,70,,182092,44,,,0,25,,182093,44,,,0,70,,182094,44,,,0,30,,182095,44,,,0,70,,182096,44,,,0,19,,182097,31,,,0,80,,182098,31,,,0,40,,182099,31,,,0,78,,182100,31,,,0,82,,182101,31,,,0,40,,182102,31,,,0,80,,182103,31,,,0
1671701,'1',1947,,158204,20,,,0,69,,158203,20,,,0,26,,158202,20,,,0,70,,158215,20,,,0,30,,158214,20,,,0,70,,158213,20,,,0,30,,158212,20,,,0,66,,158211,20,,,0,33,,158210,20,,,0,71,,158209,20,,,0,30,,158205,20,0,11 12,0,11,,158208,20,0,11 12,0,100,,158207,20,0,11 12,0
1671701,'2',1936,,158218,20,,,0,71,,158217,20,,,0,29,,158216,20,,,0,70,,158228,20,,,0,31,,158227,20,,,0,71,,158226,20,,,0,30,,158225,20,,,0,70,,158224,20,,,0,30,,158223,20,,,0,69,,158222,20,,,0,20,,158229,20,0,11 12,0,28,,158221,20,0,11 12,0,99,,158220,20,0,11 12,0
1671701,'3',1940,,158230,20,,,0,71,,158243,20,,,0,29,,158242,20,,,0,71,,158241,20,,,0,30,,158240,20,,,0,69,,158239,20,,,0,28,,158238,20,,,0,70,,158237,20,,,0,30,,158236,20,,,0,69,,158235,20,,,0,30,,158234,20,0,11 12,0,20,,158233,20,0,11 12,0,93,,158232,20,,,0
2263901,'1',627,,160410,18,,,0,30,,160411,18,,,0,70,,160412,18,,,0,28,,160413,18,,,0,72,,160414,18,,,0,28,,160415,18,,,0,70,,160416,18,,,0,30,,160417,18,,,0,70,,160418,18,,,0,30,,160419,18,,,0,70,,160420,18,,,0,30,,160421,18,,,0,70,,160422,18,,,0,30,,160423,18,,,0,70,,160424,18,,,0,30,,160425,18,,,0,70,,160426,18,,,0,30,,160427,18,,,0,70,,160428,18,,,0,32,,160429,18,,,0,70,,160430,18,,,0,30,,160431,18,,,0,73,,160432,18,,,0,27,,160433,18,,,0,69,,160434,18,,,0,28,,160435,18,,,0,70,,160436,18,,,0,30,,160437,18,,,0,100,,160438,18,,,0
2263901,'2',654,,182513,18,,,0,70,,182514,18,,,0,30,,182515,18,,,0,67,,182516,18,,,0,30,,182517,18,,,0,70,,182518,18,,,0,30,,182519,18,,,0,73,,182520,18,,,0,30,,182521,18,,,0,70,,182522,18,,,0,30,,182523,18,,,0,70,,182524,18,,,0,15,,182525,18,,,0,14,,182526,18,,,0,55,,182527,18,,,0,15,,182528,18,,,0,15,,182529,18,,,0,15,,182530,18,,,0,55,,182531,18,,,0,15,,182532,18,,,0,15,,182533,18,,,0,15,,182534,18,,,0,55,,182535,18,,,0,15,,182536,18,,,0,15,,182537,18,,,0,16,,182538,18,,,0,55,,182539,18,,,0,16,,182540,18,,,0,15,,182541,18,,,0,15,,182542,18,,,0,55,,182543,18,,,0,15,,182544,18,,,0,15,,182545,18,,,0,14,,182546,18,,,0,55,,182547,18,,,0,15,,182548,18,,,0,15,,182549,18,,,0,15,,182550,18,,,0,55,,182551,18,,,0,15,,182552,18,,,0,15,,182553,18,,,0,15,,182554,18,,,0,100,,182555,18,,,0
2263901,'3',825,,182556,18,,,0,28,,182557,18,,,0,70,,182558,18,,,0,30,,182559,18,,,0,70,,182560,18,,,0,30,,182561,18,,,0,70,,182562,18,,,0,30,,182563,18,,,0,70,,182564,18,,,0,15,,182565,18,,,0,15,,182566,18,,,0,55,,182567,18,,,0,15,,182568,18,,,0,15,,182569,18,,,0,15,,182570,18,,,0,55,,182571,18,,,0,15,,182572,18,,,0,15,,182573,18,,,0,15,,182574,18,,,0,55,,182575,18,,,0,15,,182576,18,,,0,15,,182577,18,,,0,14,,182578,18,,,0,55,,182579,18,,,0,15,,182580,18,,,0,15,,182581,18,,,0,15,,182582,18,,,0,55,,182583,18,,,0,15,,182584,18,,,0,15,,182585,18,,,0,15,,182586,18,,,0,55,,182587,18,,,0,15,,182588,18,,,0,15,,182589,18,,,0,15,,182590,18,,,0,55,,182591,18,,,0,15,,182592,18,,,0,17,,182593,18,,,0,15,,182594,18,,,0,100,,182595,18,,,0
