674901,'1',423,,150994,32,,,0,31,,151023,32,,,0,62,,151024,46,,,0,31,,151025,46,,,0,9,,151026,32,,,0,63,,150983,46,,,0,9,,151027,32,,,0,22,,151028,46,,,0,50,,151029,46,,,0,20,,151030,46,,,0,8,,150990,46,,,0,21,,151031,46,,,0,10,,151032,46,,,0,59,,151033,46,,,0,17,,151034,46,,,0,15,,151035,32,,,0,57,,151036,46,,,0,15,,151037,46,,,0,15,,151038,32,,,0,14,,150991,46,,,0,55,,151039,32,,,0,15,,151040,46,,,0,15,,151041,32,,,0,15,,151042,46,,,0,55,,151043,32,,,0,15,,151044,46,,,0,8,,151045,33,,,0,17,,151046,46,,,0,57,,151047,32,,,0,16,,151048,46,,,0,15,,151049,32,,,0,15,,151050,46,,,0,55,,151051,32,,,0,15,,151052,46,,,0,15,,151053,32,,,0,18,,151054,46,,,0,56,,151055,32,,,0,15,,151056,46,,,0,16,,151012,32,,,0,14,,151013,46,,,0,59,,150989,46,,,0,26,,151014,46,,,0,67,,151015,46,,,0,17,,151016,46,,,0,7,,151017,33,,,0,5,,151018,46,,,0,18,,151019,46,,,0,54,,151020,46,,,0,15,,151021,46,,,0,15,,151022,46,,,0,15,,150985,46,,,0,53,,150988,46,,,0,13,,151010,46,,,0,13,,150997,46,,,0,15,,150998,46,,,0,57,,150999,46,,,0,12,,151000,46,,,0,15,,151001,46,,,0,15,,151002,46,,,0,15,,150992,46,,,0,57,,150984,46,,,0,14,,150996,46,,,0,15,,151003,46,,,0,70,,151004,46,,,0,29,,151005,46,,,0,56,,151006,33,,,0,17,,150986,46,,,0,20,,151011,46,,,0,19,,150995,33,,,0,61,,151007,46,,,0,22,,151008,46,,,0,70,,150987,46,,,0,29,,151009,46,,,0,70,,150993,46,,,0,29,,151057,46,,,0
674901,'101',1554,,150981,32,,,0,5,,150980,46,,,0
674901,'2',549,,151060,46,,,0,70,,151061,32,,,0,26,,151062,46,,,0,66,,151063,32,,,0,19,,151064,46,,,0,15,,151065,32,,,0,55,,151066,46,,,0,13,,151067,32,,,0,15,,151068,46,,,0,16,,151069,32,,,0,15,,151070,46,,,0,55,,151071,32,,,0,18,,151072,46,,,0,15,,151073,32,,,0,56,,151074,46,,,0,15,,151075,32,,,0,15,,151076,46,,,0,15,,151077,32,,,0,54,,151078,46,,,0,15,,151079,32,,,0,16,,151080,46,,,0,14,,151081,32,,,0,54,,151082,46,,,0,18,,151083,32,,,0,15,,151084,46,,,0,15,,151085,32,,,0,55,,151086,46,,,0,15,,151087,32,,,0,16,,151088,46,,,0,15,,151089,32,,,0,55,,151090,46,,,0,15,,151091,32,,,0,15,,151092,46,,,0,15,,151093,32,,,0,58,,151094,46,,,0,15,,151095,32,,,0,15,,151096,46,,,0,12,,151097,32,,,0,54,,151098,46,,,0,15,,151099,32,,,0,15,,151100,46,,,0,20,,151101,32,,,0,55,,151102,46,,,0,15,,151103,32,,,0,15,,151104,46,,,0,14,,151105,32,,,0,55,,151106,46,,,0,15,,151107,32,,,0,15,,151108,46,,,0,15,,151109,32,,,0,54,,151110,46,,,0,11,,151111,32,,,0,19,,151112,46,,,0,15,,151113,46,,,0,54,,151114,46,,,0,15,,151115,46,,,0,23,,151116,46,,,0,70,,151117,46,,,0,30,,151118,46,,,0,70,,151119,46,,,0,27,,151120,46,,,0,70,,151121,46,,,0,28,,151122,46,,,0,70,,151123,46,,,0,30,,151124,46,,,0,70,,151125,46,,,0,26,,151126,46,,,0
674901,'201',1554,,151059,32,,,0,5,,151058,46,,,0
674901,'3',643,,151160,32,,,0,71,,151152,32,,,0,30,,151151,46,,,0,69,,151150,46,,,0,15,,151149,32,,,0,15,,151148,46,,,0,15,,151185,32,,,0,56,,151184,46,,,0,15,,151183,32,,,0,15,,151182,46,,,0,58,,151181,32,,,0,15,,151180,46,,,0,17,,151179,32,,,0,14,,151178,46,,,0,56,,151135,32,,,0,15,,151134,46,,,0,16,,151177,32,,,0,13,,151176,46,,,0,55,,151175,32,,,0,15,,151174,46,,,0,15,,151173,32,,,0,15,,151172,46,,,0,52,,151171,32,,,0,18,,151170,46,,,0,15,,151169,32,,,0,14,,151168,46,,,0,57,,151167,32,,,0,14,,151166,46,,,0,16,,151147,32,,,0,14,,151146,46,,,0,57,,151145,32,,,0,5,,151144,46,,,0,24,,151143,32,,,0,14,,151142,46,,,0,57,,151141,32,,,0,12,,151140,46,,,0,17,,151139,32,,,0,13,,151138,46,,,0,55,,151137,32,,,0,15,,151159,46,,,0,14,,151158,32,,,0,14,,151157,46,,,0,14,,151156,32,,,0,57,,151155,46,,,0,14,,151154,32,,,0,16,,151153,46,,,0,55,,151136,32,,,0,15,,151133,46,,,0,16,,151132,32,,,0,14,,151131,46,,,0,55,,151129,32,,,0,14,,151130,46,,,0,17,,151128,32,,,0,15,,151127,46,,,0,55,,151189,32,,,0,20,,151188,46,,,0,30,,151165,46,,,0,70,,151187,46,,,0,30,,151186,46,,,0,70,,151161,46,,,0,30,,151162,46,,,0,71,,151163,46,,,0,27,,151190,46,,,0,69,,151164,46,,,0
3003701,'1',522,,161706,7,,,0,30,,161707,7,,,0,68,,161708,7,,,0,25,,161705,7,,,0,5,,161709,7,,,0,63,,161704,7,,,0,8,,161710,7,,,0,23,,161703,7,,,0,60,,161697,7,,,0,19,,161711,7,,,0,34,,161712,7,,,0,68,,161713,7,,,0,30,,161714,7,,,0,68,,161715,7,,,0,31,,161716,7,,,0,69,,161717,7,,,0,26,,161718,7,,,0,76,,161719,7,,,0,30,,161720,7,,,0,70,,161721,7,,,0,31,,161722,7,,,0,68,,161723,7,,,0,35,,161724,7,,,0,72,,161725,7,,,0,28,,161726,7,,,0,50,,161741,7,,,0,10,,161742,7,,,0,10,,161727,7,,,0,20,,161740,7,,,0,55,,161728,7,,,0,5,,161702,7,,,0,20,,161729,7,,,0,5,,161701,7,,,0,24,,161730,7,,,0,43,,161700,7,,,0,17,,161696,7,,,0,18,,161731,7,,,0,3,,161699,7,,,0,68,,161732,7,,,0,18,,161733,7,,,0,6,,161698,7,,,0,75,,161734,7,,,0,98,,161735,7,,,0,99,,161736,7,,,0,99,,161737,7,,,0,102,,161738,7,,,0,55,,161739,7,,,0
3003701,'101',748,,161695,7,,,0,99,,161694,7,,,0,682,,161693,7,,,0
3003701,'2',649,,161747,7,,,0,70,,161762,7,,,0,30,,161748,7,,,0,70,,161769,7,,,0,32,,161749,7,,,0,70,,161770,7,,,0,31,,161750,7,,,0,71,,161763,7,,,0,29,,161751,7,,,0,72,,161764,7,,,0,30,,161752,7,,,0,70,,161765,7,,,0,33,,161753,7,,,0,70,,161766,7,,,0,30,,161754,7,,,0,70,,161767,7,,,0,30,,161755,7,,,0,69,,161768,7,,,0,30,,161774,7,,,0,70,,161771,7,,,0,31,,161756,7,,,0,68,,161772,7,,,0,30,,161744,7,,,0,69,,161773,7,,,0,30,,161745,7,,,0,105,,161746,7,,,0,98,,161757,7,,,0,99,,161758,7,,,0,98,,161759,7,,,0,100,,161760,7,,,0,99,,161761,7,,,0
3003701,'201',748,,161743,7,,,0
3003701,'3',654,,161788,7,,,0,101,,161790,7,,,0,101,,161791,7,,,0,103,,161792,7,,,0,141,,161789,7,,,0,30,,161793,7,,,0,70,,161775,7,,,0,30,,161794,7,,,0,71,,161776,7,,,0,32,,161795,7,,,0,70,,161777,7,,,0,30,,161796,7,,,0,70,,161778,7,,,0,28,,161797,7,,,0,70,,161779,7,,,0,30,,161798,7,,,0,70,,161780,7,,,0,30,,161799,7,,,0,19,,161801,7,,,0,60,,161781,7,,,0,20,,161800,7,,,0,28,,161782,7,,,0,100,,161783,7,,,0,100,,161784,7,,,0,98,,161785,7,,,0,99,,161786,7,,,0,99,,161787,7,,,0
3780901,'1',520,,171656,5,,,0,10,,171657,5,,,0,10,,171658,5,,,0,11,,171659,5,,,0,50,,171660,5,,,0,12,,171661,5,,,0,9,,171662,5,,,0,10,,171663,5,,,0,10,,171664,5,,,0,11,,171665,5,,,0,50,,171666,5,,,0,9,,171667,5,,,0,12,,171668,5,,,0,10,,171669,5,,,0,10,,171670,5,,,0,8,,171671,5,,,0,50,,171672,5,,,0,10,,171673,5,,,0,12,,171674,5,,,0,10,,171675,5,,,0,10,,171676,5,,,0,10,,171677,5,,,0,51,,171678,5,,,0,9,,171679,5,,,0,13,,171680,5,,,0,16,,171681,5,,,0,16,,171682,5,,,0,55,,171683,5,,,0,15,,171684,5,,,0,15,,171685,5,,,0,15,,171686,5,,,0,55,,171687,5,,,0,16,,171688,5,,,0,15,,171689,5,,,0,56,,171690,5,,,0,15,,171691,5,,,0,15,,171692,5,,,0,15,,171693,5,,,0,55,,171694,5,,,0,15,,171695,5,,,0,15,,171696,5,,,0,15,,171697,5,,,0,55,,171698,5,,,0,15,,171699,5,,,0,15,,171700,5,,,0,15,,171701,5,,,0,11,,171702,5,,,0,58,,171703,5,,,0,13,,171704,5,,,0,19,,171705,5,,,0,10,,171706,5,,,0,50,,171745,5,,,0,11,,171707,5,,,0,10,,171708,5,,,0,9,,171709,5,,,0,11,,171710,5,,,0,9,,171711,5,,,0,50,,171712,5,,,0,10,,171713,5,,,0,13,,171714,5,,,0,7,,171715,5,,,0,10,,171716,5,,,0,10,,171717,5,,,0,49,,171718,5,,,0,9,,171719,5,,,0,8,,171720,5,,,0,15,,171721,5,,,0,16,,171722,5,,,0,53,,171723,5,,,0,15,,171724,5,,,0,15,,171725,5,,,0,15,,171726,5,,,0,55,,171727,5,,,0,15,,171728,5,,,0,15,,171729,5,,,0,13,,171730,5,,,0,55,,171731,5,,,0,14,,171732,5,,,0,15,,171733,5,,,0,15,,171734,5,,,0,55,,171735,5,,,0,14,,171736,5,,,0,15,,171737,5,,,0,15,,171738,5,,,0,55,,171739,5,,,0,13,,171740,5,,,0,15,,171741,5,,,0,15,,171742,5,,,0,55,,171743,5,,,0,17,,171744,5,,,0
3780901,'101',1537,,171655,5,,,0
3780901,'2',520,,171747,5,,,0,16,,171748,5,,,0,15,,171749,5,,,0,55,,171750,5,,,0,15,,171751,5,,,0,15,,171752,5,,,0,15,,171753,5,,,0,56,,171754,5,,,0,17,,171755,5,,,0,15,,171756,5,,,0,15,,171757,5,,,0,55,,171758,5,,,0,15,,171759,5,,,0,15,,171760,5,,,0,16,,171761,5,,,0,55,,171762,5,,,0,15,,171763,5,,,0,15,,171764,5,,,0,17,,171765,5,,,0,55,,171766,5,,,0,16,,171767,5,,,0,15,,171768,5,,,0,16,,171769,5,,,0,55,,171770,5,,,0,15,,171771,5,,,0,15,,171772,5,,,0,57,,171773,5,,,0,15,,171774,5,,,0,16,,171775,5,,,0,15,,171776,5,,,0,55,,171777,5,,,0,15,,171778,5,,,0,15,,171779,5,,,0,15,,171780,5,,,0,55,,171781,5,,,0,15,,171782,5,,,0,15,,171783,5,,,0,15,,171784,5,,,0,55,,171785,5,,,0,15,,171786,5,,,0,14,,171787,5,,,0,15,,171788,5,,,0,55,,171789,5,,,0,14,,171790,5,,,0,15,,171791,5,,,0,15,,171792,5,,,0,55,,171793,5,,,0,15,,171794,5,,,0,13,,171795,5,,,0,15,,171796,5,,,0,14,,171797,5,,,0,55,,171798,5,,,0,15,,171799,5,,,0,15,,171800,5,,,0,15,,171801,5,,,0,55,,171802,5,,,0,14,,171803,5,,,0,15,,171804,5,,,0,15,,171805,5,,,0,55,,171806,5,,,0,14,,171807,5,,,0,15,,171808,5,,,0,14,,171809,5,,,0,55,,171810,5,,,0,15,,171811,5,,,0,15,,171812,5,,,0,15,,171813,5,,,0,55,,171814,5,,,0,14,,171815,5,,,0,15,,171816,5,,,0,15,,171817,5,,,0,55,,171818,5,,,0,14,,171819,5,,,0,15,,171820,5,,,0,15,,171821,5,,,0,55,,171822,5,,,0,14,,171823,5,,,0
3780901,'201',1537,,171746,5,,,0
3780901,'3',515,,171824,5,,,0,15,,171825,5,,,0,15,,171826,5,,,0,56,,171827,5,,,0,15,,171828,5,,,0,15,,171829,5,,,0,15,,171830,5,,,0,55,,171831,5,,,0,15,,171832,5,,,0,15,,171833,5,,,0,15,,171834,5,,,0,57,,171835,5,,,0,15,,171836,5,,,0,16,,171837,5,,,0,15,,171838,5,,,0,55,,171839,5,,,0,15,,171840,5,,,0,15,,171841,5,,,0,17,,171842,5,,,0,55,,171843,5,,,0,16,,171844,5,,,0,15,,171845,5,,,0,15,,171846,5,,,0,55,,171847,5,,,0,17,,171848,5,,,0,15,,171849,5,,,0,15,,171850,5,,,0,55,,171851,5,,,0,16,,171852,5,,,0,15,,171853,5,,,0,15,,171854,5,,,0,55,,171855,5,,,0,15,,171856,5,,,0,15,,171857,5,,,0,15,,171858,5,,,0,55,,171859,5,,,0,15,,171860,5,,,0,15,,171861,5,,,0,15,,171862,5,,,0,55,,171863,5,,,0,15,,171864,5,,,0,15,,171865,5,,,0,14,,171866,5,,,0,55,,171867,5,,,0,15,,171868,5,,,0,15,,171869,5,,,0,15,,171870,5,,,0,55,,171871,5,,,0,13,,171872,5,,,0,15,,171873,5,,,0,15,,171874,5,,,0,55,,171875,5,,,0,15,,171876,5,,,0,15,,171877,5,,,0,15,,171878,5,,,0,55,,171879,5,,,0,15,,171880,5,,,0,15,,171881,5,,,0,13,,171882,5,,,0,55,,171883,5,,,0,15,,171884,5,,,0,15,,171885,5,,,0,15,,171886,5,,,0,55,,171887,5,,,0,15,,171888,5,,,0,15,,171889,5,,,0,15,,171890,5,,,0,55,,171891,5,,,0,14,,171892,5,,,0,15,,171893,5,,,0,15,,171894,5,,,0,55,,171895,5,,,0,12,,171896,5,,,0,15,,171897,5,,,0,15,,171898,5,,,0,55,,171899,5,,,0,15,,171900,5,,,0
