667700,'1',610,,79383,7,,,0,29,,79356,7,,,0,71,,79364,7,,,0,30,,79371,7,,,0,72,,79381,7,,,0,28,,79367,7,,,0,78,,79351,7,,,0,24,,79389,7,,,0,87,,79350,7,,,0,71,,79358,7,,,0,28,,79365,7,,,0,30,,79363,7,,,0,70,,79362,7,,,0,31,,79372,7,,,0,71,,79349,7,,,0,29,,79387,7,,,0,55,,79352,7,,,0,30,,79353,7,,,0,65,,79346,7,,,0,20,,79377,7,,,0,14,,79357,7,,,0,70,,79360,7,,,0,19,,79368,7,,,0,12,,79361,7,,,0,59,,79378,7,,,0,14,,79373,7,,,0,19,,79384,7,,,0,20,,79388,7,,,0,53,,79374,7,,,0,15,,79385,7,,,0,12,,79382,7,,,0,16,,79375,7,,,0,50,,79355,7,,,0,12,,79376,7,,,0,14,,79370,7,,,0,16,,79390,7,,,0,57,,79366,7,,,0,16,,79348,7,,,0,15,,79386,7,,,0,11,,79347,7,,,0,69,,79379,7,,,0,29,,79369,7,,,0,69,,79359,7,,,0,30,,79392,7,,,0,70,,79380,7,,,0,30,,79391,7,,,0,70,,79354,7,,,0
667700,'101',1602,,79343,7,,,0
667700,'1101',2513,,79344,7,,,0
667700,'1201',2513,,79345,7,,,0
667700,'2',644,,79420,7,,,0,66,,79421,7,,,0,30,,79400,7,,,0,70,,79428,7,,,0,30,,79429,7,,,0,72,,79396,7,,,0,30,,79426,7,,,0,69,,79403,7,,,0,32,,79434,7,,,0,71,,79398,7,,,0,28,,79433,7,,,0,71,,79435,7,,,0,30,,79401,7,,,0,70,,79399,7,,,0,32,,79438,7,,,0,56,,79409,7,,,0,20,,79436,7,,,0,22,,79394,7,,,0,59,,79419,7,,,0,19,,79425,7,,,0,22,,79424,7,,,0,59,,79418,7,,,0,20,,79395,7,,,0,20,,79402,7,,,0,60,,79417,7,,,0,24,,79437,7,,,0,19,,79404,7,,,0,60,,79416,7,,,0,23,,79430,7,,,0,20,,79427,7,,,0,64,,79415,7,,,0,16,,79408,7,,,0,15,,79405,7,,,0,15,,79423,7,,,0,56,,79414,7,,,0,29,,79431,7,,,0,73,,79422,7,,,0,28,,79406,7,,,0,69,,79411,7,,,0,30,,79410,7,,,0,70,,79432,7,,,0,30,,79413,7,,,0,69,,79397,7,,,0,32,,79412,7,,,0,66,,79407,7,,,0,36,,79393,7,,,0
667700,'3',813,,79456,7,,,0,30,,79450,7,,,0,70,,79459,7,,,0,29,,79449,7,,,0,69,,79457,7,,,0,30,,79448,7,,,0,69,,79458,7,,,0,31,,79439,7,,,0,69,,79460,7,,,0,32,,79447,7,,,0,69,,79443,7,,,0,32,,79455,7,,,0,70,,79462,7,,,0,31,,79454,7,,,0,13,,79476,7,,,0,70,,79463,7,,,0,15,,79453,7,,,0,17,,79475,7,,,0,69,,79466,7,,,0,16,,79452,7,,,0,15,,79474,7,,,0,71,,79464,7,,,0,13,,79451,7,,,0,16,,79473,7,,,0,71,,79461,7,,,0,14,,79446,7,,,0,57,,79472,7,,,0,27,,79441,7,,,0,15,,79445,7,,,0,59,,79471,7,,,0,25,,79440,7,,,0,17,,79444,7,,,0,68,,79442,7,,,0,30,,79470,7,,,0,71,,79467,7,,,0,30,,79469,7,,,0,71,,79465,7,,,0,34,,79468,7,,,0
667800,'1',537,,79634,7,,,0,15,,79636,7,,,0,73,,79638,7,,,0,21,,79650,7,,,0,55,,79618,7,,,0,13,,79614,7,,,0,15,,79653,7,,,0,13,,79627,7,,,0,17,,79654,7,,,0,72,,79647,7,,,0,26,,79624,7,,,0,73,,79652,7,,,0,72,,79646,7,,,0,26,,79620,7,,,0,30,,79625,7,,,0,69,,79639,7,,,0,30,,79656,7,,,0,70,,79629,7,,,0,31,,79619,7,,,0,68,,79621,7,,,0,32,,79630,7,,,0,71,,79644,7,,,0,30,,79626,7,,,0,59,,79655,7,,,0,22,,79659,7,,,0,19,,79660,7,,,0,54,,79643,7,,,0,17,,79649,7,,,0,16,,79658,7,,,0,57,,79616,7,,,0,12,,79645,7,,,0,18,,79657,7,,,0,11,,79631,7,,,0,61,,79632,7,,,0,10,,79613,7,,,0,10,,79642,7,,,0,10,,79615,7,,,0,10,,79617,7,,,0,60,,79633,7,,,0,14,,79622,7,,,0,30,,79628,7,,,0,70,,79641,7,,,0,30,,79623,7,,,0,78,,79640,7,,,0,30,,79635,7,,,0,97,,79637,7,,,0,99,,79648,7,,,0,100,,79651,7,,,0
667800,'2',602,,79664,1,,,0,24,,79670,7,,,0,30,,79662,7,,,0,70,,79683,7,,,0,30,,79663,7,,,0,72,,79694,7,,,0,30,,79693,7,,,0,70,,79685,7,,,0,30,,79695,7,,,0,69,,79691,7,,,0,30,,79667,7,,,0,70,,79665,7,,,0,28,,79661,7,,,0,74,,79666,7,,,0,29,,79668,7,,,0,70,,79696,7,,,0,31,,79669,7,,,0,69,,79679,7,,,0,29,,79686,7,,,0,70,,79675,7,,,0,30,,79687,7,,,0,73,,79676,7,,,0,29,,79688,7,,,0,70,,79677,7,,,0,30,,79692,7,,,0,70,,79680,7,,,0,30,,79689,7,,,0,70,,79671,7,,,0,30,,79690,7,,,0,70,,79673,7,,,0,30,,79681,7,,,0,68,,79697,7,,,0,17,,79672,7,,,0,70,,79684,7,,,0,30,,79682,7,,,0,100,,79678,7,,,0,100,,79674,7,,,0
667800,'3',756,,79723,1,,,0,69,,79722,7,,,0,31,,79726,7,,,0,70,,79721,7,,,0,28,,79706,7,,,0,63,,79720,7,,,0,30,,79705,7,,,0,71,,79719,7,,,0,37,,79724,7,,,0,73,,79718,7,,,0,72,,79725,7,,,0,29,,79717,7,,,0,30,,79702,7,,,0,71,,79716,7,,,0,70,,79699,7,,,0,30,,79715,7,,,0,70,,79700,7,,,0,30,,79714,7,,,0,70,,79698,7,,,0,30,,79713,7,,,0,70,,79707,7,,,0,29,,79712,7,,,0,71,,79701,7,,,0,30,,79711,7,,,0,70,,79704,7,,,0,30,,79710,7,,,0,25,,79708,7,,,0,92,,79703,7,,,0,95,,79727,7,,,0,105,,79709,7,,,0,95,,79728,7,,,0
667901,'1',537,,79951,18,,,0,66,,79952,18,,,0,27,,79966,18,,,0,71,,79953,18,,,0,25,,79965,18,,,0,79,,79945,18,,,0,31,,79969,18,,,0,74,,79960,18,,,0,24,,79940,18,,,0,70,,79959,18,,,0,31,,79938,18,,,0,74,,79968,18,,,0,31,,79941,18,,,0,68,,79956,18,,,0,28,,79947,18,,,0,70,,79955,18,,,0,30,,79946,18,,,0,70,,79958,18,,,0,32,,79962,18,,,0,73,,79944,18,,,0,31,,79961,18,,,0,67,,79939,18,,,0,32,,79970,18,,,0,68,,79964,18,,,0,31,,79954,18,,,0,69,,79950,18,,,0,26,,79943,18,,,0,77,,79949,18,,,0,27,,79942,18,,,0,65,,79937,18,,,0,33,,79963,18,,,0,69,,79967,18,,,0,30,,79948,18,,,0,71,,79957,18,,,0
667901,'2',629,,80002,18,,,0,71,,79996,18,,,0,30,,79997,18,,,0,72,,79978,18,,,0,30,,79971,18,,,0,70,,79991,18,,,0,30,,79993,18,,,0,74,,79983,18,,,0,29,,79974,18,,,0,71,,79973,18,,,0,31,,79989,18,,,0,70,,79975,18,,,0,30,,79982,18,,,0,70,,79979,18,,,0,30,,79972,18,,,0,70,,79990,18,,,0,30,,80001,18,,,0,70,,79984,18,,,0,30,,79988,18,,,0,70,,79981,18,,,0,30,,79976,18,,,0,73,,79987,18,,,0,22,,79992,18,,,0,73,,80000,18,,,0,31,,79980,18,,,0,68,,79995,18,,,0,30,,79986,18,,,0,69,,79998,18,,,0,31,,79999,18,,,0,71,,79985,18,,,0,30,,79994,18,,,0,70,,79977,18,,,0
667901,'3',733,,80015,18,,,0,70,,80005,18,,,0,30,,80020,18,,,0,70,,80022,18,,,0,30,,80009,18,,,0,70,,80027,18,,,0,30,,80019,18,,,0,70,,80031,18,,,0,30,,80030,18,,,0,71,,80003,18,,,0,31,,80026,18,,,0,71,,80008,18,,,0,31,,80018,18,,,0,71,,80021,18,,,0,29,,80007,18,,,0,71,,80024,18,,,0,30,,80014,18,,,0,70,,80025,18,,,0,31,,80004,18,,,0,70,,80006,18,,,0,31,,80023,18,,,0,68,,80010,18,,,0,30,,80011,18,,,0,70,,80029,18,,,0,30,,80012,18,,,0,69,,80017,18,,,0,30,,80016,18,,,0,70,,80032,18,,,0,30,,80013,18,,,0,68,,80028,18,,,0
668300,'1',627,,80832,1,,,0,8,,80828,1,,,0,17,,80827,1,,,0,55,,80826,1,,,0,30,,80824,1,,,0,868,,80822,23,,,0,21,,80833,23,,,0,14,,80834,23,,,0,10,,80835,23,,,0,59,,80829,23,,,0,22,,80831,23,,,0,24,,80820,23,,,0,65,,80823,23,,,0,9,,80821,23,,,0,11,,80819,23,,,0,66,,80818,23,,,0,24,,80825,23,,,0,26,,80830,23,,,0
683700,'1',2532,,96928,34,,,0,20,,96927,34,,,0,60,,96923,34,,,0,29,,96926,34,,,0,74,,96925,34,,,0,19,,96924,34,,,0,68,,96922,34,,,0
683700,'1101',2652,,96920,34,,,0
683700,'1201',2652,,96921,34,,,0
683700,'2',519,,96937,8,,,0,2020,,96931,34,,,0,62,,96936,34,,,0,14,,96930,34,,,0,19,,96935,34,,,0,20,,96932,34,,,0,70,,96934,34,,,0,12,,96933,34,,,0,74,,96929,34,,,0
683700,'3',549,,96946,8,,,0,74,,96947,8,,,0,31,,96948,8,,,0,69,,96949,28,,,0,1687,,96942,34,,,0,32,,96941,34,,,0,70,,96940,34,,,0,39,,96939,34,,,0,71,,96938,34,,,0,24,,96945,34,,,0,88,,96944,34,,,0,25,,96943,34,,,0
