'101merged14607513',670000,74300,4,'',0
'1merged14607504',670000,55300,4,'',0,5500,4,'',0,1600,4,'',0,1800,4,'',0,1500,4,'',0,5500,4,'',0,1500,4,'',0,3100,4,'',0,5500,4,'',0,2000,4,'',0,2000,4,'',0,5900,4,'',0,2000,4,'',0,2000,4,'',0,6900,4,'',0,3000,4,'',0,7000,4,'',0,3000,4,'',0,7000,4,'',0,3100,4,'',0,7100,4,'',0,3000,4,'',0,7000,4,'',0,3000,4,'',0,7000,4,'',0,2100,4,'',0,6100,4,'',0,2000,4,'',0,1900,4,'',0,5900,4,'',0,2000,4,'',0,1900,4,'',0,5900,4,'',0,3000,4,'',0,7000,4,'',0,2500,4,'',0,2800,4,'',0,7000,4,'',0,3000,4,'',0,7000,4,'',0,3000,4,'',0,7000,4,'',0,2600,4,'',0,7000,4,'',0,2800,4,'',0,7000,4,'',0,2900,4,'',0,8500,4,'',0
'201merged14607492',670000,74300,4,'',0
'2merged14607506',670000,55900,4,'',0,7100,4,'',0,1800,4,'',0,5800,4,'',0,3400,4,'',0,6900,4,'',0,2900,4,'',0,6800,4,'',0,2800,4,'',0,6800,4,'',0,3100,4,'',0,7100,4,'',0,3100,4,'',0,7000,4,'',0,3100,4,'',0,7200,4,'',0,3000,4,'',0,7000,4,'',0,3000,4,'',0,7000,4,'',0,3000,4,'',0,6900,4,'',0,3000,4,'',0,6900,4,'',0,3000,4,'',0,6900,4,'',0,3000,4,'',0,7000,4,'',0,2900,4,'',0,6900,4,'',0,2900,4,'',0,7000,4,'',0,2900,4,'',0,7000,4,'',0,3000,4,'',0,7000,4,'',0,2600,4,'',0,3200,4,'',0,7400,4,'',0,7200,4,'',0,3300,4,'',0
'3merged14607505',670000,83000,4,'',0,7000,4,'',0,3000,4,'',0,7000,4,'',0,3100,4,'',0,7000,4,'',0,3000,4,'',0,7100,4,'',0,3100,4,'',0,7100,4,'',0,3000,4,'',0,7000,4,'',0,3000,4,'',0,7100,4,'',0,3000,4,'',0,7000,4,'',0,3000,4,'',0,6900,4,'',0,3000,4,'',0,7000,4,'',0,3000,4,'',0,6900,4,'',0,2900,4,'',0,6800,4,'',0,3000,4,'',0,7000,4,'',0,3000,4,'',0,7000,4,'',0,2900,4,'',0,9800,4,'',0,10900,4,'',0
'101merged14607513',670300,162900,4,'',0
'1merged14607504',670300,50000,4,'',0,800,4,'',0,800,4,'',0,1200,4,'',0,1200,4,'',0,1100,4,'',0,5100,4,'',0,1000,4,'',0,1200,4,'',0,1400,4,'',0,1000,4,'',0,1000,4,'',0,5000,4,'',0,1000,4,'',0,1100,4,'',0,1000,4,'',0,1000,4,'',0,1000,4,'',0,5000,4,'',0,1000,4,'',0,1000,4,'',0,1100,4,'',0,1000,4,'',0,5000,4,'',0,1000,4,'',0,1000,4,'',0,1000,4,'',0,1000,4,'',0,1500,4,'',0,5500,4,'',0,1500,4,'',0,1500,4,'',0,1500,4,'',0,5600,4,'',0,1500,4,'',0,1500,4,'',0,1500,4,'',0,5500,4,'',0,1500,4,'',0,1500,4,'',0,1500,4,'',0,5600,4,'',0,1500,4,'',0,1500,4,'',0,1500,4,'',0,5600,4,'',0,1500,4,'',0,1500,4,'',0,1500,4,'',0,5500,4,'',0,1500,4,'',0,1900,4,'',0,1200,4,'',0,5000,4,'',0,1000,4,'',0,2000,4,'',0,1000,4,'',0,1000,4,'',0,5000,4,'',0,1000,4,'',0,1000,4,'',0,1000,4,'',0,900,4,'',0,1000,4,'',0,5000,4,'',0,800,4,'',0,1000,4,'',0,1000,4,'',0,1000,4,'',0,1000,4,'',0,5000,4,'',0,700,4,'',0,1000,4,'',0,1000,4,'',0,900,4,'',0,1000,4,'',0,5300,4,'',0,1300,4,'',0,1500,4,'',0,1400,4,'',0,5500,4,'',0,1500,4,'',0,1500,4,'',0,1400,4,'',0,5500,4,'',0,1500,4,'',0,1500,4,'',0,1000,4,'',0,1500,4,'',0,5500,4,'',0,1500,4,'',0,1400,4,'',0,1500,4,'',0,5500,4,'',0,1500,4,'',0,1100,4,'',0,1500,4,'',0,5500,4,'',0,1500,4,'',0,1800,4,'',0,2000,4,'',0
'201merged14607492',670300,162900,4,'',0
'2merged14607506',670300,54300,4,'',0,5700,4,'',0,1600,4,'',0,1600,4,'',0,1500,4,'',0,5800,4,'',0,1500,4,'',0,1500,4,'',0,1500,4,'',0,5700,4,'',0,1500,4,'',0,1500,4,'',0,1500,4,'',0,5500,4,'',0,1500,4,'',0,1600,4,'',0,1500,4,'',0,5700,4,'',0,1500,4,'',0,1700,4,'',0,1500,4,'',0,5500,4,'',0,1500,4,'',0,1600,4,'',0,1500,4,'',0,5500,4,'',0,1500,4,'',0,1700,4,'',0,5500,4,'',0,1700,4,'',0,1600,4,'',0,1600,4,'',0,5500,4,'',0,1500,4,'',0,1500,4,'',0,1600,4,'',0,5500,4,'',0,1500,4,'',0,1500,4,'',0,1500,4,'',0,5500,4,'',0,1400,4,'',0,1500,4,'',0,1500,4,'',0,5500,4,'',0,1400,4,'',0,1500,4,'',0,1500,4,'',0,5500,4,'',0,1500,4,'',0,1500,4,'',0,1500,4,'',0,5400,4,'',0,1300,4,'',0,1400,4,'',0,1100,4,'',0,1500,4,'',0,5400,4,'',0,1500,4,'',0,1500,4,'',0,1500,4,'',0,5500,4,'',0,1500,4,'',0,1100,4,'',0,1500,4,'',0,5500,4,'',0,1500,4,'',0,1500,4,'',0,1500,4,'',0,5500,4,'',0,1500,4,'',0,1200,4,'',0,1500,4,'',0,5500,4,'',0,1500,4,'',0,1400,4,'',0,1500,4,'',0,5500,4,'',0,1500,4,'',0,1400,4,'',0,1500,4,'',0,5800,4,'',0
'3merged14607505',670300,61300,4,'',0,1700,4,'',0,1500,4,'',0,5600,4,'',0,1500,4,'',0,1700,4,'',0,1500,4,'',0,5500,4,'',0,1500,4,'',0,1500,4,'',0,1500,4,'',0,5500,4,'',0,1500,4,'',0,1500,4,'',0,1500,4,'',0,5600,4,'',0,1500,4,'',0,1700,4,'',0,1500,4,'',0,5700,4,'',0,1500,4,'',0,1500,4,'',0,1500,4,'',0,5600,4,'',0,1400,4,'',0,1500,4,'',0,1500,4,'',0,5500,4,'',0,1500,4,'',0,1700,4,'',0,1500,4,'',0,5500,4,'',0,1500,4,'',0,1500,4,'',0,1500,4,'',0,5600,4,'',0,1500,4,'',0,1400,4,'',0,1500,4,'',0,5500,4,'',0,1500,4,'',0,1500,4,'',0,1500,4,'',0,5500,4,'',0,1500,4,'',0,1500,4,'',0,1500,4,'',0,5400,4,'',0,1500,4,'',0,1500,4,'',0,1500,4,'',0,5400,4,'',0,1500,4,'',0,1500,4,'',0,1500,4,'',0,5200,4,'',0,1500,4,'',0,1500,4,'',0,1500,4,'',0,5300,4,'',0,1500,4,'',0,1500,4,'',0,1500,4,'',0,5500,4,'',0,1500,4,'',0,1200,4,'',0,1500,4,'',0,5500,4,'',0,1500,4,'',0,1200,4,'',0,1500,4,'',0,1500,4,'',0,5500,4,'',0,1300,4,'',0,1600,4,'',0,1600,4,'',0
'101merged14607513',671800,74900,4,'',0
'1merged14607504',671800,55000,4,'',0,6900,4,'',0,3200,4,'',0,7000,4,'',0,10600,4,'',0
'201merged14607492',671800,74900,4,'',0
'1merged14607504',674800,50000,4,'',0,900,4,'',0,900,4,'',0,400,4,'',0,1100,4,'',0,800,4,'',0,700,4,'',0,400,4,'',0,5000,4,'',0,400,4,'',0,900,4,'',0,700,4,'',0,1100,4,'',0,400,4,'',0,1000,4,'',0,700,4,'',0,200,4,'',0,5000,4,'',0,1400,4,'',0,800,4,'',0,1000,4,'',0,500,4,'',0,900,4,'',0,4800,4,'',0,800,4,'',0,700,4,'',0,700,4,'',0,900,4,'',0,500,4,'',0,900,4,'',0,1400,4,'',0,5500,4,'',0,1000,4,'',0,1300,4,'',0,1500,4,'',0,5500,4,'',0,1400,4,'',0,1500,4,'',0,1700,4,'',0,5600,4,'',0,2200,4,'',0,1900,4,'',0,5900,4,'',0,2400,4,'',0,1600,4,'',0,6000,4,'',0,1400,4,'',0,400,4,'',0,1600,4,'',0,600,4,'',0,1000,4,'',0,4600,4,'',0,600,4,'',0,900,4,'',0,700,4,'',0,200,4,'',0,1400,4,'',0,900,4,'',0,600,4,'',0,4900,4,'',0,700,4,'',0,1100,4,'',0,600,4,'',0,900,4,'',0,600,4,'',0,800,4,'',0,4700,4,'',0,800,4,'',0,700,4,'',0,700,4,'',0,800,4,'',0,600,4,'',0,1000,4,'',0,700,4,'',0,4800,4,'',0,700,4,'',0,800,4,'',0,500,4,'',0,1100,4,'',0,500,4,'',0,1200,4,'',0,5800,4,'',0,1000,4,'',0,1500,4,'',0,1300,4,'',0,6400,4,'',0,1900,4,'',0,1900,4,'',0,6000,4,'',0,2000,4,'',0,1900,4,'',0,6000,4,'',0,2000,4,'',0,2000,4,'',0,6000,4,'',0,2000,4,'',0,2000,4,'',0,6000,4,'',0,2000,4,'',0,2000,4,'',0,7200,4,'',0
'2merged14607506',674800,70900,4,'',0,2800,4,'',0,2000,4,'',0,6000,4,'',0,2000,4,'',0,7000,4,'',0,3000,4,'',0,7100,4,'',0,3000,4,'',0,7000,4,'',0,3000,4,'',0,7000,4,'',0,3000,4,'',0,7100,4,'',0,3000,4,'',0,7100,4,'',0,3100,4,'',0,7000,4,'',0,2900,4,'',0,7100,4,'',0,2900,4,'',0,6900,4,'',0,3200,4,'',0,6800,4,'',0,2900,4,'',0,7000,4,'',0,3000,4,'',0,6900,4,'',0,3000,4,'',0,7000,4,'',0,3000,4,'',0,7000,4,'',0,3000,4,'',0,7000,4,'',0,3000,4,'',0,6500,4,'',0
'3merged14607505',674800,80100,4,'',0,3300,4,'',0,7000,4,'',0,3000,4,'',0,7000,4,'',0,3200,4,'',0,7000,4,'',0,3000,4,'',0,7000,4,'',0,3000,4,'',0,7000,4,'',0,3100,4,'',0,7000,4,'',0,3100,4,'',0,7000,4,'',0,3000,4,'',0,7000,4,'',0,3000,4,'',0,7000,4,'',0,3000,4,'',0,7000,4,'',0,3000,4,'',0,7000,4,'',0,3000,4,'',0,6800,4,'',0,3000,4,'',0,7000,4,'',0,3000,4,'',0,7000,4,'',0,3000,4,'',0,7000,4,'',0,3000,4,'',0,6900,4,'',0
'1201merged14607494',681801,230600,4,'',0
'1merged14607504',681801,63000,4,'',0,2900,4,'',0,6000,4,'',0,2300,4,'',0,6000,4,'',0,2000,4,'',0,2800,4,'',0,6800,4,'',0,3000,4,'',0,7000,4,'',0,3100,4,'',0,7000,4,'',0,3100,4,'',0,7000,4,'',0,3000,4,'',0,7000,4,'',0,3000,4,'',0,7000,4,'',0,3000,4,'',0,8500,4,'',0,7000,4,'',0,3100,4,'',0,6900,4,'',0,3000,4,'',0,7000,4,'',0,2800,4,'',0,7000,4,'',0,2900,4,'',0,7000,4,'',0,10000,4,'',0,10100,4,'',0
'2merged14607506',681801,90200,4,'',0,3000,4,'',0,7000,4,'',0,3000,4,'',0,7000,4,'',0,3000,4,'',0,7000,4,'',0,3000,4,'',0,7100,4,'',0,2900,4,'',0,7000,4,'',0,3000,4,'',0,7100,4,'',0,3000,4,'',0,7000,4,'',0,3000,4,'',0,7000,4,'',0,3000,4,'',0,6800,4,'',0,3200,4,'',0,2600,4,'',0,7300,4,'',0,2600,4,'',0,10000,4,'',0,9900,4,'',0,10000,4,'',0
'3merged14607505',681801,100200,4,'',0,10000,4,'',0,10000,4,'',0,3000,4,'',0,7100,4,'',0,3000,4,'',0,7000,4,'',0,3000,4,'',0,7100,4,'',0,3000,4,'',0,6900,4,'',0,3000,4,'',0,7100,4,'',0,10000,4,'',0,10000,4,'',0,9700,4,'',0,10000,4,'',0,5800,4,'',0
