666700,'1',609,,19301,35,,,0,20,,19339,35,,,0,21,,19273,35,,,0,60,,19274,35,,,0,22,,19275,35,,,0,17,,19276,35,,,0,53,,19277,35,,,0,14,,19278,35,,,0,15,,19279,35,,,0,13,,19343,35,,,0,13,,19344,35,,,0,56,,19280,35,,,0,16,,19281,35,,,0,16,,19282,35,,,0,55,,19283,35,,,0,15,,19284,35,,,0,15,,19285,35,,,0,14,,19286,35,,,0,15,,19342,35,,,0,56,,19302,35,,,0,15,,19303,35,,,0,15,,19338,35,,,0,55,,19287,35,,,0,18,,19288,35,,,0,14,,19289,35,,,0,16,,19290,35,,,0,55,,19291,35,,,0,14,,19292,35,,,0,15,,19293,35,,,0,15,,19341,35,,,0,55,,19304,35,,,0,16,,19305,35,,,0,16,,19337,35,,,0,17,,19294,35,,,0,55,,19295,35,,,0,17,,19296,35,,,0,15,,19297,35,,,0,17,,19298,35,,,0,56,,19299,35,,,0,18,,19300,35,,,0,14,,19340,35,,,0,16,,19306,35,,,0,53,,19307,35,,,0,17,,19336,35,,,0,13,,19308,35,,,0,12,,19309,35,,,0,55,,19310,35,,,0,12,,19311,35,,,0,17,,19312,35,,,0,17,,19313,35,,,0,46,,19314,35,,,0,14,,19315,35,,,0,15,,19335,35,,,0,13,,19331,35,,,0,15,,19332,35,,,0,55,,19333,35,,,0,13,,19325,35,,,0,14,,19326,35,,,0,15,,19327,35,,,0,54,,19328,35,,,0,15,,19329,35,,,0,14,,19330,35,,,0,15,,19334,35,,,0,55,,19316,35,,,0,27,,19317,35,,,0,70,,19318,35,,,0,30,,19319,35,,,0,70,,19320,35,,,0,29,,19321,35,,,0,70,,19322,35,,,0,30,,19323,35,,,0,71,,19324,35,,,0
666700,'2',710,,19354,35,,,0,27,,19355,35,,,0,21,,19356,35,,,0,63,,19357,35,,,0,24,,19358,35,,,0,56,,19359,35,,,0,15,,19360,35,,,0,16,,19361,35,,,0,15,,19362,35,,,0,55,,19363,35,,,0,14,,19364,35,,,0,19,,19365,35,,,0,14,,19366,35,,,0,54,,19367,35,,,0,15,,19368,35,,,0,20,,19369,35,,,0,15,,19370,35,,,0,55,,19371,35,,,0,15,,19372,35,,,0,14,,19373,35,,,0,16,,19374,35,,,0,55,,19375,35,,,0,15,,19376,35,,,0,15,,19377,35,,,0,17,,19378,35,,,0,54,,19379,35,,,0,14,,19380,35,,,0,14,,19381,35,,,0,15,,19382,35,,,0,55,,19383,35,,,0,15,,19384,35,,,0,17,,19385,35,,,0,15,,19386,35,,,0,55,,19387,35,,,0,15,,19388,35,,,0,15,,19389,35,,,0,15,,19353,35,,,0,54,,19390,35,,,0,15,,19391,35,,,0,9,,19392,35,,,0,19,,19393,35,,,0,56,,19394,35,,,0,15,,19395,35,,,0,15,,19396,35,,,0,15,,19397,35,,,0,53,,19400,35,,,0,14,,19352,35,,,0,15,,19401,35,,,0,15,,19402,35,,,0,6,,19403,35,,,0,62,,19399,35,,,0,11,,19404,35,,,0,18,,19405,35,,,0,13,,19406,35,,,0,57,,19398,35,,,0,14,,19407,35,,,0,21,,19408,35,,,0,56,,19409,35,,,0,30,,19410,35,,,0,70,,19345,35,,,0,29,,19346,35,,,0,75,,19347,35,,,0,29,,19348,35,,,0,70,,19349,35,,,0,25,,19350,35,,,0,70,,19351,35,,,0
666700,'3',828,,19411,35,,,0,16,,19413,35,,,0,14,,19414,35,,,0,56,,19415,35,,,0,18,,19423,35,,,0,16,,19416,35,,,0,54,,19417,35,,,0,14,,19419,35,,,0,15,,19420,35,,,0,12,,19424,35,,,0,15,,19425,35,,,0,55,,19426,35,,,0,15,,19427,35,,,0,15,,19428,35,,,0,15,,19429,35,,,0,55,,19430,35,,,0,15,,19431,35,,,0,16,,19432,35,,,0,15,,19433,35,,,0,56,,19434,35,,,0,16,,19435,35,,,0,17,,19436,35,,,0,55,,19437,35,,,0,13,,19438,35,,,0,15,,19439,35,,,0,16,,19440,35,,,0,55,,19441,35,,,0,13,,19442,35,,,0,14,,19443,35,,,0,18,,19444,35,,,0,55,,19445,35,,,0,16,,19446,35,,,0,15,,19447,35,,,0,15,,19448,35,,,0,56,,19449,35,,,0,15,,19450,35,,,0,15,,19451,35,,,0,15,,19452,35,,,0,55,,19453,35,,,0,15,,19454,35,,,0,15,,19455,35,,,0,15,,19456,35,,,0,52,,19457,35,,,0,15,,19418,35,,,0,15,,19458,35,,,0,15,,19459,35,,,0,55,,19422,35,,,0,15,,19460,35,,,0,15,,19461,35,,,0,15,,19462,35,,,0,54,,19421,35,,,0,15,,19412,35,,,0,14,,19463,35,,,0,15,,19464,35,,,0,65,,19465,35,,,0,28,,19466,35,,,0,70,,19467,35,,,0,31,,19468,35,,,0,67,,19469,35,,,0,32,,19470,35,,,0,70,,19471,35,,,0
684100,'1',432,,38583,22,,,0,169,,38572,72,,,0,31,,38573,72,,,0,9,,38580,72,,,0,1988,,38582,22,,,0,10,,38581,72,,,0,70,,38575,72,,,0,20,,38577,72,,,0,20,,38574,72,,,0,62,,38576,72,,,0,30,,38578,72,,,0,75,,38579,72,,,0
684100,'2',550,,38584,72,,,0,73,,38591,72,,,0,35,,38592,72,,,0,72,,38593,72,,,0,70,,38589,72,,,0,1803,,38585,22,,,0,39,,38595,72,,,0,74,,38586,72,,,0,17,,38590,72,,,0,20,,38594,72,,,0,60,,38587,72,,,0,30,,38588,72,,,0,80,,38596,72,,,0
684100,'3',549,,38607,72,,,0,74,,38608,72,,,0,30,,38609,72,,,0,72,,38610,72,,,0,17,,38611,72,,,0,13,,38603,72,,,0,56,,38612,72,,,0,14,,38604,72,,,0,1704,,38605,22,,,0,81,,38597,72,,,0,30,,38598,72,,,0,72,,38601,72,,,0,30,,38600,72,,,0,70,,38599,72,,,0,35,,38602,72,,,0,75,,38606,72,,,0
3004600,'1',430,,45407,6,,,0,74,,45408,6,,,0,17,,45409,6,,,0,18,,45405,6,,,0,12,,45437,6,,,0,55,,45438,6,,,0,14,,45439,6,,,0,16,,45440,6,,,0,12,,45406,6,,,0,58,,45433,6,,,0,16,,45434,6,,,0,14,,45435,6,,,0,17,,45436,6,,,0,55,,45404,6,,,0,19,,45457,6,,,0,20,,45441,6,,,0,61,,45442,6,,,0,25,,45443,6,,,0,70,,45444,6,,,0,30,,45445,6,,,0,70,,45446,6,,,0,30,,45447,6,,,0,70,,45448,6,,,0,29,,45449,6,,,0,71,,45450,6,,,0,30,,45451,6,,,0,68,,45452,6,,,0,31,,45453,6,,,0,72,,45454,6,,,0,22,,45456,6,,,0,13,,45455,6,,,0,17,,45401,6,,,0,69,,45430,6,,,0,14,,45431,6,,,0,17,,45432,6,,,0,52,,45402,6,,,0,17,,45424,6,,,0,13,,45425,6,,,0,13,,45426,6,,,0,56,,45427,6,,,0,22,,45428,6,,,0,26,,45429,6,,,0,61,,45403,6,,,0,25,,45422,6,,,0,64,,45423,6,,,0,29,,45410,6,,,0,70,,45411,6,,,0,30,,45421,6,,,0,70,,45412,6,,,0,30,,45413,6,,,0,70,,45420,6,,,0,30,,45414,6,,,0,70,,45415,6,,,0,30,,45419,6,,,0,70,,45416,6,,,0,30,,45417,6,,,0,70,,45418,6,,,0
3004600,'101',1608,,45458,6,,,0
3004600,'2',539,,45483,6,,,0,70,,45484,6,,,0,30,,45485,6,,,0,70,,45486,6,,,0,30,,45487,6,,,0,70,,45488,6,,,0,31,,45489,6,,,0,70,,45490,6,,,0,30,,45499,6,,,0,70,,45500,6,,,0,30,,45459,6,,,0,70,,45460,6,,,0,30,,45461,6,,,0,70,,45462,6,,,0,30,,45463,6,,,0,70,,45464,6,,,0,30,,45465,6,,,0,70,,45466,6,,,0,30,,45467,6,,,0,70,,45468,6,,,0,30,,45469,6,,,0,70,,45470,6,,,0,30,,45471,6,,,0,70,,45491,6,,,0,30,,45472,6,,,0,70,,45473,6,,,0,30,,45474,6,,,0,69,,45475,6,,,0,30,,45476,6,,,0,70,,45477,6,,,0,30,,45478,6,,,0,70,,45479,6,,,0,30,,45480,6,,,0,70,,45481,6,,,0,30,,45482,6,,,0,70,,45492,6,,,0,30,,45493,6,,,0,70,,45494,6,,,0,30,,45495,6,,,0,70,,45496,6,,,0,30,,45497,6,,,0,70,,45498,6,,,0
3004600,'201',1608,,45501,6,,,0
3004600,'3',539,,45518,6,,,0,70,,45520,6,,,0,30,,45521,6,,,0,70,,45522,6,,,0,30,,45523,6,,,0,71,,45524,6,,,0,30,,45525,6,,,0,70,,45526,6,,,0,30,,45527,6,,,0,70,,45528,6,,,0,30,,45529,6,,,0,70,,45530,6,,,0,30,,45531,6,,,0,70,,45532,6,,,0,30,,45533,6,,,0,70,,45534,6,,,0,30,,45535,6,,,0,70,,45536,6,,,0,30,,45537,6,,,0,70,,45538,6,,,0,30,,45539,6,,,0,70,,45540,6,,,0,30,,45541,6,,,0,70,,45519,6,,,0,30,,45504,6,,,0,70,,45505,6,,,0,29,,45506,6,,,0,70,,45507,6,,,0,30,,45508,6,,,0,70,,45502,6,,,0,30,,45503,6,,,0,70,,45509,6,,,0,30,,45510,6,,,0,70,,45511,6,,,0,30,,45512,6,,,0,70,,45513,6,,,0,30,,45514,6,,,0,70,,45515,6,,,0,30,,45516,6,,,0,70,,45517,6,,,0
