667600,'1',540,,79103,2,,,0,79,,79104,2,,,0,14,,79105,2,,,0,12,,79126,2,,,0,57,,79121,2,,,0,16,,79106,2,,,0,14,,79102,2,,,0,13,,79084,2,,,0,57,,79091,2,,,0,20,,79107,2,,,0,33,,79118,2,,,0,68,,79113,2,,,0,30,,79115,2,,,0,69,,79134,2,,,0,30,,79133,2,,,0,69,,79114,2,,,0,28,,79132,2,,,0,68,,79135,2,,,0,32,,79098,2,,,0,70,,79128,2,,,0,31,,79112,2,,,0,69,,79117,2,,,0,30,,79090,2,,,0,70,,79116,2,,,0,17,,79137,2,,,0,17,,79092,2,,,0,50,,79138,2,,,0,15,,79086,2,,,0,16,,79087,2,,,0,18,,79094,2,,,0,60,,79100,2,,,0,11,,79101,2,,,0,11,,79110,2,,,0,18,,79089,2,,,0,51,,79131,2,,,0,18,,79108,2,,,0,12,,79124,2,,,0,18,,79119,2,,,0,54,,79130,2,,,0,29,,79111,2,,,0,71,,79109,2,,,0,31,,79127,2,,,0,70,,79088,2,,,0,30,,79125,2,,,0,70,,79120,2,,,0,35,,79099,2,,,0,68,,79093,2,,,0,28,,79129,2,,,0,69,,79085,2,,,0,30,,79095,2,,,0,70,,79123,2,,,0,35,,79122,2,,,0
667600,'2',606,,79170,2,,,0,30,,79142,2,,,0,70,,79179,2,,,0,30,,79152,2,,,0,70,,79174,2,,,0,29,,79163,2,,,0,76,,79162,2,,,0,40,,79148,2,,,0,71,,79171,2,,,0,30,,79147,2,,,0,70,,79175,2,,,0,30,,79180,2,,,0,70,,79173,2,,,0,30,,79154,2,,,0,70,,79141,2,,,0,30,,79178,2,,,0,70,,79159,2,,,0,30,,79144,2,,,0,70,,79160,2,,,0,30,,79151,2,,,0,70,,79161,2,,,0,30,,79145,2,,,0,70,,79150,2,,,0,30,,79146,2,,,0,70,,79164,2,,,0,28,,79176,2,,,0,55,,79165,2,,,0,29,,79177,2,,,0,71,,79143,2,,,0,30,,79140,2,,,0,70,,79149,2,,,0,30,,79156,2,,,0,70,,79158,2,,,0,30,,79157,2,,,0,70,,79166,2,,,0,30,,79172,2,,,0,70,,79167,2,,,0,31,,79155,2,,,0,72,,79168,2,,,0,32,,79153,2,,,0
667600,'3',734,,79194,2,,,0,100,,79193,2,,,0,68,,79212,2,,,0,30,,79211,2,,,0,70,,79213,2,,,0,31,,79206,2,,,0,70,,79183,2,,,0,30,,79182,2,,,0,72,,79210,2,,,0,30,,79209,2,,,0,69,,79195,2,,,0,30,,79189,2,,,0,70,,79201,2,,,0,32,,79202,2,,,0,70,,79203,2,,,0,30,,79204,2,,,0,70,,79187,2,,,0,29,,79190,2,,,0,70,,79207,2,,,0,29,,79185,2,,,0,70,,79198,2,,,0,30,,79208,2,,,0,71,,79186,2,,,0,33,,79197,2,,,0,67,,79191,2,,,0,30,,79200,2,,,0,70,,79188,2,,,0,29,,79184,2,,,0,71,,79192,2,,,0,30,,79199,2,,,0,69,,79205,2,,,0,36,,79196,2,,,0
667700,'1',604,,79383,2,,,0,29,,79356,2,,,0,71,,79364,2,,,0,29,,79371,2,,,0,71,,79381,2,,,0,28,,79367,2,,,0,78,,79351,2,,,0,24,,79389,2,,,0,87,,79350,2,,,0,31,,79358,2,,,0,68,,79365,2,,,0,30,,79363,2,,,0,70,,79362,2,,,0,31,,79372,2,,,0,71,,79349,2,,,0,29,,79387,2,,,0,55,,79352,2,,,0,30,,79353,2,,,0,65,,79346,2,,,0,20,,79377,2,,,0,14,,79357,2,,,0,70,,79360,2,,,0,19,,79368,2,,,0,12,,79361,2,,,0,18,,79378,2,,,0,54,,79373,2,,,0,19,,79384,2,,,0,20,,79388,2,,,0,53,,79374,2,,,0,16,,79385,2,,,0,12,,79382,2,,,0,16,,79375,2,,,0,10,,79355,2,,,0,52,,79376,2,,,0,14,,79370,2,,,0,16,,79390,2,,,0,17,,79366,2,,,0,57,,79348,2,,,0,15,,79386,2,,,0,11,,79347,2,,,0,69,,79379,2,,,0,29,,79369,2,,,0,70,,79359,2,,,0,30,,79392,2,,,0,70,,79380,2,,,0,30,,79391,2,,,0,70,,79354,2,,,0
667700,'101',1554,,79343,2,,,0
667700,'1101',2507,,79344,2,,,0
667700,'1201',2507,,79345,2,,,0
667700,'2',638,,79420,2,,,0,66,,79421,2,,,0,30,,79400,2,,,0,70,,79428,2,,,0,30,,79429,2,,,0,70,,79396,2,,,0,30,,79426,2,,,0,69,,79403,2,,,0,32,,79434,2,,,0,71,,79398,2,,,0,28,,79433,2,,,0,71,,79435,2,,,0,30,,79401,2,,,0,70,,79399,2,,,0,32,,79438,2,,,0,16,,79409,2,,,0,60,,79436,2,,,0,22,,79394,2,,,0,19,,79419,2,,,0,59,,79425,2,,,0,22,,79424,2,,,0,19,,79418,2,,,0,60,,79395,2,,,0,20,,79402,2,,,0,20,,79417,2,,,0,64,,79437,2,,,0,19,,79404,2,,,0,20,,79416,2,,,0,63,,79430,2,,,0,20,,79427,2,,,0,64,,79415,2,,,0,16,,79408,2,,,0,15,,79405,2,,,0,15,,79423,2,,,0,56,,79414,2,,,0,30,,79431,2,,,0,72,,79422,2,,,0,28,,79406,2,,,0,70,,79411,2,,,0,30,,79410,2,,,0,70,,79432,2,,,0,30,,79413,2,,,0,70,,79397,2,,,0,32,,79412,2,,,0,66,,79407,2,,,0,36,,79393,2,,,0
667700,'3',806,,79456,2,,,0,30,,79450,2,,,0,70,,79459,2,,,0,29,,79449,2,,,0,69,,79457,2,,,0,30,,79448,2,,,0,69,,79458,2,,,0,30,,79439,2,,,0,69,,79460,2,,,0,32,,79447,2,,,0,69,,79443,2,,,0,32,,79455,2,,,0,70,,79462,2,,,0,31,,79454,2,,,0,13,,79476,2,,,0,70,,79463,2,,,0,15,,79453,2,,,0,17,,79475,2,,,0,69,,79466,2,,,0,16,,79452,2,,,0,15,,79474,2,,,0,71,,79464,2,,,0,13,,79451,2,,,0,16,,79473,2,,,0,71,,79461,2,,,0,14,,79446,2,,,0,17,,79472,2,,,0,68,,79441,2,,,0,15,,79445,2,,,0,19,,79471,2,,,0,65,,79440,2,,,0,17,,79444,2,,,0,68,,79442,2,,,0,30,,79470,2,,,0,72,,79467,2,,,0,30,,79469,2,,,0,70,,79465,2,,,0,34,,79468,2,,,0
667800,'1',532,,79634,2,,,0,15,,79636,2,,,0,73,,79638,2,,,0,21,,79650,2,,,0,14,,79618,2,,,0,53,,79614,2,,,0,15,,79653,2,,,0,12,,79627,2,,,0,17,,79654,2,,,0,71,,79647,2,,,0,26,,79624,2,,,0,73,,79652,2,,,0,32,,79646,2,,,0,66,,79620,2,,,0,30,,79625,2,,,0,69,,79639,2,,,0,30,,79656,2,,,0,70,,79629,2,,,0,30,,79619,2,,,0,68,,79621,2,,,0,32,,79630,2,,,0,71,,79644,2,,,0,31,,79626,2,,,0,59,,79655,2,,,0,22,,79659,2,,,0,19,,79660,2,,,0,54,,79643,2,,,0,17,,79649,2,,,0,16,,79658,2,,,0,17,,79616,2,,,0,52,,79645,2,,,0,18,,79657,2,,,0,11,,79631,2,,,0,21,,79632,2,,,0,50,,79613,2,,,0,10,,79642,2,,,0,10,,79615,2,,,0,10,,79617,2,,,0,20,,79633,2,,,0,54,,79622,2,,,0,30,,79628,2,,,0,70,,79641,2,,,0,31,,79623,2,,,0,78,,79640,2,,,0,30,,79635,2,,,0,98,,79637,2,,,0,99,,79648,2,,,0,100,,79651,2,,,0
667800,'2',620,,79670,2,,,0,30,,79662,2,,,0,70,,79683,2,,,0,30,,79663,2,,,0,71,,79694,2,,,0,30,,79693,2,,,0,70,,79685,2,,,0,30,,79695,2,,,0,69,,79691,2,,,0,30,,79667,2,,,0,70,,79665,2,,,0,28,,79661,2,,,0,73,,79666,2,,,0,29,,79668,2,,,0,70,,79696,2,,,0,31,,79669,2,,,0,69,,79679,2,,,0,29,,79686,2,,,0,70,,79675,2,,,0,30,,79687,2,,,0,73,,79676,2,,,0,29,,79688,2,,,0,69,,79677,2,,,0,31,,79692,2,,,0,70,,79680,2,,,0,30,,79689,2,,,0,70,,79671,2,,,0,30,,79690,2,,,0,71,,79673,2,,,0,30,,79681,2,,,0,68,,79697,2,,,0,17,,79672,2,,,0,71,,79684,2,,,0,30,,79682,2,,,0,100,,79678,2,,,0,100,,79674,2,,,0
667800,'3',818,,79722,2,,,0,31,,79726,2,,,0,70,,79721,2,,,0,28,,79706,2,,,0,63,,79720,2,,,0,30,,79705,2,,,0,71,,79719,2,,,0,36,,79724,2,,,0,73,,79718,2,,,0,32,,79725,2,,,0,69,,79717,2,,,0,30,,79702,2,,,0,71,,79716,2,,,0,30,,79699,2,,,0,70,,79715,2,,,0,30,,79700,2,,,0,70,,79714,2,,,0,30,,79698,2,,,0,70,,79713,2,,,0,30,,79707,2,,,0,69,,79712,2,,,0,32,,79701,2,,,0,70,,79711,2,,,0,30,,79704,2,,,0,71,,79710,2,,,0,25,,79708,2,,,0,92,,79703,2,,,0,95,,79727,2,,,0,105,,79709,2,,,0,96,,79728,2,,,0
683700,'1',2530,,96928,28,,,0,20,,96927,28,,,0,60,,96923,28,,,0,29,,96926,28,,,0,74,,96925,28,,,0,19,,96924,28,,,0,68,,96922,28,,,0
683700,'1101',2650,,96920,28,,,0
683700,'1201',2650,,96921,28,,,0
683700,'2',516,,96937,2,,,0,2020,,96931,28,,,0,22,,96936,28,,,0,54,,96930,28,,,0,19,,96935,28,,,0,20,,96932,28,,,0,70,,96934,28,,,0,12,,96933,28,,,0,74,,96929,28,,,0
683700,'3',546,,96946,2,,,0,74,,96947,2,,,0,31,,96948,2,,,0,68,,96949,22,,,0,1688,,96942,28,,,0,32,,96941,28,,,0,70,,96940,28,,,0,39,,96939,28,,,0,71,,96938,28,,,0,24,,96945,28,,,0,88,,96944,28,,,0,25,,96943,28,,,0
