669201,'1_merged_15524958',514,,82275,11,,,0,88,,82276,26,,,0,30,,82277,26,,,0,70,,82278,26,,,0,20,,82279,26,,,0,26,,82280,26,,,0,60,,82281,26,,,0,20,,82282,26,,,0,20,,82283,26,,,0,60,,82284,26,,,0,20,,82285,26,,,0,20,,82286,26,,,0,60,,82287,26,,,0,20,,82288,26,,,0,20,,82289,26,,,0,60,,82290,26,,,0,20,,82291,26,,,0,20,,82292,26,,,0,60,,82293,26,,,0,20,,82294,26,,,0,20,,82295,26,,,0,60,,82296,26,,,0,20,,82297,26,,,0,20,,82298,26,,,0,60,,82299,26,,,0,20,,82300,26,,,0,20,,82301,26,,,0,60,,82302,26,,,0,20,,82303,26,,,0,20,,82304,26,,,0,60,,82305,26,,,0,20,,82306,26,,,0,20,,82307,26,,,0,60,,82308,26,,,0,20,,82309,26,,,0,20,,82310,26,,,0,60,,82311,26,,,0,19,,82312,26,,,0,25,,82313,26,,,0,68,,82314,26,,,0,30,,82315,26,,,0,69,,82316,26,,,0,30,,82317,26,,,0,68,,82318,26,,,0,35,,82319,26,0,46 47,0,77,,82320,26,0,46 47,0,29,,82321,26,0,46 47,0,77,,82322,26,0,46 47,0,69,,82323,26,0,46 47,0,44,,82324,26,0,46 47,0,72,,82325,26,0,46 47,0
669201,'2_merged_15524960',515,,82326,11,,,0,32,,82327,26,,,0,70,,82328,26,,,0,30,,82329,26,,,0,71,,82330,26,,,0,32,,82331,26,,,0,70,,82332,26,,,0,32,,82333,26,,,0,70,,82334,26,,,0,31,,82335,26,,,0,70,,82336,26,,,0,32,,82337,26,,,0,70,,82338,26,,,0,20,,82339,26,,,0,60,,82340,26,,,0,20,,82341,26,,,0,20,,82342,26,,,0,60,,82343,26,,,0,20,,82344,26,,,0,20,,82345,26,,,0,60,,82346,26,,,0,20,,82347,26,,,0,20,,82348,26,,,0,55,,82349,26,,,0,24,,82350,26,,,0,20,,82351,26,,,0,60,,82352,26,,,0,20,,82353,26,,,0,20,,82354,26,,,0,60,,82355,26,,,0,20,,82356,26,,,0,17,,82357,26,,,0,61,,82358,26,,,0,20,,82359,26,,,0,30,,82360,26,,,0,68,,82361,26,,,0,30,,82362,26,,,0,70,,82363,26,,,0,19,,82364,26,0,46 47,0,80,,82365,26,0,46 47,0,40,,82366,26,0,46 47,0,80,,82367,26,0,46 47,0,80,,82368,26,0,46 47,0,40,,82369,26,0,46 47,0,82,,82370,26,0,46 47,0,80,,82371,26,0,46 47,0
669201,'3_merged_15524959',627,,82372,11,,,0,23,,82373,26,,,0,70,,82374,26,,,0,30,,82375,26,,,0,71,,82376,26,,,0,30,,82377,26,,,0,70,,82378,26,,,0,31,,82379,26,,,0,70,,82380,26,,,0,30,,82381,26,,,0,70,,82382,26,,,0,20,,82383,26,,,0,60,,82384,26,,,0,20,,82385,26,,,0,20,,82386,26,,,0,60,,82387,26,,,0,20,,82388,26,,,0,20,,82389,26,,,0,60,,82390,26,,,0,20,,82391,26,,,0,20,,82392,26,,,0,60,,82393,26,,,0,20,,82394,26,,,0,20,,82395,26,,,0,60,,82396,26,,,0,20,,82397,26,,,0,20,,82398,26,,,0,60,,82399,26,,,0,20,,82400,26,,,0,20,,82401,26,,,0,60,,82402,26,,,0,20,,82403,26,,,0,28,,82404,26,,,0,72,,82405,26,,,0,30,,82406,26,,,0,68,,82407,26,,,0,30,,82408,26,,,0,68,,82409,26,0,46 47,0,40,,82410,26,0,46 47,0,80,,82411,26,0,46 47,0,78,,82412,26,0,46 47,0,42,,82413,26,0,46 47,0,82,,82414,26,0,46 47,0,80,,82415,26,0,46 47,0
683701,'1_merged_15524958',2504,,96952,6,,,0,103,,96953,28,,,0
683701,'2_merged_15524960',555,,96956,28,,,0,1951,,96954,6,,,0,107,,96955,28,,,0
683701,'3_merged_15524959',620,,96963,28,,,0,39,,96964,28,,,0,71,,96965,28,,,0,72,,96966,28,,,0,1531,,96959,6,,,0,71,,96958,6,,,0,41,,96961,28,,,0,72,,96960,28,,,0,108,,96962,28,,,0,29,,96968,28,,,0
3679900,'101_merged_15524965',1605,,110065,6,,,0
3679900,'1_merged_15524958',528,,110109,6,,,0,31,,110108,6,,,0,62,,110107,6,,,0,13,,110106,6,,,0,16,,110105,6,,,0,54,,110104,6,,,0,15,,110103,6,,,0,14,,110102,6,,,0,15,,110101,6,,,0,54,,110100,6,,,0,15,,110112,6,,,0,15,,110099,6,,,0,22,,110098,6,,,0,78,,110097,6,,,0,23,,110096,6,,,0,55,,110095,6,,,0,34,,110094,6,,,0,69,,110093,6,,,0,26,,110092,6,,,0,70,,110091,6,,,0,30,,110090,6,,,0,69,,110089,6,,,0,30,,110088,6,,,0,69,,110087,6,,,0,29,,110086,6,,,0,16,,110110,6,,,0,55,,110085,6,,,0,28,,110111,6,,,0,11,,110084,6,,,0,73,,110083,6,,,0,16,,110082,6,,,0,20,,110081,6,,,0,51,,110080,6,,,0,19,,110079,6,,,0,14,,110078,6,,,0,17,,110077,6,,,0,53,,110076,6,,,0,15,,110075,6,,,0,16,,110074,6,,,0,70,,110073,6,,,0,97,,110072,6,,,0,101,,110071,6,,,0,101,,110070,6,,,0,99,,110069,6,,,0,98,,110068,6,,,0,99,,110067,6,,,0,46,,110066,6,,,0
3679900,'2_merged_15524960',601,,110146,6,,,0,33,,110145,6,,,0,70,,110144,6,,,0,30,,110143,6,,,0,70,,110142,6,,,0,31,,110141,6,,,0,71,,110140,6,,,0,29,,110139,6,,,0,70,,110138,6,,,0,30,,110137,6,,,0,70,,110136,6,,,0,30,,110135,6,,,0,69,,110134,6,,,0,32,,110133,6,,,0,69,,110132,6,,,0,29,,110131,6,,,0,71,,110130,6,,,0,31,,110129,6,,,0,68,,110128,6,,,0,31,,110127,6,,,0,69,,110126,6,,,0,30,,110125,6,,,0,71,,110124,6,,,0,29,,110123,6,,,0,72,,110122,6,,,0,29,,110121,6,,,0,69,,110120,6,,,0,100,,110119,6,,,0,101,,110118,6,,,0,101,,110117,6,,,0,99,,110116,6,,,0,100,,110115,6,,,0,99,,110114,6,,,0,47,,110113,6,,,0
3679900,'3_merged_15524959',705,,110174,6,,,0,101,,110173,6,,,0,101,,110172,6,,,0,30,,110171,6,,,0,69,,110170,6,,,0,29,,110169,6,,,0,69,,110168,6,,,0,31,,110167,6,,,0,73,,110166,6,,,0,27,,110165,6,,,0,73,,110164,6,,,0,28,,110163,6,,,0,70,,110162,6,,,0,29,,110161,6,,,0,74,,110160,6,,,0,27,,110159,6,,,0,69,,110158,6,,,0,34,,110157,6,,,0,68,,110156,6,,,0,30,,110154,6,,,0,70,,110155,6,,,0,29,,110153,6,,,0,70,,110152,6,,,0,100,,110151,6,,,0,100,,110150,6,,,0,100,,110149,6,,,0,100,,110148,6,,,0,100,,110147,6,,,0
