664601,'101_merged_15524965',826,,72574,3,,,0,681,,72573,3,0,41 8,0,44,,72572,3,,,0
664601,'1_merged_15524958',536,,72616,3,,,0,20,,72600,3,,,0,60,,72599,3,,,0,20,,72598,3,,,0,20,,72610,3,,,0,60,,72604,3,,,0,20,,72586,3,,,0,15,,72606,3,,,0,60,,72620,3,,,0,30,,72578,3,,,0,70,,72584,3,,,0,30,,72581,3,,,0,70,,72614,3,,,0,30,,72609,3,,,0,70,,72602,3,,,0,30,,72597,3,,,0,70,,72596,3,,,0,30,,72603,3,,,0,70,,72607,3,,,0,30,,72576,3,,,0,70,,72594,3,,,0,21,,72593,3,,,0,19,,72619,3,,,0,60,,72582,3,,,0,20,,72618,3,,,0,80,,72595,3,,,0,20,,72580,3,,,0,20,,72590,3,,,0,60,,72579,3,,,0,20,,72605,3,,,0,20,,72585,3,,,0,65,,72583,3,,,0,30,,72617,3,,,0,70,,72587,3,,,0,30,,72615,3,,,0,70,,72577,3,,,0,30,,72591,3,,,0,70,,72608,3,,,0,30,,72613,3,,,0,80,,72612,3,,,0,105,,72611,3,,,0,100,,72601,3,,,0,100,,72588,3,,,0
664601,'2_merged_15524960',617,,72634,3,,,0,30,,72627,3,,,0,69,,72625,3,,,0,31,,72640,3,,,0,76,,72641,3,,,0,30,,72642,3,,,0,58,,72621,3,,,0,30,,72631,3,,,0,67,,72644,3,,,0,36,,72637,3,,,0,70,,72646,3,,,0,30,,72647,3,,,0,72,,72648,3,,,0,28,,72650,3,,,0,71,,72645,3,,,0,30,,72622,3,,,0,72,,72623,3,,,0,29,,72624,3,,,0,68,,72656,3,,,0,30,,72651,3,,,0,69,,72654,3,,,0,29,,72652,3,,,0,71,,72653,3,,,0,28,,72655,3,,,0,70,,72638,3,,,0,31,,72632,3,,,0,71,,72633,3,,,0,28,,72639,3,,,0,70,,72628,3,,,0,30,,72643,3,,,0,70,,72649,3,,,0,32,,72629,3,,,0,90,,72630,3,,,0,98,,72626,3,,,0,100,,72635,3,,,0,100,,72636,3,,,0
664601,'3_merged_15524959',736,,72671,3,,,0,70,,72668,3,,,0,30,,72673,3,,,0,70,,72664,3,,,0,30,,72665,3,,,0,70,,72663,3,,,0,30,,72687,3,,,0,70,,72684,3,,,0,30,,72685,3,,,0,70,,72666,3,,,0,30,,72667,3,,,0,70,,72686,3,,,0,30,,72657,3,,,0,70,,72672,3,,,0,30,,72674,3,,,0,70,,72675,3,,,0,30,,72676,3,,,0,70,,72677,3,,,0,30,,72678,3,,,0,70,,72679,3,,,0,30,,72680,3,,,0,70,,72681,3,,,0,30,,72689,3,,,0,70,,72659,3,,,0,30,,72660,3,,,0,70,,72683,3,,,0,30,,72682,3,,,0,70,,72670,3,,,0,30,,72688,3,,,0,100,,72661,3,,,0,105,,72662,3,,,0,87,,72658,3,,,0,108,,72669,3,,,0
666400,'1_merged_15524958',532,,76995,3,,,0,70,,76988,3,,,0,28,,76989,3,,,0,70,,76960,3,,,0,28,,76961,3,,,0,73,,76962,3,,,0,36,,76963,3,,,0,68,,76964,3,,,0,32,,76992,3,,,0,70,,76965,3,,,0,30,,76966,3,,,0,73,,76967,3,,,0,30,,76968,3,,,0,70,,76969,3,,,0,30,,76970,3,,,0,70,,76971,3,,,0,27,,76972,3,,,0,71,,76974,3,,,0,30,,76975,3,,,0,72,,76976,3,,,0,30,,76990,3,,,0,70,,76977,3,,,0,30,,76978,3,,,0,70,,76979,3,,,0,30,,76980,3,,,0,70,,76981,3,,,0,30,,76959,3,,,0,70,,76973,3,,,0,26,,76982,3,,,0,23,,76983,3,,,0,75,,76991,3,,,0,76,,76994,3,,,0,42,,76984,3,,,0,80,,76985,3,,,0,80,,76986,3,,,0,39,,76993,3,,,0,80,,76987,3,,,0
666400,'2_merged_15524960',606,,76996,3,,,0,30,,76997,3,,,0,70,,76998,3,,,0,30,,76999,3,,,0,70,,77000,3,,,0,30,,77001,3,,,0,70,,77002,3,,,0,30,,77003,3,,,0,70,,77004,3,,,0,30,,77005,3,,,0,71,,77006,3,,,0,30,,77007,3,,,0,70,,77008,3,,,0,30,,77009,3,,,0,70,,77010,3,,,0,30,,77011,3,,,0,70,,77012,3,,,0,30,,77013,3,,,0,70,,77014,3,,,0,30,,77015,3,,,0,70,,77016,3,,,0,30,,77017,3,,,0,70,,77018,3,,,0,30,,77019,3,,,0,70,,77020,3,,,0,30,,77021,3,,,0,70,,77022,3,,,0,30,,77023,3,,,0,99,,77024,3,,,0,100,,77025,3,,,0,100,,77026,3,,,0,100,,77027,3,,,0,97,,77028,3,,,0
666400,'3_merged_15524959',716,,77029,3,,,0,100,,77030,3,,,0,99,,77031,3,,,0,100,,77032,3,,,0,101,,77033,3,,,0,30,,77047,3,,,0,70,,77034,3,,,0,30,,77048,3,,,0,70,,77035,3,,,0,30,,77049,3,,,0,70,,77036,3,,,0,30,,77050,3,,,0,70,,77037,3,,,0,30,,77051,3,,,0,70,,77038,3,,,0,30,,77052,3,,,0,70,,77039,3,,,0,30,,77053,3,,,0,70,,77040,3,,,0,100,,77041,3,,,0,100,,77042,3,,,0,100,,77043,3,,,0,100,,77046,3,,,0,100,,77044,3,,,0,118,,77045,3,,,0
684100,'1_merged_15524958',419,,97066,3,,,0,125,,97055,52,,,0,71,,97056,52,,,0,9,,97063,52,,,0,1992,,97065,3,,,0,11,,97064,52,,,0,30,,97058,52,,,0,60,,97060,52,,,0,20,,97057,52,,,0,22,,97059,52,,,0,70,,97061,52,,,0,75,,97062,52,,,0
684100,'2_merged_15524960',538,,97067,52,,,0,73,,97074,52,,,0,31,,97075,52,,,0,74,,97076,52,,,0,30,,97072,52,,,0,1804,,97068,3,,,0,79,,97078,52,,,0,74,,97069,52,,,0,17,,97073,52,,,0,20,,97077,52,,,0,60,,97070,52,,,0,30,,97071,52,,,0,80,,97079,52,,,0
684100,'3_merged_15524959',539,,97090,52,,,0,72,,97091,52,,,0,30,,97092,52,,,0,70,,97093,52,,,0,16,,97094,52,,,0,14,,97086,52,,,0,16,,97095,52,,,0,53,,97087,52,,,0,1705,,97088,3,,,0,41,,97080,52,,,0,70,,97081,52,,,0,32,,97084,52,,,0,70,,97083,52,,,0,30,,97082,52,,,0,75,,97085,52,,,0,75,,97089,52,,,0
3004300,'1_merged_15524958',511,,103715,3,,,0,20,,103714,3,,,0,18,,103659,3,,,0,53,,103658,3,,,0,13,,103657,3,,,0,16,,103656,3,,,0,17,,103673,3,,,0,53,,103655,3,,,0,15,,103654,3,,,0,14,,103720,3,,,0,15,,103697,3,,,0,59,,103719,3,,,0,16,,103718,3,,,0,17,,103717,3,,,0,15,,103716,3,,,0,54,,103696,3,,,0,15,,103670,3,,,0,15,,103695,3,,,0,15,,103669,3,,,0,55,,103694,3,,,0,15,,103668,3,,,0,15,,103693,3,,,0,15,,103667,3,,,0,55,,103692,3,,,0,15,,103666,3,,,0,15,,103691,3,,,0,15,,103665,3,,,0,55,,103690,3,,,0,15,,103664,3,,,0,15,,103689,3,,,0,15,,103663,3,,,0,56,,103688,3,,,0,15,,103662,3,,,0,15,,103687,3,,,0,15,,103661,3,,,0,55,,103713,3,,,0,15,,103660,3,,,0,16,,103712,3,,,0,15,,103711,3,,,0,56,,103710,3,,,0,15,,103709,3,,,0,17,,103721,3,,,0,14,,103708,3,,,0,57,,103707,3,,,0,13,,103706,3,,,0,16,,103705,3,,,0,14,,103704,3,,,0,57,,103703,3,,,0,15,,103702,3,,,0,15,,103701,3,,,0,17,,103700,3,,,0,53,,103699,3,,,0,15,,103698,3,,,0,14,,103686,3,,,0,60,,103685,3,,,0,20,,103671,3,,,0,25,,103684,3,,,0,62,,103683,3,,,0,18,,103672,3,,,0,20,,103682,3,,,0,65,,103681,3,,,0,29,,103680,3,,,0,71,,103679,3,,,0,30,,103678,3,,,0,70,,103677,3,,,0,30,,103676,3,,,0,70,,103675,3,,,0,30,,103674,3,,,0
3004300,'2_merged_15524960',601,,103755,3,,,0,33,,103754,3,,,0,72,,103753,3,,,0,30,,103752,3,,,0,70,,103751,3,,,0,31,,103750,3,,,0,70,,103749,3,,,0,30,,103748,3,,,0,71,,103747,3,,,0,31,,103746,3,,,0,68,,103745,3,,,0,19,,103757,3,,,0,20,,103744,3,,,0,60,,103743,3,,,0,20,,103758,3,,,0,20,,103742,3,,,0,60,,103741,3,,,0,20,,103759,3,,,0,20,,103740,3,,,0,60,,103739,3,,,0,20,,103760,3,,,0,20,,103738,3,,,0,60,,103737,3,,,0,20,,103761,3,,,0,20,,103736,3,,,0,60,,103735,3,,,0,19,,103762,3,,,0,21,,103734,3,,,0,60,,103733,3,,,0,21,,103763,3,,,0,20,,103732,3,,,0,58,,103731,3,,,0,24,,103730,3,,,0,77,,103729,3,,,0,25,,103728,3,,,0,75,,103727,3,,,0,25,,103726,3,,,0,75,,103725,3,,,0,30,,103724,3,,,0,75,,103756,3,,,0,25,,103723,3,,,0,75,,103764,3,,,0,25,,103722,3,,,0
3004300,'3_merged_15524959',636,,103782,3,,,0,70,,103781,3,,,0,30,,103780,3,,,0,70,,103779,3,,,0,30,,103778,3,,,0,70,,103777,3,,,0,30,,103776,3,,,0,72,,103775,3,,,0,29,,103774,3,,,0,69,,103773,3,,,0,20,,103783,3,,,0,20,,103772,3,,,0,60,,103771,3,,,0,20,,103784,3,,,0,20,,103770,3,,,0,60,,103769,3,,,0,20,,103785,3,,,0,20,,103768,3,,,0,61,,103767,3,,,0,20,,103786,3,,,0,20,,103766,3,,,0,60,,103765,3,,,0,20,,103787,3,,,0,20,,103806,3,,,0,59,,103805,3,,,0,20,,103788,3,,,0,20,,103804,3,,,0,60,,103803,3,,,0,20,,103789,3,,,0,20,,103802,3,,,0,55,,103801,3,,,0,30,,103800,3,,,0,70,,103799,3,,,0,30,,103798,3,,,0,70,,103797,3,,,0,30,,103796,3,,,0,70,,103790,3,,,0,30,,103795,3,,,0,70,,103791,3,,,0,30,,103794,3,,,0,70,,103792,3,,,0,30,,103793,3,,,0
