665001,'1_merged_15524958',605,,73932,1,,,0,11,,73918,1,,,0,15,,73917,1,,,0,14,,73916,1,,,0,56,,73915,1,,,0,14,,73914,1,,,0,15,,73913,1,,,0,16,,73912,1,,,0,56,,73911,1,,,0,17,,73910,1,,,0,16,,73909,1,,,0,15,,73908,1,,,0,55,,73907,1,,,0,17,,73906,1,,,0,20,,73934,1,,,0,71,,73930,1,,,0,30,,73929,1,,,0,71,,73892,1,,,0,30,,73891,1,,,0,70,,73890,1,,,0,33,,73899,1,,,0,69,,73897,1,,,0,31,,73896,1,,,0,74,,73931,1,,,0,26,,73894,1,,,0,56,,73905,1,,,0,18,,73904,1,,,0,15,,73903,1,,,0,15,,73902,1,,,0,55,,73933,1,,,0,15,,73901,1,,,0,16,,73919,1,,,0,13,,73928,1,,,0,54,,73927,1,,,0,13,,73926,1,,,0,14,,73925,1,,,0,14,,73924,1,,,0,13,,73923,1,,,0,55,,73922,1,,,0,17,,73921,1,,,0,21,,73920,1,,,0,69,,73895,1,,,0,33,,73898,1,,,0,66,,73940,1,,,0,29,,73939,1,,,0,70,,73938,1,,,0,32,,73941,1,,,0,69,,73900,1,,,0,28,,73937,1,,,0,69,,73936,1,,,0,31,,73935,1,,,0,100,,73893,1,,,0
665001,'2_merged_15524960',639,,73969,1,,,0,71,,73970,1,,,0,38,,73971,1,,,0,69,,73956,1,,,0,31,,73946,1,,,0,72,,73944,1,,,0,25,,73947,1,,,0,70,,73948,1,,,0,30,,73949,1,,,0,70,,73950,1,,,0,31,,73951,1,,,0,71,,73952,1,,,0,31,,73954,1,,,0,70,,73965,1,,,0,32,,73976,1,,,0,71,,73955,1,,,0,30,,73964,1,,,0,70,,73958,1,,,0,28,,73943,1,,,0,72,,73957,1,,,0,32,,73968,1,,,0,69,,73967,1,,,0,30,,73960,1,,,0,69,,73961,1,,,0,30,,73962,1,,,0,69,,73963,1,,,0,32,,73959,1,,,0,72,,73966,1,,,0,31,,73953,1,,,0,70,,73972,1,,,0,30,,73973,1,,,0,71,,73974,1,,,0,28,,73975,1,,,0,65,,73942,1,,,0,32,,73977,1,,,0,98,,73945,1,,,0
665001,'3_merged_15524959',736,,73996,1,,,0,76,,74002,1,,,0,30,,73978,1,,,0,72,,73980,1,,,0,30,,73987,1,,,0,71,,73986,1,,,0,30,,73994,1,,,0,70,,73988,1,,,0,32,,73989,1,,,0,69,,73999,1,,,0,31,,73997,1,,,0,68,,73998,1,,,0,25,,74000,1,,,0,70,,74001,1,,,0,31,,73991,1,,,0,69,,73981,1,,,0,31,,74003,1,,,0,70,,74004,1,,,0,31,,74005,1,,,0,69,,74006,1,,,0,27,,74007,1,,,0,69,,73993,1,,,0,31,,74008,1,,,0,78,,74009,1,,,0,34,,73985,1,,,0,70,,73983,1,,,0,30,,73982,1,,,0,70,,73990,1,,,0,29,,74010,1,,,0,71,,73984,1,,,0,29,,73992,1,,,0,69,,73995,1,,,0,100,,73979,1,,,0
665400,'101_merged_15524965',904,,74780,4,,,0,801,,74781,4,,,0
665400,'1_merged_15524958',536,,74785,4,,,0,64,,74784,4,,,0,31,,74801,4,,,0,71,,74803,4,,,0,32,,74787,4,,,0,70,,74804,4,,,0,30,,74786,4,,,0,104,,74794,4,,,0,69,,74795,4,,,0,30,,74796,4,,,0,67,,74793,4,,,0,30,,74797,4,,,0,70,,74798,4,,,0,30,,74799,4,,,0,70,,74800,4,,,0,30,,74808,4,,,0,70,,74809,4,,,0,30,,74810,4,,,0,73,,74811,4,,,0,32,,74812,4,,,0,70,,74805,4,,,0,32,,74782,4,,,0,94,,74789,4,,,0,69,,74790,4,,,0,34,,74802,4,,,0,68,,74806,4,,,0,27,,74813,4,,,0,26,,74814,4,,,0,68,,74788,4,,,0,28,,74807,4,,,0,70,,74815,4,,,0,30,,74783,4,,,0,104,,74791,4,,,0,146,,74792,4,,,0
665400,'2_merged_15524960',604,,74835,4,,,0,35,,74849,4,,,0,70,,74825,4,,,0,30,,74850,4,,,0,70,,74842,4,,,0,32,,74841,4,,,0,70,,74824,4,,,0,30,,74839,4,,,0,70,,74838,4,,,0,30,,74828,4,,,0,70,,74826,4,,,0,30,,74831,4,,,0,70,,74830,4,,,0,30,,74829,4,,,0,70,,74816,4,,,0,30,,74818,4,,,0,75,,74833,4,,,0,30,,74832,4,,,0,70,,74834,4,,,0,30,,74845,4,,,0,70,,74844,4,,,0,30,,74823,4,,,0,70,,74817,4,,,0,30,,74836,4,,,0,70,,74837,4,,,0,30,,74827,4,,,0,70,,74840,4,,,0,30,,74847,4,,,0,70,,74846,4,,,0,30,,74822,4,,,0,70,,74821,4,,,0,30,,74820,4,,,0,68,,74819,4,,,0,90,,74848,4,,,0,35,,74843,4,,,0
665400,'3_merged_15524959',703,,74860,4,,,0,35,,74859,4,,,0,70,,74882,4,,,0,32,,74868,4,,,0,70,,74867,4,,,0,30,,74866,4,,,0,70,,74865,4,,,0,30,,74864,4,,,0,71,,74875,4,,,0,30,,74852,4,,,0,70,,74876,4,,,0,30,,74862,4,,,0,70,,74861,4,,,0,30,,74869,4,,,0,70,,74857,4,,,0,30,,74856,4,,,0,70,,74855,4,,,0,30,,74854,4,,,0,70,,74853,4,,,0,30,,74874,4,,,0,70,,74873,4,,,0,30,,74851,4,,,0,70,,74883,4,,,0,30,,74858,4,,,0,69,,74872,4,,,0,30,,74881,4,,,0,70,,74880,4,,,0,29,,74870,4,,,0,70,,74879,4,,,0,30,,74878,4,,,0,70,,74877,4,,,0,40,,74863,4,,,0,100,,74871,4,,,0
3329201,'101_merged_15524965',1551,,108067,27,4,,0,99,,108066,27,4,,0
3329201,'1_merged_15524958',605,,108104,27,4,,0,11,,108103,27,4,,0,15,,108093,27,4,,0,14,,108102,27,4,,0,56,,108100,27,4,,0,14,,108099,27,4,,0,15,,108098,27,4,,0,16,,108097,27,4,,0,56,,108096,27,4,,0,17,,108095,27,4,,0,16,,108094,27,4,,0,15,,108080,27,4,,0,55,,108079,27,4,,0,17,,108078,27,4,,0,20,,108077,27,4,,0,71,,108076,27,4,,0,30,,108075,27,4,,0,71,,108074,27,4,,0,30,,108101,27,4,,0,70,,108086,27,4,,0,33,,108073,27,4,,0,69,,108072,27,4,,0,31,,108071,27,4,,0,74,,108070,27,4,,0,26,,108069,27,4,,0,56,,108068,27,4,,0,18,,108116,27,4,,0,15,,108115,27,4,,0,70,,108114,27,4,,0,15,,108117,27,4,,0,16,,108113,27,4,,0,67,,108112,27,4,,0,13,,108111,27,4,,0,14,,108110,27,4,,0,14,,108109,27,4,,0,13,,108108,27,4,,0,55,,108107,27,4,,0,17,,108106,27,4,,0,21,,108105,29,4,,0,69,,108092,29,4,,0,33,,108091,29,4,,0,66,,108090,29,4,,0,29,,108089,29,4,,0,70,,108088,29,4,,0,32,,108087,29,4,,0,69,,108085,29,4,,0,28,,108084,29,4,,0,69,,108083,29,4,,0,31,,108082,29,4,,0,100,,108081,29,4,,0
3329201,'2_merged_15524960',639,,108121,27,4,,0,71,,108119,27,4,,0,38,,108139,27,4,,0,69,,108138,27,4,,0,31,,108137,27,4,,0,72,,108136,27,4,,0,25,,108135,27,4,,0,70,,108134,27,4,,0,30,,108133,27,4,,0,70,,108132,27,4,,0,31,,108131,27,4,,0,71,,108130,27,4,,0,31,,108129,27,4,,0,70,,108128,27,4,,0,32,,108127,27,4,,0,71,,108153,27,4,,0,30,,108152,27,4,,0,70,,108151,27,4,,0,28,,108150,27,4,,0,72,,108149,27,4,,0,32,,108148,27,4,,0,69,,108147,27,4,,0,30,,108146,27,4,,0,69,,108145,27,4,,0,30,,108144,27,4,,0,69,,108143,29,4,,0,32,,108142,29,4,,0,72,,108141,29,4,,0,31,,108140,29,4,,0,70,,108120,29,4,,0,30,,108118,29,4,,0,71,,108126,29,4,,0,28,,108125,29,4,,0,65,,108124,29,4,,0,32,,108123,29,4,,0,98,,108122,29,4,,0
3329201,'3_merged_15524959',736,,108186,27,4,,0,76,,108185,27,4,,0,30,,108184,27,4,,0,72,,108183,27,4,,0,30,,108182,27,4,,0,71,,108181,27,4,,0,30,,108180,27,4,,0,70,,108179,27,4,,0,32,,108178,27,4,,0,69,,108177,27,4,,0,31,,108176,27,4,,0,68,,108175,27,4,,0,25,,108174,27,4,,0,70,,108173,27,4,,0,31,,108172,27,4,,0,69,,108171,27,4,,0,31,,108170,27,4,,0,70,,108169,27,4,,0,31,,108168,27,4,,0,69,,108167,27,4,,0,27,,108166,27,4,,0,69,,108165,27,4,,0,31,,108164,27,4,,0,78,,108163,29,4,,0,34,,108162,29,4,,0,70,,108161,29,4,,0,30,,108160,29,4,,0,70,,108159,29,4,,0,29,,108158,29,4,,0,71,,108157,29,4,,0,29,,108156,29,4,,0,69,,108155,29,4,,0,100,,108154,29,4,,0
