669300,'1',550,,24039,1,,,0,70,,24040,1,,,0,30,,24041,1,,,0,63,,24042,1,,,0,12,,24043,1,,,0,15,,24044,1,,,0,65,,24045,1,,,0,15,,24046,1,,,0,20,,24047,1,,,0,60,,24048,1,,,0,20,,24049,1,,,0,20,,24050,1,,,0,60,,24051,1,,,0,20,,24052,1,,,0,20,,24053,1,,,0,60,,24054,1,,,0,20,,24055,1,,,0,20,,24056,1,,,0,60,,24057,1,,,0,20,,24058,1,,,0,20,,24059,1,,,0,60,,24081,1,,,0,20,,24060,1,,,0,20,,24061,1,,,0,60,,24080,1,,,0,20,,24062,1,,,0,20,,24063,1,,,0,60,,24064,1,,,0,20,,24065,1,,,0,20,,24066,1,,,0,60,,24082,1,,,0,20,,24067,1,,,0,20,,24068,1,,,0,62,,24083,1,,,0,20,,24069,1,,,0,20,,24070,1,,,0,60,,24084,1,,,0,20,,24071,1,,,0,19,,24072,1,,,0,61,,24085,1,,,0,20,,24073,1,,,0,20,,24074,1,,,0,70,,24075,1,,,0,38,,24086,1,,,0,70,,24076,1,,,0,80,,24077,1,,,0,120,,24078,1,,,0,85,,24079,1,,,0
669300,'162503',1512,,24087,1,,,0,200,,24088,1,,,0,145,,24089,1,,,0
669300,'162601',1516,,24090,1,,,0,202,,24091,1,,,0,199,,24092,1,,,0,125,,24093,1,,,0
669300,'2',548,,24094,1,,,0,70,,24095,1,,,0,30,,24096,1,,,0,67,,24097,1,,,0,25,,24098,1,,,0,65,,24099,1,,,0,20,,24100,1,,,0,20,,24101,1,,,0,55,,24102,1,,,0,15,,24103,1,,,0,15,,24104,1,,,0,15,,24105,1,,,0,55,,24106,1,,,0,15,,24107,1,,,0,15,,24108,1,,,0,15,,24109,1,,,0,55,,24110,1,,,0,15,,24111,1,,,0,15,,24112,1,,,0,15,,24113,1,,,0,55,,24114,1,,,0,15,,24115,1,,,0,20,,24116,1,,,0,15,,24117,1,,,0,55,,24118,1,,,0,15,,24119,1,,,0,15,,24120,1,,,0,15,,24121,1,,,0,55,,24122,1,,,0,15,,24123,1,,,0,14,,24124,1,,,0,15,,24125,1,,,0,55,,24126,1,,,0,15,,24127,1,,,0,15,,24128,1,,,0,15,,24129,1,,,0,52,,24130,1,,,0,15,,24131,1,,,0,15,,24132,1,,,0,15,,24133,1,,,0,55,,24134,1,,,0,15,,24135,1,,,0,15,,24136,1,,,0,15,,24137,1,,,0,55,,24138,1,,,0,13,,24139,1,,,0,15,,24140,1,,,0,15,,24141,1,,,0,15,,24142,1,,,0,55,,24143,1,,,0,15,,24144,1,,,0,20,,24145,1,,,0,60,,24146,1,,,0,20,,24147,1,,,0,20,,24148,1,,,0,71,,24149,1,,,0,80,,24150,1,,,0,120,,24151,1,,,0
669300,'3',553,,24152,1,,,0,95,,24153,1,,,0,70,,24154,1,,,0,30,,24155,1,,,0,70,,24156,1,,,0,25,,24157,1,,,0,60,,24158,1,,,0,20,,24159,1,,,0,20,,24160,1,,,0,60,,24161,1,,,0,15,,24162,1,,,0,25,,24163,1,,,0,60,,24164,1,,,0,20,,24165,1,,,0,20,,24166,1,,,0,60,,24167,1,,,0,20,,24168,1,,,0,20,,24169,1,,,0,60,,24170,1,,,0,20,,24171,1,,,0,20,,24172,1,,,0,16,,24173,1,,,0,55,,24174,1,,,0,15,,24198,1,,,0,15,,24175,1,,,0,15,,24176,1,,,0,56,,24199,1,,,0,15,,24177,1,,,0,15,,24178,1,,,0,55,,24179,1,,,0,15,,24180,1,,,0,15,,24200,1,,,0,15,,24181,1,,,0,55,,24182,1,,,0,15,,24183,1,,,0,15,,24201,1,,,0,13,,24184,1,,,0,16,,24185,1,,,0,55,,24186,1,,,0,15,,24202,1,,,0,15,,24187,1,,,0,15,,24188,1,,,0,55,,24189,1,,,0,20,,24190,1,,,0,20,,24203,1,,,0,60,,24191,1,,,0,20,,24192,1,,,0,20,,24193,1,,,0,73,,24194,1,,,0,73,,24195,1,,,0,35,,24196,1,,,0,85,,24197,1,,,0
669301,'1',533,,24204,8,4,,0,20,,24205,8,4,,0,70,,24206,8,4,,0,26,,24207,8,4,,0,60,,24208,8,4,,0,22,,24209,8,4,,0,20,,24210,8,4,,0,62,,24211,8,4,,0,20,,24212,8,4,,0,21,,24213,8,4,,0,60,,24214,8,4,,0,20,,24215,8,4,,0,20,,24216,8,4,,0,59,,24217,8,4,,0,20,,24218,8,4,,0,20,,24219,8,4,,0,60,,24220,8,4,,0,20,,24221,8,4,,0,20,,24222,8,4,,0,60,,24223,8,4,,0,20,,24224,8,4,,0,15,,24225,8,4,,0,60,,24226,8,4,,0,20,,24227,8,4,,0,21,,24228,8,4,,0,59,,24229,8,4,,0,20,,24230,8,4,,0,21,,24249,8,4,,0,61,,24231,8,4,,0,20,,24232,8,4,,0,19,,24250,8,4,,0,61,,24233,8,4,,0,22,,24234,8,4,,0,20,,24235,8,4,,0,62,,24236,8,4,,0,20,,24251,8,4,,0,17,,24237,8,4,,0,60,,24238,8,4,,0,20,,24239,8,4,,0,20,,24240,8,4,,0,60,,24241,8,4,,0,21,,24242,8,4,,0,71,,24243,8,4,,0,30,,24244,8,4,,0,68,,24245,8,4,,0,40,,24246,8,4,,0,98,,24247,8,4,,0,100,,24248,8,4,,0
669301,'162503',1507,,24252,8,4,,0,141,,24253,8,4,,0,200,,24254,8,4,,0
669301,'162601',1503,,24255,8,4,,0,145,,24256,8,4,,0,200,,24257,8,4,,0,188,,24258,8,4,,0
669301,'2',532,,24259,8,4,,0,70,,24260,8,4,,0,26,,24261,8,4,,0,78,,24262,8,4,,0,25,,24263,8,4,,0,20,,24264,8,4,,0,60,,24265,8,4,,0,20,,24266,8,4,,0,15,,24267,8,4,,0,55,,24268,8,4,,0,15,,24269,8,4,,0,15,,24270,8,4,,0,15,,24271,8,4,,0,55,,24272,8,4,,0,16,,24273,8,4,,0,15,,24274,8,4,,0,16,,24275,8,4,,0,55,,24276,8,4,,0,18,,24277,8,4,,0,15,,24278,8,4,,0,15,,24279,8,4,,0,55,,24280,8,4,,0,13,,24281,8,4,,0,11,,24282,8,4,,0,20,,24283,8,4,,0,55,,24284,8,4,,0,15,,24285,8,4,,0,15,,24286,8,4,,0,16,,24287,8,4,,0,55,,24288,8,4,,0,15,,24289,8,4,,0,15,,24290,8,4,,0,15,,24291,8,4,,0,55,,24292,8,4,,0,15,,24293,8,4,,0,16,,24294,8,4,,0,14,,24295,8,4,,0,56,,24296,8,4,,0,16,,24297,8,4,,0,15,,24298,8,4,,0,15,,24299,8,4,,0,54,,24300,8,4,,0,15,,24301,8,4,,0,14,,24302,8,4,,0,14,,24303,8,4,,0,55,,24304,8,4,,0,14,,24305,8,4,,0,15,,24306,8,4,,0,14,,24307,8,4,,0,55,,24308,8,4,,0,19,,24309,8,4,,0,19,,24310,8,4,,0,60,,24311,8,4,,0,20,,24312,8,4,,0,20,,24313,8,4,,0,65,,24314,8,4,,0,31,,24315,8,4,,0,102,,24316,8,4,,0
669301,'3',544,,24317,8,4,,0,86,,24318,8,4,,0,80,,24319,8,4,,0,25,,24320,8,4,,0,70,,24321,8,4,,0,25,,24322,8,4,,0,20,,24323,8,4,,0,60,,24324,8,4,,0,20,,24325,8,4,,0,21,,24326,8,4,,0,60,,24327,8,4,,0,20,,24328,8,4,,0,21,,24329,8,4,,0,62,,24330,8,4,,0,20,,24331,8,4,,0,21,,24332,8,4,,0,61,,24333,8,4,,0,20,,24363,8,4,,0,15,,24334,8,4,,0,64,,24335,8,4,,0,20,,24336,8,4,,0,17,,24337,8,4,,0,55,,24338,8,4,,0,16,,24364,8,4,,0,15,,24339,8,4,,0,15,,24340,8,4,,0,55,,24341,8,4,,0,15,,24365,8,4,,0,15,,24342,8,4,,0,15,,24343,8,4,,0,55,,24344,8,4,,0,15,,24366,8,4,,0,15,,24345,8,4,,0,17,,24346,8,4,,0,55,,24347,8,4,,0,14,,24348,8,4,,0,14,,24349,8,4,,0,16,,24350,8,4,,0,54,,24351,8,4,,0,15,,24352,8,4,,0,14,,24353,8,4,,0,16,,24354,8,4,,0,56,,24367,8,4,,0,14,,24355,8,4,,0,18,,24356,8,4,,0,60,,24368,8,4,,0,19,,24357,8,4,,0,19,,24358,8,4,,0,71,,24359,8,4,,0,30,,24360,8,4,,0,70,,24361,8,4,,0,31,,24362,8,4,,0
