'101merged15072437',3003701,152200,,'',0
'1merged15072430',3003701,51900,,'',0,3000,,'',0,6800,,'',0,2400,,'',0,500,,'',0,6300,,'',0,800,,'',0,2300,,'',0,400,,'',0,5600,,'',0,1700,,'',0,3400,,'',0,7000,,'',0,3000,,'',0,6800,,'',0,3000,,'',0,6900,,'',0,2900,,'',0,7300,,'',0,3000,,'',0,7000,,'',0,3100,,'',0,7000,,'',0,3200,,'',0,6700,,'',0,3200,,'',0,7000,,'',0,3000,,'',0,500,,'',0,6500,,'',0,500,,'',0,2500,,'',0,400,,'',0,5600,,'',0,1900,,'',0,300,,'',0,6900,,'',0,1800,,'',0,600,,'',0,7500,,'',0,5600,,'',0,10100,,'',0,10000,,'',0,14300,,'',0,5500,,'',0
'2merged15072432',3003701,64600,,'',0,7000,,'',0,3000,,'',0,7000,,'',0,3100,,'',0,7100,,'',0,3000,,'',0,7100,,'',0,3000,,'',0,7200,,'',0,3000,,'',0,7000,,'',0,3000,,'',0,7000,,'',0,3000,,'',0,7000,,'',0,3000,,'',0,7000,,'',0,3000,,'',0,7000,,'',0,3000,,'',0,7000,,'',0,2900,,'',0,7000,,'',0,3000,,'',0,10500,,'',0,10000,,'',0,9800,,'',0,9800,,'',0,10000,,'',0,9900,,'',0
'3merged15072431',3003701,65100,,'',0,10000,,'',0,10100,,'',0,10300,,'',0,10000,,'',0,7000,,'',0,3200,,'',0,7000,,'',0,3100,,'',0,7000,,'',0,3000,,'',0,7000,,'',0,2900,,'',0,7000,,'',0,3000,,'',0,6900,,'',0,3000,,'',0,7000,,'',0,2000,,'',0,6000,,'',0,2000,,'',0,3000,,'',0,9800,,'',0,10000,,'',0,9800,,'',0,10000,,'',0,9700,,'',0
'6',3003701,64600,,'',0,7000,,'',0,3000,,'',0,7000,,'',0,3100,,'',0,7100,,'',0,3000,,'',0,7100,,'',0,3000,,'',0,7200,,'',0,3000,,'',0,7000,,'',0,3000,,'',0,7000,,'',0,3000,,'',0,7000,,'',0,3000,,'',0,7000,,'',0,3000,,'',0,7000,,'',0,3000,,'',0,7000,,'',0,2900,,'',0,7000,,'',0,3000,,'',0,10500,,'',0,10000,,'',0,9800,,'',0,9800,,'',0,10000,,'',0,9900,,'',0
'101merged15072437',3003800,152200,4,'',0
'1merged15072430',3003800,51900,4,'',0,3000,4,'',0,6800,4,'',0,2400,4,'',0,500,4,'',0,6300,4,'',0,800,4,'',0,2300,4,'',0,400,4,'',0,5600,4,'',0,1700,4,'',0,3400,4,'',0,7000,4,'',0,3000,4,'',0,6800,4,'',0,3000,4,'',0,6900,4,'',0,2900,4,'',0,7300,4,'',0,3000,4,'',0,7000,4,'',0,3100,4,'',0,7000,4,'',0,3200,4,'',0,6700,4,'',0,3200,4,'',0,7000,4,'',0,3000,4,'',0,500,4,'',0,6500,4,'',0,500,4,'',0,2500,4,'',0,400,4,'',0,5600,4,'',0,1900,4,'',0,300,4,'',0,6900,4,'',0,1800,4,'',0,600,4,'',0,7500,4,'',0,5600,4,'',0,10100,4,'',0,10000,4,'',0,14300,4,'',0,5500,4,'',0
'2merged15072432',3003800,64600,4,'',0,7000,4,'',0,3000,4,'',0,7000,4,'',0,3100,4,'',0,7100,4,'',0,3000,4,'',0,7100,4,'',0,3000,4,'',0,7200,4,'',0,3000,4,'',0,7000,4,'',0,3000,4,'',0,7000,4,'',0,3000,4,'',0,7000,4,'',0,3000,4,'',0,7000,4,'',0,3000,4,'',0,7000,4,'',0,3000,4,'',0,7000,4,'',0,2900,4,'',0,7000,4,'',0,3000,4,'',0,10500,4,'',0,10000,4,'',0,9800,4,'',0,9800,4,'',0,10000,4,'',0,9900,4,'',0
'3merged15072431',3003800,65100,4,'',0,10000,4,'',0,10100,4,'',0,10300,4,'',0,10000,4,'',0,7000,4,'',0,3200,4,'',0,7000,4,'',0,3100,4,'',0,7000,4,'',0,3000,4,'',0,7000,4,'',0,2900,4,'',0,7000,4,'',0,3000,4,'',0,6900,4,'',0,3000,4,'',0,7000,4,'',0,2000,4,'',0,6000,4,'',0,2000,4,'',0,3000,4,'',0,9800,4,'',0,10000,4,'',0,9800,4,'',0,10000,4,'',0,9700,4,'',0
'6',3003800,64600,4,'',0,7000,4,'',0,3000,4,'',0,7000,4,'',0,3100,4,'',0,7100,4,'',0,3000,4,'',0,7100,4,'',0,3000,4,'',0,7200,4,'',0,3000,4,'',0,7000,4,'',0,3000,4,'',0,7000,4,'',0,3000,4,'',0,7000,4,'',0,3000,4,'',0,7000,4,'',0,3000,4,'',0,7000,4,'',0,3000,4,'',0,7000,4,'',0,2900,4,'',0,7000,4,'',0,3000,4,'',0,10500,4,'',0,10000,4,'',0,9800,4,'',0,9800,4,'',0,10000,4,'',0,9900,4,'',0
