3454300,'101_merged_15529685',1604,,109694,26,4,,0
3454300,'1_merged_15529678',507,,109758,26,4,,0,22,,109759,26,4,,0,15,,109769,26,4,,0,15,,109695,26,4,,0,55,,109696,26,4,,0,13,,109697,26,4,,0,16,,109768,26,4,,0,12,,109698,26,4,,0,52,,109699,26,4,,0,13,,109700,26,4,,0,12,,109767,26,4,,0,14,,109701,26,4,,0,11,,109702,26,4,,0,50,,109703,26,4,,0,10,,109704,26,4,,0,12,,109766,26,4,,0,12,,109705,26,4,,0,9,,109771,26,4,,0,52,,109706,26,4,,0,11,,109707,26,4,,0,15,,109708,26,4,,0,15,,109765,26,4,,0,16,,109709,26,4,,0,55,,109710,26,4,,0,15,,109711,26,4,,0,15,,109764,26,4,,0,56,,109712,26,4,,0,15,,109713,26,4,,0,15,,109714,26,4,,0,15,,109763,26,4,,0,56,,109715,26,4,,0,15,,109716,26,4,,0,15,,109717,26,4,,0,15,,109762,26,4,,0,54,,109718,26,4,,0,16,,109719,26,4,,0,17,,109720,26,4,,0,15,,109761,26,4,,0,55,,109755,26,4,,0,15,,109756,26,4,,0,18,,109757,26,4,,0,15,,109770,26,4,,0,55,,109721,26,4,,0,16,,109722,26,4,,0,21,,109723,26,4,,0,9,,109724,26,4,,0,64,,109725,26,4,,0,12,,109726,26,4,,0,11,,109727,26,4,,0,11,,109728,26,4,,0,51,,109729,26,4,,0,9,,109730,26,4,,0,12,,109731,26,4,,0,12,,109732,26,4,,0,12,,109733,26,4,,0,11,,109734,26,4,,0,50,,109735,26,4,,0,12,,109736,26,4,,0,10,,109737,26,4,,0,12,,109738,26,4,,0,666,,109754,26,4,,0,96,,109760,26,4,,0
3454300,'2001_merged_15529688',1441,,109772,14,4,,0
3454300,'2_merged_15529680',542,,109800,26,,,0,67,,109799,26,,,0,30,,109798,26,,,0,66,,109797,26,,,0,33,,109796,26,,,0,71,,109795,26,,,0,31,,109794,26,,,0,71,,109793,26,,,0,22,,109773,26,,,0,20,,109792,26,,,0,60,,109791,26,,,0,20,,109790,26,,,0,21,,109789,26,,,0,60,,109788,26,,,0,22,,109787,26,,,0,22,,109786,26,,,0,60,,109785,26,,,0,20,,109784,26,,,0,19,,109783,26,,,0,60,,109782,26,,,0,20,,109781,26,,,0,20,,109780,26,,,0,60,,109779,26,,,0,20,,109778,26,,,0,20,,109777,26,,,0,60,,109776,26,,,0,20,,109775,26,,,0,20,,109774,26,,,0,60,,109821,26,,,0,20,,109820,26,,,0,21,,109819,26,,,0,60,,109818,26,,,0,18,,109817,26,,,0,20,,109816,26,,,0,60,,109815,26,,,0,20,,109814,26,,,0,18,,109813,26,,,0,657,,109802,26,4,,0,97,,109801,26,4,,0
3454300,'3_merged_15529679',542,,109864,26,,,0,75,,109865,26,,,0,30,,109822,26,,,0,71,,109823,26,,,0,30,,109824,26,,,0,70,,109825,26,,,0,30,,109849,26,,,0,70,,109850,26,,,0,28,,109851,26,,,0,67,,109852,26,,,0,25,,109857,26,,,0,62,,109853,26,,,0,20,,109854,26,,,0,20,,109858,26,,,0,60,,109855,26,,,0,20,,109856,26,,,0,20,,109859,26,,,0,60,,109826,26,,,0,20,,109827,26,,,0,20,,109860,26,,,0,60,,109828,26,,,0,20,,109829,26,,,0,20,,109861,26,,,0,60,,109830,26,,,0,20,,109831,26,,,0,20,,109862,26,,,0,61,,109832,26,,,0,20,,109833,26,,,0,20,,109863,26,,,0,60,,109834,26,,,0,26,,109835,26,,,0,26,,109836,26,,,0,69,,109837,26,,,0,685,,109847,26,4,,0,100,,109848,26,4,,0
3454300,'62101_merged_15529676',1523,,109866,14,4,,0
3454301,'101_merged_15529685',1455,,109867,1,,,0,47,,109868,1,,,0
3454301,'1901_merged_15529675',1451,,109869,1,,,0
3454301,'1_merged_15529678',441,,109935,1,,,0,18,,109936,1,,,0,56,,109870,1,,,0,13,,109871,1,,,0,15,,109872,1,,,0,14,,109945,1,,,0,55,,109873,1,,,0,12,,109874,1,,,0,12,,109875,1,,,0,12,,109944,1,,,0,10,,109876,1,,,0,49,,109877,1,,,0,9,,109878,1,,,0,10,,109879,1,,,0,10,,109943,1,,,0,10,,109880,1,,,0,10,,109946,1,,,0,50,,109881,1,,,0,12,,109882,1,,,0,12,,109883,1,,,0,12,,109942,1,,,0,13,,109884,1,,,0,52,,109885,1,,,0,14,,109886,1,,,0,15,,109887,1,,,0,15,,109941,1,,,0,55,,109888,1,,,0,15,,109889,1,,,0,15,,109890,1,,,0,15,,109940,1,,,0,54,,109891,1,,,0,15,,109892,1,,,0,15,,109893,1,,,0,15,,109939,1,,,0,56,,109894,1,,,0,15,,109895,1,,,0,15,,109896,1,,,0,15,,109938,1,,,0,55,,109932,1,,,0,15,,109933,1,,,0,17,,109934,1,,,0,15,,109937,1,,,0,55,,109897,1,,,0,16,,109898,1,,,0,18,,109899,1,,,0,70,,109900,1,,,0,15,,109901,1,,,0,22,,109902,1,,,0,8,,109903,1,,,0,52,,109904,1,,,0,12,,109905,1,,,0,12,,109906,1,,,0,11,,109907,1,,,0,11,,109908,1,,,0,52,,109909,1,,,0,12,,109910,1,,,0,12,,109911,1,,,0,14,,109912,1,,,0,12,,109913,1,,,0,55,,109914,1,,,0,12,,109915,1,,,0,14,,109916,1,,,0,13,,109917,1,,,0
3454301,'2001_merged_15529688',1451,,109947,1,,,0
3454301,'2_merged_15529680',2524,,109950,1,,,0
3454301,'3_merged_15529679',2523,,110034,1,,,0
3454301,'62101_merged_15529676',1538,,110039,1,,,0
3454301,'62201_merged_15529674',1538,,110040,1,,,0
