670900,'1',631,,27929,4,,0,15,,27914,4,,0,56,,27937,4,,0,15,,27935,4,,0,17,,27930,4,,0,22,,27923,4,,0,60,,27931,4,,0,31,,27936,4,,0,70,,27932,4,,0,100,,27933,4,,0,100,,27934,4,,0,101,,27915,4,,0,101,,27916,4,,0,102,,27922,4,,0,101,,27925,4,,0,27,,27928,4,,0,66,,27920,4,,0,31,,27919,4,,0,70,,27926,4,,0,29,,27938,4,,0,68,,27921,4,,0,28,,27927,4,,0,69,,27924,4,,0,100,,27917,4,,0,107,,27918,4,,0
670900,'2',833,,27943,4,,0,99,,27940,4,,0,101,,27947,4,,0,100,,27948,4,,0,102,,27951,4,,0,101,,27949,4,,0,101,,27942,4,,0,100,,27941,4,,0,102,,27946,4,,0,99,,27945,4,,0,100,,27944,4,,0,99,,27939,4,,0,102,,27950,4,,0
670900,'3',1107,,27962,4,,0,101,,27961,4,,0,101,,27957,4,,0,101,,27955,4,,0,100,,27958,4,,0,100,,27956,4,,0,100,,27960,4,,0,99,,27959,4,,0,100,,27954,4,,0,100,,27953,4,,0,99,,27952,4,,0
671201,'1',447,,28372,,,0,60,,28373,,,0,19,,28403,,,0,10,,28383,,,0,10,,28404,,,0,9,,28400,,,0,50,,28391,,,0,9,,28401,,,0,9,,28379,,,0,6,,28392,,,0,10,,28421,,,0,7,,28402,,,0,8,,28423,,,0,47,,28347,,,0,6,,28411,,,0,7,,28348,,,0,6,,28330,,,0,6,,28349,,,0,6,,28424,,,0,8,,28393,,,0,7,,28350,,,0,7,,28422,,,0,46,,28425,,,0,7,,28427,,,0,6,,28351,,,0,7,,28346,,,0,9,,28426,,,0,24,,28352,,,0,50,,28390,,,0,15,,28325,,,0,14,,28384,,,0,13,,28334,,,0,55,,28375,,,0,15,,28335,,,0,15,,28394,,,0,15,,28336,,,0,55,,28341,,,0,15,,28337,,,0,15,,28326,,,0,15,,28338,,,0,55,,28376,,,0,15,,28339,,,0,15,,28327,,,0,15,,28340,,,0,55,,28377,,,0,15,,28342,,,0,15,,28328,,,0,16,,28343,,,0,55,,28378,,,0,17,,28344,,,0,15,,28329,,,0,16,,28345,,,0,55,,28380,,,0,10,,28420,,,0,11,,28381,,,0,10,,28412,,,0,10,,28358,,,0,10,,28413,,,0,49,,28359,,,0,9,,28371,,,0,9,,28396,,,0,9,,28398,,,0,7,,28360,,,0,8,,28333,,,0,9,,28361,,,0,54,,28366,,,0,8,,28399,,,0,7,,28367,,,0,8,,28331,,,0,7,,28368,,,0,7,,28363,,,0,7,,28362,,,0,51,,28382,,,0,8,,28369,,,0,10,,28365,,,0,10,,28364,,,0,9,,28374,,,0,10,,28370,,,0,50,,28332,,,0,8,,28414,,,0,10,,28397,,,0,10,,28385,,,0,11,,28395,,,0,12,,28386,,,0,52,,28415,,,0,12,,28387,,,0,15,,28405,,,0,14,,28388,,,0,55,,28406,,,0,15,,28416,,,0,15,,28407,,,0,12,,28389,,,0,15,,28408,,,0,55,,28417,,,0,15,,28409,,,0,13,,28353,,,0,15,,28354,,,0,55,,28418,,,0,15,,28410,,,0,18,,28355,,,0,60,,28356,,,0,20,,28419,,,0,19,,28357,,,0
671201,'101',841,,28428,,,0,618,,28430,,,0,52,,28431,,,0,118,,28432,,,0,73,,28429,,,0
671201,'2',631,,28441,,,0,20,,28504,,,0,60,,28440,,,0,21,,28501,,,0,17,,28439,,,0,55,,28505,,,0,15,,28452,,,0,16,,28481,,,0,15,,28482,,,0,55,,28483,,,0,15,,28484,,,0,17,,28485,,,0,15,,28486,,,0,55,,28487,,,0,15,,28488,,,0,15,,28489,,,0,15,,28490,,,0,56,,28491,,,0,15,,28492,,,0,16,,28493,,,0,15,,28494,,,0,55,,28495,,,0,15,,28496,,,0,15,,28497,,,0,15,,28498,,,0,55,,28499,,,0,15,,28500,,,0,16,,28451,,,0,15,,28455,,,0,55,,28478,,,0,15,,28465,,,0,16,,28433,,,0,15,,28450,,,0,55,,28479,,,0,15,,28466,,,0,15,,28449,,,0,15,,28448,,,0,55,,28480,,,0,15,,28467,,,0,15,,28447,,,0,12,,28446,,,0,52,,28445,,,0,12,,28444,,,0,12,,28502,,,0,8,,28468,,,0,10,,28443,,,0,10,,28476,,,0,49,,28503,,,0,10,,28442,,,0,10,,28438,,,0,10,,28469,,,0,10,,28437,,,0,12,,28477,,,0,50,,28453,,,0,12,,28454,,,0,14,,28470,,,0,15,,28464,,,0,55,,28456,,,0,15,,28436,,,0,14,,28471,,,0,14,,28457,,,0,54,,28472,,,0,19,,28458,,,0,19,,28459,,,0,20,,28473,,,0,60,,28460,,,0,19,,28461,,,0,21,,28474,,,0,61,,28462,,,0,19,,28463,,,0,20,,28475,,,0,65,,28435,,,0,30,,28434,,,0
671201,'201',841,,28507,,,0,861,,28506,,,0
671201,'3',801,,28512,,,0,21,,28511,,,0,15,,28513,,,0,15,,28514,,,0,55,,28515,,,0,15,,28516,,,0,15,,28517,,,0,15,,28518,,,0,56,,28519,,,0,15,,28520,,,0,14,,28521,,,0,14,,28522,,,0,55,,28523,,,0,15,,28524,,,0,16,,28525,,,0,15,,28526,,,0,55,,28527,,,0,15,,28528,,,0,16,,28529,,,0,15,,28530,,,0,55,,28531,,,0,15,,28532,,,0,17,,28533,,,0,15,,28534,,,0,55,,28535,,,0,15,,28536,,,0,15,,28537,,,0,15,,28538,,,0,55,,28539,,,0,15,,28540,,,0,16,,28541,,,0,15,,28542,,,0,55,,28543,,,0,15,,28544,,,0,15,,28545,,,0,12,,28574,,,0,51,,28546,,,0,10,,28547,,,0,10,,28548,,,0,11,,28508,,,0,12,,28549,,,0,12,,28550,,,0,52,,28551,,,0,12,,28552,,,0,12,,28553,,,0,13,,28554,,,0,53,,28555,,,0,11,,28556,,,0,12,,28557,,,0,12,,28558,,,0,15,,28510,,,0,54,,28559,,,0,15,,28560,,,0,15,,28561,,,0,15,,28562,,,0,54,,28563,,,0,15,,28564,,,0,14,,28565,,,0,15,,28566,,,0,55,,28567,,,0,15,,28568,,,0,14,,28569,,,0,15,,28570,,,0,55,,28571,,,0,15,,28572,,,0,18,,28509,,,0,73,,28573,,,0
732100,'1',641,,38910,4,,0,70,,38890,4,,0,34,,38891,4,,0,71,,38889,4,,0,30,,38892,4,,0,71,,38906,4,,0,32,,38893,4,,0,72,,38888,4,,0,31,,38894,4,,0,71,,38907,4,,0,33,,38895,4,,0,70,,38884,4,,0,31,,38896,4,,0,72,,38908,4,,0,30,,38897,4,,0,71,,38885,4,,0,72,,38898,4,,0,31,,38909,4,,0,73,,38899,4,,0,31,,38886,4,,0,70,,38900,4,,0,29,,38882,4,,0,71,,38901,4,,0,23,,38887,4,,0,70,,38902,4,,0,31,,38883,4,,0,70,,38903,4,,0,30,,38911,4,,0,69,,38904,4,,0,30,,38912,4,,0,70,,38905,4,,0,57,,38913,4,,0,97,,38914,4,,0,100,,38915,4,,0
732100,'2',713,,38922,4,,0,21,,38937,4,,0,69,,38936,4,,0,30,,38935,4,,0,71,,38921,4,,0,20,,38916,4,,0,22,,38953,4,,0,61,,38920,4,,0,31,,38934,4,,0,71,,38919,4,,0,31,,38933,4,,0,71,,38918,4,,0,22,,38932,4,,0,20,,38951,4,,0,61,,38917,4,,0,21,,38931,4,,0,20,,38945,4,,0,60,,38943,4,,0,20,,38930,4,,0,20,,38946,4,,0,60,,38942,4,,0,21,,38929,4,,0,20,,38947,4,,0,59,,38941,4,,0,20,,38928,4,,0,20,,38948,4,,0,60,,38940,4,,0,20,,38927,4,,0,20,,38949,4,,0,60,,38939,4,,0,19,,38926,4,,0,20,,38950,4,,0,57,,38938,4,,0,16,,38925,4,,0,20,,38952,4,,0,70,,38954,4,,0,29,,38924,4,,0,70,,38955,4,,0,33,,38923,4,,0,98,,38944,4,,0,105,,38956,4,,0,100,,38957,4,,0
732100,'3',740,,38967,4,,0,69,,38966,4,,0,30,,38965,4,,0,71,,38964,4,,0,30,,38963,4,,0,72,,38975,4,,0,30,,38962,4,,0,72,,38974,4,,0,30,,38961,4,,0,74,,38973,4,,0,32,,38960,4,,0,60,,38972,4,,0,20,,38959,4,,0,20,,38986,4,,0,60,,38971,4,,0,21,,38985,4,,0,20,,38987,4,,0,59,,38970,4,,0,20,,38984,4,,0,20,,38988,4,,0,59,,38969,4,,0,20,,38983,4,,0,20,,38989,4,,0,59,,38968,4,,0,20,,38982,4,,0,21,,38990,4,,0,60,,38978,4,,0,19,,38981,4,,0,20,,38991,4,,0,62,,38976,4,,0,30,,38980,4,,0,70,,38958,4,,0,30,,38979,4,,0,74,,38992,4,,0,30,,38977,4,,0,103,,38993,4,,0,103,,38994,4,,0,105,,38995,4,,0
4885501,'1',745,,56711,4,,0,69,,56712,4,,0,30,,56713,4,,0,70,,56714,4,,0,30,,56715,4,,0,66,,56716,4,,0,30,,56717,4,,0,70,,56718,4,,0,30,,56719,4,,0,70,,56720,4,,0,30,,56721,4,,0,70,,56722,4,,0,30,,56723,4,,0,70,,56724,4,,0,31,,56725,4,,0,72,,56726,4,,0,35,,56727,4,,0,70,,56728,4,,0,30,,56729,4,,0,70,,56730,4,,0,30,,56731,4,,0,70,,56732,4,,0,30,,56733,4,,0,70,,56734,4,,0,25,,56735,4,,0,70,,56736,4,,0,30,,56737,4,,0,70,,56738,4,,0,30,,56739,4,,0
4885501,'2',835,,56740,4,,0,71,,56741,4,,0,28,,56742,4,,0,72,,56743,4,,0,27,,56744,4,,0,73,,56745,4,,0,27,,56746,4,,0,73,,56747,4,,0,29,,56748,4,,0,71,,56749,4,,0,30,,56750,4,,0,71,,56751,4,,0,31,,56752,4,,0,70,,56753,4,,0,33,,56754,4,,0,67,,56755,4,,0,29,,56756,4,,0,70,,56757,4,,0,30,,56758,4,,0,67,,56759,4,,0,34,,56760,4,,0,66,,56761,4,,0,29,,56762,4,,0,70,,56763,4,,0,30,,56764,4,,0
4885501,'3',841,,56765,4,,0,70,,56766,4,,0,30,,56767,4,,0,70,,56768,4,,0,35,,56769,4,,0,70,,56770,4,,0,30,,56771,4,,0,70,,56772,4,,0,30,,56773,4,,0,70,,56774,4,,0,30,,56775,4,,0,70,,56776,4,,0,30,,56777,4,,0,70,,56778,4,,0,30,,56779,4,,0,70,,56780,4,,0,30,,56781,4,,0,70,,56782,4,,0,30,,56783,4,,0,70,,56784,4,,0,30,,56785,4,,0,70,,56786,4,,0,27,,56787,4,,0
