673700,'1',515,,148968,24,,,0,34,,148926,24,,,0,61,,148965,24,,,0,20,,148977,24,,,0,20,,148978,24,,,0,59,,148979,24,,,0,12,,148966,24,,,0,11,,148967,24,,,0,12,,148975,24,,,0,11,,148976,24,,,0,75,,148944,24,,,0,25,,148927,24,,,0,60,,148951,24,,,0,20,,148952,24,,,0,70,,148953,24,,,0,30,,148954,24,,,0,69,,148955,24,,,0,28,,148956,24,,,0,68,,148957,24,,,0,30,,148958,24,,,0,70,,148959,24,,,0,27,,148960,24,,,0,20,,148961,24,,,0,60,,148962,24,,,0,18,,148963,24,,,0,15,,148964,24,,,0,9,,148928,24,,,0,7,,148980,24,,,0,49,,148946,24,,,0,9,,148947,24,,,0,15,,148948,24,,,0,18,,148949,24,,,0,10,,148950,24,,,0,50,,148941,24,,,0,11,,148942,24,,,0,10,,148943,24,,,0,27,,148929,24,,,0,55,,148945,24,,,0,18,,148930,24,,,0,15,,148969,24,,,0,59,,148970,24,,,0,16,,148971,24,,,0,16,,148972,24,,,0,15,,148973,24,,,0,55,,148931,24,,,0,28,,148932,24,,,0,70,,148933,24,,,0,31,,148934,24,,,0,70,,148974,24,,,0,31,,148935,24,,,0,69,,148936,24,,,0,31,,148937,24,,,0,68,,148938,24,,,0,41,,148939,24,,,0,95,,148940,24,,,0
673700,'101',809,,148923,24,,,0,736,,148925,24,,,0,96,,148924,24,,,0
673700,'2',619,,148984,24,,,0,28,,148985,24,,,0,64,,148986,24,,,0,24,,148987,24,,,0,24,,148988,24,,,0,61,,148989,24,,,0,20,,148990,24,,,0,60,,148991,24,,,0,20,,148992,24,,,0,20,,148993,24,,,0,60,,148994,24,,,0,20,,148995,24,,,0,20,,148996,24,,,0,19,,148997,24,,,0,60,,148998,24,,,0,20,,148999,24,,,0,20,,149000,24,,,0,62,,149001,24,,,0,20,,149002,24,,,0,60,,149003,24,,,0,20,,149004,24,,,0,19,,149005,24,,,0,60,,149006,24,,,0,20,,149007,24,,,0,20,,149008,24,,,0,60,,149009,24,,,0,20,,149010,24,,,0,20,,149011,24,,,0,19,,149012,24,,,0,60,,149013,24,,,0,21,,149014,24,,,0,15,,149015,24,,,0,53,,149032,24,,,0,14,,149016,24,,,0,17,,149017,24,,,0,14,,149018,24,,,0,55,,149033,24,,,0,16,,149019,24,,,0,15,,149020,24,,,0,20,,149021,24,,,0,62,,149022,24,,,0,19,,149023,24,,,0,19,,149024,24,,,0,59,,149025,24,,,0,30,,149026,24,,,0,70,,149027,24,,,0,32,,149028,24,,,0,70,,149029,24,,,0,30,,149034,24,,,0,76,,149030,24,,,0,112,,149031,24,,,0
673700,'201',809,,148981,24,,,0,736,,148983,24,,,0,96,,148982,24,,,0
673700,'3',604,,149040,24,,,0,34,,149039,24,,,0,73,,149038,24,,,0,33,,149037,24,,,0,72,,149061,24,,,0,32,,149041,24,,,0,71,,149035,24,,,0,30,,149042,24,,,0,71,,149059,24,,,0,30,,149045,24,,,0,68,,149052,24,,,0,28,,149051,24,,,0,69,,149043,24,,,0,29,,149050,24,,,0,69,,149054,24,,,0,30,,149049,24,,,0,61,,149060,24,,,0,20,,149075,24,,,0,20,,149048,24,,,0,70,,149058,24,,,0,30,,149047,24,,,0,70,,149057,24,,,0,30,,149046,24,,,0,60,,149056,24,,,0,19,,149067,24,,,0,20,,149044,24,,,0,59,,149068,24,,,0,18,,149055,24,,,0,21,,149069,24,,,0,61,,149072,24,,,0,20,,149063,24,,,0,21,,149070,24,,,0,61,,149073,24,,,0,21,,149062,24,,,0,20,,149071,24,,,0,60,,149074,24,,,0,20,,149064,24,,,0,19,,149065,24,,,0,70,,149053,24,,,0,31,,149066,24,,,0,75,,149036,24,,,0
1169301,'1',534,,157655,3,,,0,23,,157654,3,,,0,72,,157653,3,,,0,28,,157652,3,,,0,68,,157651,3,,,0,29,,157650,3,,,0,69,,157665,3,,,0,31,,157649,3,,,0,71,,157663,3,,,0,32,,157666,3,,,0,70,,157667,3,,,0,30,,157668,3,,,0,70,,157669,3,,,0,30,,157670,3,,,0,70,,157671,3,,,0,30,,157672,3,,,0,70,,157673,3,,,0,29,,157674,3,,,0,73,,157675,3,,,0,28,,157662,3,,,0,73,,157661,3,,,0,70,,157664,3,,,0,32,,157660,3,,,0,70,,157659,3,,,0,30,,157658,3,,,0,27,,157657,3,,,0,79,,157656,3,,,0,69,,157676,3,,,0,31,,157677,3,,,0,70,,157678,3,,,0,30,,157679,3,,,0,70,,157680,3,,,0
1294000,'1',451,,157879,19,0,62 103 8,0,72,,157880,19,,,0,30,,157881,19,,,0,71,,157882,19,,,0,31,,157883,19,,,0,74,,157884,19,,,0,73,,157885,19,,,0,33,,157886,19,0,62 103 8,0,71,,157887,19,0,62 103 8,0,30,,157888,19,0,62 103 8,0,70,,157889,19,0,62 103 8,0,30,,157890,19,0,62 103 8,0,73,,157891,19,0,62 103 8,0,30,,157892,19,0,62 103 8,0,70,,157893,19,0,62 103 8,0,30,,157894,19,0,62 103 8,0,70,,157895,19,0,62 103 8,0,30,,157896,19,0,62 103 8,0,67,,157897,19,0,62 103 8,0,27,,157898,19,0,62 103 8,0,71,,157899,19,0,62 103 8,0,32,,157913,19,0,62 103 8,0,68,,157914,19,,,0,53,,157900,19,,,0,66,,157901,19,,,0,27,,157902,19,,,0,66,,157903,19,,,0,28,,157904,19,,,0,69,,157905,19,0,62 103 8,0,30,,157906,19,0,62 103 8,0,69,,157907,19,0,62 103 8,0,29,,157908,19,0,62 103 8,0,73,,157909,19,0,62 103 8,0,34,,157910,19,0,62 103 8,0,100,,157911,19,0,62 103 8,0,100,,157912,19,0,62 103 8,0
1294000,'101',1631,,157878,19,,,0
1294000,'2',620,,157945,19,0,62 103 8,0,30,,157933,19,0,62 103 8,0,70,,157934,19,0,62 103 8,0,30,,157935,19,0,62 103 8,0,73,,157936,19,0,62 103 8,0,32,,157937,19,0,62 103 8,0,71,,157938,19,0,62 103 8,0,31,,157939,19,0,62 103 8,0,71,,157940,19,0,62 103 8,0,30,,157941,19,0,62 103 8,0,70,,157942,19,0,62 103 8,0,30,,157943,19,0,62 103 8,0,70,,157944,19,0,62 103 8,0,30,,157922,19,0,62 103 8,0,70,,157923,19,0,62 103 8,0,30,,157924,19,0,62 103 8,0,71,,157925,19,0,62 103 8,0,30,,157926,19,0,62 103 8,0,70,,157927,19,0,62 103 8,0,30,,157928,19,0,62 103 8,0,69,,157929,19,0,62 103 8,0,30,,157930,19,0,62 103 8,0,70,,157920,19,0,62 103 8,0,30,,157921,19,0,62 103 8,0,70,,157931,19,0,62 103 8,0,30,,157916,19,0,62 103 8,0,70,,157917,19,0,62 103 8,0,30,,157918,19,0,62 103 8,0,68,,157919,19,0,62 103 8,0,30,,157932,19,0,62 103 8,0,97,,157946,19,0,62 103 8,0,100,,157947,19,0,62 103 8,0,147,,157948,19,0,62 103 8,0
1294000,'201',1631,,157915,19,,,0
1294000,'3',627,,157952,19,0,62 103 8,0,74,,157953,19,0,62 103 8,0,31,,157978,19,0,62 103 8,0,71,,157954,19,0,62 103 8,0,31,,157955,19,0,62 103 8,0,70,,157956,19,0,62 103 8,0,30,,157957,19,0,62 103 8,0,71,,157958,19,0,62 103 8,0,30,,157959,19,0,62 103 8,0,70,,157949,19,0,62 103 8,0,31,,157960,19,0,62 103 8,0,70,,157961,19,0,62 103 8,0,30,,157962,19,0,62 103 8,0,70,,157963,19,0,62 103 8,0,30,,157964,19,0,62 103 8,0,70,,157965,19,0,62 103 8,0,30,,157950,19,0,62 103 8,0,70,,157966,19,0,62 103 8,0,30,,157967,19,0,62 103 8,0,69,,157968,19,0,62 103 8,0,30,,157969,19,0,62 103 8,0,70,,157970,19,0,62 103 8,0,31,,157971,19,0,62 103 8,0,71,,157972,19,0,62 103 8,0,31,,157973,19,0,62 103 8,0,71,,157974,19,0,62 103 8,0,31,,157975,19,0,62 103 8,0,71,,157976,19,0,62 103 8,0,30,,157977,19,0,62 103 8,0,71,,157951,19,0,62 103 8,0,102,,157979,19,0,62 103 8,0,97,,157980,19,0,62 103 8,0,100,,157981,19,0,62 103 8,0
