672101,'1',506,,146442,4,,,0,19,,146445,4,,,0,15,,146440,4,,,0,13,,146447,4,,,0,53,,146446,4,,,0,15,,146444,4,,,0,13,,146448,4,,,0,69,,146443,4,,,0,40,,146441,4,,,0
681600,'1',714,,153295,16,,,0,100,,153294,16,,,0,100,,153293,16,,,0,100,,153292,16,,,0,100,,153291,16,,,0,100,,153290,16,,,0,100,,153289,16,,,0,100,,153288,16,,,0,100,,153286,16,,,0,100,,153285,16,,,0,100,,153284,16,,,0,100,,153283,16,,,0,100,,153282,16,,,0,100,,153281,16,,,0,100,,153287,16,,,0
681600,'2',914,,153296,16,,,0,100,,153297,16,,,0,100,,153298,16,,,0,100,,153299,16,,,0,100,,153300,16,,,0,100,,153301,16,,,0,100,,153302,16,,,0,100,,153303,16,,,0,100,,153304,16,,,0,100,,153305,16,,,0,100,,153306,16,,,0,100,,153307,16,,,0,100,,153308,16,,,0
681600,'3',914,,153311,16,,,0,100,,153310,16,,,0,100,,153309,16,,,0,100,,153318,16,,,0,100,,153317,16,,,0,100,,153316,16,,,0,100,,153315,16,,,0,100,,153314,16,,,0,100,,153313,16,,,0,100,,153312,16,,,0
1169201,'1',602,,157517,4,,,0,20,,157516,4,,,0,20,,157521,4,,,0,61,,157515,4,,,0,20,,157514,4,,,0,17,,157536,4,,,0,17,,157513,4,,,0,56,,157522,4,,,0,15,,157512,4,,,0,15,,157537,4,,,0,15,,157523,4,,,0,55,,157511,4,,,0,18,,157510,4,,,0,20,,157525,4,,,0,60,,157509,4,,,0,20,,157508,4,,,0,20,,157524,4,,,0,61,,157507,4,,,0,20,,157526,4,,,0,20,,157506,4,,,0,60,,157505,4,,,0,20,,157527,4,,,0,20,,157504,4,,,0,60,,157503,4,,,0,20,,157528,4,,,0,20,,157502,4,,,0,61,,157501,4,,,0,20,,157529,4,,,0,20,,157500,4,,,0,60,,157499,4,,,0,20,,157530,4,,,0,81,,157519,4,,,0,16,,157533,4,,,0,15,,157498,4,,,0,55,,157534,4,,,0,14,,157497,4,,,0,16,,157496,4,,,0,17,,157531,4,,,0,55,,157535,4,,,0,15,,157518,4,,,0,16,,157532,4,,,0,15,,157495,4,,,0,70,,157494,4,,,0,30,,157493,4,,,0,70,,157491,4,,,0,29,,157492,4,,,0,72,,157520,4,,,0,100,,157538,4,,,0,101,,157539,4,,,0,98,,157540,4,,,0
1169201,'101',1553,,157490,4,,,0
1169201,'2',658,,157542,4,,,0,63,,157568,4,,,0,21,,157543,4,,,0,60,,157544,4,,,0,20,,157569,4,,,0,20,,157567,4,,,0,60,,157545,4,,,0,20,,157570,4,,,0,20,,157546,4,,,0,60,,157547,4,,,0,20,,157571,4,,,0,20,,157548,4,,,0,59,,157549,4,,,0,19,,157572,4,,,0,19,,157550,4,,,0,19,,157551,4,,,0,60,,157573,4,,,0,21,,157552,4,,,0,20,,157553,4,,,0,60,,157574,4,,,0,20,,157554,4,,,0,20,,157555,4,,,0,60,,157575,4,,,0,20,,157556,4,,,0,20,,157557,4,,,0,61,,157576,4,,,0,20,,157560,4,,,0,60,,157558,4,,,0,20,,157577,4,,,0,19,,157559,4,,,0,20,,157561,4,,,0,60,,157578,4,,,0,20,,157562,4,,,0,20,,157563,4,,,0,60,,157583,4,,,0,21,,157564,4,,,0,70,,157565,4,,,0,30,,157566,4,,,0,100,,157579,4,,,0,100,,157580,4,,,0,98,,157581,4,,,0,98,,157582,4,,,0
1169201,'201',1553,,157541,4,,,0
1169201,'3',754,,157585,4,,,0,70,,157586,4,,,0,31,,157587,4,,,0,70,,157588,4,,,0,30,,157589,4,,,0,70,,157590,4,,,0,31,,157591,4,,,0,70,,157592,4,,,0,30,,157593,4,,,0,70,,157607,4,,,0,30,,157594,4,,,0,70,,157595,4,,,0,30,,157596,4,,,0,67,,157584,4,,,0,20,,157608,4,,,0,60,,157597,4,,,0,20,,157598,4,,,0,20,,157609,4,,,0,60,,157599,4,,,0,20,,157600,4,,,0,20,,157610,4,,,0,60,,157601,4,,,0,26,,157602,4,,,0,30,,157611,4,,,0,70,,157603,4,,,0,29,,157604,4,,,0,70,,157605,4,,,0,100,,157606,4,,,0,100,,157612,4,,,0,100,,157613,4,,,0,98,,157614,4,,,0
1870500,'1',628,,159558,46,,,0,14,,159562,46,,,0,16,,159569,46,,,0,55,,159542,46,,,0,16,,159543,46,,,0,15,,159563,46,,,0,58,,159577,46,,,0,16,,159573,46,,,0,15,,159544,46,,,0,15,,159545,46,,,0,60,,159564,46,,,0,21,,159546,46,,,0,20,,159547,46,,,0,60,,159530,46,,,0,24,,159531,46,,,0,70,,159532,46,,,0,31,,159533,46,,,0,72,,159534,46,,,0,31,,159561,46,,,0,70,,159535,46,,,0,30,,159536,46,,,0,71,,159538,46,,,0,23,,159537,46,,,0,20,,159565,46,,,0,60,,159571,46,,,0,21,,159539,46,,,0,20,,159566,46,,,0,60,,159540,46,,,0,20,,159541,46,,,0,20,,159567,46,,,0,58,,159548,46,,,0,16,,159549,46,,,0,18,,159570,46,,,0,56,,159572,46,,,0,20,,159568,46,,,0,20,,159550,46,,,0,17,,159551,46,,,0,60,,159552,46,,,0,19,,159553,46,,,0,69,,159554,46,,,0,29,,159555,46,,,0,69,,159556,46,,,0,30,,159557,46,,,0,96,,159574,46,,,0,98,,159575,46,,,0,100,,159576,46,,,0
1870500,'2',627,,159601,46,,,0,73,,159602,46,,,0,31,,159603,46,,,0,73,,159604,46,,,0,32,,159605,46,,,0,72,,159606,46,,,0,32,,159607,46,,,0,70,,159608,46,,,0,31,,159578,46,,,0,70,,159579,46,,,0,32,,159580,46,,,0,71,,159581,46,,,0,31,,159582,46,,,0,71,,159583,46,,,0,31,,159584,46,,,0,67,,159585,46,,,0,28,,159586,46,,,0,69,,159587,46,,,0,31,,159588,46,,,0,70,,159589,46,,,0,31,,159590,46,,,0,70,,159591,46,,,0,28,,159592,46,,,0,67,,159593,46,,,0,30,,159597,46,,,0,70,,159594,46,,,0,30,,159595,46,,,0,69,,159596,46,,,0,30,,159598,46,,,0,70,,159599,46,,,0,30,,159600,46,,,0,92,,159609,46,,,0,100,,159610,46,,,0,100,,159611,46,,,0
1870500,'3',627,,159616,46,,,0,30,,159617,46,,,0,70,,159618,46,,,0,30,,159619,46,,,0,70,,159627,46,,,0,31,,159620,46,,,0,73,,159621,46,,,0,70,,159622,46,,,0,32,,159623,46,,,0,70,,159624,46,,,0,30,,159625,46,,,0,70,,159626,46,,,0,30,,159628,46,,,0,70,,159629,46,,,0,30,,159630,46,,,0,73,,159631,46,,,0,30,,159632,46,,,0,72,,159633,46,,,0,31,,159634,46,,,0,70,,159635,46,,,0,30,,159636,46,,,0,69,,159637,46,,,0,30,,159638,46,,,0,67,,159639,46,,,0,30,,159640,46,,,0,69,,159641,46,,,0,30,,159642,46,,,0,69,,159612,46,,,0,30,,159613,46,,,0,70,,159614,46,,,0,30,,159615,46,,,0,99,,159643,46,,,0,96,,159644,46,,,0,100,,159645,46,,,0
3182001,'1',619,,166647,5,,,0,28,,166646,5,,,0,70,,166645,5,,,0,30,,166644,5,,,0,70,,166643,5,,,0,30,,166642,5,,,0,70,,166641,5,,,0,30,,166640,5,,,0,70,,166639,5,,,0,30,,166638,5,,,0,70,,166637,5,,,0,30,,166636,5,,,0,70,,166635,5,,,0,30,,166634,5,,,0,70,,166633,5,,,0,30,,166632,5,,,0,70,,166631,5,,,0,30,,166630,5,,,0,70,,166629,5,,,0,30,,166628,5,,,0,70,,166627,5,,,0,30,,166626,5,,,0,70,,166625,5,,,0,30,,166624,5,,,0,70,,166623,5,,,0,30,,166622,5,,,0,70,,166621,5,,,0,30,,166620,5,,,0,70,,166619,5,,,0,30,,166618,5,,,0,70,,166617,5,,,0,40,,166616,5,,,0
3182001,'2',717,,166648,5,,,0,30,,166649,5,,,0,70,,166650,5,,,0,30,,166651,5,,,0,70,,166652,5,,,0,30,,166653,5,,,0,70,,166654,5,,,0,30,,166655,5,,,0,70,,166656,5,,,0,30,,166657,5,,,0,70,,166658,5,,,0,30,,166659,5,,,0,70,,166660,5,,,0,30,,166661,5,,,0,70,,166662,5,,,0,30,,166663,5,,,0,70,,166664,5,,,0,30,,166665,5,,,0,70,,166666,5,,,0,30,,166667,5,,,0,70,,166668,5,,,0,30,,166669,5,,,0,70,,166670,5,,,0,30,,166671,5,,,0,70,,166672,5,,,0,30,,166673,5,,,0,70,,166674,5,,,0,30,,166675,5,,,0
3182001,'3',817,,166676,5,,,0,30,,166677,5,,,0,70,,166678,5,,,0,30,,166679,5,,,0,70,,166680,5,,,0,30,,166681,5,,,0,70,,166682,5,,,0,30,,166683,5,,,0,70,,166684,5,,,0,30,,166685,5,,,0,70,,166686,5,,,0,30,,166687,5,,,0,70,,166688,5,,,0,30,,166689,5,,,0,70,,166690,5,,,0,30,,166691,5,,,0,70,,166692,5,,,0,30,,166693,5,,,0,70,,166694,5,,,0,30,,166695,5,,,0,70,,166696,5,,,0,30,,166697,5,,,0,70,,166698,5,,,0,30,,166699,5,,,0,70,,166700,5,,,0,30,,166701,5,,,0
