667201,'1',544,,78363,24,,,0,72,,78354,24,,,0,17,,78362,24,,,0,15,,78349,24,,,0,55,,78359,24,,,0,9,,78386,24,,,0,9,,78382,24,,,0,10,,78378,24,,,0,13,,78375,24,,,0,12,,78380,24,,,0,53,,78381,24,,,0,14,,78377,24,,,0,15,,78347,24,,,0,17,,78345,24,,,0,51,,78374,24,,,0,11,,78344,24,,,0,14,,78372,24,,,0,20,,78351,24,,,0,65,,78346,24,,,0,30,,78348,24,,,0,70,,78368,24,,,0,29,,78376,24,,,0,69,,78371,24,,,0,29,,78358,24,,,0,66,,78357,24,,,0,38,,78356,24,,,0,69,,78350,24,,,0,28,,78355,24,,,0,74,,78352,24,,,0,28,,78385,24,,,0,10,,78384,24,,,0,69,,78383,24,,,0,15,,78364,24,,,0,61,,78370,24,,,0,12,,78369,24,,,0,20,,78373,24,,,0,18,,78361,24,,,0,54,,78367,24,,,0,16,,78366,24,,,0,14,,78365,24,,,0,19,,78360,24,,,0,60,,78353,24,4,,0,11,,78379,24,,,0
667201,'101',1531,,78343,14,4,,0,73,,78342,24,,,0
667201,'2',617,,78392,1,,,0,30,,78397,24,,,0,70,,78396,24,,,0,30,,78391,24,,,0,70,,78394,24,,,0,30,,78389,24,,,0,70,,78400,24,,,0,30,,78387,24,,,0,70,,78404,24,,,0,29,,78403,24,,,0,69,,78399,24,,,0,28,,78410,24,,,0,73,,78398,24,,,0,30,,78409,24,,,0,71,,78402,24,,,0,30,,78393,24,,,0,60,,78408,24,,,0,20,,78414,24,,,0,20,,78415,24,,,0,61,,78416,24,,,0,20,,78390,24,,,0,20,,78407,24,,,0,62,,78401,24,,,0,19,,78411,24,,,0,19,,78412,24,,,0,60,,78413,24,,,0,21,,78406,24,,,0,18,,78388,24,,,0,62,,78417,24,,,0,20,,78395,24,,,0,20,,78418,24,,,0,60,,78405,24,,,0,17,,78419,24,,,0
667201,'3',647,,78421,1,,,0,70,2,78445,24,,,0,30,2,78444,24,,,0,70,2,78425,24,,,0,30,2,78427,24,,,0,70,2,78438,24,,,0,30,2,78428,24,,,0,70,2,78434,24,,,0,29,2,78430,24,,,0,71,2,78437,24,,,0,28,2,78432,24,,,0,71,2,78423,24,,,0,30,2,78433,24,,,0,70,2,78441,24,,,0,30,2,78431,24,,,0,71,2,78426,24,,,0,30,2,78422,24,,,0,70,2,78440,24,,,0,30,2,78439,24,,,0,70,2,78435,24,,,0,29,2,78443,24,,,0,71,2,78436,24,,,0,30,2,78424,24,,,0,70,2,78429,24,,,0,30,2,78442,24,,,0,70,2,78420,24,,,0
667301,'1',649,,78576,29,,,0,9,,78590,29,,,0,49,,78602,29,,,0,15,,78608,29,,,0,11,,78596,29,,,0,19,,78567,29,,,0,60,,78589,29,,,0,18,,78585,29,,,0,28,,78606,29,,,0,77,,78607,29,,,0,10,,78571,29,,,0,67,,78570,29,,,0,23,,78569,29,,,0,67,,78593,29,,,0,30,,78594,29,,,0,72,,78592,29,,,0,28,,78583,29,,,0,68,41,78591,29,,,0,32,,78595,29,,,0,71,,78575,29,,,0,31,,78580,29,,,0,24,,78572,29,,,0,80,,78597,29,,,0,63,,78603,29,,,0,26,,78588,29,,,0,74,,78581,29,,,0,35,,78599,29,,,0,9,,78568,29,,,0,64,,78604,29,,,0
667301,'2',930,,78614,29,,,0,29,,78615,29,,,0,74,,78616,29,,,0,71,,78639,29,,,0,25,,78617,29,,,0,30,,78635,29,,,0,75,,78618,29,,,0,73,,78619,29,,,0,24,,78641,29,,,0,72,,78636,29,,,0,31,,78620,29,,,0,71,,78640,29,,,0,34,,78621,29,,,0,75,,78637,29,,,0,26,,78622,29,,,0,72,,78623,29,,,0,29,,78624,29,,,0
667301,'3',931,2,78662,29,,,0,75,2,78666,29,,,0,29,2,78648,29,,,0,71,,78667,29,,,0,25,,78649,29,,,0,73,2,78668,29,,,0,29,2,78650,29,,,0,71,2,78669,29,,,0,31,2,78651,29,,,0,72,2,78670,29,,,0,29,2,78652,29,,,0,72,2,78671,29,,,0,31,2,78653,29,,,0,70,2,78672,29,,,0,30,2,78654,29,,,0,70,2,78663,29,,,0
667501,'1',708,,78985,14,,,0,23,2,78987,14,,,0,71,2,78996,14,,,0,24,2,78992,14,,,0,28,2,78997,14,,,0
1671701,'1',1952,,99461,24,,,0,69,,99460,24,,,0,26,,99459,24,,,0,70,,99472,24,,,0,30,,99471,24,,,0,70,,99470,24,,,0,30,,99469,24,,,0,66,,99468,24,,,0,34,,99467,24,,,0,70,,99466,24,,,0,30,,99462,24,4,,0,11,,99465,24,4,,0,77,,99463,1,,,0,21,,99464,24,4,,0
1671701,'2',1944,,99475,24,,,0,69,,99474,24,,,0,29,,99473,24,,,0,70,,99485,24,,,0,31,,99484,24,,,0,70,,99483,24,,,0,30,,99482,24,,,0,70,,99481,24,,,0,30,,99480,24,,,0,69,,99479,24,,,0,19,,99486,24,4,,0,28,,99478,24,4,,0,83,,99476,1,,,0,16,,99477,24,4,,0
1671701,'3',1947,2,99487,24,,,0,70,2,99500,24,,,0,30,2,99499,24,,,0,70,2,99498,24,,,0,30,2,99497,24,,,0,69,2,99496,24,,,0,28,2,99495,24,,,0,70,2,99494,24,,,0,30,2,99493,24,,,0,69,2,99492,24,,,0,28,,99491,24,4,,0,60,,99490,24,4,,0,26,,99488,1,,,0,27,,99489,24,,,0
