3181600,'1',615,,106425,37,4,,0,31,,106426,37,4,,0,73,,106427,37,4,,0,32,,106428,37,4,,0,70,,106429,37,4,,0,30,,106405,37,4,,0,72,,106406,37,4,,0,31,,106407,37,4,,0,70,,106430,37,4,,0,31,,106431,37,4,,0,69,,106408,37,4,,0,30,,106409,37,4,,0,71,,106410,37,4,,0,31,,106411,37,4,,0,70,,106412,37,4,,0,30,,106413,37,4,,0,70,,106414,37,4,,0,33,,106415,37,4,,0,70,,106416,37,4,,0,29,,106417,37,4,,0,68,,106418,37,4,,0,31,,106419,37,4,,0,68,,106420,37,4,,0,30,,106421,37,4,,0,69,,106422,37,4,,0,30,,106423,37,4,,0,69,,106424,37,4,,0
3181600,'2',754,,106432,37,4,,0,97,,106433,37,4,,0,100,,106434,37,4,,0,104,,106435,37,4,,0,99,,106436,37,4,,0,101,,106437,37,4,,0,100,,106438,37,4,,0,100,,106439,37,4,,0,100,,106440,37,4,,0,101,,106441,37,4,,0,99,,106442,37,4,,0,99,,106443,37,4,,0,99,,106444,37,4,,0,101,,106445,37,4,,0,100,,106446,37,4,,0
3181600,'3',856,,106453,37,4,,0,100,,106454,37,4,,0,100,,106455,37,4,,0,102,,106456,37,4,,0,100,,106457,37,4,,0,99,,106447,37,4,,0,101,,106448,37,4,,0,100,,106449,37,4,,0,100,,106450,37,4,,0,98,,106451,37,4,,0,100,,106452,37,4,,0
3181601,'1',635,,106473,1,,,0,70,,106474,1,,,0,30,,106475,1,,,0,70,,106476,1,,,0,30,,106477,1,,,0,70,,106478,1,,,0,30,,106479,1,,,0,70,,106480,1,,,0,30,,106481,1,,,0,70,,106482,1,,,0,30,,106483,1,,,0,70,,106484,1,,,0,30,,106458,1,,,0,69,,106459,1,,,0,30,,106460,1,,,0,68,,106461,1,,,0,31,,106462,1,,,0,71,,106463,1,,,0,30,,106464,1,,,0,71,,106465,1,,,0,30,,106466,1,,,0,70,,106467,1,,,0,30,,106468,1,,,0,70,,106469,1,,,0,30,,106470,1,,,0,70,,106471,1,,,0,30,,106472,1,,,0
3181601,'2',806,,106487,1,,,0,100,,106488,1,,,0,98,,106489,1,,,0,100,,106490,1,,,0,101,,106491,1,,,0,102,,106492,1,,,0,96,,106493,1,,,0,101,,106494,1,,,0,100,,106485,1,,,0,101,,106486,1,,,0,100,,106495,1,,,0,101,,106496,1,,,0,100,,106497,1,,,0
3181601,'3',808,,106498,1,,,0,100,,106499,1,,,0,100,,106500,1,,,0,97,,106501,1,,,0,100,,106502,1,,,0,100,,106503,1,,,0,99,,106504,1,,,0,101,,106505,1,,,0,100,,106506,1,,,0,101,,106507,1,,,0,102,,106508,1,,,0,101,,106509,1,,,0
3181700,'1',522,,106537,38,,,0,30,,106510,38,,,0,70,,106511,38,,,0,31,,106512,38,,,0,62,,106513,38,,,0,33,,106514,38,,,0,70,,106515,38,,,0,31,,106516,38,,,0,70,,106517,38,,,0,30,,106518,38,,,0,70,,106519,38,,,0,30,,106520,38,,,0,70,,106521,38,,,0,32,,106522,38,,,0,70,,106523,38,,,0,30,,106524,38,,,0,70,,106525,38,,,0,31,,106526,38,,,0,70,,106527,38,,,0,30,,106528,38,,,0,71,,106529,38,,,0,31,,106530,38,,,0,68,,106531,38,,,0,29,,106532,38,,,0,70,,106533,38,,,0,28,,106534,38,,,0,70,,106535,38,,,0,30,,106536,38,,,0,69,,106538,38,,,0
3181700,'2',747,,106541,38,,,0,98,,106542,38,,,0,100,,106543,38,,,0,102,,106544,38,,,0,99,,106545,38,,,0,101,,106546,38,,,0,101,,106547,38,,,0,97,,106548,38,,,0,104,,106549,38,,,0,101,,106550,38,,,0,100,,106551,38,,,0,100,,106539,38,,,0,100,,106540,38,,,0,98,,106552,38,,,0
3181700,'3',847,,106553,38,,,0,102,,106554,38,,,0,101,,106555,38,,,0,99,,106556,38,,,0,100,,106557,38,,,0,103,,106558,38,,,0,100,,106559,38,,,0,101,,106560,38,,,0,99,,106561,38,,,0,101,,106562,38,,,0,102,,106563,38,,,0
3181900,'1',530,,106814,1,,,0,70,,106815,1,,,0,30,,106816,1,,,0,70,,106817,1,,,0,30,,106818,1,,,0,70,,106819,1,,,0,30,,106820,1,,,0,70,,106821,1,,,0,30,,106822,1,,,0,70,,106823,1,,,0,30,,106824,1,,,0,70,,106825,1,,,0,30,,106826,1,,,0,70,,106827,1,,,0,30,,106828,1,,,0,70,,106829,1,,,0,30,,106830,1,,,0,70,,106831,1,,,0,30,,106832,1,,,0,70,,106833,1,,,0,30,,106834,1,,,0,70,,106800,1,,,0,30,,106801,1,,,0,70,,106802,1,,,0,30,,106803,1,,,0,70,,106804,1,,,0,30,,106805,1,,,0,70,,106806,1,,,0,30,,106807,1,,,0,70,,106812,1,,,0,30,,106808,1,,,0,70,,106811,1,,,0,30,,106809,1,,,0,70,,106813,1,,,0,30,,106810,1,,,0,70,,106835,1,,,0
3181900,'2',700,,106836,1,,,0,30,,106850,1,,,0,70,,106866,1,,,0,30,,106851,1,,,0,70,,106867,1,,,0,30,,106852,1,,,0,70,,106837,1,,,0,30,,106853,1,,,0,70,,106838,1,,,0,30,,106854,1,,,0,70,,106839,1,,,0,30,,106855,1,,,0,70,,106840,1,,,0,30,,106856,1,,,0,70,,106841,1,,,0,30,,106857,1,,,0,70,,106842,1,,,0,30,,106858,1,,,0,72,,106843,1,,,0,28,,106859,1,,,0,70,,106844,1,,,0,30,,106860,1,,,0,70,,106845,1,,,0,30,,106861,1,,,0,25,,106846,1,,,0,70,,106862,1,,,0,75,,106847,1,,,0,30,,106863,1,,,0,70,,106848,1,,,0,30,,106864,1,,,0,70,,106849,1,,,0,30,,106865,1,,,0,70,,106868,1,,,0
3181900,'3',700,,106872,1,,,0,30,,106885,1,,,0,70,,106873,1,,,0,30,,106886,1,,,0,70,,106874,1,,,0,30,,106887,1,,,0,70,,106875,1,,,0,30,,106888,1,,,0,70,,106876,1,,,0,30,,106889,1,,,0,70,,106877,1,,,0,30,,106869,1,,,0,70,,106878,1,,,0,30,,106871,1,,,0,70,,106879,1,,,0,30,,106870,1,,,0,70,,106880,1,,,0,30,,106890,1,,,0,70,,106881,1,,,0,30,,106891,1,,,0,70,,106882,1,,,0,30,,106892,1,,,0,70,,106883,1,,,0,30,,106893,1,,,0,70,,106884,1,,,0,30,,106894,1,,,0,70,,106898,1,,,0,30,,106895,1,,,0,70,,106896,1,,,0,30,,106897,1,,,0,70,,106899,1,,,0,100,,106900,1,,,0
3181901,'1',644,,106917,36,4,,0,70,,106918,36,4,,0,30,,106919,36,4,,0,74,,106920,36,4,,0,30,,106921,36,4,,0,70,,106922,36,4,,0,28,,106923,36,4,,0,70,,106924,36,4,,0,30,,106925,36,4,,0,70,,106926,36,4,,0,30,,106927,36,4,,0,70,,106928,36,4,,0,30,,106929,36,4,,0,72,,106930,36,4,,0,30,,106931,36,4,,0,70,,106932,36,4,,0,30,,106933,36,4,,0,72,,106934,36,4,,0,30,,106935,36,4,,0,70,,106901,36,4,,0,30,,106902,36,4,,0,70,,106903,36,4,,0,26,,106904,36,4,,0,68,,106905,36,4,,0,30,,106906,36,4,,0,70,,106907,36,4,,0,28,,106908,36,4,,0,70,,106909,36,4,,0,13,,106910,36,4,,0,26,,106915,36,4,,0,70,,106911,36,4,,0,28,,106914,36,4,,0,70,,106912,36,4,,0,29,,106916,36,4,,0,70,,106913,36,4,,0,30,,106936,36,4,,0
3181901,'2',805,,106968,36,4,,0,30,,106952,36,4,,0,70,,106938,36,4,,0,34,,106953,36,4,,0,70,,106939,36,4,,0,30,,106954,36,4,,0,72,,106940,36,4,,0,30,,106955,36,4,,0,71,,106941,36,4,,0,31,,106956,36,4,,0,70,,106942,36,4,,0,30,,106957,36,4,,0,70,,106943,36,4,,0,30,,106958,36,4,,0,70,,106944,36,4,,0,30,,106959,36,4,,0,70,,106945,36,4,,0,30,,106960,36,4,,0,69,,106946,36,4,,0,28,,106961,36,4,,0,70,,106947,36,4,,0,28,,106962,36,4,,0,70,,106937,36,4,,0,24,,106963,36,4,,0,22,,106948,36,4,,0,70,,106964,36,4,,0,31,,106949,36,4,,0,70,,106965,36,4,,0,30,,106950,36,4,,0,69,,106966,36,4,,0,30,,106951,36,4,,0,70,,106967,36,4,,0,30,,106969,36,4,,0
3181901,'3',804,,106993,36,4,,0,30,,106974,36,4,,0,70,,106994,36,4,,0,32,,106975,36,4,,0,71,,106995,36,4,,0,31,,106976,36,4,,0,70,,106996,36,4,,0,30,,106977,36,4,,0,70,,106992,36,4,,0,30,,106978,36,4,,0,71,,106997,36,4,,0,30,,106979,36,4,,0,70,,106998,36,4,,0,30,,106980,36,4,,0,70,,106999,36,4,,0,30,,106981,36,4,,0,70,,106991,36,4,,0,30,,106982,36,4,,0,70,,106970,36,4,,0,33,,106983,36,4,,0,69,,106971,36,4,,0,29,,106984,36,4,,0,70,,106972,36,4,,0,29,,106985,36,4,,0,70,,106973,36,4,,0,30,,106986,36,4,,0,70,,106990,36,4,,0,27,,106988,36,4,,0,70,,106987,36,4,,0,30,,106989,36,4,,0,70,,107000,36,4,,0,100,,107001,36,4,,0
