666601,'101_merged_15291802',1521,,77487,4,,,0
666601,'1_merged_15291795',511,,77522,11,,,0,36,,77519,11,,,0,69,,77518,11,,,0,34,,77523,11,,,0,62,,77517,11,,,0,22,,77490,11,,,0,72,,77516,11,,,0,30,,77515,11,,,0,67,,77496,11,,,0,31,,77514,11,,,0,69,,77513,11,,,0,31,,77512,11,,,0,70,,77511,11,,,0,30,,77502,11,,,0,70,,77501,11,,,0,30,,77500,11,,,0,70,,77510,11,,,0,30,,77499,11,,,0,71,,77509,11,,,0,31,,77508,11,,,0,14,,77507,11,,,0,60,,77506,11,,,0,19,,77521,11,,,0,27,,77528,11,,,0,60,,77498,11,,,0,24,,77505,14,,,0,14,,77529,14,,,0,54,,77504,14,,,0,13,,77524,14,,,0,15,,77520,14,,,0,18,,77488,14,,,0,60,,77489,14,,,0,20,,77503,14,,,0,70,,77497,14,,,0,25,,77525,11,,,0,27,,77530,11,,,0,73,,77526,11,,,0,29,,77527,11,,,0,70,,77531,11,,,0,28,,77491,11,,,0,82,,77492,11,,,0,89,,77493,11,,,0,84,,77494,11,,,0,41,,77495,11,,,0
666601,'2_merged_15291797',701,,77564,11,,,0,29,,77532,11,,,0,70,,77533,11,,,0,30,,77534,11,,,0,70,,77535,11,,,0,31,,77536,11,,,0,72,,77537,11,,,0,30,,77538,11,,,0,70,,77539,11,,,0,30,,77540,11,,,0,70,,77541,11,,,0,31,,77542,11,,,0,70,,77543,11,,,0,30,,77544,11,,,0,70,,77545,11,,,0,30,,77546,11,,,0,70,,77547,11,,,0,30,,77548,11,,,0,70,,77549,11,,,0,29,,77550,11,,,0,70,,77551,11,,,0,30,,77552,11,,,0,70,,77553,11,,,0,29,,77554,11,,,0,70,,77555,11,,,0,31,,77556,11,,,0,70,,77557,11,,,0,30,,77558,11,,,0,69,,77565,11,,,0,30,,77559,11,,,0,98,,77560,11,,,0,100,,77561,11,,,0,100,,77562,11,,,0,95,,77563,11,,,0
666601,'3_merged_15291796',702,,77567,11,,,0,108,,77568,11,,,0,101,,77569,11,,,0,31,,77591,11,,,0,70,,77570,11,,,0,30,,77592,11,,,0,70,,77571,11,,,0,31,,77584,11,,,0,70,,77583,11,,,0,30,,77585,11,,,0,70,,77572,11,,,0,30,,77586,11,,,0,70,,77573,11,,,0,30,,77587,11,,,0,70,,77574,11,,,0,30,,77588,11,,,0,70,,77575,11,,,0,30,,77589,11,,,0,70,,77576,11,,,0,30,,77590,11,,,0,70,,77577,11,,,0,29,,77593,11,,,0,71,,77578,11,,,0,29,,77594,11,,,0,71,,77579,11,,,0,30,,77595,11,,,0,69,,77580,11,,,0,98,,77566,11,,,0,100,,77581,11,,,0,94,,77582,11,,,0
2263801,'101_merged_15291802',1531,,101270,11,,,0,23,,101269,11,,,0
2263801,'1_merged_15291795',433,,101289,11,,,0,71,,101290,11,,,0,22,,101291,11,,,0,14,,101292,11,,,0,14,,101293,11,,,0,54,,101294,11,,,0,11,,101295,11,,,0,14,,101296,11,,,0,13,,101297,11,,,0,57,,101298,11,,,0,7,,101299,11,,,0,20,,101300,11,,,0,12,,101301,11,,,0,16,,101302,11,,,0,52,,101303,11,,,0,24,,101304,11,,,0,72,,101305,11,,,0,31,,101306,11,,,0,68,,101307,11,,,0,30,,101308,11,,,0,70,,101309,11,,,0,30,,101310,11,,,0,70,,101311,11,,,0,30,,101312,11,,,0,70,,101313,11,,,0,30,,101314,11,,,0,70,,101315,11,,,0,20,,101327,11,,,0,21,,101316,11,,,0,60,,101317,11,,,0,20,,101318,11,,,0,80,,101319,11,,,0,15,,101320,11,,,0,15,,101321,11,,,0,15,,101322,11,,,0,55,,101323,11,,,0,13,,101324,11,,,0,15,,101271,11,,,0,19,,101280,11,,,0,60,,101278,11,,,0,22,,101279,11,,,0,70,,101326,11,,,0,19,,101273,11,,,0,16,,101325,11,,,0,67,,101288,11,,,0,22,,101272,11,,,0,29,,101281,11,,,0,71,,101282,11,,,0,30,,101283,11,,,0,69,,101274,11,,,0,30,,101286,11,,,0,62,,101287,11,,,0,29,,101275,11,,,0,70,,101285,11,,,0,29,,101276,11,,,0,70,,101284,11,,,0,30,,101277,11,,,0
2263801,'2_merged_15291797',538,,101328,11,,,0,71,,101329,11,,,0,30,,101330,11,,,0,70,,101331,11,,,0,30,,101332,11,,,0,70,,101333,11,,,0,30,,101334,11,,,0,71,,101335,11,,,0,30,,101336,11,,,0,70,,101337,11,,,0,30,,101338,11,,,0,70,,101339,11,,,0,31,,101340,11,,,0,70,,101341,11,,,0,30,,101342,11,,,0,70,,101343,11,,,0,30,,101344,11,,,0,69,,101345,11,,,0,30,,101346,11,,,0,70,,101347,11,,,0,30,,101348,11,,,0,70,,101349,11,,,0,30,,101350,11,,,0,70,,101351,11,,,0,30,,101352,11,,,0,70,,101353,11,,,0,30,,101354,11,,,0,69,,101355,11,,,0,30,,101356,11,,,0,65,,101357,11,,,0,30,,101358,11,,,0,70,,101359,11,,,0,30,,101360,11,,,0,70,,101361,11,,,0,30,,101362,11,,,0,69,,101363,11,,,0,30,,101364,11,,,0,70,,101365,11,,,0,30,,101366,11,,,0,77,,101367,11,,,0
2263801,'3_merged_15291796',649,,101373,11,,,0,70,,101374,11,,,0,30,,101372,11,,,0,70,,101378,11,,,0,30,,101379,11,,,0,70,,101380,11,,,0,30,,101384,11,,,0,70,,101385,11,,,0,30,,101386,11,,,0,71,,101387,11,,,0,30,,101368,11,,,0,70,,101369,11,,,0,30,,101370,11,,,0,70,,101388,11,,,0,30,,101389,11,,,0,70,,101390,11,,,0,30,,101391,11,,,0,70,,101392,11,,,0,30,,101393,11,,,0,70,,101394,11,,,0,30,,101395,11,,,0,70,,101396,11,,,0,29,,101375,11,,,0,70,,101398,11,,,0,30,,101399,11,,,0,70,,101400,11,,,0,30,,101401,11,,,0,70,,101402,11,,,0,30,,101403,11,,,0,70,,101404,11,,,0,35,,101371,11,,,0,69,,101376,11,,,0,30,,101377,11,,,0,70,,101381,11,,,0,30,,101382,11,,,0,70,,101383,11,,,0,30,,101397,11,,,0
3003601,'101_merged_15291802',1520,,102568,4,,,0
3003601,'1_merged_15291795',542,,102599,11,,,0,15,,102600,11,,,0,55,,102601,11,,,0,14,,102602,11,,,0,15,,102603,11,,,0,15,,102604,11,,,0,54,,102605,11,,,0,14,,102606,11,,,0,16,,102607,11,,,0,15,,102608,11,,,0,55,,102609,11,,,0,17,,102610,11,,,0,18,,102611,11,,,0,13,,102612,11,,,0,58,,102613,11,,,0,13,,102614,11,,,0,28,,102615,11,,,0,69,,102616,11,,,0,30,,102617,11,,,0,70,,102618,11,,,0,30,,102619,11,,,0,69,,102620,11,,,0,30,,102621,11,,,0,70,,102593,11,,,0,31,,102594,11,,,0,75,,102595,11,,,0,25,,102584,11,,,0,55,,102580,11,,,0,20,,102579,11,,,0,15,,102581,11,,,0,55,,102582,11,,,0,16,,102583,11,,,0,15,,102585,11,,,0,16,,102586,11,,,0,55,,102587,11,,,0,15,,102588,11,,,0,15,,102589,11,,,0,11,,102590,10,,,0,3,,102591,11,,,0,65,,102622,11,,,0,1,,102592,10,,,0,12,,102569,11,,,0,14,,102570,11,,,0,62,,102571,11,,,0,31,,102572,11,,,0,27,,102573,11,,,0,67,,102574,11,,,0,30,,102575,11,,,0,70,,102576,11,,,0,30,,102577,11,,,0,70,,102578,11,,,0,30,,102596,11,,,0,70,,102597,11,,,0,30,,102598,11,,,0
3003601,'2_merged_15291797',625,,102630,11,,,0,30,,102631,11,,,0,70,,102632,11,,,0,30,,102633,11,,,0,70,,102623,11,,,0,30,,102629,11,,,0,70,,102634,11,,,0,30,,102635,11,,,0,70,,102636,11,,,0,30,,102637,11,,,0,70,,102638,11,,,0,30,,102639,11,,,0,70,,102640,11,,,0,31,,102641,11,,,0,70,,102642,11,,,0,30,,102643,11,,,0,70,,102644,11,,,0,30,,102645,11,,,0,70,,102646,11,,,0,30,,102647,11,,,0,69,,102648,11,,,0,30,,102649,11,,,0,71,,102650,11,,,0,30,,102651,11,,,0,70,,102652,11,,,0,30,,102653,11,,,0,70,,102654,11,,,0,30,,102655,11,,,0,70,,102656,11,,,0,30,,102657,11,,,0,69,,102658,11,,,0,30,,102625,11,,,0,70,,102626,11,,,0,30,,102627,11,,,0,70,,102624,11,,,0,30,,102628,11,,,0
3003601,'3_merged_15291796',725,,102668,11,,,0,30,,102669,11,,,0,70,,102670,11,,,0,30,,102671,11,,,0,70,,102672,11,,,0,30,,102673,11,,,0,70,,102674,11,,,0,30,,102675,11,,,0,70,,102676,11,,,0,30,,102677,11,,,0,70,,102678,11,,,0,30,,102679,11,,,0,70,,102680,11,,,0,30,,102681,11,,,0,70,,102682,11,,,0,30,,102683,11,,,0,70,,102684,11,,,0,30,,102685,11,,,0,70,,102686,11,,,0,31,,102687,11,,,0,70,,102688,11,,,0,30,,102689,11,,,0,70,,102690,11,,,0,30,,102691,11,,,0,70,,102692,11,,,0,30,,102659,11,,,0,70,,102662,11,,,0,29,,102663,11,,,0,70,,102660,11,,,0,30,,102661,11,,,0,70,,102664,11,,,0,30,,102665,11,,,0,70,,102666,11,,,0,30,,102667,11,,,0
