670400,'1',636,,25712,,,0,70,,25710,,,0,15,,25767,,,0,31,,25778,,,0,70,,25764,,,0,30,,25707,,,0,67,,25748,,,0,30,,25746,,,0,66,,25733,,,0,28,,25726,,,0,70,,25724,,,0,30,,25722,,,0,71,,25720,,,0,30,,25742,,,0,70,,25740,,,0,33,,25738,,,0,70,,25706,,,0,32,,25704,,,0,72,,25702,,,0,31,,25774,,,0,70,,25773,,,0,15,,25763,,,0,15,,25772,,,0,55,,25776,,,0,15,,25771,,,0,14,,25715,,,0,15,,25769,,,0,54,,25777,,,0,13,,25735,,,0,8,,25719,,,0,10,,25765,,,0,12,,25718,,,0,11,,25717,,,0,52,,25713,,,0,25,,25766,,,0,21,,25761,,,0,64,,25759,,,0,26,,25757,,,0,69,,25714,,,0,29,,25754,,,0,69,,25716,,,0,91,,25751,,,0,99,,25732,,,0,96,,25730,,,0,57,,25728,,,0,143,,25727,,,0
670400,'2',700,,25825,,,0,27,,25799,,,0,79,,25800,,,0,35,,25801,,,0,78,,25803,,,0,32,,25804,,,0,69,,25805,,,0,28,,25806,,,0,68,,25802,,,0,29,,25798,,,0,70,,25827,,,0,28,,25807,,,0,69,,25830,,,0,30,,25832,,,0,72,,25834,,,0,32,,25836,,,0,72,,25838,,,0,32,,25840,,,0,69,,25842,,,0,30,,25813,,,0,70,,25845,,,0,30,,25847,,,0,72,,25822,,,0,31,,25848,,,0,70,,25779,,,0,29,,25780,,,0,66,,25820,,,0,27,,25783,,,0,100,,25786,,,0,86,,25788,,,0,108,,25791,,,0,99,,25793,,,0,114,,25795,,,0,155,,25796,,,0
670400,'3',651,,25871,,,0,104,,25851,,,0,63,,25869,,,0,30,,25907,,,0,72,,25866,,,0,34,,25879,,,0,70,,25877,,,0,31,,25889,,,0,72,,25909,,,0,32,,25882,,,0,70,,25901,,,0,30,,25875,,,0,71,,25893,,,0,70,,25896,,,0,31,,25880,,,0,70,,25908,,,0,32,,25897,,,0,69,,25850,,,0,29,,25900,,,0,70,,25906,,,0,30,,25849,,,0,69,,25881,,,0,28,,25911,,,0,29,,25874,,,0,70,,25910,,,0,28,,25894,,,0,72,,25883,,,0,32,,25895,,,0,150,,25876,,,0,99,,25884,,,0,100,,25888,,,0,129,,25855,,,0,72,,25898,,,0
1870500,'1',517,,42012,0,95 57,0,25,,42011,0,95 57,0,81,,42010,,,0,15,,42014,,,0,16,,42021,,,0,54,,41994,,,0,17,,41995,,,0,19,,42015,,,0,56,,42025,,,0,17,,41996,,,0,20,,41997,,,0,20,,42016,,,0,60,,41998,,,0,20,,41999,,,0,20,,41982,,,0,70,,41983,,,0,30,,41984,,,0,70,,41985,,,0,30,,41986,,,0,70,,42013,,,0,30,,41987,,,0,70,,41988,,,0,30,,41990,,,0,65,,41989,,,0,20,,42017,,,0,60,,42023,,,0,21,,41991,,,0,20,,42018,,,0,63,,41992,,,0,19,,41993,,,0,20,,42019,,,0,59,,42000,,,0,16,,42001,,,0,18,,42022,,,0,17,,42024,,,0,58,,42020,,,0,16,,42002,,,0,15,,42003,,,0,59,,42004,,,0,27,,42005,,,0,29,,42006,,,0,69,,42007,,,0,29,,42008,,,0,67,,42009,,,0,98,,42026,,,0,99,,42027,,,0,100,,42028,,,0
1870500,'101',1521,,42029,0,95 57,0
1870500,'2',623,,42053,,,0,30,,42054,,,0,71,,42055,,,0,32,,42056,,,0,72,,42057,,,0,30,,42058,,,0,72,,42059,,,0,70,,42060,,,0,30,,42030,,,0,72,,42031,,,0,30,,42032,,,0,70,,42033,,,0,30,,42034,,,0,69,,42035,,,0,29,,42036,,,0,70,,42037,,,0,30,,42038,,,0,70,,42039,,,0,30,,42040,,,0,70,,42041,,,0,30,,42042,,,0,29,,42043,,,0,70,,42044,,,0,71,,42045,,,0,32,,42049,,,0,70,,42046,,,0,30,,42047,,,0,69,,42048,,,0,30,,42050,,,0,27,,42051,,,0,70,,42052,,,0,95,,42061,,,0,100,,42062,,,0,100,,42063,,,0
1870500,'3',622,,42068,,,0,34,,42069,,,0,70,,42070,,,0,30,,42071,,,0,70,,42079,,,0,31,,42072,,,0,71,,42073,,,0,31,,42074,,,0,70,,42075,,,0,71,,42076,,,0,30,,42077,,,0,70,,42078,,,0,30,,42080,,,0,70,,42081,,,0,30,,42082,,,0,70,,42083,,,0,31,,42084,,,0,70,,42085,,,0,30,,42086,,,0,70,,42087,,,0,30,,42088,,,0,70,,42089,,,0,30,,42090,,,0,69,,42091,,,0,30,,42092,,,0,26,,42093,,,0,70,,42094,,,0,30,,42064,,,0,70,,42065,,,0,29,,42066,,,0,70,,42067,,,0,99,,42095,,,0,100,,42096,,,0,99,,42097,,,0
2903800,'1',558,,43458,,,0,61,,43478,,,0,13,,43457,,,0,12,,43456,,,0,12,,43469,,,0,52,,43495,,,0,15,,43491,,,0,16,,43455,,,0,18,,43460,,,0,56,,43479,,,0,16,,43454,,,0,15,,43453,,,0,15,,43452,,,0,55,,43480,,,0,12,,43451,,,0,13,,43450,,,0,14,,43449,,,0,55,,43481,,,0,15,,43448,,,0,15,,43472,,,0,15,,43490,,,0,55,,43447,,,0,17,,43473,,,0,21,,43446,,,0,60,,43474,,,0,22,,43445,,,0,20,,43444,,,0,60,,43475,,,0,22,,43443,,,0,20,,43442,,,0,60,,43476,,,0,21,,43441,,,0,22,,43440,,,0,60,,43477,,,0,22,,43439,,,0,18,,43482,,,0,56,,43489,,,0,14,,43471,,,0,15,,43483,,,0,16,,43438,,,0,55,,43437,,,0,17,,43459,,,0,14,,43484,,,0,16,,43436,,,0,53,,43468,,,0,15,,43485,,,0,13,,43467,,,0,12,,43466,,,0,55,,43494,,,0,15,,43465,,,0,18,,43464,,,0,17,,43486,,,0,59,,43463,,,0,20,,43470,,,0,20,,43487,,,0,63,,43488,,,0,28,,43462,,,0,67,,43461,,,0,100,,43492,,,0,100,,43493,,,0
2903800,'2',719,,43543,,,0,10,,43539,,,0,15,,43538,,,0,56,,43511,,,0,19,,43525,,,0,21,,43512,,,0,60,,43513,,,0,21,,43526,,,0,20,,43514,,,0,60,,43515,,,0,22,,43527,,,0,20,,43516,,,0,60,,43517,,,0,21,,43528,,,0,21,,43518,,,0,60,,43519,,,0,21,,43529,,,0,20,,43520,,,0,60,,43521,,,0,21,,43530,,,0,20,,43522,,,0,60,,43523,,,0,20,,43531,,,0,20,,43524,,,0,60,,43496,,,0,20,,43532,,,0,20,,43497,,,0,60,,43498,,,0,20,,43533,,,0,20,,43499,,,0,60,,43500,,,0,21,,43534,,,0,20,,43501,,,0,60,,43502,,,0,20,,43535,,,0,19,,43503,,,0,60,,43504,,,0,20,,43536,,,0,18,,43505,,,0,60,,43540,,,0,19,,43506,,,0,20,,43537,,,0,60,,43507,,,0,19,,43508,,,0,19,,43509,,,0,59,,43510,,,0,100,,43541,,,0,99,,43542,,,0
2903800,'3',739,,43573,,,0,70,,43544,,,0,30,,43545,,,0,70,,43546,,,0,31,,43547,,,0,71,,43548,,,0,30,,43549,,,0,70,,43550,,,0,30,,43551,,,0,70,,43552,,,0,31,,43553,,,0,71,,43554,,,0,30,,43555,,,0,70,,43556,,,0,32,,43557,,,0,60,,43574,,,0,20,,43558,,,0,20,,43559,,,0,59,,43575,,,0,19,,43560,,,0,20,,43561,,,0,60,,43576,,,0,20,,43562,,,0,19,,43563,,,0,60,,43577,,,0,20,,43564,,,0,20,,43565,,,0,60,,43578,,,0,18,,43566,,,0,20,,43567,,,0,60,,43579,,,0,20,,43568,,,0,20,,43569,,,0,70,,43570,,,0,29,,43571,,,0,69,,43572,,,0,99,,43580,,,0,99,,43581,,,0
3404501,'1',722,,50047,,,0,100,,50046,,,0,100,,50045,,,0,100,,50044,,,0,100,,50043,,,0,100,,50042,,,0,100,,50041,,,0,100,,50040,,,0,100,,50039,,,0,100,,50038,,,0,100,,50037,,,0,100,,50036,,,0,100,,50035,,,0,100,,50034,,,0,100,,50033,,,0,95,,50032,,,0,105,,50031,,,0,100,,50048,,,0
3404501,'2',822,,50057,,,0,100,,50056,,,0,100,,50055,,,0,100,,50054,,,0,100,,50053,,,0,100,,50052,,,0,100,,50051,,,0,100,,50050,,,0,100,,50049,,,0,100,,50064,,,0,100,,50063,,,0,100,,50062,,,0,100,,50061,,,0,100,,50060,,,0,100,,50059,,,0,100,,50058,,,0,100,,50065,,,0
3404501,'3',922,,50071,,,0,100,,50070,,,0,100,,50069,,,0,100,,50068,,,0,100,,50067,,,0,100,,50066,,,0,100,,50079,,,0,100,,50078,,,0,100,,50072,,,0,100,,50076,,,0,100,,50075,,,0,100,,50077,,,0,100,,50074,,,0,100,,50073,,,0,100,,50080,,,0,100,,50081,,,0
