667700,'1',615,,79383,12,,,0,29,,79356,12,,,0,71,,79364,12,,,0,30,,79371,12,,,0,73,,79381,12,,,0,28,,79367,12,,,0,78,,79351,12,,,0,24,,79389,12,,,0,87,,79350,12,,,0,71,,79358,12,,,0,29,,79365,12,,,0,70,,79363,12,,,0,30,,79362,12,,,0,71,,79372,12,,,0,31,,79349,12,,,0,69,,79387,12,,,0,15,,79352,12,,,0,30,,79353,12,,,0,65,,79346,12,,,0,20,,79377,12,,,0,14,,79357,12,,,0,70,,79360,12,,,0,19,,79368,12,,,0,12,,79361,12,,,0,59,,79378,12,,,0,14,,79373,12,,,0,19,,79384,12,,,0,60,,79388,12,,,0,13,,79374,12,,,0,15,,79385,12,,,0,12,,79382,12,,,0,16,,79375,12,,,0,50,,79355,12,,,0,11,,79376,12,,,0,14,,79370,12,,,0,16,,79390,12,,,0,57,,79366,12,,,0,16,,79348,12,,,0,15,,79386,12,,,0,11,,79347,12,,,0,68,,79379,12,,,0,29,,79369,12,,,0,69,,79359,12,,,0,30,,79392,12,,,0,69,,79380,12,,,0,30,,79391,12,,,0,70,,79354,12,,,0
667700,'101',1609,,79343,12,,,0
667700,'1101',2517,,79344,12,,,0
667700,'1201',2517,,79345,12,,,0
667700,'2',648,,79420,12,,,0,66,,79421,12,,,0,31,,79400,12,,,0,70,,79428,12,,,0,31,,79429,12,,,0,72,,79396,12,,,0,30,,79426,12,,,0,69,,79403,12,,,0,32,,79434,12,,,0,71,,79398,12,,,0,28,,79433,12,,,0,71,,79435,12,,,0,30,,79401,12,,,0,70,,79399,12,,,0,32,,79438,12,,,0,56,,79409,12,,,0,20,,79436,12,,,0,22,,79394,12,,,0,59,,79419,12,,,0,19,,79425,12,,,0,22,,79424,12,,,0,59,,79418,12,,,0,20,,79395,12,,,0,21,,79402,12,,,0,59,,79417,12,,,0,24,,79437,12,,,0,19,,79404,12,,,0,60,,79416,12,,,0,23,,79430,12,,,0,20,,79427,12,,,0,64,,79415,12,,,0,16,,79408,12,,,0,15,,79405,12,,,0,55,,79423,12,,,0,16,,79414,12,,,0,29,,79431,12,,,0,72,,79422,12,,,0,28,,79406,12,,,0,69,,79411,12,,,0,30,,79410,12,,,0,70,,79432,12,,,0,30,,79413,12,,,0,69,,79397,12,,,0,32,,79412,12,,,0,65,,79407,12,,,0,36,,79393,12,,,0
667700,'3',818,,79456,12,,,0,30,,79450,12,,,0,70,,79459,12,,,0,29,,79449,12,,,0,70,,79457,12,,,0,30,,79448,12,,,0,69,,79458,12,,,0,31,,79439,12,,,0,69,,79460,12,,,0,32,,79447,12,,,0,69,,79443,12,,,0,32,,79455,12,,,0,70,,79462,12,,,0,31,,79454,12,,,0,53,,79476,12,,,0,30,,79463,12,,,0,15,,79453,12,,,0,57,,79475,12,,,0,29,,79466,12,,,0,16,,79452,12,,,0,55,,79474,12,,,0,32,,79464,12,,,0,13,,79451,12,,,0,56,,79473,12,,,0,30,,79461,12,,,0,14,,79446,12,,,0,57,,79472,12,,,0,26,,79441,12,,,0,15,,79445,12,,,0,59,,79471,12,,,0,26,,79440,12,,,0,17,,79444,12,,,0,67,,79442,12,,,0,30,,79470,12,,,0,71,,79467,12,,,0,30,,79469,12,,,0,71,,79465,12,,,0,34,,79468,12,,,0
667800,'1',540,,79634,12,,,0,15,,79636,12,,,0,73,,79638,12,,,0,22,,79650,12,,,0,55,,79618,12,,,0,13,,79614,12,,,0,15,,79653,12,,,0,14,,79627,12,,,0,57,,79654,12,,,0,32,,79647,12,,,0,66,,79624,12,,,0,33,,79652,12,,,0,72,,79646,12,,,0,26,,79620,12,,,0,70,,79625,12,,,0,29,,79639,12,,,0,71,,79656,12,,,0,30,,79629,12,,,0,69,,79619,12,,,0,28,,79621,12,,,0,72,,79630,12,,,0,31,,79644,12,,,0,70,,79626,12,,,0,19,,79655,12,,,0,22,,79659,12,,,0,59,,79660,12,,,0,14,,79643,12,,,0,17,,79649,12,,,0,16,,79658,12,,,0,57,,79616,12,,,0,12,,79645,12,,,0,18,,79657,12,,,0,11,,79631,12,,,0,60,,79632,12,,,0,10,,79613,12,,,0,10,,79642,12,,,0,10,,79615,12,,,0,10,,79617,12,,,0,60,,79633,12,,,0,14,,79622,12,,,0,30,,79628,12,,,0,70,,79641,12,,,0,30,,79623,12,,,0,78,,79640,12,,,0,70,,79635,12,,,0,57,,79637,12,,,0,99,,79648,12,,,0,100,,79651,12,,,0
667800,'2',606,,79664,6,,,0,23,,79670,12,,,0,71,,79662,12,,,0,30,,79683,12,,,0,71,,79663,12,,,0,32,,79694,12,,,0,70,,79693,12,,,0,30,,79685,12,,,0,70,,79695,12,,,0,29,,79691,12,,,0,70,,79667,12,,,0,30,,79665,12,,,0,68,,79661,12,,,0,32,,79666,12,,,0,69,,79668,12,,,0,30,,79696,12,,,0,71,,79669,12,,,0,30,,79679,12,,,0,69,,79686,12,,,0,30,,79675,12,,,0,70,,79687,12,,,0,33,,79676,12,,,0,69,,79688,12,,,0,30,,79677,12,,,0,70,,79692,12,,,0,30,,79680,12,,,0,69,,79689,12,,,0,30,,79671,12,,,0,70,,79690,12,,,0,30,,79673,12,,,0,70,,79681,12,,,0,28,,79697,12,,,0,17,,79672,12,,,0,70,,79684,12,,,0,30,,79682,12,,,0,100,,79678,12,,,0,100,,79674,12,,,0
667800,'3',800,,79723,6,,,0,29,,79722,12,,,0,71,,79726,12,,,0,31,,79721,12,,,0,28,,79706,12,,,0,63,,79720,12,,,0,30,,79705,12,,,0,71,,79719,12,,,0,77,,79724,12,,,0,33,,79718,12,,,0,70,,79725,12,,,0,29,,79717,12,,,0,70,,79702,12,,,0,31,,79716,12,,,0,70,,79699,12,,,0,30,,79715,12,,,0,70,,79700,12,,,0,30,,79714,12,,,0,71,,79698,12,,,0,30,,79713,12,,,0,70,,79707,12,,,0,29,,79712,12,,,0,70,,79701,12,,,0,30,,79711,12,,,0,70,,79704,12,,,0,30,,79710,12,,,0,25,,79708,12,,,0,92,,79703,12,,,0,95,,79727,12,,,0,105,,79709,12,,,0,95,,79728,12,,,0
667901,'1',540,,79951,23,,,0,66,,79952,23,,,0,27,,79966,23,,,0,71,,79953,23,,,0,26,,79965,23,,,0,79,,79945,23,,,0,31,,79969,23,,,0,74,,79960,23,,,0,24,,79940,23,,,0,70,,79959,23,,,0,31,,79938,23,,,0,74,,79968,23,,,0,31,,79941,23,,,0,68,,79956,23,,,0,28,,79947,23,,,0,70,,79955,23,,,0,30,,79946,23,,,0,71,,79958,23,,,0,32,,79962,23,,,0,73,,79944,23,,,0,31,,79961,23,,,0,67,,79939,23,,,0,32,,79970,23,,,0,68,,79964,23,,,0,30,,79954,23,,,0,69,,79950,23,,,0,26,,79943,23,,,0,77,,79949,23,,,0,27,,79942,23,,,0,65,,79937,23,,,0,33,,79963,23,,,0,69,,79967,23,,,0,30,,79948,23,,,0,71,,79957,23,,,0
667901,'2',632,,80002,23,,,0,71,,79996,23,,,0,30,,79997,23,,,0,72,,79978,23,,,0,30,,79971,23,,,0,71,,79991,23,,,0,30,,79993,23,,,0,74,,79983,23,,,0,29,,79974,23,,,0,71,,79973,23,,,0,31,,79989,23,,,0,70,,79975,23,,,0,30,,79982,23,,,0,70,,79979,23,,,0,30,,79972,23,,,0,70,,79990,23,,,0,30,,80001,23,,,0,70,,79984,23,,,0,30,,79988,23,,,0,70,,79981,23,,,0,30,,79976,23,,,0,73,,79987,23,,,0,22,,79992,23,,,0,73,,80000,23,,,0,31,,79980,23,,,0,68,,79995,23,,,0,30,,79986,23,,,0,69,,79998,23,,,0,31,,79999,23,,,0,70,,79985,23,,,0,30,,79994,23,,,0,70,,79977,23,,,0
667901,'3',736,,80015,23,,,0,70,,80005,23,,,0,30,,80020,23,,,0,70,,80022,23,,,0,30,,80009,23,,,0,70,,80027,23,,,0,30,,80019,23,,,0,71,,80031,23,,,0,30,,80030,23,,,0,71,,80003,23,,,0,31,,80026,23,,,0,71,,80008,23,,,0,31,,80018,23,,,0,71,,80021,23,,,0,29,,80007,23,,,0,71,,80024,23,,,0,30,,80014,23,,,0,70,,80025,23,,,0,31,,80004,23,,,0,70,,80006,23,,,0,31,,80023,23,,,0,67,,80010,23,,,0,30,,80011,23,,,0,70,,80029,23,,,0,30,,80012,23,,,0,69,,80017,23,,,0,30,,80016,23,,,0,71,,80032,23,,,0,29,,80013,23,,,0,68,,80028,23,,,0
668300,'1',630,,80832,6,,,0,8,,80828,6,,,0,17,,80827,6,,,0,55,,80826,6,,,0,30,,80824,6,,,0,870,,80822,28,,,0,21,,80833,28,,,0,14,,80834,28,,,0,10,,80835,28,,,0,59,,80829,28,,,0,22,,80831,28,,,0,64,,80820,28,,,0,25,,80823,28,,,0,9,,80821,28,,,0,10,,80819,28,,,0,66,,80818,28,,,0,24,,80825,28,,,0,66,,80830,28,,,0
683700,'1',2535,,96928,39,,,0,20,,96927,39,,,0,60,,96923,39,,,0,29,,96926,39,,,0,74,,96925,39,,,0,19,,96924,39,,,0,68,,96922,39,,,0
683700,'1101',2655,,96920,39,,,0
683700,'1201',2655,,96921,39,,,0
683700,'2',523,,96937,13,,,0,2019,,96931,39,,,0,62,,96936,39,,,0,14,,96930,39,,,0,19,,96935,39,,,0,20,,96932,39,,,0,70,,96934,39,,,0,12,,96933,39,,,0,74,,96929,39,,,0
683700,'3',553,,96946,13,,,0,74,,96947,13,,,0,31,,96948,13,,,0,69,,96949,33,,,0,1687,,96942,39,,,0,32,,96941,39,,,0,70,,96940,39,,,0,38,,96939,39,,,0,71,,96938,39,,,0,24,,96945,39,,,0,88,,96944,39,,,0,65,,96943,39,,,0
