667201,'1',540,,136756,21,,,0,69,,136747,21,,,0,20,,136755,21,,,0,15,,136742,21,,,0,15,,136752,21,,,0,49,,136779,21,,,0,9,,136775,21,,,0,10,,136771,21,,,0,13,,136768,21,,,0,12,,136773,21,,,0,53,,136774,21,,,0,14,,136770,21,,,0,15,,136740,21,,,0,17,,136738,21,,,0,51,,136767,21,,,0,11,,136737,21,,,0,14,,136765,21,,,0,20,,136744,21,,,0,65,,136739,21,,,0,30,,136741,21,,,0,70,,136761,21,,,0,29,,136769,21,,,0,69,,136764,21,,,0,29,,136751,21,,,0,71,,136750,21,,,0,33,,136749,21,,,0,67,,136743,21,,,0,28,,136748,21,,,0,75,,136745,21,,,0,27,,136778,21,,,0,10,,136777,21,,,0,69,,136776,21,,,0,14,,136757,21,,,0,23,,136763,21,,,0,51,,136762,21,,,0,21,,136766,21,,,0,19,,136754,21,,,0,12,,136760,21,,,0,58,,136759,21,,,0,14,,136758,21,,,0,19,,136753,21,,,0,60,,136746,21,0,11 12,0,8,,136772,21,,,0
667201,'101',1526,,136736,11,0,11 12,0,32,,136735,21,,,0
667201,'2',643,,136791,21,,,0,70,,136790,21,,,0,30,,136785,21,,,0,70,,136788,21,,,0,30,,136783,21,,,0,70,,136794,21,,,0,30,,136781,21,,,0,69,,136798,21,,,0,29,,136797,21,,,0,69,,136793,21,,,0,29,,136804,21,,,0,73,,136792,21,,,0,30,,136803,21,,,0,71,,136796,21,,,0,30,,136787,21,,,0,60,,136802,21,,,0,20,,136808,21,,,0,20,,136809,21,,,0,61,,136810,21,,,0,20,,136784,21,,,0,20,,136801,21,,,0,62,,136795,21,,,0,19,,136805,21,,,0,19,,136806,21,,,0,60,,136807,21,,,0,21,,136800,21,,,0,18,,136782,21,,,0,62,,136811,21,,,0,20,,136789,21,,,0,20,,136812,21,,,0,60,,136799,21,,,0,17,,136813,21,,,0
667201,'201',1558,,136780,21,,,0
667201,'3',712,,136839,21,,,0,30,,136838,21,,,0,70,,136819,21,,,0,30,,136821,21,,,0,70,,136832,21,,,0,30,,136822,21,,,0,70,,136828,21,,,0,30,,136824,21,,,0,70,,136831,21,,,0,30,,136826,21,,,0,69,,136817,21,,,0,30,,136827,21,,,0,70,,136835,21,,,0,30,,136825,21,,,0,71,,136820,21,,,0,30,,136816,21,,,0,70,,136834,21,,,0,30,,136833,21,,,0,70,,136829,21,,,0,30,,136837,21,,,0,70,,136830,21,,,0,30,,136818,21,,,0,70,,136823,21,,,0,30,,136836,21,,,0,70,,136814,21,,,0
667301,'1',537,,137016,26,0,11 12,0,71,,136993,26,0,11 12,0,37,,136992,26,,,0,9,,137006,26,,,0,47,,137018,26,,,0,15,,137024,26,,,0,13,,137012,26,,,0,19,,136983,26,,,0,60,,137005,26,,,0,18,,137001,26,,,0,14,,136989,26,0,11 12,0,14,,137022,26,,,0,55,,137000,26,0,11 12,0,22,,137023,26,,,0,10,,136987,26,,,0,65,,136986,26,,,0,26,,136985,26,,,0,26,,137009,26,,,0,70,,137010,26,,,0,72,,137008,26,,,0,27,,136999,26,,,0,28,,137007,26,,,0,73,,137011,26,,,0,31,,136991,26,,,0,70,,136996,26,,,0,20,,136988,26,,,0,85,,137013,26,,,0,22,,137019,26,,,0,66,,137004,26,,,0,34,,136997,26,,,0,76,,137015,26,,,0,9,,136984,26,,,0,64,,137020,26,,,0,21,,137003,26,0,11 12,0,22,,137002,26,0,11 12,0,56,,137021,26,0,11 12,0,38,,136994,26,0,11 12,0,67,,137025,26,0,11 12,0,31,,137014,26,0,11 12,0,71,,137026,25,0,11 12,0,29,,136981,25,0,11 12,0,100,,136990,25,0,11 12,0,97,,136982,25,0,11 12,0,103,,137017,25,0,11 12,0,71,,136995,25,0,11 12,0,91,,136998,25,0,11 12,0
667301,'101',1523,,136979,26,0,11 12,0,11,,136980,18,0,11 12,0,77,,136978,26,0,11 12,0
667301,'2',634,,137028,26,0,11 12,0,74,,137029,26,0,11 12,0,104,,137030,26,0,11 12,0,114,,137031,26,,,0,81,,137032,26,,,0,28,,137033,26,,,0,19,,137056,26,,,0,59,,137063,26,,,0,22,,137034,26,,,0,20,,137052,26,,,0,61,,137064,26,,,0,17,,137035,26,,,0,20,,137036,26,,,0,60,,137065,26,,,0,22,,137058,26,,,0,20,,137053,26,,,0,60,,137066,26,,,0,20,,137037,26,,,0,21,,137057,26,,,0,60,,137067,26,,,0,19,,137038,26,,,0,21,,137054,26,,,0,58,,137068,26,,,0,21,,137039,26,,,0,20,,137069,26,,,0,60,,137040,26,,,0,20,,137041,26,,,0,18,,137070,26,,,0,60,,137055,26,,,0,20,,137071,26,,,0,22,,137049,26,,,0,58,,137050,26,,,0,21,,137042,26,0,11 12,0,74,,137059,26,0,11 12,0,32,,137043,26,0,11 12,0,68,,137060,26,0,11 12,0,30,,137044,25,0,11 12,0,70,,137061,25,0,11 12,0,30,,137045,25,0,11 12,0,70,,137062,25,0,11 12,0,29,,137046,25,0,11 12,0,99,,137047,25,0,11 12,0,71,,137051,25,0,11 12,0,101,,137048,25,0,11 12,0
667301,'201',1611,,137027,26,0,11 12,0
667301,'3',739,,137072,26,0,11 12,0,101,,137073,26,0,11 12,0,70,,137105,26,,,0,20,,137088,26,,,0,20,,137106,26,,,0,61,,137092,26,,,0,21,,137074,26,,,0,20,,137107,26,,,0,61,,137093,26,,,0,20,,137075,26,,,0,19,,137094,26,,,0,60,,137113,26,,,0,20,,137076,26,,,0,20,,137095,26,,,0,60,,137108,26,,,0,21,,137077,26,,,0,20,,137096,26,,,0,59,,137109,26,,,0,21,,137078,26,,,0,19,,137110,26,,,0,62,,137097,26,,,0,20,,137079,26,,,0,20,,137111,26,,,0,60,,137098,26,,,0,20,,137080,26,,,0,18,,137112,26,,,0,60,,137089,26,,,0,20,,137091,26,,,0,19,,137114,26,0,11 12,0,61,,137090,26,0,11 12,0,22,,137102,26,0,11 12,0,21,,137115,26,0,11 12,0,62,,137099,26,0,11 12,0,28,,137101,26,0,11 12,0,70,,137081,26,0,11 12,0,30,,137100,26,0,11 12,0,68,,137082,26,0,11 12,0,30,,137103,25,0,11 12,0,69,,137083,25,0,11 12,0,30,,137104,25,0,11 12,0,71,,137084,25,0,11 12,0,100,,137085,25,0,11 12,0,101,,137086,25,0,11 12,0,100,,137087,25,0,11 12,0
1671701,'1',1948,,158204,21,,,0,69,,158203,21,,,0,26,,158202,21,,,0,70,,158215,21,,,0,30,,158214,21,,,0,70,,158213,21,,,0,30,,158212,21,,,0,66,,158211,21,,,0,33,,158210,21,,,0,72,,158209,21,,,0,30,,158205,21,0,11 12,0,11,,158208,21,0,11 12,0,99,,158207,21,0,11 12,0
1671701,'2',1938,,158218,21,,,0,71,,158217,21,,,0,29,,158216,21,,,0,70,,158228,21,,,0,31,,158227,21,,,0,70,,158226,21,,,0,30,,158225,21,,,0,70,,158224,21,,,0,30,,158223,21,,,0,70,,158222,21,,,0,20,,158229,21,0,11 12,0,28,,158221,21,0,11 12,0,99,,158220,21,0,11 12,0
1671701,'3',1942,,158230,21,,,0,70,,158243,21,,,0,29,,158242,21,,,0,71,,158241,21,,,0,30,,158240,21,,,0,69,,158239,21,,,0,28,,158238,21,,,0,71,,158237,21,,,0,30,,158236,21,,,0,69,,158235,21,,,0,30,,158234,21,0,11 12,0,20,,158233,21,0,11 12,0,92,,158232,21,,,0
2263901,'1',629,,160410,19,,,0,30,,160411,19,,,0,70,,160412,19,,,0,27,,160413,19,,,0,73,,160414,19,,,0,27,,160415,19,,,0,70,,160416,19,,,0,30,,160417,19,,,0,70,,160418,19,,,0,30,,160419,19,,,0,70,,160420,19,,,0,30,,160421,19,,,0,70,,160422,19,,,0,30,,160423,19,,,0,70,,160424,19,,,0,30,,160425,19,,,0,70,,160426,19,,,0,30,,160427,19,,,0,70,,160428,19,,,0,33,,160429,19,,,0,70,,160430,19,,,0,30,,160431,19,,,0,73,,160432,19,,,0,27,,160433,19,,,0,69,,160434,19,,,0,28,,160435,19,,,0,70,,160436,19,,,0,30,,160437,19,,,0,100,,160438,19,,,0
2263901,'2',655,,182513,19,,,0,70,,182514,19,,,0,30,,182515,19,,,0,68,,182516,19,,,0,30,,182517,19,,,0,70,,182518,19,,,0,30,,182519,19,,,0,72,,182520,19,,,0,30,,182521,19,,,0,70,,182522,19,,,0,30,,182523,19,,,0,70,,182524,19,,,0,15,,182525,19,,,0,14,,182526,19,,,0,55,,182527,19,,,0,15,,182528,19,,,0,15,,182529,19,,,0,15,,182530,19,,,0,55,,182531,19,,,0,15,,182532,19,,,0,15,,182533,19,,,0,15,,182534,19,,,0,55,,182535,19,,,0,15,,182536,19,,,0,15,,182537,19,,,0,16,,182538,19,,,0,55,,182539,19,,,0,16,,182540,19,,,0,15,,182541,19,,,0,15,,182542,19,,,0,55,,182543,19,,,0,15,,182544,19,,,0,15,,182545,19,,,0,14,,182546,19,,,0,55,,182547,19,,,0,15,,182548,19,,,0,15,,182549,19,,,0,15,,182550,19,,,0,55,,182551,19,,,0,15,,182552,19,,,0,15,,182553,19,,,0,15,,182554,19,,,0,100,,182555,19,,,0
2263901,'3',827,,182556,19,,,0,27,,182557,19,,,0,70,,182558,19,,,0,30,,182559,19,,,0,70,,182560,19,,,0,30,,182561,19,,,0,70,,182562,19,,,0,30,,182563,19,,,0,70,,182564,19,,,0,15,,182565,19,,,0,15,,182566,19,,,0,55,,182567,19,,,0,15,,182568,19,,,0,15,,182569,19,,,0,15,,182570,19,,,0,55,,182571,19,,,0,15,,182572,19,,,0,15,,182573,19,,,0,15,,182574,19,,,0,55,,182575,19,,,0,15,,182576,19,,,0,15,,182577,19,,,0,15,,182578,19,,,0,55,,182579,19,,,0,15,,182580,19,,,0,15,,182581,19,,,0,15,,182582,19,,,0,55,,182583,19,,,0,15,,182584,19,,,0,15,,182585,19,,,0,15,,182586,19,,,0,55,,182587,19,,,0,15,,182588,19,,,0,15,,182589,19,,,0,15,,182590,19,,,0,55,,182591,19,,,0,15,,182592,19,,,0,16,,182593,19,,,0,15,,182594,19,,,0,100,,182595,19,,,0
3930701,'1',605,,173804,7,,,0,18,,173805,7,,,0,16,,173806,7,,,0,15,,173807,7,,,0,58,,173808,7,,,0,9,,173809,7,,,0,10,,173810,7,,,0,9,,173811,7,,,0,10,,173812,7,,,0,50,,173813,7,,,0,10,,173814,7,,,0,6,,173815,7,,,0,5,,173816,7,,,0,5,,173817,7,,,0,6,,173818,7,,,0,9,,173819,7,,,0,6,,173820,7,,,0,5,,173821,7,,,0,5,,173822,7,,,0,46,,173823,7,,,0,5,,173824,7,,,0,9,,173905,7,,,0,5,,173825,7,,,0,5,,173826,7,,,0,11,,173827,7,,,0,10,,173828,7,,,0,10,,173829,7,,,0,50,,173830,7,,,0,10,,173831,7,,,0,10,,173832,7,,,0,9,,173833,7,,,0,10,,173834,7,,,0,10,,173835,7,,,0,51,,173836,7,,,0,10,,173837,7,,,0,10,,173838,7,,,0,9,,173839,7,,,0,10,,173840,7,,,0,10,,173841,7,,,0,50,,173842,7,,,0,10,,173843,7,,,0,10,,173844,7,,,0,10,,173845,7,,,0,10,,173846,7,,,0,10,,173847,7,,,0,50,,173848,7,,,0,10,,173849,7,,,0,10,,173850,7,,,0,10,,173851,7,,,0,10,,173852,7,,,0,10,,173853,7,,,0,51,,173854,7,,,0,10,,173855,7,,,0,10,,173856,7,,,0,9,,173857,7,,,0,12,,173858,7,,,0,9,,173859,7,,,0,51,,173860,7,,,0,10,,173861,7,,,0,10,,173862,7,,,0,10,,173863,7,,,0,10,,173864,7,,,0,10,,173865,7,,,0,50,,173866,7,,,0,10,,173867,7,,,0,10,,173868,7,,,0,10,,173869,7,,,0,10,,173870,7,,,0,10,,173871,7,,,0,50,,173872,7,,,0,10,,173873,7,,,0,10,,173874,7,,,0,10,,173875,7,,,0,9,,173876,7,,,0,11,,173877,7,,,0,51,,173878,7,,,0,10,,173879,7,,,0,8,,173880,7,,,0,5,,173881,7,,,0,11,,173882,7,,,0,14,,173883,7,,,0,55,,173884,7,,,0,15,,173885,7,,,0,15,,173886,7,,,0,15,,173887,7,,,0,55,,173888,7,,,0,15,,173889,7,,,0,14,,173890,7,,,0,16,,173891,7,,,0,54,,173892,7,,,0,15,,173893,7,,,0,14,,173894,7,,,0,16,,173895,7,,,0,55,,173896,7,,,0,12,,173897,7,,,0,18,,173898,7,,,0,69,,173899,7,,,0,30,,173900,7,,,0,70,,173901,7,,,0,30,,173902,7,,,0,70,,173903,7,,,0,30,,173904,7,,,0
3930701,'2',644,,173906,7,,,0,71,,173907,7,,,0,30,,173908,7,,,0,70,,173909,7,,,0,30,,173910,7,,,0,70,,173911,7,,,0,30,,173912,7,,,0,70,,173913,7,,,0,31,,173914,7,,,0,69,,173915,7,,,0,29,,173916,7,,,0,72,,173917,7,,,0,30,,173918,7,,,0,70,,173919,7,,,0,30,,173920,7,,,0,70,,173921,7,,,0,30,,173922,7,,,0,69,,173923,7,,,0,31,,173924,7,,,0,71,,173925,7,,,0,30,,173926,7,,,0,69,,173927,7,,,0,30,,173928,7,,,0,70,,173929,7,,,0,30,,173930,7,,,0,70,,173931,7,,,0,29,,173932,7,,,0,70,,173933,7,,,0,30,,173934,7,,,0,70,,173935,7,,,0,30,,173936,7,,,0,70,,173937,7,,,0,29,,173938,7,,,0,71,,173939,7,,,0,30,,173940,7,,,0,71,,173941,7,,,0,31,,173942,7,,,0,68,,173943,7,,,0,29,,173944,7,,,0
3930701,'3',813,,173945,7,,,0,30,,173946,7,,,0,72,,173947,7,,,0,30,,173948,7,,,0,70,,173949,7,,,0,28,,173950,7,,,0,73,,173951,7,,,0,30,,173952,7,,,0,70,,173953,7,,,0,30,,173954,7,,,0,70,,173955,7,,,0,30,,173956,7,,,0,70,,173957,7,,,0,30,,173958,7,,,0,68,,173959,7,,,0,32,,173960,7,,,0,70,,173961,7,,,0,30,,173962,7,,,0,67,,173963,7,,,0,30,,173964,7,,,0,70,,173965,7,,,0,29,,173966,7,,,0,71,,173967,7,,,0,30,,173968,7,,,0,70,,173969,7,,,0,31,,173970,7,,,0,70,,173971,7,,,0,31,,173972,7,,,0,72,,173973,7,,,0,27,,173974,7,,,0,74,,173975,7,,,0,25,,173976,7,,,0,71,,173977,7,,,0,30,,173978,7,,,0,70,,173979,7,,,0,30,,173980,7,,,0
