667700,'1',618,,79383,17,,,0,29,,79356,17,,,0,71,,79364,17,,,0,30,,79371,17,,,0,73,,79381,17,,,0,28,,79367,17,,,0,78,,79351,17,,,0,24,,79389,17,,,0,87,,79350,17,,,0,71,,79358,17,,,0,29,,79365,17,,,0,70,,79363,17,,,0,30,,79362,17,,,0,71,,79372,17,,,0,31,,79349,17,,,0,69,,79387,17,,,0,16,,79352,17,,,0,31,,79353,17,,,0,65,,79346,17,,,0,20,,79377,17,,,0,14,,79357,17,,,0,70,,79360,17,,,0,19,,79368,17,,,0,12,,79361,17,,,0,59,,79378,17,,,0,12,,79373,17,,,0,19,,79384,17,,,0,60,,79388,17,,,0,13,,79374,17,,,0,15,,79385,17,,,0,12,,79382,17,,,0,56,,79375,17,,,0,10,,79355,17,,,0,11,,79376,17,,,0,14,,79370,17,,,0,16,,79390,17,,,0,57,,79366,17,,,0,16,,79348,17,,,0,15,,79386,17,,,0,11,,79347,17,,,0,68,,79379,17,,,0,29,,79369,17,,,0,69,,79359,17,,,0,30,,79392,17,,,0,68,,79380,17,,,0,30,,79391,17,,,0,70,,79354,17,,,0
667700,'101',1614,,79343,17,,,0
667700,'1101',2519,,79344,17,,,0
667700,'1201',2519,,79345,17,,,0
667700,'2',650,,79420,17,,,0,66,,79421,17,,,0,31,,79400,17,,,0,70,,79428,17,,,0,32,,79429,17,,,0,72,,79396,17,,,0,30,,79426,17,,,0,69,,79403,17,,,0,32,,79434,17,,,0,71,,79398,17,,,0,28,,79433,17,,,0,71,,79435,17,,,0,30,,79401,17,,,0,70,,79399,17,,,0,32,,79438,17,,,0,56,,79409,17,,,0,20,,79436,17,,,0,22,,79394,17,,,0,59,,79419,17,,,0,19,,79425,17,,,0,22,,79424,17,,,0,59,,79418,17,,,0,20,,79395,17,,,0,21,,79402,17,,,0,59,,79417,17,,,0,24,,79437,17,,,0,19,,79404,17,,,0,60,,79416,17,,,0,23,,79430,17,,,0,20,,79427,17,,,0,64,,79415,17,,,0,16,,79408,17,,,0,15,,79405,17,,,0,55,,79423,17,,,0,16,,79414,17,,,0,29,,79431,17,,,0,72,,79422,17,,,0,28,,79406,17,,,0,69,,79411,17,,,0,30,,79410,17,,,0,70,,79432,17,,,0,30,,79413,17,,,0,69,,79397,17,,,0,32,,79412,17,,,0,64,,79407,17,,,0,36,,79393,17,,,0
667700,'3',821,,79456,17,,,0,30,,79450,17,,,0,70,,79459,17,,,0,29,,79449,17,,,0,70,,79457,17,,,0,30,,79448,17,,,0,69,,79458,17,,,0,31,,79439,17,,,0,69,,79460,17,,,0,32,,79447,17,,,0,69,,79443,17,,,0,32,,79455,17,,,0,70,,79462,17,,,0,31,,79454,17,,,0,53,,79476,17,,,0,30,,79463,17,,,0,15,,79453,17,,,0,57,,79475,17,,,0,29,,79466,17,,,0,16,,79452,17,,,0,55,,79474,17,,,0,32,,79464,17,,,0,13,,79451,17,,,0,56,,79473,17,,,0,30,,79461,17,,,0,14,,79446,17,,,0,57,,79472,17,,,0,26,,79441,17,,,0,15,,79445,17,,,0,59,,79471,17,,,0,26,,79440,17,,,0,17,,79444,17,,,0,67,,79442,17,,,0,30,,79470,17,,,0,71,,79467,17,,,0,30,,79469,17,,,0,71,,79465,17,,,0,34,,79468,17,,,0
683700,'1',2538,,96928,44,,,0,20,,96927,44,,,0,60,,96923,44,,,0,29,,96926,44,,,0,74,,96925,44,,,0,19,,96924,44,,,0,68,,96922,44,,,0
683700,'1101',2658,,96920,44,,,0
683700,'1201',2658,,96921,44,,,0
683700,'2',525,,96937,18,,,0,2020,,96931,44,,,0,62,,96936,44,,,0,14,,96930,44,,,0,19,,96935,44,,,0,60,,96932,44,,,0,30,,96934,44,,,0,12,,96933,44,,,0,74,,96929,44,,,0
683700,'3',555,,96946,18,,,0,74,,96947,18,,,0,71,,96948,18,,,0,30,,96949,38,,,0,1687,,96942,44,,,0,32,,96941,44,,,0,70,,96940,44,,,0,38,,96939,44,,,0,71,,96938,44,,,0,24,,96945,44,,,0,88,,96944,44,,,0,65,,96943,44,,,0
