668700,'1_merged_15291773',607,,22699,4,,,0,30,,22702,4,,,0,70,,22705,4,,,0,15,,22707,4,,,0,15,,22709,4,,,0,15,,22712,4,,,0,55,,22713,4,,,0,15,,22715,4,,,0,15,,22717,4,,,0,15,,22719,4,,,0,55,,22721,4,,,0,30,,22725,4,,,0,70,,22728,4,,,0,30,,22731,4,,,0,70,,22734,4,,,0,30,,22737,4,,,0,70,,22740,4,,,0,30,,22743,4,,,0,70,,22746,4,,,0,30,,22749,4,,,0,70,,22752,4,,,0,30,,22756,4,,,0,70,,22758,4,,,0,30,,22761,4,,,0,70,,22765,4,,,0,30,,22769,4,,,0,15,,22771,4,,,0,55,,22773,4,,,0,15,,22776,4,,,0,15,,22778,4,,,0,15,,22781,4,,,0,55,,22783,4,,,0,15,,22786,4,,,0,15,,22787,4,,,0,15,,22789,4,,,0,55,,22791,4,,,0,30,,22793,4,,,0,70,,22796,4,,,0,30,,22798,4,,,0,70,,22800,4,,,0,30,,22801,4,,,0,75,,22802,4,,,0,30,,22803,4,,,0,70,,22804,4,,,0,30,,22805,4,,,0,70,,22806,4,,,0
668700,'2_merged_15291775',637,,56917,4,,,0,70,,56918,4,,,0,30,,56919,4,,,0,70,,56920,4,,,0,15,,56921,4,,,0,15,,56923,4,,,0,70,,56925,4,,,0,30,,56929,4,,,0,70,,56932,4,,,0,30,,56936,4,,,0,70,,56939,4,,,0,30,,56942,4,,,0,70,,56945,4,,,0,30,,56948,4,,,0,70,,56951,4,,,0,30,,56955,4,,,0,70,,56958,4,,,0,30,,56961,4,,,0,70,,56965,4,,,0,30,,56969,4,,,0,10,,56971,4,,,0,60,,56974,4,,,0,30,,56977,4,,,0,10,,56979,4,,,0,60,,56982,4,,,0,30,,56985,4,,,0,15,,56988,4,,,0,55,,56990,4,,,0,30,,56993,4,,,0,70,,56996,4,,,0,30,,56999,4,,,0,70,,57001,4,,,0,30,,57003,4,,,0,70,,57005,4,,,0,30,,57007,4,,,0,75,,57009,4,,,0,30,,57010,4,,,0,70,,57012,4,,,0,30,,57013,4,,,0,70,,57014,4,,,0
668700,'3_merged_15291774',707,,57017,4,,,0,30,,57018,4,,,0,70,,57019,4,,,0,15,,57021,4,,,0,15,,57022,4,,,0,70,,57024,4,,,0,15,,57025,4,,,0,15,,57027,4,,,0,70,,57028,4,,,0,30,,57031,4,,,0,70,,57034,4,,,0,30,,57037,4,,,0,70,,57040,4,,,0,30,,57043,4,,,0,70,,57046,4,,,0,30,,57049,4,,,0,70,,57052,4,,,0,30,,57055,4,,,0,70,,57059,4,,,0,30,,57062,4,,,0,70,,57066,4,,,0,30,,57069,4,,,0,70,,57073,4,,,0,30,,57076,4,,,0,70,,57080,4,,,0,30,,57083,4,,,0,70,,57086,4,,,0,30,,57087,4,,,0,70,,57088,4,,,0,30,,57089,4,,,0,15,,57090,4,,,0,55,,57091,4,,,0,30,,57092,4,,,0,75,,57093,4,,,0,30,,57094,4,,,0,70,,57095,4,,,0,100,,57098,4,,,0
677900,'1201_merged_15291766',2011,,34444,5,,,0,100,,34445,5,,,0,100,,34446,5,,,0,97,,34447,5,,,0
677900,'1_merged_15291773',635,,34430,5,,,0,91,,34431,5,,,0,100,,34432,5,,,0,100,,34433,5,,,0,100,,34434,5,,,0,100,,34435,5,,,0,100,,34436,5,,,0,95,,34437,5,,,0,100,,34438,5,,,0,100,,34439,5,,,0,100,,34440,5,,,0,98,,34441,5,,,0,102,,34442,5,,,0,95,,34443,5,,,0
677900,'2_merged_15291775',926,,57712,5,,,0,100,,57713,5,,,0,100,,57714,5,,,0,100,,57715,5,,,0,95,,57716,5,,,0,100,,57717,5,,,0,100,,57718,5,,,0,100,,57719,5,,,0,100,,57720,5,,,0,135,,57722,5,,,0,100,,57723,5,,,0,100,,57724,5,,,0,100,,57725,5,,,0,100,,57726,5,,,0
677900,'3_merged_15291774',1026,,57727,5,,,0,100,,57728,5,,,0,100,,57729,5,,,0,95,,57730,5,,,0,100,,57731,5,,,0,100,,57732,5,,,0,100,,57733,5,,,0,100,,57734,5,,,0,100,,57735,5,,,0
677901,'1201_merged_15291766',2046,,34486,16,,,0,100,,34487,16,,,0,100,,34488,16,,,0,100,,34489,16,,,0
677901,'1_merged_15291773',706,,34472,16,,,0,95,,34473,16,,,0,100,,34474,16,,,0,100,,34475,16,,,0,100,,34476,16,,,0,100,,34477,16,,,0,100,,34478,16,,,0,55,,34479,16,,,0,100,,34480,16,,,0,100,,34481,16,,,0,100,,34482,16,,,0,98,,34483,16,,,0,102,,34484,16,,,0,97,,34485,16,,,0
677901,'2_merged_15291775',1001,,57736,16,,,0,100,,57737,16,,,0,100,,57738,16,,,0,100,,57739,16,,,0,55,,57740,16,,,0,100,,57741,16,,,0,100,,57742,16,,,0,100,,57743,16,,,0,98,,57744,16,,,0,69,,57745,4,,,0,108,,57746,16,,,0,100,,57747,16,,,0,100,,57748,16,,,0,100,,57749,16,,,0,100,,57750,16,,,0
677901,'3_merged_15291774',1101,,57751,16,,,0,100,,57752,16,,,0,100,,57753,16,,,0,55,,57754,16,,,0,100,,57755,16,,,0,100,,57756,16,,,0,100,,57757,16,,,0,100,,57758,16,,,0,100,,57759,16,,,0
