668701,'1',524,,184399,15,0,7 49,0,10,,184400,15,,,0,67,,184402,23,,,0,30,,184403,23,,,0,15,,184406,23,,,0,55,,184408,23,,,0,17,,184410,23,,,0,17,,184412,23,,,0,15,,184415,23,,,0,50,,184417,23,,,0,15,,184419,23,,,0,15,,184421,23,,,0,20,,184423,23,,,0,70,,184428,23,,,0,30,,184435,23,,,0,70,,184438,23,,,0,30,,184441,23,,,0,70,,184444,23,,,0,30,,184447,23,,,0,70,,184450,23,,,0,30,,184453,23,,,0,70,,184456,23,,,0,30,,184459,23,,,0,70,,184462,23,,,0,30,,184465,23,,,0,74,,184468,23,,,0,30,,184471,23,,,0,55,,184473,23,,,0,15,,184476,23,,,0,15,,184478,23,,,0,15,,184481,23,,,0,55,,184483,23,,,0,15,,184486,23,,,0,15,,184488,23,,,0,15,,184491,23,,,0,55,,184493,23,,,0,14,,184496,23,,,0,10,,184497,23,,,0,15,,184501,23,,,0,70,,184504,23,,,0,30,,184507,23,,,0,70,,184510,23,,,0,30,,184513,23,,,0,70,,184515,23,,,0,15,,184516,23,,,0,70,,184517,23,,,0,30,,184518,23,,,0,70,,184519,23,,,0,30,,184520,23,,,0,106,,184522,23,,,0,99,,184524,23,0,7 49,0
668701,'2',526,,181578,15,0,7 49,0,28,,181579,23,,,0,72,,181580,15,0,7 49,0,7,,181581,23,,,0,70,,181582,23,,,0,30,,181583,23,,,0,15,,181584,23,,,0,55,,181585,23,,,0,30,,181587,23,,,0,15,,181589,23,,,0,70,,181591,23,,,0,29,,181594,23,,,0,70,,181598,23,,,0,30,,181601,23,,,0,70,,181605,23,,,0,30,,181608,23,,,0,71,,181611,23,,,0,30,,181614,23,,,0,70,,181617,23,,,0,30,,181620,23,,,0,70,,181624,23,,,0,30,,181627,23,,,0,55,,181629,23,,,0,15,,181632,23,,,0,31,,181635,23,,,0,55,,181637,23,,,0,15,,181640,23,,,0,30,,181643,23,,,0,55,,181646,23,,,0,20,,181648,23,,,0,25,,181652,23,,,0,55,,181654,23,,,0,15,,181656,23,,,0,29,,181659,23,,,0,70,,181662,23,,,0,30,,181665,23,,,0,70,,181668,23,,,0,30,,181670,23,,,0,70,,181672,23,,,0,15,,181673,23,,,0,75,,181675,23,,,0,25,,181677,23,,,0,70,,181679,23,,,0,30,,181680,23,,,0,105,,181682,23,,,0,99,,181684,23,0,7 49,0
668701,'3',702,,181686,23,,,0,30,,181687,23,,,0,70,,181688,23,,,0,30,,181689,23,,,0,10,,181690,23,,,0,60,,181691,23,,,0,30,,181693,23,,,0,15,,181695,23,,,0,55,,181696,23,,,0,15,,181697,23,,,0,35,,181700,23,,,0,65,,181703,23,,,0,30,,181706,23,,,0,72,,181709,23,,,0,30,,181712,23,,,0,70,,181715,23,,,0,30,,181718,23,,,0,70,,181721,23,,,0,30,,181724,23,,,0,70,,181727,23,,,0,30,,181730,23,,,0,70,,181734,23,,,0,30,,181737,23,,,0,70,,181741,23,,,0,30,,181744,23,,,0,70,,181748,23,,,0,30,,181751,23,,,0,70,,181755,23,,,0,30,,181758,23,,,0,70,,181760,23,,,0,15,,181761,23,,,0,70,,181763,23,,,0,30,,181764,23,,,0,70,,181765,23,,,0,30,,181766,23,,,0,70,,181767,23,,,0,30,,181768,23,,,0
668800,'1',620,,184525,1,,,0,30,,184526,1,,,0,70,,184527,1,,,0,30,,184528,1,,,0,75,,184529,1,,,0,25,,184530,1,,,0,75,,184531,1,,,0,25,,184532,1,,,0,100,,184533,1,,,0,100,,184534,1,,,0,100,,184535,1,,,0,100,,184536,1,,,0,100,,184537,1,,,0,70,,184538,1,,,0,30,,184539,1,,,0,70,,184540,1,,,0,30,,184541,1,,,0,70,,184542,1,,,0,30,,184543,1,,,0,70,,184544,1,,,0,30,,184545,1,,,0,100,,184546,1,,,0,100,,184547,1,,,0,100,,184548,1,,,0,100,,184549,1,,,0
668800,'2',840,,181773,1,,,0,100,,181774,1,,,0,100,,181775,1,,,0,100,,181776,1,,,0,100,,181777,1,,,0,100,,181778,1,,,0,100,,181779,1,,,0,100,,181780,1,,,0,100,,181781,1,,,0,100,,181782,1,,,0,100,,181783,1,,,0,100,,181784,1,,,0,100,,181785,1,,,0,100,,181786,1,,,0,100,,181787,1,,,0,100,,181788,1,,,0
668800,'3',1040,,181789,1,,,0,100,,181790,1,,,0,100,,181791,1,,,0,100,,181792,1,,,0,100,,181793,1,,,0,100,,181794,1,,,0,100,,181795,1,,,0,100,,181796,1,,,0,100,,181797,1,,,0,100,,181798,1,,,0,100,,181799,1,,,0,100,,181800,1,,,0,100,,181801,1,,,0,100,,181802,1,,,0
668801,'1',637,,184550,44,4,,0,70,,184551,44,4,,0,30,,184552,44,4,,0,70,,184553,44,4,,0,30,,184554,44,4,,0,70,,184555,44,4,,0,30,,184556,44,4,,0,90,,184557,44,4,,0,100,,184558,44,4,,0,100,,184559,44,4,,0,100,,184560,44,4,,0,90,,184561,44,4,,0,90,,184562,44,4,,0,30,,184563,44,4,,0,70,,184564,44,4,,0,30,,184565,44,4,,0,70,,184566,44,4,,0,30,,184567,44,4,,0,70,,184568,44,4,,0,30,,184569,44,4,,0,86,,184570,44,4,,0,100,,184571,44,4,,0,100,,184572,44,4,,0,99,,184573,44,4,,0,98,,184574,44,4,,0
668801,'2',803,,181803,44,4,,0,100,,181804,44,4,,0,100,,181805,44,4,,0,100,,181806,44,4,,0,100,,181807,44,4,,0,100,,181808,44,4,,0,100,,181809,44,4,,0,100,,181810,44,4,,0,100,,181811,44,4,,0,100,,181812,44,4,,0,100,,181813,44,4,,0,100,,181814,44,4,,0,99,,181815,44,4,,0,100,,181816,44,4,,0,100,,181817,44,4,,0,99,,181818,44,4,,0,100,,181819,44,4,,0
668801,'3',1002,,181820,44,4,,0,100,,181821,44,4,,0,100,,181822,44,4,,0,100,,181823,44,4,,0,100,,181824,44,4,,0,100,,181825,44,4,,0,100,,181826,44,4,,0,100,,181827,44,4,,0,100,,181828,44,4,,0,100,,181829,44,4,,0,100,,181830,44,4,,0,100,,181831,44,4,,0,99,,181832,44,4,,0,100,,181833,44,4,,0
669001,'1',621,,184649,15,,,0,30,,184650,15,,,0,72,,184651,23,,,0,28,,184652,15,,,0,88,,184653,23,,,0,87,,184654,15,,,0,100,,184655,15,,,0,100,,184656,15,,,0,100,,184657,15,,,0,98,,184658,15,,,0,100,,184659,23,,,0,30,,184660,23,,,0,69,,184661,23,,,0,30,,184662,23,,,0,76,,184663,23,,,0,30,,184664,23,,,0,70,,184665,23,,,0,30,,184666,23,,,0,70,,184667,23,,,0,30,,184668,23,,,0,70,,184669,23,,,0,96,,184670,15,,,0,99,,184671,15,,,0,109,,184672,15,,,0
669001,'2',725,,181925,15,,,0,100,,181926,15,,,0,100,,181927,15,,,0,100,,181928,15,,,0,100,,181929,15,,,0,100,,181930,15,,,0,100,,181931,15,,,0,100,,181932,15,,,0,100,,181933,15,,,0,100,,181934,15,,,0,100,,181935,15,,,0,100,,181936,15,,,0,100,,181937,15,,,0,100,,181938,15,,,0,100,,181939,15,,,0,109,,181940,15,,,0
669001,'3',825,,181941,15,,,0,100,,181942,15,,,0,100,,181943,15,,,0,100,,181944,15,,,0,100,,181945,15,,,0,100,,181946,15,,,0,100,,181947,15,,,0,100,,181948,15,,,0,100,,181949,15,,,0,100,,181950,15,,,0,100,,181951,15,,,0,100,,181952,15,,,0,100,,181953,15,,,0,100,,181954,15,,,0,109,,181955,15,,,0
