672100,'1_merged_15529678',1615,,87952,34,,,0,35,,87956,34,,,0,75,,87951,34,,,0,34,,87957,34,,,0,60,,87955,34,,,0,16,,87958,34,,,0,17,,87960,34,,,0,60,,87954,34,,,0,17,,87961,34,,,0,17,,87959,34,,,0,59,,87953,34,,,0
681601,'1_merged_15529678',737,,94804,5,,,0,100,,94803,5,,,0,100,,94802,5,,,0,100,,94801,5,,,0,100,,94800,5,,,0,100,,94799,5,,,0,100,,94798,5,,,0,100,,94812,5,,,0,100,,94811,5,,,0,100,,94810,5,,,0,100,,94809,5,,,0,100,,94808,5,,,0,100,,94807,5,,,0,100,,94806,5,,,0,100,,94805,5,,,0
681601,'2_merged_15529680',937,,94813,5,,,0,100,,94814,5,,,0,100,,94815,5,,,0,100,,94816,5,,,0,100,,94817,5,,,0,100,,94818,5,,,0,100,,94819,5,,,0,100,,94820,5,,,0,100,,94821,5,,,0,100,,94822,5,,,0,100,,94823,5,,,0,100,,94824,5,,,0,100,,94825,5,,,0
681601,'3_merged_15529679',936,,94834,5,,,0,100,,94833,5,,,0,100,,94832,5,,,0,100,,94831,5,,,0,100,,94835,5,,,0,100,,94830,5,,,0,100,,94829,5,,,0,100,,94828,5,,,0,100,,94827,5,,,0,100,,94826,5,,,0
1169200,'1_merged_15529678',538,,98625,41,,,0,18,,98626,41,,,0,58,,98643,41,,,0,20,,98627,41,,,0,19,,98624,41,,,0,57,,98660,41,,,0,16,,98644,41,,,0,18,,98623,41,,,0,56,,98661,41,,,0,17,,98622,41,,,0,16,,98645,41,,,0,15,,98664,41,,,0,54,,98621,41,,,0,15,,98620,41,,,0,16,,98646,41,,,0,19,,98619,41,,,0,60,,98647,41,,,0,20,,98618,41,,,0,20,,98617,41,,,0,60,,98648,41,,,0,21,,98611,41,,,0,20,,98637,41,,,0,60,,98649,41,,,0,21,,98629,41,,,0,21,,98628,41,,,0,60,,98650,41,,,0,22,,98616,41,,,0,22,,98615,41,,,0,60,,98651,41,,,0,22,,98614,41,,,0,62,,98613,41,,,0,19,,98612,41,,,0,23,,98652,41,,,0,61,,98610,41,,,0,20,,98642,41,,,0,20,,98653,41,,,0,58,,98641,41,,,0,15,,98654,41,,,0,14,,98640,41,,,0,14,,98657,41,,,0,54,,98639,41,,,0,12,,98655,41,,,0,13,,98638,41,,,0,15,,98658,41,,,0,13,,98636,41,,,0,60,,98656,41,,,0,20,,98635,41,,,0,18,,98634,41,,,0,60,,98659,41,,,0,23,,98633,41,,,0,70,,98632,41,,,0,30,,98631,41,,,0,69,,98630,41,,,0,98,,98662,41,,,0,57,,98663,41,,,0
1169200,'2_merged_15529680',611,,98703,41,,,0,28,,98677,41,,,0,62,,98709,41,,,0,23,,98676,41,,,0,22,,98678,41,,,0,62,,98679,41,,,0,22,,98692,41,,,0,20,,98680,41,,,0,60,,98681,41,,,0,21,,98693,41,,,0,21,,98682,41,,,0,60,,98683,41,,,0,21,,98694,41,,,0,22,,98684,41,,,0,60,,98685,41,,,0,20,,98695,41,,,0,20,,98686,41,,,0,60,,98674,41,,,0,20,,98696,41,,,0,20,,98687,41,,,0,60,,98697,41,,,0,23,,98688,41,,,0,62,,98689,41,,,0,21,,98698,41,,,0,22,,98690,41,,,0,61,,98691,41,,,0,20,,98699,41,,,0,19,,98666,41,,,0,58,,98675,41,,,0,20,,98700,41,,,0,20,,98667,41,,,0,59,,98668,41,,,0,20,,98704,41,,,0,19,,98701,41,,,0,20,,98669,41,,,0,60,,98670,41,,,0,20,,98671,41,,,0,20,,98702,41,,,0,60,,98672,41,,,0,29,,98673,41,,,0,70,,98665,41,,,0,98,,98705,41,,,0,99,,98706,41,,,0,99,,98707,41,,,0,98,,98708,41,,,0
1169200,'3_merged_15529679',628,,98748,41,,,0,30,,98736,41,,,0,72,,98721,41,,,0,73,,98720,41,,,0,32,,98722,41,,,0,73,,98723,41,,,0,31,,98724,41,,,0,70,,98725,41,,,0,30,,98726,41,,,0,72,,98732,41,,,0,30,,98727,41,,,0,70,,98728,41,,,0,31,,98729,41,,,0,70,,98730,41,,,0,30,,98731,41,,,0,71,,98733,41,,,0,20,,98738,41,,,0,20,,98734,41,,,0,60,,98735,41,,,0,19,,98739,41,,,0,20,,98710,41,,,0,60,,98711,41,,,0,19,,98740,41,,,0,20,,98712,41,,,0,60,,98713,41,,,0,19,,98741,41,,,0,20,,98714,41,,,0,60,,98715,41,,,0,20,,98742,41,,,0,19,,98716,41,,,0,60,,98717,41,,,0,19,,98743,41,,,0,26,,98718,41,,,0,65,,98719,41,,,0,26,,98737,41,,,0,95,,98744,41,,,0,97,,98745,41,,,0,96,,98746,41,,,0,99,,98747,41,,,0
1870501,'1_merged_15529678',527,,100803,3,,,0,15,,100761,3,,,0,15,,100763,3,,,0,55,,100798,3,,,0,15,,100788,3,,,0,20,,100762,3,,,0,60,,100789,3,,,0,20,,100764,3,,,0,20,,100765,3,,,0,60,,100790,3,,,0,20,,100766,3,,,0,20,,100767,3,,,0,60,,100791,3,,,0,20,,100768,3,,,0,20,,100769,3,,,0,60,,100799,3,,,0,20,,100770,3,,,0,23,,100771,3,,,0,70,,100784,3,,,0,30,,100772,3,,,0,70,,100760,3,,,0,30,,100773,3,,,0,70,,100774,3,,,0,30,,100775,3,,,0,56,,100796,3,,,0,18,,100776,3,,,0,18,,100777,3,,,0,17,,100792,3,,,0,57,,100778,3,,,0,17,,100797,3,,,0,17,,100779,3,,,0,57,,100793,3,,,0,21,,100780,3,,,0,21,,100781,3,,,0,61,,100794,3,,,0,22,,100783,3,,,0,21,,100782,3,,,0,61,,100795,3,,,0,21,,100785,3,,,0,21,,100786,3,,,0,63,,100787,3,,,0,29,,100757,3,,,0,69,,100758,3,,,0,29,,100759,3,,,0,99,,100800,3,,,0,100,,100801,3,,,0,100,,100802,3,,,0
1870501,'2_merged_15529680',550,,100822,3,,,0,70,,100823,3,,,0,30,,100824,3,,,0,70,,100825,3,,,0,30,,100826,3,,,0,70,,100827,3,,,0,30,,100828,3,,,0,70,,100829,3,,,0,31,,100807,3,,,0,72,,100808,3,,,0,32,,100809,3,,,0,72,,100810,3,,,0,31,,100811,3,,,0,71,,100812,3,,,0,30,,100813,3,,,0,70,,100814,3,,,0,30,,100815,3,,,0,70,,100816,3,,,0,30,,100817,3,,,0,70,,100818,3,,,0,30,,100819,3,,,0,70,,100820,3,,,0,30,,100821,3,,,0,68,,100830,3,,,0,28,,100831,3,,,0,68,,100832,3,,,0,28,,100833,3,,,0,70,,100834,3,,,0,30,,100804,3,,,0,70,,100805,3,,,0,30,,100806,3,,,0,99,,100835,3,,,0,100,,100836,3,,,0,100,,100837,3,,,0
1870501,'3_merged_15529679',550,,100864,3,,,0,70,,100865,3,,,0,30,,100866,3,,,0,70,,100867,3,,,0,30,,100838,3,,,0,70,,100839,3,,,0,30,,100840,3,,,0,70,,100841,3,,,0,30,,100842,3,,,0,70,,100843,3,,,0,30,,100844,3,,,0,70,,100845,3,,,0,30,,100846,3,,,0,70,,100847,3,,,0,30,,100848,3,,,0,72,,100849,3,,,0,32,,100850,3,,,0,70,,100851,3,,,0,30,,100852,3,,,0,70,,100853,3,,,0,30,,100854,3,,,0,70,,100855,3,,,0,30,,100856,3,,,0,70,,100857,3,,,0,30,,100858,3,,,0,70,,100859,3,,,0,30,,100860,3,,,0,70,,100861,3,,,0,30,,100862,3,,,0,70,,100868,3,,,0,30,,100863,3,,,0,96,,100869,3,,,0,100,,100870,3,,,0,100,,100871,3,,,0
