683800,'1',2613,,155494,1,,,0,19,,155496,1,,,0,20,,155493,1,,,0,60,,155495,1,,,0,33,,155497,1,,,0,63,,155498,1,,,0,30,,155499,1,,,0,78,,155500,1,,,0
683800,'2',2617,,155503,1,,,0,15,,155504,1,,,0,16,,155502,1,,,0,70,,155501,1,,,0,30,,155505,1,,,0,70,,155506,1,,,0,30,,155507,1,,,0,60,,155508,1,,,0
683800,'3',2611,,155509,1,,,0,30,,155510,1,,,0,70,,155511,1,,,0,36,,155512,1,,,0,60,,155513,1,,,0,31,,155514,1,,,0,70,,155515,1,,,0
683801,'1',2532,,155524,48,4,,0,69,,155520,48,4,,0,30,,155519,48,4,,0,70,,155518,48,4,,0,33,,155521,48,4,,0,67,,155522,48,4,,0,29,,155523,48,4,,0,80,,155516,48,4,,0,30,,155517,48,4,,0
683801,'2',2603,,155526,48,4,,0,37,,155528,48,4,,0,61,,155527,48,4,,0,20,,155529,48,4,,0,23,,155530,48,4,,0,60,,155531,48,4,,0,20,,155532,48,4,,0,27,,155533,48,4,,0,70,,155534,48,4,,0,29,,155525,48,4,,0
683801,'3',2600,,155536,48,4,,0,30,,155535,48,4,,0,71,,155537,48,4,,0,39,,155538,48,4,,0,17,,155539,48,4,,0,74,,155540,48,4,,0,70,,155541,48,4,,0,40,,155542,48,4,,0
684000,'1',2609,,155544,1,,,0,20,,155543,1,,,0,19,,155545,1,,,0,61,,155546,1,,,0,30,,155547,1,,,0,70,,155548,1,,,0,30,,155549,1,,,0,70,,155550,1,,,0
684000,'2',2611,,155552,1,,,0,20,,155551,1,,,0,20,,155554,1,,,0,60,,155553,1,,,0,30,,155555,1,,,0,70,,155556,1,,,0,30,,155557,1,,,0,70,,155558,1,,,0
684000,'3',2609,,155561,1,,,0,30,,155560,1,,,0,70,,155559,1,,,0
684001,'1',2602,,155563,45,4,,0,30,,155565,45,4,,0,70,,155564,45,4,,0,30,,155566,45,4,,0,70,,155567,45,4,,0,30,,155568,45,4,,0,70,,155562,45,4,,0
684001,'2',2604,,155571,45,4,,0,35,,155570,45,4,,0,65,,155572,45,4,,0,30,,155573,45,4,,0,70,,155574,45,4,,0,30,,155569,45,4,,0,70,,155575,45,4,,0
684001,'3',2604,,155578,45,4,,0,30,,155577,45,4,,0,70,,155576,45,4,,0
