674900,'101_merged_15291780',736,,33885,32,0,62 63 64,0,66,,33886,14,,,0
674900,'1_merged_15291773',549,,33875,32,,,0,53,,33876,32,,,0,17,,33877,32,,,0,17,,33878,32,,,0,16,,33879,32,,,0,56,,33880,32,,,0,16,,33881,32,,,0,34,,33882,32,,,0,53,,33883,32,0,58 59,0,15,,33884,32,0,58 59,0,15,,33821,32,,,0,14,,33866,32,0,58 59,0,54,,33867,32,,,0,14,,33868,32,0,58 59,0,16,,33869,32,,,0,8,,33870,32,0,60 61 8,0,9,,33871,32,0,58 59,0,50,,33872,32,,,0,15,,33873,32,0,58 59,0,15,,33874,32,,,0,15,,33822,32,0,58 59,0,57,,33847,32,,,0,15,,33848,32,0,58 59,0,17,,33849,32,,,0,15,,33850,32,0,58 59,0,55,,33851,32,,,0,15,,33852,32,0,58 59,0,15,,33853,32,,,0,12,,33854,32,0,58 59,0,58,,33855,32,,,0,15,,33856,32,0,58 59,0,15,,33857,32,,,0,15,,33858,32,0,58 59,0,53,,33859,32,,,0,19,,33860,32,0,60 61 8,0,78,,33861,32,,,0,15,,33862,32,,,0,15,,33863,32,,,0,15,,33864,32,,,0,57,,33865,32,,,0,14,,33813,32,,,0,14,,33819,32,,,0,23,,33841,32,,,0,49,,33823,32,,,0,21,,33812,32,,,0,8,,33842,32,,,0,23,,33843,32,,,0,49,,33844,32,,,0,16,,33845,32,,,0,12,,33846,32,,,0,8,,33820,32,,,0,59,,33814,32,,,0,7,,33824,32,,,0,16,,33825,32,,,0,14,,33836,32,,,0,16,,33837,32,,,0,53,,33838,32,,,0,14,,33839,32,0,60 61 8,0,17,,33840,32,,,0,15,,33818,32,,,0,53,,33815,32,,,0,15,,33828,32,0,60 61 8,0,15,,33829,32,,,0,70,,33830,32,,,0,30,,33831,32,,,0,70,,33816,32,,,0,29,,33833,32,,,0,70,,33827,32,,,0,25,,33832,32,,,0,70,,33817,32,,,0,30,,33835,32,0,58 59,0,69,,33826,32,0,58 59,0,30,,33834,32,0,58 59,0
674900,'201',736,,33954,32,,,0
674900,'2_merged_15291775',635,,33889,32,,,0,70,,33890,32,,,0,27,,33891,32,,,0,15,,33892,32,,,0,55,,33893,32,0,58 59,0,15,,33894,32,,,0,10,,33895,32,0,58 59,0,15,,33896,32,,,0,15,,33897,32,0,58 59,0,57,,33898,32,,,0,14,,33899,32,0,58 59,0,17,,33900,32,,,0,55,,33901,32,0,58 59,0,17,,33902,32,,,0,15,,33903,32,0,58 59,0,15,,33904,32,,,0,55,,33905,32,0,58 59,0,17,,33906,32,,,0,15,,33907,32,0,58 59,0,14,,33908,32,,,0,55,,33909,32,0,58 59,0,15,,33910,32,,,0,15,,33911,32,0,58 59,0,17,,33912,32,,,0,55,,33913,32,0,58 59,0,17,,33914,32,,,0,15,,33915,32,0,58 59,0,16,,33916,32,,,0,55,,33917,32,0,58 59,0,13,,33918,32,,,0,15,,33919,32,0,58 59,0,16,,33920,32,,,0,55,,33921,32,0,58 59,0,15,,33922,32,,,0,15,,33923,32,0,58 59,0,17,,33924,32,,,0,53,,33925,32,0,58 59,0,17,,33926,32,,,0,14,,33927,32,0,58 59,0,13,,33928,32,,,0,55,,33929,32,0,58 59,0,15,,33930,32,,,0,15,,33931,32,0,58 59,0,15,,33932,32,,,0,55,,33933,32,0,58 59,0,14,,33934,32,,,0,15,,33935,32,0,58 59,0,12,,33936,32,,,0,55,,33937,32,,,0,15,,33938,32,,,0,20,,33939,32,,,0,20,,33940,32,,,0,60,,33941,32,,,0,19,,33942,32,,,0,20,,33943,32,,,0,60,,33944,32,,,0,23,,33945,32,,,0,70,,33946,32,,,0,29,,33947,32,,,0,70,,33948,32,,,0,28,,33949,32,,,0,70,,33950,32,,,0,29,,33951,32,,,0,70,,33952,32,,,0,28,,33953,32,0,58 59,0,75,,33887,32,0,58 59,0,25,,33888,32,0,58 59,0
674900,'3_merged_15291774',640,,33984,32,,,0,72,,33983,32,,,0,23,,33989,32,,,0,69,,33988,32,,,0,15,,34000,32,0,58 59,0,17,,33999,32,,,0,15,,33998,32,0,58 59,0,56,,33997,32,,,0,16,,33996,32,0,58 59,0,16,,33995,32,,,0,14,,34019,32,0,58 59,0,56,,34018,32,,,0,15,,33994,32,0,58 59,0,16,,33993,32,,,0,15,,33992,32,0,58 59,0,56,,33991,32,,,0,10,,33990,32,0,58 59,0,14,,33987,32,,,0,16,,33986,32,0,58 59,0,55,,33985,32,,,0,13,,34011,32,0,58 59,0,19,,33959,32,,,0,15,,33958,32,0,58 59,0,55,,33957,32,,,0,15,,33956,32,0,58 59,0,14,,33955,32,,,0,17,,34017,32,0,58 59,0,47,,34016,32,,,0,23,,34015,32,0,58 59,0,15,,34014,32,,,0,15,,34013,32,0,58 59,0,55,,34012,32,,,0,15,,34010,32,0,58 59,0,14,,34009,32,,,0,14,,34008,32,0,58 59,0,56,,34007,32,,,0,5,,34006,32,0,58 59,0,25,,34005,32,,,0,15,,34004,32,0,58 59,0,54,,34003,32,,,0,15,,34002,32,0,58 59,0,14,,34001,32,,,0,15,,33972,32,0,58 59,0,55,,33982,32,,,0,15,,33981,32,0,58 59,0,20,,33980,32,,,0,14,,33979,32,0,58 59,0,56,,33978,32,,,0,14,,33977,32,0,58 59,0,16,,33976,32,,,0,15,,33975,32,0,58 59,0,53,,33974,32,,,0,15,,33973,32,0,58 59,0,15,,33971,32,,,0,15,,33970,32,0,58 59,0,51,,33969,32,,,0,20,,33968,32,,,0,20,,33967,32,,,0,71,,33966,32,,,0,30,,33965,32,,,0,70,,33964,32,,,0,28,,33963,32,,,0,70,,33962,32,,,0,29,,33961,32,,,0,102,,33960,32,0,58 59,0
674900,'701_merged_15291767',1453,,34020,32,0,62 63 64,0
674900,'801_merged_15291785',1447,,34021,32,,,0
722400,'1_merged_15291773',601,,38826,39,,,0,19,,38824,39,,,0,24,,38801,39,,,0,10,,38799,39,,,0,62,,38827,39,,,0,9,,38831,39,,,0,23,,38825,39,,,0,61,,38822,39,,,0,10,,38828,39,,,0,26,,38821,39,,,0,58,,38820,39,,,0,23,,38832,39,,,0,17,,38817,39,,,0,73,,38816,39,,,0,26,,38814,39,,,0,70,,38813,39,,,0,30,,38812,39,,,0,71,,38811,39,,,0,30,,38810,39,,,0,73,,38809,39,,,0,30,,38815,39,,,0,73,,38808,39,,,0,32,,38823,39,,,0,72,,38819,39,,,0,32,,38829,39,,,0,61,,38818,39,,,0,19,,38807,39,,,0,65,,38830,39,,,0,14,,38806,39,,,0,20,,38798,39,,,0,18,,38796,39,,,0,53,,38833,39,,,0,13,,38805,39,,,0,21,,38804,39,,,0,71,,38803,39,,,0,20,,38802,39,,,0,18,,38797,39,,,0,60,,38800,39,,,0,34,,38837,39,,,0
3404301,'101_merged_15291780',736,,49851,20,,,0,809,,49852,19,,,0
3404301,'1_merged_15291773',538,,49846,20,,,0,70,,49830,20,,,0,23,,49845,20,,,0,5,,49829,20,,,0,65,,49847,20,,,0,5,,49827,20,,,0,25,,49844,20,,,0,112,,49843,19,,,0,68,,49826,19,,,0,29,,49842,19,,,0,100,,49841,19,,,0,100,,49840,19,,,0,105,,49839,19,,,0,98,,49838,19,,,0,96,,49837,19,,,0,76,,49848,19,,,0,43,,49836,19,,,0,65,,49849,19,,,0,28,,49835,20,,,0,152,,49834,20,,,0,35,,49833,20,,,0,82,,49850,20,,,0,98,,49832,19,,,0,98,,49831,19,,,0
3404301,'201',736,,49865,20,,,0
3404301,'2_merged_15291775',843,,49859,19,,,0,100,,49860,19,,,0,102,,49858,19,,,0,100,,49861,19,,,0,100,,49857,19,,,0,100,,49862,19,,,0,100,,49856,19,,,0,100,,49863,19,,,0,100,,49855,19,,,0,99,,49864,19,,,0,100,,49854,19,,,0
3404301,'3_merged_15291774',837,,49871,19,,,0,102,,49872,19,,,0,100,,49870,19,,,0,100,,49873,19,,,0,100,,49869,19,,,0,103,,49874,19,,,0,99,,49868,19,,,0,100,,49875,19,,,0,100,,49867,19,,,0,100,,49876,19,,,0,98,,49866,19,,,0
