670000,'1',521,,141572,3,,,0,15,,141581,3,,,0,15,,141596,3,,,0,55,,141606,3,,,0,15,,141565,3,,,0,15,,141597,3,,,0,15,,141583,3,,,0,70,,141605,3,,,0,19,,141576,3,,,0,60,,141574,3,,,0,20,,141591,3,,,0,20,,141607,3,,,0,60,,141563,3,,,0,20,,141566,3,,,0,27,,141584,3,,,0,70,,141594,3,,,0,30,,141564,3,,,0,70,,141560,3,,,0,30,,141592,3,,,0,70,,141586,3,,,0,30,,141593,3,,,0,70,,141578,3,,,0,30,,141562,3,,,0,70,,141598,3,,,0,30,,141604,3,,,0,60,,141573,3,,,0,20,,141590,3,,,0,20,,141588,3,,,0,60,,141585,3,,,0,20,,141571,3,,,0,20,,141570,3,,,0,60,,141569,3,,,0,20,,141568,3,,,0,30,,141575,3,,,0,70,,141595,3,,,0,30,,141587,3,,,0,70,,141577,3,,,0,30,,141599,3,,,0,70,,141580,3,,,0,30,,141600,3,,,0,70,,141579,3,,,0,30,,141601,3,,,0,70,,141567,3,,,0,30,,141602,3,,,0,70,,141582,3,,,0,32,,141603,3,,,0,76,,141561,3,,,0,76,,141589,3,,,0
670000,'101',708,,141559,3,,,0
670000,'2',532,,141642,3,,,0,68,,141643,3,,,0,18,,141649,3,,,0,18,,141644,3,,,0,70,,141629,3,,,0,30,,141613,3,,,0,70,,141628,3,,,0,30,,141612,3,,,0,68,,141627,3,,,0,28,,141626,3,,,0,70,,141625,3,,,0,30,,141624,3,,,0,70,,141623,3,,,0,30,,141622,3,,,0,70,,141621,3,,,0,30,,141630,3,,,0,70,,141620,3,,,0,30,,141619,3,,,0,70,,141618,3,,,0,30,,141617,3,,,0,70,,141616,3,,,0,30,,141615,3,,,0,70,,141614,3,,,0,30,,141641,3,,,0,70,,141640,3,,,0,30,,141639,3,,,0,70,,141638,3,,,0,30,,141611,3,,,0,70,,141637,3,,,0,30,,141610,3,,,0,70,,141636,3,,,0,30,,141609,3,,,0,70,,141635,3,,,0,30,,141645,3,,,0,70,,141634,3,,,0,30,,141646,3,,,0,70,,141633,3,,,0,35,,141647,3,,,0,74,,141632,3,,,0,32,,141648,3,,,0,77,,141631,3,,,0
670000,'201',708,,141608,3,,,0
670000,'3',731,,141681,3,,,0,70,,141664,3,,,0,30,,141677,3,,,0,70,,141668,3,,,0,30,,141660,3,,,0,70,,141665,3,,,0,30,,141661,3,,,0,70,,141654,3,,,0,30,,141666,3,,,0,70,,141657,3,,,0,30,,141658,3,,,0,70,,141659,3,,,0,30,,141667,3,,,0,70,,141656,3,,,0,30,,141676,3,,,0,70,,141670,3,,,0,30,,141671,3,,,0,70,,141675,3,,,0,30,,141672,3,,,0,70,,141673,3,,,0,30,,141663,3,,,0,70,,141669,3,,,0,30,,141650,3,,,0,70,,141651,3,,,0,30,,141678,3,,,0,70,,141652,3,,,0,30,,141679,3,,,0,70,,141655,3,,,0,30,,141680,3,,,0,70,,141653,3,,,0,57,,141674,3,,,0,152,,141662,3,,,0
670200,'1',521,,141948,3,,,0,20,,141967,3,,,0,60,,141960,3,,,0,20,,141964,3,,,0,20,,141955,3,,,0,60,,141963,3,,,0,20,,141965,3,,,0,20,,141946,3,,,0,60,,141962,3,,,0,20,,141966,3,,,0,20,,141944,3,,,0,60,,141943,3,,,0,28,,141942,3,,,0,30,,141941,3,,,0,71,,141940,3,,,0,70,,141939,3,,,0,30,,141951,3,,,0,70,,141950,3,,,0,30,,141956,3,,,0,70,,141935,3,,,0,30,,141937,3,,,0,70,,141936,3,,,0,31,,141947,3,,,0,28,,141954,3,,,0,70,,141934,3,,,0,30,,141933,3,,,0,70,,141961,3,,,0,30,,141959,3,,,0,70,,141949,3,,,0,30,,141957,3,,,0,70,,141958,3,,,0,72,,141945,3,,,0,32,,141953,3,,,0,103,,141938,3,,,0,102,,141952,3,,,0
670200,'2',601,,141968,3,,,0,35,,141969,3,,,0,75,,141970,3,,,0,35,,141971,3,,,0,71,,141972,3,,,0,30,,141973,3,,,0,70,,141974,3,,,0,30,,141975,3,,,0,70,,141976,3,,,0,30,,141977,3,,,0,70,,141978,3,,,0,30,,141979,3,,,0,70,,141980,3,,,0,30,,141981,3,,,0,70,,141982,3,,,0,30,,141983,3,,,0,70,,141984,3,,,0,30,,141985,3,,,0,70,,141986,3,,,0,30,,141987,3,,,0,70,,141988,3,,,0,31,,141989,3,,,0,70,,141990,3,,,0,30,,141991,3,,,0,70,,141992,3,,,0,30,,141993,3,,,0,70,,141994,3,,,0,30,,141995,3,,,0,70,,141996,3,,,0,30,,141997,3,,,0,68,,141998,3,,,0,28,,141999,3,,,0
670200,'3',811,,142007,3,,,0,102,,142006,3,,,0,103,,142002,3,,,0,102,,142001,3,,,0,102,,142008,3,,,0,32,,142016,3,,,0,70,,142011,3,,,0,30,,142017,3,,,0,70,,142000,3,,,0,30,,142018,3,,,0,70,,142003,3,,,0,30,,142019,3,,,0,70,,142014,3,,,0,30,,142020,3,,,0,70,,142004,3,,,0,30,,142021,3,,,0,70,,142009,3,,,0,30,,142022,3,,,0,70,,142012,3,,,0,100,,142013,3,,,0,100,,142010,3,,,0,97,,142005,3,,,0,98,,142015,3,,,0
671800,'1',521,,146379,3,,,0,29,,146377,3,,,0,70,,146380,3,,,0,30,,146378,3,,,0,106,,146376,3,,,0
671800,'101',715,,146375,3,,,0
671800,'201',715,,146381,3,,,0
