3004200,'2_merged_15529702',821,,162480,19,,,0,35,,162481,19,,,0,75,,162482,19,,,0,75,,162483,19,,,0,36,,162484,19,,,0,74,,162485,19,,,0,35,,162486,19,,,0,76,,162487,19,,,0,76,,162488,19,,,0,35,,162489,19,,,0,75,,162490,19,,,0,35,,162491,19,,,0,75,,162492,19,,,0,35,,162493,19,,,0,75,,162494,19,,,0,73,,162495,19,,,0,35,,162496,19,,,0,73,,162497,19,,,0,34,,162498,19,,,0
3004200,'3_merged_15529701',820,,162499,19,,,0,35,,162500,19,,,0,75,,162501,19,,,0,75,,162502,19,,,0,35,,162503,19,,,0,76,,162504,19,,,0,35,,162505,19,,,0,75,,162506,19,,,0,75,,162507,19,,,0,35,,162508,19,,,0,76,,162509,19,,,0,35,,162510,19,,,0,75,,162511,19,,,0,33,,162512,19,,,0,75,,162513,19,,,0,75,,162514,19,,,0,35,,162515,19,,,0,72,,162516,19,,,0,34,,162517,19,,,0
3004400,'1_merged_15529700',2201,,162873,23,0,124 125,0,100,,162874,23,0,124 125,0,99,,162875,23,0,124 125,0
3004400,'2_merged_15529702',2303,,162890,23,0,124 125,0,97,,162889,23,0,124 125,0
3004400,'3_merged_15529701',2258,,162919,23,0,124 125,0,100,,162918,23,0,124 125,0
3004500,'1_merged_15529700',1240,,163035,27,,,0,70,,163050,27,,,0,31,,163036,27,,,0,70,,163051,27,,,0,25,,163037,27,,,0,70,,163052,27,,,0,30,,163038,27,,,0,66,,163039,27,,,0,41,,163040,27,,,0,70,,163041,27,,,0,30,,163045,27,,,0,78,,163046,27,,,0,17,,163056,27,,,0,72,,163042,27,,,0,39,,163043,27,,,0,100,,163044,27,,,0
3004500,'2_merged_15529702',1229,,163066,27,,,0,75,,163075,27,,,0,32,,163065,27,,,0,70,,163076,27,,,0,29,,163064,27,,,0,70,,163077,27,,,0,30,,163063,27,,,0,70,,163078,27,,,0,30,,163062,27,,,0,70,,163079,27,,,0,31,,163061,27,,,0,70,,163080,27,,,0,30,,163060,27,,,0,65,,163081,27,,,0,35,,163059,27,,,0,70,,163082,27,,,0,30,,163058,27,,,0
3004500,'3_merged_15529701',1231,,163091,27,,,0,73,,163100,27,,,0,32,,163090,27,,,0,69,,163101,27,,,0,31,,163089,27,,,0,70,,163102,27,,,0,30,,163088,27,,,0,70,,163103,27,,,0,30,,163087,27,,,0,70,,163104,27,,,0,30,,163086,27,,,0,70,,163105,27,,,0,28,,163085,27,,,0,70,,163106,27,,,0,30,,163084,27,,,0,70,,163107,27,,,0,30,,163083,27,,,0
3004501,'1_merged_15529700',543,,163124,14,,,0,69,,163125,14,,,0,30,,163126,14,,,0,72,,163127,14,,,0,25,,163128,14,,,0,74,,163138,14,,,0,23,,163129,14,,,0,72,,163130,14,,,0,29,,163131,14,,,0,66,,163132,14,,,0,35,,163118,14,,,0,68,,163133,14,,,0,30,,163119,14,,,0,71,,163134,14,,,0,30,,163120,14,,,0,73,,163135,14,,,0,30,,163121,14,,,0
3004501,'2_merged_15529702',900,,163151,14,,,0,30,,163152,14,,,0,70,,163150,14,,,0,30,,163153,14,,,0,71,,163149,14,,,0,30,,163154,14,,,0,70,,163148,14,,,0,30,,163155,14,,,0,69,,163147,14,,,0
3004501,'3_merged_15529701',900,,163176,14,,,0,30,,163177,14,,,0,70,,163175,14,,,0,32,,163178,14,,,0,70,,163174,14,,,0,30,,163179,14,,,0,70,,163173,14,,,0,30,,163180,14,,,0,73,,163172,14,,,0
