670400,'1',549,,25712,,,0,55,,25711,0,84,0,14,,25710,,,0,14,,25767,,,0,14,,25709,0,84,0,54,,25778,,,0,14,,25770,0,84,0,15,,25764,,,0,15,,25708,0,84,0,15,,25707,,,0,54,,25749,0,84,0,14,,25748,,,0,15,,25747,0,84,0,15,,25746,,,0,54,,25745,0,84,0,14,,25733,,,0,14,,25744,0,84,0,14,,25726,,,0,55,,25725,0,84,0,15,,25724,,,0,15,,25723,0,84,0,15,,25722,,,0,55,,25721,0,84,0,15,,25720,,,0,14,,25743,0,84,0,15,,25742,,,0,55,,25741,0,84,0,15,,25740,,,0,15,,25739,0,84,0,15,,25738,,,0,55,,25737,0,84,0,15,,25706,,,0,15,,25705,0,84,0,15,,25704,,,0,55,,25703,0,84,0,15,,25702,,,0,15,,25775,0,84,0,15,,25774,,,0,55,,25736,0,84,0,15,,25773,,,0,15,,25763,,,0,15,,25772,,,0,55,,25776,,,0,15,,25771,,,0,15,,25715,,,0,15,,25769,,,0,55,,25777,,,0,15,,25735,,,0,12,,25719,,,0,12,,25765,,,0,12,,25718,,,0,52,,25717,,,0,12,,25713,,,0,12,,25768,0,84,0,12,,25766,,,0,12,,25762,0,84,0,52,,25761,,,0,12,,25760,0,84,0,12,,25759,,,0,12,,25758,0,84,0,54,,25757,,,0,14,,25756,0,84,0,15,,25714,,,0,15,,25755,0,84,0,15,,25754,,,0,55,,25753,0,84,0,15,,25716,,,0,23,,25752,0,84,0,70,,25751,,,0,30,,25750,0,84,0,70,,25732,,,0,30,,25731,0,84,0,69,,25730,,,0,29,,25729,0,84,0,69,,25728,,,0,29,,25734,0,84,0,74,,25727,,,0
670400,'2',619,,25825,,,0,27,,25799,,,0,62,,25809,0,84,0,17,,25800,,,0,16,,25810,0,84,0,16,,25801,,,0,59,,25811,0,84,0,18,,25803,,,0,15,,25812,0,84,0,55,,25804,,,0,15,,25814,0,84,0,14,,25805,,,0,13,,25815,0,84,0,54,,25806,,,0,14,,25808,0,84,0,14,,25802,,,0,14,,25797,0,84,0,14,,25798,,,0,54,,25826,0,84,0,14,,25827,,,0,14,,25828,0,84,0,14,,25807,,,0,54,,25829,0,84,0,14,,25830,,,0,14,,25831,0,84,0,14,,25832,,,0,56,,25833,0,84,0,16,,25834,,,0,16,,25835,0,84,0,16,,25836,,,0,56,,25837,0,84,0,16,,25838,,,0,16,,25839,0,84,0,16,,25840,,,0,55,,25841,0,84,0,15,,25842,,,0,15,,25843,0,84,0,15,,25813,,,0,55,,25844,0,84,0,15,,25845,,,0,15,,25846,0,84,0,15,,25847,,,0,56,,25816,0,84,0,16,,25822,,,0,16,,25817,0,84,0,15,,25848,,,0,56,,25818,0,84,0,16,,25779,,,0,16,,25819,0,84,0,55,,25780,,,0,15,,25781,0,84,0,15,,25820,,,0,14,,25782,0,84,0,54,,25783,,,0,15,,25784,0,84,0,15,,25821,0,84,0,15,,25785,0,84,0,55,,25786,,,0,15,,25787,0,84,0,15,,25823,0,84,0,16,,25788,,,0,63,,25789,0,84,0,24,,25790,0,84,0,24,,25791,,,0,70,,25792,0,84,0,30,,25793,,,0,75,,25794,0,84,0,80,,25795,,,0,40,,25824,0,84,0,75,,25796,,,0
670400,'3',611,,25871,,,0,33,,25870,0,84,0,70,,25851,,,0,23,,25869,,,0,15,,25868,0,84,0,55,,25907,,,0,15,,25867,0,84,0,15,,25866,,,0,15,,25865,0,84,0,56,,25879,,,0,15,,25864,0,84,0,15,,25877,,,0,15,,25863,0,84,0,55,,25889,,,0,16,,25887,0,84,0,16,,25909,,,0,15,,25858,0,84,0,55,,25882,,,0,15,,25886,0,84,0,15,,25901,,,0,15,,25902,0,84,0,55,,25875,,,0,15,,25885,0,84,0,15,,25893,,,0,15,,25892,0,84,0,55,,25896,,,0,15,,25853,0,84,0,15,,25880,,,0,15,,25873,0,84,0,55,,25908,,,0,15,,25852,0,84,0,15,,25897,,,0,15,,25872,0,84,0,55,,25850,,,0,15,,25857,0,84,0,15,,25900,,,0,15,,25878,0,84,0,55,,25906,,,0,15,,25856,0,84,0,15,,25849,,,0,16,,25854,0,84,0,54,,25881,,,0,15,,25862,0,84,0,14,,25911,,,0,14,,25903,0,84,0,54,,25874,,,0,15,,25861,0,84,0,15,,25910,,,0,15,,25905,0,84,0,55,,25894,,,0,16,,25860,0,84,0,16,,25883,,,0,16,,25891,0,84,0,57,,25895,,,0,15,,25859,0,84,0,16,,25899,0,84,0,16,,25912,0,84,0,67,,25876,,,0,30,,25904,0,84,0,70,,25884,,,0,30,,25890,0,84,0,70,,25888,,,0,30,,25913,0,84,0,70,,25914,0,84,0,30,,25855,,,0,72,,25898,,,0
670901,'1',457,,27985,,,0,63,,27975,,,0,20,,27987,,,0,60,,27976,,,0,41,,27983,,,0,60,,27988,,,0,17,,27992,,,0,15,,27964,,,0,15,,27967,,,0,60,,27989,,,0,20,,27966,,,0,30,,27990,,,0,73,,27965,,,0,100,,27979,,,0,100,,27980,,,0,100,,27982,,,0,100,,27991,,,0,72,,27981,,,0,30,,27986,,,0,70,,27977,,,0,30,,27969,,,0,67,,27963,,,0,29,,27970,,,0,30,,27971,,,0,70,,27972,,,0,71,,27973,,,0,35,,27968,,,0,77,,27984,,,0,106,,27974,,,0,107,,27978,,,0
670901,'101',620,,27993,,,0
670901,'2',756,,28006,,,0,103,,28004,,,0,100,,28003,,,0,100,,28001,,,0,100,,28000,,,0,100,,27999,,,0,100,,27998,,,0,100,,28002,,,0,100,,27995,,,0,100,,27997,,,0,100,,28005,,,0,100,,27996,,,0,100,,27994,,,0,100,,28007,,,0
670901,'201',620,,28008,,,0
670901,'3',1117,,28010,,,0,105,,28015,,,0,105,,28016,,,0,100,,28012,,,0,100,,28011,,,0,100,,28013,,,0,100,,28009,,,0,100,,28019,,,0,100,,28014,,,0,94,,28018,,,0,97,,28017,,,0
671200,'1',523,,28083,,,0,21,,28084,,,0,60,,28110,,,0,10,,28085,,,0,10,,28099,,,0,9,,28148,,,0,9,,28108,,,0,9,,28100,,,0,8,,28109,,,0,54,,28101,,,0,20,,28102,,,0,8,,28135,,,0,9,,28103,,,0,9,,28061,,,0,47,,28141,,,0,16,,28069,,,0,10,,28106,,,0,12,,28126,,,0,12,,28107,,,0,53,,28070,,,0,13,,28086,,,0,13,,28071,,,0,13,,28087,,,0,54,,28058,,,0,15,,28088,,,0,15,,28072,,,0,16,,28089,,,0,55,,28060,,,0,15,,28090,,,0,15,,28073,,,0,15,,28091,,,0,55,,28127,,,0,15,,28092,,,0,15,,28074,,,0,16,,28093,,,0,55,,28098,,,0,16,,28094,,,0,15,,28075,,,0,15,,28104,,,0,55,,28105,,,0,12,,28076,,,0,13,,28095,,,0,12,,28152,,,0,13,,28128,,,0,52,,28065,,,0,12,,28082,,,0,22,,28124,,,0,11,,28134,,,0,55,,28077,,,0,7,,28111,,,0,7,,28153,,,0,7,,28112,,,0,7,,28142,,,0,13,,28062,,,0,7,,28113,,,0,53,,28161,,,0,6,,28114,,,0,13,,28162,,,0,7,,28115,,,0,12,,28116,,,0,6,,28079,,,0,53,,28163,,,0,7,,28129,,,0,12,,28132,,,0,6,,28131,,,0,7,,28096,,,0,6,,28154,,,0,6,,28136,,,0,8,,28143,,,0,48,,28059,,,0,8,,28097,,,0,10,,28080,,,0,10,,28137,,,0,10,,28064,,,0,9,,28155,,,0,50,,28144,,,0,10,,28133,,,0,9,,28066,,,0,10,,28149,,,0,10,,28150,,,0,10,,28156,,,0,50,,28145,,,0,10,,28067,,,0,10,,28068,,,0,10,,28138,,,0,10,,28151,,,0,10,,28157,,,0,50,,28146,,,0,12,,28057,,,0,12,,28117,,,0,12,,28118,,,0,12,,28147,,,0,52,,28158,,,0,12,,28139,,,0,12,,28119,,,0,15,,28140,,,0,15,,28159,,,0,55,,28120,,,0,15,,28121,,,0,30,,28122,,,0,73,,28123,,,0
671200,'101',706,,28164,,,0,17,,28166,,,0,91,,28167,,,0,716,,28168,,,0,70,,28165,,,0
671200,'2',630,,28194,,,0,25,,28193,,,0,60,,28243,,,0,15,,28192,,,0,16,,28250,,,0,55,,28216,,,0,16,,28191,,,0,15,,28180,,,0,15,,28251,,,0,55,,28212,,,0,15,,28190,,,0,15,,28224,,,0,15,,28225,,,0,55,,28226,,,0,15,,28227,,,0,15,,28228,,,0,15,,28229,,,0,55,,28230,,,0,15,,28231,,,0,15,,28232,,,0,16,,28233,,,0,55,,28234,,,0,15,,28235,,,0,15,,28236,,,0,16,,28237,,,0,55,,28238,,,0,15,,28239,,,0,15,,28240,,,0,15,,28241,,,0,55,,28242,,,0,16,,28189,,,0,15,,28177,,,0,15,,28218,,,0,55,,28204,,,0,15,,28176,,,0,15,,28175,,,0,15,,28174,,,0,55,,28173,,,0,15,,28205,,,0,15,,28184,,,0,12,,28213,,,0,12,,28223,,,0,52,,28185,,,0,12,,28186,,,0,10,,28187,,,0,10,,28214,,,0,10,,28188,,,0,50,,28181,,,0,10,,28247,,,0,10,,28206,,,0,10,,28179,,,0,10,,28215,,,0,10,,28182,,,0,50,,28183,,,0,10,,28248,,,0,9,,28207,,,0,10,,28178,,,0,10,,28217,,,0,9,,28172,,,0,50,,28171,,,0,10,,28249,,,0,10,,28170,,,0,10,,28219,,,0,11,,28208,,,0,11,,28244,,,0,52,,28169,,,0,12,,28203,,,0,12,,28220,,,0,12,,28209,,,0,12,,28245,,,0,52,,28202,,,0,12,,28201,,,0,14,,28221,,,0,15,,28210,,,0,55,,28200,,,0,15,,28199,,,0,15,,28246,,,0,15,,28211,,,0,60,,28198,,,0,19,,28197,,,0,20,,28222,,,0,60,,28196,,,0,30,,28195,,,0
671200,'201',706,,28256,,,0,17,,28254,,,0,91,,28252,,,0,716,,28253,,,0,70,,28255,,,0
671200,'3',817,,28259,,,0,16,,28323,,,0,15,,28258,,,0,55,,28324,,,0,14,,28257,,,0,15,,28265,,,0,15,,28266,,,0,55,,28267,,,0,15,,28268,,,0,15,,28269,,,0,15,,28270,,,0,55,,28271,,,0,15,,28272,,,0,15,,28273,,,0,16,,28274,,,0,55,,28275,,,0,15,,28276,,,0,15,,28277,,,0,16,,28278,,,0,55,,28279,,,0,16,,28280,,,0,15,,28281,,,0,15,,28282,,,0,55,,28283,,,0,14,,28284,,,0,15,,28285,,,0,15,,28286,,,0,55,,28287,,,0,14,,28288,,,0,14,,28289,,,0,16,,28290,,,0,56,,28291,,,0,15,,28292,,,0,15,,28264,,,0,12,,28293,,,0,12,,28294,,,0,52,,28295,,,0,11,,28296,,,0,11,,28297,,,0,11,,28298,,,0,12,,28299,,,0,52,,28300,,,0,12,,28301,,,0,12,,28302,,,0,12,,28303,,,0,12,,28304,,,0,52,,28305,,,0,12,,28306,,,0,12,,28307,,,0,12,,28308,,,0,11,,28309,,,0,52,,28262,,,0,15,,28310,,,0,15,,28311,,,0,15,,28312,,,0,55,,28313,,,0,14,,28314,,,0,15,,28315,,,0,15,,28316,,,0,55,,28317,,,0,14,,28318,,,0,15,,28319,,,0,15,,28320,,,0,55,,28321,,,0,15,,28261,,,0,15,,28322,,,0,15,,28263,,,0,55,,28260,,,0
673701,'1',514,,32166,,,0,12,,32195,,,0,10,,32197,,,0,10,,32196,,,0,10,,32170,,,0,50,,32158,,,0,10,,32194,,,0,10,,32168,,,0,9,,32165,,,0,71,,32204,,,0,8,,32179,,,0,9,,32157,,,0,9,,32209,,,0,10,,32205,,,0,9,,32169,,,0,50,,32208,,,0,12,,32198,,,0,15,,32185,,,0,15,,32153,,,0,15,,32189,,,0,56,,32167,,,0,30,,32190,,,0,70,,32191,,,0,30,,32192,,,0,70,,32193,,,0,31,,32148,,,0,60,,32199,,,0,20,,32149,,,0,16,,32154,,,0,16,,32200,,,0,56,,32201,,,0,16,,32150,,,0,16,,32151,,,0,56,,32202,,,0,15,,32173,,,0,15,,32203,,,0,16,,32207,,,0,12,,32188,,,0,52,,32174,,,0,12,,32187,,,0,15,,32152,,,0,15,,32186,,,0,55,,32206,,,0,15,,32184,,,0,16,,32160,,,0,12,,32183,,,0,57,,32161,,,0,16,,32182,,,0,15,,32162,,,0,18,,32181,,,0,57,,32163,,,0,16,,32180,,,0,26,,32171,,,0,69,,32175,,,0,30,,32178,,,0,70,,32172,,,0,29,,32177,,,0,70,,32159,,,0,30,,32176,,,0,72,,32155,,,0,102,,32164,,,0,116,,32156,,,0
673701,'101',646,,32210,,,0,10,,32213,,,0,102,,32211,,,0,685,,32212,,,0
673701,'2',610,,32214,,,0,25,,32215,,,0,20,,32216,,,0,60,,32217,,,0,20,,32218,,,0,20,,32219,,,0,60,,32220,,,0,20,,32221,,,0,20,,32222,,,0,60,,32223,,,0,20,,32224,,,0,20,,32225,,,0,60,,32226,,,0,20,,32227,,,0,21,,32228,,,0,60,,32229,,,0,20,,32230,,,0,20,,32231,,,0,60,,32232,,,0,20,,32233,,,0,20,,32234,,,0,61,,32235,,,0,20,,32236,,,0,20,,32237,,,0,60,,32238,,,0,20,,32239,,,0,20,,32240,,,0,55,,32241,,,0,15,,32260,,,0,15,,32242,,,0,15,,32243,,,0,55,,32244,,,0,15,,32261,,,0,15,,32245,,,0,15,,32259,,,0,67,,32246,,,0,30,,32247,,,0,70,,32248,,,0,29,,32249,,,0,70,,32250,,,0,30,,32251,,,0,70,,32252,,,0,29,,32253,,,0,70,,32254,,,0,30,,32255,,,0,69,,32256,,,0,100,,32257,,,0,123,,32258,,,0
673701,'201',646,,32263,,,0,10,,32262,,,0
673701,'3',554,,32276,,,0,70,,32275,,,0,30,,32274,,,0,70,,32273,,,0,30,,32269,,,0,71,,32271,,,0,32,,32268,,,0,71,,32272,,,0,72,,32287,,,0,32,,32278,,,0,72,,32281,,,0,32,,32277,,,0,70,,32289,,,0,22,,32267,,,0,20,,32300,,,0,60,,32279,,,0,29,,32266,,,0,70,,32270,,,0,30,,32265,,,0,67,,32291,,,0,20,,32264,,,0,20,,32297,,,0,60,,32286,,,0,20,,32295,,,0,20,,32294,,,0,60,,32296,,,0,30,,32283,,,0,20,,32293,,,0,59,,32284,,,0,20,,32298,,,0,20,,32290,,,0,67,,32299,,,0,33,,32285,,,0,73,,32282,,,0,109,,32292,,,0,104,,32288,,,0,110,,32280,,,0
673900,'1',1522,,32788,0,85 12,0,90,,32789,0,86 87,0,40,,32785,0,86 87,0,60,,32787,0,86 87,0,20,,32791,0,86 87,0,23,,32790,0,86 87,0,65,,32786,0,86 87,0
673900,'101',1551,,32794,0,86 87,0,81,,32793,0,86 87,0
673900,'201',1551,,32798,0,86 87,0,81,,32797,0,86 87,0
732101,'1',536,,39026,,,0,71,,39022,,,0,33,,38997,,,0,72,,38998,,,0,32,,39010,,,0,71,,39021,,,0,31,,39011,,,0,72,,39005,,,0,30,,39012,,,0,70,,39000,,,0,30,,39013,,,0,70,,39006,,,0,30,,39014,,,0,68,,39001,,,0,28,,39015,,,0,70,,39007,,,0,30,,39016,,,0,68,,39002,,,0,30,,39017,,,0,70,,39008,,,0,30,,39018,,,0,70,,39003,,,0,32,,39019,,,0,72,,39009,,,0,32,,39020,,,0,72,,39004,,,0,32,,39023,,,0,72,,39027,,,0,32,,39024,,,0,72,,39028,,,0,72,,39025,,,0,59,,38999,,,0,100,,38996,,,0,142,,39029,,,0
732101,'2',541,,39068,,,0,71,,39052,,,0,28,,39051,,,0,69,,39050,,,0,20,,39049,,,0,20,,39069,,,0,60,,39048,,,0,28,,39047,,,0,69,,39057,,,0,30,,39046,,,0,70,,39056,,,0,20,,39067,,,0,20,,39033,,,0,60,,39055,,,0,20,,39045,,,0,19,,39060,,,0,59,,39054,,,0,19,,39044,,,0,20,,39061,,,0,60,,39053,,,0,20,,39043,,,0,20,,39062,,,0,60,,39032,,,0,20,,39042,,,0,21,,39063,,,0,61,,39031,,,0,21,,39039,,,0,19,,39064,,,0,59,,39030,,,0,20,,39038,,,0,20,,39065,,,0,60,,39059,,,0,20,,39037,,,0,20,,39066,,,0,70,,39058,,,0,30,,39036,,,0,72,,39070,,,0,34,,39035,,,0,75,,39071,,,0,27,,39034,,,0,151,,39040,,,0,56,,39041,,,0,100,,39072,,,0
732101,'3',650,,39099,,,0,69,,39098,,,0,29,,39097,,,0,70,,39096,,,0,30,,39095,,,0,70,,39094,,,0,30,,39093,,,0,70,,39077,,,0,29,,39092,,,0,60,,39076,,,0,20,,39091,,,0,20,,39100,,,0,60,,39075,,,0,20,,39090,,,0,20,,39101,,,0,60,,39074,,,0,20,,39089,,,0,20,,39102,,,0,60,,39073,,,0,20,,39088,,,0,20,,39103,,,0,60,,39081,,,0,20,,39087,,,0,20,,39104,,,0,60,,39080,,,0,20,,39086,,,0,20,,39105,,,0,60,,39079,,,0,20,,39085,,,0,21,,39106,,,0,60,,39078,,,0,20,,39107,,,0,19,,39084,,,0,67,,39108,,,0,30,,39083,,,0,74,,39109,,,0,30,,39082,,,0,104,,39110,,,0,104,,39111,,,0,102,,39112,,,0
1770700,'1',512,,41613,,,0,16,,41614,,,0,15,,41615,,,0,13,,41616,,,0,57,,41632,,,0,16,,41633,,,0,16,,41634,,,0,55,,41617,,,0,14,,41618,,,0,16,,41619,,,0,15,,41635,,,0,56,,41636,,,0,14,,41637,,,0,14,,41638,,,0,14,,41639,,,0,13,,41640,,,0,55,,41620,,,0,15,,41641,,,0,14,,41621,,,0,17,,41642,,,0,53,,41622,,,0,15,,41643,,,0,15,,41623,,,0,16,,41644,,,0,54,,41624,,,0,15,,41645,,,0,15,,41625,,,0,14,,41646,,,0,56,,41626,,,0,15,,41647,,,0,15,,41627,,,0,15,,41648,,,0,55,,41628,,,0,14,,41649,,,0,15,,41629,,,0,15,,41650,,,0,55,,41630,,,0,14,,41651,,,0,15,,41631,,,0,9,,41652,,,0,55,,41653,,,0,15,,41654,,,0,15,,41655,,,0,69,,41588,,,0,13,,41589,,,0,16,,41656,,,0,15,,41590,,,0,55,,41591,,,0,16,,41592,,,0,15,,41593,,,0,17,,41594,,,0,57,,41595,,,0,17,,41596,,,0,15,,41597,,,0,17,,41598,,,0,55,,41599,,,0,16,,41600,,,0,15,,41608,,,0,16,,41601,,,0,54,,41609,,,0,16,,41602,,,0,15,,41610,,,0,14,,41603,,,0,55,,41611,,,0,15,,41604,,,0,23,,41605,,,0,61,,41612,,,0,17,,41606,,,0,79,,41607,,,0
1770700,'101',1545,,41657,,,0
1770700,'2',556,,41693,,,0,71,,41694,,,0,31,,41695,,,0,55,,41709,,,0,16,,41696,,,0,15,,41710,,,0,15,,41699,,,0,55,,41711,,,0,16,,41659,,,0,18,,41712,,,0,52,,41660,,,0,12,,41662,,,0,15,,41661,,,0,15,,41663,,,0,15,,41685,,,0,55,,41664,,,0,14,,41686,,,0,15,,41665,,,0,15,,41687,,,0,53,,41666,,,0,17,,41688,,,0,15,,41707,,,0,14,,41689,,,0,55,,41667,,,0,16,,41690,,,0,14,,41668,,,0,13,,41691,,,0,55,,41669,,,0,15,,41692,,,0,15,,41670,,,0,15,,41697,,,0,55,,41671,,,0,15,,41700,,,0,15,,41672,,,0,15,,41701,,,0,55,,41673,,,0,15,,41702,,,0,15,,41674,,,0,15,,41703,,,0,56,,41675,,,0,17,,41704,,,0,16,,41676,,,0,16,,41705,,,0,55,,41677,,,0,16,,41706,,,0,13,,41678,,,0,15,,41713,,,0,55,,41679,,,0,14,,41714,,,0,16,,41680,,,0,16,,41715,,,0,55,,41681,,,0,15,,41716,,,0,15,,41682,,,0,15,,41717,,,0,55,,41683,,,0,15,,41718,,,0,19,,41684,,,0,60,,41719,,,0,20,,41658,,,0,15,,41720,,,0,65,,41721,,,0,23,,41708,,,0,70,,41698,,,0
1770700,'201',1545,,41722,,,0
1770700,'3',557,,41728,,,0,72,,41729,,,0,30,,41730,,,0,70,,41731,,,0,30,,41732,,,0,55,,41753,,,0,14,,41733,,,0,15,,41754,,,0,14,,41734,,,0,55,,41770,,,0,15,,41760,,,0,15,,41771,,,0,15,,41735,,,0,55,,41761,,,0,14,,41736,,,0,15,,41762,,,0,15,,41737,,,0,55,,41763,,,0,15,,41738,,,0,15,,41764,,,0,15,,41739,,,0,55,,41765,,,0,15,,41740,,,0,15,,41766,,,0,15,,41741,,,0,55,,41767,,,0,15,,41742,,,0,15,,41726,,,0,14,,41743,,,0,55,,41768,,,0,15,,41744,,,0,15,,41769,,,0,15,,41745,,,0,56,,41773,,,0,15,,41746,,,0,15,,41774,,,0,15,,41747,,,0,55,,41775,,,0,15,,41748,,,0,14,,41776,,,0,15,,41749,,,0,55,,41777,,,0,15,,41750,,,0,15,,41778,,,0,15,,41751,,,0,55,,41779,,,0,14,,41752,,,0,16,,41723,,,0,15,,41755,,,0,55,,41724,,,0,20,,41756,,,0,19,,41725,,,0,59,,41757,,,0,18,,41772,,,0,20,,41758,,,0,63,,41727,,,0,20,,41759,,,0
4885500,'1',702,,56634,,,0,29,,56635,,,0,70,,56636,,,0,30,,56637,,,0,70,,56638,,,0,30,,56639,,,0,70,,56640,,,0,30,,56641,,,0,70,,56642,,,0,30,,56643,,,0,70,,56644,,,0,30,,56645,,,0,70,,56646,,,0,30,,56647,,,0,70,,56648,,,0,31,,56649,,,0,70,,56650,,,0,30,,56651,,,0,70,,56652,,,0,30,,56653,,,0,70,,56654,,,0,30,,56655,,,0,70,,56656,,,0,30,,56657,,,0,70,,56658,,,0,30,,56659,,,0,70,,56660,,,0,30,,56661,,,0,70,,56662,,,0
4885500,'2',803,,56663,,,0,28,,56664,,,0,70,,56665,,,0,30,,56666,,,0,70,,56667,,,0,30,,56668,,,0,70,,56669,,,0,30,,56670,,,0,70,,56671,,,0,30,,56672,,,0,70,,56673,,,0,30,,56674,,,0,70,,56675,,,0,30,,56676,,,0,70,,56677,,,0,30,,56678,,,0,70,,56679,,,0,30,,56680,,,0,70,,56681,,,0,30,,56682,,,0,70,,56683,,,0,30,,56684,,,0,70,,56685,,,0,30,,56686,,,0,70,,56687,,,0
4885500,'3',801,,56688,,,0,30,,56689,,,0,70,,56690,,,0,30,,56691,,,0,71,,56692,,,0,30,,56693,,,0,70,,56694,,,0,30,,56695,,,0,70,,56696,,,0,30,,56697,,,0,70,,56698,,,0,30,,56699,,,0,70,,56700,,,0,30,,56701,,,0,70,,56702,,,0,30,,56703,,,0,70,,56704,,,0,30,,56705,,,0,70,,56706,,,0,30,,56707,,,0,70,,56708,,,0,30,,56709,,,0,70,,56710,,,0
