670500,'1_merged_15529700',536,,143075,1,0,74 43 8,0,23,,143059,1,0,74 43 8,0,67,,143067,1,0,74 43 8,0,29,,143080,1,0,74 43 8,0,48,,143058,1,0,74 43 8,0,43,,143081,1,0,74 43 8,0,1373,,143071,1,0,79 80 8,0,32,,143114,1,0,79 80 8,0,56,,143054,1,0,79 80 8,0,24,,143106,1,0,79 80 8,0,82,,143107,1,0,79 80 8,0,104,,143070,1,0,79 80 8,0,116,,143069,1,0,79 80 8,0
670500,'2_merged_15529702',627,,143179,1,0,79 80 8,0,87,,143178,1,0,79 80 8,0,20,,143206,1,0,79 80 8,0,83,,143170,1,0,79 80 8,0,88,,143202,1,0,79 80 8,0,1110,,143186,1,0,79 80 8,0,99,,143214,1,0,79 80 8,0,37,,143183,1,0,79 80 8,0,204,,143196,1,0,79 80 8,0
670500,'3_merged_15529701',849,,143297,1,0,79 80 8,0,90,,143303,1,0,79 80 8,0,1087,,143337,1,0,79 80 8,0,97,,143345,1,0,79 80 8,0,107,,143295,1,0,79 80 8,0,87,,143292,1,0,79 80 8,0,106,,143290,1,0,79 80 8,0
670501,'1_merged_15529700',529,,143384,61,4,,0,24,,143377,61,4,,0,62,,143385,61,4,,0,31,,143383,61,4,,0,10,,143386,61,4,,0,75,,143414,67,4,,0,1383,,143413,61,4,,0,24,,143376,61,4,,0,63,,143371,61,4,,0,24,,143365,61,4,,0,81,,143362,61,4,,0,15,,143469,61,4,,0,87,,143411,61,4,,0,20,,143429,61,4,,0,100,,143379,61,4,,0
670501,'2_merged_15529702',614,,143529,41,4,,0,94,,143480,61,4,,0,10,,143528,61,4,,0,83,,143516,61,4,,0,44,,143515,61,4,,0,1113,,143542,61,4,,0,99,,143503,61,4,,0,89,,143544,61,4,,0,191,,143506,61,4,,0,200,,143498,61,4,,0
670501,'3_merged_15529701',844,,143599,61,4,,0,90,,143591,61,4,,0,1072,,143650,61,4,,0,47,,143654,61,4,,0,170,,143611,61,4,,0,85,,143664,61,4,,0,107,,143672,61,4,,0
732100,'1_merged_15529700',543,,155920,1,,,0,70,,155900,1,,,0,33,,155901,1,,,0,70,,155899,1,,,0,30,,155902,1,,,0,71,,155916,1,,,0,32,,155903,1,,,0,72,,155898,1,,,0,32,,155904,1,,,0,71,,155917,1,,,0,31,,155905,1,,,0,70,,155894,1,,,0,30,,155906,1,,,0,70,,155918,1,,,0,30,,155907,1,,,0,69,,155895,1,,,0,29,,155908,1,,,0,71,,155919,1,,,0,31,,155909,1,,,0,70,,155896,1,,,0,31,,155910,1,,,0,71,,155892,1,,,0,32,,155911,1,,,0,73,,155897,1,,,0,73,,155912,1,,,0,30,,155893,1,,,0,70,,155913,1,,,0,28,,155921,1,,,0,68,,155914,1,,,0,32,,155922,1,,,0,73,,155915,1,,,0,95,,155923,1,,,0,99,,155924,1,,,0,59,,155925,1,,,0
732100,'2_merged_15529702',620,,155932,1,,,0,20,,155947,1,,,0,67,,155946,1,,,0,30,,155945,1,,,0,70,,155931,1,,,0,20,,155926,1,,,0,20,,155963,1,,,0,60,,155930,1,,,0,31,,155944,1,,,0,71,,155929,1,,,0,30,,155943,1,,,0,70,,155928,1,,,0,22,,155942,1,,,0,20,,155961,1,,,0,60,,155927,1,,,0,20,,155941,1,,,0,20,,155955,1,,,0,60,,155953,1,,,0,20,,155940,1,,,0,20,,155956,1,,,0,60,,155952,1,,,0,20,,155939,1,,,0,20,,155957,1,,,0,60,,155951,1,,,0,20,,155938,1,,,0,20,,155958,1,,,0,62,,155950,1,,,0,20,,155937,1,,,0,20,,155959,1,,,0,59,,155949,1,,,0,19,,155936,1,,,0,20,,155960,1,,,0,60,,155948,1,,,0,19,,155935,1,,,0,20,,155962,1,,,0,70,,155964,1,,,0,29,,155934,1,,,0,70,,155965,1,,,0,33,,155933,1,,,0,100,,155954,1,,,0,150,,155966,1,,,0,100,,155967,1,,,0
732100,'3_merged_15529701',650,,155977,1,,,0,68,,155976,1,,,0,30,,155975,1,,,0,70,,155974,1,,,0,30,,155973,1,,,0,70,,155985,1,,,0,30,,155972,1,,,0,70,,155984,1,,,0,30,,155971,1,,,0,70,,155983,1,,,0,30,,155970,1,,,0,64,,155982,1,,,0,20,,155969,1,,,0,20,,155996,1,,,0,60,,155981,1,,,0,20,,155995,1,,,0,20,,155997,1,,,0,60,,155980,1,,,0,20,,155994,1,,,0,20,,155998,1,,,0,60,,155979,1,,,0,20,,155993,1,,,0,20,,155999,1,,,0,60,,155978,1,,,0,20,,155992,1,,,0,20,,156000,1,,,0,60,,155988,1,,,0,20,,155991,1,,,0,20,,156001,1,,,0,60,,155986,1,,,0,30,,155990,1,,,0,70,,155968,1,,,0,33,,155989,1,,,0,73,,156002,1,,,0,33,,155987,1,,,0,105,,156003,1,,,0,101,,156004,1,,,0,143,,156005,1,,,0
732101,'1_merged_15529700',626,,156036,56,4,,0,31,,156032,56,4,,0,76,,156007,56,4,,0,74,,156008,56,4,,0,34,,156020,56,4,,0,74,,156031,56,4,,0,31,,156021,56,4,,0,71,,156015,56,4,,0,31,,156022,56,4,,0,70,,156010,56,4,,0,30,,156023,56,4,,0,70,,156016,56,4,,0,31,,156024,56,4,,0,68,,156011,56,4,,0,29,,156025,56,4,,0,71,,156017,56,4,,0,33,,156026,56,4,,0,70,,156012,56,4,,0,31,,156027,56,4,,0,71,,156018,56,4,,0,32,,156028,56,4,,0,73,,156013,56,4,,0,30,,156029,56,4,,0,70,,156019,56,4,,0,32,,156030,56,4,,0,69,,156014,56,4,,0,26,,156033,56,4,,0,71,,156037,56,4,,0,32,,156034,56,4,,0,72,,156038,56,4,,0,27,,156035,56,4,,0,98,,156009,56,4,,0,99,,156006,56,4,,0,106,,156039,56,4,,0
732101,'2_merged_15529702',631,,156078,56,4,,0,71,,156062,56,4,,0,30,,156061,56,4,,0,69,,156060,56,4,,0,20,,156059,56,4,,0,20,,156079,56,4,,0,60,,156058,56,4,,0,31,,156057,56,4,,0,70,,156067,56,4,,0,30,,156056,56,4,,0,72,,156066,56,4,,0,20,,156077,56,4,,0,20,,156043,56,4,,0,60,,156065,56,4,,0,20,,156055,56,4,,0,20,,156070,56,4,,0,60,,156064,56,4,,0,19,,156054,56,4,,0,20,,156071,56,4,,0,60,,156063,56,4,,0,20,,156053,56,4,,0,21,,156072,56,4,,0,60,,156042,56,4,,0,20,,156052,56,4,,0,22,,156073,56,4,,0,61,,156041,56,4,,0,21,,156049,56,4,,0,20,,156074,56,4,,0,59,,156040,56,4,,0,19,,156048,56,4,,0,19,,156075,56,4,,0,60,,156069,56,4,,0,20,,156047,56,4,,0,20,,156076,56,4,,0,70,,156068,56,4,,0,29,,156046,56,4,,0,70,,156080,56,4,,0,32,,156045,56,4,,0,73,,156081,56,4,,0,28,,156044,56,4,,0,109,,156050,56,4,,0,99,,156051,56,4,,0,99,,156082,56,4,,0
732101,'3_merged_15529701',739,,156109,56,4,,0,69,,156108,56,4,,0,31,,156107,56,4,,0,70,,156106,56,4,,0,32,,156105,56,4,,0,70,,156104,56,4,,0,30,,156103,56,4,,0,70,,156087,56,4,,0,29,,156102,56,4,,0,60,,156086,56,4,,0,20,,156101,56,4,,0,21,,156110,56,4,,0,60,,156085,56,4,,0,20,,156100,56,4,,0,21,,156111,56,4,,0,60,,156084,56,4,,0,20,,156099,56,4,,0,21,,156112,56,4,,0,62,,156083,56,4,,0,20,,156098,56,4,,0,20,,156113,56,4,,0,60,,156091,56,4,,0,20,,156097,56,4,,0,20,,156114,56,4,,0,60,,156090,56,4,,0,20,,156096,56,4,,0,22,,156115,56,4,,0,59,,156089,56,4,,0,20,,156095,56,4,,0,21,,156116,56,4,,0,60,,156088,56,4,,0,20,,156117,56,4,,0,20,,156094,56,4,,0,66,,156118,56,4,,0,32,,156093,56,4,,0,73,,156119,56,4,,0,33,,156092,56,4,,0,101,,156120,56,4,,0,101,,156121,56,4,,0,101,,156122,56,4,,0
