672601,'1',610,,30843,18,,,0,49,,30844,46,,,0,73,,30845,46,,,0,72,,30846,46,,,0,31,,30847,46,,,0,70,,30848,46,,,0,35,,30849,46,,,0,72,,30850,46,,,0,25,,30851,40,,,0,65,,30852,40,,,0,37,,30853,40,,,0,70,,30854,40,,,0,29,,30855,40,,,0,65,,30856,40,,,0,40,,30857,40,,,0,74,,30858,40,,,0,31,,30859,40,,,0,61,,30860,40,,,0,28,,30861,40,,,0,74,,30862,46,,,0,30,,30863,46,,,0,76,,30864,46,,,0,24,,30865,46,,,0,67,,30866,46,,,0,31,,30867,46,,,0,72,,30868,40,,,0,28,,30869,40,,,0,68,,30870,40,,,0,31,,30837,40,,,0
672601,'2',712,,30891,40,,,0,102,,30878,40,,,0,32,,30893,40,,,0,69,,30894,40,,,0,30,,30892,40,,,0,70,,30895,40,,,0,28,,30876,40,,,0,68,,30896,40,,,0,28,,30877,40,,,0,68,,30897,40,,,0,31,,30879,40,,,0,72,,30898,40,,,0,28,,30880,40,,,0,68,,30899,40,,,0,30,,30882,40,,,0,71,,30883,40,,,0,30,,30900,40,,,0,70,,30871,40,,,0,30,,30890,40,,,0,70,,30872,40,,,0,32,,30881,40,,,0,72,,30873,40,,,0,31,,30885,40,,,0,70,,30874,40,,,0,28,,30884,40,,,0,74,,30875,40,,,0
672601,'3',826,,30927,40,,,0,79,,30917,40,,,0,30,,30901,40,,,0,77,,30918,40,,,0,34,,30914,40,,,0,78,,30919,40,,,0,34,,30909,40,,,0,63,,30920,40,,,0,31,,30902,40,,,0,67,,30921,40,,,0,29,,30903,40,,,0,72,,30926,40,,,0,29,,30913,40,,,0,69,,30922,40,,,0,29,,30904,40,,,0,68,,30923,40,,,0,29,,30905,40,,,0,72,,30924,40,,,0,28,,30906,40,,,0,70,,30925,40,,,0,30,,30907,40,,,0
3454300,'1',504,,50879,21,0,37,0,22,,50880,21,0,37,0,15,,50890,21,0,37,0,15,,50816,21,0,37,0,55,,50817,21,0,37,0,13,,50818,21,0,37,0,15,,50889,21,0,37,0,12,,50819,21,0,37,0,52,,50820,21,0,37,0,13,,50821,21,0,37,0,15,,50888,21,0,37,0,11,,50822,21,0,37,0,12,,50823,21,0,37,0,52,,50824,21,0,37,0,13,,50825,21,0,37,0,13,,50887,21,0,37,0,12,,50826,21,0,37,0,11,,50827,21,0,37,0,52,,50828,21,0,37,0,15,,50829,21,0,37,0,15,,50886,21,0,37,0,16,,50830,21,0,37,0,55,,50831,21,0,37,0,15,,50832,21,0,37,0,15,,50885,21,0,37,0,16,,50833,21,0,37,0,55,,50834,21,0,37,0,15,,50835,21,0,37,0,15,,50884,21,0,37,0,15,,50836,21,0,37,0,55,,50837,21,0,37,0,15,,50838,21,0,37,0,15,,50883,21,0,37,0,16,,50839,21,0,37,0,56,,50840,21,0,37,0,15,,50841,21,0,37,0,15,,50882,21,0,37,0,17,,50876,21,0,37,0,55,,50877,21,0,37,0,18,,50878,21,0,37,0,15,,50891,21,0,37,0,54,,50842,21,0,37,0,16,,50843,21,0,37,0,21,,50844,21,0,37,0,9,,50845,21,0,37,0,63,,50846,21,0,37,0,12,,50847,21,0,37,0,11,,50848,21,0,37,0,11,,50849,21,0,37,0,11,,50850,21,0,37,0,52,,50851,21,0,37,0,12,,50852,21,0,37,0,12,,50853,21,0,37,0,12,,50854,21,0,37,0,11,,50855,21,0,37,0,50,,50856,21,0,37,0,12,,50857,21,0,37,0,12,,50858,21,0,37,0,12,,50859,21,0,37,0,7,,50860,21,,,0,55,,50861,21,,,0,15,,50862,21,,,0,15,,50863,21,,,0,17,,50864,21,,,0,55,,50865,21,,,0,15,,50866,21,,,0,14,,50867,21,,,0,71,,50868,21,,,0,28,,50869,21,,,0,70,,50870,21,,,0,26,,50871,21,,,0,73,,50872,21,,,0,28,,50873,21,,,0,31,,50874,21,,,0,144,,50875,21,0,37,0,56,,50881,21,0,37,0
3454300,'101',1557,,50892,21,0,37,0
3454300,'2',538,,50920,21,,,0,67,,50919,21,,,0,30,,50918,21,,,0,24,,50917,21,,,0,72,,50916,21,,,0,71,,50915,21,,,0,34,,50914,21,,,0,71,,50913,21,,,0,21,,50893,21,,,0,20,,50912,21,,,0,60,,50911,21,,,0,20,,50910,21,,,0,21,,50909,21,,,0,60,,50908,21,,,0,20,,50907,21,,,0,21,,50906,21,,,0,60,,50905,21,,,0,20,,50904,21,,,0,21,,50903,21,,,0,60,,50902,21,,,0,20,,50901,21,,,0,20,,50900,21,,,0,60,,50899,21,,,0,20,,50898,21,,,0,20,,50897,21,,,0,60,,50896,21,,,0,20,,50895,21,,,0,20,,50894,21,,,0,60,,50941,21,,,0,20,,50940,21,,,0,20,,50939,21,,,0,60,,50938,21,,,0,20,,50937,21,,,0,20,,50936,21,,,0,60,,50935,21,,,0,20,,50934,21,,,0,18,,50933,21,,,0,60,,50932,21,,,0,29,,50931,21,,,0,70,,50930,21,,,0,30,,50929,21,,,0,70,,50928,21,,,0,32,,50927,21,,,0,70,,50926,21,,,0,29,,50925,21,,,0,70,,50924,21,,,0,98,,50923,21,,,0,100,,50922,21,0,37,0,98,,50921,21,0,37,0
3454300,'2001',1437,,50942,9,0,37,0
3454300,'201',1557,,50943,21,0,37,0
3454300,'3',539,,50986,21,,,0,75,,50987,21,,,0,30,,50944,21,,,0,71,,50945,21,,,0,30,,50946,21,,,0,70,,50947,21,,,0,31,,50971,21,,,0,68,,50972,21,,,0,28,,50973,21,,,0,67,,50974,21,,,0,26,,50979,21,,,0,20,,50975,21,,,0,60,,50976,21,,,0,20,,50980,21,,,0,19,,50977,21,,,0,60,,50978,21,,,0,20,,50981,21,,,0,20,,50948,21,,,0,60,,50949,21,,,0,22,,50982,21,,,0,19,,50950,21,,,0,60,,50951,21,,,0,20,,50983,21,,,0,20,,50952,21,,,0,60,,50953,21,,,0,20,,50984,21,,,0,21,,50954,21,,,0,58,,50955,21,,,0,20,,50985,21,,,0,20,,50956,21,,,0,66,,50957,21,,,0,27,,50958,21,,,0,67,,50959,21,,,0,35,,50960,21,,,0,75,,50961,21,,,0,76,,50962,21,,,0,35,,50963,21,,,0,73,,50964,21,,,0,35,,50965,21,,,0,75,,50966,21,,,0,35,,50967,21,,,0,147,,50968,21,,,0,103,,50969,21,0,37,0,100,,50970,21,0,37,0
3454300,'62101',1517,,50988,9,0,37,0
