672301,'1_merged_15529678',502,,88470,1,,,0,30,,88471,1,,,0,70,,88472,1,,,0,15,,88473,1,,,0,15,,88474,1,,,0,15,,88475,1,,,0,54,,88476,1,,,0,15,,88477,1,,,0,13,,88478,1,,,0,15,,88479,1,,,0,15,,88480,1,,,0,56,,88481,1,,,0,15,,88482,1,,,0,16,,88483,1,,,0,55,,88484,1,,,0,15,,88485,1,,,0,15,,88486,1,,,0,19,,88487,1,,,0,62,,88488,1,,,0,26,,88489,1,,,0,70,,88490,1,,,0,30,,88491,1,,,0,70,,88492,1,,,0,30,,88493,1,,,0,67,,88494,1,,,0,28,,88495,1,,,0,69,,88496,1,,,0,20,,88497,1,,,0,20,,88498,1,,,0,60,,88499,1,,,0,20,,88500,1,,,0,17,,88501,1,,,0,15,,88502,1,,,0,55,,88503,1,,,0,15,,88504,1,,,0,15,,88505,1,,,0,15,,88506,1,,,0,55,,88507,1,,,0,15,,88508,1,,,0,14,,88509,1,,,0,15,,88510,1,,,0,55,,88511,1,,,0,15,,88512,1,,,0,15,,88513,1,,,0,15,,88514,1,,,0,55,,88515,1,,,0,15,,88516,1,,,0,18,,88525,1,,,0,71,,88517,1,,,0,30,,88524,1,,,0,70,,88518,1,,,0,30,,88523,1,,,0,71,,88519,1,,,0,110,,88520,1,,,0,106,,88521,1,,,0,117,,88522,1,,,0
672301,'2_merged_15529680',603,,88544,1,,,0,109,,88530,1,,,0,32,,88531,1,,,0,70,,88532,1,,,0,30,,88533,1,,,0,70,,88555,1,,,0,30,,88534,1,,,0,70,,88535,1,,,0,30,,88543,1,,,0,70,,88536,1,,,0,30,,88527,1,,,0,70,,88548,1,,,0,30,,88542,1,,,0,70,,88529,1,,,0,30,,88551,1,,,0,70,,88539,1,,,0,30,,88540,1,,,0,70,,88559,1,,,0,30,,88554,1,,,0,70,,88553,1,,,0,30,,88545,1,,,0,70,,88546,1,,,0,30,,88547,1,,,0,70,,88556,1,,,0,30,,88552,1,,,0,70,,88526,1,,,0,30,,88537,1,,,0,70,,88538,1,,,0,30,,88549,1,,,0,70,,88550,1,,,0,30,,88528,1,,,0,91,,88541,1,,,0,96,,88557,1,,,0,96,,88558,1,,,0
672301,'3_merged_15529679',651,,88584,1,,,0,100,,88585,1,,,0,68,,88586,1,,,0,28,,88583,1,,,0,70,,88582,1,,,0,30,,88591,1,,,0,71,,88581,1,,,0,31,,88587,1,,,0,71,,88588,1,,,0,30,,88565,1,,,0,70,,88566,1,,,0,30,,88567,1,,,0,70,,88578,1,,,0,30,,88579,1,,,0,70,,88562,1,,,0,30,,88563,1,,,0,70,,88564,1,,,0,30,,88575,1,,,0,70,,88580,1,,,0,30,,88568,1,,,0,70,,88571,1,,,0,30,,88593,1,,,0,69,,88572,1,,,0,31,,88573,1,,,0,70,,88574,1,,,0,30,,88576,1,,,0,70,,88577,1,,,0,30,,88570,1,,,0,70,,88569,1,,,0,30,,88589,1,,,0,70,,88561,1,,,0,30,,88560,1,,,0,70,,88590,1,,,0,95,,88592,1,,,0
672500,'1_merged_15529678',548,,88973,1,,,0,80,,88974,1,,,0,31,,88975,1,,,0,71,,88976,1,,,0,70,,88977,1,,,0,30,,88978,1,,,0,70,,88979,1,,,0,30,,88980,1,,,0,70,,88981,1,,,0,30,,88982,1,,,0,70,,88983,1,,,0,30,,88984,1,,,0,70,,88985,1,,,0,30,,88986,1,,,0,70,,88987,1,,,0,30,,88988,1,,,0,29,,88989,1,,,0,70,,88990,1,,,0,30,,88991,1,,,0,70,,88992,1,,,0,30,,88993,1,,,0,70,,88994,1,,,0,30,,88995,1,,,0,70,,88996,1,,,0,30,,88997,1,,,0,70,,88998,1,,,0,30,,88999,1,,,0,70,,89000,1,,,0,71,,89001,1,,,0,30,,89002,1,,,0,70,,89003,1,,,0,30,,89004,1,,,0,70,,89005,1,,,0,53,,89006,1,,,0,100,,89007,1,,,0,100,,89008,1,,,0
672500,'2_merged_15529680',544,,89038,1,,,0,86,,89027,1,,,0,70,,89037,1,,,0,31,,89010,1,,,0,69,,89034,1,,,0,30,,89035,1,,,0,70,,89018,1,,,0,30,,89041,1,,,0,70,,89042,1,,,0,30,,89030,1,,,0,70,,89040,1,,,0,30,,89025,1,,,0,70,,89033,1,,,0,30,,89011,1,,,0,70,,89012,1,,,0,30,,89013,1,,,0,70,,89014,1,,,0,30,,89015,1,,,0,70,,89016,1,,,0,30,,89017,1,,,0,70,,89036,1,,,0,30,,89029,1,,,0,70,,89039,1,,,0,30,,89028,1,,,0,70,,89032,1,,,0,30,,89024,1,,,0,70,,89031,1,,,0,30,,89019,1,,,0,70,,89022,1,,,0,30,,89026,1,,,0,70,,89023,1,,,0,30,,89009,1,,,0,72,,89043,1,,,0,51,,89020,1,,,0,100,,89044,1,,,0,100,,89021,1,,,0
672500,'3_merged_15529679',647,,89066,1,,,0,73,,89074,1,,,0,30,,89073,1,,,0,70,,89047,1,,,0,30,,89051,1,,,0,70,,89067,1,,,0,31,,89068,1,,,0,70,,89069,1,,,0,30,,89054,1,,,0,70,,89076,1,,,0,28,,89064,1,,,0,69,,89078,1,,,0,30,,89070,1,,,0,69,,89077,1,,,0,30,,89055,1,,,0,70,,89071,1,,,0,30,,89072,1,,,0,70,,89075,1,,,0,30,,89065,1,,,0,70,,89056,1,,,0,30,,89058,1,,,0,70,,89053,1,,,0,30,,89048,1,,,0,70,,89049,1,,,0,31,,89050,1,,,0,71,,89052,1,,,0,30,,89059,1,,,0,73,,89060,1,,,0,31,,89061,1,,,0,70,,89062,1,,,0,80,,89045,1,,,0,110,,89063,1,,,0,100,,89046,1,,,0,100,,89057,1,,,0
683000,'1_merged_15529678',2515,,96730,1,,,0,32,,96731,1,,,0,68,,96732,1,,,0,30,,96733,1,,,0,70,,96734,1,,,0,32,,96735,1,,,0,110,,96736,1,0,30 14,0
683000,'2_merged_15529680',2515,,96742,1,,,0,35,,96741,1,,,0,70,,96740,1,,,0,30,,96737,1,,,0,72,,96739,1,,,0,34,,96738,1,,,0
683000,'3_merged_15529679',2515,,96749,1,,,0,30,,96748,1,,,0,70,,96743,1,,,0,30,,96747,1,,,0,70,,96746,1,,,0,40,,96745,1,,,0,102,,96744,1,0,30 14,0
1368401,'1_merged_15529678',910,,99386,1,,,0,30,,99387,1,,,0,70,,99388,2,,,0,30,,99389,2,,,0,70,,99390,2,,,0,30,,99391,2,,,0,70,,99392,2,,,0,30,,99393,2,,,0,70,,99394,2,,,0,30,,99395,2,,,0,70,,99396,2,,,0,30,,99397,2,,,0,70,,99398,2,,,0,30,,99399,2,,,0,70,,99400,2,,,0,30,,99401,2,,,0,70,,99402,2,,,0,30,,99403,2,,,0,70,,99404,2,,,0,30,,99405,2,,,0,70,,99406,2,,,0,30,,99407,2,,,0,70,,99408,2,,,0,32,,99409,2,,,0
1368401,'2_merged_15529680',910,,99417,1,,,0,35,,99416,1,,,0,75,,99415,1,,,0,35,,99414,1,,,0,76,,99411,1,,,0,75,,99413,1,,,0,35,,99412,1,,,0,76,,99410,1,,,0,36,,99429,1,,,0,76,,99428,1,,,0,75,,99427,1,,,0,36,,99426,1,,,0,77,,99425,1,,,0,36,,99424,1,,,0,76,,99423,1,,,0,73,,99422,1,,,0,33,,99421,1,,,0,74,,99420,1,,,0,31,,99419,1,,,0,75,,99418,1,,,0
3454201,'101_merged_15529685',1546,,109459,1,,,0
3454201,'1_merged_15529678',458,,109460,1,,,0,56,,109461,1,,,0,14,,109462,1,,,0,15,,109463,1,,,0,15,,109464,1,,,0,53,,109465,1,,,0,15,,109466,1,,,0,14,,109467,1,,,0,14,,109468,1,,,0,53,,109469,1,,,0,13,,109470,1,,,0,12,,109471,1,,,0,12,,109472,1,,,0,12,,109473,1,,,0,52,,109474,1,,,0,12,,109475,1,,,0,12,,109476,1,,,0,12,,109477,1,,,0,12,,109478,1,,,0,52,,109479,1,,,0,12,,109480,1,,,0,12,,109481,1,,,0,12,,109482,1,,,0,12,,109483,1,,,0,52,,109484,1,,,0,12,,109485,1,,,0,12,,109486,1,,,0,16,,109487,1,,,0,54,,109488,1,,,0,15,,109489,1,,,0,15,,109490,1,,,0,15,,109491,1,,,0,55,,109492,1,,,0,15,,109493,1,,,0,15,,109494,1,,,0,15,,109495,1,,,0,55,,109496,1,,,0,15,,109497,1,,,0,15,,109498,1,,,0,15,,109499,1,,,0,55,,109500,1,,,0,15,,109501,1,,,0,15,,109502,1,,,0,15,,109503,1,,,0,53,,109504,1,,,0,16,,109505,1,,,0,15,,109506,1,,,0,70,,109507,1,,,0,13,,109508,1,,,0,12,,109509,1,,,0,12,,109510,1,,,0,12,,109511,1,,,0,52,,109512,1,,,0,12,,109513,1,,,0,12,,109514,1,,,0,10,,109515,1,,,0,12,,109516,1,,,0,52,,109517,1,,,0,12,,109518,1,,,0,12,,109519,1,,,0,13,,109520,1,,,0,15,,109521,1,,,0,55,,109522,1,,,0,15,,109523,1,,,0,15,,109524,1,,,0,15,,109525,1,,,0,55,,109526,1,,,0,15,,109527,1,,,0,14,,109528,1,,,0,15,,109529,1,,,0,55,,109530,1,,,0,15,,109531,1,,,0,15,,109532,1,,,0,15,,109533,1,,,0,55,,109534,1,,,0,15,,109535,1,,,0,15,,109536,1,,,0,15,,109537,1,,,0,63,,109538,1,,,0,20,,109539,1,,,0,20,,109540,1,,,0,60,,109541,1,,,0,21,,109542,1,,,0,20,,109543,1,,,0,60,,109544,1,,,0,30,,109545,1,,,0
3454201,'2_merged_15529680',520,,109601,1,,,0,30,,109600,1,,,0,60,,109599,1,,,0,20,,109598,1,,,0,20,,109597,1,,,0,59,,109596,1,,,0,20,,109595,1,,,0,20,,109594,1,,,0,60,,109593,1,,,0,20,,109572,1,,,0,16,,109571,1,,,0,55,,109592,1,,,0,15,,109591,1,,,0,15,,109590,1,,,0,15,,109589,1,,,0,55,,109588,1,,,0,15,,109587,1,,,0,15,,109586,1,,,0,15,,109585,1,,,0,56,,109584,1,,,0,15,,109583,1,,,0,17,,109582,1,,,0,13,,109581,1,,,0,55,,109580,1,,,0,14,,109579,1,,,0,15,,109578,1,,,0,15,,109577,1,,,0,55,,109576,1,,,0,15,,109575,1,,,0,15,,109574,1,,,0,15,,109573,1,,,0,55,,109602,1,,,0,15,,109603,1,,,0,15,,109604,1,,,0,15,,109605,1,,,0,55,,109606,1,,,0,15,,109607,1,,,0,15,,109608,1,,,0,15,,109609,1,,,0,55,,109610,1,,,0,15,,109611,1,,,0,15,,109612,1,,,0,15,,109613,1,,,0,55,,109614,1,,,0,15,,109615,1,,,0,15,,109616,1,,,0,15,,109617,1,,,0,55,,109618,1,,,0,15,,109619,1,,,0,15,,109570,1,,,0,15,,109569,1,,,0,55,,109568,1,,,0,15,,109567,1,,,0,15,,109566,1,,,0,15,,109565,1,,,0,55,,109564,1,,,0,15,,109563,1,,,0,15,,109562,1,,,0,15,,109561,1,,,0,55,,109560,1,,,0,15,,109559,1,,,0,17,,109558,1,,,0,20,,109557,1,,,0,60,,109556,1,,,0,20,,109555,1,,,0,20,,109554,1,,,0,60,,109553,1,,,0,20,,109552,1,,,0,20,,109551,1,,,0,60,,109550,1,,,0,20,,109549,1,,,0,20,,109548,1,,,0,60,,109547,1,,,0,33,,109546,1,,,0
3454201,'3_merged_15529679',520,,109675,1,,,0,30,,109674,1,,,0,60,,109673,1,,,0,20,,109672,1,,,0,20,,109671,1,,,0,60,,109670,1,,,0,20,,109669,1,,,0,20,,109668,1,,,0,60,,109667,1,,,0,20,,109646,1,,,0,15,,109645,1,,,0,55,,109666,1,,,0,15,,109665,1,,,0,15,,109664,1,,,0,15,,109663,1,,,0,55,,109662,1,,,0,15,,109661,1,,,0,15,,109660,1,,,0,15,,109659,1,,,0,55,,109658,1,,,0,15,,109657,1,,,0,15,,109656,1,,,0,15,,109655,1,,,0,55,,109654,1,,,0,15,,109653,1,,,0,15,,109652,1,,,0,15,,109651,1,,,0,55,,109650,1,,,0,15,,109649,1,,,0,15,,109648,1,,,0,15,,109647,1,,,0,55,,109676,1,,,0,15,,109677,1,,,0,15,,109678,1,,,0,15,,109679,1,,,0,55,,109680,1,,,0,15,,109681,1,,,0,15,,109682,1,,,0,15,,109683,1,,,0,55,,109684,1,,,0,15,,109685,1,,,0,15,,109686,1,,,0,15,,109687,1,,,0,55,,109688,1,,,0,15,,109689,1,,,0,15,,109690,1,,,0,15,,109691,1,,,0,55,,109692,1,,,0,15,,109693,1,,,0,15,,109644,1,,,0,15,,109643,1,,,0,55,,109642,1,,,0,15,,109641,1,,,0,15,,109640,1,,,0,15,,109639,1,,,0,55,,109638,1,,,0,15,,109637,1,,,0,15,,109636,1,,,0,15,,109635,1,,,0,55,,109634,1,,,0,15,,109633,1,,,0,15,,109632,1,,,0,20,,109631,1,,,0,60,,109630,1,,,0,20,,109629,1,,,0,20,,109628,1,,,0,60,,109627,1,,,0,20,,109626,1,,,0,20,,109625,1,,,0,60,,109624,1,,,0,20,,109623,1,,,0,20,,109622,1,,,0,60,,109621,1,,,0,40,,109620,1,,,0
3454300,'101_merged_15529685',1537,,109694,1,0,37,0
3454300,'1_merged_15529678',453,,109758,1,0,37,0,62,,109759,1,0,37,0,15,,109769,1,0,37,0,15,,109695,1,0,37,0,55,,109696,1,0,37,0,13,,109697,1,0,37,0,13,,109768,1,0,37,0,12,,109698,1,0,37,0,12,,109699,1,0,37,0,52,,109700,1,0,37,0,12,,109767,1,0,37,0,12,,109701,1,0,37,0,11,,109702,1,0,37,0,10,,109703,1,0,37,0,10,,109704,1,0,37,0,50,,109766,1,0,37,0,10,,109705,1,0,37,0,9,,109771,1,0,37,0,12,,109706,1,0,37,0,13,,109707,1,0,37,0,55,,109708,1,0,37,0,15,,109765,1,0,37,0,16,,109709,1,0,37,0,15,,109710,1,0,37,0,55,,109711,1,0,37,0,15,,109764,1,0,37,0,16,,109712,1,0,37,0,15,,109713,1,0,37,0,55,,109714,1,0,37,0,15,,109763,1,0,37,0,15,,109715,1,0,37,0,15,,109716,1,0,37,0,55,,109717,1,0,37,0,15,,109762,1,0,37,0,14,,109718,1,0,37,0,16,,109719,1,0,37,0,55,,109720,1,0,37,0,15,,109761,1,0,37,0,15,,109755,1,0,37,0,15,,109756,1,0,37,0,56,,109757,1,0,37,0,15,,109770,1,0,37,0,15,,109721,1,0,37,0,16,,109722,1,0,37,0,61,,109723,1,0,37,0,9,,109724,1,0,37,0,24,,109725,1,0,37,0,52,,109726,1,0,37,0,11,,109727,1,0,37,0,11,,109728,1,0,37,0,11,,109729,1,0,37,0,9,,109730,1,0,37,0,12,,109731,1,0,37,0,52,,109732,1,0,37,0,12,,109733,1,0,37,0,11,,109734,1,0,37,0,10,,109735,1,0,37,0,12,,109736,1,0,37,0,52,,109737,1,0,37,0,12,,109738,1,0,37,0,13,,109739,1,,,0,17,,109740,1,,,0,55,,109741,1,,,0,15,,109742,1,,,0,16,,109743,1,,,0,15,,109744,1,,,0,55,,109745,1,,,0,15,,109746,1,,,0,30,,109747,1,,,0,69,,109748,1,,,0,30,,109749,1,,,0,70,,109750,1,,,0,29,,109751,1,,,0,70,,109752,1,,,0,30,,109753,1,,,0,100,,109754,1,0,37,0,100,,109760,1,0,37,0
3454300,'2_merged_15529680',526,,109800,1,,,0,27,,109799,1,,,0,70,,109798,1,,,0,25,,109797,1,,,0,71,,109796,1,,,0,31,,109795,1,,,0,70,,109794,1,,,0,30,,109793,1,,,0,62,,109773,1,,,0,20,,109792,1,,,0,20,,109791,1,,,0,60,,109790,1,,,0,20,,109789,1,,,0,20,,109788,1,,,0,60,,109787,1,,,0,20,,109786,1,,,0,20,,109785,1,,,0,60,,109784,1,,,0,20,,109783,1,,,0,20,,109782,1,,,0,60,,109781,1,,,0,20,,109780,1,,,0,20,,109779,1,,,0,60,,109778,1,,,0,20,,109777,1,,,0,20,,109776,1,,,0,60,,109775,1,,,0,20,,109774,1,,,0,20,,109821,1,,,0,60,,109820,1,,,0,20,,109819,1,,,0,20,,109818,1,,,0,60,,109817,1,,,0,20,,109816,1,,,0,20,,109815,1,,,0,60,,109814,1,,,0,20,,109813,1,,,0,20,,109812,1,,,0,69,,109811,1,,,0,30,,109810,1,,,0,71,,109809,1,,,0,30,,109808,1,,,0,71,,109807,1,,,0,30,,109806,1,,,0,70,,109805,1,,,0,30,,109804,1,,,0,98,,109803,1,,,0,100,,109802,1,0,37,0,99,,109801,1,0,37,0
3454300,'3_merged_15529679',529,,109864,1,,,0,72,,109865,1,,,0,30,,109822,1,,,0,70,,109823,1,,,0,30,,109824,1,,,0,70,,109825,1,,,0,30,,109849,1,,,0,28,,109850,1,,,0,68,,109851,1,,,0,26,,109852,1,,,0,65,,109857,1,,,0,20,,109853,1,,,0,20,,109854,1,,,0,60,,109858,1,,,0,19,,109855,1,,,0,20,,109856,1,,,0,60,,109859,1,,,0,20,,109826,1,,,0,20,,109827,1,,,0,60,,109860,1,,,0,20,,109828,1,,,0,20,,109829,1,,,0,60,,109861,1,,,0,20,,109830,1,,,0,20,,109831,1,,,0,60,,109862,1,,,0,20,,109832,1,,,0,20,,109833,1,,,0,60,,109863,1,,,0,20,,109834,1,,,0,66,,109835,1,,,0,26,,109836,1,,,0,28,,109837,1,,,0,75,,109838,1,,,0,75,,109839,1,,,0,36,,109840,1,,,0,75,,109841,1,,,0,35,,109842,1,,,0,75,,109843,1,,,0,75,,109844,1,,,0,35,,109845,1,,,0,107,,109846,1,,,0,105,,109847,1,0,37,0,100,,109848,1,0,37,0
