'1merged14514299',661901,54140,0,'Alma',0,6000,0,'Alma',0,2000,0,'Alma',0,1500,0,'Alma',0,1500,0,'Alma',0,5500,0,'Alma',0,1280,,'',0,900,,'',0,1880,,'',0,5820,,'',0,1800,,'',0,1710,,'',0,1700,,'',0,5600,,'',0,1390,,'',0,700,,'',0,1510,,'',0,5700,,'',0,1890,0,'Alma',0,2200,0,'Alma',0,6500,0,'Alma',0,2480,0,'Alma',0,6400,0,'Alma',0,2400,0,'Alma',0,2400,0,'Alma',0,6300,0,'Alma',0,2500,0,'Alma',0,6700,0,'Alma',0,2150,,'',0,2300,,'',0,5860,,'',0,1600,,'',0,1600,,'',0,1300,,'',0,5000,,'',0,1600,,'',0,1500,,'',0,1200,,'',0,1240,,'',0,5300,,'',0,600,,'',0,1800,,'',0,1300,,'',0,5770,0,'Alma',0,520,0,'Alma',0,1700,0,'Alma',0,1080,0,'Alma',0,1000,0,'Alma',0,730,0,'Alma',0,5000,0,'Alma',0,900,0,'Alma',0,1000,0,'Alma',0,1000,0,'Alma',0,2060,0,'Alma',0,5500,0,'Alma',0,1500,0,'Alma',0,1500,0,'Alma',0,1500,0,'Alma',0,5500,0,'Alma',0,1500,0,'Alma',0,1500,0,'Alma',0,1500,0,'Alma',0,5500,0,'Alma',0,1420,0,'Alma',0,1500,0,'Alma',0,1500,0,'Alma',0,5500,0,'Alma',0,1410,0,'Alma',0,1500,0,'Alma',0,1500,0,'Alma',0,5500,0,'Alma',0,1200,0,'Alma',0,1500,0,'Alma',0
'2merged14514301',661901,54340,0,'Alma',0,6000,0,'Alma',0,2060,0,'Alma',0,2100,0,'Alma',0,6000,0,'Alma',0,2000,0,'Alma',0,1400,0,'Alma',0,1500,0,'Alma',0,5500,0,'Alma',0,1700,0,'Alma',0,1500,0,'Alma',0,1710,0,'Alma',0,5500,0,'Alma',0,1500,0,'Alma',0,1500,0,'Alma',0,1540,0,'Alma',0,5500,0,'Alma',0,1200,0,'Alma',0,1200,0,'Alma',0,1200,0,'Alma',0,5200,0,'Alma',0,1200,0,'Alma',0,1200,0,'Alma',0,1200,0,'Alma',0,1200,0,'Alma',0,5300,0,'Alma',0,1200,0,'Alma',0,1200,0,'Alma',0,1200,0,'Alma',0,1200,0,'Alma',0,5200,0,'Alma',0,1200,0,'Alma',0,1200,0,'Alma',0,1200,0,'Alma',0,1200,0,'Alma',0,5200,0,'Alma',0,1200,0,'Alma',0,1000,0,'Alma',0,1000,0,'Alma',0,1000,0,'Alma',0,1000,0,'Alma',0,5000,0,'Alma',0,1000,0,'Alma',0,1080,0,'Alma',0,1000,0,'Alma',0,1000,0,'Alma',0,1000,0,'Alma',0,5000,0,'Alma',0,1000,0,'Alma',0,900,0,'Alma',0,1000,0,'Alma',0,1000,0,'Alma',0,1000,0,'Alma',0,5000,0,'Alma',0,1000,0,'Alma',0,1000,0,'Alma',0,1000,0,'Alma',0,1000,0,'Alma',0,920,0,'Alma',0,5000,0,'Alma',0,900,0,'Alma',0,1800,0,'Alma',0,900,0,'Alma',0,6060,0,'Alma',0,1400,0,'Alma',0,1400,0,'Alma',0,1400,0,'Alma',0,1330,0,'Alma',0,5500,0,'Alma',0,1300,0,'Alma',0,1500,0,'Alma',0,1500,0,'Alma',0,5500,0,'Alma',0,1500,0,'Alma',0,1500,0,'Alma',0,1500,0,'Alma',0,5400,0,'Alma',0,1260,0,'Alma',0,1400,0,'Alma',0,1400,0,'Alma',0,5400,0,'Alma',0,1300,0,'Alma',0,1300,0,'Alma',0,1400,0,'Alma',0,1400,0,'Alma',0,5500,0,'Alma',0,1500,0,'Alma',0,1400,0,'Alma',0
'3merged14514300',661901,53040,0,'Alma',0,2300,0,'Alma',0,5980,0,'Alma',0,2000,0,'Alma',0,2300,0,'Alma',0,6180,0,'Alma',0,2000,0,'Alma',0,6200,0,'Alma',0,1500,0,'Alma',0,1500,0,'Alma',0,1540,0,'Alma',0,5500,0,'Alma',0,1590,0,'Alma',0,1500,0,'Alma',0,1780,0,'Alma',0,5500,0,'Alma',0,1500,0,'Alma',0,1500,0,'Alma',0,1500,0,'Alma',0,5500,0,'Alma',0,1540,0,'Alma',0,1000,0,'Alma',0,1000,0,'Alma',0,1000,0,'Alma',0,1000,0,'Alma',0,5000,0,'Alma',0,1000,0,'Alma',0,1000,0,'Alma',0,1000,0,'Alma',0,1000,0,'Alma',0,1000,0,'Alma',0,5000,0,'Alma',0,1080,0,'Alma',0,1000,0,'Alma',0,1000,0,'Alma',0,1000,0,'Alma',0,5000,0,'Alma',0,1100,0,'Alma',0,1100,0,'Alma',0,1000,0,'Alma',0,1000,0,'Alma',0,1000,0,'Alma',0,5000,0,'Alma',0,1000,0,'Alma',0,1000,0,'Alma',0,1000,0,'Alma',0,1000,0,'Alma',0,1000,0,'Alma',0,5000,0,'Alma',0,1000,0,'Alma',0,1000,0,'Alma',0,1000,0,'Alma',0,1000,0,'Alma',0,1000,0,'Alma',0,5000,0,'Alma',0,900,0,'Alma',0,920,0,'Alma',0,900,0,'Alma',0,1000,0,'Alma',0,900,0,'Alma',0,1000,0,'Alma',0,5000,0,'Alma',0,980,0,'Alma',0,1500,0,'Alma',0,1200,0,'Alma',0,5600,0,'Alma',0,1700,0,'Alma',0,1500,0,'Alma',0,1400,0,'Alma',0,5400,0,'Alma',0,1500,0,'Alma',0,1310,0,'Alma',0,1500,0,'Alma',0,1500,0,'Alma',0,5400,0,'Alma',0,1500,0,'Alma',0,1500,0,'Alma',0,1500,0,'Alma',0,5500,0,'Alma',0,1360,0,'Alma',0,1400,0,'Alma',0,1400,0,'Alma',0,5600,0,'Alma',0,1400,0,'Alma',0,1500,0,'Alma',0,1400,0,'Alma',0,5600,0,'Alma',0,1400,0,'Alma',0,1400,0,'Alma',0
'1merged14514299',683301,262700,,'',0,1500,,'',0,5800,,'',0,3300,,'',0
'2merged14514301',683301,262800,,'',0,1800,,'',0,6000,,'',0,2100,,'',0
'35301',683301,273900,,'',0
'3merged14514300',683301,262620,,'',0,3000,,'',0,7000,,'',0
'152201merged14514306',1671801,212620,,'',0,1600,,'',0,1600,,'',0,5500,,'',0,1420,,'',0,1300,,'',0,6000,,'',0,2100,,'',0,1860,,'',0,6000,,'',0,3000,,'',0,1500,,'',0,5500,,'',0,1500,,'',0,1500,,'',0,7000,,'',0,500,,'',0
'152301merged14514307',1671801,212620,,'',0,1600,,'',0,1600,,'',0,5500,,'',0,1420,,'',0,1300,,'',0,6000,,'',0,2100,,'',0,1860,,'',0,6000,,'',0,3000,,'',0,1500,,'',0,5500,,'',0,1500,,'',0,1500,,'',0,7000,,'',0,500,,'',0
'1merged14514299',1671801,34530,,'',0,7000,,'',0,3870,,'',0,6900,,'',0,3000,,'',0,6200,,'',0,1400,,'',0,1300,,'',0,1300,,'',0,5300,,'',0,1440,,'',0,1300,,'',0,1400,,'',0,5500,,'',0,1910,,'',0,1600,,'',0,1700,,'',0,5460,,'',0,1500,,'',0,1400,,'',0,1400,,'',0,5400,,'',0,1500,,'',0,1400,,'',0,1540,,'',0,5500,,'',0,1670,,'',0,1500,,'',0,1720,,'',0,5500,,'',0,1500,,'',0,1500,,'',0,1590,,'',0,5500,,'',0,1700,,'',0,1500,,'',0,5600,,'',0,1500,,'',0,1500,,'',0,1500,,'',0,5500,,'',0,1600,,'',0,1500,,'',0,1500,,'',0,5500,,'',0,1200,,'',0,1300,,'',0,1100,,'',0,1080,,'',0,1000,,'',0,5100,,'',0,1000,,'',0,1000,,'',0,1200,,'',0,1200,,'',0,5200,,'',0,1200,,'',0,1200,,'',0,890,,'',0,1500,,'',0,5500,,'',0,1120,,'',0,1500,,'',0,1310,,'',0,1000,,'',0,5420,,'',0,1500,,'',0,1500,,'',0,1500,,'',0,5500,,'',0
'2merged14514301',1671801,34830,,'',0,7000,,'',0,3600,,'',0,8100,,'',0,7100,,'',0,1900,,'',0,1880,,'',0,1400,,'',0,5400,,'',0,1500,,'',0,1700,,'',0,1500,,'',0,5500,,'',0,1630,,'',0,1700,,'',0,5700,,'',0,1680,,'',0,1730,,'',0,1500,,'',0,5700,,'',0,1500,,'',0,1770,,'',0,1500,,'',0,5300,,'',0,1200,,'',0,1300,,'',0,1300,,'',0,5200,,'',0,1310,,'',0,1200,,'',0,1200,,'',0,1400,,'',0,5200,,'',0,1180,,'',0,1000,,'',0,1000,,'',0,1000,,'',0,1000,,'',0,5000,,'',0,1000,,'',0,1000,,'',0,1000,,'',0,1000,,'',0,1000,,'',0,5000,,'',0,1000,,'',0,1000,,'',0,1000,,'',0,830,,'',0,1000,,'',0,5000,,'',0,1000,,'',0,1000,,'',0,1000,,'',0,1000,,'',0,1000,,'',0,5000,,'',0,1000,,'',0,1000,,'',0,1000,,'',0,1000,,'',0,1000,,'',0,5000,,'',0,900,,'',0,1100,,'',0,1200,,'',0,980,,'',0,1300,,'',0,5200,,'',0,1100,,'',0,1400,,'',0,1300,,'',0,1000,,'',0,5330,,'',0,1500,,'',0,1500,,'',0,1600,,'',0,5600,,'',0,1170,,'',0,1500,,'',0,1500,,'',0,5500,,'',0,1700,,'',0,1800,,'',0,6000,,'',0,2000,,'',0,1920,,'',0,6100,,'',0,2200,,'',0,3000,,'',0,7000,,'',0,3000,,'',0,5000,,'',0
'3merged14514300',1671801,34540,,'',0,7000,,'',0,3600,,'',0,7500,,'',0,2800,,'',0,8700,,'',0,6400,,'',0,2360,,'',0,2000,,'',0,5700,,'',0,1700,,'',0,1600,,'',0,1820,,'',0,5690,,'',0,1500,,'',0,1700,,'',0,5500,,'',0,1500,,'',0,1500,,'',0,1600,,'',0,5500,,'',0,1620,,'',0,1500,,'',0,1670,,'',0,5500,,'',0,1500,,'',0,1500,,'',0,1500,,'',0,5300,,'',0,1200,,'',0,1200,,'',0,1200,,'',0,1530,,'',0,5200,,'',0,1200,,'',0,1200,,'',0,1200,,'',0,1070,,'',0,5200,,'',0,1200,,'',0,1200,,'',0,1200,,'',0,1200,,'',0,5200,,'',0,1200,,'',0,1200,,'',0,1200,,'',0,1200,,'',0,5200,,'',0,1130,,'',0,1200,,'',0,1200,,'',0,1200,,'',0,5200,,'',0,1300,,'',0,1300,,'',0,1200,,'',0,1500,,'',0,5400,,'',0,1500,,'',0,1900,,'',0,1080,,'',0,5500,,'',0,1500,,'',0,1500,,'',0,1500,,'',0,5500,,'',0,1500,,'',0,1430,,'',0,1500,,'',0,5500,,'',0,1370,,'',0,1900,,'',0,6000,,'',0,2000,,'',0,2000,,'',0,6000,,'',0,2400,,'',0,3000,,'',0,7000,,'',0,3000,,'',0,4700,,'',0
