'152201merged14313261',661400,204100,0,'Downtown',0,6000,0,'Downtown',0,2000,0,'Downtown',0,2000,0,'Downtown',0,6000,0,'Downtown',0,2000,0,'Downtown',0,2300,0,'Downtown',0,6000,0,'Downtown',0,2000,0,'Downtown',0,2500,0,'Downtown',0
'152201merged14313261',661401,214900,4,'',0,5900,4,'',0,1600,4,'',0,2000,4,'',0,5900,4,'',0,1900,4,'',0,2000,4,'',0,6000,4,'',0,1900,4,'',0,2100,4,'',0
'152301merged14313268',661400,204100,0,'Downtown',0,6000,0,'Downtown',0,2000,0,'Downtown',0,2000,0,'Downtown',0,6000,0,'Downtown',0,2000,0,'Downtown',0,2300,0,'Downtown',0,6000,0,'Downtown',0,2000,0,'Downtown',0,2500,0,'Downtown',0
'152301merged14313268',661401,214900,4,'',0,5900,4,'',0,1600,4,'',0,2000,4,'',0,5900,4,'',0,1900,4,'',0,2000,4,'',0,6000,4,'',0,1900,4,'',0,2100,4,'',0
'1merged14313263',661400,71300,,'',0,1400,,'',0,1200,,'',0,1500,,'',0,5500,,'',0,1400,,'',0,1700,,'',0,1500,,'',0,5500,,'',0,1500,,'',0,1600,,'',0,1500,,'',0,5400,,'',0,1500,,'',0,1300,,'',0,1500,,'',0,5500,,'',0,1500,,'',0,1500,,'',0,1500,,'',0,5400,,'',0,1500,,'',0,1500,,'',0,1500,,'',0,5400,,'',0,1500,,'',0,1500,,'',0,1500,,'',0,5500,,'',0,1500,,'',0,1500,,'',0,1300,,'',0,5200,,'',0,1100,,'',0,1200,,'',0,1000,,'',0,1300,,'',0,1200,,'',0,5200,,'',0,1200,,'',0,1200,,'',0,1200,,'',0,1200,,'',0,5200,,'',0,1300,,'',0,1400,,'',0,1200,,'',0,5200,,'',0,1200,,'',0,1200,,'',0,1500,,'',0,6000,,'',0,2100,,'',0,2100,0,'Downtown',0,6000,0,'Downtown',0,1900,0,'Downtown',0
'1merged14313263',661401,70600,4,'',0,2100,4,'',0,1900,4,'',0,5400,4,'',0,1500,4,'',0,1600,4,'',0,1800,4,'',0,5500,4,'',0,1500,4,'',0,1500,4,'',0,1500,4,'',0,5500,4,'',0,1500,4,'',0,1500,4,'',0,1500,4,'',0,5700,4,'',0,1500,4,'',0,1500,4,'',0,1500,4,'',0,5700,4,'',0,1500,4,'',0,1500,4,'',0,1500,4,'',0,5600,4,'',0,1500,4,'',0,1500,4,'',0,1500,4,'',0,5400,4,'',0,1500,4,'',0,1500,4,'',0,1500,4,'',0,5500,4,'',0,1500,4,'',0,1600,4,'',0,1500,4,'',0,5500,4,'',0,1400,4,'',0,1100,4,'',0,1200,4,'',0,1200,4,'',0,5200,4,'',0,1200,4,'',0,1200,4,'',0,1200,4,'',0,1200,4,'',0,5200,4,'',0,1200,4,'',0,1300,4,'',0,1200,4,'',0,1200,4,'',0,5200,4,'',0,1200,4,'',0,900,4,'',0,1700,4,'',0,5500,4,'',0,2000,4,'',0,2000,4,'',0,6000,4,'',0,2000,4,'',0
'2merged14313265',661400,85600,,'',0,5500,,'',0,1500,,'',0,1500,,'',0,1500,,'',0,5400,,'',0,1300,,'',0,1200,,'',0,1000,,'',0,1200,,'',0,5200,,'',0,1200,,'',0,1200,,'',0,1100,,'',0,1200,,'',0,4900,,'',0,1200,,'',0,1200,,'',0,1200,,'',0,1200,,'',0,5200,,'',0,1200,,'',0,1200,,'',0,1200,,'',0,1200,,'',0,5200,,'',0,1200,,'',0,1200,,'',0,1200,,'',0,1200,,'',0,5200,,'',0,1200,,'',0,1200,,'',0,1200,,'',0,1200,,'',0,5300,,'',0,1200,,'',0,1200,,'',0,1200,,'',0,1300,,'',0,5200,,'',0,1200,,'',0,1200,,'',0,1500,,'',0,5500,,'',0,1500,,'',0,1500,,'',0,2200,,'',0,6100,,'',0,2100,0,'Downtown',0,2000,0,'Downtown',0,6000,0,'Downtown',0,2000,0,'Downtown',0,2100,0,'Downtown',0,6200,0,'Downtown',0,2000,0,'Downtown',0,2000,0,'Downtown',0,6000,0,'Downtown',0,2700,0,'Downtown',0,6000,0,'Downtown',0,2000,0,'Downtown',0,2900,0,'Downtown',0
'2merged14313265',661401,85100,4,'',0,5900,4,'',0,1800,4,'',0,1600,4,'',0,5800,4,'',0,1400,4,'',0,1400,4,'',0,1400,4,'',0,5600,4,'',0,1500,4,'',0,1700,4,'',0,1500,4,'',0,5400,4,'',0,1500,4,'',0,1700,4,'',0,1500,4,'',0,5200,4,'',0,1200,4,'',0,1200,4,'',0,1200,4,'',0,1200,4,'',0,5400,4,'',0,1200,4,'',0,1200,4,'',0,1400,4,'',0,1200,4,'',0,5100,4,'',0,1200,4,'',0,1200,4,'',0,1200,4,'',0,1200,4,'',0,4900,4,'',0,1200,4,'',0,1200,4,'',0,1200,4,'',0,1200,4,'',0,1000,4,'',0,5200,4,'',0,1200,4,'',0,1200,4,'',0,1200,4,'',0,5400,4,'',0,1200,4,'',0,1500,4,'',0,1500,4,'',0,1500,4,'',0,5400,4,'',0,1600,4,'',0,1400,4,'',0,6000,4,'',0,2100,4,'',0,2100,4,'',0,6100,4,'',0,2100,4,'',0,2000,4,'',0,6000,4,'',0,2000,4,'',0,2100,4,'',0,6000,4,'',0,2000,4,'',0,2000,4,'',0,6000,4,'',0,1300,4,'',0,2000,4,'',0
'3merged14313264',661400,94800,,'',0,5500,,'',0,1400,,'',0,1500,,'',0,1400,,'',0,5600,,'',0,1600,,'',0,1600,,'',0,1600,,'',0,5500,,'',0,1600,,'',0,1500,,'',0,1500,,'',0,5500,,'',0,1500,,'',0,1500,,'',0,1500,,'',0,5500,,'',0,1500,,'',0,1500,,'',0,1400,,'',0,5500,,'',0,1500,,'',0,1500,,'',0,1400,,'',0,5500,,'',0,1500,,'',0,1500,,'',0,1500,,'',0,5500,,'',0,1600,,'',0,1500,,'',0,1500,,'',0,5500,,'',0,1500,,'',0,2100,,'',0,5900,,'',0,1900,,'',0,1900,0,'Downtown',0,2000,0,'Downtown',0,6000,0,'Downtown',0,2100,0,'Downtown',0,2000,0,'Downtown',0,6200,0,'Downtown',0,2300,0,'Downtown',0,6000,0,'Downtown',0,2000,0,'Downtown',0,2100,0,'Downtown',0,6100,0,'Downtown',0,2000,0,'Downtown',0,3000,0,'Downtown',0
'3merged14313264',661401,92300,4,'',0,2500,4,'',0,6200,4,'',0,2200,4,'',0,2000,4,'',0,6000,4,'',0,1500,4,'',0,1700,4,'',0,5600,4,'',0,1500,4,'',0,1500,4,'',0,1600,4,'',0,5700,4,'',0,1300,4,'',0,1800,4,'',0,1500,4,'',0,5500,4,'',0,1500,4,'',0,1500,4,'',0,1500,4,'',0,5500,4,'',0,1500,4,'',0,1500,4,'',0,1500,4,'',0,5500,4,'',0,1500,4,'',0,1400,4,'',0,1500,4,'',0,5500,4,'',0,1500,4,'',0,1500,4,'',0,1500,4,'',0,5500,4,'',0,1500,4,'',0,1500,4,'',0,1500,4,'',0,5500,4,'',0,1500,4,'',0,1100,4,'',0,1700,4,'',0,5800,4,'',0,1900,4,'',0,1700,4,'',0,6000,4,'',0,2000,4,'',0,1900,4,'',0,2000,4,'',0,6000,4,'',0,1800,4,'',0,2200,4,'',0,6000,4,'',0,1800,4,'',0,2000,4,'',0,6100,4,'',0,2100,4,'',0
