668200,'1',529,,22055,,,0,17,,21985,,,0,12,,22050,,,0,50,,21986,,,0,8,,22020,,,0,9,,21977,,,0,8,,22046,,,0,8,,21966,,,0,8,,22051,,,0,7,,21968,,,0,47,,22047,,,0,8,,21994,,,0,9,,21967,,,0,7,,21983,,,0,8,,21965,,,0,7,,22052,,,0,6,,21964,,,0,8,,22038,,,0,48,,21997,,,0,8,,22044,,,0,7,,22041,,,0,9,,22008,,,0,8,,22019,,,0,8,,22056,,,0,8,,21979,,,0,48,,22039,,,0,11,,21981,,,0,14,,22014,,,0,15,,21975,,,0,15,,21971,,,0,54,,22001,,,0,13,,22004,,,0,15,,22018,,,0,15,,22003,,,0,55,,22032,,,0,16,,22002,,,0,15,,22006,,,0,14,,22000,,,0,54,,21989,,,0,16,,21991,,,0,14,,21982,,,0,15,,21993,,,0,55,,22035,,,0,15,,22028,,,0,15,,22036,,,0,15,,21995,,,0,53,,21976,,,0,15,,22026,,,0,14,,21988,,,0,10,,22025,,,0,8,,22049,,,0,50,,22053,,,0,10,,21987,,,0,11,,21984,,,0,11,,21992,,,0,11,,21974,,,0,11,,22054,,,0,51,,22007,,,0,8,,22021,,,0,9,,22040,,,0,9,,22042,,,0,9,,21980,,,0,8,,21973,,,0,59,,21972,,,0,10,,21996,,,0,10,,21978,,,0,10,,22043,,,0,10,,22048,,,0,8,,22034,,,0,50,,22013,,,0,10,,22012,,,0,10,,21970,,,0,15,,21969,,,0,14,,22011,,,0,55,,22010,,,0,14,,22009,,,0,14,,22024,,,0,12,,22033,,,0,55,,22023,,,0,16,,22031,,,0,15,,22022,,,0,14,,22030,,,0,55,,22005,,,0,16,,22029,,,0,20,,22027,,,0,60,,22017,,,0,20,,22016,,,0,23,,22015,,,0,62,,21963,,,0,20,,21998,,,0,27,,21999,,,0,70,,22037,,,0,32,,21990,,,0
668200,'101',1659,,22057,,,0
668200,'2',624,,22131,,,0,20,,22130,,,0,60,,22129,,,0,20,,22095,,,0,20,,22128,,,0,57,,22065,,,0,15,,22127,,,0,15,,22133,,,0,15,,22126,,,0,56,,22134,,,0,15,,22125,,,0,15,,22089,,,0,15,,22059,,,0,54,,22124,,,0,15,,22122,,,0,16,,22072,,,0,15,,22123,,,0,55,,22060,,,0,16,,22121,,,0,15,,22070,,,0,15,,22103,,,0,56,,22077,,,0,15,,22094,,,0,15,,22115,,,0,15,,22087,,,0,57,,22061,,,0,15,,22058,,,0,11,,22064,,,0,12,,22114,,,0,12,,22069,,,0,52,,22078,,,0,10,,22081,,,0,13,,22062,,,0,10,,22099,,,0,10,,22113,,,0,49,,22063,,,0,10,,22093,,,0,10,,22076,,,0,11,,22074,,,0,10,,22102,,,0,11,,22075,,,0,50,,22112,,,0,10,,22096,,,0,10,,22067,,,0,10,,22088,,,0,9,,22111,,,0,10,,22101,,,0,50,,22104,,,0,10,,22135,,,0,10,,22098,,,0,10,,22097,,,0,10,,22100,,,0,10,,22110,,,0,50,,22092,,,0,10,,22082,,,0,9,,22109,,,0,10,,22083,,,0,10,,22091,,,0,18,,22066,,,0,48,,22120,,,0,11,,22108,,,0,17,,22079,,,0,14,,22119,,,0,55,,22084,,,0,9,,22118,,,0,11,,22107,,,0,14,,22117,,,0,15,,22132,,,0,58,,22116,,,0,22,,22085,,,0,14,,22137,,,0,54,,22136,,,0,15,,22106,,,0,15,,22080,,,0,20,,22086,,,0,60,,22105,,,0,19,,22073,,,0,20,,22138,,,0,60,,22090,,,0,20,,22071,,,0,30,,22068,,,0
668200,'201',1659,,22139,,,0
668200,'3',615,,22164,,,0,20,,22163,,,0,20,,22162,,,0,60,,22161,,,0,21,,22159,,,0,20,,22158,,,0,59,,22148,,,0,15,,22147,,,0,15,,22186,,,0,55,,22146,,,0,15,,22201,,,0,15,,22145,,,0,15,,22140,,,0,56,,22188,,,0,15,,22157,,,0,15,,22193,,,0,15,,22156,,,0,56,,22165,,,0,15,,22155,,,0,15,,22174,,,0,15,,22154,,,0,55,,22181,,,0,15,,22143,,,0,12,,22144,,,0,17,,22142,,,0,13,,22172,,,0,57,,22141,,,0,18,,22180,,,0,15,,22179,,,0,55,,22191,,,0,15,,22178,,,0,14,,22170,,,0,15,,22177,,,0,53,,22187,,,0,16,,22176,,,0,15,,22182,,,0,16,,22175,,,0,54,,22171,,,0,16,,22190,,,0,18,,22185,,,0,12,,22202,,,0,55,,22189,,,0,15,,22184,,,0,15,,22200,,,0,15,,22168,,,0,56,,22192,,,0,13,,22167,,,0,15,,22199,,,0,14,,22166,,,0,55,,22153,,,0,15,,22183,,,0,15,,22152,,,0,17,,22151,,,0,55,,22196,,,0,14,,22150,,,0,14,,22195,,,0,16,,22149,,,0,60,,22160,,,0,26,,22194,,,0,25,,22173,,,0,70,,22198,,,0,30,,22197,,,0,68,,22169,,,0
668300,'1',1555,,22441,,,0,61,,22452,,,0,13,,22453,,,0,9,,22454,,,0,19,,22448,,,0,63,,22450,,,0,24,,22439,,,0,65,,22442,,,0,9,,22440,,,0,12,,22438,,,0,26,,22437,,,0,64,,22444,,,0,26,,22449,,,0
669200,'1',559,,23760,,,0,70,,23761,,,0,30,,23762,,,0,60,,23763,,,0,20,,23764,,,0,20,,23765,,,0,60,,23766,,,0,20,,23767,,,0,20,,23768,,,0,60,,23769,,,0,20,,23770,,,0,20,,23771,,,0,60,,23772,,,0,20,,23773,,,0,20,,23774,,,0,61,,23775,,,0,20,,23776,,,0,60,,23777,,,0,20,,23778,,,0,20,,23779,,,0,60,,23780,,,0,20,,23781,,,0,20,,23782,,,0,60,,23783,,,0,22,,23784,,,0,20,,23785,,,0,60,,23786,,,0,20,,23787,,,0,20,,23788,,,0,60,,23789,,,0,20,,23790,,,0,20,,23791,,,0,60,,23792,,,0,20,,23793,,,0,20,,23794,,,0,59,,23795,,,0,19,,23796,,,0,25,,23797,,,0,70,,23798,,,0,30,,23799,,,0,70,,23800,,,0,20,,23801,,,0,70,,23802,,,0,40,,23803,,,0,71,,23804,,,0,37,,23805,,,0,69,,23806,,,0,37,,23807,,,0,71,,23808,,,0,86,,23809,,,0
669200,'2',554,,23810,,,0,60,,23811,,,0,30,,23812,,,0,70,,23813,,,0,30,,23814,,,0,70,,23815,,,0,31,,23816,,,0,70,,23817,,,0,30,,23818,,,0,70,,23819,,,0,30,,23820,,,0,70,,23821,,,0,21,,23822,,,0,20,,23823,,,0,60,,23824,,,0,20,,23825,,,0,20,,23826,,,0,60,,23827,,,0,20,,23828,,,0,20,,23829,,,0,60,,23830,,,0,20,,23831,,,0,20,,23832,,,0,60,,23833,,,0,20,,23834,,,0,20,,23835,,,0,60,,23836,,,0,20,,23837,,,0,20,,23838,,,0,60,,23839,,,0,20,,23840,,,0,20,,23841,,,0,60,,23842,,,0,30,,23843,,,0,69,,23844,,,0,30,,23845,,,0,70,,23846,,,0,30,,23847,,,0,59,,23848,,,0,40,,23849,,,0,80,,23850,,,0,80,,23851,,,0,40,,23852,,,0,80,,23853,,,0,80,,23854,,,0
669200,'3',645,,23855,,,0,70,,23856,,,0,30,,23857,,,0,71,,23858,,,0,30,,23859,,,0,70,,23860,,,0,31,,23861,,,0,70,,23862,,,0,30,,23863,,,0,70,,23864,,,0,20,,23865,,,0,20,,23866,,,0,60,,23867,,,0,20,,23868,,,0,20,,23869,,,0,60,,23870,,,0,20,,23871,,,0,20,,23872,,,0,60,,23873,,,0,20,,23874,,,0,20,,23875,,,0,60,,23876,,,0,20,,23877,,,0,20,,23878,,,0,60,,23879,,,0,20,,23880,,,0,20,,23881,,,0,60,,23882,,,0,20,,23883,,,0,20,,23884,,,0,60,,23885,,,0,29,,23886,,,0,70,,23887,,,0,30,,23888,,,0,70,,23889,,,0,30,,23890,,,0,59,,23891,,,0,40,,23892,,,0,80,,23893,,,0,80,,23894,,,0,40,,23895,,,0,80,,23896,,,0,80,,23897,,,0
683700,'1',2522,,38443,,,0,20,,38442,,,0,60,,38438,,,0,29,,38441,,,0,74,,38440,,,0,19,,38439,,,0,28,,38437,,,0
683700,'1101',2642,,38444,,,0
683700,'1201',2642,,38445,,,0
683700,'2',2526,,38448,,,0,22,,38453,,,0,54,,38447,,,0,19,,38452,,,0,20,,38449,,,0,70,,38451,,,0,12,,38450,,,0,34,,38446,,,0
683700,'3',711,,38466,,,0,38,,38467,0,50 51,0,73,,38468,0,50 51,0,1535,,38459,,,0,73,,38458,,,0,70,,38457,,,0,37,,38456,,,0,72,,38455,,,0,24,,38462,,,0,88,,38461,,,0,25,,38460,,,0
