'1merged14516808',668201,54400,4,'',0,1500,4,'',0,5800,4,'',0,1300,4,'',0,1400,4,'',0,800,4,'',0,5600,4,'',0,1200,4,'',0,800,4,'',0,600,4,'',0,900,4,'',0,700,4,'',0,800,4,'',0,4700,4,'',0,1100,4,'',0,400,4,'',0,700,4,'',0,900,4,'',0,700,4,'',0,1400,4,'',0,5400,4,'',0,1700,4,'',0,1200,4,'',0,1500,4,'',0,5200,4,'',0,1200,4,'',0,1000,4,'',0,1500,4,'',0,5600,4,'',0,1800,4,'',0,1200,4,'',0,1600,4,'',0,5500,4,'',0,1600,4,'',0,1600,4,'',0,1600,4,'',0,6000,4,'',0,1000,4,'',0,1600,4,'',0,1500,4,'',0,5000,4,'',0,1000,4,'',0,1000,4,'',0,1800,4,'',0,1100,4,'',0,5200,4,'',0,1000,4,'',0,1000,4,'',0,1000,4,'',0,1000,4,'',0,1300,4,'',0,5400,4,'',0,800,4,'',0,700,4,'',0,600,4,'',0,1200,4,'',0,900,4,'',0,5000,4,'',0,700,4,'',0,900,4,'',0,800,4,'',0,700,4,'',0,800,4,'',0,600,4,'',0,1000,4,'',0,400,4,'',0,5000,4,'',0,1000,4,'',0,900,4,'',0,1300,4,'',0,700,4,'',0,1000,4,'',0,5400,4,'',0,1300,4,'',0,1500,4,'',0,1400,4,'',0,5500,4,'',0,1300,4,'',0,1500,4,'',0,1600,4,'',0,5500,4,'',0,1900,4,'',0,1900,4,'',0,6000,4,'',0,2000,4,'',0,2200,4,'',0,7000,4,'',0,2700,4,'',0,7000,4,'',0,2800,4,'',0
'2merged14516810',668201,62900,4,'',0,2200,4,'',0,6000,4,'',0,2000,4,'',0,2400,4,'',0,5900,4,'',0,1300,4,'',0,1500,4,'',0,5800,4,'',0,1500,4,'',0,1700,4,'',0,1600,4,'',0,5500,4,'',0,1500,4,'',0,1500,4,'',0,1900,4,'',0,5500,4,'',0,1500,4,'',0,1500,4,'',0,1900,4,'',0,5600,4,'',0,1800,4,'',0,1300,4,'',0,1400,4,'',0,5400,4,'',0,1700,4,'',0,1200,4,'',0,1000,4,'',0,5200,4,'',0,1300,4,'',0,1500,4,'',0,1200,4,'',0,1000,4,'',0,5000,4,'',0,1200,4,'',0,900,4,'',0,1000,4,'',0,1100,4,'',0,900,4,'',0,5000,4,'',0,1100,4,'',0,900,4,'',0,1000,4,'',0,1100,4,'',0,1000,4,'',0,4900,4,'',0,1000,4,'',0,1000,4,'',0,1000,4,'',0,1000,4,'',0,1000,4,'',0,5000,4,'',0,800,4,'',0,1000,4,'',0,1000,4,'',0,1100,4,'',0,900,4,'',0,5200,4,'',0,1200,4,'',0,1200,4,'',0,1200,4,'',0,1300,4,'',0,5300,4,'',0,1300,4,'',0,1300,4,'',0,1400,4,'',0,1300,4,'',0,5500,4,'',0,1100,4,'',0,1500,4,'',0,1400,4,'',0,6000,4,'',0,2000,4,'',0,1600,4,'',0,6000,4,'',0,2000,4,'',0,2000,4,'',0,7000,4,'',0,2700,4,'',0
'3merged14516809',668201,63300,4,'',0,6800,4,'',0,1900,4,'',0,2000,4,'',0,6000,4,'',0,2000,4,'',0,2200,4,'',0,1600,4,'',0,5600,4,'',0,1500,4,'',0,1700,4,'',0,5500,4,'',0,1700,4,'',0,1500,4,'',0,1600,4,'',0,1000,4,'',0,5900,4,'',0,1700,4,'',0,1800,4,'',0,5500,4,'',0,1600,4,'',0,1500,4,'',0,1600,4,'',0,5500,4,'',0,1700,4,'',0,1600,4,'',0,1400,4,'',0,5700,4,'',0,1200,4,'',0,1700,4,'',0,1400,4,'',0,5600,4,'',0,1500,4,'',0,1600,4,'',0,1400,4,'',0,5600,4,'',0,1500,4,'',0,1600,4,'',0,1400,4,'',0,5700,4,'',0,1400,4,'',0,1500,4,'',0,1400,4,'',0,5500,4,'',0,1500,4,'',0,1500,4,'',0,1200,4,'',0,5500,4,'',0,1100,4,'',0,1500,4,'',0,1400,4,'',0,5500,4,'',0,1500,4,'',0,1500,4,'',0,1400,4,'',0,5400,4,'',0,1600,4,'',0,1900,4,'',0,1800,4,'',0,6000,4,'',0,2000,4,'',0,2200,4,'',0
'1merged14516808',668301,71500,4,'',0,1300,4,'',0,1000,4,'',0,1000,4,'',0,5800,4,'',0,900,4,'',0,1900,4,'',0,300,4,'',0,1100,4,'',0,600,4,'',0,5600,4,'',0,1300,4,'',0
'1merged14516808',668501,64400,4,'',0,6200,4,'',0,1300,4,'',0,1800,4,'',0,1800,4,'',0,4900,4,'',0,1100,4,'',0,1600,4,'',0,1900,4,'',0,5200,4,'',0,2000,4,'',0,2600,4,'',0,7400,4,'',0,2400,4,'',0,5500,4,'',0,3500,4,'',0,7200,4,'',0,2600,4,'',0,7000,4,'',0,3000,4,'',0,6900,4,'',0,3000,4,'',0,7300,4,'',0,2900,4,'',0,2000,4,'',0,5400,4,'',0,2900,4,'',0,1700,4,'',0,5200,4,'',0,1700,4,'',0,1400,4,'',0,2000,4,'',0,4900,4,'',0,1500,4,'',0,1300,4,'',0,1500,4,'',0,5300,4,'',0,1300,4,'',0,1400,4,'',0,2900,4,'',0,9700,4,'',0,9800,4,'',0,9900,4,'',0,9900,4,'',0,9400,4,'',0
'2merged14516810',668501,64900,4,'',0,7100,4,'',0,3000,4,'',0,7100,4,'',0,3000,4,'',0,7100,4,'',0,3100,4,'',0,6900,4,'',0,3000,4,'',0,7300,4,'',0,3300,4,'',0,7100,4,'',0,7200,4,'',0,3200,4,'',0,7000,4,'',0,3100,4,'',0,7100,4,'',0,3400,4,'',0,7400,4,'',0,3100,4,'',0,6500,4,'',0,2800,4,'',0,7000,4,'',0,2900,4,'',0,6800,4,'',0,2900,4,'',0,7300,4,'',0,9900,4,'',0,5100,4,'',0,9700,4,'',0,9900,4,'',0,10000,4,'',0,18400,4,'',0
'3merged14516809',668501,75300,4,'',0,10100,4,'',0,10200,4,'',0,7000,4,'',0,3300,4,'',0,7000,4,'',0,2900,4,'',0,7200,4,'',0,7300,4,'',0,2700,4,'',0,7100,4,'',0,3300,4,'',0,7100,4,'',0,3000,4,'',0,7400,4,'',0,2700,4,'',0,6900,4,'',0,3300,4,'',0,6800,4,'',0,2600,4,'',0,2700,4,'',0,7300,4,'',0,2100,4,'',0,10100,4,'',0,10100,4,'',0,10000,4,'',0,10000,4,'',0
'1merged14516808',668601,70600,4,'',0,2000,4,'',0,9700,4,'',0,8600,4,'',0
'101merged14516819',668700,84950,4,'',0,5600,4,'',0,65000,4,'',0,7000,4,'',0,1000,4,'',0
'1merged14516808',668700,60850,4,'',0,3100,4,'',0,1500,4,'',0,4900,4,'',0,1100,4,'',0,1000,4,'',0,900,4,'',0,1100,4,'',0,1000,4,'',0,4900,4,'',0,1100,4,'',0,400,4,'',0,1100,4,'',0,400,4,'',0,1100,4,'',0,400,4,'',0,5500,4,'',0,600,4,'',0,900,4,'',0,1100,4,'',0,400,4,'',0,1100,4,'',0,400,4,'',0,1100,4,'',0,4400,4,'',0,1100,4,'',0,1500,4,'',0,400,4,'',0,1100,4,'',0,1500,4,'',0,4400,4,'',0,1100,4,'',0,1600,4,'',0,400,4,'',0,1100,4,'',0,5500,4,'',0,400,4,'',0,1100,4,'',0,1500,4,'',0,400,4,'',0,1100,4,'',0,5500,4,'',0,400,4,'',0,1100,4,'',0,1500,4,'',0,400,4,'',0,1100,4,'',0,5500,4,'',0,400,4,'',0,1100,4,'',0,1500,4,'',0,400,4,'',0,1100,4,'',0,5500,4,'',0,400,4,'',0,1100,4,'',0,1000,4,'',0,900,4,'',0,100,4,'',0,1000,4,'',0,5900,4,'',0,100,4,'',0,1000,4,'',0,1900,4,'',0,1100,4,'',0,1000,4,'',0,4900,4,'',0,100,4,'',0,1000,4,'',0,1000,4,'',0,900,4,'',0,100,4,'',0,1000,4,'',0,400,4,'',0,600,4,'',0,4900,4,'',0,100,4,'',0,1000,4,'',0,400,4,'',0,500,4,'',0,900,4,'',0,100,4,'',0,1000,4,'',0,400,4,'',0,600,4,'',0,4900,4,'',0,100,4,'',0,1000,4,'',0,400,4,'',0,1500,4,'',0,100,4,'',0,1400,4,'',0,500,4,'',0,4900,4,'',0,1100,4,'',0,1900,4,'',0,100,4,'',0,2000,4,'',0,4900,4,'',0,2100,4,'',0,900,4,'',0,2100,4,'',0,4900,4,'',0,3000,4,'',0,7500,4,'',0,3000,4,'',0,7000,4,'',0,3100,4,'',0
'201merged14516798',668700,84950,4,'',0,5600,4,'',0,65000,4,'',0,7000,4,'',0,1000,4,'',0
'2merged14516810',668700,60750,4,'',0,2900,4,'',0,7100,4,'',0,2600,4,'',0,7000,4,'',0,3000,4,'',0,7000,4,'',0,1500,4,'',0,500,4,'',0,1000,4,'',0,2000,4,'',0,5000,4,'',0,500,4,'',0,1200,4,'',0,1200,4,'',0,100,4,'',0,1100,4,'',0,1200,4,'',0,4700,4,'',0,500,4,'',0,1200,4,'',0,1200,4,'',0,100,4,'',0,1100,4,'',0,1200,4,'',0,4700,4,'',0,500,4,'',0,1500,4,'',0,1000,4,'',0,500,4,'',0,1500,4,'',0,5000,4,'',0,500,4,'',0,1900,4,'',0,600,4,'',0,500,4,'',0,1500,4,'',0,5000,4,'',0,500,4,'',0,1100,4,'',0,1200,4,'',0,200,4,'',0,1000,4,'',0,1400,4,'',0,4600,4,'',0,600,4,'',0,1200,4,'',0,1200,4,'',0,1200,4,'',0,1200,4,'',0,4600,4,'',0,600,4,'',0,1000,4,'',0,1200,4,'',0,200,4,'',0,1000,4,'',0,1200,4,'',0,4800,4,'',0,400,4,'',0,1500,4,'',0,1100,4,'',0,400,4,'',0,600,4,'',0,900,4,'',0,5100,4,'',0,400,4,'',0,1500,4,'',0,1100,4,'',0,400,4,'',0,1100,4,'',0,400,4,'',0,5100,4,'',0,400,4,'',0,1500,4,'',0,1100,4,'',0,400,4,'',0,1500,4,'',0,5100,4,'',0,200,4,'',0,2000,4,'',0,800,4,'',0,1200,4,'',0,5800,4,'',0,200,4,'',0,2800,4,'',0,200,4,'',0,6800,4,'',0,1600,4,'',0,1400,4,'',0,1600,4,'',0,5900,4,'',0,3000,4,'',0,1100,4,'',0,5900,4,'',0,3000,4,'',0,7000,4,'',0
'35301',668700,250850,4,'',0,2300,4,'',0,17700,4,'',0
'3merged14516809',668700,65750,4,'',0,7100,4,'',0,7200,4,'',0,3000,4,'',0,7000,4,'',0,300,4,'',0,900,4,'',0,1800,4,'',0,1500,4,'',0,5500,4,'',0,1300,4,'',0,800,4,'',0,1000,4,'',0,7000,4,'',0,500,4,'',0,1500,4,'',0,1000,4,'',0,500,4,'',0,1500,4,'',0,5000,4,'',0,500,4,'',0,1500,4,'',0,1000,4,'',0,500,4,'',0,1500,4,'',0,5000,4,'',0,600,4,'',0,1500,4,'',0,900,4,'',0,600,4,'',0,1500,4,'',0,4900,4,'',0,600,4,'',0,1500,4,'',0,900,4,'',0,600,4,'',0,1400,4,'',0,5000,4,'',0,500,4,'',0,1500,4,'',0,1000,4,'',0,500,4,'',0,1500,4,'',0,5000,4,'',0,500,4,'',0,1500,4,'',0,1000,4,'',0,500,4,'',0,1500,4,'',0,5000,4,'',0,500,4,'',0,1500,4,'',0,1000,4,'',0,500,4,'',0,1500,4,'',0,5000,4,'',0,400,4,'',0,1500,4,'',0,1100,4,'',0,400,4,'',0,1500,4,'',0,5000,4,'',0,500,4,'',0,1500,4,'',0,1200,4,'',0,1600,4,'',0,5400,4,'',0,3000,4,'',0,7000,4,'',0,3000,4,'',0,1500,4,'',0,5500,4,'',0,3000,4,'',0,7500,4,'',0,3000,4,'',0,7000,4,'',0,10100,4,'',0
'401merged14516812',668700,153750,4,'',0
'43501',668700,250850,4,'',0
'1merged14516808',669000,72350,4,'',0,3000,4,'',0,7100,4,'',0,2800,4,'',0,57600,4,'',0,9700,4,'',0,3300,4,'',0,7200,4,'',0,7000,4,'',0
'1merged14516808',669101,75750,4,'',0,6900,4,'',0,8300,4,'',0,62200,4,'',0,7000,4,'',0,3000,4,'',0,9000,4,'',0
'2merged14516810',683701,61900,4,'',0
'3merged14516809',683701,64200,4,'',0,8100,4,'',0,3100,4,'',0,7200,4,'',0
