674900,'101_merged_15524965',707,,92280,4,0,62 63 64,0
674900,'1_merged_15524958',521,,92345,4,,,0,13,,92346,4,,,0,17,,92347,4,,,0,57,,92348,4,,,0,17,,92349,4,,,0,14,,92350,4,,,0,16,,92351,4,,,0,70,,92352,4,,,0,13,,92353,4,0,58 59,0,15,,92354,4,0,58 59,0,54,,92291,4,,,0,14,,92336,4,0,58 59,0,17,,92337,4,,,0,15,,92338,4,0,58 59,0,55,,92339,4,,,0,8,,92340,4,0,60 61 8,0,9,,92341,4,0,58 59,0,11,,92342,4,,,0,15,,92343,4,0,58 59,0,56,,92344,4,,,0,15,,92292,4,0,58 59,0,15,,92317,4,,,0,15,,92318,4,0,58 59,0,55,,92319,4,,,0,15,,92320,4,0,58 59,0,15,,92321,4,,,0,15,,92322,4,0,58 59,0,55,,92323,4,,,0,12,,92324,4,0,58 59,0,18,,92325,4,,,0,15,,92326,4,0,58 59,0,55,,92327,4,,,0,15,,92328,4,0,58 59,0,13,,92329,4,,,0,17,,92330,4,0,60 61 8,0,75,,92331,4,,,0,15,,92332,4,,,0,15,,92333,4,,,0,55,,92334,4,,,0,17,,92335,4,,,0,14,,92283,4,,,0,16,,92289,4,,,0,63,,92311,4,,,0,7,,92293,4,,,0,21,,92282,4,,,0,7,,92312,4,,,0,63,,92313,4,,,0,7,,92314,4,,,0,15,,92315,4,,,0,61,,92316,4,,,0,9,,92290,4,,,0,19,,92284,4,,,0,9,,92294,4,,,0,16,,92295,4,,,0,55,,92306,4,,,0,16,,92307,4,,,0,14,,92308,4,,,0,13,,92309,4,0,60 61 8,0,57,,92310,4,,,0,15,,92288,4,,,0,15,,92285,4,,,0,16,,92298,4,0,60 61 8,0,53,,92299,4,,,0,30,,92300,4,,,0,70,,92301,4,,,0,30,,92286,4,,,0,70,,92303,4,,,0,30,,92297,4,,,0,69,,92302,4,,,0,30,,92287,4,,,0,70,,92305,4,0,58 59,0,29,,92296,4,0,58 59,0,70,,92304,4,0,58 59,0
674900,'2_merged_15524960',609,,92357,4,,,0,30,,92358,4,,,0,67,,92359,4,,,0,15,,92360,4,,,0,15,,92361,4,0,58 59,0,15,,92362,4,,,0,50,,92363,4,0,58 59,0,15,,92364,4,,,0,15,,92365,4,0,58 59,0,15,,92366,4,,,0,55,,92367,4,0,58 59,0,15,,92368,4,,,0,15,,92369,4,0,58 59,0,16,,92370,4,,,0,55,,92371,4,0,58 59,0,15,,92372,4,,,0,15,,92373,4,0,58 59,0,15,,92374,4,,,0,55,,92375,4,0,58 59,0,15,,92376,4,,,0,16,,92377,4,0,58 59,0,15,,92378,4,,,0,57,,92379,4,0,58 59,0,15,,92380,4,,,0,12,,92381,4,0,58 59,0,15,,92382,4,,,0,55,,92383,4,0,58 59,0,17,,92384,4,,,0,15,,92385,4,0,58 59,0,13,,92386,4,,,0,55,,92387,4,0,58 59,0,15,,92388,4,,,0,15,,92389,4,0,58 59,0,15,,92390,4,,,0,55,,92391,4,0,58 59,0,15,,92392,4,,,0,15,,92393,4,0,58 59,0,17,,92394,4,,,0,53,,92395,4,0,58 59,0,15,,92396,4,,,0,15,,92397,4,0,58 59,0,15,,92398,4,,,0,55,,92399,4,0,58 59,0,15,,92400,4,,,0,15,,92401,4,0,58 59,0,15,,92402,4,,,0,55,,92403,4,0,58 59,0,16,,92404,4,,,0,15,,92405,4,,,0,13,,92406,4,,,0,60,,92407,4,,,0,20,,92408,4,,,0,17,,92409,4,,,0,63,,92410,4,,,0,20,,92411,4,,,0,19,,92412,4,,,0,66,,92413,4,,,0,30,,92414,4,,,0,70,,92415,4,,,0,30,,92416,4,,,0,69,,92417,4,,,0,30,,92418,4,,,0,70,,92419,4,,,0,30,,92420,4,,,0,69,,92421,4,0,58 59,0,35,,92355,4,0,58 59,0,65,,92356,4,0,58 59,0
674900,'3_merged_15524959',614,,92451,4,,,0,32,,92450,4,,,0,63,,92456,4,,,0,31,,92455,4,,,0,15,,92467,4,0,58 59,0,55,,92466,4,,,0,15,,92465,4,0,58 59,0,14,,92464,4,,,0,16,,92463,4,0,58 59,0,56,,92462,4,,,0,15,,92486,4,0,58 59,0,15,,92485,4,,,0,15,,92461,4,0,58 59,0,55,,92460,4,,,0,15,,92459,4,0,58 59,0,15,,92458,4,,,0,10,,92457,4,0,58 59,0,54,,92454,4,,,0,16,,92453,4,0,58 59,0,15,,92452,4,,,0,13,,92478,4,0,58 59,0,59,,92426,4,,,0,15,,92425,4,0,58 59,0,15,,92424,4,,,0,14,,92423,4,0,58 59,0,54,,92422,4,,,0,15,,92484,4,0,58 59,0,9,,92483,4,,,0,23,,92482,4,0,58 59,0,55,,92481,4,,,0,15,,92480,4,0,58 59,0,15,,92479,4,,,0,15,,92477,4,0,58 59,0,53,,92476,4,,,0,14,,92475,4,0,58 59,0,16,,92474,4,,,0,5,,92473,4,0,58 59,0,65,,92472,4,,,0,15,,92471,4,0,58 59,0,16,,92470,4,,,0,13,,92469,4,0,58 59,0,57,,92468,4,,,0,15,,92439,4,0,58 59,0,15,,92449,4,,,0,15,,92448,4,0,58 59,0,60,,92447,4,,,0,14,,92446,4,0,58 59,0,16,,92445,4,,,0,13,,92444,4,0,58 59,0,56,,92443,4,,,0,15,,92442,4,0,58 59,0,14,,92441,4,,,0,15,,92440,4,0,58 59,0,55,,92438,4,,,0,15,,92437,4,0,58 59,0,11,,92436,4,,,0,20,,92435,4,,,0,60,,92434,4,,,0,31,,92433,4,,,0,71,,92432,4,,,0,30,,92431,4,,,0,70,,92430,4,,,0,30,,92429,4,,,0,71,,92428,4,,,0,101,,92427,4,0,58 59,0
674900,'701_merged_15524952',1407,,92487,4,0,62 63 64,0
674900,'801_merged_15524970',1407,,92488,4,,,0
3003700,'101_merged_15524965',825,,102696,4,,,0,596,,102694,4,,,0,20,,102693,4,,,0,80,,102695,4,,,0
3003700,'1_merged_15524958',501,,102730,4,,,0,30,,102731,4,,,0,21,,102706,4,,,0,49,,102732,4,,,0,19,,102705,4,,,0,6,,102733,4,,,0,24,,102704,4,,,0,6,,102734,4,,,0,55,,102699,4,,,0,15,,102735,4,,,0,15,,102697,4,,,0,14,,102736,4,,,0,60,,102737,4,,,0,30,,102738,4,,,0,65,,102739,4,,,0,35,,102740,4,,,0,70,,102707,4,,,0,30,,102708,4,,,0,70,,102709,4,,,0,30,,102710,4,,,0,70,,102711,4,,,0,30,,102712,4,,,0,71,,102713,4,,,0,29,,102714,4,,,0,70,,102715,4,,,0,28,,102716,4,,,0,70,,102717,4,,,0,28,,102718,4,,,0,65,,102726,4,,,0,25,,102719,4,,,0,5,,102703,4,,,0,65,,102720,4,,,0,5,,102702,4,,,0,25,,102721,4,,,0,5,,102701,4,,,0,19,,102698,4,,,0,61,,102700,4,,,0,24,,102722,4,,,0,65,,102723,4,,,0,100,,102724,4,,,0,100,,102725,4,,,0,99,,102727,4,,,0,100,,102728,4,,,0,99,,102729,4,,,0
3003700,'2_merged_15524960',714,,102745,4,,,0,30,,102761,4,,,0,70,,102746,4,,,0,30,,102762,4,,,0,71,,102747,4,,,0,30,,102763,4,,,0,71,,102748,4,,,0,29,,102764,4,,,0,70,,102749,4,,,0,30,,102765,4,,,0,70,,102743,4,,,0,30,,102766,4,,,0,70,,102744,4,,,0,30,,102767,4,,,0,70,,102750,4,,,0,30,,102768,4,,,0,70,,102751,4,,,0,30,,102741,4,,,0,70,,102752,4,,,0,30,,102742,4,,,0,70,,102753,4,,,0,30,,102769,4,,,0,68,,102754,4,,,0,26,,102770,4,,,0,65,,102755,4,,,0,100,,102756,4,,,0,100,,102757,4,,,0,100,,102758,4,,,0,100,,102759,4,,,0,100,,102760,4,,,0
3003700,'3_merged_15524959',704,,102779,4,,,0,100,,102780,4,,,0,101,,102781,4,,,0,100,,102782,4,,,0,100,,102783,4,,,0,30,,102789,4,,,0,70,,102784,4,,,0,30,,102790,4,,,0,70,,102785,4,,,0,30,,102791,4,,,0,70,,102786,4,,,0,30,,102792,4,,,0,70,,102787,4,,,0,30,,102793,4,,,0,70,,102788,4,,,0,30,,102794,4,,,0,70,,102771,4,,,0,30,,102795,4,,,0,70,,102772,4,,,0,100,,102773,4,,,0,100,,102774,4,,,0,99,,102775,4,,,0,100,,102776,4,,,0,100,,102777,4,,,0,100,,102778,4,,,0
3780900,'1_merged_15524958',508,,111485,3,,,0,10,,111486,3,,,0,10,,111487,3,,,0,10,,111488,3,,,0,10,,111489,3,,,0,10,,111490,3,,,0,50,,111491,3,,,0,10,,111492,3,,,0,10,,111493,3,,,0,10,,111494,3,,,0,10,,111495,3,,,0,10,,111496,3,,,0,50,,111497,3,,,0,10,,111498,3,,,0,10,,111499,3,,,0,11,,111500,3,,,0,10,,111501,3,,,0,10,,111502,3,,,0,50,,111503,3,,,0,10,,111504,3,,,0,10,,111505,3,,,0,10,,111506,3,,,0,10,,111507,3,,,0,10,,111508,3,,,0,50,,111509,3,,,0,19,,111510,3,,,0,11,,111511,3,,,0,15,,111512,3,,,0,55,,111513,3,,,0,15,,111514,3,,,0,15,,111515,3,,,0,15,,111516,3,,,0,55,,111517,3,,,0,15,,111518,3,,,0,15,,111519,3,,,0,15,,111520,3,,,0,55,,111521,3,,,0,15,,111522,3,,,0,15,,111523,3,,,0,15,,111524,3,,,0,55,,111525,3,,,0,15,,111526,3,,,0,15,,111527,3,,,0,15,,111528,3,,,0,55,,111529,3,,,0,12,,111530,3,,,0,16,,111531,3,,,0,14,,111532,3,,,0,56,,111533,3,,,0,12,,111534,3,,,0,10,,111535,3,,,0,10,,111536,3,,,0,11,,111537,3,,,0,50,,111538,3,,,0,8,,111539,3,,,0,12,,111540,3,,,0,8,,111541,3,,,0,12,,111542,3,,,0,10,,111543,3,,,0,9,,111544,3,,,0,51,,111545,3,,,0,10,,111546,3,,,0,10,,111547,3,,,0,8,,111548,3,,,0,14,,111549,3,,,0,7,,111550,3,,,0,50,,111551,3,,,0,15,,111552,3,,,0,15,,111553,3,,,0,15,,111554,3,,,0,55,,111555,3,,,0,15,,111556,3,,,0,14,,111557,3,,,0,15,,111558,3,,,0,55,,111559,3,,,0,15,,111560,3,,,0,15,,111561,3,,,0,15,,111562,3,,,0,55,,111563,3,,,0,15,,111564,3,,,0,15,,111565,3,,,0,15,,111566,3,,,0,55,,111567,3,,,0,15,,111568,3,,,0,15,,111569,3,,,0,15,,111570,3,,,0,54,,111571,3,,,0,15,,111572,3,,,0,15,,111573,3,,,0,15,,111574,3,,,0,55,,111575,3,,,0
3780900,'2_merged_15524960',502,,111576,3,,,0,15,,111577,3,,,0,15,,111578,3,,,0,15,,111579,3,,,0,56,,111580,3,,,0,15,,111581,3,,,0,15,,111582,3,,,0,15,,111583,3,,,0,55,,111584,3,,,0,15,,111585,3,,,0,15,,111586,3,,,0,15,,111587,3,,,0,55,,111588,3,,,0,15,,111589,3,,,0,15,,111590,3,,,0,15,,111591,3,,,0,55,,111592,3,,,0,15,,111593,3,,,0,14,,111594,3,,,0,16,,111595,3,,,0,56,,111596,3,,,0,15,,111597,3,,,0,15,,111598,3,,,0,15,,111599,3,,,0,55,,111600,3,,,0,15,,111601,3,,,0,15,,111602,3,,,0,15,,111603,3,,,0,55,,111604,3,,,0,15,,111605,3,,,0,15,,111606,3,,,0,15,,111607,3,,,0,55,,111608,3,,,0,15,,111609,3,,,0,15,,111610,3,,,0,15,,111611,3,,,0,55,,111612,3,,,0,15,,111613,3,,,0,15,,111614,3,,,0,15,,111615,3,,,0,55,,111616,3,,,0,15,,111617,3,,,0,15,,111618,3,,,0,15,,111619,3,,,0,55,,111620,3,,,0,15,,111621,3,,,0,15,,111622,3,,,0,15,,111623,3,,,0,55,,111624,3,,,0,15,,111625,3,,,0,15,,111626,3,,,0,15,,111627,3,,,0,55,,111628,3,,,0,15,,111629,3,,,0,15,,111630,3,,,0,15,,111631,3,,,0,54,,111632,3,,,0,15,,111633,3,,,0,15,,111634,3,,,0,15,,111635,3,,,0,55,,111636,3,,,0,15,,111637,3,,,0,15,,111638,3,,,0,15,,111639,3,,,0,55,,111640,3,,,0,15,,111641,3,,,0,15,,111642,3,,,0,15,,111643,3,,,0,55,,111644,3,,,0,15,,111645,3,,,0,15,,111646,3,,,0,15,,111647,3,,,0,55,,111648,3,,,0,15,,111649,3,,,0,15,,111650,3,,,0,15,,111651,3,,,0,55,,111652,3,,,0
3780900,'3_merged_15524959',502,,111653,3,,,0,15,,111654,3,,,0,15,,111655,3,,,0,15,,111656,3,,,0,55,,111657,3,,,0,15,,111658,3,,,0,16,,111659,3,,,0,15,,111660,3,,,0,55,,111661,3,,,0,14,,111662,3,,,0,16,,111663,3,,,0,15,,111664,3,,,0,55,,111665,3,,,0,15,,111666,3,,,0,15,,111667,3,,,0,15,,111668,3,,,0,55,,111669,3,,,0,15,,111670,3,,,0,16,,111671,3,,,0,15,,111672,3,,,0,55,,111673,3,,,0,15,,111674,3,,,0,15,,111675,3,,,0,15,,111676,3,,,0,55,,111677,3,,,0,15,,111678,3,,,0,15,,111679,3,,,0,15,,111680,3,,,0,55,,111681,3,,,0,15,,111682,3,,,0,15,,111683,3,,,0,15,,111684,3,,,0,55,,111685,3,,,0,15,,111686,3,,,0,15,,111687,3,,,0,15,,111688,3,,,0,55,,111689,3,,,0,15,,111690,3,,,0,15,,111691,3,,,0,15,,111692,3,,,0,55,,111693,3,,,0,15,,111694,3,,,0,15,,111695,3,,,0,15,,111696,3,,,0,55,,111697,3,,,0,15,,111698,3,,,0,15,,111699,3,,,0,15,,111700,3,,,0,55,,111701,3,,,0,15,,111702,3,,,0,15,,111703,3,,,0,15,,111704,3,,,0,55,,111705,3,,,0,15,,111706,3,,,0,15,,111707,3,,,0,15,,111708,3,,,0,54,,111709,3,,,0,15,,111710,3,,,0,15,,111711,3,,,0,15,,111712,3,,,0,10,,111713,3,,,0,55,,111714,3,,,0,15,,111715,3,,,0,15,,111716,3,,,0,15,,111717,3,,,0,55,,111718,3,,,0,15,,111719,3,,,0,15,,111720,3,,,0,15,,111721,3,,,0,55,,111722,3,,,0,15,,111723,3,,,0,15,,111724,3,,,0,15,,111725,3,,,0,55,,111726,3,,,0,15,,111727,3,,,0,20,,111728,3,,,0,54,,111729,3,,,0
