661400,'152301',2117,,59156,27,0,10,0,20,,59157,27,0,10,0,20,,59158,27,0,10,0,60,,59159,27,0,10,0,20,,59160,27,0,10,0,20,,59161,27,0,10,0,60,,59162,27,0,10,0,20,,59163,27,0,10,0,20,,59164,27,0,10,0,64,,59165,27,0,10,0
661400,'2',2113,,59283,27,0,10,0,21,,59291,27,0,10,0,22,,59251,27,0,10,0,60,,59276,27,0,10,0,20,,59255,27,0,10,0,20,,59284,27,0,10,0,61,,59254,27,0,10,0,20,,59297,27,0,10,0,19,,59274,27,0,10,0,67,,59270,27,0,10,0
661400,'3',2050,,59359,27,0,10,0,60,,59360,27,0,10,0,20,,59342,27,0,10,0,24,,59339,27,0,10,0,62,,59317,27,0,10,0,20,,59362,27,0,10,0,20,,59332,27,0,10,0,59,,59355,27,0,10,0,21,,59363,27,0,10,0,20,,59328,27,0,10,0,67,,59354,27,0,10,0
661700,'152301',2108,,60909,32,,,0,20,,60910,32,,,0,20,,60911,32,,,0,60,,60912,32,,,0,20,,60913,32,,,0,20,,60914,32,,,0,60,,60915,32,,,0,21,,60916,32,,,0,20,,60917,32,,,0,61,2,60918,32,,,0,25,2,60919,32,,,0,75,2,60920,32,,,0
661700,'2',2105,,61043,32,,,0,21,,61044,32,,,0,21,,61045,32,,,0,60,,61046,32,,,0,21,,61047,32,,,0,21,,61048,32,,,0,60,,61049,32,,,0,17,,61050,32,,,0,19,,61051,32,,,0,58,2,61052,32,,,0,35,2,61053,32,,,0,72,2,61054,32,,,0
661700,'3',2110,,61104,32,,,0,20,,61105,32,,,0,20,,61106,32,,,0,60,,61107,32,,,0,20,,61108,32,,,0,20,,61109,32,,,0,59,,61110,32,,,0,20,,61111,32,,,0,20,,61112,32,,,0,62,2,61113,32,,,0,31,2,61114,32,,,0,68,2,61115,32,,,0
662000,'152301',2112,,62526,34,,,0,15,,62527,34,,,0,15,,62528,34,,,0,15,,62529,34,,,0,60,,62530,34,,,0,20,,62532,34,,,0,20,,62534,34,,,0,60,,62531,34,,,0,20,,62533,34,,,0,22,,62535,34,,,0,70,,62536,34,,,0,30,,62524,34,,,0,70,,62525,34,,,0
662000,'2',2055,,62681,34,,,0,59,,62682,34,,,0,20,,62683,34,,,0,20,,62684,34,,,0,60,,62685,34,,,0,20,,62686,34,,,0,20,,62687,34,,,0,63,,62688,34,,,0,20,,62689,34,,,0,65,,62690,34,,,0,30,,62691,34,,,0,70,,62692,34,,,0,30,,62693,34,,,0
662000,'3',2106,,62753,34,,,0,20,,62754,34,,,0,20,,62755,34,,,0,60,,62756,34,,,0,20,,62757,34,,,0,20,,62758,34,,,0,60,,62759,34,,,0,20,,62760,34,,,0,20,,62761,34,,,0,56,,62762,34,,,0,30,,62763,34,,,0,70,,62764,34,,,0,30,,62765,34,,,0
662200,'152301',2107,,63446,32,0,24 14 8,0,18,,63447,32,0,24 14 8,0,23,,63448,32,0,24 14 8,0,57,,63449,32,0,24 14 8,0,21,,63450,32,0,24 14 8,0,25,,63451,32,0,24 14 8,0,59,,63452,32,0,24 14 8,0,16,,63453,32,0,24 14 8,0,21,,63454,32,0,24 14 8,0,69,,63455,32,0,24 14 8,0,32,,63456,32,,,0,73,,63457,32,,,0
662200,'2',2057,,63569,32,0,24 14 8,0,55,,63611,32,0,24 14 8,0,15,,63554,32,0,24 14 8,0,15,,63548,32,0,24 14 8,0,60,,63550,32,0,24 14 8,0,20,,63559,32,0,24 14 8,0,24,,63616,32,0,24 14 8,0,60,,63557,32,0,24 14 8,0,20,,63614,32,0,24 14 8,0,22,,63613,32,0,24 14 8,0,68,,63553,32,0,24 14 8,0,30,,63615,32,,,0,70,,63617,32,,,0
662200,'3',2113,,63696,32,0,24 14 8,0,16,,63697,32,0,24 14 8,0,18,,63698,32,0,24 14 8,0,58,,63699,32,0,24 14 8,0,19,,63700,32,0,24 14 8,0,20,,63701,32,0,24 14 8,0,60,,63702,32,0,24 14 8,0,20,,63703,32,0,24 14 8,0,26,,63704,32,0,24 14 8,0,67,,63705,32,,,0,30,,63706,32,,,0,69,,63707,32,,,0
662301,'152301',2059,,64212,3,,,0,60,,64213,3,,,0,20,,64214,3,,,0,20,,64215,3,,,0,59,,64216,3,,,0,20,,64217,3,,,0,20,,64218,3,,,0,64,,64219,3,,,0,20,,64220,3,,,0,62,2,64221,3,,,0,25,2,64222,3,,,0,73,2,64223,3,,,0,26,,64224,3,,,0
662301,'2',2055,,64346,3,,,0,59,,64347,3,,,0,20,,64348,3,,,0,20,,64349,3,,,0,57,,64350,3,,,0,21,,64351,3,,,0,20,,64352,3,,,0,60,,64353,3,,,0,20,,64354,3,,,0,73,2,64355,3,,,0,30,2,64356,3,,,0,69,2,64357,3,,,0,30,,64358,3,,,0
662301,'3',2106,,64418,3,,,0,15,,64419,3,,,0,15,,64420,3,,,0,15,,64421,3,,,0,60,,64422,3,,,0,20,,64423,3,,,0,20,,64424,3,,,0,59,,64425,3,,,0,20,,64426,3,,,0,20,,64427,3,,,0,63,2,64428,3,,,0,28,2,64429,3,,,0,70,2,64430,3,,,0,29,,64431,3,,,0
662501,'152301',2118,,65543,3,,,0,15,,65544,3,,,0,14,,65545,3,,,0,54,,65546,3,,,0,14,,65547,3,,,0,14,,65548,3,,,0,12,,65549,3,,,0,15,,65550,3,,,0,55,,65551,3,,,0,15,,65552,3,,,0,10,,65553,3,,,0,13,,65554,3,,,0,59,4,65555,3,,,0,10,,65558,3,0,22 14,0,22,4,65556,3,,,0,17,,65559,3,0,22 14,0,60,,65560,3,0,22 14,0,24,4,65557,3,,,0,16,,65542,3,0,22 14,0
662501,'2',2102,,65657,3,,,0,15,,65719,3,,,0,13,,65667,3,,,0,15,,65716,3,,,0,55,,65688,3,,,0,15,,65684,3,,,0,12,,65693,3,,,0,15,,65692,3,,,0,15,,65691,3,,,0,55,,65690,3,,,0,15,,65655,3,,,0,15,,65654,3,,,0,68,3,65668,3,,,0,29,3,65651,3,,,0,70,3,65662,3,,,0,30,3,65721,3,,,0
662501,'3',2108,,65735,3,,,0,13,,65750,3,,,0,15,,65749,3,,,0,16,,65744,3,,,0,55,,65738,3,,,0,16,,65740,3,,,0,15,,65736,3,,,0,15,,65751,3,,,0,54,,65739,3,,,0,15,,65737,3,,,0,13,,65746,3,,,0,15,,65795,3,,,0,58,3,65745,3,,,0,31,3,65747,3,,,0,70,3,65743,3,,,0,30,3,65748,3,,,0
663700,'152301',2103,,69225,13,,,0,16,,69226,13,,,0,20,,69227,13,,,0,20,,69228,13,,,0,63,,69229,13,,,0,18,,69230,13,,,0,65,,69231,13,,,0,23,,69232,13,,,0,22,,69237,13,,,0,74,,69233,13,,,0,25,,69234,13,,,0,70,,69235,13,,,0,39,,69236,13,,,0
663700,'2',2057,,69352,13,,,0,60,,69353,13,,,0,21,,69354,13,,,0,20,,69355,13,,,0,61,,69356,13,,,0,20,,69357,13,,,0,20,,69358,13,,,0,63,,69359,13,,,0,31,,69360,13,,,0,71,,69361,13,,,0,30,,69362,13,,,0,69,,69363,13,,,0,19,,69364,13,,,0
663700,'3',2117,,69422,13,,,0,20,,69423,13,,,0,20,,69424,13,,,0,64,,69425,13,,,0,22,,69426,13,,,0,14,,69427,13,,,0,61,,69428,13,,,0,26,,69429,13,,,0,70,,69430,13,,,0,31,,69431,13,,,0,68,,69432,13,,,0,30,,69433,13,,,0
683001,'1',2610,,96750,2,,,0,31,,96751,2,,,0,70,,96752,2,,,0,30,,96753,2,,,0,70,,96754,2,,,0,29,,96755,2,,,0
683001,'2',2611,,96761,2,,,0,34,,96757,2,,,0,70,,96756,2,,,0,30,,96760,2,,,0,72,,96759,2,,,0,34,,96758,2,,,0
683001,'3',2610,,96763,2,,,0,30,,96762,2,,,0,70,,96767,2,,,0,30,,96766,2,,,0,70,,96765,2,,,0,40,,96764,2,,,0
683100,'1',2607,,96770,24,,,0,30,,96769,24,,,0,68,,96768,24,,,0
683100,'2',2607,,96773,24,,,0,30,,96772,24,,,0,70,,96771,24,,,0
683100,'3',2607,,96776,24,,,0,30,,96775,24,,,0,68,,96774,24,,,0
683101,'1',2610,,96779,3,,,0,30,,96778,3,,,0,70,,96777,3,,,0
683101,'2',2610,,96781,3,,,0,30,,96780,3,,,0,70,,96782,3,,,0
683101,'3',2610,,96785,3,,,0,30,,96784,3,,,0,70,,96783,3,,,0
683301,'1',2609,,96796,2,,,0,14,,96799,2,,,0,19,,96797,2,,,0,72,,96798,2,,,0
683301,'2',2613,,96802,2,,,0,13,,96803,2,,,0,20,,96801,2,,,0,61,,96800,2,,,0
683301,'3',2611,,96806,2,,,0,30,,96805,2,,,0,70,,96804,2,,,0
683400,'1',2541,,96817,3,,,0,67,,96815,3,,,0,21,,96812,3,0,6 7 8,0,28,,96816,3,,,0,55,,96814,3,,,0,19,,96813,3,,,0,71,,96811,3,,,0,25,,96818,3,,,0
683400,'1201',2556,,96807,3,,,0,62,,96810,3,,,0,25,,96808,3,0,6 7 8,0,104,,96809,3,,,0
683400,'2',436,,96828,3,,,0,14,,96827,3,,,0,71,,96831,3,,,0,20,,96826,3,,,0,69,,96825,3,,,0,1902,,96832,3,,,0,19,,96833,3,,,0,20,,96830,3,,,0,60,,96834,3,,,0,15,,96823,3,,,0,15,,96820,3,,,0,15,,96822,3,,,0,60,,96821,3,,,0,20,,96824,3,0,6 7 8,0,20,,96819,3,0,6 7 8,0,65,,96829,3,,,0
683400,'3',439,,96844,3,,,0,70,,96845,3,,,0,15,,96846,3,,,0,15,,96852,3,,,0,15,,96851,3,,,0,56,,96847,3,,,0,21,,96835,3,,,0,20,,96853,3,,,0,60,,96848,3,,,0,1733,,96850,3,,,0,67,,96849,3,,,0,22,,96839,3,,,0,78,,96836,3,,,0,20,,96841,3,0,6 7 8,0,20,,96837,3,,,0,62,,96838,3,,,0,20,,96840,3,0,6 7 8,0,20,,96842,3,0,6 7 8,0,61,,96843,3,,,0
683501,'1',2611,,96884,3,,,0,20,,96883,3,,,0,20,,96885,3,,,0,60,,96886,3,,,0,30,,96887,3,,,0,70,,96888,3,,,0,30,,96889,3,,,0,70,,96890,3,,,0
683501,'2',2611,,96894,3,,,0,20,,96891,3,,,0,20,,96893,3,,,0,60,,96892,3,,,0,30,,96895,3,,,0,70,,96896,3,,,0,30,,96897,3,,,0,70,,96898,3,,,0
683501,'3',2611,,96901,3,,,0,30,,96900,3,,,0,70,,96899,3,,,0
683701,'1',2528,,96952,29,,,0,103,,96953,51,,,0
683701,'2',2530,,96954,29,,,0,107,,96955,51,,,0
683701,'3',2358,,96959,29,,,0,69,,96958,29,,,0,81,,96961,51,,,0,29,,96960,51,,,0,108,,96962,51,,,0,69,,96968,51,,,0
683800,'1',2615,,96970,3,,,0,19,,96972,3,,,0,20,,96969,3,,,0,60,,96971,3,,,0,33,,96973,3,,,0,63,,96974,3,,,0,30,,96975,3,,,0,78,,96976,3,,,0
683800,'2',2617,,96979,3,,,0,15,,96980,3,,,0,16,,96978,3,,,0,70,,96977,3,,,0,30,,96981,3,,,0,70,,96982,3,,,0,30,,96983,3,,,0,60,,96984,3,,,0
683800,'3',2613,,96985,3,,,0,30,,96986,3,,,0,70,,96987,3,,,0,36,,96988,3,,,0,60,,96989,3,,,0,31,,96990,3,,,0,70,,96991,3,,,0
684000,'1',2611,,97020,3,,,0,20,,97019,3,,,0,20,,97021,3,,,0,60,,97022,3,,,0,30,,97023,3,,,0,70,,97024,3,,,0,30,,97025,3,,,0,70,,97026,3,,,0
684000,'2',2614,,97028,3,,,0,20,,97027,3,,,0,20,,97030,3,,,0,60,,97029,3,,,0,30,,97031,3,,,0,70,,97032,3,,,0,30,,97033,3,,,0,70,,97034,3,,,0
684000,'3',2612,,97037,3,,,0,30,,97036,3,,,0,70,,97035,3,,,0
684100,'1',450,,97055,2,,,0,70,,97056,2,,,0,9,,97063,2,,,0,2006,,97064,2,,,0,70,,97058,2,,,0,20,,97060,2,,,0,20,,97057,2,,,0,62,,97059,2,,,0,30,,97061,2,,,0,75,,97062,2,,,0
684100,'2',447,,97067,2,,,0,69,,97074,2,,,0,31,,97075,2,,,0,75,,97076,2,,,0,29,,97072,2,,,0,1883,,97078,2,,,0,74,,97069,2,,,0,17,,97073,2,,,0,20,,97077,2,,,0,60,,97070,2,,,0,30,,97071,2,,,0,80,,97079,2,,,0
684100,'3',444,,97090,2,,,0,71,,97091,2,,,0,30,,97092,2,,,0,72,,97093,2,,,0,16,,97094,2,,,0,14,,97086,2,,,0,56,,97095,2,,,0,13,,97087,2,,,0,1789,,97080,2,,,0,30,,97081,2,,,0,72,,97084,2,,,0,30,,97083,2,,,0,70,,97082,2,,,0,35,,97085,2,,,0,75,,97089,2,,,0
1671800,'152301',2112,,99518,35,0,10,0,16,,99519,35,0,10,0,15,,99520,35,0,10,0,15,,99521,35,0,10,0,55,,99522,35,0,10,0,20,,99523,35,0,10,0,21,,99524,35,0,10,0,58,,99525,35,0,10,0,20,,99526,35,0,10,0,70,,99527,35,0,10,0,15,,99516,35,0,10,0,15,,99528,35,0,10,0,15,,99517,35,0,10,0,55,,99529,35,0,10,0,30,,99530,35,0,10,0
1671800,'2',327,,99707,35,0,10,0,30,,99708,35,0,10,0,1752,,99621,35,0,10,0,15,,99622,35,0,10,0,15,,99623,35,0,10,0,15,,99624,35,0,10,0,60,,99633,35,0,10,0,20,,99625,35,0,10,0,20,,99626,35,0,10,0,60,,99627,35,0,10,0,21,,99628,35,0,10,0,24,,99629,35,0,10,0,70,,99630,35,0,10,0,30,,99631,35,0,10,0,69,,99632,35,0,10,0
1671800,'3',325,,99793,35,0,10,0,30,,99794,35,0,10,0,1759,,99775,35,0,10,0,15,,99776,35,0,10,0,15,,99777,35,0,10,0,15,,99789,35,0,10,0,58,,99778,35,0,10,0,20,,99779,35,0,10,0,20,,99780,35,0,10,0,59,,99781,35,0,10,0,21,,99782,35,0,10,0,64,,99783,35,0,10,0,30,,99784,35,0,10,0,70,,99785,35,0,10,0,30,,99786,35,0,10,0
