672401,'1_merged_15529678',521,,88803,38,,,0,30,,88792,38,,,0,72,,88818,38,,,0,34,,88802,38,,,0,74,,88819,38,,,0,14,,88826,38,,,0,57,,88827,38,,,0,16,,88828,38,,,0,18,,88829,38,,,0,15,,88830,38,,,0,55,,88831,38,,,0,14,,88832,38,,,0,16,,88833,38,,,0,15,,88834,38,,,0,55,,88835,38,,,0,15,,88820,38,,,0,17,,88836,38,,,0,19,,88807,38,,,0,61,,88804,38,,,0,23,,88808,38,,,0,60,,88805,38,,,0,21,,88806,38,,,0,22,,88809,38,,,0,60,,88791,38,,,0,20,,88793,38,,,0,18,,88810,38,,,0,61,,88796,38,,,0,22,,88797,38,,,0,20,,88811,38,,,0,58,,88790,38,,,0,20,,88821,38,,,0,16,,88817,38,,,0,16,,88825,38,,,0,54,,88816,38,,,0,15,,88837,38,,,0,16,,88838,38,,,0,15,,88839,38,,,0,55,,88840,38,,,0,15,,88841,38,,,0,15,,88842,38,,,0,15,,88843,38,,,0,55,,88844,38,,,0,11,,88845,38,,,0,17,,88846,38,,,0,15,,88847,38,,,0,52,,88848,38,,,0,15,,88849,38,,,0,14,,88850,38,,,0,13,,88851,38,,,0,63,,88812,38,,,0,33,,88813,38,,,0,71,,88814,38,,,0,27,,88815,38,,,0,70,,88798,38,,,0,27,,88799,38,,,0,70,,88800,38,,,0,29,,88801,38,,,0,70,,88822,38,,,0,26,,88794,38,,,0,26,,88823,38,,,0,67,,88795,38,,,0,77,,88824,38,,,0
672401,'2_merged_15529680',515,,88888,38,,,0,37,,88890,38,,,0,72,,88891,38,,,0,35,,88892,38,,,0,74,,88893,38,,,0,72,,88894,38,,,0,24,,88895,38,,,0,20,,88896,38,,,0,63,,88897,38,,,0,21,,88852,38,,,0,21,,88853,38,,,0,55,,88854,38,,,0,14,,88855,38,,,0,16,,88856,38,,,0,14,,88857,38,,,0,54,,88858,38,,,0,15,,88859,38,,,0,16,,88860,38,,,0,16,,88861,38,,,0,55,,88862,38,,,0,15,,88863,38,,,0,18,,88864,38,,,0,16,,88865,38,,,0,54,,88866,38,,,0,15,,88867,38,,,0,15,,88868,38,,,0,15,,88869,38,,,0,55,,88870,38,,,0,16,,88871,38,,,0,14,,88872,38,,,0,14,,88873,38,,,0,56,,88874,38,,,0,15,,88875,38,,,0,13,,88876,38,,,0,15,,88877,38,,,0,55,,88878,38,,,0,15,,88879,38,,,0,14,,88880,38,,,0,15,,88881,38,,,0,54,,88882,38,,,0,15,,88883,38,,,0,15,,88884,38,,,0,15,,88885,38,,,0,53,,88886,38,,,0,19,,88887,38,,,0,20,,88898,38,,,0,59,,88899,38,,,0,18,,88900,38,,,0,18,,88901,38,,,0,61,,88914,38,,,0,18,,88902,38,,,0,20,,88903,38,,,0,64,,88904,38,,,0,28,,88905,38,,,0,70,,88906,38,,,0,30,,88907,38,,,0,71,,88908,38,,,0,28,,88909,38,,,0,24,,88910,38,,,0,82,,88911,38,,,0,68,,88912,38,,,0,38,,88913,38,,,0,69,,88889,38,,,0
672401,'3_merged_15529679',525,,88921,38,,,0,30,,88923,38,,,0,70,,88924,38,,,0,31,,88925,38,,,0,70,,88926,38,,,0,31,,88927,38,,,0,64,,88928,38,,,0,20,,88929,38,,,0,62,,88930,38,,,0,23,,88931,38,,,0,20,,88932,38,,,0,62,,88933,38,,,0,20,,88934,38,,,0,20,,88935,38,,,0,63,,88936,38,,,0,21,,88937,38,,,0,20,,88938,38,,,0,61,,88939,38,,,0,21,,88940,38,,,0,20,,88941,38,,,0,60,,88942,38,,,0,20,,88943,38,,,0,20,,88944,38,,,0,61,,88945,38,,,0,17,,88946,38,,,0,15,,88915,38,,,0,55,,88947,38,,,0,17,,88948,38,,,0,15,,88949,38,,,0,14,,88916,38,,,0,55,,88950,38,,,0,15,,88951,38,,,0,15,,88952,38,,,0,15,,88917,38,,,0,55,,88953,38,,,0,14,,88954,38,,,0,15,,88955,38,,,0,15,,88918,38,,,0,55,,88956,38,,,0,14,,88957,38,,,0,16,,88958,38,,,0,15,,88919,38,,,0,55,,88959,38,,,0,17,,88960,38,,,0,19,,88961,38,,,0,62,,88962,38,,,0,20,,88920,38,,,0,20,,88963,38,,,0,74,,88964,38,,,0,30,,88965,38,,,0,73,,88966,38,,,0,29,,88967,38,,,0,72,,88968,38,,,0,29,,88969,38,,,0,72,,88970,38,,,0,29,,88971,38,,,0,85,,88972,38,,,0,70,,88922,38,,,0
672500,'1_merged_15529678',602,,88973,23,,,0,40,,88974,23,,,0,71,,88975,23,,,0,32,,88976,23,,,0,71,,88977,23,,,0,31,,88978,23,,,0,70,,88979,23,,,0,28,,88980,23,,,0,72,,88981,23,,,0,30,,88982,23,,,0,72,,88983,23,,,0,29,,88984,23,,,0,70,,88985,23,,,0,30,,88986,23,,,0,70,,88987,23,,,0,30,,88988,23,,,0,69,,88989,23,,,0,30,,88990,23,,,0,72,,88991,23,,,0,32,,88992,23,,,0,69,,88993,23,,,0,30,,88994,23,,,0,69,,88995,23,,,0,30,,88996,23,,,0,69,,88997,23,,,0,30,,88998,23,,,0,70,,88999,23,,,0,30,,89000,23,,,0,70,,89001,23,,,0,30,,89002,23,,,0,70,,89003,23,,,0,30,,89004,23,,,0,69,,89005,23,,,0,93,,89006,23,,,0,99,,89007,23,,,0,100,,89008,23,,,0
672500,'2_merged_15529680',556,,89038,23,,,0,86,,89027,23,,,0,70,,89037,23,,,0,32,,89010,23,,,0,69,,89034,23,,,0,30,,89035,23,,,0,70,,89018,23,,,0,33,,89041,23,,,0,70,,89042,23,,,0,30,,89030,23,,,0,70,,89040,23,,,0,30,,89025,23,,,0,70,,89033,23,,,0,32,,89011,23,,,0,71,,89012,23,,,0,29,,89013,23,,,0,70,,89014,23,,,0,30,,89015,23,,,0,70,,89016,23,,,0,30,,89017,23,,,0,69,,89036,23,,,0,30,,89029,23,,,0,70,,89039,23,,,0,30,,89028,23,,,0,70,,89032,23,,,0,31,,89024,23,,,0,70,,89031,23,,,0,30,,89019,23,,,0,70,,89022,23,,,0,30,,89026,23,,,0,69,,89023,23,,,0,30,,89009,23,,,0,71,,89043,23,,,0,91,,89020,23,,,0,100,,89044,23,,,0,99,,89021,23,,,0
672500,'3_merged_15529679',659,,89066,23,,,0,73,,89074,23,,,0,70,,89073,23,,,0,32,,89047,23,,,0,70,,89051,23,,,0,30,,89067,23,,,0,72,,89068,23,,,0,30,,89069,23,,,0,70,,89054,23,,,0,30,,89076,23,,,0,70,,89064,23,,,0,29,,89078,23,,,0,71,,89070,23,,,0,29,,89077,23,,,0,70,,89055,23,,,0,29,,89071,23,,,0,70,,89072,23,,,0,30,,89075,23,,,0,70,,89065,23,,,0,29,,89056,23,,,0,70,,89058,23,,,0,30,,89053,23,,,0,70,,89048,23,,,0,32,,89049,23,,,0,71,,89050,23,,,0,31,,89052,23,,,0,70,,89059,23,,,0,31,,89060,23,,,0,70,,89061,23,,,0,30,,89062,23,,,0,80,,89045,23,,,0,109,,89063,23,,,0,100,,89046,23,,,0,100,,89057,23,,,0
682800,'101_merged_15529685',904,,96593,29,,,0
682800,'1201_merged_15529671',2126,,96594,28,,,0,107,,96595,28,,,0
682800,'1_merged_15529678',824,,96613,29,,,0,119,,96612,28,,,0,78,,96611,28,,,0,37,,96610,28,,,0,83,,96609,28,,,0,80,,96608,28,,,0,80,,96607,28,,,0,42,,96606,28,,,0,80,,96605,28,,,0,82,,96604,28,,,0,40,,96603,28,,,0,84,,96602,28,,,0,78,,96601,28,,,0,38,,96600,28,,,0,79,,96599,28,,,0,78,,96598,28,,,0,48,,96597,28,,,0,69,,96596,28,,,0
682800,'2_merged_15529680',931,,96615,28,,,0,80,,96632,28,,,0,40,,96631,28,,,0,80,,96630,28,,,0,80,,96629,28,,,0,41,,96628,28,,,0,80,,96627,28,,,0,80,,96626,28,,,0,41,,96625,28,,,0,80,,96624,28,,,0,80,,96623,28,,,0,40,,96622,28,,,0,80,,96621,28,,,0,78,,96620,28,,,0,37,,96619,28,,,0,108,,96618,28,,,0,150,,96617,28,,,0,107,,96616,28,,,0,104,,96614,28,,,0
682800,'3_merged_15529679',1130,,96638,28,,,0,82,,96645,28,,,0,40,,96637,28,,,0,81,,96644,28,,,0,80,,96643,28,,,0,40,,96636,28,,,0,80,,96642,28,,,0,78,,96635,28,,,0,40,,96634,28,,,0,80,,96641,28,,,0,80,,96640,28,,,0,40,,96633,28,,,0,76,,96639,28,,,0
