661400,'1',524,,1077,17,,,0,14,,1078,17,,,0,62,,1081,17,,,0,20,,1116,39,,,0,17,,1079,17,,,0,7,,1065,39,,,0,14,,1117,39,,,0,54,,1063,39,,,0,15,,1088,39,,,0,16,,1089,39,,,0,14,,1090,44,,,0,53,,1091,44,,,0,17,,1098,44,,,0,16,,1104,44,,,0,16,,1118,44,,,0,56,,1092,44,,,0,14,,1058,44,,,0,15,,1059,44,,,0,15,,1100,44,,,0,55,,1101,44,,,0,15,,1102,44,,,0,15,,1103,44,,,0,56,,1119,44,,,0,15,,1120,44,,,0,15,,1115,44,,,0,15,,1095,44,,,0,56,,1060,44,,,0,15,,1087,44,,,0,15,,1062,44,,,0,15,,1096,44,,,0,55,,1099,44,,,0,15,,1055,44,,,0,15,,1056,44,,,0,15,,1082,44,,,0,56,,1083,44,,,0,15,,1084,44,,,0,15,,1093,44,,,0,15,,1113,44,,,0,55,,1114,44,,,0,11,,1080,17,,,0,5,,1094,44,,,0,12,,1066,44,,,0,12,,1067,44,,,0,12,,1068,44,,,0,52,,1110,44,,,0,11,,1069,44,,,0,12,,1070,44,,,0,14,,1071,44,,,0,10,,1073,44,,,0,50,,1108,44,,,0,8,,1122,44,,,0,10,,1097,44,,,0,10,,1121,44,,,0,10,,1107,44,,,0,10,,1109,44,,,0,50,,1076,44,,,0,9,,1123,44,,,0,10,,1111,44,,,0,9,,1112,44,,,0,12,,1075,44,,,0,12,,1085,44,,,0,52,,1074,44,,,0,12,,1061,44,,,0,13,,1106,44,,,0,20,,1064,44,,,0,59,,1105,44,,,0
661400,'2',607,,1177,39,,,0,17,,1165,17,,,0,17,,1169,39,,,0,15,,1160,39,,,0,62,,1164,39,,,0,22,,1209,39,,,0,60,,1181,39,,,0,20,,1180,39,,,0,12,,1166,17,,,0,8,,1151,39,,,0,18,,1193,39,,,0,55,,1194,39,,,0,16,,1195,39,,,0,15,,1196,44,,,0,14,,1197,44,,,0,54,,1168,44,,,0,17,,1185,44,,,0,14,,1183,44,,,0,13,,1148,44,,,0,55,,1149,44,,,0,13,,1150,44,,,0,12,,1218,44,,,0,12,,1171,44,,,0,11,,1153,44,,,0,52,,1152,44,,,0,12,,1201,44,,,0,12,,1170,44,,,0,12,,1172,44,,,0,53,,1211,44,,,0,12,,1173,44,,,0,13,,1174,44,,,0,7,,1219,17,,,0,7,,1202,44,,,0,13,,1207,44,,,0,52,,1161,44,,,0,12,,1212,44,,,0,12,,1147,44,,,0,14,,1156,44,,,0,12,,1157,44,,,0,52,,1158,44,,,0,12,,1213,44,,,0,12,,1198,44,,,0,12,,1214,44,,,0,12,,1208,44,,,0,52,,1167,44,,,0,12,,1187,44,,,0,12,,1200,44,,,0,12,,1215,44,,,0,12,,1189,44,,,0,53,,1203,44,,,0,12,,1175,44,,,0,12,,1206,44,,,0,12,,1179,44,,,0,12,,1216,44,,,0,52,,1210,44,,,0,9,,1144,44,,,0,12,,1145,44,,,0,13,,1146,44,,,0,12,,1217,44,,,0,52,,1220,44,,,0,13,,1154,44,,,0,13,,1155,44,,,0,16,,1188,44,,,0,61,,1176,44,,,0
661400,'3',620,,1243,17,,,0,35,,1238,17,,,0,70,,1242,17,,,0,17,,1269,39,,,0,71,,1256,39,,,0,30,,1257,39,,,0,59,,1244,17,,,0,10,,1229,39,,,0,27,,1261,39,,,0,20,,1266,39,,,0,57,,1273,39,,,0,16,,1245,44,,,0,15,,1274,44,,,0,55,,1275,44,,,0,16,,1272,44,,,0,17,,1265,44,,,0,16,,1230,44,,,0,56,,1264,44,,,0,12,,1246,17,,,0,4,,1277,44,,,0,18,,1278,44,,,0,16,,1279,44,,,0,56,,1280,44,,,0,15,,1281,44,,,0,12,,1228,44,,,0,12,,1222,44,,,0,52,,1284,44,,,0,12,,1235,44,,,0,12,,1248,44,,,0,12,,1239,44,,,0,12,,1249,44,,,0,54,,1285,44,,,0,12,,1251,44,,,0,12,,1234,44,,,0,12,,1283,44,,,0,12,,1223,44,,,0,52,,1286,44,,,0,12,,1226,44,,,0,13,,1258,44,,,0,14,,1259,44,,,0,55,,1260,44,,,0,15,,1237,44,,,0,13,,1252,44,,,0,15,,1253,44,,,0,15,,1254,44,,,0,55,,1255,44,,,0,13,,1241,44,,,0,15,,1276,44,,,0,15,,1227,44,,,0,55,,1231,44,,,0,18,,1232,44,,,0,19,,1233,44,,,0,59,,1282,44,,,0
667200,'1',601,,19931,11,,,0,7,,19936,11,,,0,15,,19909,11,,,0,15,,19930,11,,,0,17,,19916,11,,,0,59,,19952,11,,,0,15,,19939,11,,,0,15,,19940,11,,,0,10,,19955,11,0,11 12,0,53,,19951,11,,,0,12,,19929,11,,,0,13,,19910,11,,,0,19,,19917,11,,,0,55,,19932,11,,,0,26,,19914,11,,,0,70,,19919,11,,,0,30,,19915,11,,,0,27,,19947,11,,,0,72,,19921,11,,,0,70,,19943,11,,,0,30,,19953,11,,,0,28,,19950,11,,,0,70,,19922,11,,,0,28,,19944,11,,,0,69,,19928,11,,,0,29,,19927,11,,,0,70,,19911,11,,,0,24,,19946,11,,,0,7,,19924,11,,,0,54,,19941,11,,,0,15,,19954,11,,,0,18,,19937,11,,,0,16,,19913,11,,,0,60,,19920,11,,,0,17,,19923,11,,,0,16,,19935,11,,,0,48,,19938,11,,,0,20,,19933,11,,,0,6,,19945,11,0,11 12,0,14,,19949,11,,,0,11,,19918,11,,,0,57,,19912,11,,,0,12,,19948,11,,,0,16,,19942,11,,,0,73,,19934,11,,,0
667200,'2',703,,19979,11,,,0,30,,19965,11,,,0,69,,19977,11,,,0,30,,19963,11,,,0,70,,19975,11,,,0,30,,19971,11,,,0,70,,19968,11,,,0,30,,19972,11,,,0,70,,19958,11,,,0,29,,19980,11,,,0,71,,19981,11,,,0,31,,19982,11,,,0,26,,19983,11,,,0,70,,19984,11,,,0,29,,19985,11,,,0,60,,19961,11,,,0,20,,19978,11,,,0,21,,19960,11,,,0,58,,19986,11,,,0,21,,19987,11,,,0,21,,19988,11,,,0,61,,19989,11,,,0,20,,19962,11,,,0,61,,19959,11,,,0,20,,19964,11,,,0,21,,19973,11,,,0,59,,19992,11,,,0,21,,19969,11,,,0,18,,19991,11,,,0,69,,19974,11,,,0,30,,19970,11,,,0,74,,19990,11,,,0
667200,'3',734,,20005,11,,,0,70,,19998,11,,,0,30,,19996,11,,,0,70,,20001,11,,,0,29,,20000,11,,,0,70,,20015,11,,,0,30,,20004,11,,,0,70,,20003,11,,,0,30,,20012,11,,,0,69,,20010,11,,,0,30,,20009,11,,,0,69,,20002,11,,,0,31,,20007,11,,,0,70,,19993,11,,,0,30,,19999,11,,,0,71,,20018,11,,,0,32,,20017,11,,,0,68,,20008,11,,,0,30,,20006,11,,,0,69,,19995,11,,,0,30,,20014,11,,,0,70,,19997,11,,,0,34,,20013,11,,,0,68,,19994,11,,,0,28,,20016,11,,,0,70,,20019,11,,,0
667300,'1',731,,20125,11,,,0,90,,20165,11,,,0,199,,20146,11,,,0,30,,20138,11,,,0,70,,20137,11,,,0,26,,20136,11,,,0,71,,20135,11,,,0,30,,20134,11,,,0,70,,20155,11,,,0,26,,20133,11,,,0,72,,20132,11,,,0,26,,20131,11,,,0,67,,20150,11,,,0,28,,20141,11,,,0,8,,20149,11,,,0,14,,20145,11,,,0,74,,20140,11,,,0,18,,20139,11,,,0,72,,20144,11,,,0,13,,20158,11,,,0,15,,20143,11,,,0,56,,20129,11,,,0,27,,20142,11,,,0
667300,'101',1617,,20169,11,,,0,91,,20168,11,,,0
667300,'2',1025,,20178,11,,,0,28,,20179,11,,,0,72,,20194,11,,,0,27,,20180,11,,,0,69,,20195,11,,,0,30,,20181,11,,,0,69,,20196,11,,,0,30,,20182,11,,,0,73,,20183,11,,,0,32,,20197,11,,,0,69,,20184,11,,,0,30,,20198,11,,,0,76,,20185,11,,,0,70,,20199,11,,,0,30,,20200,11,,,0,71,,20201,11,,,0
667300,'201',1617,,20205,11,,,0,91,,20206,11,,,0
667300,'3',1027,,20210,11,,,0,29,,20226,11,,,0,69,,20211,11,,,0,28,,20235,11,,,0,70,,20212,11,,,0,29,,20234,11,,,0,68,,20213,11,,,0,32,,20233,11,,,0,70,,20214,11,,,0,29,,20232,11,,,0,73,,20215,11,,,0,30,,20231,11,,,0,68,,20216,11,,,0,31,,20230,11,,,0,70,,20217,11,,,0,31,,20218,11,,,0
667500,'1',1657,,20549,11,,,0,67,,20550,11,,,0
1671700,'1',2039,,40779,18,,,0,66,,40778,18,,,0,30,,40777,18,,,0,69,,40776,18,,,0,30,,40775,18,,,0,73,,40774,18,,,0,30,,40773,18,,,0,67,,40772,18,,,0,30,,40770,18,,,0,69,,40771,18,,,0
1671700,'2',2030,,40788,18,,,0,71,,40787,18,,,0,31,,40786,18,,,0,71,,40785,18,,,0,30,,40784,18,,,0,68,,40780,18,,,0,30,,40783,18,,,0,73,,40782,18,,,0,100,,40781,18,,,0
1671700,'3',2034,,40796,18,,,0,70,,40795,18,,,0,28,,40794,18,,,0,71,,40793,18,,,0,31,,40792,18,,,0,69,,40791,18,,,0,30,,40790,18,,,0,26,,40789,18,,,0,70,,40798,18,,,0,30,,40797,18,,,0
