674900,'1',535,,33875,13,,,0,13,,33876,13,,,0,57,,33877,13,,,0,17,,33878,13,,,0,15,,33879,13,,,0,16,,33880,13,,,0,56,,33881,13,,,0,32,,33882,13,,,0,13,,33883,13,0,58 59,0,55,,33884,13,0,58 59,0,14,,33821,13,,,0,14,,33866,13,0,58 59,0,16,,33867,13,,,0,54,,33868,13,0,58 59,0,16,,33869,13,,,0,8,,33870,13,0,60 61 8,0,9,,33871,13,0,58 59,0,11,,33872,13,,,0,55,,33873,13,0,58 59,0,15,,33874,13,,,0,15,,33822,13,0,58 59,0,17,,33847,13,,,0,55,,33848,13,0,58 59,0,15,,33849,13,,,0,15,,33850,13,0,58 59,0,15,,33851,13,,,0,55,,33852,13,0,58 59,0,15,,33853,13,,,0,12,,33854,13,0,58 59,0,18,,33855,13,,,0,55,,33856,13,0,58 59,0,15,,33857,13,,,0,15,,33858,13,0,58 59,0,13,,33859,13,,,0,57,,33860,13,0,60 61 8,0,36,,33861,13,,,0,56,,33862,13,,,0,15,,33863,13,,,0,15,,33864,13,,,0,17,,33865,13,,,0,54,,33813,13,,,0,14,,33819,13,,,0,23,,33841,13,,,0,9,,33823,13,,,0,61,,33812,13,,,0,8,,33842,13,,,0,23,,33843,13,,,0,11,,33844,13,,,0,55,,33845,13,,,0,14,,33846,13,,,0,8,,33820,13,,,0,19,,33814,13,,,0,8,,33824,13,,,0,57,,33825,13,,,0,14,,33836,13,,,0,16,,33837,13,,,0,14,,33838,13,,,0,53,,33839,13,0,60 61 8,0,17,,33840,13,,,0,15,,33818,13,,,0,14,,33815,13,,,0,55,,33828,13,0,60 61 8,0,15,,33829,13,,,0,30,,33830,13,,,0,70,,33831,13,,,0,30,,33816,13,,,0,69,,33833,13,,,0,30,,33827,13,,,0,68,,33832,13,,,0,30,,33817,13,,,0,70,,33835,13,0,58 59,0,29,,33826,13,0,58 59,0,70,,33834,13,0,58 59,0
674900,'101',722,,33885,13,0,62 63 64,0
674900,'2',621,,33889,13,,,0,30,,33890,13,,,0,67,,33891,13,,,0,15,,33892,13,,,0,15,,33893,13,0,58 59,0,55,,33894,13,,,0,10,,33895,13,0,58 59,0,15,,33896,13,,,0,15,,33897,13,0,58 59,0,16,,33898,13,,,0,55,,33899,13,0,58 59,0,16,,33900,13,,,0,15,,33901,13,0,58 59,0,57,,33902,13,,,0,15,,33903,13,0,58 59,0,15,,33904,13,,,0,15,,33905,13,0,58 59,0,57,,33906,13,,,0,15,,33907,13,0,58 59,0,14,,33908,13,,,0,15,,33909,13,0,58 59,0,55,,33910,13,,,0,15,,33911,13,0,58 59,0,16,,33912,13,,,0,15,,33913,13,0,58 59,0,55,,33914,13,,,0,15,,33915,13,0,58 59,0,17,,33916,13,,,0,15,,33917,13,0,58 59,0,53,,33918,13,,,0,15,,33919,13,0,58 59,0,15,,33920,13,,,0,15,,33921,13,0,58 59,0,55,,33922,13,,,0,15,,33923,13,0,58 59,0,17,,33924,13,,,0,13,,33925,13,0,58 59,0,57,,33926,13,,,0,13,,33927,13,0,58 59,0,15,,33928,13,,,0,15,,33929,13,0,58 59,0,55,,33930,13,,,0,15,,33931,13,0,58 59,0,15,,33932,13,,,0,15,,33933,13,0,58 59,0,55,,33934,13,,,0,15,,33935,13,0,58 59,0,13,,33936,13,,,0,15,,33937,13,,,0,55,,33938,13,,,0,20,,33939,13,,,0,20,,33940,13,,,0,60,,33941,13,,,0,19,,33942,13,,,0,20,,33943,13,,,0,60,,33944,13,,,0,23,,33945,13,,,0,30,,33946,13,,,0,70,,33947,13,,,0,30,,33948,13,,,0,68,,33949,13,,,0,30,,33950,13,,,0,70,,33951,13,,,0,30,,33952,13,,,0,69,,33953,13,0,58 59,0,35,,33887,13,0,58 59,0,65,,33888,13,0,58 59,0
674900,'201',721,,33954,13,,,0
674900,'3',627,,33984,13,,,0,32,,33983,13,,,0,63,,33989,13,,,0,30,,33988,13,,,0,55,,34000,13,0,58 59,0,15,,33999,13,,,0,15,,33998,13,0,58 59,0,16,,33997,13,,,0,56,,33996,13,0,58 59,0,15,,33995,13,,,0,14,,34019,13,0,58 59,0,16,,34018,13,,,0,55,,33994,13,0,58 59,0,16,,33993,13,,,0,15,,33992,13,0,58 59,0,15,,33991,13,,,0,50,,33990,13,0,58 59,0,14,,33987,13,,,0,16,,33986,13,0,58 59,0,15,,33985,13,,,0,53,,34011,13,0,58 59,0,19,,33959,13,,,0,15,,33958,13,0,58 59,0,15,,33957,13,,,0,55,,33956,13,0,58 59,0,15,,33955,13,,,0,17,,34017,13,0,58 59,0,7,,34016,13,,,0,63,,34015,13,0,58 59,0,15,,34014,13,,,0,15,,34013,13,0,58 59,0,15,,34012,13,,,0,55,,34010,13,0,58 59,0,14,,34009,13,,,0,14,,34008,13,0,58 59,0,16,,34007,13,,,0,5,,34006,13,0,58 59,0,65,,34005,13,,,0,15,,34004,13,0,58 59,0,14,,34003,13,,,0,55,,34002,13,0,58 59,0,14,,34001,13,,,0,15,,33972,13,0,58 59,0,15,,33982,13,,,0,55,,33981,13,0,58 59,0,20,,33980,13,,,0,14,,33979,13,0,58 59,0,16,,33978,13,,,0,54,,33977,13,0,58 59,0,16,,33976,13,,,0,15,,33975,13,0,58 59,0,13,,33974,13,,,0,55,,33973,13,0,58 59,0,15,,33971,13,,,0,15,,33970,13,0,58 59,0,11,,33969,13,,,0,60,,33968,13,,,0,20,,33967,13,,,0,71,,33966,13,,,0,31,,33965,13,,,0,70,,33964,13,,,0,28,,33963,13,,,0,70,,33962,13,,,0,31,,33961,13,,,0,101,,33960,13,0,58 59,0
674900,'701',1430,,34020,13,0,62 63 64,0
674900,'801',1425,,34021,13,,,0
722400,'1',549,,38826,19,,,0,59,,38824,19,,,0,23,,38801,19,,,0,10,,38799,19,,,0,61,,38827,19,,,0,9,,38831,19,,,0,22,,38825,19,,,0,20,,38822,19,,,0,51,,38828,19,,,0,26,,38821,19,,,0,18,,38820,19,,,0,63,,38832,19,,,0,17,,38817,19,,,0,73,,38816,19,,,0,26,,38814,19,,,0,30,,38813,19,,,0,70,,38812,19,,,0,31,,38811,19,,,0,70,,38810,19,,,0,30,,38809,19,,,0,70,,38815,19,,,0,31,,38808,19,,,0,72,,38823,19,,,0,71,,38819,19,,,0,32,,38829,19,,,0,21,,38818,19,,,0,60,,38807,19,,,0,25,,38830,19,,,0,14,,38806,19,,,0,60,,38798,19,,,0,18,,38796,19,,,0,13,,38833,19,,,0,55,,38805,19,,,0,23,,38804,19,,,0,31,,38803,19,,,0,61,,38802,19,,,0,19,,38797,19,,,0,20,,38800,19,,,0,75,,38837,19,,,0
3454101,'1',522,,50280,14,,,0,30,,50281,14,,,0,70,,50282,14,,,0,30,,50283,14,,,0,70,,50284,14,,,0,30,,50285,14,,,0,70,,50286,14,,,0,80,,50287,14,,,0,40,,50288,14,,,0,81,,50289,14,,,0,80,,50290,14,,,0,40,,50291,14,,,0,81,,50292,14,,,0,80,,50293,14,,,0,40,,50294,14,,,0,80,,50295,14,,,0,82,,50296,14,,,0,28,,50297,14,,,0,70,,50298,14,,,0,40,,50299,14,,,0,70,,50300,14,,,0,30,,50301,14,,,0,80,,50302,14,,,0,90,,50303,14,,,0,40,,50304,14,,,0,80,,50305,14,,,0,80,,50306,14,,,0,40,,50307,14,,,0
3454101,'2',842,,50308,14,,,0,85,,50309,14,,,0,85,,50310,14,,,0,45,,50311,14,,,0,87,,50312,14,,,0,85,,50313,14,,,0,83,,50314,14,,,0,45,,50315,14,,,0,85,,50316,14,,,0,85,,50317,14,,,0,87,,50318,14,,,0,45,,50319,14,,,0,83,,50320,14,,,0,85,,50321,14,,,0,85,,50322,14,,,0,45,,50323,14,,,0,85,,50324,14,,,0,85,,50325,14,,,0,85,,50326,14,,,0
3454101,'3',842,,50327,14,,,0,85,,50328,14,,,0,85,,50329,14,,,0,45,,50330,14,,,0,85,,50331,14,,,0,85,,50332,14,,,0,85,,50333,14,,,0,45,,50334,14,,,0,85,,50335,14,,,0,85,,50336,14,,,0,85,,50337,14,,,0,45,,50338,14,,,0,85,,50339,14,,,0,85,,50340,14,,,0,85,,50341,14,,,0,45,,50342,14,,,0,85,,50343,14,,,0,85,,50344,14,,,0,85,,50345,14,,,0
