667700,'101_merged_15529707',1613,,137782,15,,,0
667700,'1101_merged_15529711',2518,,137783,15,,,0
667700,'1201_merged_15529693',2518,,137784,15,,,0
667700,'1_merged_15529700',617,,137822,15,,,0,29,,137795,15,,,0,72,,137803,15,,,0,28,,137810,15,,,0,73,,137820,15,,,0,29,,137806,15,,,0,79,,137790,15,,,0,24,,137828,15,,,0,88,,137789,15,,,0,71,,137797,15,,,0,28,,137804,15,,,0,69,,137802,15,,,0,31,,137801,15,,,0,70,,137811,15,,,0,30,,137788,15,,,0,71,,137826,15,,,0,14,,137791,15,,,0,31,,137792,15,,,0,66,,137785,15,,,0,19,,137816,15,,,0,15,,137796,15,,,0,68,,137799,15,,,0,21,,137807,15,,,0,11,,137800,15,,,0,58,,137817,15,,,0,13,,137812,15,,,0,19,,137823,15,,,0,60,,137827,15,,,0,13,,137813,15,,,0,16,,137824,15,,,0,12,,137821,15,,,0,12,,137814,15,,,0,53,,137794,15,,,0,12,,137815,15,,,0,14,,137809,15,,,0,15,,137829,15,,,0,57,,137805,15,,,0,17,,137787,15,,,0,15,,137825,15,,,0,14,,137786,15,,,0,68,,137818,15,,,0,27,,137808,15,,,0,69,,137798,15,,,0,30,,137831,15,,,0,68,,137819,15,,,0,30,,137830,15,,,0,69,,137793,15,,,0
667700,'201',1613,,137832,15,,,0
667700,'2_merged_15529702',650,,137860,15,,,0,66,,137861,15,,,0,32,,137840,15,,,0,70,,137868,15,,,0,30,,137869,15,,,0,71,,137836,15,,,0,30,,137866,15,,,0,70,,137843,15,,,0,33,,137874,15,,,0,69,,137838,15,,,0,27,,137873,15,,,0,73,,137875,15,,,0,30,,137841,15,,,0,70,,137839,15,,,0,34,,137878,15,,,0,56,,137849,15,,,0,18,,137876,15,,,0,22,,137834,15,,,0,59,,137859,15,,,0,20,,137865,15,,,0,21,,137864,15,,,0,59,,137858,15,,,0,20,,137835,15,,,0,22,,137842,15,,,0,59,,137857,15,,,0,24,,137877,15,,,0,19,,137844,15,,,0,60,,137856,15,,,0,23,,137870,15,,,0,19,,137867,15,,,0,64,,137855,15,,,0,16,,137848,15,,,0,15,,137845,15,,,0,55,,137863,15,,,0,16,,137854,15,,,0,30,,137871,15,,,0,70,,137862,15,,,0,30,,137846,15,,,0,69,,137851,15,,,0,30,,137850,15,,,0,68,,137872,15,,,0,30,,137853,15,,,0,69,,137837,15,,,0,32,,137852,15,,,0,65,,137847,15,,,0,36,,137833,15,,,0
667700,'3_merged_15529701',820,,137896,15,,,0,30,,137890,15,,,0,70,,137899,15,,,0,31,,137889,15,,,0,69,,137897,15,,,0,30,,137888,15,,,0,68,,137898,15,,,0,32,,137879,15,,,0,70,,137900,15,,,0,30,,137887,15,,,0,72,,137883,15,,,0,30,,137895,15,,,0,71,,137902,15,,,0,28,,137894,15,,,0,56,,137916,15,,,0,29,,137903,15,,,0,15,,137893,15,,,0,55,,137915,15,,,0,30,,137906,15,,,0,17,,137892,15,,,0,55,,137914,15,,,0,31,,137904,15,,,0,14,,137891,15,,,0,57,,137913,15,,,0,28,,137901,15,,,0,14,,137886,15,,,0,57,,137912,15,,,0,28,,137881,15,,,0,15,,137885,15,,,0,58,,137911,15,,,0,25,,137880,15,,,0,17,,137884,15,,,0,69,,137882,15,,,0,30,,137910,15,,,0,70,,137907,15,,,0,30,,137909,15,,,0,70,,137905,15,,,0,34,,137908,15,,,0
683700,'1101_merged_15529711',2657,,155444,42,,,0
683700,'1201_merged_15529693',2657,,155445,42,,,0
683700,'1_merged_15529700',2537,,155452,42,,,0,20,,155451,42,,,0,60,,155447,42,,,0,29,,155450,42,,,0,74,,155449,42,,,0,19,,155448,42,,,0,68,,155446,42,,,0
683700,'2_merged_15529702',524,,155461,16,,,0,2019,,155455,42,,,0,62,,155460,42,,,0,14,,155454,42,,,0,19,,155459,42,,,0,20,,155456,42,,,0,70,,155458,42,,,0,12,,155457,42,,,0,74,,155453,42,,,0
683700,'3_merged_15529701',554,,155470,16,,,0,74,,155471,16,,,0,31,,155472,16,,,0,70,,155473,36,,,0,1688,,155466,42,,,0,34,,155465,42,,,0,68,,155464,42,,,0,40,,155463,42,,,0,69,,155462,42,,,0,21,,155469,42,,,0,88,,155468,42,,,0,67,,155467,42,,,0
