671201,'1',420,,28372,,,0,20,,28373,,,0,19,,28403,,,0,50,,28383,,,0,10,,28404,,,0,9,,28400,,,0,9,,28391,,,0,9,,28401,,,0,9,,28379,,,0,46,,28392,,,0,7,,28421,,,0,15,,28423,,,0,7,,28347,,,0,12,,28348,,,0,6,,28330,,,0,52,,28424,,,0,7,,28393,,,0,12,,28422,,,0,6,,28425,,,0,11,,28351,,,0,7,,28346,,,0,72,,28352,,,0,11,,28390,,,0,15,,28325,,,0,15,,28384,,,0,55,,28334,,,0,15,,28375,,,0,15,,28335,,,0,15,,28394,,,0,55,,28336,,,0,15,,28341,,,0,15,,28337,,,0,15,,28326,,,0,55,,28338,,,0,15,,28376,,,0,15,,28339,,,0,15,,28327,,,0,55,,28340,,,0,15,,28377,,,0,15,,28342,,,0,15,,28328,,,0,55,,28343,,,0,15,,28378,,,0,15,,28344,,,0,15,,28329,,,0,55,,28345,,,0,15,,28380,,,0,11,,28420,,,0,10,,28381,,,0,10,,28412,,,0,50,,28358,,,0,10,,28413,,,0,9,,28359,,,0,9,,28371,,,0,9,,28396,,,0,9,,28398,,,0,47,,28360,,,0,8,,28333,,,0,9,,28361,,,0,14,,28366,,,0,8,,28399,,,0,7,,28367,,,0,8,,28331,,,0,47,,28368,,,0,7,,28363,,,0,8,,28362,,,0,10,,28382,,,0,10,,28369,,,0,10,,28365,,,0,10,,28364,,,0,50,,28374,,,0,10,,28370,,,0,10,,28332,,,0,10,,28414,,,0,10,,28397,,,0,10,,28385,,,0,52,,28395,,,0,12,,28386,,,0,12,,28415,,,0,12,,28387,,,0,15,,28405,,,0,55,,28388,,,0,15,,28406,,,0,15,,28416,,,0,15,,28407,,,0,55,,28389,,,0,15,,28408,,,0,15,,28417,,,0,15,,28409,,,0,55,,28353,,,0,15,,28354,,,0,15,,28418,,,0,15,,28410,,,0,59,,28355,,,0,20,,28356,,,0,20,,28419,,,0,59,,28357,,,0
671201,'101',803,,28428,,,0,821,,28429,,,0
671201,'2',602,,28441,,,0,20,,28504,,,0,20,,28440,,,0,60,,28501,,,0,17,,28439,,,0,15,,28505,,,0,15,,28452,,,0,55,,28481,,,0,15,,28482,,,0,15,,28483,,,0,15,,28484,,,0,55,,28485,,,0,15,,28486,,,0,15,,28487,,,0,15,,28488,,,0,55,,28489,,,0,15,,28490,,,0,15,,28491,,,0,15,,28492,,,0,55,,28493,,,0,15,,28494,,,0,15,,28495,,,0,15,,28496,,,0,55,,28497,,,0,15,,28498,,,0,15,,28499,,,0,15,,28500,,,0,55,,28451,,,0,15,,28455,,,0,15,,28478,,,0,15,,28465,,,0,55,,28433,,,0,15,,28450,,,0,15,,28479,,,0,15,,28466,,,0,55,,28449,,,0,15,,28448,,,0,15,,28480,,,0,15,,28467,,,0,55,,28447,,,0,12,,28446,,,0,12,,28445,,,0,12,,28444,,,0,12,,28502,,,0,50,,28468,,,0,10,,28443,,,0,10,,28476,,,0,10,,28503,,,0,10,,28442,,,0,10,,28438,,,0,50,,28469,,,0,10,,28437,,,0,12,,28477,,,0,12,,28453,,,0,12,,28454,,,0,55,,28470,,,0,15,,28464,,,0,15,,28456,,,0,15,,28436,,,0,54,,28471,,,0,14,,28457,,,0,14,,28472,,,0,20,,28458,,,0,60,,28459,,,0,20,,28473,,,0,20,,28460,,,0,60,,28461,,,0,21,,28474,,,0,21,,28462,,,0,60,,28463,,,0,20,,28475,,,0,25,,28435,,,0,70,,28434,,,0
671201,'201',803,,28507,,,0,821,,28506,,,0
671201,'3',732,,28512,,,0,20,,28511,,,0,55,,28513,,,0,15,,28514,,,0,15,,28515,,,0,15,,28516,,,0,55,,28517,,,0,15,,28518,,,0,15,,28519,,,0,15,,28520,,,0,54,,28521,,,0,14,,28522,,,0,14,,28523,,,0,15,,28524,,,0,55,,28525,,,0,15,,28526,,,0,15,,28527,,,0,15,,28528,,,0,55,,28529,,,0,15,,28530,,,0,15,,28531,,,0,15,,28532,,,0,55,,28533,,,0,15,,28534,,,0,15,,28535,,,0,15,,28536,,,0,55,,28537,,,0,15,,28538,,,0,15,,28539,,,0,15,,28540,,,0,56,,28541,,,0,15,,28542,,,0,15,,28543,,,0,15,,28544,,,0,55,,28545,,,0,12,,28574,,,0,11,,28546,,,0,11,,28547,,,0,11,,28548,,,0,52,,28508,,,0,12,,28549,,,0,12,,28550,,,0,12,,28551,,,0,12,,28552,,,0,52,,28553,,,0,13,,28554,,,0,13,,28555,,,0,13,,28556,,,0,12,,28557,,,0,52,,28558,,,0,15,,28510,,,0,15,,28559,,,0,15,,28560,,,0,55,,28561,,,0,15,,28562,,,0,15,,28563,,,0,15,,28564,,,0,55,,28565,,,0,15,,28566,,,0,15,,28567,,,0,15,,28568,,,0,55,,28569,,,0,15,,28570,,,0,15,,28571,,,0,15,,28572,,,0,59,,28509,,,0,33,,28573,,,0
829000,'1',541,,39313,,,0,70,,39319,,,0,30,,39320,,,0,69,,39321,,,0,20,,39340,,,0,22,,39322,,,0,66,,39346,,,0,21,,39341,,,0,61,,39324,,,0,20,,39325,,,0,20,,39345,,,0,60,,39326,,,0,23,,39327,,,0,30,,39328,,,0,70,,39329,,,0,30,,39330,,,0,70,,39331,,,0,30,,39332,,,0,70,,39333,,,0,30,,39334,,,0,70,,39335,,,0,20,,39336,,,0,66,,39323,,,0,26,,39351,,,0,66,,39347,,,0,26,,39342,,,0,20,,39337,,,0,60,,39338,,,0,20,,39343,,,0,20,,39339,,,0,64,,39317,,,0,23,,39344,,,0,24,,39318,,,0,62,,39348,,,0,31,,39349,,,0,71,,39350,,,0,30,,39314,,,0,70,,39315,,,0,32,,39316,,,0,146,,39352,,,0,100,,39353,,,0
829000,'101',755,,39354,0,32,0
829000,'2',657,,39387,,,0,70,,39386,,,0,30,,39383,,,0,70,,39363,,,0,30,,39365,,,0,71,,39364,,,0,31,,39362,,,0,70,,39361,,,0,30,,39372,,,0,70,,39360,,,0,71,,39359,,,0,30,,39358,,,0,71,,39357,,,0,31,,39356,,,0,70,,39355,,,0,30,,39382,,,0,70,,39381,,,0,30,,39380,,,0,70,,39379,,,0,30,,39378,,,0,70,,39377,,,0,30,,39376,,,0,70,,39375,,,0,29,,39374,,,0,70,,39366,,,0,30,,39373,,,0,70,,39371,,,0,30,,39370,,,0,72,,39369,,,0,32,,39368,,,0,70,,39367,,,0,95,,39384,,,0,100,,39385,,,0
829000,'3',752,,39409,,,0,75,,39406,,,0,75,,39405,,,0,30,,39404,,,0,70,,39403,,,0,30,,39402,,,0,68,,39401,,,0,30,,39400,,,0,70,,39399,,,0,30,,39408,,,0,71,,39407,,,0,30,,39394,,,0,72,,39393,,,0,32,,39392,,,0,70,,39391,,,0,30,,39390,,,0,70,,39389,,,0,30,,39388,,,0,69,,39416,,,0,28,,39398,,,0,71,,39397,,,0,31,,39396,,,0,71,,39395,,,0,31,,39410,,,0,70,,39415,,,0,30,,39414,,,0,70,,39413,,,0,30,,39412,,,0,70,,39411,,,0,100,,39417,,,0,100,,39418,,,0
2903800,'1',519,,43458,,,0,20,,43478,,,0,12,,43457,,,0,52,,43456,,,0,12,,43469,,,0,12,,43495,,,0,15,,43491,,,0,15,,43455,,,0,55,,43460,,,0,15,,43479,,,0,15,,43454,,,0,15,,43453,,,0,56,,43452,,,0,15,,43480,,,0,13,,43451,,,0,14,,43450,,,0,55,,43449,,,0,15,,43481,,,0,15,,43448,,,0,15,,43472,,,0,55,,43490,,,0,15,,43447,,,0,17,,43473,,,0,60,,43446,,,0,20,,43474,,,0,21,,43445,,,0,60,,43444,,,0,20,,43475,,,0,20,,43443,,,0,60,,43442,,,0,20,,43476,,,0,20,,43441,,,0,60,,43440,,,0,20,,43477,,,0,20,,43439,,,0,58,,43482,,,0,15,,43489,,,0,15,,43471,,,0,15,,43483,,,0,56,,43438,,,0,16,,43437,,,0,17,,43459,,,0,17,,43484,,,0,56,,43436,,,0,15,,43468,,,0,15,,43485,,,0,15,,43467,,,0,55,,43466,,,0,15,,43494,,,0,15,,43465,,,0,18,,43464,,,0,57,,43486,,,0,20,,43463,,,0,20,,43470,,,0,60,,43487,,,0,23,,43488,,,0,70,,43462,,,0,27,,43461,,,0,100,,43492,,,0,100,,43493,,,0
2903800,'2',642,,43543,,,0,10,,43539,,,0,55,,43538,,,0,16,,43511,,,0,19,,43525,,,0,60,,43512,,,0,20,,43513,,,0,20,,43526,,,0,60,,43514,,,0,20,,43515,,,0,20,,43527,,,0,60,,43516,,,0,20,,43517,,,0,20,,43528,,,0,60,,43518,,,0,20,,43519,,,0,21,,43529,,,0,60,,43520,,,0,20,,43521,,,0,20,,43530,,,0,60,,43522,,,0,20,,43523,,,0,20,,43531,,,0,60,,43524,,,0,20,,43496,,,0,20,,43532,,,0,61,,43497,,,0,20,,43498,,,0,20,,43533,,,0,60,,43499,,,0,20,,43500,,,0,21,,43534,,,0,60,,43501,,,0,20,,43502,,,0,20,,43535,,,0,60,,43503,,,0,20,,43504,,,0,20,,43536,,,0,60,,43505,,,0,20,,43540,,,0,19,,43506,,,0,60,,43537,,,0,20,,43507,,,0,20,,43508,,,0,59,,43509,,,0,19,,43510,,,0,100,,43541,,,0,100,,43542,,,0
2903800,'3',702,,43573,,,0,30,,43544,,,0,70,,43545,,,0,30,,43546,,,0,70,,43547,,,0,30,,43548,,,0,70,,43549,,,0,30,,43550,,,0,70,,43551,,,0,30,,43552,,,0,70,,43553,,,0,30,,43554,,,0,70,,43555,,,0,30,,43556,,,0,71,,43557,,,0,20,,43574,,,0,20,,43558,,,0,59,,43559,,,0,20,,43575,,,0,20,,43560,,,0,60,,43561,,,0,20,,43576,,,0,20,,43562,,,0,60,,43563,,,0,20,,43577,,,0,20,,43564,,,0,60,,43565,,,0,20,,43578,,,0,20,,43566,,,0,60,,43567,,,0,20,,43579,,,0,20,,43568,,,0,60,,43569,,,0,30,,43570,,,0,69,,43571,,,0,30,,43572,,,0,100,,43580,,,0,100,,43581,,,0
