661401,'152301',2115,,59398,8,,,0,21,,59389,8,,,0,19,,59390,8,,,0,59,,59391,8,,,0,19,,59392,8,,,0,20,,59393,8,,,0,60,,59394,8,,,0,20,,59395,8,,,0,21,,59396,8,,,0,64,,59397,8,,,0
661401,'2',2112,,59522,8,,,0,20,,59477,8,,,0,20,,59475,8,,,0,61,,59476,8,,,0,20,,59504,8,,,0,20,,59501,8,,,0,60,,59488,8,,,0,20,,59497,8,,,0,20,,59493,8,,,0,63,,59495,8,,,0
661401,'3',2106,,59547,8,,,0,20,,59541,8,,,0,20,,59576,8,,,0,63,,59577,8,,,0,22,,59552,8,,,0,20,,59537,8,,,0,60,,59553,8,,,0,19,,59554,8,,,0,21,,59539,8,,,0,65,,59540,8,,,0
661701,'152301',2105,,61129,36,,,0,20,,61130,36,,,0,20,,61131,36,,,0,58,,61132,36,,,0,19,,61133,36,,,0,20,,61134,36,,,0,60,,61135,36,,,0,20,,61136,35,,,0,20,,61137,35,,,0,61,,61138,35,,,0,20,,61139,35,,,0,15,,61140,37,,,0,70,,61141,37,,,0
661701,'2',2102,,61264,36,,,0,20,,61265,36,,,0,20,,61266,36,,,0,60,,61267,36,,,0,20,,61268,36,,,0,20,,61269,36,,,0,60,,61270,36,,,0,20,,61271,35,,,0,20,,61272,35,,,0,61,,61273,35,,,0,20,,61274,35,,,0,20,,61275,37,,,0,68,,61276,37,,,0
661701,'3',2100,,61327,36,,,0,20,,61328,36,,,0,20,,61329,36,,,0,60,,61330,36,,,0,20,,61331,36,,,0,20,,61332,36,,,0,19,,61333,36,,,0,60,,61334,35,,,0,19,,61335,35,,,0,20,,61336,35,,,0,62,,61337,35,,,0,20,,61338,37,,,0,70,,61339,37,,,0
662001,'152301',2105,,62780,7,,,0,16,,62781,7,,,0,15,,62782,7,,,0,15,,62783,7,,,0,55,,62784,7,,,0,20,,62785,7,,,0,20,,62786,7,,,0,60,,62787,7,,,0,20,,62788,7,,,0,20,,62789,7,,,0,69,,62790,7,,,0,30,,62791,7,,,0,70,,62792,7,0,18 17,0,30,,62793,7,0,18 17,0
662001,'2',2105,,62927,7,,,0,19,,62928,7,,,0,20,,62929,7,,,0,60,,62930,7,,,0,20,,62931,7,,,0,20,,62932,7,,,0,60,,62933,7,,,0,22,,62934,7,,,0,20,,62935,7,,,0,69,,62936,7,,,0,30,,62937,7,,,0,70,,62938,7,0,18 17,0,30,,62939,7,0,18 17,0
662001,'3',2115,,62999,7,,,0,20,,63000,7,,,0,20,,63001,7,,,0,60,,63002,7,,,0,20,,63003,7,,,0,20,,63004,7,,,0,60,,63005,7,,,0,20,,63006,7,,,0,20,,63007,7,,,0,59,,63008,7,,,0,30,,63009,7,,,0,70,,63010,7,0,18 17,0,30,,63011,7,0,18 17,0
662201,'152301',2114,,63722,46,,,0,16,,63723,46,,,0,16,,63724,46,,,0,60,,63725,46,,,0,20,,63726,46,,,0,20,,63727,46,,,0,60,,63728,46,,,0,21,,63729,46,,,0,19,,63730,46,,,0,70,,63731,46,,,0,29,,63732,46,,,0,70,,63733,46,,,0,30,,63734,46,,,0
662201,'2',2118,,63835,46,,,0,15,,63895,46,,,0,17,,63826,46,,,0,60,,63822,46,,,0,20,,63880,46,,,0,20,,63890,46,,,0,61,,63894,46,,,0,22,,63878,46,,,0,18,,63891,46,,,0,66,,63821,46,,,0,30,,63884,46,,,0,70,,63888,46,,,0,28,,63893,46,,,0
662201,'3',2106,,63966,46,,,0,20,,63967,46,,,0,19,,63968,46,,,0,60,,63969,46,,,0,20,,63970,46,,,0,20,,63971,46,,,0,60,,63972,46,,,0,20,,63973,46,,,0,18,,63974,46,,,0,68,,63975,46,,,0,32,,63976,46,,,0,70,,63977,46,,,0,30,,63978,51,,,0
663701,'152301',2100,,69447,11,,,0,22,,69448,11,,,0,23,,69449,11,,,0,60,,69450,11,,,0,20,,69451,11,,,0,22,,69453,11,,,0,58,,69454,11,,,0,25,,69452,11,,,0,22,,69455,11,,,0,62,,69456,11,,,0,34,,69457,11,,,0,65,,69458,11,,,0,28,,69459,11,,,0
663701,'2',2109,,69576,11,,,0,19,,69577,11,,,0,20,,69578,11,,,0,60,,69579,11,,,0,23,,69580,11,,,0,21,,69581,11,,,0,70,,69582,11,,,0,29,,69583,11,,,0,67,,69584,11,,,0,31,,69585,11,,,0,70,,69586,11,,,0,28,,69587,11,,,0
663701,'3',2125,,69647,11,,,0,21,,69648,11,,,0,61,,69649,11,,,0,20,,69650,11,,,0,21,,69651,11,,,0,70,,69652,11,,,0,30,,69653,11,,,0,70,,69654,11,,,0,30,,69655,11,,,0,71,,69656,11,,,0,26,,69657,11,,,0
683001,'1',2614,,96750,6,,,0,31,,96751,6,,,0,70,,96752,6,,,0,30,,96753,6,,,0,70,,96754,6,,,0,29,,96755,6,,,0
683001,'2',2616,,96761,6,,,0,34,,96757,6,,,0,70,,96756,6,,,0,30,,96760,6,,,0,72,,96759,6,,,0,34,,96758,6,,,0
683001,'3',2614,,96763,6,,,0,30,,96762,6,,,0,70,,96767,6,,,0,30,,96766,6,,,0,70,,96765,6,,,0,40,,96764,6,,,0
683301,'1',2615,,96796,6,,,0,14,,96799,6,,,0,19,,96797,6,,,0,72,,96798,6,,,0
683301,'2',2619,,96802,6,,,0,13,,96803,6,,,0,20,,96801,6,,,0,61,,96800,6,,,0
683301,'3',2616,,96806,6,,,0,30,,96805,6,,,0,70,,96804,6,,,0
684100,'1',454,,97055,6,,,0,70,,97056,6,,,0,9,,97063,6,,,0,2007,,97064,6,,,0,70,,97058,6,,,0,20,,97060,6,,,0,20,,97057,6,,,0,62,,97059,6,,,0,30,,97061,6,,,0,75,,97062,6,,,0
684100,'2',452,,97067,6,,,0,69,,97074,6,,,0,31,,97075,6,,,0,75,,97076,6,,,0,29,,97072,6,,,0,1884,,97078,6,,,0,74,,97069,6,,,0,17,,97073,6,,,0,20,,97077,6,,,0,60,,97070,6,,,0,30,,97071,6,,,0,80,,97079,6,,,0
684100,'3',450,,97090,6,,,0,71,,97091,6,,,0,30,,97092,6,,,0,71,,97093,6,,,0,16,,97094,6,,,0,14,,97086,6,,,0,56,,97095,6,,,0,13,,97087,6,,,0,1789,,97080,6,,,0,30,,97081,6,,,0,72,,97084,6,,,0,30,,97083,6,,,0,70,,97082,6,,,0,35,,97085,6,,,0,75,,97089,6,,,0
1671801,'152301',2108,,99820,8,,,0,16,,99821,8,,,0,16,,99822,8,,,0,15,,99823,8,,,0,55,,99824,8,,,0,15,,99825,8,,,0,20,,99826,8,,,0,61,,99827,8,,,0,18,,99828,8,,,0,20,,99817,8,,,0,70,,99812,8,,,0,15,,99819,8,,,0,15,,99813,8,,,0,15,,99818,8,,,0,54,,99814,8,,,0,30,,99815,8,,,0,5,,99816,8,,,0
1671801,'2',2108,,99982,8,,,0,13,,99983,8,,,0,15,,99984,8,,,0,15,,99985,8,,,0,55,,99986,8,,,0,21,,99987,8,,,0,20,,99988,8,,,0,60,,99899,8,,,0,20,,99900,8,,,0,21,,99901,8,,,0,64,,99902,8,,,0,30,,99903,8,,,0,70,,99904,8,,,0,29,,99907,8,,,0,11,,99908,8,,,0
1671801,'3',2126,,100034,8,,,0,15,,100035,8,,,0,15,,100036,8,,,0,55,,100044,8,,,0,17,,100037,8,,,0,20,,100038,8,,,0,60,,100003,8,,,0,19,,100004,8,,,0,21,,100005,8,,,0,64,,100039,8,,,0,30,,100040,8,,,0,70,,100041,8,,,0,30,,100042,8,,,0,8,,100047,8,,,0
