674901,'101_merged_15524965',1514,,92490,2,,,0,8,,92489,16,,,0
674901,'1_merged_15524958',400,,92503,2,,,0,30,,92532,2,,,0,22,,92533,16,,,0,68,,92534,16,,,0,10,,92535,2,,,0,20,,92492,16,,,0,9,,92536,2,,,0,62,,92537,16,,,0,11,,92538,16,,,0,19,,92539,16,,,0,8,,92499,16,,,0,58,,92540,16,,,0,11,,92541,16,,,0,19,,92542,16,,,0,57,,92543,16,,,0,16,,92544,2,,,0,17,,92545,16,,,0,15,,92546,16,,,0,54,,92547,2,,,0,14,,92500,16,,,0,15,,92548,2,,,0,15,,92549,16,,,0,55,,92550,2,,,0,15,,92551,16,,,0,15,,92552,2,,,0,15,,92553,16,,,0,8,,92554,3,,,0,57,,92555,16,,,0,17,,92556,2,,,0,16,,92557,16,,,0,55,,92558,2,,,0,15,,92559,16,,,0,15,,92560,2,,,0,15,,92561,16,,,0,54,,92562,2,,,0,18,,92563,16,,,0,15,,92564,2,,,0,15,,92565,16,,,0,55,,92521,2,,,0,14,,92522,16,,,0,19,,92498,16,,,0,63,,92523,16,,,0,27,,92524,16,,,0,18,,92525,16,,,0,7,,92526,3,,,0,5,,92527,16,,,0,58,,92528,16,,,0,15,,92529,16,,,0,15,,92530,16,,,0,58,,92531,16,,,0,14,,92494,16,,,0,13,,92497,16,,,0,13,,92519,16,,,0,15,,92506,16,,,0,55,,92507,16,,,0,18,,92508,16,,,0,12,,92509,16,,,0,15,,92510,16,,,0,55,,92511,16,,,0,15,,92501,16,,,0,17,,92493,16,,,0,54,,92505,16,,,0,15,,92512,16,,,0,30,,92513,16,,,0,70,,92514,16,,,0,16,,92515,3,,,0,17,,92495,16,,,0,62,,92520,16,,,0,21,,92504,3,,,0,19,,92516,16,,,0,65,,92517,16,,,0,30,,92496,16,,,0,70,,92518,16,,,0,30,,92502,16,,,0,70,,92566,16,,,0
674901,'2_merged_15524960',524,,92567,16,,,0,29,,92568,2,,,0,66,,92569,16,,,0,28,,92570,2,,,0,58,,92571,16,,,0,12,,92572,2,,,0,15,,92573,16,,,0,15,,92574,2,,,0,55,,92575,16,,,0,15,,92576,2,,,0,15,,92577,16,,,0,15,,92578,2,,,0,55,,92579,16,,,0,15,,92580,2,,,0,15,,92581,16,,,0,15,,92582,2,,,0,55,,92583,16,,,0,15,,92584,2,,,0,14,,92585,16,,,0,15,,92586,2,,,0,55,,92587,16,,,0,14,,92588,2,,,0,13,,92589,16,,,0,19,,92590,2,,,0,55,,92591,16,,,0,15,,92592,2,,,0,15,,92593,16,,,0,15,,92594,2,,,0,55,,92595,16,,,0,15,,92596,2,,,0,15,,92597,16,,,0,15,,92598,2,,,0,55,,92599,16,,,0,15,,92600,2,,,0,15,,92601,16,,,0,15,,92602,2,,,0,55,,92603,16,,,0,15,,92604,2,,,0,15,,92605,16,,,0,15,,92606,2,,,0,55,,92607,16,,,0,20,,92608,2,,,0,15,,92609,16,,,0,15,,92610,2,,,0,55,,92611,16,,,0,15,,92612,2,,,0,15,,92613,16,,,0,15,,92614,2,,,0,55,,92615,16,,,0,15,,92616,2,,,0,15,,92617,16,,,0,11,,92618,2,,,0,59,,92619,16,,,0,15,,92620,16,,,0,15,,92621,16,,,0,15,,92622,16,,,0,63,,92623,16,,,0,30,,92624,16,,,0,70,,92625,16,,,0,30,,92626,16,,,0,70,,92627,16,,,0,30,,92628,16,,,0,70,,92629,16,,,0,30,,92630,16,,,0,70,,92631,16,,,0,30,,92632,16,,,0,68,,92633,16,,,0
674901,'3_merged_15524959',618,,92667,2,,,0,30,,92659,2,,,0,70,,92658,16,,,0,29,,92657,16,,,0,55,,92656,2,,,0,15,,92655,16,,,0,15,,92692,2,,,0,15,,92691,16,,,0,55,,92690,2,,,0,15,,92689,16,,,0,15,,92688,2,,,0,15,,92687,16,,,0,57,,92686,2,,,0,14,,92685,16,,,0,16,,92642,2,,,0,15,,92641,16,,,0,56,,92684,2,,,0,13,,92683,16,,,0,15,,92682,2,,,0,15,,92681,16,,,0,55,,92680,2,,,0,15,,92679,16,,,0,12,,92678,2,,,0,18,,92677,16,,,0,55,,92676,2,,,0,14,,92675,16,,,0,16,,92674,2,,,0,14,,92673,16,,,0,56,,92654,2,,,0,14,,92653,16,,,0,17,,92652,2,,,0,5,,92651,16,,,0,64,,92650,2,,,0,14,,92649,16,,,0,17,,92648,2,,,0,13,,92647,16,,,0,57,,92646,2,,,0,13,,92645,16,,,0,15,,92644,2,,,0,15,,92666,16,,,0,55,,92665,2,,,0,14,,92664,16,,,0,14,,92663,2,,,0,17,,92662,16,,,0,54,,92661,2,,,0,16,,92660,16,,,0,15,,92643,2,,,0,15,,92640,16,,,0,58,,92639,2,,,0,14,,92638,16,,,0,15,,92636,2,,,0,14,,92637,16,,,0,57,,92635,2,,,0,15,,92634,16,,,0,15,,92696,2,,,0,20,,92695,16,,,0,70,,92672,16,,,0,30,,92694,16,,,0,71,,92693,16,,,0,30,,92668,16,,,0,72,,92669,16,,,0,72,,92670,16,,,0,27,,92697,16,,,0,29,,92671,16,,,0
680001,'1_merged_15524958',516,,93958,2,,,0,30,,93957,2,,,0,72,,93956,2,,,0,28,,93950,2,,,0,68,,93955,2,,,0,21,,93972,2,,,0,70,,93971,2,,,0,35,,93970,2,,,0,81,,93969,2,,,0,80,,93968,2,,,0,40,,93967,2,,,0,80,,93966,2,,,0,79,,93965,2,,,0,41,,93964,2,,,0,80,,93963,2,,,0,80,,93948,2,,,0,43,,93954,2,,,0,77,,93953,2,,,0,80,,93952,2,,,0,35,,93949,2,,,0,70,,93951,2,,,0,30,,93962,2,,,0,95,,93961,2,,,0,80,,93960,2,,,0,93,,93973,2,,,0,106,,93974,2,,,0,105,,93959,2,,,0
680001,'2_merged_15524960',730,,93976,2,,,0,100,,93977,2,,,0,100,,93978,2,,,0,100,,93979,2,,,0,100,,93980,2,,,0,100,,93981,2,,,0,100,,93982,2,,,0,100,,93987,2,,,0,100,,93983,2,,,0,100,,93984,2,,,0,100,,93985,2,,,0,100,,93986,2,,,0,100,,93975,2,,,0
680001,'3_merged_15524959',830,,93988,2,,,0,100,,93989,2,,,0,100,,93990,2,,,0,100,,93991,2,,,0,100,,93992,2,,,0,100,,93993,2,,,0,100,,93994,2,,,0,100,,93995,2,,,0,100,,93996,2,,,0,100,,93997,2,,,0,100,,93998,2,,,0,100,,93999,2,,,0
722401,'101_merged_15524965',1523,,97323,2,,,0
722401,'1_merged_15524958',420,,97346,2,,,0,20,,97345,2,,,0,60,,97344,2,,,0,20,,97348,2,,,0,15,,97343,2,,,0,71,,97342,2,,,0,22,,97357,2,,,0,24,,97341,2,,,0,58,,97340,2,,,0,14,,97349,2,,,0,15,,97358,2,,,0,17,,97339,2,,,0,62,,97338,2,,,0,18,,97350,2,,,0,69,,97337,2,,,0,32,,97336,2,,,0,68,,97335,2,,,0,30,,97334,2,,,0,70,,97333,2,,,0,30,,97332,2,,,0,70,,97331,2,,,0,30,,97330,2,,,0,70,,97329,2,,,0,30,,97328,2,,,0,71,,97327,2,,,0,20,,97326,2,,,0,17,,97325,2,,,0,59,,97359,2,,,0,36,,97324,2,,,0,17,,97351,2,,,0,60,,97347,2,,,0,20,,97355,2,,,0,20,,97360,2,,,0,60,,97352,2,,,0,20,,97354,2,,,0,65,,97353,2,,,0,30,,97356,2,,,0,25,,97361,2,,,0,101,,97362,2,,,0,99,,97363,2,,,0
3182101,'1_merged_15524958',533,,107249,21,,,0,70,,107273,21,,,0,30,,107272,21,,,0,70,,107271,21,,,0,30,,107270,21,,,0
3182201,'1_merged_15524958',528,,107399,17,,,0,30,,107400,17,,,0,71,,107401,17,,,0,29,,107402,17,,,0,70,,107403,17,,,0
3404200,'1_merged_15524958',1710,,108563,2,,,0
3404300,'101_merged_15524965',1600,,108656,2,,,0
3404300,'1_merged_15524958',530,,108676,2,,,0,100,,108675,2,,,0,74,,108658,2,,,0,26,,108674,2,,,0,70,,108679,2,,,0,30,,108673,2,,,0,100,,108672,2,,,0,75,,108680,2,,,0,25,,108671,2,,,0,70,,108681,2,,,0,30,,108670,2,,,0,100,,108669,2,,,0,100,,108668,2,,,0,100,,108667,2,,,0,100,,108666,2,,,0,109,,108665,2,,,0,3,,108678,2,,,0,67,,108659,2,,,0,3,,108677,2,,,0,28,,108664,2,,,0,2,,108657,2,,,0,77,,108663,2,,,0,94,,108662,2,,,0,100,,108661,2,,,0,102,,108660,2,,,0
3404300,'2_merged_15524960',905,,108687,2,,,0,100,,108688,2,,,0,100,,108686,2,,,0,98,,108689,2,,,0,102,,108685,2,,,0,100,,108690,2,,,0,100,,108684,2,,,0,100,,108691,2,,,0,100,,108683,2,,,0,100,,108692,2,,,0,95,,108682,2,,,0
3404300,'3_merged_15524959',900,,108698,2,,,0,100,,108699,2,,,0,100,,108697,2,,,0,100,,108700,2,,,0,100,,108696,2,,,0,100,,108701,2,,,0,100,,108695,2,,,0,100,,108702,2,,,0,100,,108694,2,,,0,100,,108703,2,,,0,100,,108693,2,,,0
