667600,'1',458,,79096,15,,,0,77,,79136,15,,,0,21,,79103,23,,,0,62,,79097,15,,,0,17,,79104,23,,,0,14,,79105,23,,,0,52,,79126,23,,,0,17,,79121,23,,,0,17,,79106,23,,,0,14,,79102,23,,,0,56,,79084,23,,,0,19,,79091,23,,,0,20,,79107,23,,,0,73,,79118,23,,,0,26,,79113,23,,,0,69,,79115,23,,,0,29,,79134,23,,,0,70,,79133,23,,,0,29,,79114,23,,,0,68,,79132,23,,,0,28,,79135,23,,,0,72,,79098,23,,,0,31,,79128,23,,,0,71,,79112,23,,,0,30,,79117,23,,,0,70,,79090,23,,,0,30,,79116,23,,,0,17,,79137,23,,,0,57,,79092,23,,,0,10,,79138,23,,,0,15,,79086,23,,,0,17,,79087,23,,,0,58,,79094,23,,,0,20,,79100,23,,,0,11,,79101,23,,,0,11,,79110,23,,,0,58,,79089,23,,,0,10,,79131,23,,,0,18,,79108,23,,,0,11,,79124,23,,,0,58,,79119,23,,,0,13,,79130,23,,,0,29,,79111,23,,,0,70,,79109,23,,,0,31,,79127,23,,,0,70,,79088,23,,,0,30,,79125,23,,,0,69,,79120,23,,,0,35,,79099,23,,,0,66,,79093,23,,,0,28,,79129,23,,,0,67,,79085,23,,,0,30,,79095,23,,,0,71,,79123,23,,,0,35,,79122,23,,,0
667600,'2',518,,79169,9,,,0,30,,79139,9,,,0,71,,79170,23,,,0,31,,79142,23,,,0,70,,79179,23,,,0,31,,79152,23,,,0,70,,79174,23,,,0,30,,79163,23,,,0,76,,79162,23,,,0,82,,79148,23,,,0,31,,79171,23,,,0,71,,79147,23,,,0,30,,79175,23,,,0,70,,79180,23,,,0,30,,79173,23,,,0,70,,79154,23,,,0,31,,79141,23,,,0,70,,79178,23,,,0,32,,79159,23,,,0,68,,79144,23,,,0,30,,79160,23,,,0,70,,79151,23,,,0,30,,79161,23,,,0,70,,79145,23,,,0,30,,79150,23,,,0,70,,79146,23,,,0,29,,79164,23,,,0,68,,79176,23,,,0,15,,79165,23,,,0,29,,79177,23,,,0,71,,79143,23,,,0,30,,79140,23,,,0,70,,79149,23,,,0,30,,79156,23,,,0,69,,79158,23,,,0,30,,79157,23,,,0,69,,79166,23,,,0,30,,79172,23,,,0,69,,79167,23,,,0,31,,79155,23,,,0,70,,79168,23,,,0,32,,79153,23,,,0
667600,'3',651,,79181,9,,,0,99,,79194,23,,,0,100,,79193,23,,,0,69,,79212,23,,,0,29,,79211,23,,,0,71,,79213,23,,,0,31,,79206,23,,,0,71,,79183,23,,,0,30,,79182,23,,,0,72,,79210,23,,,0,30,,79209,23,,,0,70,,79195,23,,,0,30,,79189,23,,,0,71,,79201,23,,,0,32,,79202,23,,,0,70,,79203,23,,,0,29,,79204,23,,,0,70,,79187,23,,,0,28,,79190,23,,,0,71,,79207,23,,,0,29,,79185,23,,,0,70,,79198,23,,,0,29,,79208,23,,,0,71,,79186,23,,,0,33,,79197,23,,,0,67,,79191,23,,,0,30,,79200,23,,,0,69,,79188,23,,,0,29,,79184,23,,,0,69,,79192,23,,,0,30,,79199,23,,,0,69,,79205,23,,,0,36,,79196,23,,,0
667700,'1',622,,79383,23,4,,0,29,,79356,23,4,,0,71,,79364,23,4,,0,30,,79371,23,4,,0,73,,79381,23,4,,0,29,,79367,23,4,,0,78,,79351,23,4,,0,24,,79389,23,4,,0,87,,79350,23,4,,0,71,,79358,23,4,,0,29,,79365,23,4,,0,70,,79363,23,4,,0,30,,79362,23,4,,0,71,,79372,23,4,,0,31,,79349,23,4,,0,69,,79387,23,4,,0,16,,79352,23,4,,0,71,,79353,23,4,,0,25,,79346,23,4,,0,20,,79377,23,4,,0,54,,79357,23,4,,0,30,,79360,23,4,,0,19,,79368,23,4,,0,52,,79361,23,4,,0,19,,79378,23,4,,0,12,,79373,23,4,,0,19,,79384,23,4,,0,60,,79388,23,4,,0,13,,79374,23,4,,0,15,,79385,23,4,,0,12,,79382,23,4,,0,56,,79375,23,4,,0,10,,79355,23,4,,0,11,,79376,23,4,,0,14,,79370,23,4,,0,16,,79390,23,4,,0,57,,79366,23,4,,0,15,,79348,23,4,,0,15,,79386,23,4,,0,11,,79347,23,4,,0,68,,79379,23,4,,0,29,,79369,23,4,,0,69,,79359,23,4,,0,30,,79392,23,4,,0,68,,79380,23,4,,0,30,,79391,23,4,,0,70,,79354,23,4,,0
667700,'101',1619,,79343,23,4,,0
667700,'1101',2523,,79344,23,4,,0
667700,'1201',2523,,79345,23,4,,0
667700,'2',654,,79420,23,4,,0,66,,79421,23,4,,0,31,,79400,23,4,,0,70,,79428,23,4,,0,32,,79429,23,4,,0,72,,79396,23,4,,0,30,,79426,23,4,,0,69,,79403,23,4,,0,32,,79434,23,4,,0,71,,79398,23,4,,0,28,,79433,23,4,,0,71,,79435,23,4,,0,31,,79401,23,4,,0,70,,79399,23,4,,0,32,,79438,23,4,,0,56,,79409,23,4,,0,20,,79436,23,4,,0,22,,79394,23,4,,0,59,,79419,23,4,,0,19,,79425,23,4,,0,22,,79424,23,4,,0,59,,79418,23,4,,0,20,,79395,23,4,,0,21,,79402,23,4,,0,59,,79417,23,4,,0,24,,79437,23,4,,0,19,,79404,23,4,,0,60,,79416,23,4,,0,23,,79430,23,4,,0,60,,79427,23,4,,0,24,,79415,23,4,,0,16,,79408,23,4,,0,14,,79405,23,4,,0,55,,79423,23,4,,0,16,,79414,23,4,,0,29,,79431,23,4,,0,72,,79422,23,4,,0,28,,79406,23,4,,0,69,,79411,23,4,,0,30,,79410,23,4,,0,70,,79432,23,4,,0,30,,79413,23,4,,0,69,,79397,23,4,,0,32,,79412,23,4,,0,64,,79407,23,4,,0,36,,79393,23,4,,0
667700,'3',825,,79456,23,4,,0,30,,79450,23,4,,0,70,,79459,23,4,,0,29,,79449,23,4,,0,70,,79457,23,4,,0,30,,79448,23,4,,0,69,,79458,23,4,,0,32,,79439,23,4,,0,69,,79460,23,4,,0,32,,79447,23,4,,0,69,,79443,23,4,,0,32,,79455,23,4,,0,70,,79462,23,4,,0,31,,79454,23,4,,0,53,,79476,23,4,,0,30,,79463,23,4,,0,15,,79453,23,4,,0,57,,79475,23,4,,0,29,,79466,23,4,,0,16,,79452,23,4,,0,55,,79474,23,4,,0,32,,79464,23,4,,0,13,,79451,23,4,,0,56,,79473,23,4,,0,29,,79461,23,4,,0,14,,79446,23,4,,0,57,,79472,23,4,,0,26,,79441,23,4,,0,15,,79445,23,4,,0,59,,79471,23,4,,0,26,,79440,23,4,,0,17,,79444,23,4,,0,67,,79442,23,4,,0,30,,79470,23,4,,0,71,,79467,23,4,,0,30,,79469,23,4,,0,71,,79465,23,4,,0,74,,79468,23,4,,0
667701,'1',534,,79489,1,,,0,70,,79486,1,,,0,27,,79511,1,,,0,12,,79515,1,,,0,13,,79493,1,,,0,54,,79513,1,,,0,19,,79509,1,,,0,11,,79487,1,,,0,18,,79508,1,,,0,64,,79510,1,,,0,37,,79507,1,,,0,78,,79506,1,,,0,64,,79505,1,,,0,29,,79504,1,,,0,29,,79503,1,,,0,70,,79502,1,,,0,29,,79501,1,,,0,69,,79500,1,,,0,29,,79499,1,,,0,69,,79498,1,,,0,29,,79497,1,,,0,66,,79525,1,,,0,15,,79496,1,,,0,19,,79495,1,,,0,52,,79477,1,,,0,16,,79527,1,,,0,14,,79494,1,,,0,17,,79478,1,,,0,58,,79526,1,,,0,13,,79485,1,,,0,11,,79523,1,,,0,19,,79484,1,,,0,52,,79524,1,,,0,19,,79483,1,,,0,13,,79480,1,,,0,19,,79512,1,,,0,59,,79519,1,,,0,13,,79488,1,,,0,15,,79479,1,,,0,12,,79482,1,,,0,59,,79517,1,,,0,18,,79518,1,,,0,72,,79481,1,,,0,31,,79490,1,,,0,70,,79520,1,,,0,31,,79516,1,,,0,71,,79522,1,,,0,31,,79492,1,,,0,20,,79521,1,,,0,79,,79491,1,,,0,96,,79514,1,,,0
667701,'2',703,,79530,1,,,0,31,,79529,1,,,0,70,,79569,1,,,0,28,,79568,1,,,0,70,,79567,1,,,0,30,,79566,1,,,0,69,,79565,1,,,0,30,,79564,1,,,0,28,,79563,1,,,0,69,,79562,1,,,0,30,,79572,1,,,0,70,,79547,1,,,0,29,,79571,1,,,0,55,,79552,1,,,0,15,,79570,1,,,0,25,,79549,1,,,0,61,,79559,1,,,0,15,,79548,1,,,0,25,,79543,1,,,0,60,,79553,1,,,0,16,,79531,1,,,0,25,,79542,1,,,0,59,,79550,1,,,0,18,,79541,1,,,0,25,,79540,1,,,0,60,,79561,1,,,0,16,,79539,1,,,0,18,,79538,1,,,0,62,,79560,1,,,0,20,,79537,1,,,0,16,,79546,1,,,0,63,,79533,1,,,0,20,,79545,1,,,0,17,,79558,1,,,0,69,,79532,1,,,0,16,,79551,1,,,0,71,,79556,1,,,0,30,,79536,1,,,0,70,,79555,1,,,0,30,,79544,1,,,0,70,,79554,1,,,0,27,,79535,1,,,0,75,,79557,1,,,0,30,,79534,1,,,0,71,,79528,1,,,0
667701,'3',803,,79602,1,,,0,30,,79581,1,,,0,68,,79601,1,,,0,30,,79582,1,,,0,71,,79600,1,,,0,28,,79583,1,,,0,70,,79599,1,,,0,28,,79584,1,,,0,72,,79598,1,,,0,29,,79586,1,,,0,72,,79597,1,,,0,30,,79587,1,,,0,72,,79573,1,,,0,12,,79612,1,,,0,27,,79588,1,,,0,61,,79580,1,,,0,14,,79611,1,,,0,29,,79589,1,,,0,56,,79579,1,,,0,16,,79610,1,,,0,30,,79575,1,,,0,55,,79578,1,,,0,17,,79609,1,,,0,30,,79585,1,,,0,54,,79577,1,,,0,17,,79608,1,,,0,29,,79576,1,,,0,55,,79596,1,,,0,15,,79607,1,,,0,29,,79590,1,,,0,56,,79595,1,,,0,17,,79606,1,,,0,25,,79591,1,,,0,57,,79594,1,,,0,29,,79592,1,,,0,70,,79605,1,,,0,29,,79574,1,,,0,69,,79604,1,,,0,31,,79593,1,,,0,73,,79603,1,,,0
668200,'1',2057,,80403,36,4,,0,55,,80411,36,4,,0,15,,80386,36,4,,0,14,,80410,36,4,,0,60,,80408,36,4,,0,20,,80398,36,4,,0,18,,80397,36,4,,0,63,,80396,36,4,,0,22,,80344,36,4,,0,20,,80379,36,4,,0,67,,80380,36,4,,0,31,,80418,36,4,,0,72,,80371,36,4,,0,29,,80426,9,4,,0
668200,'2',2058,,80498,36,4,,0,55,,80513,36,4,,0,18,,80497,36,4,,0,22,,80466,36,4,,0,54,,80518,36,4,,0,14,,80517,36,4,,0,15,,80487,36,4,,0,14,,80461,36,4,,0,60,,80467,36,4,,0,20,,80486,36,4,,0,18,,80454,36,4,,0,60,,80519,36,4,,0,20,,80471,36,4,,0,18,,80452,36,4,,0,70,,80449,36,4,,0
668200,'3',2108,,80529,36,4,,0,20,,80540,36,4,,0,25,,80574,36,4,,0,65,,80553,36,4,,0,30,,80578,36,4,,0,70,,80577,36,4,,0,29,,80549,36,4,,0
668201,'1',2105,,80583,1,,,0,20,,80615,1,,,0,20,,80614,1,,,0,65,,80613,1,,,0,30,,80643,1,,,0,70,,80642,1,,,0,30,,80622,1,,,0,68,,80641,1,,,0
668201,'2',2110,,80691,1,,,0,20,,80710,1,,,0,20,,80726,1,,,0,60,,80718,1,,,0,20,,80715,1,,,0,20,,80725,1,,,0,62,,80727,1,,,0,30,,80754,1,,,0,68,,80714,1,,,0
668201,'3',2120,,80767,1,,,0,20,,80799,1,,,0,19,,80764,1,,,0,65,,80794,1,,,0
683700,'1',2542,,96928,50,4,,0,60,,96927,50,4,,0,20,,96923,50,4,,0,29,,96926,50,4,,0,74,,96925,50,4,,0,19,,96924,50,4,,0,68,,96922,50,4,,0
683700,'1101',2702,,96920,50,4,,0
683700,'1201',2702,,96921,50,4,,0
683700,'2',530,,96937,24,4,,0,2019,,96931,50,4,,0,62,,96936,50,4,,0,14,,96930,50,4,,0,19,,96935,50,4,,0,60,,96932,50,4,,0,30,,96934,50,4,,0,12,,96933,50,4,,0,74,,96929,50,4,,0
683700,'3',600,,96946,24,4,,0,34,,96947,24,4,,0,71,,96948,24,4,,0,30,,96949,44,4,,0,1687,,96942,50,4,,0,32,,96941,50,4,,0,70,,96940,50,4,,0,77,,96939,50,4,,0,31,,96938,50,4,,0,24,,96945,50,4,,0,88,,96944,50,4,,0,65,,96943,50,4,,0
683701,'1',2549,,96953,1,,,0
683701,'2',536,,96956,1,,,0,2018,,96955,1,,,0
683701,'3',600,,96963,1,,,0,39,,96964,1,,,0,71,,96965,1,,,0,32,,96966,1,,,0,1558,,96967,1,0,50 51,0,127,,96961,1,,,0,73,,96960,1,,,0,30,,96957,1,0,50 51,0,78,,96962,1,,,0,29,,96968,1,,,0
2263900,'1',605,,101405,25,4,,0,30,,101406,25,4,,0,68,,101407,25,4,,0,32,,101408,25,4,,0,70,,101409,25,4,,0,30,,101410,25,4,,0,70,,101411,25,4,,0,30,,101412,25,4,,0,70,,101413,25,4,,0,30,,101414,25,4,,0,70,,101415,25,4,,0,30,,101416,25,4,,0,70,,101417,25,4,,0,30,,101418,25,4,,0,70,,101419,25,4,,0,30,,101420,25,4,,0,70,,101421,25,4,,0,30,,101422,25,4,,0,70,,101423,25,4,,0,30,,101424,25,4,,0,70,,101425,25,4,,0,30,,101426,25,4,,0,72,,101427,25,4,,0,30,,101428,25,4,,0,70,,101429,25,4,,0,30,,101430,25,4,,0,68,,101431,25,4,,0,30,,101432,25,4,,0,100,,101433,25,4,,0
2263900,'2',635,,101434,25,4,,0,68,,101435,25,4,,0,30,,101436,25,4,,0,70,,101437,25,4,,0,30,,101438,25,4,,0,70,,101439,25,4,,0,30,,101440,25,4,,0,72,,101441,25,4,,0,30,,101442,25,4,,0,70,,101443,25,4,,0,30,,101444,25,4,,0,70,,101445,25,4,,0,15,,101446,25,4,,0,15,,101447,25,4,,0,15,,101448,25,4,,0,55,,101449,25,4,,0,15,,101450,25,4,,0,15,,101451,25,4,,0,15,,101452,25,4,,0,55,,101453,25,4,,0,15,,101454,25,4,,0,15,,101455,25,4,,0,15,,101456,25,4,,0,55,,101457,25,4,,0,15,,101458,25,4,,0,15,,101459,25,4,,0,15,,101460,25,4,,0,55,,101461,25,4,,0,15,,101462,25,4,,0,15,,101463,25,4,,0,15,,101464,25,4,,0,55,,101465,25,4,,0,15,,101466,25,4,,0,15,,101467,25,4,,0,15,,101468,25,4,,0,55,,101469,25,4,,0,15,,101470,25,4,,0,15,,101471,25,4,,0,15,,101472,25,4,,0,55,,101473,25,4,,0,15,,101474,25,4,,0,15,,101475,25,4,,0,15,,101476,25,4,,0,85,,101477,25,4,,0
2263900,'3',804,,101478,25,4,,0,29,,101479,25,4,,0,70,,101480,25,4,,0,30,,101481,25,4,,0,70,,101482,25,4,,0,30,,101483,25,4,,0,71,,101484,25,4,,0,30,,101485,25,4,,0,70,,101486,25,4,,0,15,,101487,25,4,,0,15,,101488,25,4,,0,15,,101489,25,4,,0,56,,101490,25,4,,0,15,,101491,25,4,,0,15,,101492,25,4,,0,15,,101493,25,4,,0,55,,101494,25,4,,0,15,,101495,25,4,,0,15,,101496,25,4,,0,15,,101497,25,4,,0,55,,101498,25,4,,0,15,,101499,25,4,,0,15,,101500,25,4,,0,15,,101501,25,4,,0,55,,101502,25,4,,0,15,,101503,25,4,,0,15,,101504,25,4,,0,15,,101505,25,4,,0,55,,101506,25,4,,0,15,,101507,25,4,,0,15,,101508,25,4,,0,15,,101509,25,4,,0,55,,101510,25,4,,0,15,,101511,25,4,,0,15,,101512,25,4,,0,14,,101513,25,4,,0,55,,101514,25,4,,0,15,,101515,25,4,,0,15,,101516,25,4,,0,15,,101517,25,4,,0,85,,101518,25,4,,0
2263901,'1',612,,101519,1,,,0,30,,101520,1,,,0,70,,101521,1,,,0,30,,101522,1,,,0,70,,101523,1,,,0,30,,101524,1,,,0,70,,101525,1,,,0,30,,101526,1,,,0,70,,101527,1,,,0,30,,101528,1,,,0,70,,101529,1,,,0,30,,101530,1,,,0,70,,101531,1,,,0,30,,101532,1,,,0,70,,101533,1,,,0,30,,101534,1,,,0,70,,101535,1,,,0,30,,101536,1,,,0,70,,101537,1,,,0,30,,101538,1,,,0,70,,101539,1,,,0,30,,101540,1,,,0,72,,101541,1,,,0,28,,101542,1,,,0,72,,101543,1,,,0,28,,101544,1,,,0,70,,101545,1,,,0,30,,101546,1,,,0,100,,101547,1,,,0
2263901,'2',640,,101548,1,,,0,70,,101549,1,,,0,30,,101550,1,,,0,70,,101551,1,,,0,30,,101552,1,,,0,70,,101553,1,,,0,30,,101554,1,,,0,70,,101555,1,,,0,30,,101556,1,,,0,70,,101557,1,,,0,30,,101558,1,,,0,70,,101559,1,,,0,15,,101560,1,,,0,15,,101561,1,,,0,15,,101562,1,,,0,55,,101563,1,,,0,15,,101564,1,,,0,15,,101565,1,,,0,15,,101566,1,,,0,55,,101567,1,,,0,15,,101568,1,,,0,15,,101569,1,,,0,15,,101570,1,,,0,55,,101571,1,,,0,15,,101572,1,,,0,15,,101573,1,,,0,15,,101574,1,,,0,55,,101575,1,,,0,15,,101576,1,,,0,15,,101577,1,,,0,15,,101578,1,,,0,55,,101579,1,,,0,15,,101580,1,,,0,15,,101581,1,,,0,15,,101582,1,,,0,55,,101583,1,,,0,15,,101584,1,,,0,15,,101585,1,,,0,15,,101586,1,,,0,55,,101587,1,,,0,15,,101588,1,,,0,15,,101589,1,,,0,100,,101590,1,,,0
2263901,'3',810,,101591,1,,,0,30,,101592,1,,,0,70,,101593,1,,,0,30,,101594,1,,,0,70,,101595,1,,,0,30,,101596,1,,,0,70,,101597,1,,,0,30,,101598,1,,,0,70,,101599,1,,,0,15,,101600,1,,,0,15,,101601,1,,,0,15,,101602,1,,,0,55,,101603,1,,,0,15,,101604,1,,,0,15,,101605,1,,,0,15,,101606,1,,,0,55,,101607,1,,,0,15,,101608,1,,,0,15,,101609,1,,,0,15,,101610,1,,,0,55,,101611,1,,,0,15,,101612,1,,,0,15,,101613,1,,,0,15,,101614,1,,,0,55,,101615,1,,,0,15,,101616,1,,,0,15,,101617,1,,,0,15,,101618,1,,,0,55,,101619,1,,,0,15,,101620,1,,,0,15,,101621,1,,,0,15,,101622,1,,,0,55,,101623,1,,,0,15,,101624,1,,,0,15,,101625,1,,,0,15,,101626,1,,,0,55,,101627,1,,,0,15,,101628,1,,,0,15,,101629,1,,,0,100,,101630,1,,,0
