666700,'1',618,,19301,46,,,0,20,,19339,46,,,0,62,,19273,46,,,0,20,,19274,46,,,0,23,,19275,46,,,0,59,,19276,46,,,0,13,,19277,46,,,0,15,,19278,46,,,0,15,,19279,46,,,0,13,,19343,46,,,0,52,,19344,46,,,0,16,,19280,46,,,0,14,,19281,46,,,0,16,,19282,46,,,0,55,,19283,46,,,0,15,,19284,46,,,0,15,,19285,46,,,0,14,,19286,46,,,0,55,,19342,46,,,0,16,,19302,46,,,0,15,,19303,46,,,0,17,,19338,46,,,0,55,,19287,46,,,0,18,,19288,46,,,0,14,,19289,46,,,0,56,,19290,46,,,0,15,,19291,46,,,0,15,,19292,46,,,0,15,,19293,46,,,0,55,,19341,46,,,0,15,,19304,46,,,0,17,,19305,46,,,0,16,,19337,46,,,0,57,,19294,46,,,0,15,,19295,46,,,0,18,,19296,46,,,0,14,,19297,46,,,0,57,,19298,46,,,0,16,,19299,46,,,0,18,,19300,46,,,0,14,,19340,46,,,0,56,,19306,46,,,0,13,,19307,46,,,0,18,,19336,46,,,0,13,,19308,46,,,0,52,,19309,46,,,0,14,,19310,46,,,0,10,,19311,46,,,0,16,,19312,46,,,0,57,,19313,46,,,0,6,,19314,46,,,0,13,,19315,46,,,0,15,,19335,46,,,0,13,,19331,46,,,0,55,,19332,46,,,0,14,,19333,46,,,0,13,,19325,46,,,0,15,,19326,46,,,0,55,,19327,46,,,0,13,,19328,46,,,0,15,,19329,46,,,0,13,,19330,46,,,0,55,,19334,46,,,0,15,,19316,46,,,0,27,,19317,46,,,0,70,,19318,46,,,0,29,,19319,46,,,0,70,,19320,46,,,0,29,,19321,46,,,0,70,,19322,46,,,0,30,,19323,46,,,0,71,,19324,46,,,0
666700,'2',719,,19354,46,,,0,25,,19355,46,,,0,64,,19356,46,,,0,24,,19357,46,,,0,23,,19358,46,,,0,57,,19359,46,,,0,15,,19360,46,,,0,17,,19361,46,,,0,15,,19362,46,,,0,56,,19363,46,,,0,14,,19364,46,,,0,19,,19365,46,,,0,54,,19366,46,,,0,14,,19367,46,,,0,15,,19368,46,,,0,20,,19369,46,,,0,55,,19370,46,,,0,16,,19371,46,,,0,15,,19372,46,,,0,14,,19373,46,,,0,56,,19374,46,,,0,15,,19375,46,,,0,15,,19376,46,,,0,15,,19377,46,,,0,56,,19378,46,,,0,15,,19379,46,,,0,14,,19380,46,,,0,14,,19381,46,,,0,55,,19382,46,,,0,15,,19383,46,,,0,15,,19384,46,,,0,17,,19385,46,,,0,55,,19386,46,,,0,15,,19387,46,,,0,15,,19388,46,,,0,15,,19389,46,,,0,55,,19353,46,,,0,14,,19390,46,,,0,15,,19391,46,,,0,9,,19392,46,,,0,57,,19393,46,,,0,16,,19394,46,,,0,15,,19395,46,,,0,15,,19396,46,,,0,55,,19397,46,,,0,12,,19400,46,,,0,14,,19352,46,,,0,14,,19401,46,,,0,15,,19402,46,,,0,46,,19403,46,,,0,23,,19399,46,,,0,11,,19404,46,,,0,18,,19405,46,,,0,53,,19406,46,,,0,16,,19398,46,,,0,14,,19407,46,,,0,60,,19408,46,,,0,16,,19409,46,,,0,29,,19410,46,,,0,70,,19345,46,,,0,28,,19346,46,,,0,75,,19347,46,,,0,29,,19348,46,,,0,70,,19349,46,,,0,25,,19350,46,,,0,70,,19351,46,,,0
666700,'3',837,,19411,46,,,0,16,,19413,46,,,0,56,,19414,46,,,0,16,,19415,46,,,0,18,,19423,46,,,0,16,,19416,46,,,0,54,,19417,46,,,0,14,,19419,46,,,0,15,,19420,46,,,0,12,,19424,46,,,0,55,,19425,46,,,0,17,,19426,46,,,0,15,,19427,46,,,0,15,,19428,46,,,0,55,,19429,46,,,0,15,,19430,46,,,0,15,,19431,46,,,0,16,,19432,46,,,0,55,,19433,46,,,0,16,,19434,46,,,0,16,,19435,46,,,0,57,,19436,46,,,0,15,,19437,46,,,0,13,,19438,46,,,0,15,,19439,46,,,0,56,,19440,46,,,0,15,,19441,46,,,0,13,,19442,46,,,0,14,,19443,46,,,0,58,,19444,46,,,0,13,,19445,46,,,0,18,,19446,46,,,0,15,,19447,46,,,0,55,,19448,46,,,0,16,,19449,46,,,0,13,,19450,46,,,0,15,,19451,46,,,0,55,,19452,46,,,0,15,,19453,46,,,0,15,,19454,46,,,0,15,,19455,46,,,0,55,,19456,46,,,0,11,,19457,46,,,0,15,,19418,46,,,0,15,,19458,46,,,0,15,,19459,46,,,0,55,,19422,46,,,0,15,,19460,46,,,0,15,,19461,46,,,0,15,,19462,46,,,0,53,,19421,46,,,0,15,,19412,46,,,0,14,,19463,46,,,0,15,,19464,46,,,0,65,,19465,46,,,0,27,,19466,46,,,0,70,,19467,46,,,0,31,,19468,46,,,0,67,,19469,46,,,0,31,,19470,46,,,0,70,,19471,46,,,0
684100,'1',440,,38583,33,,,0,170,,38572,83,,,0,31,,38573,83,,,0,9,,38580,83,,,0,1987,,38582,33,,,0,9,,38581,83,,,0,70,,38575,83,,,0,20,,38577,83,,,0,20,,38574,83,,,0,62,,38576,83,,,0,30,,38578,83,,,0,75,,38579,83,,,0
684100,'2',557,,38584,83,,,0,74,,38591,83,,,0,75,,38592,83,,,0,32,,38593,83,,,0,70,,38589,83,,,0,1801,,38585,33,,,0,40,,38595,83,,,0,74,,38586,83,,,0,17,,38590,83,,,0,60,,38594,83,,,0,20,,38587,83,,,0,30,,38588,83,,,0,80,,38596,83,,,0
684100,'3',556,,38607,83,,,0,74,,38608,83,,,0,71,,38609,83,,,0,32,,38610,83,,,0,18,,38611,83,,,0,52,,38603,83,,,0,16,,38612,83,,,0,14,,38604,83,,,0,1704,,38605,33,,,0,81,,38597,83,,,0,30,,38598,83,,,0,72,,38601,83,,,0,30,,38600,83,,,0,70,,38599,83,,,0,35,,38602,83,,,0,75,,38606,83,,,0
2263801,'1',454,,42628,37,,,0,70,,42629,37,,,0,22,,42630,37,,,0,56,,42631,37,,,0,14,,42632,37,,,0,14,,42633,37,,,0,13,,42634,37,,,0,14,,42635,37,,,0,53,,42636,37,,,0,17,,42637,37,,,0,8,,42638,37,,,0,21,,42639,37,,,0,55,,42640,37,,,0,16,,42641,37,,,0,12,,42642,37,,,0,64,,42643,37,,,0,30,,42644,37,,,0,71,,42645,37,,,0,28,,42646,37,,,0,70,,42647,37,,,0,30,,42648,37,,,0,70,,42649,37,,,0,30,,42650,37,,,0,70,,42651,37,,,0,30,,42652,37,,,0,70,,42653,37,,,0,32,,42654,37,,,0,20,,42666,37,,,0,66,,42655,37,,,0,20,,42656,37,,,0,60,,42657,37,,,0,37,,42658,37,,,0,15,,42659,37,,,0,55,,42660,37,,,0,15,,42661,37,,,0,14,,42662,37,,,0,13,,42663,37,,,0,54,,42610,37,,,0,17,,42619,37,,,0,20,,42617,37,,,0,60,,42618,37,,,0,29,,42665,37,,,0,19,,42612,37,,,0,56,,42664,37,,,0,25,,42627,37,,,0,22,,42611,37,,,0,69,,42620,37,,,0,29,,42621,37,,,0,70,,42622,37,,,0,28,,42613,37,,,0,70,,42625,37,,,0,20,,42626,37,,,0,69,,42614,37,,,0,28,,42624,37,,,0,69,,42615,37,,,0,30,,42623,37,,,0,70,,42616,37,,,0
2263801,'101',1625,,42667,37,,,0
2263801,'2',558,,42668,37,,,0,70,,42669,37,,,0,30,,42670,37,,,0,72,,42671,37,,,0,71,,42672,37,,,0,30,,42673,37,,,0,72,,42674,37,,,0,30,,42675,37,,,0,70,,42676,37,,,0,32,,42677,37,,,0,70,,42678,37,,,0,32,,42679,37,,,0,70,,42680,37,,,0,31,,42681,37,,,0,71,,42682,37,,,0,31,,42683,37,,,0,69,,42684,37,,,0,30,,42685,37,,,0,70,,42686,37,,,0,30,,42687,37,,,0,70,,42688,37,,,0,29,,42689,37,,,0,70,,42690,37,,,0,29,,42691,37,,,0,69,,42692,37,,,0,27,,42693,37,,,0,70,,42694,37,,,0,28,,42695,37,,,0,70,,42696,37,,,0,25,,42697,37,,,0,29,,42698,37,,,0,70,,42699,37,,,0,30,,42700,37,,,0,68,,42701,37,,,0,30,,42702,37,,,0,68,,42703,37,,,0,30,,42704,37,,,0,68,,42705,37,,,0,30,,42706,37,,,0,76,,42707,37,,,0
2263801,'201',1625,,42708,37,,,0
2263801,'3',709,,42714,37,,,0,30,,42715,37,,,0,70,,42713,37,,,0,30,,42719,37,,,0,71,,42720,37,,,0,30,,42721,37,,,0,73,,42725,37,,,0,30,,42726,37,,,0,70,,42727,37,,,0,30,,42728,37,,,0,70,,42709,37,,,0,31,,42710,37,,,0,71,,42711,37,,,0,30,,42729,37,,,0,70,,42730,37,,,0,30,,42731,37,,,0,70,,42732,37,,,0,30,,42733,37,,,0,70,,42734,37,,,0,30,,42735,37,,,0,68,,42736,37,,,0,30,,42737,37,,,0,70,,42716,37,,,0,30,,42739,37,,,0,70,,42740,37,,,0,27,,42741,37,,,0,69,,42742,37,,,0,30,,42743,37,,,0,70,,42744,37,,,0,28,,42745,37,,,0,75,,42712,37,,,0,29,,42717,37,,,0,70,,42718,37,,,0,28,,42722,37,,,0,70,,42723,37,,,0,29,,42724,37,,,0,70,,42738,37,,,0
3004600,'1',451,,45407,35,,,0,74,,45408,35,,,0,17,,45409,35,,,0,60,,45405,35,,,0,12,,45437,35,,,0,16,,45438,35,,,0,15,,45439,35,,,0,56,,45440,35,,,0,12,,45406,35,,,0,20,,45433,35,,,0,17,,45434,35,,,0,54,,45435,35,,,0,19,,45436,35,,,0,16,,45404,35,,,0,19,,45457,35,,,0,60,,45441,35,,,0,17,,45442,35,,,0,65,,45443,35,,,0,30,,45444,35,,,0,70,,45445,35,,,0,31,,45446,35,,,0,70,,45447,35,,,0,31,,45448,35,,,0,69,,45449,35,,,0,32,,45450,35,,,0,70,,45451,35,,,0,30,,45452,35,,,0,75,,45453,35,,,0,29,,45454,35,,,0,22,,45456,35,,,0,54,,45455,35,,,0,15,,45401,35,,,0,29,,45430,35,,,0,54,,45431,35,,,0,18,,45432,35,,,0,12,,45402,35,,,0,17,,45424,35,,,0,53,,45425,35,,,0,13,,45426,35,,,0,14,,45427,35,,,0,20,,45428,35,,,0,65,,45429,35,,,0,20,,45403,35,,,0,65,,45422,35,,,0,23,,45423,35,,,0,25,,45410,35,,,0,70,,45411,35,,,0,30,,45421,35,,,0,70,,45412,35,,,0,30,,45413,35,,,0,70,,45420,35,,,0,30,,45414,35,,,0,68,,45415,35,,,0,30,,45419,35,,,0,70,,45416,35,,,0,30,,45417,35,,,0,70,,45418,35,,,0
3004600,'101',1640,,45458,35,,,0
3004600,'2',600,,45483,35,,,0,31,,45484,35,,,0,70,,45485,35,,,0,31,,45486,35,,,0,70,,45487,35,,,0,31,,45488,35,,,0,73,,45489,35,,,0,30,,45490,35,,,0,70,,45499,35,,,0,31,,45500,35,,,0,70,,45459,35,,,0,32,,45460,35,,,0,71,,45461,35,,,0,30,,45462,35,,,0,71,,45463,35,,,0,30,,45464,35,,,0,70,,45465,35,,,0,30,,45466,35,,,0,70,,45467,35,,,0,30,,45468,35,,,0,69,,45469,35,,,0,30,,45470,35,,,0,70,,45471,35,,,0,28,,45491,35,,,0,70,,45472,35,,,0,30,,45473,35,,,0,69,,45474,35,,,0,28,,45475,35,,,0,70,,45476,35,,,0,29,,45477,35,,,0,70,,45478,35,,,0,29,,45479,35,,,0,70,,45480,35,,,0,30,,45481,35,,,0,70,,45482,35,,,0,26,,45492,35,,,0,30,,45493,35,,,0,70,,45494,35,,,0,30,,45495,35,,,0,70,,45496,35,,,0,30,,45497,35,,,0,70,,45498,35,,,0
3004600,'201',1640,,45501,35,,,0
3004600,'3',600,,45518,35,,,0,30,,45520,35,,,0,70,,45521,35,,,0,33,,45522,35,,,0,70,,45523,35,,,0,33,,45524,35,,,0,70,,45525,35,,,0,30,,45526,35,,,0,70,,45527,35,,,0,30,,45528,35,,,0,70,,45529,35,,,0,30,,45530,35,,,0,70,,45531,35,,,0,30,,45532,35,,,0,70,,45533,35,,,0,32,,45534,35,,,0,70,,45535,35,,,0,30,,45536,35,,,0,70,,45537,35,,,0,30,,45538,35,,,0,70,,45539,35,,,0,30,,45540,35,,,0,70,,45541,35,,,0,30,,45519,35,,,0,70,,45504,35,,,0,30,,45505,35,,,0,67,,45506,35,,,0,29,,45507,35,,,0,70,,45508,35,,,0,29,,45502,35,,,0,70,,45503,35,,,0,28,,45509,35,,,0,70,,45510,35,,,0,30,,45511,35,,,0,70,,45512,35,,,0,28,,45513,35,,,0,30,,45514,35,,,0,70,,45515,35,,,0,30,,45516,35,,,0,70,,45517,35,,,0
3004901,'1',600,,46259,18,,,0,15,,46260,18,,,0,15,,46261,18,,,0,15,,46262,18,,,0,58,,46263,18,,,0,16,,46264,18,,,0,16,,46265,18,,,0,16,,46266,18,,,0,52,,46304,18,,,0,17,,46267,18,,,0,14,,46305,18,,,0,13,,46268,18,,,0,54,,46269,18,,,0,12,,46270,18,,,0,20,,46271,18,,,0,70,,46272,18,,,0,26,,46273,18,,,0,30,,46274,18,,,0,73,,46275,18,,,0,70,,46276,18,,,0,30,,46258,18,,,0,71,,46277,18,,,0,30,,46278,18,,,0,72,,46279,18,,,0,31,,46280,18,,,0,70,,46281,18,,,0,24,,46282,18,,,0,12,,46306,18,,,0,12,,46283,18,,,0,50,,46284,18,,,0,12,,46286,18,,,0,13,,46308,18,,,0,11,,46287,18,,,0,9,,46285,18,,,0,56,,46288,18,,,0,13,,46289,18,,,0,18,,46290,18,,,0,12,,46291,18,,,0,55,,46292,18,,,0,19,,46293,18,,,0,20,,46294,18,,,0,13,,46295,18,,,0,55,,46307,18,,,0,18,,46296,18,,,0,74,,46297,18,,,0,29,,46298,18,,,0,70,,46299,18,,,0,26,,46300,18,,,0,32,,46301,18,,,0,68,,46302,18,,,0,32,,46303,18,,,0,70,,46257,18,,,0
3004901,'2',600,,46309,18,,,0,30,,46315,18,,,0,70,,46316,18,,,0,32,,46317,18,,,0,70,,46318,18,,,0,34,,46320,18,,,0,70,,46321,18,,,0,30,,46322,18,,,0,72,,46323,18,,,0,30,,46324,18,,,0,71,,46325,18,,,0,28,,46326,18,,,0,70,,46327,18,,,0,30,,46328,18,,,0,70,,46329,18,,,0,30,,46330,18,,,0,71,,46331,18,,,0,30,,46332,18,,,0,69,,46333,18,,,0,30,,46334,18,,,0,69,,46335,18,,,0,30,,46336,18,,,0,20,,46345,18,,,0,59,,46337,18,,,0,20,,46338,18,,,0,20,,46346,18,,,0,58,,46339,18,,,0,20,,46340,18,,,0,20,,46347,18,,,0,61,,46341,18,,,0,20,,46344,18,,,0,19,,46348,18,,,0,58,,46342,18,,,0,20,,46343,18,,,0,70,,46319,18,,,0,27,,46310,18,,,0,30,,46311,18,,,0,67,,46312,18,,,0,30,,46313,18,,,0,70,,46314,18,,,0
3004901,'3',700,,46378,18,,,0,30,,46379,18,,,0,70,,46380,18,,,0,32,,46381,18,,,0,70,,46382,18,,,0,34,,46350,18,,,0,70,,46351,18,,,0,30,,46352,18,,,0,70,,46353,18,,,0,30,,46354,18,,,0,72,,46355,18,,,0,25,,46356,18,,,0,70,,46357,18,,,0,30,,46358,18,,,0,70,,46359,18,,,0,31,,46360,18,,,0,71,,46361,18,,,0,30,,46362,18,,,0,70,,46349,18,,,0,29,,46363,18,,,0,70,,46364,18,,,0,30,,46365,18,,,0,70,,46366,18,,,0,29,,46367,18,,,0,24,,46368,18,,,0,74,,46369,18,,,0,28,,46370,18,,,0,70,,46371,18,,,0,30,,46372,18,,,0,67,,46373,18,,,0,30,,46374,18,,,0,63,,46375,18,,,0,33,,46376,18,,,0,72,,46377,18,,,0
