673700,'1',516,,148968,25,,,0,34,,148926,25,,,0,61,,148965,25,,,0,20,,148977,25,,,0,20,,148978,25,,,0,59,,148979,25,,,0,12,,148966,25,,,0,11,,148967,25,,,0,12,,148975,25,,,0,11,,148976,25,,,0,75,,148944,25,,,0,25,,148927,25,,,0,60,,148951,25,,,0,20,,148952,25,,,0,70,,148953,25,,,0,30,,148954,25,,,0,69,,148955,25,,,0,28,,148956,25,,,0,68,,148957,25,,,0,30,,148958,25,,,0,70,,148959,25,,,0,27,,148960,25,,,0,20,,148961,25,,,0,60,,148962,25,,,0,18,,148963,25,,,0,15,,148964,25,,,0,9,,148928,25,,,0,7,,148980,25,,,0,49,,148946,25,,,0,9,,148947,25,,,0,15,,148948,25,,,0,19,,148949,25,,,0,10,,148950,25,,,0,50,,148941,25,,,0,11,,148942,25,,,0,10,,148943,25,,,0,26,,148929,25,,,0,55,,148945,25,,,0,18,,148930,25,,,0,15,,148969,25,,,0,59,,148970,25,,,0,16,,148971,25,,,0,16,,148972,25,,,0,15,,148973,25,,,0,55,,148931,25,,,0,28,,148932,25,,,0,70,,148933,25,,,0,31,,148934,25,,,0,70,,148974,25,,,0,31,,148935,25,,,0,69,,148936,25,,,0,31,,148937,25,,,0,68,,148938,25,,,0,41,,148939,25,,,0,95,,148940,25,,,0
673700,'101',810,,148923,25,,,0,736,,148925,25,,,0,96,,148924,25,,,0
673700,'2',620,,148984,25,,,0,28,,148985,25,,,0,64,,148986,25,,,0,24,,148987,25,,,0,64,,148988,25,,,0,21,,148989,25,,,0,20,,148990,25,,,0,60,,148991,25,,,0,20,,148992,25,,,0,20,,148993,25,,,0,60,,148994,25,,,0,20,,148995,25,,,0,20,,148996,25,,,0,59,,148997,25,,,0,20,,148998,25,,,0,20,,148999,25,,,0,60,,149000,25,,,0,22,,149001,25,,,0,20,,149002,25,,,0,60,,149003,25,,,0,20,,149004,25,,,0,19,,149005,25,,,0,60,,149006,25,,,0,20,,149007,25,,,0,20,,149008,25,,,0,60,,149009,25,,,0,20,,149010,25,,,0,20,,149011,25,,,0,59,,149012,25,,,0,20,,149013,25,,,0,21,,149014,25,,,0,15,,149015,25,,,0,53,,149032,25,,,0,14,,149016,25,,,0,17,,149017,25,,,0,14,,149018,25,,,0,55,,149033,25,,,0,16,,149019,25,,,0,15,,149020,25,,,0,60,,149021,25,,,0,22,,149022,25,,,0,19,,149023,25,,,0,59,,149024,25,,,0,19,,149025,25,,,0,30,,149026,25,,,0,70,,149027,25,,,0,32,,149028,25,,,0,70,,149029,25,,,0,30,,149034,25,,,0,76,,149030,25,,,0,112,,149031,25,,,0
673700,'201',810,,148981,25,,,0,736,,148983,25,,,0,96,,148982,25,,,0
673700,'3',605,,149040,25,,,0,34,,149039,25,,,0,73,,149038,25,,,0,33,,149037,25,,,0,72,,149061,25,,,0,32,,149041,25,,,0,71,,149035,25,,,0,30,,149042,25,,,0,71,,149059,25,,,0,30,,149045,25,,,0,68,,149052,25,,,0,28,,149051,25,,,0,69,,149043,25,,,0,29,,149050,25,,,0,69,,149054,25,,,0,30,,149049,25,,,0,61,,149060,25,,,0,20,,149075,25,,,0,20,,149048,25,,,0,70,,149058,25,,,0,30,,149047,25,,,0,70,,149057,25,,,0,30,,149046,25,,,0,60,,149056,25,,,0,19,,149067,25,,,0,20,,149044,25,,,0,59,,149068,25,,,0,18,,149055,25,,,0,21,,149069,25,,,0,61,,149072,25,,,0,20,,149063,25,,,0,21,,149070,25,,,0,61,,149073,25,,,0,21,,149062,25,,,0,20,,149071,25,,,0,60,,149074,25,,,0,20,,149064,25,,,0,19,,149065,25,,,0,70,,149053,25,,,0,31,,149066,25,,,0,75,,149036,25,,,0
1169301,'1',535,,157655,4,,,0,23,,157654,4,,,0,72,,157653,4,,,0,28,,157652,4,,,0,68,,157651,4,,,0,29,,157650,4,,,0,69,,157665,4,,,0,32,,157649,4,,,0,71,,157663,4,,,0,31,,157666,4,,,0,70,,157667,4,,,0,30,,157668,4,,,0,70,,157669,4,,,0,30,,157670,4,,,0,70,,157671,4,,,0,30,,157672,4,,,0,70,,157673,4,,,0,29,,157674,4,,,0,73,,157675,4,,,0,29,,157662,4,,,0,72,,157661,4,,,0,70,,157664,4,,,0,33,,157660,4,,,0,70,,157659,4,,,0,30,,157658,4,,,0,67,,157657,4,,,0,38,,157656,4,,,0,69,,157676,4,,,0,31,,157677,4,,,0,70,,157678,4,,,0,30,,157679,4,,,0,70,,157680,4,,,0
1294000,'1',452,,157879,20,0,62 103 8,0,72,,157880,20,,,0,30,,157881,20,,,0,71,,157882,20,,,0,31,,157883,20,,,0,74,,157884,20,,,0,73,,157885,20,,,0,33,,157886,20,0,62 103 8,0,71,,157887,20,0,62 103 8,0,30,,157888,20,0,62 103 8,0,70,,157889,20,0,62 103 8,0,30,,157890,20,0,62 103 8,0,73,,157891,20,0,62 103 8,0,30,,157892,20,0,62 103 8,0,70,,157893,20,0,62 103 8,0,30,,157894,20,0,62 103 8,0,70,,157895,20,0,62 103 8,0,30,,157896,20,0,62 103 8,0,67,,157897,20,0,62 103 8,0,27,,157898,20,0,62 103 8,0,71,,157899,20,0,62 103 8,0,32,,157913,20,0,62 103 8,0,68,,157914,20,,,0,53,,157900,20,,,0,66,,157901,20,,,0,27,,157902,20,,,0,66,,157903,20,,,0,28,,157904,20,,,0,69,,157905,20,0,62 103 8,0,30,,157906,20,0,62 103 8,0,69,,157907,20,0,62 103 8,0,29,,157908,20,0,62 103 8,0,73,,157909,20,0,62 103 8,0,34,,157910,20,0,62 103 8,0,100,,157911,20,0,62 103 8,0,100,,157912,20,0,62 103 8,0
1294000,'101',1632,,157878,20,,,0
1294000,'2',621,,157945,20,0,62 103 8,0,30,,157933,20,0,62 103 8,0,70,,157934,20,0,62 103 8,0,30,,157935,20,0,62 103 8,0,73,,157936,20,0,62 103 8,0,32,,157937,20,0,62 103 8,0,71,,157938,20,0,62 103 8,0,31,,157939,20,0,62 103 8,0,71,,157940,20,0,62 103 8,0,30,,157941,20,0,62 103 8,0,70,,157942,20,0,62 103 8,0,30,,157943,20,0,62 103 8,0,70,,157944,20,0,62 103 8,0,30,,157922,20,0,62 103 8,0,70,,157923,20,0,62 103 8,0,30,,157924,20,0,62 103 8,0,71,,157925,20,0,62 103 8,0,70,,157926,20,0,62 103 8,0,30,,157927,20,0,62 103 8,0,70,,157928,20,0,62 103 8,0,29,,157929,20,0,62 103 8,0,30,,157930,20,0,62 103 8,0,70,,157920,20,0,62 103 8,0,30,,157921,20,0,62 103 8,0,70,,157931,20,0,62 103 8,0,30,,157916,20,0,62 103 8,0,70,,157917,20,0,62 103 8,0,30,,157918,20,0,62 103 8,0,68,,157919,20,0,62 103 8,0,30,,157932,20,0,62 103 8,0,96,,157946,20,0,62 103 8,0,100,,157947,20,0,62 103 8,0,147,,157948,20,0,62 103 8,0
1294000,'201',1632,,157915,20,,,0
1294000,'3',628,,157952,20,0,62 103 8,0,74,,157953,20,0,62 103 8,0,31,,157978,20,0,62 103 8,0,71,,157954,20,0,62 103 8,0,31,,157955,20,0,62 103 8,0,70,,157956,20,0,62 103 8,0,30,,157957,20,0,62 103 8,0,71,,157958,20,0,62 103 8,0,30,,157959,20,0,62 103 8,0,70,,157949,20,0,62 103 8,0,31,,157960,20,0,62 103 8,0,70,,157961,20,0,62 103 8,0,30,,157962,20,0,62 103 8,0,70,,157963,20,0,62 103 8,0,30,,157964,20,0,62 103 8,0,70,,157965,20,0,62 103 8,0,30,,157950,20,0,62 103 8,0,70,,157966,20,0,62 103 8,0,30,,157967,20,0,62 103 8,0,69,,157968,20,0,62 103 8,0,30,,157969,20,0,62 103 8,0,70,,157970,20,0,62 103 8,0,31,,157971,20,0,62 103 8,0,71,,157972,20,0,62 103 8,0,31,,157973,20,0,62 103 8,0,71,,157974,20,0,62 103 8,0,31,,157975,20,0,62 103 8,0,71,,157976,20,0,62 103 8,0,30,,157977,20,0,62 103 8,0,71,,157951,20,0,62 103 8,0,102,,157979,20,0,62 103 8,0,97,,157980,20,0,62 103 8,0,100,,157981,20,0,62 103 8,0
