666600,'1',548,,135806,20,,,0,81,,135805,41,,,0,28,,135788,41,,,0,67,,135804,41,,,0,25,,135803,41,,,0,63,,135802,38,,,0,47,,135801,38,,,0,68,,135800,38,,,0,31,,135799,38,,,0,70,,135798,38,,,0,30,,135784,38,,,0,70,,135783,38,,,0,30,,135782,38,,,0,70,,135797,38,,,0,31,,135781,38,,,0,69,,135796,38,,,0,31,,135795,38,,,0,71,,135794,38,,,0,72,,135793,38,,,0,35,,135780,38,,,0,70,,135779,38,,,0,21,,135809,38,,,0,15,,135770,38,,,0,72,,135808,38,,,0,17,,135792,38,,,0,14,,135769,38,,,0,56,,135791,38,,,0,11,,135790,38,,,0,14,,135789,38,,,0,14,,135768,38,,,0,15,,135787,38,,,0,57,,135778,38,,,0,30,,135786,38,,,0,70,,135785,38,,,0,30,,135771,38,,,0,69,,135772,38,,,0,28,,135810,38,,,0,70,,135773,38,,,0,40,,135774,38,,,0,85,,135775,38,,,0,84,,135776,38,,,0,90,,135777,38,,,0,43,,135807,38,,,0
666600,'101',822,,135767,38,,,0,5,,135765,38,,,0,874,,135766,38,,,0
666600,'2',721,,135814,38,,,0,31,,135815,38,,,0,70,,135816,38,,,0,30,,135817,38,,,0,73,,135818,38,,,0,31,,135819,38,,,0,70,,135820,38,,,0,31,,135821,38,,,0,69,,135822,38,,,0,30,,135823,38,,,0,72,,135824,38,,,0,30,,135825,38,,,0,70,,135826,38,,,0,30,,135827,38,,,0,70,,135828,38,,,0,30,,135829,38,,,0,70,,135830,38,,,0,30,,135831,38,,,0,70,,135832,38,,,0,30,,135833,38,,,0,70,,135834,38,,,0,30,,135835,38,,,0,68,,135836,38,,,0,28,,135837,38,,,0,70,,135838,38,,,0,30,,135839,38,,,0,69,,135847,38,,,0,31,,135840,38,,,0,70,,135848,38,,,0,29,,135841,38,,,0,98,,135842,38,,,0,99,,135843,38,,,0,100,,135844,38,,,0,100,,135845,38,,,0,74,,135846,38,,,0
666600,'201',824,,135813,38,,,0,5,,135811,38,,,0,872,,135812,38,,,0
666600,'3',737,,135865,38,,,0,95,,135866,38,,,0,101,,135849,38,,,0,70,,135874,38,,,0,30,,135850,38,,,0,70,,135875,38,,,0,30,,135851,38,,,0,71,,135867,38,,,0,31,,135852,38,,,0,70,,135868,38,,,0,30,,135853,38,,,0,71,,135869,38,,,0,29,,135854,38,,,0,70,,135870,38,,,0,30,,135855,38,,,0,70,,135871,38,,,0,30,,135856,38,,,0,70,,135872,38,,,0,30,,135857,38,,,0,71,,135873,38,,,0,28,,135858,38,,,0,68,,135876,38,,,0,31,,135859,38,,,0,68,,135877,38,,,0,30,,135860,38,,,0,28,,135878,38,,,0,72,,135861,38,,,0,98,,135862,38,,,0,100,,135863,38,,,0,110,,135864,38,,,0
666701,'1',435,,136215,3,,,0,18,,136255,3,,,0,62,,136188,3,,,0,19,,136189,3,,,0,20,,136190,3,,,0,56,,136191,3,,,0,11,,136192,3,,,0,8,,136193,3,,,0,9,,136194,3,,,0,14,,136259,3,,,0,52,,136260,3,,,0,17,,136195,3,,,0,11,,136196,3,,,0,19,,136197,3,,,0,73,,136198,3,,,0,15,,136199,3,,,0,16,,136200,3,,,0,54,,136258,3,,,0,17,,136216,3,,,0,13,,136217,3,,,0,14,,136254,3,,,0,55,,136201,3,,,0,15,,136202,3,,,0,15,,136203,3,,,0,15,,136204,3,,,0,54,,136205,3,,,0,15,,136206,3,,,0,15,,136207,3,,,0,17,,136257,3,,,0,55,,136218,3,,,0,15,,136219,3,,,0,15,,136253,3,,,0,15,,136208,3,,,0,55,,136209,3,,,0,14,,136210,3,,,0,15,,136211,3,,,0,16,,136212,3,,,0,56,,136213,3,,,0,14,,136214,3,,,0,15,,136256,3,,,0,14,,136220,3,,,0,53,,136221,3,,,0,15,,136252,3,,,0,15,,136222,3,,,0,15,,136223,3,,,0,55,,136224,3,,,0,14,,136225,3,,,0,14,,136226,3,,,0,15,,136227,3,,,0,51,,136228,3,,,0,20,,136229,3,,,0,16,,136251,3,,,0,15,,136236,3,,,0,55,,136248,3,,,0,17,,136249,3,,,0,15,,136230,3,,,0,15,,136231,3,,,0,55,,136232,3,,,0,15,,136233,3,,,0,15,,136234,3,,,0,15,,136235,3,,,0,55,,136250,3,,,0,20,,136237,3,,,0,20,,136247,3,,,0,59,,136238,3,,,0,27,,136239,3,,,0,73,,136240,3,,,0,32,,136241,3,,,0,73,,136242,3,,,0,30,,136243,3,,,0,68,,136244,3,,,0,30,,136245,3,,,0,70,,136246,3,,,0
666701,'101',808,,136187,3,,,0
666701,'2',544,,136270,3,,,0,69,,136271,3,,,0,20,,136288,3,,,0,21,,136289,3,,,0,59,,136285,3,,,0,15,,136290,3,,,0,16,,136291,3,,,0,14,,136292,3,,,0,54,,136293,3,,,0,11,,136294,3,,,0,8,,136262,3,,,0,12,,136295,3,,,0,14,,136296,3,,,0,54,,136297,3,,,0,14,,136298,3,,,0,16,,136299,3,,,0,15,,136300,3,,,0,56,,136301,3,,,0,15,,136302,3,,,0,15,,136303,3,,,0,10,,136305,3,,,0,55,,136306,3,,,0,16,,136307,3,,,0,15,,136304,3,,,0,17,,136308,3,,,0,54,,136284,3,,,0,13,,136309,3,,,0,16,,136310,3,,,0,13,,136311,3,,,0,55,,136313,3,,,0,15,,136314,3,,,0,15,,136315,3,,,0,18,,136316,3,,,0,55,,136317,3,,,0,17,,136318,3,,,0,15,,136319,3,,,0,16,,136320,3,,,0,56,,136321,3,,,0,13,,136322,3,,,0,15,,136323,3,,,0,15,,136324,3,,,0,55,,136325,3,,,0,15,,136326,3,,,0,15,,136327,3,,,0,15,,136328,3,,,0,55,,136263,3,,,0,15,,136264,3,,,0,24,,136265,3,,,0,54,,136266,3,,,0,12,,136287,3,,,0,14,,136267,3,,,0,15,,136268,3,,,0,55,,136286,3,,,0,14,,136269,3,,,0,17,,136273,3,,,0,20,,136272,3,,,0,59,,136274,3,,,0,23,,136275,3,,,0,72,,136312,3,,,0,33,,136276,3,,,0,73,,136277,3,,,0,35,,136278,3,,,0,68,,136279,3,,,0,29,,136280,3,,,0,73,,136281,3,,,0,30,,136282,3,,,0,66,,136283,3,,,0
666701,'201',808,,136261,3,,,0
666701,'3',654,,136344,3,,,0,60,,136345,3,,,0,17,,136330,3,,,0,16,,136346,3,,,0,55,,136347,3,,,0,14,,136343,3,,,0,12,,136329,3,,,0,13,,136348,3,,,0,12,,136349,3,,,0,52,,136350,3,,,0,12,,136351,3,,,0,6,,136352,3,,,0,19,,136353,3,,,0,15,,136354,3,,,0,55,,136355,3,,,0,12,,136356,3,,,0,17,,136357,3,,,0,15,,136358,3,,,0,55,,136359,3,,,0,15,,136338,3,,,0,15,,136339,3,,,0,59,,136340,3,,,0,14,,136360,3,,,0,12,,136361,3,,,0,15,,136362,3,,,0,14,,136363,3,,,0,55,,136364,3,,,0,15,,136365,3,,,0,14,,136366,3,,,0,17,,136367,3,,,0,56,,136368,3,,,0,15,,136369,3,,,0,16,,136337,3,,,0,15,,136370,3,,,0,54,,136371,3,,,0,16,,136372,3,,,0,15,,136373,3,,,0,14,,136374,3,,,0,53,,136375,3,,,0,18,,136376,3,,,0,13,,136377,3,,,0,16,,136378,3,,,0,55,,136379,3,,,0,15,,136380,3,,,0,16,,136381,3,,,0,16,,136382,3,,,0,55,,136342,3,,,0,16,,136383,3,,,0,12,,136384,3,,,0,15,,136341,3,,,0,55,,136385,3,,,0,15,,136386,3,,,0,22,,136387,3,,,0,61,,136388,3,,,0,26,,136389,3,,,0,73,,136390,3,,,0,30,,136331,3,,,0,75,,136332,3,,,0,31,,136333,3,,,0,66,,136334,3,,,0,30,,136335,3,,,0,69,,136336,3,,,0
2263801,'1',430,,160179,3,,,0,70,,160180,3,,,0,22,,160181,3,,,0,14,,160182,3,,,0,14,,160183,3,,,0,54,,160184,3,,,0,11,,160185,3,,,0,14,,160186,3,,,0,13,,160187,3,,,0,17,,160188,3,,,0,47,,160189,3,,,0,19,,160190,3,,,0,12,,160191,3,,,0,17,,160192,3,,,0,52,,160193,3,,,0,24,,160194,3,,,0,72,,160195,3,,,0,33,,160196,3,,,0,66,,160197,3,,,0,30,,160198,3,,,0,70,,160199,3,,,0,30,,160200,3,,,0,70,,160201,3,,,0,30,,160202,3,,,0,70,,160203,3,,,0,28,,160204,3,,,0,30,,160205,3,,,0,60,,160217,3,,,0,20,,160206,3,,,0,62,,160207,3,,,0,20,,160208,3,,,0,80,,160209,3,,,0,15,,160210,3,,,0,15,,160211,3,,,0,15,,160212,3,,,0,55,,160213,3,,,0,13,,160214,3,,,0,15,,160161,3,,,0,19,,160170,3,,,0,61,,160168,3,,,0,23,,160169,3,,,0,69,,160216,3,,,0,19,,160163,3,,,0,16,,160215,3,,,0,67,,160178,3,,,0,22,,160162,3,,,0,29,,160171,3,,,0,71,,160172,3,,,0,30,,160173,3,,,0,70,,160164,3,,,0,30,,160176,3,,,0,62,,160177,3,,,0,29,,160165,3,,,0,70,,160175,3,,,0,29,,160166,3,,,0,70,,160174,3,,,0,30,,160167,3,,,0
2263801,'101',1526,,160160,3,,,0,23,,160159,3,,,0
2263801,'2',535,,160219,3,,,0,70,,160220,3,,,0,30,,160221,3,,,0,70,,160222,3,,,0,30,,160223,3,,,0,70,,160224,3,,,0,30,,160225,3,,,0,70,,160226,3,,,0,30,,160227,3,,,0,70,,160228,3,,,0,30,,160229,3,,,0,71,,160230,3,,,0,30,,160231,3,,,0,70,,160232,3,,,0,30,,160233,3,,,0,70,,160234,3,,,0,30,,160235,3,,,0,70,,160236,3,,,0,30,,160237,3,,,0,70,,160238,3,,,0,30,,160239,3,,,0,70,,160240,3,,,0,30,,160241,3,,,0,70,,160242,3,,,0,30,,160243,3,,,0,69,,160244,3,,,0,30,,160245,3,,,0,70,,160246,3,,,0,30,,160247,3,,,0,65,,160248,3,,,0,30,,160249,3,,,0,70,,160250,3,,,0,30,,160251,3,,,0,70,,160252,3,,,0,30,,160253,3,,,0,70,,160254,3,,,0,30,,160255,3,,,0,70,,160256,3,,,0,30,,160257,3,,,0,78,,160258,3,,,0
2263801,'201',1549,,160218,3,,,0
2263801,'3',645,,160264,3,,,0,70,,160265,3,,,0,30,,160263,3,,,0,70,,160269,3,,,0,30,,160270,3,,,0,70,,160271,3,,,0,30,,160275,3,,,0,70,,160276,3,,,0,30,,160277,3,,,0,70,,160278,3,,,0,30,,160259,3,,,0,70,,160260,3,,,0,30,,160261,3,,,0,70,,160279,3,,,0,30,,160280,3,,,0,70,,160281,3,,,0,30,,160282,3,,,0,70,,160283,3,,,0,30,,160284,3,,,0,70,,160285,3,,,0,30,,160286,3,,,0,70,,160287,3,,,0,30,,160266,3,,,0,70,,160289,3,,,0,30,,160290,3,,,0,70,,160291,3,,,0,30,,160292,3,,,0,70,,160293,3,,,0,30,,160294,3,,,0,70,,160295,3,,,0,35,,160262,3,,,0,70,,160267,3,,,0,30,,160268,3,,,0,70,,160272,3,,,0,30,,160273,3,,,0,70,,160274,3,,,0,30,,160288,3,,,0
3003601,'1',538,,161496,3,,,0,15,,161497,3,,,0,55,,161498,3,,,0,14,,161499,3,,,0,15,,161500,3,,,0,15,,161501,3,,,0,53,,161502,3,,,0,15,,161503,3,,,0,15,,161504,3,,,0,15,,161505,3,,,0,56,,161506,3,,,0,17,,161507,3,,,0,18,,161508,3,,,0,13,,161509,3,,,0,57,,161510,3,,,0,15,,161511,3,,,0,28,,161512,3,,,0,68,,161513,3,,,0,30,,161514,3,,,0,70,,161515,3,,,0,30,,161516,3,,,0,69,,161517,3,,,0,30,,161518,3,,,0,70,,161490,3,,,0,30,,161491,3,,,0,75,,161492,3,,,0,25,,161481,3,,,0,55,,161477,3,,,0,20,,161476,3,,,0,15,,161478,3,,,0,15,,161479,3,,,0,56,,161480,3,,,0,15,,161482,3,,,0,16,,161483,3,,,0,15,,161484,3,,,0,56,,161485,3,,,0,15,,161486,3,,,0,10,,161487,3,,,0,4,,161488,3,,,0,65,,161489,3,,,0,0,,161519,3,,,0,13,,161466,3,,,0,15,,161467,3,,,0,22,,161468,3,,,0,71,,161469,3,,,0,27,,161470,3,,,0,67,,161471,3,,,0,30,,161472,3,,,0,70,,161473,3,,,0,30,,161474,3,,,0,70,,161475,3,,,0,30,,161493,3,,,0,69,,161494,3,,,0,30,,161495,3,,,0
3003601,'2',621,,161527,3,,,0,30,,161528,3,,,0,70,,161529,3,,,0,30,,161530,3,,,0,70,,161520,3,,,0,30,,161526,3,,,0,70,,161531,3,,,0,30,,161532,3,,,0,70,,161533,3,,,0,30,,161534,3,,,0,70,,161535,3,,,0,30,,161536,3,,,0,70,,161537,3,,,0,30,,161538,3,,,0,70,,161539,3,,,0,30,,161540,3,,,0,70,,161541,3,,,0,31,,161542,3,,,0,70,,161543,3,,,0,30,,161544,3,,,0,69,,161545,3,,,0,30,,161546,3,,,0,71,,161547,3,,,0,30,,161548,3,,,0,70,,161549,3,,,0,30,,161550,3,,,0,70,,161551,3,,,0,30,,161552,3,,,0,70,,161553,3,,,0,30,,161554,3,,,0,70,,161555,3,,,0,30,,161522,3,,,0,70,,161523,3,,,0,30,,161524,3,,,0,69,,161521,3,,,0,30,,161525,3,,,0
3003601,'3',721,,161565,3,,,0,30,,161566,3,,,0,70,,161567,3,,,0,30,,161568,3,,,0,70,,161569,3,,,0,31,,161570,3,,,0,70,,161571,3,,,0,30,,161572,3,,,0,70,,161573,3,,,0,30,,161574,3,,,0,70,,161575,3,,,0,30,,161576,3,,,0,70,,161577,3,,,0,30,,161578,3,,,0,70,,161579,3,,,0,30,,161580,3,,,0,70,,161581,3,,,0,30,,161582,3,,,0,70,,161583,3,,,0,30,,161584,3,,,0,70,,161585,3,,,0,30,,161586,3,,,0,70,,161587,3,,,0,30,,161588,3,,,0,70,,161589,3,,,0,30,,161556,3,,,0,70,,161559,3,,,0,30,,161560,3,,,0,69,,161557,3,,,0,30,,161558,3,,,0,70,,161561,3,,,0,30,,161562,3,,,0,70,,161563,3,,,0,30,,161564,3,,,0
3003900,'1',457,,162040,3,,,0,61,,162038,3,,,0,9,,162041,3,,,0,19,,162037,13,,,0,10,,162054,13,,,0,57,,162036,13,,,0,9,,162055,13,,,0,18,,162035,13,,,0,11,,162042,13,,,0,66,,162034,13,,,0,4,,162043,13,,,0,21,,162028,13,,,0,60,,162044,13,,,0,41,,162045,13,,,0,70,,162046,13,,,0,30,,162047,13,,,0,71,,162048,13,,,0,25,,162049,13,,,0,72,,162050,13,,,0,30,,162051,13,,,0,70,,162052,13,,,0,34,,162053,13,,,0,65,,162056,13,,,0,30,,162057,13,,,0,72,,162058,13,,,0,28,,162039,13,,,0,69,,162014,13,,,0,29,,162015,13,,,0,72,,162016,13,,,0,18,,162059,13,,,0,10,,162033,13,,,0,21,,162017,13,,,0,49,,162032,13,,,0,21,,162018,13,,,0,9,,162031,13,,,0,69,,162019,13,,,0,13,,162030,13,,,0,12,,162020,13,,,0,26,,162021,13,,,0,52,,162029,13,,,0,18,,162022,13,,,0,95,,162023,13,,,0,105,,162024,13,,,0,102,,162025,13,,,0,100,,162026,13,,,0,100,,162027,13,,,0
3003900,'2',645,,162088,3,,,0,70,,162078,13,,,0,31,,162089,13,,,0,69,,162079,13,,,0,29,,162064,13,,,0,70,,162060,13,,,0,29,,162062,13,,,0,69,,162061,13,,,0,32,,162063,13,,,0,68,,162080,13,,,0,30,,162065,13,,,0,70,,162081,13,,,0,30,,162066,13,,,0,70,,162082,13,,,0,30,,162067,13,,,0,70,,162083,13,,,0,30,,162068,13,,,0,70,,162084,13,,,0,30,,162069,13,,,0,70,,162085,13,,,0,30,,162070,13,,,0,70,,162086,13,,,0,30,,162071,13,,,0,70,,162087,13,,,0,31,,162072,13,,,0,86,,162073,13,,,0,99,,162074,13,,,0,100,,162075,13,,,0,102,,162076,13,,,0,102,,162077,13,,,0
3003900,'3',646,,162096,3,,,0,97,,162097,13,,,0,100,,162098,13,,,0,100,,162099,13,,,0,70,,162108,13,,,0,30,,162100,13,,,0,70,,162109,13,,,0,28,,162101,13,,,0,70,,162110,13,,,0,30,,162102,13,,,0,70,,162111,13,,,0,30,,162103,13,,,0,70,,162112,13,,,0,30,,162104,13,,,0,70,,162113,13,,,0,30,,162105,13,,,0,70,,162114,13,,,0,30,,162106,13,,,0,70,,162115,13,,,0,30,,162107,13,,,0,71,,162116,13,,,0,20,,162090,13,,,0,101,,162091,13,,,0,100,,162092,13,,,0,100,,162093,13,,,0,100,,162094,13,,,0,101,,162095,13,,,0
3003901,'1',526,,162150,23,,,0,24,,162139,23,,,0,7,,162151,23,,,0,61,,162149,23,,,0,11,,162152,23,,,0,22,,162148,23,,,0,50,,162153,23,,,0,19,,162147,23,,,0,11,,162154,23,,,0,20,,162146,23,,,0,50,,162155,23,,,0,23,,162140,23,,,0,16,,162156,23,,,0,68,,162157,23,,,0,31,,162158,23,,,0,66,,162159,23,,,0,33,,162160,23,,,0,72,,162161,23,,,0,27,,162162,23,,,0,74,,162163,23,,,0,25,,162118,23,,,0,70,,162119,23,,,0,30,,162120,23,,,0,77,,162121,23,,,0,34,,162122,23,,,0,67,,162123,23,,,0,29,,162124,23,,,0,69,,162125,23,,,0,30,,162126,23,,,0,71,,162127,23,,,0,12,,162145,23,,,0,18,,162128,23,,,0,9,,162144,23,,,0,59,,162129,23,,,0,10,,162143,23,,,0,28,,162130,23,,,0,52,,162142,23,,,0,10,,162131,23,,,0,26,,162132,23,,,0,9,,162141,23,,,0,59,,162133,23,,,0,34,,162134,23,,,0,96,,162135,23,,,0,100,,162136,23,,,0,98,,162137,23,,,0,98,,162138,23,,,0
3003901,'101',1541,,162117,23,,,0
3003901,'2',632,,162178,23,,,0,70,,162167,23,,,0,30,,162179,23,,,0,70,,162164,23,,,0,30,,162180,23,,,0,72,,162165,23,,,0,31,,162181,23,,,0,71,,162168,23,,,0,32,,162182,23,,,0,70,,162169,23,,,0,30,,162183,23,,,0,70,,162170,23,,,0,30,,162184,23,,,0,70,,162171,23,,,0,30,,162185,23,,,0,70,,162172,23,,,0,30,,162186,23,,,0,70,,162173,23,,,0,30,,162187,23,,,0,70,,162174,23,,,0,28,,162188,23,,,0,70,,162175,23,,,0,30,,162189,23,,,0,69,,162176,23,,,0,30,,162192,23,,,0,70,,162177,23,,,0,30,,162190,23,,,0,99,,162191,23,,,0,100,,162193,23,,,0,97,,162194,23,,,0,100,,162195,23,,,0,99,,162166,23,,,0
3003901,'3',631,,162197,23,,,0,100,,162198,23,,,0,101,,162199,23,,,0,101,,162200,23,,,0,101,,162201,23,,,0,101,,162202,23,,,0,70,,162215,23,,,0,30,,162203,23,,,0,70,,162216,23,,,0,30,,162204,23,,,0,70,,162217,23,,,0,30,,162205,23,,,0,70,,162218,23,,,0,30,,162206,23,,,0,70,,162219,23,,,0,33,,162207,23,,,0,67,,162220,23,,,0,30,,162208,23,,,0,69,,162221,23,,,0,30,,162209,23,,,0,101,,162210,23,,,0,99,,162211,23,,,0,100,,162212,23,,,0,99,,162213,23,,,0,99,,162214,23,,,0,100,,162196,23,,,0
3004000,'1',454,,162223,3,,,0,63,,162228,3,,,0,7,,162242,3,,,0,20,,162227,13,,,0,11,,162243,13,,,0,59,,162226,13,,,0,10,,162244,13,,,0,17,,162225,13,,,0,11,,162245,13,,,0,60,,162224,13,,,0,10,,162246,13,,,0,21,,162263,13,,,0,57,,162247,13,,,0,28,,162248,13,,,0,30,,162249,13,,,0,66,,162250,13,,,0,31,,162251,13,,,0,72,,162252,13,,,0,26,,162253,13,,,0,76,,162254,13,,,0,24,,162255,13,,,0,70,,162256,13,,,0,30,,162257,13,,,0,77,,162258,13,,,0,73,,162259,13,,,0,26,,162260,13,,,0,29,,162261,13,,,0,70,,162262,13,,,0,30,,162241,13,,,0,71,,162229,13,,,0,12,,162268,13,,,0,18,,162230,13,,,0,51,,162267,13,,,0,19,,162231,13,,,0,11,,162266,13,,,0,68,,162232,13,,,0,13,,162265,13,,,0,10,,162233,13,,,0,27,,162234,13,,,0,49,,162264,13,,,0,20,,162235,13,,,0,74,,162236,13,,,0,99,,162237,13,,,0,101,,162238,13,,,0,100,,162239,13,,,0,58,,162240,13,,,0
3004000,'101',1453,,162222,3,,,0
3004000,'2',601,,162279,3,,,0,30,,162287,3,,,0,27,,162280,13,,,0,70,,162288,13,,,0,30,,162300,13,,,0,68,,162289,13,,,0,31,,162269,13,,,0,69,,162290,13,,,0,30,,162270,13,,,0,70,,162291,13,,,0,30,,162271,13,,,0,70,,162292,13,,,0,29,,162272,13,,,0,70,,162293,13,,,0,30,,162273,13,,,0,70,,162294,13,,,0,30,,162274,13,,,0,70,,162295,13,,,0,31,,162275,13,,,0,70,,162296,13,,,0,30,,162276,13,,,0,70,,162297,13,,,0,30,,162277,13,,,0,70,,162298,13,,,0,32,,162278,13,,,0,70,,162299,13,,,0,29,,162281,13,,,0,99,,162282,13,,,0,100,,162283,13,,,0,103,,162284,13,,,0,100,,162285,13,,,0,100,,162286,13,,,0
3004000,'3',600,,162319,3,,,0,59,,162301,13,,,0,99,,162302,13,,,0,99,,162303,13,,,0,99,,162304,13,,,0,100,,162305,13,,,0,70,,162320,13,,,0,29,,162306,13,,,0,70,,162321,13,,,0,30,,162307,13,,,0,70,,162322,13,,,0,30,,162308,13,,,0,70,,162323,13,,,0,30,,162309,13,,,0,70,,162324,13,,,0,34,,162310,13,,,0,67,,162325,13,,,0,30,,162311,13,,,0,70,,162326,13,,,0,30,,162312,13,,,0,103,,162313,13,,,0,99,,162314,13,,,0,100,,162315,13,,,0,101,,162316,13,,,0,100,,162317,13,,,0,100,,162318,13,,,0
3004001,'1',530,,162340,29,,,0,21,,162355,29,,,0,49,,162341,29,,,0,20,,162354,29,,,0,10,,162342,29,,,0,21,,162353,29,,,0,49,,162343,29,,,0,19,,162352,29,,,0,11,,162357,29,,,0,71,,162358,29,,,0,19,,162344,29,,,0,20,,162359,29,,,0,83,,162360,29,,,0,28,,162361,29,,,0,70,,162362,29,,,0,34,,162363,29,,,0,65,,162364,29,,,0,35,,162365,29,,,0,70,,162366,29,,,0,30,,162367,29,,,0,74,,162350,29,,,0,25,,162351,29,,,0,72,,162368,29,,,0,32,,162369,29,,,0,71,,162356,29,,,0,27,,162370,29,,,0,69,,162371,29,,,0,32,,162372,29,,,0,58,,162328,29,,,0,10,,162349,29,,,0,21,,162329,29,,,0,9,,162348,29,,,0,59,,162330,29,,,0,7,,162347,29,,,0,29,,162331,29,,,0,50,,162346,29,,,0,12,,162332,29,,,0,24,,162333,29,,,0,12,,162345,29,,,0,58,,162334,29,,,0,94,,162335,29,,,0,104,,162336,29,,,0,101,,162337,29,,,0,99,,162338,29,,,0,98,,162339,29,,,0
3004001,'101',757,,162327,29,,,0
3004001,'2',719,,162381,29,,,0,32,,162399,29,,,0,71,,162382,29,,,0,30,,162400,29,,,0,69,,162383,29,,,0,31,,162403,29,,,0,69,,162384,29,,,0,32,,162374,29,,,0,72,,162385,29,,,0,28,,162375,29,,,0,70,,162386,29,,,0,30,,162376,29,,,0,70,,162387,29,,,0,32,,162377,29,,,0,70,,162388,29,,,0,30,,162401,29,,,0,70,,162389,29,,,0,30,,162402,29,,,0,70,,162390,29,,,0,27,,162378,29,,,0,70,,162391,29,,,0,30,,162379,29,,,0,70,,162392,29,,,0,30,,162380,29,,,0,70,,162393,29,,,0,86,,162394,29,,,0,97,,162395,29,,,0,100,,162396,29,,,0,101,,162397,29,,,0,102,,162398,29,,,0
3004001,'201',757,,162373,29,,,0
3004001,'3',720,,162405,29,,,0,101,,162406,29,,,0,100,,162407,29,,,0,100,,162408,29,,,0,32,,162422,29,,,0,70,,162409,29,,,0,30,,162423,29,,,0,70,,162410,29,,,0,30,,162424,29,,,0,70,,162411,29,,,0,30,,162425,29,,,0,69,,162412,29,,,0,30,,162426,29,,,0,69,,162413,29,,,0,30,,162427,29,,,0,71,,162414,29,,,0,30,,162428,29,,,0,70,,162415,29,,,0,30,,162429,29,,,0,70,,162416,29,,,0,30,,162430,29,,,0,60,,162418,29,,,0,99,,162404,29,,,0,99,,162417,29,,,0,98,,162419,29,,,0,99,,162420,29,,,0,100,,162421,29,,,0
3004101,'1',624,,162457,9,,,0,15,,162469,9,,,0,15,,162458,9,,,0,56,,162470,9,,,0,15,,162468,9,,,0,15,,162471,9,,,0,15,,162459,9,,,0,55,,162472,9,,,0,15,,162460,9,,,0,14,,162473,9,,,0,15,,162461,9,,,0,669,,162462,9,,,0,13,,162474,9,,,0,16,,162463,9,,,0,55,,162475,9,,,0,21,,162464,9,,,0,12,,162476,9,,,0,9,,162479,9,,,0,51,,162465,9,,,0,11,,162477,9,,,0,16,,162466,9,,,0,80,,162467,9,,,0,50,,162478,9,,,0
