668200,'1',507,,138877,4,,,0,24,,138807,4,,,0,12,,138872,4,,,0,10,,138808,4,,,0,48,,138842,4,,,0,9,,138799,4,,,0,8,,138868,4,,,0,8,,138788,4,,,0,7,,138873,4,,,0,7,,138790,4,,,0,7,,138869,4,,,0,8,,138816,4,,,0,47,,138789,4,,,0,7,,138805,4,,,0,7,,138787,4,,,0,7,,138874,4,,,0,7,,138786,4,,,0,7,,138860,4,,,0,8,,138819,4,,,0,6,,138866,4,,,0,7,,138863,4,,,0,47,,138879,4,,,0,6,,138830,4,,,0,7,,138841,4,,,0,8,,138878,4,,,0,8,,138801,4,,,0,8,,138861,4,,,0,11,,138803,4,,,0,55,,138836,4,,,0,15,,138797,4,,,0,15,,138793,4,,,0,14,,138823,4,,,0,54,,138826,4,,,0,15,,138840,4,,,0,15,,138825,4,,,0,15,,138854,4,,,0,55,,138824,4,,,0,15,,138828,4,,,0,14,,138822,4,,,0,14,,138811,4,,,0,54,,138813,4,,,0,14,,138804,4,,,0,15,,138815,4,,,0,15,,138857,4,,,0,55,,138850,4,,,0,15,,138858,4,,,0,16,,138817,4,,,0,14,,138798,4,,,0,54,,138848,4,,,0,12,,138810,4,,,0,11,,138847,4,,,0,10,,138871,4,,,0,10,,138875,4,,,0,10,,138809,4,,,0,51,,138806,4,,,0,10,,138814,4,,,0,10,,138796,4,,,0,11,,138876,4,,,0,11,,138829,4,,,0,8,,138843,4,,,0,49,,138862,4,,,0,9,,138864,4,,,0,9,,138802,4,,,0,8,,138795,4,,,0,19,,138794,4,,,0,10,,138818,4,,,0,51,,138800,4,,,0,9,,138865,4,,,0,10,,138870,4,,,0,10,,138856,4,,,0,10,,138835,4,,,0,10,,138834,4,,,0,50,,138792,4,,,0,15,,138791,4,,,0,14,,138833,4,,,0,15,,138832,4,,,0,54,,138831,4,,,0,14,,138846,4,,,0,14,,138855,4,,,0,15,,138845,4,,,0,55,,138853,4,,,0,15,,138844,4,,,0,15,,138852,4,,,0,15,,138827,4,,,0,56,,138851,4,,,0,20,,138849,4,,,0,20,,138839,4,,,0,60,,138838,4,,,0,23,,138837,4,,,0,22,,138785,4,,,0,62,,138820,4,,,0,27,,138821,4,,,0,71,,138859,4,,,0,32,,138812,4,,,0
668200,'101',1639,,138784,4,,,0
668200,'2',610,,138954,4,,,0,20,,138953,4,,,0,18,,138952,4,,,0,60,,138918,4,,,0,20,,138951,4,,,0,17,,138888,4,,,0,55,,138950,4,,,0,15,,138956,4,,,0,15,,138949,4,,,0,15,,138957,4,,,0,55,,138948,4,,,0,15,,138912,4,,,0,15,,138882,4,,,0,14,,138947,4,,,0,15,,138945,4,,,0,55,,138895,4,,,0,15,,138946,4,,,0,15,,138883,4,,,0,56,,138944,4,,,0,15,,138893,4,,,0,15,,138926,4,,,0,15,,138900,4,,,0,55,,138917,4,,,0,15,,138938,4,,,0,15,,138910,4,,,0,15,,138884,4,,,0,55,,138881,4,,,0,12,,138887,4,,,0,12,,138937,4,,,0,12,,138892,4,,,0,12,,138901,4,,,0,11,,138904,4,,,0,51,,138885,4,,,0,11,,138922,4,,,0,10,,138936,4,,,0,10,,138886,4,,,0,10,,138916,4,,,0,50,,138899,4,,,0,11,,138897,4,,,0,10,,138925,4,,,0,11,,138898,4,,,0,10,,138935,4,,,0,10,,138919,4,,,0,50,,138890,4,,,0,10,,138911,4,,,0,10,,138934,4,,,0,10,,138924,4,,,0,10,,138927,4,,,0,10,,138958,4,,,0,50,,138921,4,,,0,10,,138920,4,,,0,10,,138923,4,,,0,10,,138933,4,,,0,10,,138915,4,,,0,10,,138905,4,,,0,50,,138932,4,,,0,10,,138906,4,,,0,10,,138914,4,,,0,15,,138889,4,,,0,10,,138943,4,,,0,53,,138931,4,,,0,15,,138902,4,,,0,15,,138942,4,,,0,15,,138907,4,,,0,11,,138941,4,,,0,50,,138930,4,,,0,14,,138940,4,,,0,15,,138955,4,,,0,18,,138939,4,,,0,60,,138908,4,,,0,17,,138960,4,,,0,14,,138959,4,,,0,55,,138929,4,,,0,15,,138903,4,,,0,20,,138909,4,,,0,20,,138928,4,,,0,60,,138896,4,,,0,20,,138961,4,,,0,20,,138913,4,,,0,60,,138894,4,,,0,30,,138891,4,,,0
668200,'201',1639,,138880,4,,,0
668200,'3',602,,138986,4,,,0,20,,138985,4,,,0,20,,138984,4,,,0,60,,138983,4,,,0,20,,138981,4,,,0,20,,138980,4,,,0,58,,138970,4,,,0,15,,138969,4,,,0,15,,139008,4,,,0,15,,138968,4,,,0,55,,139023,4,,,0,15,,138967,4,,,0,15,,138962,4,,,0,15,,139010,4,,,0,55,,138979,4,,,0,15,,139015,4,,,0,15,,138978,4,,,0,15,,138987,4,,,0,55,,138977,4,,,0,15,,138996,4,,,0,15,,138976,4,,,0,13,,139003,4,,,0,57,,138965,4,,,0,13,,138966,4,,,0,17,,138964,4,,,0,13,,138994,4,,,0,57,,138963,4,,,0,15,,139002,4,,,0,15,,139001,4,,,0,15,,139013,4,,,0,55,,139000,4,,,0,14,,138992,4,,,0,15,,138999,4,,,0,14,,139009,4,,,0,16,,138998,4,,,0,55,,139004,4,,,0,16,,138997,4,,,0,14,,138993,4,,,0,56,,139012,4,,,0,19,,139007,4,,,0,11,,139024,4,,,0,15,,139011,4,,,0,55,,139006,4,,,0,15,,139022,4,,,0,15,,138990,4,,,0,17,,139014,4,,,0,54,,138989,4,,,0,15,,139021,4,,,0,14,,138988,4,,,0,15,,138975,4,,,0,55,,139005,4,,,0,15,,138974,4,,,0,17,,138973,4,,,0,15,,139018,4,,,0,55,,138972,4,,,0,14,,139017,4,,,0,16,,138971,4,,,0,20,,138982,4,,,0,65,,139016,4,,,0,25,,138995,4,,,0,70,,139020,4,,,0,30,,139019,4,,,0,70,,138991,4,,,0
668300,'1',1532,,139264,4,,,0,21,,139275,4,,,0,54,,139276,4,,,0,10,,139277,4,,,0,19,,139271,4,,,0,23,,139273,4,,,0,65,,139262,4,,,0,26,,139265,4,,,0,9,,139263,4,,,0,51,,139261,4,,,0,27,,139260,4,,,0,65,,139267,4,,,0,26,,139272,4,,,0
668500,'1',659,,139293,4,,,0,56,,139294,4,,,0,11,,139295,4,,,0,12,,139296,4,,,0,21,,139301,4,,,0,52,,139299,4,,,0,16,,139321,4,,,0,19,,139312,4,,,0,70,,139332,4,,,0,26,,139300,4,,,0,60,,139326,4,,,0,32,,139330,4,,,0,67,,139311,4,,,0,25,,139306,4,,,0,31,,139307,4,,,0,70,,139308,4,,,0,31,,139309,4,,,0,69,,139327,4,,,0,31,,139314,4,,,0,67,,139335,4,,,0,26,,139322,4,,,0,65,,139292,4,,,0,13,,139303,4,,,0,17,,139297,4,,,0,13,,139298,4,,,0,69,,139337,4,,,0,25,,139328,4,,,0,51,,139320,4,,,0,12,,139323,4,,,0,5,,139315,4,,,0,11,,139316,4,,,0,19,,139317,4,,,0,56,,139318,4,,,0,17,,139324,4,,,0,22,,139319,4,,,0,68,,139329,4,,,0,98,,139325,4,,,0,97,,139334,4,,,0,105,,139331,4,,,0,99,,139313,4,,,0,100,,139333,4,,,0
668500,'101',1617,,139291,4,,,0,25,,139290,4,,,0
668500,'2',714,,139346,4,,,0,29,,139358,4,,,0,67,,139340,4,,,0,31,,139342,4,,,0,66,,139351,4,,,0,31,,139367,4,,,0,68,,139359,4,,,0,30,,139352,4,,,0,71,,139347,4,,,0,26,,139368,4,,,0,72,,139353,4,,,0,30,,139345,4,,,0,70,,139361,4,,,0,29,,139370,4,,,0,69,,139360,4,,,0,30,,139363,4,,,0,70,,139348,4,,,0,31,,139371,4,,,0,69,,139365,4,,,0,29,,139349,4,,,0,72,,139355,4,,,0,30,,139356,4,,,0,71,,139357,4,,,0,31,,139350,4,,,0,68,,139343,4,,,0,100,,139369,4,,,0,100,,139362,4,,,0,103,,139366,4,,,0,101,,139344,4,,,0,102,,139364,4,,,0
668500,'201',1617,,139338,4,,,0,25,,139339,4,,,0
668500,'3',805,,139381,4,,,0,101,,139380,4,,,0,99,,139391,4,,,0,31,,139385,4,,,0,71,,139384,4,,,0,28,,139389,4,,,0,71,,139390,4,,,0,30,,139388,4,,,0,69,,139387,4,,,0,28,,139392,4,,,0,72,,139396,4,,,0,30,,139393,4,,,0,70,,139395,4,,,0,30,,139397,4,,,0,69,,139375,4,,,0,31,,139394,4,,,0,70,,139376,4,,,0,32,,139398,4,,,0,70,,139373,4,,,0,37,,139374,4,,,0,62,,139382,4,,,0,104,,139378,4,,,0,99,,139379,4,,,0,99,,139386,4,,,0,106,,139383,4,,,0,97,,139377,4,,,0
668600,'1',740,,139509,4,,,0,866,,139514,4,,,0,27,,139513,4,,,0,83,,139512,4,,,0,30,,139510,4,,,0,73,,139511,4,,,0
683700,'1',2509,,155452,10,,,0,20,,155451,10,,,0,20,,155447,10,,,0,69,,155450,10,,,0,34,,155449,10,,,0,59,,155448,10,,,0,28,,155446,10,,,0
683700,'1101',2629,,155444,10,,,0
683700,'1201',2629,,155445,10,,,0
683700,'2',2512,,155455,10,,,0,22,,155460,10,,,0,14,,155454,10,,,0,59,,155459,10,,,0,20,,155456,10,,,0,30,,155458,10,,,0,52,,155457,10,,,0,34,,155453,10,,,0
683700,'3',655,,155473,4,,,0,80,,155474,4,0,50 51,0,73,,155475,4,0,50 51,0,1536,,155466,10,,,0,74,,155465,10,,,0,28,,155464,10,,,0,84,,155463,10,,,0,29,,155462,10,,,0,61,,155469,10,,,0,88,,155468,10,,,0,27,,155467,10,,,0
