661400,'152201_merged_15291799',2040,,59148,3,0,10,0,60,,59149,3,0,10,0,20,,59153,3,0,10,0,21,,59150,3,0,10,0,60,,59154,3,0,10,0,20,,59155,3,0,10,0,22,,59151,3,0,10,0,60,,59147,3,0,10,0,20,,59152,3,0,10,0,29,,59146,3,0,10,0
661400,'152301_merged_15291801',2040,,59156,3,0,10,0,60,,59157,3,0,10,0,20,,59158,3,0,10,0,21,,59159,3,0,10,0,60,,59160,3,0,10,0,20,,59161,3,0,10,0,22,,59162,3,0,10,0,60,,59163,3,0,10,0,20,,59164,3,0,10,0,29,,59165,3,0,10,0
661400,'1_merged_15291795',708,,59201,3,,,0,14,,59202,3,,,0,14,,59209,3,,,0,14,,59215,3,,,0,56,,59229,3,,,0,16,,59203,3,,,0,15,,59169,3,,,0,15,,59170,3,,,0,55,,59211,3,,,0,15,,59212,3,,,0,15,,59213,3,,,0,15,,59214,3,,,0,54,,59230,3,,,0,15,,59231,3,,,0,15,,59226,3,,,0,15,,59206,3,,,0,55,,59171,3,,,0,15,,59198,3,,,0,14,,59173,3,,,0,15,,59207,3,,,0,55,,59210,3,,,0,15,,59166,3,,,0,15,,59167,3,,,0,15,,59193,3,,,0,55,,59191,3,,,0,15,,59194,3,,,0,12,,59195,3,,,0,12,,59204,3,,,0,12,,59224,3,,,0,51,,59225,3,,,0,13,,59205,3,,,0,11,,59177,3,,,0,12,,59178,3,,,0,11,,59179,3,,,0,50,,59221,3,,,0,11,,59180,3,,,0,12,,59181,3,,,0,10,,59182,3,,,0,10,,59184,3,,,0,10,,59219,3,,,0,51,,59233,3,,,0,11,,59208,3,,,0,10,,59232,3,,,0,10,,59218,3,,,0,10,,59220,3,,,0,10,,59187,3,,,0,49,,59234,3,,,0,8,,59222,3,,,0,9,,59235,3,,,0,8,,59223,3,,,0,9,,59186,3,,,0,12,,59196,3,,,0,53,,59185,3,,,0,12,,59172,3,,,0,17,,59217,3,,,0,20,,59175,3,,,0,60,,59216,3,,,0,24,,59183,3,0,10,0,60,,59197,3,0,10,0,20,,59168,3,0,10,0
661400,'2_merged_15291797',857,,59288,3,,,0,54,,59289,3,,,0,14,,59260,3,,,0,10,,59277,3,,,0,14,,59275,3,,,0,53,,59240,3,,,0,13,,59241,3,,,0,13,,59242,3,,,0,12,,59310,3,,,0,12,,59263,3,,,0,50,,59245,3,,,0,12,,59244,3,,,0,12,,59293,3,,,0,12,,59262,3,,,0,11,,59264,3,,,0,52,,59303,3,,,0,11,,59265,3,,,0,11,,59266,3,,,0,11,,59311,3,,,0,11,,59294,3,,,0,11,,59299,3,,,0,51,,59253,3,,,0,11,,59304,3,,,0,12,,59239,3,,,0,12,,59248,3,,,0,12,,59249,3,,,0,52,,59250,3,,,0,12,,59305,3,,,0,12,,59290,3,,,0,12,,59306,3,,,0,12,,59300,3,,,0,52,,59259,3,,,0,12,,59279,3,,,0,12,,59292,3,,,0,12,,59307,3,,,0,12,,59281,3,,,0,53,,59295,3,,,0,12,,59267,3,,,0,12,,59298,3,,,0,12,,59271,3,,,0,12,,59308,3,,,0,52,,59302,3,,,0,14,,59236,3,,,0,12,,59237,3,,,0,13,,59238,3,,,0,12,,59309,3,,,0,52,,59312,3,,,0,13,,59246,3,,,0,13,,59247,3,,,0,16,,59280,3,,,0,61,,59268,3,,,0,22,,59282,3,0,10,0,20,,59296,3,0,10,0,61,,59278,3,0,10,0,20,,59283,3,0,10,0,21,,59291,3,0,10,0,62,,59251,3,0,10,0,22,,59276,3,0,10,0,60,,59255,3,0,10,0,20,,59284,3,0,10,0,23,,59254,3,0,10,0,60,,59297,3,0,10,0,19,,59274,3,0,10,0,30,,59270,3,0,10,0
661400,'3_merged_15291796',944,,59337,3,,,0,56,,59366,3,,,0,14,,59367,3,,,0,15,,59364,3,,,0,14,,59357,3,,,0,15,,59322,3,,,0,55,,59356,3,,,0,13,,59338,3,,,0,15,,59369,3,,,0,15,,59370,3,,,0,54,,59371,3,,,0,12,,59372,3,,,0,12,,59373,3,,,0,12,,59320,3,,,0,12,,59314,3,,,0,53,,59376,3,,,0,12,,59327,3,,,0,12,,59340,3,,,0,12,,59331,3,,,0,12,,59341,3,,,0,50,,59377,3,,,0,12,,59343,3,,,0,12,,59326,3,,,0,12,,59375,3,,,0,13,,59315,3,,,0,52,,59378,3,,,0,12,,59318,3,,,0,13,,59350,3,,,0,13,,59351,3,,,0,55,,59352,3,,,0,15,,59329,3,,,0,15,,59344,3,,,0,15,,59345,3,,,0,55,,59346,3,,,0,16,,59347,3,,,0,15,,59333,3,,,0,15,,59368,3,,,0,55,,59319,3,,,0,15,,59323,3,,,0,20,,59324,3,,,0,19,,59325,3,,,0,59,,59374,3,,,0,20,,59316,3,0,10,0,20,,59313,3,0,10,0,58,,59359,3,0,10,0,20,,59360,3,0,10,0,22,,59342,3,0,10,0,64,,59339,3,0,10,0,22,,59317,3,0,10,0,60,,59362,3,0,10,0,20,,59332,3,0,10,0,23,,59355,3,0,10,0,61,,59363,3,0,10,0,20,,59328,3,0,10,0,28,,59354,3,0,10,0
683300,'1_merged_15291795',2541,,96786,3,,,0,73,,96788,3,,,0,31,,96787,3,,,0
683300,'2_merged_15291797',2537,,96789,3,,,0,70,,96791,3,,,0,28,,96790,3,,,0
683300,'3_merged_15291796',2540,,96792,3,,,0,70,,96794,3,,,0,30,,96793,3,,,0,77,,96795,3,,,0
1671800,'152201_merged_15291799',2036,,99502,3,0,10,0,16,,99503,3,0,10,0,55,,99504,3,0,10,0,15,,99505,3,0,10,0,18,,99506,3,0,10,0,60,,99507,3,0,10,0,21,,99508,3,0,10,0,20,,99509,3,0,10,0,60,,99510,3,0,10,0,30,,99511,3,0,10,0,16,,99501,3,0,10,0,55,,99512,3,0,10,0,15,,99515,3,0,10,0,15,,99513,3,0,10,0,70,,99514,3,0,10,0
1671800,'152301_merged_15291801',2036,,99518,3,0,10,0,16,,99519,3,0,10,0,55,,99520,3,0,10,0,15,,99521,3,0,10,0,18,,99522,3,0,10,0,60,,99523,3,0,10,0,21,,99524,3,0,10,0,20,,99525,3,0,10,0,60,,99526,3,0,10,0,30,,99527,3,0,10,0,16,,99516,3,0,10,0,55,,99528,3,0,10,0,15,,99517,3,0,10,0,15,,99529,3,0,10,0,70,,99530,3,0,10,0
1671800,'1_merged_15291795',300,,99603,3,0,10,0,30,,99604,3,0,10,0,76,,99605,3,0,10,0,31,,99572,3,,,0,77,,99574,3,,,0,19,,99569,3,,,0,26,,99576,3,,,0,54,,99577,3,,,0,15,,99578,3,,,0,12,,99579,3,,,0,12,,99566,3,,,0,54,,99567,3,,,0,13,,99583,3,,,0,14,,99584,3,,,0,13,,99585,3,,,0,12,,99586,3,,,0,51,,99587,3,,,0,13,,99588,3,,,0,14,,99589,3,,,0,14,,99590,3,,,0,54,,99591,3,,,0,14,,99592,3,,,0,15,,99593,3,,,0,15,,99594,3,,,0,55,,99595,3,,,0,15,,99596,3,,,0,14,,99597,3,,,0,15,,99598,3,,,0,55,,99599,3,,,0,16,,99600,3,,,0,15,,99601,3,,,0,15,,99602,3,,,0,54,,99580,3,,,0,15,,99581,3,,,0,15,,99582,3,,,0,15,,99559,3,,,0,55,,99560,3,,,0,15,,99561,3,,,0,16,,99531,3,,,0,15,,99532,3,,,0,54,,99533,3,,,0,8,,99534,3,,,0,8,,99571,3,,,0,14,,99535,3,,,0,14,,99536,3,,,0,12,,99537,3,,,0,53,,99538,3,,,0,12,,99539,3,,,0,10,,99609,3,,,0,11,,99540,3,,,0,10,,99541,3,,,0,50,,99542,3,,,0,11,,99543,3,,,0,10,,99544,3,,,0,10,,99545,3,,,0,9,,99546,3,,,0,9,,99547,3,,,0,49,,99608,3,,,0,9,,99548,3,,,0,9,,99549,3,,,0,10,,99550,3,,,0,10,,99551,3,,,0,12,,99552,3,,,0,54,,99553,3,,,0,13,,99554,3,,,0,13,,99555,3,,,0,11,,99556,3,0,10,0,15,,99557,3,0,10,0,57,,99558,3,0,10,0,15,,99562,3,0,10,0,18,,99563,3,0,10,0,55,,99565,3,0,10,0,16,,99564,3,0,10,0
1671800,'2_merged_15291797',301,,99707,3,0,10,0,30,,99708,3,0,10,0,75,,99703,3,0,10,0,30,,99638,3,,,0,78,,99669,3,,,0,25,,99670,3,,,0,15,,99647,3,,,0,56,,99648,3,,,0,18,,99649,3,,,0,20,,99650,3,,,0,56,,99651,3,,,0,14,,99652,3,,,0,13,,99653,3,,,0,13,,99655,3,,,0,11,,99656,3,,,0,53,,99657,3,,,0,14,,99658,3,,,0,15,,99659,3,,,0,15,,99660,3,,,0,53,,99661,3,,,0,15,,99662,3,,,0,15,,99663,3,,,0,15,,99664,3,,,0,54,,99665,3,,,0,15,,99666,3,,,0,12,,99667,3,,,0,12,,99668,3,,,0,12,,99654,3,,,0,51,,99639,3,,,0,12,,99671,3,,,0,13,,99672,3,,,0,12,,99673,3,,,0,13,,99674,3,,,0,50,,99640,3,,,0,10,,99675,3,,,0,10,,99676,3,,,0,10,,99677,3,,,0,10,,99678,3,,,0,10,,99679,3,,,0,49,,99641,3,,,0,10,,99680,3,,,0,10,,99681,3,,,0,10,,99682,3,,,0,10,,99683,3,,,0,11,,99684,3,,,0,51,,99642,3,,,0,11,,99685,3,,,0,12,,99686,3,,,0,10,,99687,3,,,0,10,,99688,3,,,0,50,,99689,3,,,0,10,,99643,3,,,0,10,,99690,3,,,0,10,,99691,3,,,0,10,,99693,3,,,0,10,,99694,3,,,0,50,,99695,3,,,0,10,,99644,3,,,0,9,,99696,3,,,0,10,,99697,3,,,0,10,,99692,3,,,0,9,,99698,3,,,0,10,,99699,3,,,0,50,,99645,3,,,0,11,,99700,3,,,0,11,,99701,3,,,0,12,,99702,3,,,0,12,,99610,3,,,0,52,,99611,3,,,0,12,,99612,3,,,0,15,,99613,3,,,0,13,,99614,3,0,10,0,55,,99615,3,0,10,0,15,,99616,3,0,10,0,15,,99617,3,0,10,0,16,,99618,3,0,10,0,55,,99619,3,0,10,0,14,,99620,3,0,10,0,14,,99621,3,0,10,0,16,,99622,3,0,10,0,55,,99623,3,0,10,0,15,,99624,3,0,10,0,22,,99633,3,0,10,0,20,,99625,3,0,10,0,60,,99626,3,0,10,0,21,,99627,3,0,10,0,61,,99628,3,0,10,0,24,,99629,3,0,10,0,33,,99630,3,0,10,0,70,,99631,3,0,10,0,30,,99632,3,0,10,0
1671800,'3_merged_15291796',300,,99793,3,0,10,0,30,,99794,3,0,10,0,76,,99791,3,0,10,0,30,,99792,3,0,10,0,76,,99787,3,,,0,23,,99728,3,,,0,20,,99734,3,,,0,59,,99735,3,,,0,26,,99788,3,,,0,60,,99736,3,,,0,14,,99738,3,,,0,15,,99711,3,,,0,12,,99737,3,,,0,12,,99739,3,,,0,54,,99740,3,,,0,15,,99741,3,,,0,14,,99742,3,,,0,16,,99743,3,,,0,55,,99744,3,,,0,16,,99745,3,,,0,14,,99746,3,,,0,15,,99747,3,,,0,56,,99748,3,,,0,16,,99749,3,,,0,14,,99750,3,,,0,14,,99751,3,,,0,51,,99752,3,,,0,14,,99772,3,,,0,13,,99753,3,,,0,12,,99754,3,,,0,13,,99755,3,,,0,52,,99712,3,,,0,11,,99756,3,,,0,12,,99757,3,,,0,12,,99758,3,,,0,12,,99759,3,,,0,52,,99713,3,,,0,13,,99760,3,,,0,10,,99761,3,,,0,13,,99762,3,,,0,12,,99763,3,,,0,52,,99724,3,,,0,13,,99764,3,,,0,12,,99765,3,,,0,13,,99766,3,,,0,12,,99767,3,,,0,52,,99725,3,,,0,12,,99768,3,,,0,11,,99769,3,,,0,12,,99770,3,,,0,12,,99733,3,,,0,51,,99726,3,,,0,11,,99771,3,,,0,12,,99729,3,,,0,12,,99730,3,,,0,14,,99731,3,,,0,52,,99727,3,,,0,12,,99714,3,,,0,14,,99715,3,,,0,14,,99716,3,,,0,55,,99717,3,,,0,15,,99718,3,,,0,15,,99719,3,,,0,16,,99720,3,0,10,0,56,,99721,3,0,10,0,16,,99722,3,0,10,0,15,,99723,3,0,10,0,15,,99732,3,0,10,0,55,,99790,3,0,10,0,15,,99774,3,0,10,0,18,,99775,3,0,10,0,15,,99776,3,0,10,0,55,,99777,3,0,10,0,15,,99789,3,0,10,0,21,,99778,3,0,10,0,60,,99779,3,0,10,0,20,,99780,3,0,10,0,22,,99781,3,0,10,0,61,,99782,3,0,10,0,24,,99783,3,0,10,0,72,,99784,3,0,10,0,30,,99785,3,0,10,0,70,,99786,3,0,10,0
