670800,'1',531,,27691,16,,,0,22,,27687,17,,,0,56,,27661,17,,,0,17,,27666,16,,,0,16,,27689,16,,,0,15,,27656,16,,,0,67,,27688,17,,,0,13,,27695,17,,,0,13,,27690,17,,,0,53,,27668,17,,,0,17,,27651,17,,,0,19,,27667,17,,,0,19,,27653,17,,,0,68,,27658,16,,,0,29,,27659,16,,,0,70,,27671,16,,,0,30,,27654,16,,,0,70,,27672,16,,,0,30,,27677,16,,,0,70,,27673,16,,,0,30,,27660,16,,,0,71,,27674,16,,,0,30,,27684,16,,,0,70,,27675,16,,,0,31,,27662,16,,,0,58,,27664,17,,,0,20,,27669,16,,,0,80,,27650,17,,,0,20,,27665,17,,,0,19,,27678,17,,,0,59,,27692,17,,,0,15,,27679,17,,,0,15,,27680,17,,,0,14,,27670,17,,,0,55,,27693,17,,,0,15,,27681,16,,,0,15,,27682,16,,,0,14,,27694,16,,,0,55,,27663,16,,,0,19,,27686,16,,,0,20,,27696,16,,,0,60,,27685,16,,,0,20,,27676,16,,,0,20,,27697,16,,,0,60,,27655,16,,,0,97,,27657,16,,,0,99,,27683,16,,,0,102,,27652,16,,,0
670800,'101',712,,27699,17,,,0,793,,27700,11,,,0,50,,27698,17,,,0
670800,'2',550,,27735,16,,,0,56,,27734,16,,,0,16,,27723,16,,,0,20,,27736,16,,,0,60,,27722,17,,,0,22,,27707,16,,,0,20,,27737,17,,,0,60,,27721,17,,,0,29,,27706,17,,,0,70,,27720,17,,,0,30,,27701,16,,,0,70,,27719,16,,,0,31,,27727,16,,,0,70,,27718,16,,,0,30,,27705,16,,,0,70,,27717,16,,,0,30,,27703,16,,,0,70,,27716,16,,,0,31,,27702,16,,,0,70,,27715,16,,,0,30,,27728,16,,,0,70,,27714,16,,,0,30,,27738,17,,,0,70,,27713,17,,,0,30,,27731,17,,,0,70,,27712,17,,,0,30,,27704,17,,,0,70,,27711,17,,,0,30,,27733,16,,,0,70,,27710,16,,,0,28,,27732,16,,,0,69,,27709,16,,,0,30,,27730,16,,,0,69,,27708,16,,,0,33,,27729,16,,,0,97,,27726,16,,,0,99,,27725,16,,,0,100,,27724,16,,,0
670800,'201',712,,27739,17,,,0,843,,27740,16,,,0
670800,'3',631,,27741,16,,,0,20,,27772,16,,,0,60,,27771,17,,,0,20,,27770,17,,,0,71,,27749,17,,,0,30,,27769,17,,,0,71,,27759,17,,,0,30,,27768,16,,,0,70,,27758,16,,,0,30,,27767,16,,,0,70,,27754,16,,,0,30,,27766,16,,,0,71,,27753,16,,,0,23,,27765,16,,,0,20,,27775,16,,,0,60,,27752,16,,,0,21,,27776,16,,,0,20,,27764,16,,,0,60,,27751,16,,,0,20,,27763,16,,,0,20,,27777,16,,,0,60,,27755,16,,,0,20,,27746,17,,,0,20,,27778,17,,,0,60,,27750,17,,,0,20,,27745,17,,,0,20,,27779,17,,,0,59,,27756,17,,,0,20,,27773,17,,,0,20,,27780,17,,,0,60,,27762,17,,,0,20,,27744,16,,,0,20,,27774,16,,,0,60,,27757,16,,,0,30,,27743,16,,,0,69,,27747,16,,,0,31,,27742,16,,,0,71,,27761,16,,,0,94,,27748,16,,,0,98,,27760,16,,,0,100,,27781,16,,,0
670901,'1',518,,27985,24,,,0,23,,27975,24,,,0,61,,27987,24,,,0,20,,27976,24,,,0,84,,27983,24,,,0,20,,27988,24,,,0,18,,27992,24,,,0,15,,27964,24,,,0,55,,27967,24,,,0,21,,27989,24,,,0,20,,27966,24,,,0,69,,27990,24,,,0,33,,27965,24,,,0,99,,27979,24,,,0,100,,27980,24,,,0,101,,27982,24,,,0,101,,27991,24,,,0,76,,27981,24,,,0,70,,27986,24,,,0,30,,27977,24,,,0,70,,27969,24,,,0,27,,27963,24,,,0,69,,27970,24,,,0,29,,27971,24,,,0,30,,27972,24,,,0,69,,27973,24,,,0,31,,27968,24,,,0,76,,27984,24,,,0,105,,27974,24,,,0,107,,27978,24,,,0
670901,'101',645,,27993,24,,,0
670901,'2',819,,28006,24,,,0,103,,28004,24,,,0,100,,28003,24,,,0,101,,28001,24,,,0,102,,28000,24,,,0,100,,27999,24,,,0,100,,27998,24,,,0,100,,28002,24,,,0,100,,27995,24,,,0,99,,27997,24,,,0,100,,28005,24,,,0,100,,27996,24,,,0,99,,27994,24,,,0,99,,28007,24,,,0
670901,'201',645,,28008,24,,,0
670901,'3',1142,,28010,24,,,0,105,,28015,24,,,0,104,,28016,24,,,0,100,,28012,24,,,0,100,,28011,24,,,0,100,,28013,24,,,0,100,,28009,24,,,0,100,,28019,24,,,0,100,,28014,24,,,0,94,,28018,24,,,0,97,,28017,24,,,0
