664300,'1',527,,13079,6,,,0,20,,13080,6,,,0,60,,13081,6,,,0,21,,13082,6,,,0,20,,13083,6,,,0,60,,13084,6,,,0,20,,13085,6,,,0,20,,13086,6,,,0,60,,13087,6,,,0,20,,13088,6,,,0,25,,13089,6,,,0,65,,13090,6,,,0,35,,13091,6,,,0,70,,13092,6,,,0,30,,13093,6,,,0,70,,13094,6,,,0,30,,13095,6,,,0,70,,13096,6,,,0,30,,13097,6,,,0,70,,13098,6,,,0,27,,13099,6,,,0,73,,13100,6,,,0,31,,13101,6,,,0,55,,13102,6,,,0,20,,13103,6,,,0,20,,13104,6,,,0,60,,13105,6,,,0,20,,13106,6,,,0,20,,13107,6,,,0,55,,13108,6,,,0,20,,13109,6,,,0,20,,13110,6,,,0,59,,13111,6,,,0,20,,13112,6,,,0,25,,13113,6,,,0,70,,13114,6,,,0,30,,13115,6,,,0,70,,13116,6,,,0,30,,13117,6,,,0,99,,13118,6,,,0,100,,13119,6,,,0,100,,13120,6,,,0,154,,13121,6,,,0
664300,'2',617,,13122,6,,,0,30,,13123,6,,,0,70,,13124,6,,,0,31,,13125,6,,,0,69,,13126,6,,,0,32,,13127,6,,,0,71,,13128,6,,,0,30,,13129,6,,,0,70,,13130,6,,,0,23,,13131,6,,,0,70,,13132,6,,,0,30,,13133,6,,,0,70,,13134,6,,,0,30,,13135,6,,,0,70,,13136,6,,,0,30,,13137,6,,,0,70,,13138,6,,,0,30,,13139,6,,,0,70,,13140,6,,,0,30,,13141,6,,,0,70,,13142,6,,,0,30,,13143,6,,,0,70,,13144,6,,,0,30,,13145,6,,,0,70,,13146,6,,,0,30,,13147,6,,,0,77,,13148,6,,,0,30,,13149,6,,,0,70,,13150,6,,,0,28,,13151,6,,,0,100,,13155,6,,,0,105,,13152,6,,,0,100,,13153,6,,,0,99,,13154,6,,,0
664300,'3',747,,13177,6,,,0,70,,13176,6,,,0,30,,13175,6,,,0,70,,13174,6,,,0,30,,13173,6,,,0,70,,13172,6,,,0,30,,13171,6,,,0,71,,13170,6,,,0,30,,13169,6,,,0,70,,13168,6,,,0,30,,13167,6,,,0,70,,13166,6,,,0,30,,13165,6,,,0,70,,13157,6,,,0,30,,13156,6,,,0,70,,13186,6,,,0,30,,13185,6,,,0,70,,13184,6,,,0,30,,13183,6,,,0,70,,13182,6,,,0,30,,13181,6,,,0,70,,13180,6,,,0,30,,13179,6,,,0,70,,13158,6,,,0,30,,13164,6,,,0,72,,13163,6,,,0,23,,13162,6,,,0,95,,13160,6,,,0,109,,13161,6,,,0,104,,13159,6,,,0,150,,13178,6,,,0
666200,'1',548,,18170,6,,,0,60,,18169,6,,,0,15,,18168,6,,,0,16,,18167,6,,,0,14,,18187,6,,,0,55,,18166,6,,,0,10,,18165,6,,,0,20,,18164,6,,,0,15,,18163,6,,,0,56,,18188,6,,,0,5,,18193,6,,,0,9,,18162,6,,,0,15,,18156,6,,,0,15,,18155,6,,,0,55,,18161,6,,,0,15,,18189,6,,,0,14,,18175,6,,,0,20,,18160,6,,,0,56,,18159,6,,,0,20,,18174,6,,,0,20,,18158,6,,,0,60,,18157,6,,,0,20,,18173,6,,,0,20,,18154,6,,,0,60,,18153,6,,,0,20,,18172,6,,,0,20,,18152,6,,,0,60,,18151,6,,,0,20,,18171,6,,,0,20,,18150,6,,,0,70,,18149,6,,,0,21,,18148,6,,,0,62,,18147,6,,,0,7,,18146,6,,,0,13,,18190,6,,,0,23,,18145,6,,,0,60,,18144,6,,,0,15,,18191,6,,,0,10,,18143,6,,,0,20,,18183,6,,,0,50,,18184,6,,,0,20,,18192,6,,,0,20,,18142,6,,,0,59,,18182,6,,,0,20,,18141,6,,,0,25,,18140,6,,,0,75,,18139,6,,,0,30,,18176,6,,,0,70,,18138,6,,,0,30,,18186,6,,,0,70,,18181,6,,,0,30,,18194,6,,,0,70,,18180,6,,,0,30,,18195,6,,,0,69,,18185,6,,,0,30,,18196,6,,,0,80,,18179,6,,,0,22,,18177,6,,,0,88,,18178,6,,,0
666200,'101',1534,,18197,6,,,0
666200,'2',557,,18199,6,,,0,70,,18200,6,,,0,30,,18201,6,,,0,70,,18202,6,,,0,30,,18203,6,,,0,71,,18204,6,,,0,30,,18205,6,,,0,70,,18206,6,,,0,30,,18207,6,,,0,70,,18208,6,,,0,25,,18209,6,,,0,70,,18210,6,,,0,30,,18211,6,,,0,70,,18212,6,,,0,30,,18213,6,,,0,70,,18214,6,,,0,30,,18215,6,,,0,70,,18216,6,,,0,30,,18217,6,,,0,70,,18218,6,,,0,30,,18219,6,,,0,70,,18220,6,,,0,30,,18221,6,,,0,70,,18222,6,,,0,30,,18223,6,,,0,70,,18224,6,,,0,30,,18225,6,,,0,75,,18226,6,,,0,30,,18227,6,,,0,70,,18228,6,,,0,30,,18229,6,,,0,70,,18230,6,,,0,30,,18235,6,,,0,75,,18233,6,,,0,69,,18236,6,,,0,30,,18234,6,,,0,70,,18237,6,,,0,100,,18231,6,,,0,51,,18232,6,,,0
666200,'201',1534,,18238,6,,,0
666200,'3',728,,18268,6,,,0,30,,18269,6,,,0,70,,18270,6,,,0,30,,18242,6,,,0,70,,18241,6,,,0,30,,18240,6,,,0,70,,18239,6,,,0,30,,18267,6,,,0,70,,18266,6,,,0,30,,18265,6,,,0,70,,18264,6,,,0,30,,18263,6,,,0,70,,18262,6,,,0,30,,18261,6,,,0,70,,18260,6,,,0,30,,18259,6,,,0,70,,18258,6,,,0,30,,18257,6,,,0,70,,18256,6,,,0,30,,18255,6,,,0,70,,18254,6,,,0,30,,18253,6,,,0,70,,18252,6,,,0,30,,18251,6,,,0,70,,18250,6,,,0,30,,18249,6,,,0,70,,18248,6,,,0,30,,18247,6,,,0,70,,18243,6,,,0,30,,18246,6,,,0,69,,18271,6,,,0,30,,18245,6,,,0,70,,18272,6,,,0,30,,18244,6,,,0
666300,'1',512,,18452,6,,,0,30,,18449,6,,,0,71,,18410,6,,,0,21,,18433,6,,,0,24,,18434,6,,,0,63,,18435,6,,,0,20,,18436,6,,,0,62,,18437,6,,,0,20,,18438,6,,,0,20,,18439,6,,,0,60,,18440,6,,,0,20,,18450,6,,,0,20,,18441,6,,,0,60,,18442,6,,,0,15,,18451,6,,,0,30,,18443,6,,,0,70,,18444,6,,,0,30,,18430,6,,,0,70,,18445,6,,,0,30,,18446,6,,,0,70,,18447,6,,,0,31,,18448,6,,,0,72,,18414,6,,,0,27,,18431,6,,,0,61,,18415,6,,,0,25,,18416,6,,,0,18,,18417,6,,,0,62,,18432,6,,,0,15,,18418,6,,,0,25,,18419,6,,,0,60,,18420,6,,,0,23,,18421,6,,,0,17,,18413,6,,,0,59,,18409,6,,,0,20,,18422,6,,,0,20,,18423,6,,,0,58,,18424,6,,,0,32,,18425,6,,,0,68,,18426,6,,,0,29,,18427,6,,,0,70,,18428,6,,,0,30,,18453,6,,,0,71,,18429,6,,,0,29,,18454,6,,,0,70,,18412,6,,,0,30,,18455,6,,,0,70,,18411,6,,,0
666300,'2',547,,18459,6,,,0,65,,18460,6,,,0,30,,18461,6,,,0,70,,18462,6,,,0,32,,18463,6,,,0,68,,18464,6,,,0,32,,18465,6,,,0,73,,18466,6,,,0,27,,18467,6,,,0,71,,18468,6,,,0,33,,18469,6,,,0,70,,18470,6,,,0,30,,18471,6,,,0,70,,18472,6,,,0,30,,18473,6,,,0,70,,18474,6,,,0,30,,18475,6,,,0,70,,18476,6,,,0,30,,18477,6,,,0,70,,18478,6,,,0,30,,18479,6,,,0,70,,18480,6,,,0,30,,18481,6,,,0,70,,18482,6,,,0,30,,18483,6,,,0,70,,18484,6,,,0,30,,18485,6,,,0,67,,18486,6,,,0,30,,18487,6,,,0,70,,18488,6,,,0,30,,18489,6,,,0,69,,18490,6,,,0,30,,18491,6,,,0,70,,18456,6,,,0,30,,18492,6,,,0,70,,18458,6,,,0,30,,18493,6,,,0,70,,18457,6,,,0
666300,'3',713,,18523,6,,,0,30,,18524,6,,,0,70,,18525,6,,,0,30,,18518,6,,,0,70,,18519,6,,,0,30,,18504,6,,,0,70,,18520,6,,,0,30,,18521,6,,,0,70,,18515,6,,,0,30,,18522,6,,,0,70,,18494,6,,,0,30,,18495,6,,,0,70,,18496,6,,,0,30,,18497,6,,,0,70,,18498,6,,,0,30,,18499,6,,,0,70,,18500,6,,,0,30,,18501,6,,,0,70,,18502,6,,,0,30,,18503,6,,,0,70,,18505,6,,,0,30,,18506,6,,,0,70,,18507,6,,,0,30,,18508,6,,,0,70,,18509,6,,,0,30,,18510,6,,,0,70,,18511,6,,,0,29,,18512,6,,,0,70,,18513,6,,,0,30,,18526,6,,,0,70,,18514,6,,,0,30,,18527,6,,,0,70,,18517,6,,,0,30,,18528,6,,,0,60,,18516,6,,,0
