3003901,'1',530,,44533,27,,,0,24,,44522,27,,,0,47,,44534,27,,,0,23,,44532,27,,,0,10,,44535,27,,,0,20,,44531,27,,,0,50,,44536,27,,,0,20,,44530,27,,,0,11,,44537,27,,,0,20,,44529,27,,,0,50,,44538,27,,,0,23,,44523,27,,,0,17,,44539,27,,,0,68,,44540,27,,,0,30,,44541,27,,,0,66,,44542,27,,,0,30,,44543,27,,,0,73,,44544,27,,,0,27,,44545,27,,,0,73,,44546,27,,,0,30,,44501,27,,,0,70,,44502,27,,,0,28,,44503,27,,,0,77,,44504,27,,,0,30,,44505,27,,,0,72,,44506,27,,,0,29,,44507,27,,,0,70,,44508,27,,,0,30,,44509,27,,,0,70,,44510,27,,,0,13,,44528,27,,,0,16,,44511,27,,,0,10,,44527,27,,,0,59,,44512,27,,,0,9,,44526,27,,,0,28,,44513,27,,,0,52,,44525,27,,,0,10,,44514,27,,,0,24,,44515,27,,,0,11,,44524,27,,,0,59,,44516,27,,,0,34,,44517,27,,,0,96,,44518,27,,,0,100,,44519,27,,,0,98,,44520,27,,,0,97,,44521,27,,,0
3003901,'101',1546,,44547,27,,,0
3003901,'2',636,,44562,27,,,0,70,,44551,27,,,0,30,,44563,27,,,0,71,,44548,27,,,0,30,,44564,27,,,0,72,,44549,27,,,0,32,,44565,27,,,0,71,,44552,27,,,0,30,,44566,27,,,0,70,,44553,27,,,0,30,,44567,27,,,0,70,,44554,27,,,0,30,,44568,27,,,0,71,,44555,27,,,0,30,,44569,27,,,0,70,,44556,27,,,0,30,,44570,27,,,0,70,,44557,27,,,0,30,,44571,27,,,0,70,,44558,27,,,0,30,,44572,27,,,0,70,,44559,27,,,0,30,,44573,27,,,0,67,,44560,27,,,0,30,,44576,27,,,0,69,,44561,27,,,0,30,,44574,27,,,0,99,,44575,27,,,0,99,,44577,27,,,0,100,,44578,27,,,0,100,,44579,27,,,0,100,,44550,27,,,0
3003901,'3',635,,44581,27,,,0,100,,44582,27,,,0,101,,44583,27,,,0,101,,44584,27,,,0,103,,44585,27,,,0,100,,44586,27,,,0,70,,44599,27,,,0,30,,44587,27,,,0,70,,44600,27,,,0,30,,44588,27,,,0,70,,44601,27,,,0,30,,44589,27,,,0,70,,44602,27,,,0,30,,44590,27,,,0,70,,44603,27,,,0,33,,44591,27,,,0,67,,44604,27,,,0,30,,44592,27,,,0,70,,44605,27,,,0,29,,44593,27,,,0,101,,44594,27,,,0,98,,44595,27,,,0,98,,44596,27,,,0,99,,44597,27,,,0,100,,44598,27,,,0,100,,44580,27,,,0
3004001,'1',532,,44723,33,,,0,21,,44738,33,,,0,49,,44724,33,,,0,23,,44737,33,,,0,10,,44725,33,,,0,20,,44736,33,,,0,49,,44726,33,,,0,18,,44735,33,,,0,11,,44740,33,,,0,80,,44741,33,,,0,11,,44727,33,,,0,20,,44742,33,,,0,81,,44743,33,,,0,30,,44744,33,,,0,70,,44745,33,,,0,30,,44746,33,,,0,68,,44747,33,,,0,33,,44748,33,,,0,70,,44749,33,,,0,30,,44750,33,,,0,70,,44733,33,,,0,30,,44734,33,,,0,70,,44751,33,,,0,77,,44752,33,,,0,29,,44739,33,,,0,27,,44753,33,,,0,69,,44754,33,,,0,73,,44755,33,,,0,18,,44711,33,,,0,10,,44732,33,,,0,16,,44712,33,,,0,11,,44731,33,,,0,59,,44713,33,,,0,9,,44730,33,,,0,29,,44714,33,,,0,50,,44729,33,,,0,12,,44715,33,,,0,23,,44716,33,,,0,13,,44728,33,,,0,58,,44717,33,,,0,96,,44718,33,,,0,102,,44719,33,,,0,100,,44720,33,,,0,97,,44721,33,,,0,100,,44722,33,,,0
3004001,'101',759,,44756,33,,,0
3004001,'2',722,,44764,33,,,0,30,,44782,33,,,0,70,,44765,33,,,0,30,,44783,33,,,0,71,,44766,33,,,0,33,,44786,33,,,0,69,,44767,33,,,0,30,,44757,33,,,0,70,,44768,33,,,0,32,,44758,33,,,0,70,,44769,33,,,0,30,,44759,33,,,0,70,,44770,33,,,0,30,,44760,33,,,0,70,,44771,33,,,0,30,,44784,33,,,0,70,,44772,33,,,0,30,,44785,33,,,0,70,,44773,33,,,0,30,,44761,33,,,0,69,,44774,33,,,0,30,,44762,33,,,0,70,,44775,33,,,0,30,,44763,33,,,0,70,,44776,33,,,0,86,,44777,33,,,0,95,,44778,33,,,0,100,,44779,33,,,0,100,,44780,33,,,0,100,,44781,33,,,0
3004001,'201',759,,44787,33,,,0
3004001,'3',721,,44789,33,,,0,102,,44790,33,,,0,100,,44791,33,,,0,101,,44792,33,,,0,30,,44806,33,,,0,70,,44793,33,,,0,30,,44807,33,,,0,70,,44794,33,,,0,31,,44808,33,,,0,70,,44795,33,,,0,30,,44809,33,,,0,70,,44796,33,,,0,30,,44810,33,,,0,70,,44797,33,,,0,31,,44811,33,,,0,69,,44798,33,,,0,29,,44812,33,,,0,70,,44799,33,,,0,30,,44813,33,,,0,70,,44800,33,,,0,30,,44814,33,,,0,60,,44802,33,,,0,100,,44788,33,,,0,97,,44801,33,,,0,100,,44803,33,,,0,100,,44804,33,,,0,100,,44805,33,,,0
3004101,'1',628,,44841,13,,,0,15,,44853,13,,,0,15,,44842,13,,,0,56,,44854,13,,,0,15,,44852,13,,,0,15,,44855,13,,,0,15,,44843,13,,,0,55,,44856,13,,,0,15,,44844,13,,,0,15,,44857,13,,,0,15,,44845,13,,,0,668,,44846,13,,,0,15,,44858,13,,,0,15,,44847,13,,,0,55,,44859,13,,,0,23,,44848,13,,,0,15,,44860,13,,,0,6,,44863,13,,,0,49,,44849,13,,,0,14,,44861,13,,,0,14,,44850,13,,,0,79,,44851,13,,,0,89,,44862,13,,,0
