'1merged14745384',669900,50700,4,'',0,2400,4,'',0,2200,4,'',0,6100,4,'',0,2400,4,'',0,6200,4,'',0,1500,4,'',0,1500,4,'',0,1300,4,'',0,1500,4,'',0,5900,4,'',0,1400,4,'',0,1500,4,'',0
'1merged14745384',671500,50400,4,'',0,2100,4,'',0,2000,4,'',0,6200,4,'',0,2000,4,'',0,1900,4,'',0,900,4,'',0,5300,4,'',0,1200,4,'',0,1100,4,'',0,1100,4,'',0,1200,4,'',0,5000,4,'',0,1000,4,'',0,1000,4,'',0,1200,4,'',0,1100,4,'',0,1000,4,'',0,5000,4,'',0,1500,4,'',0,1700,4,'',0,1400,4,'',0,5500,4,'',0,1500,4,'',0,1500,4,'',0,1700,4,'',0,5400,4,'',0,1300,4,'',0,1500,4,'',0,1500,4,'',0,5500,4,'',0,1500,4,'',0,1500,4,'',0,1500,4,'',0,5500,4,'',0,1400,4,'',0,1400,4,'',0,1700,4,'',0,5600,4,'',0,1600,4,'',0,1500,4,'',0,1600,4,'',0,5600,4,'',0,1700,4,'',0,1500,4,'',0,1400,4,'',0,5400,4,'',0,1200,4,'',0,1200,4,'',0,1200,4,'',0,1200,4,'',0,5100,4,'',0,1200,4,'',0,1200,4,'',0,1300,4,'',0,900,4,'',0,5200,4,'',0,1000,4,'',0,1200,4,'',0,1000,4,'',0,1200,4,'',0,5300,4,'',0,1200,4,'',0,1300,4,'',0,1500,4,'',0,1400,4,'',0,5500,4,'',0,1500,4,'',0,1700,4,'',0,6100,4,'',0,3000,4,'',0,7000,4,'',0,3000,4,'',0,6600,4,'',0,3000,4,'',0,2200,4,'',0,7100,4,'',0,3000,4,'',0,7100,4,'',0,3000,4,'',0
'2merged14745386',671500,50600,4,'',0,10100,4,'',0,4100,4,'',0,6200,4,'',0,2000,4,'',0,2000,4,'',0,6000,4,'',0,2000,4,'',0,1800,4,'',0,5500,4,'',0,1600,4,'',0,1500,4,'',0,1600,4,'',0,5500,4,'',0,1800,4,'',0,1500,4,'',0,1500,4,'',0,5500,4,'',0,1500,4,'',0,1500,4,'',0,1800,4,'',0,5500,4,'',0,1500,4,'',0,1500,4,'',0,1500,4,'',0,5500,4,'',0,1900,4,'',0,1500,4,'',0,1300,4,'',0,5500,4,'',0,1700,4,'',0,1500,4,'',0,5600,4,'',0,1500,4,'',0,1300,4,'',0,1500,4,'',0,1500,4,'',0,5500,4,'',0,1600,4,'',0,1500,4,'',0,5600,4,'',0,1500,4,'',0,1500,4,'',0,1500,4,'',0,1300,4,'',0,5300,4,'',0,1300,4,'',0,1500,4,'',0,1300,4,'',0,5500,4,'',0,1400,4,'',0,1500,4,'',0,1500,4,'',0,5500,4,'',0,1300,4,'',0,1500,4,'',0,1700,4,'',0,5500,4,'',0,1300,4,'',0,1500,4,'',0,1500,4,'',0,6000,4,'',0,2100,4,'',0,6900,4,'',0,3000,4,'',0,2800,4,'',0,8400,4,'',0,7000,4,'',0,3000,4,'',0
'3merged14745385',671500,50400,4,'',0,10200,4,'',0,4000,4,'',0,6300,4,'',0,2000,4,'',0,2000,4,'',0,6000,4,'',0,2200,4,'',0,1600,4,'',0,5500,4,'',0,1700,4,'',0,1500,4,'',0,1600,4,'',0,5500,4,'',0,1600,4,'',0,1500,4,'',0,1500,4,'',0,5500,4,'',0,1500,4,'',0,1500,4,'',0,1600,4,'',0,5500,4,'',0,1500,4,'',0,1500,4,'',0,1500,4,'',0,5500,4,'',0,1500,4,'',0,1500,4,'',0,1900,4,'',0,5500,4,'',0,1300,4,'',0,1500,4,'',0,1700,4,'',0,5500,4,'',0,1500,4,'',0,1500,4,'',0,1500,4,'',0,5300,4,'',0,1400,4,'',0,1500,4,'',0,1500,4,'',0,5500,4,'',0,1500,4,'',0,1500,4,'',0,1400,4,'',0,5400,4,'',0,1500,4,'',0,1500,4,'',0,1500,4,'',0,5500,4,'',0,1400,4,'',0,1500,4,'',0,1500,4,'',0,5500,4,'',0,1600,4,'',0,1500,4,'',0,1400,4,'',0,5500,4,'',0,1300,4,'',0,1500,4,'',0,1800,4,'',0,6000,4,'',0,2000,4,'',0,2800,4,'',0,7000,4,'',0,3000,4,'',0,8400,4,'',0,7000,4,'',0,3000,4,'',0
'1merged14745384',671600,52500,4,'',0,3100,4,'',0,7000,4,'',0,2400,4,'',0,6000,4,'',0,2100,4,'',0,2000,4,'',0,7000,4,'',0,3400,4,'',0,6600,4,'',0,3100,4,'',0
'1merged14745384',671700,61000,4,'',0,3100,4,'',0,6000,4,'',0,1500,4,'',0,1500,4,'',0,1300,4,'',0,6000,4,'',0,1500,4,'',0,2100,4,'',0
'1merged14745384',672400,45600,4,'',0,6800,4,'',0,2000,4,'',0,6400,4,'',0,2000,4,'',0,1500,4,'',0,1500,4,'',0,5500,4,'',0,1500,4,'',0,1500,4,'',0,1500,4,'',0,5600,4,'',0,1500,4,'',0,1500,4,'',0,1500,4,'',0,5500,4,'',0,1500,4,'',0,1500,4,'',0,1500,4,'',0,5900,4,'',0,1900,4,'',0,2000,4,'',0,6000,4,'',0,2000,4,'',0,2000,4,'',0,6000,4,'',0,2000,4,'',0,2100,4,'',0,5900,4,'',0,2000,4,'',0,2000,4,'',0,6000,4,'',0,1900,4,'',0,1600,4,'',0,5500,4,'',0,1500,4,'',0,1500,4,'',0,1500,4,'',0,5500,4,'',0,1500,4,'',0,1500,4,'',0,1600,4,'',0,5500,4,'',0,1600,4,'',0,1500,4,'',0,1500,4,'',0,5500,4,'',0,1500,4,'',0,1500,4,'',0,1500,4,'',0,5400,4,'',0,1600,4,'',0,1500,4,'',0,1600,4,'',0,5700,4,'',0,2400,4,'',0,6500,4,'',0,2900,4,'',0,7000,4,'',0,3000,4,'',0,7000,4,'',0,2800,4,'',0,3000,4,'',0,7000,4,'',0,3000,4,'',0,6700,4,'',0
'2merged14745386',672400,45100,4,'',0,7600,4,'',0,3200,4,'',0,7800,4,'',0,7300,4,'',0,2800,4,'',0,7000,4,'',0,3000,4,'',0,1700,4,'',0,6400,4,'',0,1400,4,'',0,1500,4,'',0,5800,4,'',0,1300,4,'',0,1500,4,'',0,1700,4,'',0,5500,4,'',0,1500,4,'',0,1500,4,'',0,1500,4,'',0,5300,4,'',0,1100,4,'',0,2000,4,'',0,1600,4,'',0,5600,4,'',0,1400,4,'',0,1600,4,'',0,1700,4,'',0,5600,4,'',0,1500,4,'',0,1500,4,'',0,1400,4,'',0,5500,4,'',0,1400,4,'',0,1600,4,'',0,1700,4,'',0,5900,4,'',0,1500,4,'',0,1100,4,'',0,1500,4,'',0,5700,4,'',0,1300,4,'',0,1800,4,'',0,1200,4,'',0,6000,4,'',0,1000,4,'',0,1500,4,'',0,6100,4,'',0,2000,4,'',0,2000,4,'',0,6000,4,'',0,2000,4,'',0,2700,4,'',0,6900,4,'',0,3000,4,'',0,7000,4,'',0,3000,4,'',0,7000,4,'',0,2600,4,'',0,6400,4,'',0,2800,4,'',0,7900,4,'',0,2800,4,'',0
'3merged14745385',672400,52100,4,'',0,3000,4,'',0,7000,4,'',0,3000,4,'',0,7000,4,'',0,2400,4,'',0,6300,4,'',0,2000,4,'',0,2000,4,'',0,6200,4,'',0,2000,4,'',0,2400,4,'',0,6100,4,'',0,1900,4,'',0,2000,4,'',0,6000,4,'',0,2000,4,'',0,2000,4,'',0,6000,4,'',0,2000,4,'',0,2000,4,'',0,6000,4,'',0,2100,4,'',0,2000,4,'',0,6000,4,'',0,2100,4,'',0,1500,4,'',0,5600,4,'',0,1500,4,'',0,1500,4,'',0,1500,4,'',0,5500,4,'',0,1500,4,'',0,1500,4,'',0,1500,4,'',0,5500,4,'',0,1500,4,'',0,1500,4,'',0,1500,4,'',0,5500,4,'',0,1500,4,'',0,1500,4,'',0,1500,4,'',0,5500,4,'',0,1600,4,'',0,1600,4,'',0,1800,4,'',0,5800,4,'',0,2100,4,'',0,6500,4,'',0,2600,4,'',0,3100,4,'',0,7200,4,'',0,7200,4,'',0,3200,4,'',0,7000,4,'',0,3000,4,'',0,7000,4,'',0,3000,4,'',0
'101',674100,155500,4,'',0
'1merged14745384',674100,45600,4,'',0,7000,4,'',0,3200,4,'',0,5400,4,'',0,1600,4,'',0,1600,4,'',0,800,4,'',0,600,4,'',0,4700,4,'',0,600,4,'',0,500,4,'',0,1300,4,'',0,1500,4,'',0,900,4,'',0,5000,4,'',0,1100,4,'',0,1000,4,'',0,2200,4,'',0,800,4,'',0,5400,4,'',0,1400,4,'',0,1400,4,'',0,1200,4,'',0,5400,4,'',0,1800,4,'',0,1500,4,'',0,1800,4,'',0,6500,4,'',0,3200,4,'',0,7000,4,'',0,3000,4,'',0,7200,4,'',0,3100,4,'',0,7100,4,'',0,3200,4,'',0,5300,4,'',0,1600,4,'',0,1700,4,'',0,1400,4,'',0,6000,4,'',0,1400,4,'',0,1500,4,'',0,5500,4,'',0,1400,4,'',0,1400,4,'',0,1400,4,'',0,1200,4,'',0,5500,4,'',0,1100,4,'',0,1900,4,'',0,1500,4,'',0,5700,4,'',0,2100,4,'',0,1900,4,'',0,5900,4,'',0,1800,4,'',0,2000,4,'',0,6000,4,'',0,2000,4,'',0,2700,4,'',0,6900,4,'',0,3000,4,'',0,7000,4,'',0,3000,4,'',0,9900,4,'',0,9300,4,'',0
'2merged14745386',674100,50100,4,'',0,10300,4,'',0,10400,4,'',0,3000,4,'',0,2100,4,'',0,6200,4,'',0,2200,4,'',0,6000,4,'',0,2000,4,'',0,2000,4,'',0,6000,4,'',0,2400,4,'',0,2100,4,'',0,7000,4,'',0,2000,4,'',0,2000,4,'',0,6200,4,'',0,2000,4,'',0,1900,4,'',0,6200,4,'',0,2000,4,'',0,6000,4,'',0,2000,4,'',0,2000,4,'',0,6300,4,'',0,2000,4,'',0,2000,4,'',0,6000,4,'',0,2000,4,'',0,1500,4,'',0,1200,4,'',0,5500,4,'',0,1500,4,'',0,1500,4,'',0,1300,4,'',0,5500,4,'',0,1500,4,'',0,1500,4,'',0,1400,4,'',0,5500,4,'',0,1500,4,'',0,2700,4,'',0,5500,4,'',0,1500,4,'',0,2900,4,'',0,7000,4,'',0,3000,4,'',0,7000,4,'',0,3000,4,'',0,7000,4,'',0,3400,4,'',0,10000,4,'',0,10500,4,'',0,16400,4,'',0
'3merged14745385',674100,50100,4,'',0,10300,4,'',0,10400,4,'',0,3300,4,'',0,7100,4,'',0,3100,4,'',0,6000,4,'',0,2100,4,'',0,2000,4,'',0,6000,4,'',0,2100,4,'',0,2200,4,'',0,6000,4,'',0,2100,4,'',0,2000,4,'',0,6000,4,'',0,1000,4,'',0,2000,4,'',0,2000,4,'',0,6000,4,'',0,2000,4,'',0,2100,4,'',0,6200,4,'',0,2000,4,'',0,6000,4,'',0,2000,4,'',0,2000,4,'',0,6000,4,'',0,1800,4,'',0,1600,4,'',0,1500,4,'',0,5500,4,'',0,1500,4,'',0,1500,4,'',0,1600,4,'',0,5500,4,'',0,1500,4,'',0,1500,4,'',0,1300,4,'',0,5500,4,'',0,1500,4,'',0,1900,4,'',0,2000,4,'',0,5100,4,'',0,900,4,'',0,2700,4,'',0,7000,4,'',0,2900,4,'',0,7000,4,'',0,3000,4,'',0,7000,4,'',0,3400,4,'',0,10000,4,'',0,10500,4,'',0,16200,4,'',0
'1merged14745384',674200,61500,4,'',0,8500,4,'',0,1600,4,'',0,3400,4,'',0,6700,4,'',0,3100,4,'',0,6800,4,'',0,1500,4,'',0
'1merged14745384',674300,64700,4,'',0,9100,4,'',0,7000,4,'',0,2800,4,'',0,2000,4,'',0
'1merged14745384',674400,73000,4,'',0,1700,4,'',0,5500,4,'',0,2300,4,'',0,1200,4,'',0
'169801merged14745395',674700,154500,4,'',0,10700,4,'',0,9000,4,'',0,9700,4,'',0,11100,4,'',0,9000,4,'',0,8800,4,'',0,17800,4,'',0,12500,4,'',0
'1merged14745384',674700,73800,4,'',0,8500,4,'',0,1500,4,'',0,9900,4,'',0,300,4,'',0,9900,4,'',0,200,4,'',0,9000,4,'',0,800,4,'',0,9200,4,'',0,800,4,'',0,9300,4,'',0,500,4,'',0,9500,4,'',0,800,4,'',0,9500,4,'',0,1200,4,'',0,9800,4,'',0,300,4,'',0,9200,4,'',0,400,4,'',0,500,4,'',0,8800,4,'',0,500,4,'',0,8700,4,'',0,600,4,'',0,500,4,'',0,9000,4,'',0,1500,4,'',0,9100,4,'',0,500,4,'',0,8500,4,'',0,10500,4,'',0,20500,4,'',0
'253403merged14745383',674700,184500,4,'',0,18600,4,'',0,19900,4,'',0
'2merged14745386',674700,73200,4,'',0,500,4,'',0,9500,4,'',0,500,4,'',0,9000,4,'',0,500,4,'',0,500,4,'',0,9000,4,'',0,900,4,'',0,500,4,'',0,9000,4,'',0,500,4,'',0,500,4,'',0,9000,4,'',0,600,4,'',0,500,4,'',0,8900,4,'',0,700,4,'',0,500,4,'',0,9200,4,'',0,500,4,'',0,500,4,'',0,8800,4,'',0,900,4,'',0,500,4,'',0,8400,4,'',0,700,4,'',0,500,4,'',0,9000,4,'',0,500,4,'',0,9300,4,'',0,400,4,'',0,9300,4,'',0,700,4,'',0,9400,4,'',0,1000,4,'',0,9300,4,'',0,300,4,'',0,9700,4,'',0,9500,4,'',0,500,4,'',0,1600,4,'',0
'3merged14745385',674700,73200,4,'',0,8500,4,'',0,11500,4,'',0,300,4,'',0,9800,4,'',0,300,4,'',0,200,4,'',0,9000,4,'',0,600,4,'',0,500,4,'',0,9300,4,'',0,200,4,'',0,300,4,'',0,9800,4,'',0,300,4,'',0,200,4,'',0,9700,4,'',0,300,4,'',0,200,4,'',0,9300,4,'',0,300,4,'',0,200,4,'',0,9500,4,'',0,300,4,'',0,200,4,'',0,9500,4,'',0,300,4,'',0,200,4,'',0,9800,4,'',0,300,4,'',0,200,4,'',0,9300,4,'',0,300,4,'',0,200,4,'',0,8800,4,'',0,500,4,'',0,500,4,'',0,9000,4,'',0,400,4,'',0,1000,4,'',0,8900,4,'',0,500,4,'',0,9500,4,'',0,10000,4,'',0,10100,4,'',0
'1merged14745384',682700,65000,4,'',0,5000,4,'',0,1600,4,'',0,1200,4,'',0,1200,4,'',0,1400,4,'',0,5200,4,'',0,1100,4,'',0,1200,4,'',0,1800,4,'',0,5900,4,'',0,1900,4,'',0,3200,4,'',0,7700,4,'',0,7500,4,'',0,3500,4,'',0,7500,4,'',0,3400,4,'',0,7500,4,'',0,7500,4,'',0,3500,4,'',0,1700,4,'',0,5800,4,'',0,2000,4,'',0,2000,4,'',0,6100,4,'',0,2000,4,'',0,2000,4,'',0,5900,4,'',0,2000,4,'',0,1800,4,'',0,5800,4,'',0,2200,4,'',0,2000,4,'',0,5900,4,'',0,2100,4,'',0
'2merged14745386',682700,92300,4,'',0,3000,4,'',0,7000,4,'',0,3000,4,'',0,7000,4,'',0,3000,4,'',0,7100,4,'',0,2700,4,'',0,6900,4,'',0,3000,4,'',0,7300,4,'',0,3000,4,'',0,7000,4,'',0,3000,4,'',0,7000,4,'',0,3000,4,'',0,7000,4,'',0,3000,4,'',0,7000,4,'',0,3000,4,'',0,7000,4,'',0
