674100,'101_merged_15529707',1506,,149740,16,,,0
674100,'1_merged_15529700',423,,149741,16,,,0,29,,149742,16,,,0,67,,149743,16,,,0,17,,149744,16,,,0,13,,149745,16,,,0,59,,149746,16,,,0,51,,149753,13,,,0,71,,149756,13,,,0,24,,149758,16,,,0,53,,149759,16,,,0,17,,149760,13,,,0,13,,149761,16,,,0,13,,149762,16,,,0,70,,149764,16,,,0,15,,149765,16,,,0,16,,149766,16,,,0,59,,149767,16,,,0,30,,149768,16,,,0,68,,149769,16,,,0,20,,149810,16,,,0,18,,149770,16,,,0,61,,149771,16,,,0,20,,149808,16,,,0,18,,149772,16,,,0,60,,149807,16,,,0,19,,149773,16,,,0,23,,149809,16,,,0,60,,149774,16,,,0,17,,149775,16,,,0,14,,149776,16,,,0,15,,149777,16,,,0,53,,149778,16,,,0,15,,149779,16,,,0,14,,149780,16,,,0,16,,149781,16,,,0,55,,149782,16,,,0,17,,149783,16,,,0,15,,149784,16,,,0,15,,149785,16,,,0,55,,149786,16,,,0,15,,149787,16,,,0,15,,149788,13,,,0,15,,149789,16,,,0,56,,149790,16,,,0,21,,149791,13,,,0,21,,149792,16,,,0,60,,149793,16,,,0,19,,149794,16,,,0,19,,149795,16,,,0,60,,149796,16,,,0,20,,149797,16,,,0,20,,149798,16,,,0,67,,149799,16,,,0,32,,149800,16,,,0,70,,149801,16,,,0,32,,149802,16,,,0,70,,149803,16,,,0,100,,149804,16,,,0,92,,149805,16,,,0,137,,149806,16,0,96 99,0
674100,'2_merged_15529702',426,,149856,16,,,0,102,,149855,16,,,0,105,,149854,16,,,0,69,,149853,16,,,0,23,,149861,16,,,0,23,,149852,16,,,0,62,,149850,16,,,0,20,,149862,16,,,0,20,,149849,16,,,0,60,,149848,16,,,0,21,,149863,16,,,0,21,,149847,16,,,0,60,,149851,16,,,0,21,,149864,16,,,0,20,,149846,16,,,0,61,,149845,16,,,0,20,,149817,16,,,0,20,,149844,16,,,0,60,,149843,16,,,0,20,,149816,16,,,0,20,,149842,16,,,0,60,,149841,16,,,0,20,,149815,16,,,0,20,,149840,16,,,0,60,,149839,16,,,0,20,,149814,16,,,0,20,,149826,16,,,0,61,,149825,16,,,0,20,,149813,16,,,0,20,,149838,16,,,0,55,,149857,16,,,0,15,,149837,16,,,0,15,,149812,16,,,0,15,,149836,16,,,0,55,,149858,16,,,0,15,,149835,16,,,0,16,,149811,16,,,0,15,,149818,16,,,0,55,,149859,16,,,0,15,,149834,16,,,0,20,,149833,16,,,0,60,,149832,16,,,0,19,,149860,16,,,0,20,,149831,16,,,0,60,,149830,16,,,0,32,,149829,16,,,0,69,,149828,16,,,0,30,,149820,16,,,0,70,,149827,16,,,0,30,,149819,16,,,0,80,,149824,16,,,0,97,,149823,16,,,0,108,,149822,16,,,0,123,,149821,16,,,0
674100,'3_merged_15529701',427,,149910,16,,,0,100,,149909,16,,,0,106,,149908,16,,,0,72,,149907,16,,,0,30,,149906,16,,,0,70,,149904,16,,,0,20,,149916,16,,,0,20,,149903,16,,,0,60,,149902,16,,,0,20,,149917,16,,,0,20,,149901,16,,,0,60,,149905,16,,,0,20,,149918,16,,,0,20,,149900,16,,,0,60,,149899,16,,,0,19,,149919,16,,,0,19,,149871,16,,,0,60,,149898,16,,,0,20,,149897,16,,,0,19,,149870,16,,,0,60,,149896,16,,,0,20,,149895,16,,,0,20,,149869,16,,,0,60,,149894,16,,,0,20,,149893,16,,,0,20,,149868,16,,,0,60,,149880,16,,,0,20,,149879,16,,,0,17,,149867,16,,,0,15,,149892,16,,,0,55,,149911,16,,,0,14,,149891,16,,,0,15,,149866,16,,,0,15,,149890,16,,,0,55,,149912,16,,,0,15,,149889,16,,,0,15,,149865,16,,,0,15,,149872,16,,,0,55,,149913,16,,,0,14,,149888,16,,,0,15,,149887,16,,,0,15,,149914,16,,,0,55,,149886,16,,,0,16,,149915,16,,,0,22,,149885,16,,,0,60,,149884,16,,,0,32,,149883,16,,,0,71,,149882,16,,,0,30,,149874,16,,,0,70,,149881,16,,,0,30,,149873,16,,,0,74,,149878,16,,,0,101,,149877,16,,,0,110,,149876,16,,,0,120,,149875,16,,,0
674200,'1_merged_15529700',544,,150089,16,,,0,90,,150090,16,,,0,13,,150083,16,,,0,73,,150084,16,,,0,28,,150085,16,,,0,75,,150086,16,,,0,28,,150087,16,,,0,53,,150088,16,,,0
674400,'1_merged_15529700',621,,150127,14,0,89 90 12,0,82,,150128,14,,,0,17,,150129,14,,,0,24,,150130,14,,,0,11,,150131,14,,,0,52,,150132,14,,,0,821,,150133,14,0,89 90 12,0,79,,150134,14,0,89 90 12,0,44,,150135,14,0,89 90 12,0,69,,150136,14,0,89 90 12,0,84,,150137,14,0,89 90 12,0,30,,150138,14,0,89 90 12,0
684400,'1_merged_15529700',935,,155731,13,,,0,100,,155730,13,,,0,100,,155729,13,,,0,100,,155728,13,,,0,100,,155727,13,,,0,100,,155739,13,,,0,100,,155738,13,,,0,101,,155737,13,,,0,103,,155736,13,,,0,96,,155735,13,,,0,100,,155734,13,,,0,100,,155733,13,,,0,99,,155732,13,,,0
684400,'2_merged_15529702',924,,155740,13,,,0,102,,155742,13,,,0,100,,155741,13,,,0,99,,155752,13,,,0,100,,155751,13,,,0,100,,155750,13,,,0,100,,155749,13,,,0,101,,155748,13,,,0,100,,155747,13,,,0,99,,155746,13,,,0,99,,155745,13,,,0,105,,155744,13,,,0,100,,155743,13,,,0
684400,'3_merged_15529701',924,,155762,13,,,0,101,,155759,13,,,0,100,,155758,13,,,0,100,,155755,13,,,0,101,,155754,13,,,0,100,,155753,13,,,0,99,,155764,13,,,0,99,,155763,13,,,0,100,,155761,13,,,0,100,,155757,13,,,0,100,,155760,13,,,0,100,,155756,13,,,0
1169601,'1_merged_15529700',517,,157778,37,,,0,31,,157779,37,,,0,70,,157780,37,,,0,32,,157781,37,,,0,70,,157782,37,,,0,30,,157783,37,,,0,70,,157784,37,,,0,30,,157785,37,,,0,70,,157786,37,,,0,36,,157806,37,,,0,66,,157787,37,,,0,30,,157807,37,,,0,73,,157788,37,,,0,30,,157808,37,,,0,70,,157789,37,,,0,30,,157809,37,,,0,70,,157790,37,,,0,30,,157810,37,,,0,70,,157791,37,,,0,30,,157811,37,,,0,70,,157792,37,,,0,30,,157803,37,,,0,70,,157793,37,,,0,30,,157794,37,,,0,70,,157795,37,,,0,29,,157796,37,,,0,69,,157797,37,,,0,30,,157798,37,,,0,69,,157799,37,,,0,30,,157812,37,,,0,69,,157800,37,,,0,30,,157813,37,,,0,70,,157801,37,,,0,30,,157814,37,,,0,70,,157802,37,,,0,29,,157815,37,,,0,70,,157804,37,,,0,30,,157816,37,,,0,70,,157805,37,,,0
1169601,'2_merged_15529702',642,,157817,37,,,0,71,,157818,37,,,0,30,,157845,37,,,0,70,,157819,37,,,0,30,,157820,37,,,0,74,,157846,37,,,0,30,,157821,37,,,0,71,,157822,37,,,0,31,,157823,37,,,0,70,,157824,37,,,0,30,,157825,37,,,0,70,,157826,37,,,0,30,,157827,37,,,0,71,,157828,37,,,0,30,,157829,37,,,0,70,,157830,37,,,0,30,,157831,37,,,0,70,,157832,37,,,0,28,,157833,37,,,0,72,,157834,37,,,0,30,,157835,37,,,0,70,,157836,37,,,0,30,,157837,37,,,0,69,,157838,37,,,0,30,,157839,37,,,0,68,,157840,37,,,0,29,,157841,37,,,0,71,,157842,37,,,0,30,,157847,37,,,0,70,,157843,37,,,0,30,,157848,37,,,0,70,,157844,37,,,0
1169601,'3_merged_15529701',715,,157849,37,,,0,30,,157873,37,,,0,70,,157850,37,,,0,30,,157851,37,,,0,72,,157874,37,,,0,31,,157852,37,,,0,70,,157853,37,,,0,30,,157854,37,,,0,71,,157855,37,,,0,32,,157856,37,,,0,70,,157857,37,,,0,30,,157858,37,,,0,70,,157859,37,,,0,30,,157860,37,,,0,70,,157861,37,,,0,30,,157862,37,,,0,68,,157863,37,,,0,33,,157864,37,,,0,68,,157865,37,,,0,31,,157866,37,,,0,69,,157867,37,,,0,28,,157868,37,,,0,70,,157869,37,,,0,32,,157870,37,,,0,70,,157871,37,,,0,28,,157875,37,,,0,70,,157872,37,,,0,28,,157876,37,,,0,68,,157877,37,,,0
