3003600,'1',555,,102446,12,,,0,55,,102447,12,,,0,15,,102448,12,,,0,14,,102449,12,,,0,15,,102444,12,,,0,55,,102450,12,,,0,17,,102451,12,,,0,14,,102452,12,,,0,16,,102453,12,,,0,55,,102454,12,,,0,15,,102455,12,,,0,17,,102456,12,,,0,58,,102468,12,,,0,13,,102457,12,,,0,19,,102458,12,,,0,12,,102459,12,,,0,67,,102460,12,,,0,29,,102497,12,,,0,70,,102461,12,,,0,30,,102462,12,,,0,70,,102463,12,,,0,29,,102464,12,,,0,70,,102465,12,,,0,30,,102466,12,,,0,72,,102467,12,,,0,37,,102469,12,,,0,65,,102470,12,,,0,15,,102471,12,,,0,20,,102445,12,,,0,53,,102472,12,,,0,15,,102473,12,,,0,16,,102474,12,,,0,15,,102475,12,,,0,56,,102476,12,,,0,15,,102477,12,,,0,15,,102478,12,,,0,15,,102479,12,,,0,10,,102480,12,,,0,44,,102481,12,,,0,24,,102483,12,,,0,13,,102484,12,,,0,13,,102485,12,,,0,62,,102486,12,,,0,31,,102487,12,,,0,67,,102488,12,,,0,26,,102489,12,,,0,70,,102490,12,,,0,30,,102491,12,,,0,70,,102492,12,,,0,30,,102493,12,,,0,70,,102494,12,,,0,29,,102495,12,,,0,70,,102496,12,,,0
3003600,'101',1540,,102443,12,,,0
3003600,'2',637,,102499,12,,,0,70,,102500,12,,,0,30,,102501,12,,,0,70,,102502,12,,,0,30,,102503,12,,,0,71,,102504,12,,,0,30,,102505,12,,,0,70,,102506,12,,,0,30,,102507,12,,,0,70,,102508,12,,,0,31,,102509,12,,,0,70,,102498,12,,,0,30,,102510,12,,,0,72,,102511,12,,,0,30,,102512,12,,,0,70,,102513,12,,,0,30,,102514,12,,,0,70,,102515,12,,,0,31,,102516,12,,,0,69,,102517,12,,,0,29,,102518,12,,,0,70,,102519,12,,,0,31,,102520,12,,,0,70,,102521,12,,,0,29,,102522,12,,,0,70,,102523,12,,,0,30,,102524,12,,,0,70,,102525,12,,,0,30,,102526,12,,,0,70,,102527,12,,,0,28,,102528,12,,,0,69,,102529,12,,,0,30,,102530,12,,,0,70,,102531,12,,,0,30,,102532,12,,,0,70,,102533,12,,,0
3003600,'3',737,,102535,12,,,0,70,,102534,12,,,0,30,,102536,12,,,0,70,,102537,12,,,0,30,,102538,12,,,0,71,,102539,12,,,0,30,,102540,12,,,0,70,,102541,12,,,0,31,,102542,12,,,0,70,,102543,12,,,0,30,,102544,12,,,0,70,,102545,12,,,0,30,,102546,12,,,0,71,,102547,12,,,0,30,,102558,12,,,0,70,,102559,12,,,0,30,,102548,12,,,0,70,,102549,12,,,0,30,,102550,12,,,0,71,,102551,12,,,0,29,,102552,12,,,0,70,,102553,12,,,0,30,,102554,12,,,0,69,,102555,12,,,0,30,,102556,12,,,0,70,,102557,12,,,0,30,,102560,12,,,0,69,,102561,12,,,0,29,,102562,12,,,0,70,,102563,12,,,0,30,,102564,12,,,0,70,,102565,12,,,0,30,,102566,12,,,0,70,,102567,12,,,0
3003900,'1',543,,103139,8,,,0,10,,103156,8,,,0,56,,103138,8,,,0,9,,103157,8,,,0,18,,103137,8,,,0,11,,103144,8,,,0,66,,103136,8,,,0,4,,103145,8,,,0,21,,103130,8,,,0,20,,103146,8,,,0,81,,103147,8,,,0,70,,103148,8,,,0,30,,103149,8,,,0,70,,103150,8,,,0,28,,103151,8,,,0,70,,103152,8,,,0,30,,103153,8,,,0,70,,103154,8,,,0,30,,103155,8,,,0,68,,103158,8,,,0,31,,103159,8,,,0,72,,103160,8,,,0,27,,103141,8,,,0,68,,103116,8,,,0,29,,103117,8,,,0,72,,103118,8,,,0,18,,103161,8,,,0,9,,103135,8,,,0,18,,103119,8,,,0,53,,103134,8,,,0,21,,103120,8,,,0,11,,103133,8,,,0,69,,103121,8,,,0,13,,103132,8,,,0,12,,103122,8,,,0,25,,103123,8,,,0,52,,103131,8,,,0,18,,103124,8,,,0,95,,103125,8,,,0,105,,103126,8,,,0,102,,103127,8,,,0,103,,103128,8,,,0,100,,103129,8,,,0
3003900,'2',712,,103180,8,,,0,30,,103191,8,,,0,70,,103181,8,,,0,29,,103166,8,,,0,70,,103162,8,,,0,27,,103164,8,,,0,70,,103163,8,,,0,32,,103165,8,,,0,68,,103182,8,,,0,29,,103167,8,,,0,70,,103183,8,,,0,30,,103168,8,,,0,70,,103184,8,,,0,30,,103169,8,,,0,70,,103185,8,,,0,30,,103170,8,,,0,70,,103186,8,,,0,30,,103171,8,,,0,70,,103187,8,,,0,30,,103172,8,,,0,70,,103188,8,,,0,32,,103173,8,,,0,70,,103189,8,,,0,30,,103174,8,,,0,86,,103175,8,,,0,100,,103176,8,,,0,100,,103177,8,,,0,102,,103178,8,,,0,102,,103179,8,,,0
3003900,'3',739,,103199,8,,,0,100,,103200,8,,,0,100,,103201,8,,,0,70,,103210,8,,,0,29,,103202,8,,,0,70,,103211,8,,,0,29,,103203,8,,,0,70,,103212,8,,,0,30,,103204,8,,,0,70,,103213,8,,,0,30,,103205,8,,,0,70,,103214,8,,,0,30,,103206,8,,,0,69,,103215,8,,,0,31,,103207,8,,,0,70,,103216,8,,,0,30,,103208,8,,,0,70,,103217,8,,,0,31,,103209,8,,,0,70,,103218,8,,,0,20,,103192,8,,,0,102,,103193,8,,,0,100,,103194,8,,,0,100,,103195,8,,,0,102,,103196,8,,,0,100,,103197,8,,,0
3004000,'1',541,,103329,8,,,0,10,,103345,8,,,0,60,,103328,8,,,0,10,,103346,8,,,0,19,,103327,8,,,0,11,,103347,8,,,0,58,,103326,8,,,0,10,,103348,8,,,0,18,,103365,8,,,0,17,,103349,8,,,0,68,,103350,8,,,0,33,,103351,8,,,0,66,,103352,8,,,0,31,,103353,8,,,0,70,,103354,8,,,0,27,,103355,8,,,0,73,,103356,8,,,0,28,,103357,8,,,0,71,,103358,8,,,0,29,,103359,8,,,0,75,,103360,8,,,0,30,,103361,8,,,0,68,,103362,8,,,0,28,,103363,8,,,0,69,,103364,8,,,0,31,,103343,8,,,0,71,,103331,8,,,0,12,,103370,8,,,0,18,,103332,8,,,0,53,,103369,8,,,0,19,,103333,8,,,0,12,,103368,8,,,0,68,,103334,8,,,0,12,,103367,8,,,0,10,,103335,8,,,0,27,,103336,8,,,0,50,,103366,8,,,0,21,,103337,8,,,0,35,,103338,8,,,0,99,,103339,8,,,0,100,,103340,8,,,0,100,,103341,8,,,0,99,,103342,8,,,0
3004000,'2',658,,103382,8,,,0,68,,103390,8,,,0,30,,103402,8,,,0,70,,103391,8,,,0,31,,103371,8,,,0,67,,103392,8,,,0,29,,103372,8,,,0,69,,103393,8,,,0,30,,103373,8,,,0,70,,103394,8,,,0,30,,103374,8,,,0,70,,103395,8,,,0,29,,103375,8,,,0,70,,103396,8,,,0,30,,103376,8,,,0,70,,103397,8,,,0,30,,103377,8,,,0,70,,103398,8,,,0,30,,103378,8,,,0,70,,103399,8,,,0,30,,103379,8,,,0,70,,103400,8,,,0,30,,103380,8,,,0,71,,103401,8,,,0,30,,103383,8,,,0,101,,103384,8,,,0,100,,103385,8,,,0,100,,103386,8,,,0,101,,103387,8,,,0,102,,103388,8,,,0
3004000,'3',657,,103403,8,,,0,100,,103404,8,,,0,99,,103405,8,,,0,98,,103406,8,,,0,98,,103407,8,,,0,70,,103422,8,,,0,30,,103408,8,,,0,70,,103423,8,,,0,30,,103409,8,,,0,70,,103424,8,,,0,30,,103410,8,,,0,70,,103425,8,,,0,30,,103411,8,,,0,70,,103426,8,,,0,33,,103412,8,,,0,67,,103427,8,,,0,30,,103413,8,,,0,70,,103428,8,,,0,30,,103414,8,,,0,102,,103415,8,,,0,101,,103416,8,,,0,100,,103417,8,,,0,101,,103418,8,,,0,100,,103419,8,,,0,100,,103420,8,,,0
3004100,'1',558,,103540,8,,,0,55,,103546,8,,,0,15,,103541,8,,,0,15,,103547,8,,,0,15,,103542,8,,,0,55,,103548,8,,,0,15,,103543,8,,,0,15,,103549,8,,,0,15,,103544,8,,,0,59,,103550,8,,,0,15,,103545,8,,,0,627,,103535,8,,,0,55,,103551,8,,,0,44,,103536,8,,,0,55,,103554,8,,,0,17,,103537,8,,,0,14,,103552,8,,,0,56,,103538,8,,,0,40,,103539,8,,,0,90,,103553,8,,,0
3004100,'101',1528,,103532,8,,,0,15,,103534,8,,,0,81,,103533,8,,,0
