667300,'1',543,,20154,25,,,0,75,,20162,25,,,0,21,,20153,25,,,0,12,,20163,25,,,0,66,,20152,25,,,0,24,,20151,25,,,0,67,,20125,35,,,0,14,,20164,23,,,0,36,,20165,35,,,0,55,,20127,23,,,0,25,,20126,23,,,0,63,,20148,25,,,0,26,,20147,25,,,0,30,,20146,37,,,0,70,,20138,37,,,0,30,,20137,37,,,0,67,,20136,37,,,0,31,,20135,37,,,0,70,,20134,37,,,0,30,,20155,37,,,0,66,,20133,37,,,0,35,,20132,37,,,0,66,,20131,37,,,0,26,,20150,37,,,0,70,,20141,37,,,0,6,,20149,37,,,0,15,,20145,37,,,0,75,,20140,37,,,0,18,,20139,37,,,0,71,,20144,37,,,0,12,,20158,37,,,0,15,,20143,37,,,0,16,,20129,37,,,0,67,,20142,37,,,0,34,,20157,25,,,0,69,,20166,25,,,0,30,,20160,25,,,0,70,,20167,25,,,0,29,,20130,25,,,0,100,,20159,25,,,0,99,,20161,25,,,0,100,,20128,25,,,0,93,,20156,25,,,0
667300,'101',836,,20170,32,,,0,694,,20171,19,0,32,0,128,,20169,37,,,0,92,,20168,37,,,0
667300,'2',634,,20172,25,,,0,103,,20173,25,,,0,102,,20174,25,,,0,102,,20175,25,,,0,70,,20176,25,,,0,30,,20177,25,,,0,59,,20178,37,,,0,28,,20179,37,,,0,72,,20194,37,,,0,29,,20180,37,,,0,30,,20195,37,,,0,70,,20181,37,,,0,29,,20196,37,,,0,71,,20182,37,,,0,73,,20183,37,,,0,32,,20197,37,,,0,69,,20184,37,,,0,30,,20198,37,,,0,75,,20185,37,,,0,31,,20199,37,,,0,70,,20200,37,,,0,30,,20201,37,,,0,70,,20193,25,,,0,28,,20186,25,,,0,72,,20202,25,,,0,30,,20187,25,,,0,71,,20203,25,,,0,30,,20188,25,,,0,100,,20189,25,,,0,100,,20190,25,,,0,100,,20191,25,,,0,101,,20192,25,,,0
667300,'201',843,,20204,23,,,0,815,,20205,37,,,0,92,,20206,37,,,0
667300,'3',712,,20207,25,,,0,94,,20208,25,,,0,52,,20236,25,,,0,81,,20227,25,,,0,65,,20229,25,,,0,34,,20209,25,,,0,64,,20210,37,,,0,30,,20226,37,,,0,27,,20211,37,,,0,70,,20235,37,,,0,30,,20212,37,,,0,72,,20234,37,,,0,28,,20213,37,,,0,72,,20233,37,,,0,70,,20214,37,,,0,29,,20232,37,,,0,72,,20215,37,,,0,30,,20231,37,,,0,68,,20216,37,,,0,30,,20230,37,,,0,29,,20217,37,,,0,71,,20218,37,,,0,20,,20228,25,,,0,66,,20239,25,,,0,32,,20219,25,,,0,68,,20237,25,,,0,32,,20220,25,,,0,68,,20238,25,,,0,30,,20221,25,,,0,100,,20222,25,,,0,100,,20223,25,,,0,104,,20224,25,,,0,93,,20225,25,,,0
667400,'1',513,,20384,19,,,0,32,,20385,19,,,0,89,,20376,19,,,0,71,,20382,19,,,0,29,,20375,19,,,0,75,,20366,19,,,0,26,,20374,19,,,0,71,,20361,19,,,0,33,,20360,19,,,0,75,,20359,19,,,0,29,,20358,19,,,0,70,,20368,19,,,0,31,,20367,19,,,0,69,,20355,19,,,0,31,,20357,19,,,0,64,,20383,19,,,0,30,,20356,19,,,0,72,,20362,19,,,0,28,,20377,19,,,0,70,,20363,19,,,0,97,,20373,19,,,0,31,,20378,19,,,0,72,,20365,19,,,0,32,,20372,19,,,0,72,,20371,19,,,0,24,,20369,19,,,0,77,,20380,19,,,0,29,,20386,19,,,0,71,,20379,19,,,0,32,,20387,19,,,0,68,,20381,19,,,0,101,,20354,19,,,0,99,,20370,19,,,0,100,,20364,19,,,0
667400,'101',1549,,20388,19,,,0
667400,'2',548,,20417,19,,,0,85,,20389,19,,,0,101,,20390,19,,,0,100,,20391,19,,,0,98,,20392,19,,,0,70,,20393,19,,,0,31,,20394,19,,,0,74,,20395,19,,,0,31,,20396,19,,,0,71,,20397,19,,,0,30,,20398,19,,,0,70,,20399,19,,,0,31,,20400,19,,,0,71,,20401,19,,,0,32,,20402,19,,,0,68,,20403,19,,,0,30,,20404,19,,,0,70,,20405,19,,,0,33,,20406,19,,,0,69,,20407,19,,,0,29,,20408,19,,,0,69,,20409,19,,,0,30,,20410,19,,,0,68,,20411,19,,,0,30,,20418,19,,,0,71,,20412,19,,,0,30,,20419,19,,,0,70,,20413,19,,,0,100,,20414,19,,,0,100,,20415,19,,,0,100,,20416,19,,,0
667400,'201',1549,,20420,19,,,0
667400,'3',744,,20447,19,,,0,90,,20421,19,,,0,71,,20422,19,,,0,30,,20445,19,,,0,68,,20446,19,,,0,29,,20423,19,,,0,72,,20424,19,,,0,30,,20425,19,,,0,71,,20426,19,,,0,29,,20427,19,,,0,70,,20428,19,,,0,30,,20429,19,,,0,70,,20430,19,,,0,30,,20431,19,,,0,72,,20432,19,,,0,29,,20433,19,,,0,70,,20434,19,,,0,29,,20435,19,,,0,70,,20436,19,,,0,31,,20437,19,,,0,73,,20438,19,,,0,30,,20439,19,,,0,70,,20440,19,,,0,30,,20448,19,,,0,69,,20441,19,,,0,30,,20449,19,,,0,71,,20442,19,,,0,100,,20443,19,,,0,103,,20444,19,,,0
