671500,'1_merged_15291795',428,,87417,8,,,0,19,,87418,8,,,0,58,,87419,8,,,0,20,,87420,8,,,0,20,,87421,8,,,0,57,,87422,8,,,0,7,,87423,8,,,0,13,,87424,8,,,0,12,,87425,8,,,0,11,,87426,8,,,0,11,,87427,8,,,0,50,,87428,8,,,0,10,,87429,8,,,0,10,,87430,8,,,0,10,,87431,8,,,0,10,,87432,8,,,0,11,,87433,8,,,0,50,,87434,8,,,0,13,,87435,8,,,0,15,,87436,8,,,0,15,,87437,8,,,0,55,,87438,8,,,0,15,,87439,8,,,0,15,,87440,8,,,0,15,,87441,8,,,0,55,,87442,8,,,0,15,,87443,8,,,0,15,,87444,8,,,0,15,,87445,8,,,0,55,,87446,8,,,0,15,,87447,8,,,0,17,,87448,8,,,0,15,,87449,8,,,0,55,,87450,8,,,0,15,,87451,8,,,0,14,,87452,8,,,0,16,,87453,8,,,0,55,,87454,8,,,0,15,,87455,8,,,0,15,,87456,8,,,0,15,,87457,8,,,0,55,,87458,8,,,0,14,,87459,8,,,0,16,,87460,8,,,0,15,,87461,8,,,0,52,,87462,8,,,0,12,,87463,8,,,0,13,,87464,8,,,0,12,,87465,8,,,0,10,,87466,8,,,0,53,,87467,8,,,0,12,,87468,8,,,0,13,,87469,8,,,0,12,,87470,8,,,0,12,,87471,8,,,0,54,,87472,8,,,0,12,,87473,8,,,0,12,,87474,8,,,0,12,,87475,8,,,0,12,,87476,8,,,0,52,,87477,8,,,0,12,,87478,8,,,0,13,,87479,8,,,0,15,,87480,8,,,0,56,,87481,8,,,0,15,,87482,8,,,0,15,,87483,8,,,0,15,,87484,8,,,0,55,,87485,8,,,0,19,,87486,8,,,0,31,,87487,8,,,0,69,,87488,8,,,0,30,,87489,8,,,0,70,,87490,8,,,0,30,,87491,8,,,0,66,,87492,8,,,0,30,,87493,8,,,0,70,,87494,8,,,0,30,,87495,8,,,0,70,,87496,8,,,0
671500,'2_merged_15291797',428,,87498,8,,,0,100,,87554,8,,,0,80,,87518,8,,,0,22,,87553,8,,,0,22,,87517,8,,,0,60,,87552,8,,,0,20,,87551,8,,,0,20,,87533,8,,,0,58,,87550,8,,,0,15,,87562,8,,,0,15,,87549,8,,,0,15,,87561,8,,,0,55,,87548,8,,,0,15,,87560,8,,,0,15,,87547,8,,,0,15,,87559,8,,,0,55,,87563,8,,,0,15,,87546,8,,,0,15,,87558,8,,,0,15,,87545,8,,,0,55,,87557,8,,,0,15,,87544,8,,,0,15,,87556,8,,,0,15,,87543,8,,,0,55,,87555,8,,,0,15,,87542,8,,,0,15,,87516,8,,,0,15,,87541,8,,,0,55,,87515,8,,,0,15,,87540,8,,,0,15,,87514,8,,,0,15,,87539,8,,,0,54,,87530,8,,,0,16,,87538,8,,,0,16,,87513,8,,,0,15,,87537,8,,,0,55,,87512,8,,,0,15,,87536,8,,,0,15,,87511,8,,,0,15,,87535,8,,,0,55,,87510,8,,,0,15,,87534,8,,,0,15,,87509,8,,,0,15,,87532,8,,,0,57,,87508,8,,,0,14,,87531,8,,,0,14,,87507,8,,,0,15,,87529,8,,,0,55,,87506,8,,,0,15,,87528,8,,,0,15,,87505,8,,,0,15,,87527,8,,,0,55,,87504,8,,,0,15,,87526,8,,,0,15,,87503,8,,,0,15,,87497,8,,,0,55,,87502,8,,,0,15,,87525,8,,,0,16,,87522,8,,,0,13,,87524,8,,,0,56,,87523,8,,,0,21,,87521,8,,,0,20,,87520,8,,,0,68,,87501,8,,,0,30,,87519,8,,,0,71,,87500,8,,,0,84,,87499,8,,,0,30,,87565,8,,,0,70,,87564,8,,,0
671500,'3_merged_15291796',428,,87567,8,,,0,100,,87623,8,,,0,80,,87587,8,,,0,20,,87622,8,,,0,20,,87586,8,,,0,60,,87621,8,,,0,20,,87620,8,,,0,20,,87602,8,,,0,60,,87619,8,,,0,16,,87631,8,,,0,15,,87618,8,,,0,15,,87630,8,,,0,54,,87617,8,,,0,15,,87629,8,,,0,14,,87616,8,,,0,15,,87628,8,,,0,55,,87632,8,,,0,15,,87615,8,,,0,15,,87627,8,,,0,15,,87614,8,,,0,55,,87626,8,,,0,15,,87613,8,,,0,15,,87625,8,,,0,15,,87612,8,,,0,55,,87624,8,,,0,15,,87611,8,,,0,15,,87585,8,,,0,15,,87610,8,,,0,55,,87584,8,,,0,15,,87609,8,,,0,15,,87583,8,,,0,15,,87608,8,,,0,54,,87599,8,,,0,17,,87607,8,,,0,15,,87582,8,,,0,15,,87606,8,,,0,55,,87581,8,,,0,15,,87605,8,,,0,15,,87580,8,,,0,15,,87604,8,,,0,55,,87579,8,,,0,15,,87603,8,,,0,15,,87578,8,,,0,15,,87601,8,,,0,55,,87577,8,,,0,15,,87600,8,,,0,14,,87576,8,,,0,15,,87598,8,,,0,55,,87575,8,,,0,15,,87597,8,,,0,15,,87574,8,,,0,15,,87596,8,,,0,55,,87573,8,,,0,15,,87595,8,,,0,15,,87572,8,,,0,15,,87566,8,,,0,55,,87571,8,,,0,15,,87594,8,,,0,15,,87591,8,,,0,15,,87593,8,,,0,58,,87592,8,,,0,20,,87590,8,,,0,20,,87589,8,,,0,70,,87570,8,,,0,30,,87588,8,,,0,70,,87569,8,,,0,85,,87568,8,,,0,30,,87634,8,,,0,70,,87633,8,,,0
671701,'101_merged_15291802',1724,,87891,37,,,0,19,,87892,37,,,0
671701,'1_merged_15291795',1752,,87893,37,,,0,53,,87894,37,,,0,9,,87895,37,,,0,19,,87896,37,,,0,20,,87897,37,,,0,64,,87898,37,,,0
3181800,'1101_merged_15291806',2149,,106617,12,,,0
3181800,'1201_merged_15291788',2149,,106618,12,,,0,80,,106619,12,,,0,80,,106621,12,,,0,40,,106620,12,,,0,70,,106622,12,,,0,30,,106623,12,,,0
3181800,'1_merged_15291795',951,,106647,12,,,0,70,,106624,12,,,0,30,,106625,12,,,0,70,,106626,12,,,0,30,,106627,12,,,0,70,,106628,12,,,0,31,,106629,12,,,0,70,,106630,12,,,0,30,,106631,12,,,0,71,,106632,12,,,0,30,,106633,12,,,0,70,,106634,12,,,0,31,,106635,12,,,0,69,,106636,12,,,0,28,,106637,12,,,0,69,,106646,12,,,0,30,,106638,12,,,0,69,,106639,12,,,0,30,,106640,12,,,0,70,,106641,12,,,0,30,,106642,12,,,0,70,,106643,12,,,0,30,,106644,12,,,0,70,,106645,12,,,0
3181800,'2_merged_15291797',817,,106664,12,,,0,30,,106648,12,,,0,69,,106665,12,,,0,30,,106649,12,,,0,69,,106666,12,,,0,35,,106650,12,,,0,69,,106667,12,,,0,30,,106651,12,,,0,70,,106668,12,,,0,30,,106652,12,,,0,70,,106669,12,,,0,30,,106653,12,,,0,71,,106670,12,,,0,30,,106654,12,,,0,71,,106671,12,,,0,29,,106655,12,,,0,72,,106672,12,,,0,29,,106656,12,,,0,69,,106673,12,,,0,28,,106657,12,,,0,70,,106674,12,,,0,30,,106658,12,,,0,71,,106675,12,,,0,29,,106659,12,,,0,70,,106676,12,,,0,30,,106660,12,,,0,71,,106677,12,,,0,30,,106661,12,,,0,70,,106678,12,,,0,30,,106662,12,,,0,69,,106679,12,,,0,30,,106663,12,,,0,70,,106680,12,,,0,30,,106681,12,,,0
3181800,'3_merged_15291796',849,,106703,12,,,0,70,,106689,12,,,0,30,,106704,12,,,0,70,,106690,12,,,0,30,,106705,12,,,0,70,,106691,12,,,0,31,,106706,12,,,0,70,,106692,12,,,0,30,,106707,12,,,0,71,,106693,12,,,0,29,,106708,12,,,0,71,,106694,12,,,0,29,,106682,12,,,0,71,,106695,12,,,0,30,,106683,12,,,0,70,,106696,12,,,0,29,,106684,12,,,0,70,,106697,12,,,0,30,,106685,12,,,0,70,,106698,12,,,0,29,,106686,12,,,0,73,,106699,12,,,0,30,,106687,12,,,0,70,,106700,12,,,0,30,,106702,12,,,0,70,,106701,12,,,0,30,,106688,12,,,0
3181901,'1_merged_15291795',638,,106917,31,,,0,70,,106918,31,,,0,30,,106919,31,,,0,74,,106920,31,,,0,30,,106921,31,,,0,70,,106922,31,,,0,28,,106923,31,,,0,70,,106924,31,,,0,30,,106925,31,,,0,70,,106926,31,,,0,30,,106927,31,,,0,70,,106928,31,,,0,30,,106929,31,,,0,72,,106930,31,,,0,30,,106931,31,,,0,70,,106932,31,,,0,30,,106933,31,,,0,72,,106934,31,,,0,30,,106935,31,,,0,70,,106901,31,,,0,30,,106902,31,,,0,70,,106903,31,,,0,26,,106904,31,,,0,70,,106905,31,,,0,30,,106906,31,,,0,70,,106907,31,,,0,28,,106908,31,,,0,70,,106909,31,,,0,13,,106910,31,,,0,26,,106915,31,,,0,70,,106911,31,,,0,28,,106914,31,,,0,70,,106912,31,,,0,29,,106916,31,,,0,70,,106913,31,,,0,30,,106936,31,,,0
3181901,'2_merged_15291797',801,,106968,31,,,0,30,,106952,31,,,0,70,,106938,31,,,0,33,,106953,31,,,0,70,,106939,31,,,0,30,,106954,31,,,0,72,,106940,31,,,0,30,,106955,31,,,0,71,,106941,31,,,0,30,,106956,31,,,0,70,,106942,31,,,0,30,,106957,31,,,0,70,,106943,31,,,0,30,,106958,31,,,0,70,,106944,31,,,0,30,,106959,31,,,0,70,,106945,31,,,0,30,,106960,31,,,0,69,,106946,31,,,0,28,,106961,31,,,0,70,,106947,31,,,0,29,,106962,31,,,0,70,,106937,31,,,0,24,,106963,31,,,0,22,,106948,31,,,0,70,,106964,31,,,0,31,,106949,31,,,0,70,,106965,31,,,0,30,,106950,31,,,0,70,,106966,31,,,0,30,,106951,31,,,0,70,,106967,31,,,0,30,,106969,31,,,0
3181901,'3_merged_15291796',800,,106993,31,,,0,30,,106974,31,,,0,70,,106994,31,,,0,30,,106975,31,,,0,71,,106995,31,,,0,31,,106976,31,,,0,70,,106996,31,,,0,30,,106977,31,,,0,71,,106992,31,,,0,30,,106978,31,,,0,71,,106997,31,,,0,30,,106979,31,,,0,70,,106998,31,,,0,30,,106980,31,,,0,70,,106999,31,,,0,30,,106981,31,,,0,70,,106991,31,,,0,30,,106982,31,,,0,70,,106970,31,,,0,32,,106983,31,,,0,69,,106971,31,,,0,29,,106984,31,,,0,70,,106972,31,,,0,29,,106985,31,,,0,70,,106973,31,,,0,30,,106986,31,,,0,70,,106990,31,,,0,29,,106988,31,,,0,70,,106987,31,,,0,30,,106989,31,,,0,70,,107000,31,,,0,100,,107001,31,,,0
4085500,'1_merged_15291795',425,,114053,27,,,0,75,,114054,27,,,0,24,,114055,33,,,0,30,,114056,33,,,0,69,,114057,33,,,0,19,,114058,33,,,0,60,,114059,33,,,0,22,,114060,33,,,0,20,,114061,33,,,0,60,,114062,33,,,0,20,,114063,33,,,0,21,,114064,33,,,0,60,,114101,33,,,0,18,,114065,33,,,0,26,,114066,33,,,0,70,,114067,33,,,0,30,,114068,33,,,0,70,,114069,33,,,0,30,,114070,33,,,0,70,,114071,33,,,0,30,,114072,33,,,0,70,,114073,33,,,0,30,,114074,33,,,0,71,,114075,33,,,0,30,,114076,33,,,0,70,,114077,33,,,0,30,,114078,33,,,0,58,,114079,33,,,0,20,,114080,33,,,0,20,,114081,33,,,0,60,,114082,33,,,0,22,,114083,33,,,0,22,,114084,33,,,0,58,,114085,33,,,0,20,,114086,33,,,0,20,,114087,33,,,0,59,,114088,33,,,0,20,,114102,33,,,0,20,,114089,33,,,0,64,,114090,33,,,0,30,,114091,33,,,0,69,,114092,33,,,0,30,,114093,33,,,0,70,,114094,33,,,0,30,,114095,33,,,0,70,,114096,33,,,0,30,,114097,33,,,0,70,,114103,33,,,0,30,,114098,33,,,0,70,,114104,33,,,0,30,,114099,33,,,0,100,,114100,33,,,0
4085500,'2_merged_15291797',427,,114105,27,,,0,95,,114106,33,,,0,98,,114107,33,,,0,30,,114108,33,,,0,70,,114109,33,,,0,30,,114110,33,,,0,70,,114111,33,,,0,30,,114112,33,,,0,70,,114113,33,,,0,30,,114114,33,,,0,70,,114115,33,,,0,30,,114116,33,,,0,70,,114117,33,,,0,30,,114118,33,,,0,70,,114119,33,,,0,30,,114120,33,,,0,70,,114121,33,,,0,30,,114122,33,,,0,70,,114123,33,,,0,30,,114124,33,,,0,70,,114125,33,,,0,30,,114126,33,,,0,70,,114127,33,,,0,30,,114128,33,,,0,70,,114129,33,,,0,30,,114130,33,,,0,70,,114131,33,,,0,30,,114132,33,,,0,72,,114133,33,,,0,30,,114134,33,,,0,70,,114135,33,,,0,30,,114136,33,,,0,72,,114137,33,,,0,30,,114138,33,,,0,70,,114139,33,,,0,30,,114140,33,,,0,69,,114141,33,,,0,30,,114145,33,,,0,70,,114142,33,,,0,30,,114146,33,,,0,72,,114143,33,,,0,100,,114144,33,,,0
4085500,'3_merged_15291796',427,,114147,27,,,0,96,,114148,33,,,0,100,,114149,33,,,0,30,,114150,33,,,0,70,,114151,33,,,0,28,,114152,33,,,0,69,,114153,33,,,0,31,,114154,33,,,0,70,,114155,33,,,0,31,,114156,33,,,0,70,,114157,33,,,0,30,,114158,33,,,0,70,,114159,33,,,0,30,,114160,33,,,0,70,,114161,33,,,0,30,,114162,33,,,0,70,,114163,33,,,0,30,,114164,33,,,0,70,,114165,33,,,0,30,,114166,33,,,0,70,,114167,33,,,0,30,,114168,33,,,0,70,,114169,33,,,0,30,,114170,33,,,0,70,,114171,33,,,0,29,,114172,33,,,0,70,,114173,33,,,0,29,,114174,33,,,0,70,,114175,33,,,0,30,,114176,33,,,0,70,,114177,33,,,0,30,,114178,33,,,0,71,,114179,33,,,0,30,,114180,33,,,0,70,,114181,33,,,0,30,,114182,33,,,0,72,,114183,33,,,0,34,,114187,33,,,0,70,,114184,33,,,0,30,,114188,33,,,0,71,,114185,33,,,0,101,,114186,33,,,0
