672400,'1_merged_15524958',431,,88604,7,,,0,26,,88607,7,,,0,60,,88634,7,,,0,24,,88597,7,,,0,61,,88609,7,,,0,13,,88598,7,,,0,15,,88636,7,,,0,15,,88620,7,,,0,12,,88641,7,,,0,54,,88642,7,,,0,15,,88643,7,,,0,14,,88644,7,,,0,14,,88608,7,,,0,53,,88645,7,,,0,16,,88602,7,,,0,15,,88646,7,,,0,14,,88618,7,,,0,55,,88647,7,,,0,15,,88630,7,,,0,17,,88621,7,,,0,17,,88648,7,,,0,58,,88649,7,,,0,20,,88622,7,,,0,18,,88616,7,,,0,60,,88632,7,,,0,20,,88623,7,,,0,19,,88633,7,,,0,60,,88603,7,,,0,21,,88624,7,,,0,20,,88601,7,,,0,59,,88613,7,,,0,20,,88625,7,,,0,20,,88617,7,,,0,61,,88637,7,,,0,14,,88606,7,,,0,15,,88627,7,,,0,14,,88612,7,,,0,55,,88638,7,,,0,15,,88614,7,,,0,15,,88619,7,,,0,16,,88605,7,,,0,56,,88650,7,,,0,15,,88651,7,,,0,15,,88652,7,,,0,15,,88653,7,,,0,55,,88654,7,,,0,17,,88655,7,,,0,15,,88656,7,,,0,59,,88657,7,,,0,15,,88658,7,,,0,18,,88659,7,,,0,15,,88660,7,,,0,57,,88661,7,,,0,16,,88610,7,,,0,19,,88662,7,,,0,65,,88611,7,,,0,25,,88635,7,,,0,69,,88599,7,,,0,31,,88626,7,,,0,70,,88628,7,,,0,37,,88600,7,,,0,64,,88615,7,,,0,30,,88639,7,,,0,70,,88629,7,,,0,30,,88640,7,,,0,67,,88631,7,,,0
672400,'2_merged_15524960',423,,88700,7,,,0,35,,88704,7,,,0,74,,88705,7,,,0,69,,88706,7,,,0,30,,88707,7,,,0,70,,88708,7,,,0,31,,88709,7,,,0,68,,88710,7,,,0,28,,88711,7,,,0,20,,88712,7,,,0,54,,88724,7,,,0,15,,88725,7,,,0,14,,88726,7,,,0,15,,88727,7,,,0,54,,88728,7,,,0,15,,88664,7,,,0,14,,88665,7,,,0,15,,88666,7,,,0,14,,88667,7,,,0,55,,88668,7,,,0,15,,88669,7,,,0,15,,88670,7,,,0,12,,88671,7,,,0,56,,88672,7,,,0,13,,88673,7,,,0,15,,88674,7,,,0,14,,88675,7,,,0,56,,88676,7,,,0,13,,88677,7,,,0,15,,88678,7,,,0,15,,88679,7,,,0,55,,88680,7,,,0,14,,88681,7,,,0,15,,88682,7,,,0,13,,88683,7,,,0,55,,88684,7,,,0,15,,88685,7,,,0,17,,88686,7,,,0,15,,88663,7,,,0,57,,88687,7,,,0,16,,88688,7,,,0,16,,88689,7,,,0,60,,88690,7,,,0,16,,88691,7,,,0,15,,88692,7,,,0,15,,88693,7,,,0,57,,88713,7,,,0,23,,88714,7,,,0,21,,88715,7,,,0,62,,88716,7,,,0,22,,88717,7,,,0,20,,88718,7,,,0,66,,88720,7,,,0,30,,88722,7,,,0,70,,88723,7,,,0,33,,88696,7,,,0,70,,88697,7,,,0,33,,88698,7,,,0,66,,88719,7,,,0,27,,88701,7,,,0,68,,88695,7,,,0,39,,88702,7,,,0,69,,88694,7,,,0
672400,'3_merged_15524959',456,,88753,7,,,0,70,,88757,7,,,0,30,,88758,7,,,0,69,,88759,7,,,0,30,,88760,7,,,0,68,,88761,7,,,0,21,,88762,7,,,0,59,,88763,7,,,0,21,,88764,7,,,0,19,,88765,7,,,0,62,,88766,7,,,0,20,,88767,7,,,0,16,,88768,7,,,0,60,,88769,7,,,0,20,,88770,7,,,0,18,,88771,7,,,0,20,,88772,7,,,0,60,,88773,7,,,0,18,,88774,7,,,0,20,,88775,7,,,0,60,,88776,7,,,0,20,,88777,7,,,0,20,,88778,7,,,0,60,,88779,7,,,0,19,,88780,7,,,0,20,,88781,7,,,0,55,,88740,7,,,0,15,,88782,7,,,0,15,,88783,7,,,0,15,,88784,7,,,0,54,,88741,7,,,0,17,,88785,7,,,0,16,,88786,7,,,0,16,,88787,7,,,0,56,,88742,7,,,0,16,,88788,7,,,0,15,,88789,7,,,0,55,,88729,7,,,0,15,,88743,7,,,0,15,,88730,7,,,0,16,,88731,7,,,0,57,,88732,7,,,0,15,,88744,7,,,0,18,,88738,7,,,0,16,,88739,7,,,0,59,,88737,7,,,0,20,,88745,7,,,0,18,,88733,7,,,0,60,,88734,7,,,0,29,,88735,7,,,0,70,,88736,7,,,0,32,,88749,7,,,0,69,,88750,7,,,0,30,,88751,7,,,0,71,,88746,7,,,0,31,,88754,7,,,0,71,,88748,7,,,0,30,,88755,7,,,0,70,,88747,7,,,0
672501,'101_merged_15524965',1453,,89079,2,,,0
672501,'1_merged_15524958',447,,89081,2,,,0,77,,89082,2,,,0,25,,89080,2,,,0,72,,89083,7,,,0,31,,89084,7,,,0,70,,89085,7,,,0,31,,89086,7,,,0,70,,89087,7,,,0,30,,89088,7,,,0,70,,89089,7,,,0,30,,89090,7,,,0,70,,89091,7,,,0,29,,89092,7,,,0,70,,89093,7,,,0,30,,89094,7,,,0,70,,89095,7,,,0,30,,89096,7,,,0,70,,89097,7,,,0,31,,89098,7,,,0,70,,89099,7,,,0,29,,89100,7,,,0,71,,89101,7,,,0,30,,89102,7,,,0,70,,89103,7,,,0,30,,89104,7,,,0,70,,89105,7,,,0,29,,89106,7,,,0,70,,89107,7,,,0,31,,89108,7,,,0,71,,89109,7,,,0,30,,89110,7,,,0,70,,89111,7,,,0,31,,89112,7,,,0,70,,89113,7,,,0,30,,89114,7,,,0,70,,89115,7,,,0,100,,89116,7,,,0,100,,89117,7,,,0
672501,'2_merged_15524960',513,,89153,2,,,0,27,,89151,2,,,0,72,,89119,7,,,0,32,,89137,7,,,0,72,,89138,7,,,0,30,,89139,7,,,0,70,,89140,7,,,0,30,,89121,7,,,0,71,,89141,7,,,0,33,,89142,7,,,0,70,,89143,7,,,0,30,,89122,7,,,0,70,,89147,7,,,0,30,,89148,7,,,0,71,,89149,7,,,0,31,,89136,7,,,0,70,,89126,7,,,0,30,,89135,7,,,0,70,,89152,7,,,0,29,,89129,7,,,0,70,,89134,7,,,0,30,,89146,7,,,0,70,,89145,7,,,0,30,,89127,7,,,0,70,,89132,7,,,0,30,,89130,7,,,0,70,,89131,7,,,0,29,,89144,7,,,0,71,,89123,7,,,0,31,,89120,7,,,0,71,,89124,7,,,0,30,,89154,7,,,0,70,,89125,7,,,0,100,,89150,7,,,0,102,,89128,7,,,0,98,,89133,7,,,0
672501,'3_merged_15524959',628,,89172,2,,,0,95,,89161,7,,,0,32,,89158,7,,,0,70,,89160,7,,,0,30,,89173,7,,,0,70,,89187,7,,,0,29,,89186,7,,,0,71,,89185,7,,,0,30,,89183,7,,,0,70,,89167,7,,,0,30,,89171,7,,,0,70,,89162,7,,,0,30,,89163,7,,,0,70,,89164,7,,,0,30,,89159,7,,,0,71,,89165,7,,,0,30,,89166,7,,,0,70,,89189,7,,,0,30,,89174,7,,,0,70,,89175,7,,,0,30,,89170,7,,,0,70,,89168,7,,,0,30,,89182,7,,,0,70,,89188,7,,,0,31,,89155,7,,,0,70,,89156,7,,,0,30,,89157,7,,,0,71,,89176,7,,,0,30,,89177,7,,,0,70,,89178,7,,,0,31,,89179,7,,,0,89,,89180,7,,,0,95,,89181,7,,,0,100,,89184,7,,,0
682801,'1101_merged_15524969',2037,,96647,7,,,0
682801,'1201_merged_15524951',2037,,96650,7,,,0,108,,96649,7,,,0,107,,96648,7,,,0
682801,'1_merged_15524958',847,,96666,7,,,0,80,,96667,7,,,0,80,,96664,7,,,0,39,,96665,7,,,0,80,,96663,7,,,0,80,,96651,7,,,0,40,,96668,7,,,0,80,,96662,7,,,0,80,,96661,7,,,0,40,,96660,7,,,0,80,,96659,7,,,0,82,,96658,7,,,0,39,,96657,7,,,0,79,,96656,7,,,0,79,,96655,7,,,0,40,,96654,7,,,0,80,,96653,7,,,0,82,,96652,7,,,0
682801,'2_merged_15524960',914,,96680,7,,,0,40,,96679,7,,,0,80,,96678,7,,,0,80,,96677,7,,,0,40,,96676,7,,,0,80,,96675,7,,,0,80,,96674,7,,,0,40,,96673,7,,,0,82,,96672,7,,,0,80,,96671,7,,,0,40,,96670,7,,,0,80,,96669,7,,,0,80,,96688,7,,,0,40,,96687,7,,,0,80,,96686,7,,,0,70,,96685,7,,,0,110,,96684,7,,,0,107,,96683,7,,,0,107,,96682,7,,,0,104,,96681,7,,,0
682801,'3_merged_15524959',1114,,96689,7,,,0,40,,96701,7,,,0,81,,96700,7,,,0,80,,96699,7,,,0,40,,96698,7,,,0,78,,96697,7,,,0,84,,96696,7,,,0,40,,96695,7,,,0,80,,96694,7,,,0,80,,96693,7,,,0,40,,96692,7,,,0,80,,96691,7,,,0,76,,96690,7,,,0
