665400,'1',534,,133163,3,,,0,24,,133162,3,,,0,71,,133179,3,,,0,71,,133181,3,,,0,32,,133165,3,,,0,70,,133182,3,,,0,30,,133164,3,,,0,104,,133172,3,,,0,69,,133173,3,,,0,30,,133174,3,,,0,67,,133171,3,,,0,30,,133175,3,,,0,70,,133176,3,,,0,30,,133177,3,,,0,70,,133178,3,,,0,30,,133186,3,,,0,70,,133187,3,,,0,30,,133188,3,,,0,73,,133189,3,,,0,32,,133190,3,,,0,70,,133183,3,,,0,32,,133160,3,,,0,94,,133167,3,,,0,69,,133168,3,,,0,34,,133180,3,,,0,68,,133184,3,,,0,27,,133191,3,,,0,26,,133192,3,,,0,68,,133166,3,,,0,28,,133185,3,,,0,70,,133193,3,,,0,30,,133161,3,,,0,104,,133169,3,,,0,146,,133170,3,,,0
665400,'101',902,,133158,3,,,0,801,,133159,3,,,0
665400,'2',602,,133215,3,,,0,35,,133229,3,,,0,70,,133205,3,,,0,30,,133230,3,,,0,70,,133222,3,,,0,30,,133221,3,,,0,70,,133204,3,,,0,30,,133219,3,,,0,70,,133218,3,,,0,30,,133208,3,,,0,70,,133206,3,,,0,30,,133211,3,,,0,71,,133210,3,,,0,30,,133209,3,,,0,70,,133196,3,,,0,30,,133198,3,,,0,75,,133213,3,,,0,30,,133212,3,,,0,70,,133214,3,,,0,30,,133225,3,,,0,70,,133224,3,,,0,30,,133203,3,,,0,70,,133197,3,,,0,30,,133216,3,,,0,70,,133217,3,,,0,30,,133207,3,,,0,70,,133220,3,,,0,29,,133227,3,,,0,70,,133226,3,,,0,30,,133202,3,,,0,70,,133201,3,,,0,30,,133200,3,,,0,70,,133199,3,,,0,90,,133228,3,,,0,35,,133223,3,,,0
665400,'201',902,,133194,3,,,0,801,,133195,3,,,0
665400,'3',701,,133240,3,,,0,35,,133239,3,,,0,70,,133262,3,,,0,32,,133248,3,,,0,70,,133247,3,,,0,30,,133246,3,,,0,70,,133245,3,,,0,30,,133244,3,,,0,70,,133255,3,,,0,30,,133232,3,,,0,70,,133256,3,,,0,30,,133242,3,,,0,70,,133241,3,,,0,30,,133249,3,,,0,70,,133237,3,,,0,30,,133236,3,,,0,70,,133235,3,,,0,30,,133234,3,,,0,70,,133233,3,,,0,30,,133254,3,,,0,70,,133253,3,,,0,30,,133231,3,,,0,70,,133263,3,,,0,30,,133238,3,,,0,70,,133252,3,,,0,30,,133261,3,,,0,70,,133260,3,,,0,29,,133250,3,,,0,70,,133259,3,,,0,30,,133258,3,,,0,70,,133257,3,,,0,40,,133243,3,,,0,100,,133251,3,,,0
3329201,'1',603,,167631,26,,,0,11,,167630,26,,,0,15,,167620,26,,,0,14,,167629,26,,,0,16,,167627,26,,,0,54,,167626,26,,,0,15,,167625,26,,,0,16,,167624,26,,,0,56,,167623,26,,,0,17,,167622,26,,,0,16,,167621,26,,,0,15,,167607,26,,,0,55,,167606,26,,,0,17,,167605,26,,,0,20,,167604,26,,,0,71,,167603,26,,,0,30,,167602,26,,,0,71,,167601,26,,,0,30,,167628,26,,,0,70,,167613,26,,,0,33,,167600,26,,,0,69,,167599,26,,,0,31,,167598,26,,,0,74,,167597,26,,,0,26,,167596,26,,,0,55,,167595,26,,,0,18,,167643,26,,,0,15,,167642,26,,,0,70,,167641,26,,,0,15,,167644,26,,,0,16,,167640,26,,,0,67,,167639,26,,,0,13,,167638,26,,,0,15,,167637,26,,,0,14,,167636,26,,,0,13,,167635,26,,,0,55,,167634,26,,,0,17,,167633,26,,,0,21,,167632,28,,,0,69,,167619,28,,,0,33,,167618,28,,,0,66,,167617,28,,,0,29,,167616,28,,,0,70,,167615,28,,,0,32,,167614,28,,,0,69,,167612,28,,,0,28,,167611,28,,,0,69,,167610,28,,,0,33,,167609,28,,,0,98,,167608,28,,,0
3329201,'101',1548,,167594,26,,,0,99,,167593,26,,,0
3329201,'2',637,,167650,26,,,0,71,,167648,26,,,0,38,,167668,26,,,0,69,,167667,26,,,0,31,,167666,26,,,0,72,,167665,26,,,0,25,,167664,26,,,0,70,,167663,26,,,0,30,,167662,26,,,0,70,,167661,26,,,0,31,,167660,26,,,0,71,,167659,26,,,0,31,,167658,26,,,0,70,,167657,26,,,0,32,,167656,26,,,0,71,,167682,26,,,0,30,,167681,26,,,0,70,,167680,26,,,0,28,,167679,26,,,0,72,,167678,26,,,0,32,,167677,26,,,0,69,,167676,26,,,0,30,,167675,26,,,0,69,,167674,26,,,0,30,,167673,26,,,0,69,,167672,28,,,0,32,,167671,28,,,0,72,,167670,28,,,0,31,,167669,28,,,0,70,,167649,28,,,0,30,,167647,28,,,0,71,,167655,28,,,0,28,,167654,28,,,0,65,,167653,28,,,0,32,,167652,28,,,0,98,,167651,28,,,0
3329201,'201',1542,,167646,26,,,0,105,,167645,26,,,0
3329201,'3',734,,167715,26,,,0,76,,167714,26,,,0,30,,167713,26,,,0,72,,167712,26,,,0,30,,167711,26,,,0,71,,167710,26,,,0,30,,167709,26,,,0,70,,167708,26,,,0,32,,167707,26,,,0,69,,167706,26,,,0,31,,167705,26,,,0,68,,167704,26,,,0,25,,167703,26,,,0,70,,167702,26,,,0,31,,167701,26,,,0,69,,167700,26,,,0,31,,167699,26,,,0,70,,167698,26,,,0,31,,167697,26,,,0,69,,167696,26,,,0,27,,167695,26,,,0,69,,167694,26,,,0,31,,167693,26,,,0,78,,167692,28,,,0,34,,167691,28,,,0,70,,167690,28,,,0,30,,167689,28,,,0,70,,167688,28,,,0,29,,167687,28,,,0,71,,167686,28,,,0,29,,167685,28,,,0,69,,167684,28,,,0,100,,167683,28,,,0
