664501,'1_merged_15529678',454,,72282,2,,,0,63,,72228,2,,,0,21,,72252,2,,,0,9,,72287,2,,,0,10,,72216,2,,,0,52,,72240,2,,,0,12,,72232,2,,,0,12,,72237,2,,,0,10,,72270,2,,,0,9,,72200,2,,,0,48,,72284,2,,,0,8,,72203,2,,,0,7,,72257,2,,,0,8,,72273,2,,,0,7,,72239,2,,,0,8,,72285,2,,,0,8,,72231,2,,,0,8,,72251,2,,,0,48,,72198,2,,,0,10,,72236,2,,,0,10,,72256,2,,,0,10,,72246,2,,,0,12,,72217,2,,,0,12,,72245,2,,,0,51,,72223,2,,,0,13,,72214,2,,,0,12,,72230,2,,,0,12,,72210,2,,,0,12,,72290,2,,,0,52,,72254,2,,,0,12,,72235,2,,,0,12,,72278,2,,,0,12,,72272,2,,,0,12,,72291,2,,,0,52,,72229,2,,,0,12,,72205,2,,,0,12,,72279,2,,,0,12,,72224,2,,,0,12,,72292,2,,,0,52,,72227,2,,,0,12,,72225,2,,,0,12,,72280,2,,,0,12,,72197,2,,,0,13,,72293,2,,,0,52,,72201,2,,,0,12,,72255,2,,,0,12,,72281,2,,,0,12,,72202,2,,,0,12,,72294,2,,,0,53,,72234,2,,,0,12,,72215,2,,,0,12,,72271,2,,,0,12,,72196,2,,,0,12,,72295,2,,,0,52,,72268,2,,,0,12,,72209,2,,,0,9,,72288,2,,,0,10,,72249,2,,,0,9,,72222,2,,,0,9,,72289,2,,,0,50,,72286,2,,,0,9,,72283,2,,,0,9,,72250,2,,,0,10,,72238,2,,,0,9,,72269,2,,,0,9,,72258,2,,,0,48,,72195,2,,,0,9,,72267,2,,,0,9,,72204,2,,,0,10,,72260,2,,,0,9,,72213,2,,,0,10,,72221,2,,,0,9,,72220,2,,,0,50,,72259,2,,,0,9,,72219,2,,,0,10,,72253,2,,,0,9,,72208,2,,,0,9,,72277,2,,,0,9,,72241,2,,,0,50,,72218,2,,,0,10,,72212,2,,,0,10,,72206,2,,,0,10,,72233,2,,,0,15,,72243,2,,,0,55,,72207,2,,,0,17,,72276,2,,,0,16,,72211,2,,,0,15,,72242,2,,,0,54,,72247,2,,,0,16,,72266,2,,,0,14,,72262,2,,,0,15,,72275,2,,,0,54,,72261,2,,,0,20,,72263,2,,,0,30,,72265,2,,,0,65,,72274,2,,,0,29,,72248,2,,,0,68,,72264,2,,,0,32,,72244,2,,,0,70,,72226,2,,,0,33,,72199,2,,,0
664501,'2_merged_15529680',513,,72352,2,,,0,30,,72353,2,,,0,64,,72342,2,,,0,20,,72358,2,,,0,20,,72343,2,,,0,59,,72349,2,,,0,15,,72354,2,,,0,17,,72359,2,,,0,13,,72344,2,,,0,57,,72339,2,,,0,14,,72325,2,,,0,16,,72298,2,,,0,13,,72328,2,,,0,52,,72355,2,,,0,12,,72332,2,,,0,12,,72341,2,,,0,11,,72350,2,,,0,12,,72327,2,,,0,53,,72326,2,,,0,12,,72303,2,,,0,12,,72329,2,,,0,12,,72320,2,,,0,12,,72302,2,,,0,51,,72351,2,,,0,12,,72306,2,,,0,12,,72378,2,,,0,12,,72307,2,,,0,12,,72308,2,,,0,50,,72309,2,,,0,11,,72310,2,,,0,12,,72337,2,,,0,13,,72311,2,,,0,12,,72312,2,,,0,52,,72313,2,,,0,12,,72314,2,,,0,12,,72315,2,,,0,12,,72316,2,,,0,12,,72317,2,,,0,52,,72318,2,,,0,13,,72319,2,,,0,12,,72321,2,,,0,12,,72363,2,,,0,12,,72364,2,,,0,52,,72365,2,,,0,12,,72366,2,,,0,12,,72367,2,,,0,12,,72368,2,,,0,12,,72369,2,,,0,52,,72370,2,,,0,12,,72371,2,,,0,12,,72372,2,,,0,12,,72373,2,,,0,12,,72374,2,,,0,52,,72375,2,,,0,12,,72376,2,,,0,12,,72296,2,,,0,12,,72377,2,,,0,12,,72297,2,,,0,52,,72356,2,,,0,12,,72338,2,,,0,12,,72379,2,,,0,12,,72322,2,,,0,12,,72347,2,,,0,53,,72300,2,,,0,13,,72330,2,,,0,17,,72333,2,,,0,16,,72346,2,,,0,55,,72357,2,,,0,15,,72323,2,,,0,15,,72301,2,,,0,15,,72345,2,,,0,55,,72299,2,,,0,15,,72360,2,,,0,15,,72304,2,,,0,15,,72361,2,,,0,55,,72305,2,,,0,15,,72340,2,,,0,30,,72334,2,,,0,70,,72362,2,,,0,30,,72324,2,,,0,69,,72335,2,,,0,30,,72348,2,,,0,70,,72331,2,,,0,30,,72336,2,,,0
664501,'3_merged_15529679',543,,72394,2,,,0,59,,72443,2,,,0,29,,72397,2,,,0,19,,72395,2,,,0,55,,72400,2,,,0,16,,72396,2,,,0,14,,72430,2,,,0,15,,72449,2,,,0,54,,72404,2,,,0,15,,72447,2,,,0,14,,72448,2,,,0,16,,72426,2,,,0,54,,72398,2,,,0,15,,72384,2,,,0,15,,72413,2,,,0,15,,72406,2,,,0,54,,72414,2,,,0,16,,72425,2,,,0,16,,72408,2,,,0,15,,72383,2,,,0,56,,72403,2,,,0,13,,72412,2,,,0,10,,72420,2,,,0,12,,72450,2,,,0,12,,72428,2,,,0,51,,72423,2,,,0,13,,72418,2,,,0,12,,72388,2,,,0,12,,72451,2,,,0,12,,72399,2,,,0,52,,72405,2,,,0,12,,72429,2,,,0,12,,72401,2,,,0,12,,72452,2,,,0,12,,72422,2,,,0,52,,72436,2,,,0,12,,72417,2,,,0,12,,72419,2,,,0,12,,72453,2,,,0,12,,72439,2,,,0,52,,72431,2,,,0,12,,72389,2,,,0,12,,72421,2,,,0,12,,72454,2,,,0,12,,72424,2,,,0,52,,72438,2,,,0,12,,72446,2,,,0,12,,72416,2,,,0,12,,72455,2,,,0,12,,72410,2,,,0,52,,72411,2,,,0,12,,72407,2,,,0,12,,72402,2,,,0,12,,72433,2,,,0,12,,72445,2,,,0,56,,72385,2,,,0,14,,72440,2,,,0,15,,72393,2,,,0,15,,72432,2,,,0,55,,72409,2,,,0,15,,72444,2,,,0,15,,72392,2,,,0,15,,72387,2,,,0,55,,72442,2,,,0,15,,72434,2,,,0,15,,72391,2,,,0,16,,72435,2,,,0,60,,72382,2,,,0,30,,72415,2,,,0,70,,72390,2,,,0,30,,72381,2,,,0,70,,72441,2,,,0,30,,72386,2,,,0,69,,72380,2,,,0,30,,72427,2,,,0,74,,72437,2,,,0
683400,'1201_merged_15529671',2652,,96807,82,,,0,62,,96810,82,,,0,129,,96809,82,,,0
683400,'1_merged_15529678',2637,,96817,82,,,0,67,,96815,82,,,0,49,,96816,82,,,0,55,,96814,82,,,0,19,,96813,82,,,0,31,,96811,82,,,0,65,,96818,82,,,0
683400,'2_merged_15529680',533,,96828,82,,,0,14,,96827,82,,,0,73,,96831,82,,,0,21,,96826,82,,,0,70,,96825,82,,,0,1904,,96832,82,,,0,19,,96833,82,,,0,20,,96830,82,,,0,60,,96834,82,,,0,15,,96823,82,,,0,15,,96820,82,,,0,15,,96822,82,,,0,60,,96821,82,,,0,105,,96829,82,,,0
683400,'3_merged_15529679',538,,96844,82,,,0,70,,96845,82,,,0,15,,96846,82,,,0,15,,96852,82,,,0,15,,96851,82,,,0,56,,96847,82,,,0,26,,96835,82,,,0,19,,96853,82,,,0,54,,96848,82,,,0,1739,,96850,82,,,0,60,,96849,82,,,0,22,,96839,82,,,0,78,,96836,82,,,0,40,,96837,82,,,0,62,,96838,82,,,0,101,,96843,82,,,0
683401,'1_merged_15529678',2510,,96856,12,,,0,28,,96855,12,,,0,72,,96854,12,,,0
683401,'2_merged_15529680',2425,,96860,12,,,0,81,,96859,12,,,0,30,,96858,12,,,0,71,,96857,12,,,0
683401,'3_merged_15529679',2509,,96861,12,,,0,30,,96862,12,,,0,70,,96863,12,,,0
