674100,'101_merged_15524965',1509,,91250,18,,,0
674100,'1_merged_15524958',425,,91251,18,,,0,29,,91252,18,,,0,67,,91253,18,,,0,17,,91254,18,,,0,13,,91255,18,,,0,59,,91256,18,,,0,9,,91258,1,,,0,9,,91259,1,,,0,11,,91261,1,,,0,62,,91263,15,,,0,20,,91265,1,,,0,11,,91266,15,,,0,24,,91268,18,,,0,55,,91269,18,,,0,15,,91270,15,,,0,13,,91271,18,,,0,15,,91272,18,,,0,53,,91273,1,,,0,17,,91274,18,,,0,16,,91275,18,,,0,15,,91276,18,,,0,59,,91277,18,,,0,28,,91278,18,,,0,68,,91279,18,,,0,20,,91320,18,,,0,20,,91280,18,,,0,59,,91281,18,,,0,20,,91318,18,,,0,20,,91282,18,,,0,60,,91317,18,,,0,19,,91283,18,,,0,21,,91319,18,,,0,60,,91284,18,,,0,18,,91285,18,,,0,12,,91286,18,,,0,12,,91287,18,,,0,53,,91288,18,,,0,19,,91289,18,,,0,15,,91290,18,,,0,15,,91291,18,,,0,55,,91292,18,,,0,15,,91293,18,,,0,15,,91294,18,,,0,15,,91295,18,,,0,56,,91296,18,,,0,16,,91297,18,,,0,15,,91298,15,,,0,15,,91299,18,,,0,56,,91300,18,,,0,21,,91301,15,,,0,21,,91302,18,,,0,59,,91303,18,,,0,19,,91304,18,,,0,20,,91305,18,,,0,60,,91306,18,,,0,20,,91307,18,,,0,20,,91308,18,,,0,67,,91309,18,,,0,32,,91310,18,,,0,70,,91311,18,,,0,32,,91312,18,,,0,70,,91313,18,,,0,100,,91314,18,,,0,92,,91315,18,,,0,137,,91316,18,0,96 99,0
674100,'2_merged_15524960',428,,91366,18,,,0,102,,91365,18,,,0,105,,91364,18,,,0,69,,91363,18,,,0,22,,91371,18,,,0,22,,91362,18,,,0,62,,91360,18,,,0,20,,91372,18,,,0,20,,91359,18,,,0,61,,91358,18,,,0,20,,91373,18,,,0,21,,91357,18,,,0,60,,91361,18,,,0,22,,91374,18,,,0,20,,91356,18,,,0,61,,91355,18,,,0,20,,91327,18,,,0,20,,91354,18,,,0,60,,91353,18,,,0,20,,91326,18,,,0,20,,91352,18,,,0,60,,91351,18,,,0,20,,91325,18,,,0,20,,91350,18,,,0,60,,91349,18,,,0,20,,91324,18,,,0,22,,91336,18,,,0,60,,91335,18,,,0,20,,91323,18,,,0,17,,91348,18,,,0,57,,91367,18,,,0,15,,91347,18,,,0,15,,91322,18,,,0,15,,91346,18,,,0,55,,91368,18,,,0,15,,91345,18,,,0,15,,91321,18,,,0,15,,91328,18,,,0,55,,91369,18,,,0,15,,91344,18,,,0,20,,91343,18,,,0,60,,91342,18,,,0,20,,91370,18,,,0,20,,91341,18,,,0,60,,91340,18,,,0,32,,91339,18,,,0,70,,91338,18,,,0,30,,91330,18,,,0,70,,91337,18,,,0,30,,91329,18,,,0,78,,91334,18,,,0,99,,91333,18,,,0,108,,91332,18,,,0,123,,91331,18,,,0
674100,'3_merged_15524959',429,,91420,18,,,0,103,,91419,18,,,0,103,,91418,18,,,0,72,,91417,18,,,0,31,,91416,18,,,0,71,,91414,18,,,0,20,,91426,18,,,0,19,,91413,18,,,0,60,,91412,18,,,0,20,,91427,18,,,0,18,,91411,18,,,0,62,,91415,18,,,0,19,,91428,18,,,0,21,,91410,18,,,0,61,,91409,18,,,0,19,,91429,18,,,0,12,,91381,18,,,0,60,,91408,18,,,0,20,,91407,18,,,0,20,,91380,18,,,0,60,,91406,18,,,0,20,,91405,18,,,0,20,,91379,18,,,0,60,,91404,18,,,0,20,,91403,18,,,0,21,,91378,18,,,0,60,,91390,18,,,0,20,,91389,18,,,0,20,,91377,18,,,0,17,,91402,18,,,0,53,,91421,18,,,0,14,,91401,18,,,0,17,,91376,18,,,0,15,,91400,18,,,0,54,,91422,18,,,0,15,,91399,18,,,0,15,,91375,18,,,0,15,,91382,18,,,0,54,,91423,18,,,0,15,,91398,18,,,0,15,,91397,18,,,0,15,,91424,18,,,0,57,,91396,18,,,0,16,,91425,18,,,0,19,,91395,18,,,0,60,,91394,18,,,0,32,,91393,18,,,0,69,,91392,18,,,0,30,,91384,18,,,0,70,,91391,18,,,0,30,,91383,18,,,0,76,,91388,18,,,0,102,,91387,18,,,0,106,,91386,18,,,0,123,,91385,18,,,0
674200,'1_merged_15524958',548,,91599,18,,,0,88,,91600,18,,,0,13,,91593,18,,,0,73,,91594,18,,,0,28,,91595,18,,,0,75,,91596,18,,,0,28,,91597,18,,,0,53,,91598,18,,,0
674300,'1_merged_15524958',622,,91612,23,,,0,90,,91613,23,,,0,30,,91614,23,,,0,69,,91615,23,,,0,21,,91616,23,,,0,70,,91617,23,4,,0,754,,91618,23,4,,0,67,,91619,23,4,,0,34,,91620,23,4,,0,78,,91621,23,4,,0,88,,91622,23,4,,0,28,,91623,23,4,,0
674400,'1_merged_15524958',623,,91637,16,4,,0,82,,91638,16,,,0,17,,91639,16,,,0,24,,91640,16,,,0,11,,91641,16,,,0,52,,91642,16,,,0,823,,91643,16,4,,0,77,,91644,16,4,,0,48,,91645,16,4,,0,67,,91646,16,4,,0,86,,91647,16,4,,0,24,,91648,16,4,,0
684300,'1_merged_15524958',1003,,97139,24,,,0,104,,97138,24,,,0,98,,97136,24,,,0,100,,97132,24,,,0,100,,97131,24,,,0,100,,97140,24,,,0,100,,97137,24,,,0,99,,97135,24,,,0,98,,97134,24,,,0,99,,97133,24,,,0,100,,97143,24,,,0,100,,97142,24,,,0,105,,97141,24,,,0
684300,'2_merged_15524960',1001,,97147,24,,,0,101,,97146,24,,,0,101,,97145,24,,,0,100,,97144,24,,,0,100,,97155,24,,,0,101,,97154,24,,,0,100,,97153,24,,,0,100,,97152,24,,,0,100,,97151,24,,,0,102,,97150,24,,,0,100,,97149,24,,,0,100,,97148,24,,,0
684300,'3_merged_15524959',1002,,97166,24,,,0,100,,97165,24,,,0,100,,97164,24,,,0,100,,97160,24,,,0,100,,97163,24,,,0,100,,97162,24,,,0,100,,97161,24,,,0,101,,97158,24,,,0,99,,97156,24,,,0,55,,97159,24,,,0,100,,97157,24,,,0
684400,'1_merged_15524958',937,,97207,15,,,0,100,,97206,15,,,0,100,,97205,15,,,0,100,,97204,15,,,0,100,,97203,15,,,0,100,,97215,15,,,0,100,,97214,15,,,0,101,,97213,15,,,0,103,,97212,15,,,0,96,,97211,15,,,0,99,,97210,15,,,0,100,,97209,15,,,0,99,,97208,15,,,0
684400,'2_merged_15524960',928,,97216,15,,,0,100,,97218,15,,,0,100,,97217,15,,,0,100,,97228,15,,,0,101,,97227,15,,,0,100,,97226,15,,,0,98,,97225,15,,,0,101,,97224,15,,,0,100,,97223,15,,,0,99,,97222,15,,,0,98,,97221,15,,,0,105,,97220,15,,,0,100,,97219,15,,,0
684400,'3_merged_15524959',925,,97238,15,,,0,101,,97235,15,,,0,100,,97234,15,,,0,100,,97231,15,,,0,102,,97230,15,,,0,100,,97229,15,,,0,99,,97240,15,,,0,100,,97239,15,,,0,100,,97237,15,,,0,100,,97233,15,,,0,100,,97236,15,,,0,100,,97232,15,,,0
1169601,'1_merged_15524958',519,,99036,39,,,0,31,,99037,39,,,0,70,,99038,39,,,0,31,,99039,39,,,0,72,,99040,39,,,0,30,,99041,39,,,0,71,,99042,39,,,0,30,,99043,39,,,0,70,,99044,39,,,0,33,,99064,39,,,0,70,,99045,39,,,0,30,,99065,39,,,0,70,,99046,39,,,0,30,,99066,39,,,0,69,,99047,39,,,0,30,,99067,39,,,0,72,,99048,39,,,0,30,,99068,39,,,0,70,,99049,39,,,0,29,,99069,39,,,0,72,,99050,39,,,0,30,,99061,39,,,0,70,,99051,39,,,0,30,,99052,39,,,0,69,,99053,39,,,0,30,,99054,39,,,0,67,,99055,39,,,0,29,,99056,39,,,0,69,,99057,39,,,0,30,,99070,39,,,0,69,,99058,39,,,0,30,,99071,39,,,0,70,,99059,39,,,0,30,,99072,39,,,0,70,,99060,39,,,0,30,,99073,39,,,0,70,,99062,39,,,0,30,,99074,39,,,0,70,,99063,39,,,0
1169601,'2_merged_15524960',643,,99075,39,,,0,72,,99076,39,,,0,30,,99103,39,,,0,71,,99077,39,,,0,30,,99078,39,,,0,72,,99104,39,,,0,32,,99079,39,,,0,70,,99080,39,,,0,31,,99081,39,,,0,69,,99082,39,,,0,30,,99083,39,,,0,70,,99084,39,,,0,30,,99085,39,,,0,71,,99086,39,,,0,30,,99087,39,,,0,72,,99088,39,,,0,30,,99089,39,,,0,72,,99090,39,,,0,28,,99091,39,,,0,68,,99092,39,,,0,30,,99093,39,,,0,70,,99094,39,,,0,30,,99095,39,,,0,69,,99096,39,,,0,30,,99097,39,,,0,70,,99098,39,,,0,30,,99099,39,,,0,68,,99100,39,,,0,30,,99105,39,,,0,70,,99101,39,,,0,30,,99106,39,,,0,70,,99102,39,,,0
1169601,'3_merged_15524959',718,,99107,39,,,0,27,,99131,39,,,0,70,,99108,39,,,0,33,,99109,39,,,0,70,,99132,39,,,0,33,,99110,39,,,0,70,,99111,39,,,0,30,,99112,39,,,0,71,,99113,39,,,0,30,,99114,39,,,0,70,,99115,39,,,0,30,,99116,39,,,0,70,,99117,39,,,0,30,,99118,39,,,0,70,,99119,39,,,0,30,,99120,39,,,0,68,,99121,39,,,0,33,,99122,39,,,0,68,,99123,39,,,0,31,,99124,39,,,0,67,,99125,39,,,0,30,,99126,39,,,0,70,,99127,39,,,0,30,,99128,39,,,0,70,,99129,39,,,0,30,,99133,39,,,0,69,,99130,39,,,0,30,,99134,39,,,0,68,,99135,39,,,0
