672401,'1_merged_15524958',522,,88803,39,,,0,30,,88792,39,,,0,72,,88818,39,,,0,34,,88802,39,,,0,74,,88819,39,,,0,14,,88826,39,,,0,57,,88827,39,,,0,16,,88828,39,,,0,18,,88829,39,,,0,15,,88830,39,,,0,55,,88831,39,,,0,14,,88832,39,,,0,15,,88833,39,,,0,15,,88834,39,,,0,55,,88835,39,,,0,15,,88820,39,,,0,17,,88836,39,,,0,19,,88807,39,,,0,61,,88804,39,,,0,23,,88808,39,,,0,60,,88805,39,,,0,21,,88806,39,,,0,22,,88809,39,,,0,60,,88791,39,,,0,20,,88793,39,,,0,18,,88810,39,,,0,61,,88796,39,,,0,22,,88797,39,,,0,413,,88846,39,,,0,15,,88847,39,,,0,52,,88848,39,,,0,15,,88849,39,,,0,14,,88850,39,,,0,13,,88851,39,,,0,63,,88812,39,,,0,33,,88813,39,,,0,71,,88814,39,,,0,27,,88815,39,,,0,70,,88798,39,,,0,27,,88799,39,,,0,70,,88800,39,,,0,29,,88801,39,,,0,70,,88822,39,,,0,26,,88794,39,,,0,26,,88823,39,,,0,67,,88795,39,,,0,77,,88824,39,,,0
672401,'2_merged_15524960',516,,88888,39,,,0,37,,88890,39,,,0,72,,88891,39,,,0,75,,88892,39,,,0,34,,88893,39,,,0,72,,88894,39,,,0,24,,88895,39,,,0,20,,88896,39,,,0,63,,88897,39,,,0,21,,88852,39,,,0,21,,88853,39,,,0,55,,88854,39,,,0,14,,88855,39,,,0,16,,88856,39,,,0,14,,88857,39,,,0,54,,88858,39,,,0,15,,88859,39,,,0,15,,88860,39,,,0,17,,88861,39,,,0,54,,88862,39,,,0,16,,88863,39,,,0,18,,88864,39,,,0,15,,88865,39,,,0,55,,88866,39,,,0,15,,88867,39,,,0,15,,88868,39,,,0,15,,88869,39,,,0,55,,88870,39,,,0,15,,88871,39,,,0,15,,88872,39,,,0,14,,88873,39,,,0,56,,88874,39,,,0,15,,88875,39,,,0,13,,88876,39,,,0,15,,88877,39,,,0,55,,88878,39,,,0,15,,88879,39,,,0,14,,88880,39,,,0,15,,88881,39,,,0,54,,88882,39,,,0,15,,88883,39,,,0,15,,88884,39,,,0,15,,88885,39,,,0,53,,88886,39,,,0,19,,88887,39,,,0,20,,88898,39,,,0,59,,88899,39,,,0,18,,88900,39,,,0,18,,88901,39,,,0,61,,88914,39,,,0,18,,88902,39,,,0,20,,88903,39,,,0,64,,88904,39,,,0,28,,88905,39,,,0,70,,88906,39,,,0,30,,88907,39,,,0,71,,88908,39,,,0,27,,88909,39,,,0,25,,88910,39,,,0,82,,88911,39,,,0,68,,88912,39,,,0,37,,88913,39,,,0,69,,88889,39,,,0
672401,'3_merged_15524959',526,,88921,39,,,0,30,,88923,39,,,0,70,,88924,39,,,0,31,,88925,39,,,0,70,,88926,39,,,0,31,,88927,39,,,0,64,,88928,39,,,0,20,,88929,39,,,0,62,,88930,39,,,0,22,,88931,39,,,0,20,,88932,39,,,0,62,,88933,39,,,0,20,,88934,39,,,0,20,,88935,39,,,0,63,,88936,39,,,0,21,,88937,39,,,0,20,,88938,39,,,0,61,,88939,39,,,0,22,,88940,39,,,0,20,,88941,39,,,0,60,,88942,39,,,0,19,,88943,39,,,0,20,,88944,39,,,0,61,,88945,39,,,0,17,,88946,39,,,0,16,,88915,39,,,0,55,,88947,39,,,0,17,,88948,39,,,0,15,,88949,39,,,0,14,,88916,39,,,0,55,,88950,39,,,0,15,,88951,39,,,0,15,,88952,39,,,0,15,,88917,39,,,0,55,,88953,39,,,0,14,,88954,39,,,0,15,,88955,39,,,0,15,,88918,39,,,0,55,,88956,39,,,0,14,,88957,39,,,0,15,,88958,39,,,0,15,,88919,39,,,0,55,,88959,39,,,0,17,,88960,39,,,0,19,,88961,39,,,0,62,,88962,39,,,0,20,,88920,39,,,0,20,,88963,39,,,0,74,,88964,39,,,0,30,,88965,39,,,0,73,,88966,39,,,0,29,,88967,39,,,0,72,,88968,39,,,0,29,,88969,39,,,0,72,,88970,39,,,0,29,,88971,39,,,0,85,,88972,39,,,0,70,,88922,39,,,0
672500,'1_merged_15524958',602,,88973,24,,,0,40,,88974,24,,,0,71,,88975,24,,,0,33,,88976,24,,,0,71,,88977,24,,,0,31,,88978,24,,,0,70,,88979,24,,,0,27,,88980,24,,,0,72,,88981,24,,,0,30,,88982,24,,,0,72,,88983,24,,,0,29,,88984,24,,,0,70,,88985,24,,,0,30,,88986,24,,,0,70,,88987,24,,,0,30,,88988,24,,,0,69,,88989,24,,,0,431,,88998,24,,,0,70,,88999,24,,,0,30,,89000,24,,,0,70,,89001,24,,,0,30,,89002,24,,,0,70,,89003,24,,,0,30,,89004,24,,,0,69,,89005,24,,,0,93,,89006,24,,,0,99,,89007,24,,,0,100,,89008,24,,,0
672500,'2_merged_15524960',556,,89038,24,,,0,86,,89027,24,,,0,70,,89037,24,,,0,33,,89010,24,,,0,69,,89034,24,,,0,30,,89035,24,,,0,70,,89018,24,,,0,32,,89041,24,,,0,70,,89042,24,,,0,30,,89030,24,,,0,70,,89040,24,,,0,30,,89025,24,,,0,70,,89033,24,,,0,32,,89011,24,,,0,71,,89012,24,,,0,29,,89013,24,,,0,70,,89014,24,,,0,31,,89015,24,,,0,70,,89016,24,,,0,30,,89017,24,,,0,69,,89036,24,,,0,30,,89029,24,,,0,70,,89039,24,,,0,30,,89028,24,,,0,70,,89032,24,,,0,30,,89024,24,,,0,70,,89031,24,,,0,30,,89019,24,,,0,70,,89022,24,,,0,30,,89026,24,,,0,69,,89023,24,,,0,30,,89009,24,,,0,71,,89043,24,,,0,91,,89020,24,,,0,100,,89044,24,,,0,99,,89021,24,,,0
672500,'3_merged_15524959',700,,89066,24,,,0,33,,89074,24,,,0,70,,89073,24,,,0,31,,89047,24,,,0,70,,89051,24,,,0,31,,89067,24,,,0,71,,89068,24,,,0,30,,89069,24,,,0,70,,89054,24,,,0,30,,89076,24,,,0,70,,89064,24,,,0,29,,89078,24,,,0,71,,89070,24,,,0,29,,89077,24,,,0,70,,89055,24,,,0,30,,89071,24,,,0,70,,89072,24,,,0,30,,89075,24,,,0,70,,89065,24,,,0,29,,89056,24,,,0,70,,89058,24,,,0,30,,89053,24,,,0,70,,89048,24,,,0,31,,89049,24,,,0,71,,89050,24,,,0,31,,89052,24,,,0,70,,89059,24,,,0,31,,89060,24,,,0,70,,89061,24,,,0,30,,89062,24,,,0,80,,89045,24,,,0,109,,89063,24,,,0,100,,89046,24,,,0,100,,89057,24,,,0
682800,'101_merged_15524965',905,,96593,30,,,0
682800,'1201_merged_15524951',2126,,96594,29,,,0,107,,96595,29,,,0
682800,'1_merged_15524958',825,,96613,30,,,0,119,,96612,29,,,0,78,,96611,29,,,0,37,,96610,29,,,0,83,,96609,29,,,0,80,,96608,29,,,0,80,,96607,29,,,0,42,,96606,29,,,0,80,,96605,29,,,0,479,,96598,29,,,0,48,,96597,29,,,0,69,,96596,29,,,0
682800,'2_merged_15524960',932,,96615,29,,,0,80,,96632,29,,,0,40,,96631,29,,,0,80,,96630,29,,,0,80,,96629,29,,,0,41,,96628,29,,,0,80,,96627,29,,,0,80,,96626,29,,,0,41,,96625,29,,,0,80,,96624,29,,,0,80,,96623,29,,,0,40,,96622,29,,,0,80,,96621,29,,,0,78,,96620,29,,,0,37,,96619,29,,,0,107,,96618,29,,,0,150,,96617,29,,,0,107,,96616,29,,,0,104,,96614,29,,,0
682800,'3_merged_15524959',1131,,96638,29,,,0,82,,96645,29,,,0,40,,96637,29,,,0,81,,96644,29,,,0,80,,96643,29,,,0,40,,96636,29,,,0,80,,96642,29,,,0,78,,96635,29,,,0,40,,96634,29,,,0,80,,96641,29,,,0,80,,96640,29,,,0,40,,96633,29,,,0,76,,96639,29,,,0
