664600,'101_merged_15291802',745,,72456,21,,,0
664600,'1_merged_15291795',548,,72463,21,,,0,71,,72462,21,,,0,30,,72492,21,,,0,60,,72491,21,,,0,22,,72487,21,,,0,20,,72490,21,,,0,61,,72474,21,,,0,20,,72459,21,,,0,25,,72458,21,,,0,59,,72476,21,,,0,20,,72499,21,,,0,70,,72498,21,,,0,30,,72497,21,,,0,70,,72466,21,,,0,30,,72470,21,,,0,70,,72469,21,,,0,30,,72468,21,,,0,70,,72479,21,,,0,31,,72493,21,,,0,70,,72502,21,,,0,36,,72484,21,,,0,66,,72483,21,,,0,32,,72480,21,,,0,60,,72488,21,,,0,20,,72460,21,,,0,20,,72500,21,,,0,60,,72485,21,,,0,18,,72478,21,,,0,20,,72482,21,,,0,19,,72461,21,,,0,59,,72471,21,,,0,20,,72475,21,,,0,65,,72486,21,,,0,30,,72496,21,,,0,68,,72457,21,,,0,30,,72465,21,,,0,70,,72464,21,,,0,29,,72494,21,,,0,30,,72467,21,,,0,64,,72495,21,,,0,30,,72473,21,,,0,75,,72481,21,,,0,31,,72472,21,,,0,79,,72489,21,,,0,90,,72501,21,,,0
664600,'2_merged_15291797',614,,72537,21,,,0,30,,72507,21,,,0,71,,72516,21,,,0,31,,72534,21,,,0,69,,72535,21,,,0,40,,72523,21,,,0,75,,72503,21,,,0,74,,72527,21,,,0,30,,72515,21,,,0,71,,72538,21,,,0,32,,72517,21,,,0,69,,72518,21,,,0,30,,72510,21,,,0,70,,72519,21,,,0,32,,72520,21,,,0,68,,72521,21,,,0,28,,72504,21,,,0,70,,72532,21,,,0,29,,72524,21,,,0,70,,72525,21,,,0,31,,72526,21,,,0,67,,72505,21,,,0,30,,72508,21,,,0,73,,72509,21,,,0,28,,72536,21,,,0,70,,72528,21,,,0,30,,72529,21,,,0,71,,72506,21,,,0,31,,72530,21,,,0,72,,72511,21,,,0,30,,72512,21,,,0,23,,72514,21,,,0,68,,72513,21,,,0,30,,72531,21,,,0,86,,72533,21,,,0,100,,72522,21,,,0
664600,'3_merged_15291796',747,,72557,21,,,0,71,,72552,21,,,0,30,,72569,21,,,0,72,,72540,21,,,0,30,,72541,21,,,0,70,,72556,21,,,0,30,,72543,21,,,0,70,,72544,21,,,0,31,,72545,21,,,0,70,,72547,21,,,0,31,,72546,21,,,0,70,,72560,21,,,0,30,,72564,21,,,0,70,,72548,21,,,0,30,,72549,21,,,0,70,,72550,21,,,0,30,,72553,21,,,0,70,,72561,21,,,0,30,,72571,21,,,0,70,,72562,21,,,0,30,,72542,21,,,0,68,,72554,21,,,0,30,,72555,21,,,0,70,,72559,21,,,0,30,,72558,21,,,0,69,,72539,21,,,0,30,,72563,21,,,0,70,,72565,21,,,0,30,,72566,21,,,0,69,,72567,21,,,0,30,,72570,21,,,0,100,,72568,21,,,0,105,,72551,21,,,0
664601,'101_merged_15291802',903,,72574,30,,,0,652,,72575,1,0,32,0,72,,72572,30,,,0
664601,'1_merged_15291795',506,,72589,19,,,0,30,,72592,19,,,0,66,,72616,30,,,0,20,,72600,30,,,0,24,,72599,30,,,0,60,,72598,30,,,0,21,,72610,30,,,0,21,,72604,30,,,0,61,,72586,30,,,0,15,,72606,30,,,0,22,,72620,30,,,0,71,,72578,30,,,0,26,,72584,30,,,0,70,,72581,30,,,0,30,,72614,30,,,0,70,,72609,30,,,0,29,,72602,30,,,0,70,,72597,30,,,0,32,,72596,30,,,0,70,,72603,30,,,0,29,,72607,30,,,0,70,,72576,30,,,0,32,,72594,30,,,0,63,,72593,30,,,0,19,,72619,30,,,0,20,,72582,30,,,0,60,,72618,30,,,0,40,,72595,30,,,0,60,,72580,30,,,0,19,,72590,30,,,0,19,,72579,30,,,0,59,,72605,30,,,0,19,,72585,30,,,0,25,,72583,30,,,0,68,,72617,30,,,0,29,,72587,30,,,0,70,,72615,30,,,0,30,,72577,30,,,0,70,,72591,30,,,0,27,,72608,30,,,0,70,,72613,30,,,0,39,,72612,30,,,0,103,,72611,30,,,0,100,,72601,30,,,0,100,,72588,30,,,0
664601,'2_merged_15291797',641,,72634,30,,,0,70,,72627,30,,,0,29,,72625,30,,,0,74,,72640,30,,,0,36,,72641,30,,,0,71,,72642,30,,,0,19,,72621,30,,,0,70,,72631,30,,,0,29,,72644,30,,,0,76,,72637,30,,,0,31,,72646,30,,,0,70,,72647,30,,,0,32,,72648,30,,,0,68,,72650,30,,,0,31,,72645,30,,,0,70,,72622,30,,,0,32,,72623,30,,,0,70,,72624,30,,,0,28,,72656,30,,,0,70,,72651,30,,,0,28,,72654,30,,,0,69,,72652,30,,,0,30,,72653,30,,,0,68,,72655,30,,,0,29,,72638,30,,,0,71,,72632,30,,,0,29,,72633,30,,,0,67,,72639,30,,,0,30,,72628,30,,,0,70,,72643,30,,,0,30,,72649,30,,,0,72,,72629,30,,,0,49,,72630,30,,,0,98,,72626,30,,,0,100,,72635,30,,,0,97,,72636,30,,,0
664601,'3_merged_15291796',802,,72671,30,,,0,30,,72668,30,,,0,70,,72673,30,,,0,31,,72664,30,,,0,72,,72665,30,,,0,30,,72663,30,,,0,70,,72687,30,,,0,31,,72684,30,,,0,70,,72685,30,,,0,30,,72666,30,,,0,70,,72667,30,,,0,30,,72686,30,,,0,70,,72657,30,,,0,30,,72672,30,,,0,70,,72674,30,,,0,30,,72675,30,,,0,70,,72676,30,,,0,30,,72677,30,,,0,69,,72678,30,,,0,29,,72679,30,,,0,70,,72680,30,,,0,30,,72681,30,,,0,70,,72689,30,,,0,30,,72659,30,,,0,70,,72660,30,,,0,29,,72683,30,,,0,70,,72682,30,,,0,30,,72670,30,,,0,70,,72688,30,,,0,97,,72661,30,,,0,104,,72662,30,,,0,47,,72658,30,,,0,149,,72669,30,,,0
665700,'101_merged_15291802',1613,,75071,20,,,0
665700,'1_merged_15291795',545,,75097,20,,,0,60,,75127,20,,,0,20,,75128,20,,,0,13,,75099,20,,,0,15,,75111,20,,,0,54,,75113,20,,,0,13,,75108,20,,,0,16,,75131,20,,,0,14,,75107,20,,,0,57,,75089,20,,,0,16,,75114,20,,,0,15,,75124,20,,,0,15,,75078,20,,,0,54,,75119,20,,,0,14,,75081,20,,,0,15,,75087,20,,,0,15,,75101,20,,,0,55,,75112,20,,,0,15,,75076,20,,,0,15,,75122,20,,,0,14,,75118,20,,,0,55,,75096,20,,,0,15,,75102,20,,,0,15,,75110,20,,,0,16,,75133,20,,,0,55,,75074,20,,,0,15,,75103,20,,,0,15,,75090,20,,,0,15,,75116,20,,,0,55,,75088,20,,,0,15,,75104,20,,,0,15,,75091,20,,,0,16,,75092,20,,,0,55,,75073,20,,,0,15,,75105,20,,,0,15,,75094,20,,,0,17,,75106,20,,,0,55,,75115,20,,,0,17,,75126,20,,,0,15,,75121,20,,,0,15,,75125,20,,,0,74,,75134,20,,,0,12,,75098,20,,,0,15,,75072,20,,,0,55,,75100,20,,,0,13,,75083,20,,,0,16,,75109,20,,,0,15,,75082,20,,,0,55,,75093,20,,,0,14,,75085,20,,,0,15,,75120,20,,,0,14,,75084,20,,,0,70,,75077,20,,,0,29,,75086,20,,,0,70,,75080,20,,,0,28,,75123,20,,,0,70,,75095,20,,,0,30,,75130,20,,,0,69,,75075,20,,,0,34,,75117,20,,,0,74,,75079,20,,,0,30,,75129,20,,,0,77,,75132,20,,,0
665700,'2_merged_15291797',611,,75158,20,,,0,99,,75162,20,,,0,108,,75160,20,,,0,108,,75145,20,,,0,29,,75172,20,,,0,69,,75141,20,,,0,30,,75168,20,,,0,66,,75135,20,,,0,32,,75156,20,,,0,60,,75167,20,,,0,20,,75173,20,,,0,21,,75146,20,,,0,60,,75165,20,,,0,20,,75174,20,,,0,20,,75161,20,,,0,60,,75170,20,,,0,20,,75140,20,,,0,20,,75175,20,,,0,60,,75169,20,,,0,20,,75139,20,,,0,20,,75147,20,,,0,61,,75157,20,,,0,20,,75138,20,,,0,20,,75154,20,,,0,60,,75159,20,,,0,21,,75137,20,,,0,19,,75143,20,,,0,61,,75144,20,,,0,20,,75136,20,,,0,18,,75166,20,,,0,69,,75152,20,,,0,30,,75163,20,,,0,67,,75155,20,,,0,33,,75149,20,,,0,69,,75142,20,,,0,30,,75171,20,,,0,69,,75153,20,,,0,30,,75164,20,,,0,70,,75148,20,,,0,35,,75150,20,,,0,82,,75151,20,,,0
665700,'3_merged_15291796',720,,75181,20,,,0,100,,75184,20,,,0,100,,75202,20,,,0,30,,75199,20,,,0,70,,75176,20,,,0,32,,75205,20,,,0,70,,75195,20,,,0,31,,75207,20,,,0,71,,75185,20,,,0,32,,75189,20,,,0,70,,75186,20,,,0,30,,75192,20,,,0,70,,75196,20,,,0,30,,75204,20,,,0,70,,75200,20,,,0,30,,75191,20,,,0,69,,75187,20,,,0,30,,75179,20,,,0,70,,75197,20,,,0,30,,75182,20,,,0,69,,75206,20,,,0,29,,75177,20,,,0,69,,75198,20,,,0,30,,75203,20,,,0,69,,75190,20,,,0,30,,75188,20,,,0,69,,75201,20,,,0,30,,75178,20,,,0,70,,75194,20,,,0,30,,75193,20,,,0,69,,75208,20,,,0,30,,75183,20,,,0,84,,75180,20,,,0
665701,'101_merged_15291802',1547,,75209,1,,,0
665701,'1_merged_15291795',550,,75270,20,,,0,66,,75260,27,,,0,30,,75254,27,,,0,61,,75214,27,,,0,19,,75233,27,,,0,17,,75251,27,,,0,15,,75259,27,,,0,56,,75262,27,,,0,15,,75250,27,,,0,16,,75230,27,,,0,55,,75249,27,,,0,19,,75229,27,,,0,12,,75263,27,,,0,15,,75244,27,,,0,54,,75252,27,,,0,14,,75268,27,,,0,15,,75216,27,,,0,14,,75245,27,,,0,15,,75211,27,,,0,55,,75217,27,,,0,14,,75240,27,,,0,14,,75246,27,,,0,15,,75256,27,,,0,55,,75218,27,,,0,15,,75255,27,,,0,16,,75247,27,,,0,15,,75267,27,,,0,55,,75219,27,,,0,15,,75264,27,,,0,16,,75248,27,,,0,15,,75265,27,,,0,55,,75220,27,,,0,16,,75239,27,,,0,16,,75227,27,,,0,13,,75236,27,,,0,56,,75221,27,,,0,12,,75210,27,,,0,17,,75228,27,,,0,16,,75223,27,,,0,54,,75215,27,,,0,16,,75231,27,,,0,15,,75222,27,,,0,15,,75224,27,,,0,55,,75253,27,,,0,15,,75238,27,,,0,16,,75235,27,,,0,13,,75271,27,,,0,53,,75225,27,,,0,14,,75232,27,,,0,15,,75212,27,,,0,15,,75226,27,,,0,55,,75273,27,,,0,25,,75241,27,,,0,68,,75272,27,,,0,28,,75234,27,,,0,69,,75266,27,,,0,28,,75261,27,,,0,27,,75257,27,,,0,69,,75237,27,,,0,29,,75213,27,,,0,70,,75242,27,,,0,30,,75258,27,,,0,73,,75243,27,,,0,33,,75269,27,,,0
665701,'2_merged_15291797',709,,75297,27,,,0,100,,75284,27,,,0,33,,75276,27,,,0,78,,75294,27,,,0,35,,75280,27,,,0,76,,75286,27,,,0,69,,75277,27,,,0,21,,75312,27,,,0,20,,75298,27,,,0,60,,75313,27,,,0,25,,75290,27,,,0,18,,75307,27,,,0,60,,75314,27,,,0,20,,75289,27,,,0,20,,75293,27,,,0,60,,75315,27,,,0,20,,75295,27,,,0,20,,75308,27,,,0,58,,75316,27,,,0,20,,75309,27,,,0,20,,75285,27,,,0,60,,75317,27,,,0,20,,75282,27,,,0,20,,75306,27,,,0,59,,75275,27,,,0,22,,75278,27,,,0,21,,75303,27,,,0,60,,75310,27,,,0,20,,75302,27,,,0,19,,75305,27,,,0,60,,75283,27,,,0,20,,75291,27,,,0,19,,75304,27,,,0,60,,75279,27,,,0,23,,75281,27,,,0,30,,75300,27,,,0,66,,75299,27,,,0,33,,75288,27,,,0,70,,75287,27,,,0,29,,75274,27,,,0,70,,75292,27,,,0,29,,75296,27,,,0,70,,75311,27,,,0,30,,75301,27,,,0
665701,'3_merged_15291796',740,,75345,1,,,0,95,,75346,27,,,0,99,,75347,27,,,0,70,,75318,27,,,0,30,,75326,27,,,0,69,,75351,27,,,0,29,,75319,27,,,0,70,,75328,27,,,0,30,,75325,27,,,0,70,,75327,27,,,0,31,,75332,27,,,0,71,,75341,27,,,0,31,,75340,27,,,0,70,,75330,27,,,0,30,,75338,27,,,0,69,,75337,27,,,0,29,,75336,27,,,0,70,,75335,27,,,0,32,,75323,27,,,0,69,,75339,27,,,0,30,,75342,27,,,0,69,,75334,27,,,0,29,,75350,27,,,0,70,,75349,27,,,0,29,,75348,27,,,0,70,,75333,27,,,0,30,,75331,27,,,0,70,,75324,27,,,0,29,,75322,27,,,0,70,,75321,27,,,0,30,,75320,27,,,0,70,,75329,27,,,0,19,,75344,27,,,0,35,,75343,27,,,0
3329200,'101_merged_15291802',1547,,107946,1,,,0
3329200,'1_merged_15291795',1920,,107949,11,,,0,28,,107959,11,,,0,72,,107958,11,,,0,30,,107957,11,,,0,72,,107956,11,,,0,25,,107952,11,,,0,70,,107951,11,,,0,24,,107955,11,,,0,72,,107954,11,,,0,27,,107953,11,,,0,105,,107947,11,,,0
3329200,'2_merged_15291797',1922,,108006,11,,,0,30,,108005,11,,,0,68,,108004,11,,,0,28,,107996,11,,,0,73,,108003,11,,,0,28,,108002,11,,,0,70,,108001,11,,,0,28,,108000,11,,,0,70,,107999,11,,,0,29,,107998,11,,,0,90,,107997,11,,,0
3329200,'3_merged_15291796',1910,,108048,11,,,0,31,,108047,11,,,0,68,,108046,11,,,0,34,,108045,11,,,0,70,,108044,11,,,0,29,,108043,11,,,0,69,,108042,11,,,0,29,,108041,11,,,0,67,,108040,11,,,0,31,,108039,11,,,0,99,,108038,11,,,0
3329201,'1_merged_15291795',1842,,108105,19,,,0,69,,108092,19,,,0,33,,108091,19,,,0,67,,108090,19,,,0,29,,108089,19,,,0,70,,108088,19,,,0,32,,108087,19,,,0,69,,108085,19,,,0,28,,108084,19,,,0,69,,108083,19,,,0,31,,108082,19,,,0,100,,108081,19,,,0
3329201,'2_merged_15291797',1912,,108143,19,,,0,32,,108142,19,,,0,72,,108141,19,,,0,31,,108140,19,,,0,70,,108120,19,,,0,30,,108118,19,,,0,71,,108126,19,,,0,28,,108125,19,,,0,65,,108124,19,,,0,32,,108123,19,,,0,98,,108122,19,,,0
3329201,'3_merged_15291796',1907,,108163,19,,,0,34,,108162,19,,,0,70,,108161,19,,,0,30,,108160,19,,,0,70,,108159,19,,,0,29,,108158,19,,,0,71,,108157,19,,,0,29,,108156,19,,,0,69,,108155,19,,,0,100,,108154,19,,,0
