'1201merged14516800',677900,202800,4,'',0,10000,4,'',0,10000,4,'',0,9700,4,'',0
'1201merged14516800',677901,202900,,'',0,10000,,'',0,10000,,'',0,10000,,'',0
'1merged14516808',677900,64800,4,'',0,9500,4,'',0,10000,4,'',0,10000,4,'',0,10000,4,'',0,10000,4,'',0,10000,4,'',0,9500,4,'',0,10000,4,'',0,10000,4,'',0,10000,4,'',0,9800,4,'',0,10200,4,'',0,9500,4,'',0
'1merged14516808',677901,64900,,'',0,9500,,'',0,10000,,'',0,10000,,'',0,10000,,'',0,10000,,'',0,10000,,'',0,9500,,'',0,10000,,'',0,10000,,'',0,10000,,'',0,9800,,'',0,10200,,'',0,9700,,'',0
'2merged14516810',677900,94300,4,'',0,10000,4,'',0,10000,4,'',0,10000,4,'',0,9500,4,'',0,10000,4,'',0,10000,4,'',0,10000,4,'',0,9900,4,'',0,17600,4,'',0,10000,4,'',0,10000,4,'',0,10000,4,'',0,10000,4,'',0
'2merged14516810',677901,94400,,'',0,10000,,'',0,10000,,'',0,10000,,'',0,9500,,'',0,10000,,'',0,10000,,'',0,10000,,'',0,10000,,'',0,17500,,'',0,10000,,'',0,10000,,'',0,10000,,'',0,10000,,'',0
'35301',677900,202800,4,'',0,10000,4,'',0,10000,4,'',0,9700,4,'',0,10000,4,'',0,10000,4,'',0
'35301',677901,202900,,'',0,10000,,'',0,10000,,'',0,10000,,'',0,10100,,'',0,10000,,'',0
'3merged14516809',677900,104300,4,'',0,10000,4,'',0,10000,4,'',0,9500,4,'',0,10000,4,'',0,10000,4,'',0,10000,4,'',0,10000,4,'',0,10000,4,'',0
'3merged14516809',677901,104400,,'',0,10000,,'',0,10000,,'',0,9500,,'',0,10000,,'',0,10000,,'',0,10000,,'',0,10000,,'',0,10000,,'',0
