667700,'101_merged_15524965',1600,,79343,6,,,0
667700,'1101_merged_15524969',2511,,79344,6,,,0
667700,'1201_merged_15524951',2511,,79345,6,,,0
667700,'1_merged_15524958',608,,79383,6,,,0,29,,79356,6,,,0,71,,79364,6,,,0,30,,79371,6,,,0,72,,79381,6,,,0,28,,79367,6,,,0,78,,79351,6,,,0,24,,79389,6,,,0,87,,79350,6,,,0,31,,79358,6,,,0,68,,79365,6,,,0,30,,79363,6,,,0,70,,79362,6,,,0,31,,79372,6,,,0,71,,79349,6,,,0,29,,79387,6,,,0,55,,79352,6,,,0,30,,79353,6,,,0,65,,79346,6,,,0,20,,79377,6,,,0,14,,79357,6,,,0,70,,79360,6,,,0,19,,79368,6,,,0,12,,79361,6,,,0,59,,79378,6,,,0,14,,79373,6,,,0,19,,79384,6,,,0,20,,79388,6,,,0,53,,79374,6,,,0,15,,79385,6,,,0,12,,79382,6,,,0,16,,79375,6,,,0,50,,79355,6,,,0,12,,79376,6,,,0,14,,79370,6,,,0,16,,79390,6,,,0,17,,79366,6,,,0,56,,79348,6,,,0,15,,79386,6,,,0,11,,79347,6,,,0,69,,79379,6,,,0,29,,79369,6,,,0,69,,79359,6,,,0,30,,79392,6,,,0,70,,79380,6,,,0,30,,79391,6,,,0,70,,79354,6,,,0
667700,'2_merged_15524960',642,,79420,6,,,0,66,,79421,6,,,0,30,,79400,6,,,0,70,,79428,6,,,0,30,,79429,6,,,0,72,,79396,6,,,0,30,,79426,6,,,0,69,,79403,6,,,0,32,,79434,6,,,0,71,,79398,6,,,0,28,,79433,6,,,0,71,,79435,6,,,0,30,,79401,6,,,0,70,,79399,6,,,0,32,,79438,6,,,0,16,,79409,6,,,0,60,,79436,6,,,0,22,,79394,6,,,0,59,,79419,6,,,0,19,,79425,6,,,0,22,,79424,6,,,0,59,,79418,6,,,0,20,,79395,6,,,0,20,,79402,6,,,0,60,,79417,6,,,0,24,,79437,6,,,0,19,,79404,6,,,0,60,,79416,6,,,0,23,,79430,6,,,0,20,,79427,6,,,0,64,,79415,6,,,0,16,,79408,6,,,0,15,,79405,6,,,0,15,,79423,6,,,0,56,,79414,6,,,0,29,,79431,6,,,0,73,,79422,6,,,0,28,,79406,6,,,0,69,,79411,6,,,0,30,,79410,6,,,0,70,,79432,6,,,0,30,,79413,6,,,0,69,,79397,6,,,0,32,,79412,6,,,0,66,,79407,6,,,0,36,,79393,6,,,0
667700,'3_merged_15524959',811,,79456,6,,,0,30,,79450,6,,,0,70,,79459,6,,,0,29,,79449,6,,,0,69,,79457,6,,,0,30,,79448,6,,,0,69,,79458,6,,,0,31,,79439,6,,,0,69,,79460,6,,,0,32,,79447,6,,,0,69,,79443,6,,,0,32,,79455,6,,,0,70,,79462,6,,,0,31,,79454,6,,,0,13,,79476,6,,,0,70,,79463,6,,,0,15,,79453,6,,,0,17,,79475,6,,,0,69,,79466,6,,,0,16,,79452,6,,,0,15,,79474,6,,,0,71,,79464,6,,,0,13,,79451,6,,,0,16,,79473,6,,,0,71,,79461,6,,,0,14,,79446,6,,,0,17,,79472,6,,,0,67,,79441,6,,,0,15,,79445,6,,,0,59,,79471,6,,,0,25,,79440,6,,,0,17,,79444,6,,,0,68,,79442,6,,,0,30,,79470,6,,,0,71,,79467,6,,,0,30,,79469,6,,,0,71,,79465,6,,,0,34,,79468,6,,,0
667800,'1_merged_15524958',536,,79634,6,,,0,15,,79636,6,,,0,73,,79638,6,,,0,21,,79650,6,,,0,14,,79618,6,,,0,53,,79614,6,,,0,15,,79653,6,,,0,13,,79627,6,,,0,17,,79654,6,,,0,72,,79647,6,,,0,26,,79624,6,,,0,73,,79652,6,,,0,72,,79646,6,,,0,26,,79620,6,,,0,30,,79625,6,,,0,69,,79639,6,,,0,30,,79656,6,,,0,70,,79629,6,,,0,31,,79619,6,,,0,68,,79621,6,,,0,32,,79630,6,,,0,71,,79644,6,,,0,30,,79626,6,,,0,59,,79655,6,,,0,22,,79659,6,,,0,19,,79660,6,,,0,54,,79643,6,,,0,17,,79649,6,,,0,16,,79658,6,,,0,57,,79616,6,,,0,12,,79645,6,,,0,18,,79657,6,,,0,11,,79631,6,,,0,61,,79632,6,,,0,10,,79613,6,,,0,10,,79642,6,,,0,10,,79615,6,,,0,10,,79617,6,,,0,60,,79633,6,,,0,14,,79622,6,,,0,30,,79628,6,,,0,70,,79641,6,,,0,30,,79623,6,,,0,78,,79640,6,,,0,30,,79635,6,,,0,97,,79637,6,,,0,99,,79648,6,,,0,100,,79651,6,,,0
667800,'2_merged_15524960',624,,79670,6,,,0,30,,79662,6,,,0,70,,79683,6,,,0,30,,79663,6,,,0,72,,79694,6,,,0,30,,79693,6,,,0,70,,79685,6,,,0,30,,79695,6,,,0,69,,79691,6,,,0,30,,79667,6,,,0,70,,79665,6,,,0,28,,79661,6,,,0,74,,79666,6,,,0,29,,79668,6,,,0,70,,79696,6,,,0,31,,79669,6,,,0,69,,79679,6,,,0,29,,79686,6,,,0,70,,79675,6,,,0,30,,79687,6,,,0,73,,79676,6,,,0,29,,79688,6,,,0,70,,79677,6,,,0,30,,79692,6,,,0,70,,79680,6,,,0,30,,79689,6,,,0,70,,79671,6,,,0,30,,79690,6,,,0,70,,79673,6,,,0,30,,79681,6,,,0,68,,79697,6,,,0,17,,79672,6,,,0,70,,79684,6,,,0,30,,79682,6,,,0,100,,79678,6,,,0,100,,79674,6,,,0
667800,'3_merged_15524959',823,,79722,6,,,0,31,,79726,6,,,0,70,,79721,6,,,0,28,,79706,6,,,0,63,,79720,6,,,0,30,,79705,6,,,0,71,,79719,6,,,0,37,,79724,6,,,0,73,,79718,6,,,0,32,,79725,6,,,0,69,,79717,6,,,0,30,,79702,6,,,0,71,,79716,6,,,0,30,,79699,6,,,0,70,,79715,6,,,0,30,,79700,6,,,0,70,,79714,6,,,0,30,,79698,6,,,0,70,,79713,6,,,0,30,,79707,6,,,0,69,,79712,6,,,0,31,,79701,6,,,0,70,,79711,6,,,0,30,,79704,6,,,0,70,,79710,6,,,0,25,,79708,6,,,0,92,,79703,6,,,0,95,,79727,6,,,0,105,,79709,6,,,0,96,,79728,6,,,0
667901,'1_merged_15524958',536,,79951,17,,,0,66,,79952,17,,,0,27,,79966,17,,,0,71,,79953,17,,,0,25,,79965,17,,,0,79,,79945,17,,,0,31,,79969,17,,,0,74,,79960,17,,,0,24,,79940,17,,,0,70,,79959,17,,,0,31,,79938,17,,,0,74,,79968,17,,,0,31,,79941,17,,,0,68,,79956,17,,,0,28,,79947,17,,,0,70,,79955,17,,,0,30,,79946,17,,,0,70,,79958,17,,,0,31,,79962,17,,,0,73,,79944,17,,,0,31,,79961,17,,,0,67,,79939,17,,,0,32,,79970,17,,,0,68,,79964,17,,,0,31,,79954,17,,,0,70,,79950,17,,,0,26,,79943,17,,,0,77,,79949,17,,,0,27,,79942,17,,,0,65,,79937,17,,,0,33,,79963,17,,,0,69,,79967,17,,,0,30,,79948,17,,,0,71,,79957,17,,,0
667901,'2_merged_15524960',628,,80002,17,,,0,31,,79996,17,,,0,70,,79997,17,,,0,72,,79978,17,,,0,30,,79971,17,,,0,70,,79991,17,,,0,30,,79993,17,,,0,74,,79983,17,,,0,29,,79974,17,,,0,71,,79973,17,,,0,31,,79989,17,,,0,70,,79975,17,,,0,30,,79982,17,,,0,70,,79979,17,,,0,30,,79972,17,,,0,70,,79990,17,,,0,30,,80001,17,,,0,70,,79984,17,,,0,30,,79988,17,,,0,70,,79981,17,,,0,30,,79976,17,,,0,73,,79987,17,,,0,22,,79992,17,,,0,73,,80000,17,,,0,31,,79980,17,,,0,68,,79995,17,,,0,30,,79986,17,,,0,69,,79998,17,,,0,31,,79999,17,,,0,71,,79985,17,,,0,30,,79994,17,,,0,70,,79977,17,,,0
667901,'3_merged_15524959',732,,80015,17,,,0,70,,80005,17,,,0,30,,80020,17,,,0,70,,80022,17,,,0,30,,80009,17,,,0,70,,80027,17,,,0,30,,80019,17,,,0,70,,80031,17,,,0,30,,80030,17,,,0,71,,80003,17,,,0,31,,80026,17,,,0,71,,80008,17,,,0,31,,80018,17,,,0,71,,80021,17,,,0,29,,80007,17,,,0,71,,80024,17,,,0,30,,80014,17,,,0,70,,80025,17,,,0,31,,80004,17,,,0,70,,80006,17,,,0,31,,80023,17,,,0,68,,80010,17,,,0,30,,80011,17,,,0,70,,80029,17,,,0,30,,80012,17,,,0,69,,80017,17,,,0,30,,80016,17,,,0,70,,80032,17,,,0,30,,80013,17,,,0,68,,80028,17,,,0
669200,'1_merged_15524958',611,,82137,29,,,0,30,,82138,29,,,0,70,,82139,29,,,0,21,,82140,29,,,0,20,,82141,29,,,0,60,,82142,29,,,0,20,,82143,29,,,0,20,,82144,29,,,0,60,,82145,29,,,0,20,,82146,29,,,0,20,,82147,29,,,0,60,,82148,29,,,0,21,,82149,29,,,0,20,,82150,29,,,0,60,,82151,29,,,0,21,,82152,29,,,0,21,,82153,29,,,0,60,,82154,29,,,0,20,,82155,29,,,0,20,,82156,29,,,0,60,,82157,29,,,0,20,,82158,29,,,0,20,,82159,29,,,0,60,,82160,29,,,0,22,,82161,29,,,0,20,,82162,29,,,0,60,,82163,29,,,0,21,,82164,29,,,0,20,,82165,29,,,0,60,,82166,29,,,0,20,,82167,29,,,0,20,,82168,29,,,0,60,,82169,29,,,0,20,,82170,29,,,0,20,,82171,29,,,0,58,,82172,29,,,0,19,,82173,29,,,0,65,,82174,29,,,0,30,,82175,29,,,0,28,,82176,29,,,0,68,,82177,29,,,0,20,,82178,29,,,0,70,,82179,29,,,0,40,,82180,29,,,0,70,,82181,16,,,0,77,,82182,16,,,0,29,,82183,16,,,0,77,,82184,16,,,0,32,,82185,16,,,0,86,,82186,16,,,0
669200,'2_merged_15524960',605,,82187,29,,,0,20,,82188,29,,,0,30,,82189,29,,,0,70,,82190,29,,,0,30,,82191,29,,,0,70,,82192,29,,,0,32,,82193,29,,,0,70,,82194,29,,,0,30,,82195,29,,,0,70,,82196,29,,,0,30,,82197,29,,,0,70,,82198,29,,,0,22,,82199,29,,,0,60,,82200,29,,,0,20,,82201,29,,,0,20,,82202,29,,,0,60,,82203,29,,,0,20,,82204,29,,,0,20,,82205,29,,,0,60,,82206,29,,,0,20,,82207,29,,,0,20,,82208,29,,,0,60,,82209,29,,,0,20,,82210,29,,,0,20,,82211,29,,,0,60,,82212,29,,,0,20,,82213,29,,,0,20,,82214,29,,,0,60,,82215,29,,,0,20,,82216,29,,,0,20,,82217,29,,,0,60,,82218,29,,,0,20,,82219,29,,,0,30,,82220,29,,,0,68,,82221,29,,,0,31,,82222,29,,,0,70,,82223,29,,,0,29,,82224,29,,,0,57,,82225,16,,,0,40,,82226,16,,,0,80,,82227,16,,,0,80,,82228,16,,,0,40,,82229,16,,,0,80,,82230,16,,,0,80,,82231,16,,,0
669200,'3_merged_15524959',656,,82232,29,,,0,70,,82233,29,,,0,30,,82234,29,,,0,73,,82235,29,,,0,30,,82236,29,,,0,70,,82237,29,,,0,71,,82238,29,,,0,30,,82239,29,,,0,70,,82240,29,,,0,30,,82241,29,,,0,20,,82242,29,,,0,60,,82243,29,,,0,20,,82244,29,,,0,20,,82245,29,,,0,60,,82246,29,,,0,20,,82247,29,,,0,20,,82248,29,,,0,60,,82249,29,,,0,20,,82250,29,,,0,20,,82251,29,,,0,60,,82252,29,,,0,20,,82253,29,,,0,20,,82254,29,,,0,60,,82255,29,,,0,20,,82256,29,,,0,20,,82257,29,,,0,60,,82258,29,,,0,20,,82259,29,,,0,20,,82260,29,,,0,60,,82261,29,,,0,20,,82262,29,,,0,27,,82263,29,,,0,71,,82264,29,,,0,30,,82265,29,,,0,70,,82266,29,,,0,29,,82267,29,,,0,59,,82268,16,,,0,40,,82269,16,,,0,80,,82270,16,,,0,79,,82271,16,,,0,41,,82272,16,,,0,80,,82273,16,,,0,80,,82274,16,,,0
683700,'1101_merged_15524969',2652,,96920,33,,,0
683700,'1201_merged_15524951',2652,,96921,33,,,0
683700,'1_merged_15524958',2532,,96928,33,,,0,20,,96927,33,,,0,60,,96923,33,,,0,29,,96926,33,,,0,74,,96925,33,,,0,19,,96924,33,,,0,68,,96922,33,,,0
683700,'2_merged_15524960',519,,96937,7,,,0,2019,,96931,33,,,0,62,,96936,33,,,0,14,,96930,33,,,0,19,,96935,33,,,0,20,,96932,33,,,0,70,,96934,33,,,0,12,,96933,33,,,0,74,,96929,33,,,0
683700,'3_merged_15524959',549,,96946,7,,,0,74,,96947,7,,,0,31,,96948,7,,,0,68,,96949,27,,,0,1688,,96942,33,,,0,32,,96941,33,,,0,70,,96940,33,,,0,38,,96939,33,,,0,71,,96938,33,,,0,24,,96945,33,,,0,88,,96944,33,,,0,25,,96943,33,,,0
