2263801,'101_merged_15288048',1622,,42667,33,,,0
2263801,'1_merged_15288041',452,,42628,33,,,0,70,,42629,33,,,0,22,,42630,33,,,0,15,,42631,33,,,0,54,,42632,33,,,0,14,,42633,33,,,0,13,,42634,33,,,0,14,,42635,33,,,0,54,,42636,33,,,0,17,,42637,33,,,0,8,,42638,33,,,0,21,,42639,33,,,0,54,,42640,33,,,0,16,,42641,33,,,0,12,,42642,33,,,0,64,,42643,33,,,0,31,,42644,33,,,0,71,,42645,33,,,0,28,,42646,33,,,0,70,,42647,33,,,0,30,,42648,33,,,0,70,,42649,33,,,0,30,,42650,33,,,0,70,,42651,33,,,0,30,,42652,33,,,0,70,,42653,33,,,0,31,,42654,33,,,0,20,,42666,33,,,0,65,,42655,33,,,0,20,,42656,33,,,0,20,,42657,33,,,0,78,,42658,33,,,0,15,,42659,33,,,0,55,,42660,33,,,0,15,,42661,33,,,0,14,,42662,33,,,0,13,,42663,33,,,0,54,,42610,33,,,0,17,,42619,33,,,0,21,,42617,33,,,0,20,,42618,33,,,0,68,,42665,33,,,0,19,,42612,33,,,0,56,,42664,33,,,0,25,,42627,33,,,0,22,,42611,33,,,0,69,,42620,33,,,0,30,,42621,33,,,0,70,,42622,33,,,0,28,,42613,33,,,0,70,,42625,33,,,0,20,,42626,33,,,0,69,,42614,33,,,0,29,,42624,33,,,0,69,,42615,33,,,0,30,,42623,33,,,0,70,,42616,33,,,0
2263801,'201',1622,,42708,33,,,0
2263801,'2_merged_15288043',556,,42668,33,,,0,70,,42669,33,,,0,30,,42670,33,,,0,72,,42671,33,,,0,30,,42672,33,,,0,70,,42673,33,,,0,73,,42674,33,,,0,30,,42675,33,,,0,70,,42676,33,,,0,32,,42677,33,,,0,70,,42678,33,,,0,32,,42679,33,,,0,70,,42680,33,,,0,30,,42681,33,,,0,71,,42682,33,,,0,31,,42683,33,,,0,69,,42684,33,,,0,30,,42685,33,,,0,70,,42686,33,,,0,30,,42687,33,,,0,70,,42688,33,,,0,29,,42689,33,,,0,70,,42690,33,,,0,30,,42691,33,,,0,69,,42692,33,,,0,26,,42693,33,,,0,70,,42694,33,,,0,28,,42695,33,,,0,30,,42696,33,,,0,65,,42697,33,,,0,30,,42698,33,,,0,70,,42699,33,,,0,30,,42700,33,,,0,68,,42701,33,,,0,30,,42702,33,,,0,68,,42703,33,,,0,30,,42704,33,,,0,68,,42705,33,,,0,30,,42706,33,,,0,77,,42707,33,,,0
2263801,'3_merged_15288042',707,,42714,33,,,0,30,,42715,33,,,0,70,,42713,33,,,0,30,,42719,33,,,0,71,,42720,33,,,0,30,,42721,33,,,0,72,,42725,33,,,0,30,,42726,33,,,0,70,,42727,33,,,0,30,,42728,33,,,0,71,,42709,33,,,0,31,,42710,33,,,0,71,,42711,33,,,0,30,,42729,33,,,0,70,,42730,33,,,0,30,,42731,33,,,0,70,,42732,33,,,0,30,,42733,33,,,0,70,,42734,33,,,0,30,,42735,33,,,0,68,,42736,33,,,0,30,,42737,33,,,0,70,,42716,33,,,0,30,,42739,33,,,0,70,,42740,33,,,0,27,,42741,33,,,0,69,,42742,33,,,0,30,,42743,33,,,0,70,,42744,33,,,0,28,,42745,33,,,0,75,,42712,33,,,0,29,,42717,33,,,0,70,,42718,33,,,0,28,,42722,33,,,0,70,,42723,33,,,0,30,,42724,33,,,0,70,,42738,33,,,0
3004600,'101_merged_15288048',1637,,45458,31,,,0
3004600,'1_merged_15288041',449,,45407,31,,,0,74,,45408,31,,,0,17,,45409,31,,,0,60,,45405,31,,,0,12,,45437,31,,,0,15,,45438,31,,,0,15,,45439,31,,,0,16,,45440,31,,,0,52,,45406,31,,,0,21,,45433,31,,,0,17,,45434,31,,,0,54,,45435,31,,,0,18,,45436,31,,,0,16,,45404,31,,,0,19,,45457,31,,,0,60,,45441,31,,,0,18,,45442,31,,,0,25,,45443,31,,,0,70,,45444,31,,,0,30,,45445,31,,,0,71,,45446,31,,,0,30,,45447,31,,,0,71,,45448,31,,,0,29,,45449,31,,,0,71,,45450,31,,,0,70,,45451,31,,,0,30,,45452,31,,,0,74,,45453,31,,,0,30,,45454,31,,,0,22,,45456,31,,,0,54,,45455,31,,,0,15,,45401,31,,,0,29,,45430,31,,,0,54,,45431,31,,,0,19,,45432,31,,,0,12,,45402,31,,,0,17,,45424,31,,,0,53,,45425,31,,,0,13,,45426,31,,,0,13,,45427,31,,,0,20,,45428,31,,,0,65,,45429,31,,,0,20,,45403,31,,,0,65,,45422,31,,,0,23,,45423,31,,,0,26,,45410,31,,,0,70,,45411,31,,,0,30,,45421,31,,,0,70,,45412,31,,,0,30,,45413,31,,,0,70,,45420,31,,,0,30,,45414,31,,,0,68,,45415,31,,,0,30,,45419,31,,,0,70,,45416,31,,,0,30,,45417,31,,,0,70,,45418,31,,,0
3004600,'201',1637,,45501,31,,,0
3004600,'2_merged_15288043',558,,45483,31,,,0,71,,45484,31,,,0,30,,45485,31,,,0,71,,45486,31,,,0,70,,45487,31,,,0,30,,45488,31,,,0,73,,45489,31,,,0,30,,45490,31,,,0,70,,45499,31,,,0,32,,45500,31,,,0,70,,45459,31,,,0,32,,45460,31,,,0,70,,45461,31,,,0,30,,45462,31,,,0,71,,45463,31,,,0,30,,45464,31,,,0,70,,45465,31,,,0,30,,45466,31,,,0,70,,45467,31,,,0,30,,45468,31,,,0,69,,45469,31,,,0,30,,45470,31,,,0,70,,45471,31,,,0,29,,45491,31,,,0,70,,45472,31,,,0,30,,45473,31,,,0,69,,45474,31,,,0,27,,45475,31,,,0,70,,45476,31,,,0,30,,45477,31,,,0,70,,45478,31,,,0,29,,45479,31,,,0,70,,45480,31,,,0,30,,45481,31,,,0,70,,45482,31,,,0,26,,45492,31,,,0,30,,45493,31,,,0,70,,45494,31,,,0,30,,45495,31,,,0,70,,45496,31,,,0,30,,45497,31,,,0,70,,45498,31,,,0
3004600,'3_merged_15288042',558,,45518,31,,,0,70,,45520,31,,,0,30,,45521,31,,,0,73,,45522,31,,,0,70,,45523,31,,,0,32,,45524,31,,,0,70,,45525,31,,,0,30,,45526,31,,,0,70,,45527,31,,,0,30,,45528,31,,,0,70,,45529,31,,,0,30,,45530,31,,,0,71,,45531,31,,,0,30,,45532,31,,,0,70,,45533,31,,,0,32,,45534,31,,,0,70,,45535,31,,,0,30,,45536,31,,,0,70,,45537,31,,,0,30,,45538,31,,,0,70,,45539,31,,,0,30,,45540,31,,,0,70,,45541,31,,,0,30,,45519,31,,,0,70,,45504,31,,,0,29,,45505,31,,,0,67,,45506,31,,,0,29,,45507,31,,,0,70,,45508,31,,,0,29,,45502,31,,,0,70,,45503,31,,,0,29,,45509,31,,,0,30,,45510,31,,,0,70,,45511,31,,,0,30,,45512,31,,,0,68,,45513,31,,,0,30,,45514,31,,,0,70,,45515,31,,,0,30,,45516,31,,,0,70,,45517,31,,,0
3004901,'1_merged_15288041',558,,46259,14,,,0,55,,46260,14,,,0,15,,46261,14,,,0,15,,46262,14,,,0,58,,46263,14,,,0,15,,46264,14,,,0,16,,46265,14,,,0,16,,46266,14,,,0,52,,46304,14,,,0,17,,46267,14,,,0,14,,46305,14,,,0,13,,46268,14,,,0,14,,46269,14,,,0,52,,46270,14,,,0,20,,46271,14,,,0,71,,46272,14,,,0,26,,46273,14,,,0,30,,46274,14,,,0,72,,46275,14,,,0,30,,46276,14,,,0,70,,46258,14,,,0,71,,46277,14,,,0,30,,46278,14,,,0,72,,46279,14,,,0,31,,46280,14,,,0,70,,46281,14,,,0,24,,46282,14,,,0,12,,46306,14,,,0,12,,46283,14,,,0,50,,46284,14,,,0,12,,46286,14,,,0,13,,46308,14,,,0,11,,46287,14,,,0,9,,46285,14,,,0,56,,46288,14,,,0,13,,46289,14,,,0,18,,46290,14,,,0,12,,46291,14,,,0,55,,46292,14,,,0,19,,46293,14,,,0,20,,46294,14,,,0,13,,46295,14,,,0,55,,46307,14,,,0,18,,46296,14,,,0,34,,46297,14,,,0,70,,46298,14,,,0,30,,46299,14,,,0,66,,46300,14,,,0,32,,46301,14,,,0,69,,46302,14,,,0,32,,46303,14,,,0,70,,46257,14,,,0
3004901,'2_merged_15288043',558,,46309,14,,,0,70,,46315,14,,,0,30,,46316,14,,,0,71,,46317,14,,,0,30,,46318,14,,,0,74,,46320,14,,,0,70,,46321,14,,,0,30,,46322,14,,,0,72,,46323,14,,,0,30,,46324,14,,,0,71,,46325,14,,,0,28,,46326,14,,,0,70,,46327,14,,,0,30,,46328,14,,,0,70,,46329,14,,,0,30,,46330,14,,,0,71,,46331,14,,,0,30,,46332,14,,,0,69,,46333,14,,,0,30,,46334,14,,,0,69,,46335,14,,,0,30,,46336,14,,,0,20,,46345,14,,,0,59,,46337,14,,,0,20,,46338,14,,,0,20,,46346,14,,,0,58,,46339,14,,,0,20,,46340,14,,,0,20,,46347,14,,,0,61,,46341,14,,,0,20,,46344,14,,,0,19,,46348,14,,,0,58,,46342,14,,,0,20,,46343,14,,,0,30,,46319,14,,,0,68,,46310,14,,,0,30,,46311,14,,,0,67,,46312,14,,,0,30,,46313,14,,,0,70,,46314,14,,,0
3004901,'3_merged_15288042',658,,46378,14,,,0,70,,46379,14,,,0,30,,46380,14,,,0,71,,46381,14,,,0,30,,46382,14,,,0,74,,46350,14,,,0,70,,46351,14,,,0,30,,46352,14,,,0,70,,46353,14,,,0,30,,46354,14,,,0,72,,46355,14,,,0,25,,46356,14,,,0,70,,46357,14,,,0,30,,46358,14,,,0,70,,46359,14,,,0,32,,46360,14,,,0,71,,46361,14,,,0,30,,46362,14,,,0,70,,46349,14,,,0,28,,46363,14,,,0,70,,46364,14,,,0,30,,46365,14,,,0,70,,46366,14,,,0,29,,46367,14,,,0,25,,46368,14,,,0,74,,46369,14,,,0,28,,46370,14,,,0,70,,46371,14,,,0,30,,46372,14,,,0,67,,46373,14,,,0,30,,46374,14,,,0,64,,46375,14,,,0,33,,46376,14,,,0,72,,46377,14,,,0
3058401,'1_merged_15288041',551,,47433,15,,,0,70,,47434,15,,,0,32,,47422,15,,,0,66,,47454,15,,,0,18,,47455,15,,,0,17,,47435,15,,,0,63,,47436,15,,,0,16,,47456,15,,,0,21,,47437,15,,,0,74,,47438,15,,,0,26,,47439,15,,,0,63,,47440,15,,,0,30,,47441,15,,,0,70,,47442,15,,,0,35,,47443,15,,,0,69,,47444,15,,,0,28,,47445,15,,,0,70,,47446,15,,,0,33,,47447,15,,,0,71,,47448,15,,,0,33,,47449,15,,,0,68,,47450,15,,,0,34,,47451,15,,,0,70,,47452,15,,,0,78,,47453,15,,,0,20,,47423,15,,,0,78,,47432,15,,,0,37,,47424,15,,,0,67,,47431,15,,,0,21,,47425,15,,,0,73,,47430,15,,,0,28,,47426,15,,,0,70,,47429,15,,,0,31,,47427,15,,,0,27,,47428,15,,,0,100,,47457,15,,,0
3058401,'2_merged_15288043',621,,47458,15,,,0,26,,47459,15,,,0,74,,47460,15,,,0,31,,47461,15,,,0,70,,47462,15,,,0,33,,47463,15,,,0,69,,47464,15,,,0,34,,47465,15,,,0,71,,47466,15,,,0,28,,47467,15,,,0,68,,47468,15,,,0,32,,47469,15,,,0,72,,47470,15,,,0,71,,47471,15,,,0,31,,47472,15,,,0,70,,47473,15,,,0,29,,47474,15,,,0,70,,47475,15,,,0,32,,47476,15,,,0,69,,47477,15,,,0,30,,47478,15,,,0,69,,47479,15,,,0,29,,47480,15,,,0,29,,47481,15,,,0,71,,47482,15,,,0,28,,47483,15,,,0,70,,47484,15,,,0,27,,47485,15,,,0,70,,47486,15,,,0,30,,47489,15,,,0,74,,47487,15,,,0,73,,47488,15,,,0,100,,47490,15,,,0,100,,47491,15,,,0
3058401,'3_merged_15288042',759,,47492,15,,,0,72,,47493,15,,,0,70,,47494,15,,,0,32,,47495,15,,,0,70,,47496,15,,,0,32,,47497,15,,,0,71,,47498,15,,,0,34,,47499,15,,,0,68,,47503,15,,,0,33,,47504,15,,,0,69,,47505,15,,,0,30,,47506,15,,,0,72,,47507,15,,,0,28,,47508,15,,,0,65,,47509,15,,,0,30,,47510,15,,,0,70,,47511,15,,,0,30,,47512,15,,,0,70,,47513,15,,,0,31,,47514,15,,,0,69,,47515,15,,,0,30,,47516,15,,,0,69,,47517,15,,,0,29,,47518,15,,,0,69,,47519,15,,,0,33,,47500,15,,,0,70,,47501,15,,,0,28,,47502,15,,,0,71,,47520,15,,,0,98,,47521,15,,,0,100,,47522,15,,,0
