664301,'1',544,,13204,,,0,60,,13205,,,0,20,,13206,,,0,24,,13207,,,0,58,,13208,,,0,22,,13209,,,0,20,,13210,,,0,60,,13211,,,0,24,,13212,,,0,20,,13213,,,0,58,,13214,,,0,18,,13215,,,0,30,,13216,,,0,70,,13217,,,0,30,,13218,,,0,69,,13219,,,0,31,,13220,,,0,72,,13221,,,0,70,,13222,,,0,30,,13223,,,0,70,,13224,,,0,32,,13225,,,0,25,,13226,,,0,61,,13227,,,0,21,,13228,,,0,20,,13187,,,0,59,,13188,,,0,15,,13189,,,0,20,,13190,,,0,60,,13191,,,0,22,,13192,,,0,16,,13193,,,0,60,,13194,,,0,17,,13195,,,0,30,,13196,,,0,69,,13197,,,0,30,,13198,,,0,68,,13199,,,0,99,,13200,,,0,101,,13201,,,0,97,,13202,,,0,100,,13203,,,0
664301,'2',624,,13230,,,0,30,,13231,,,0,70,,13232,,,0,30,,13233,,,0,70,,13234,,,0,31,,13235,,,0,71,,13236,,,0,32,,13237,,,0,70,,13238,,,0,31,,13239,,,0,70,,13240,,,0,71,,13241,,,0,31,,13242,,,0,70,,13243,,,0,30,,13244,,,0,28,,13245,,,0,71,,13246,,,0,70,,13247,,,0,29,,13248,,,0,30,,13249,,,0,70,,13250,,,0,30,,13251,,,0,70,,13252,,,0,30,,13253,,,0,70,,13254,,,0,30,,13255,,,0,69,,13256,,,0,29,,13257,,,0,68,,13258,,,0,29,,13259,,,0,65,,13260,,,0,29,,13261,,,0,90,,13265,,,0,95,,13262,,,0,114,,13263,,,0,101,,13264,,,0
664301,'3',754,,13274,,,0,72,,13273,,,0,30,,13272,,,0,70,,13271,,,0,30,,13270,,,0,70,,13282,,,0,32,,13269,,,0,70,,13267,,,0,30,,13266,,,0,71,,13297,,,0,71,,13296,,,0,30,,13295,,,0,70,,13294,,,0,29,,13293,,,0,28,,13268,,,0,69,,13292,,,0,31,,13291,,,0,69,,13290,,,0,30,,13289,,,0,70,,13288,,,0,30,,13287,,,0,70,,13286,,,0,30,,13285,,,0,70,,13284,,,0,29,,13283,,,0,70,,13279,,,0,25,,13281,,,0,71,,13280,,,0,22,,13278,,,0,91,,13277,,,0,108,,13276,,,0,105,,13275,,,0
664701,'1',514,,14509,,,0,41,,14515,,,0,56,,14511,,,0,19,,14510,,,0,12,,14524,,,0,14,,14517,,,0,58,,14544,,,0,13,,14522,,,0,13,,14516,,,0,13,,14489,,,0,52,,14527,,,0,10,,14528,,,0,13,,14529,,,0,13,,14530,,,0,15,,14531,,,0,55,,14533,,,0,17,,14549,,,0,15,,14550,,,0,15,,14551,,,0,55,,14552,,,0,15,,14553,,,0,15,,14554,,,0,15,,14555,,,0,53,,14490,,,0,12,,14491,,,0,13,,14492,,,0,15,,14493,,,0,56,,14494,,,0,14,,14526,,,0,16,,14495,,,0,16,,14496,,,0,53,,14497,,,0,15,,14498,,,0,16,,14499,,,0,15,,14500,,,0,56,,14501,,,0,15,,14502,,,0,16,,14503,,,0,18,,14536,,,0,50,,14534,,,0,14,,14535,,,0,15,,14537,,,0,17,,14504,,,0,54,,14538,,,0,16,,14539,,,0,29,,14540,,,0,56,,14541,,,0,15,,14542,,,0,16,,14543,,,0,17,,14545,,,0,57,,14546,,,0,18,,14547,,,0,17,,14548,,,0,61,,14505,,,0,29,,14512,,,0,72,,14523,,,0,28,,14521,,,0,67,,14507,,,0,26,,14506,,,0,76,,14532,,,0,29,,14518,,,0,71,,14519,,,0,30,,14525,,,0,68,,14520,,,0,24,,14513,,,0,77,,14508,,,0,28,,14514,,,0
664701,'101',1638,,14556,,,0
664701,'2',541,,14566,,,0,18,,14565,,,0,71,,14563,,,0,73,,14564,,,0,19,,14589,,,0,16,,14596,,,0,15,,14586,,,0,55,,14588,,,0,16,,14615,,,0,15,,14593,,,0,15,,14575,,,0,55,,14587,,,0,15,,14601,,,0,15,,14583,,,0,17,,14573,,,0,55,,14578,,,0,15,,14581,,,0,16,,14613,,,0,15,,14584,,,0,55,,14572,,,0,13,,14577,,,0,17,,14562,,,0,12,,14561,,,0,56,,14597,,,0,13,,14594,,,0,14,,14585,,,0,14,,14571,,,0,55,,14592,,,0,15,,14576,,,0,16,,14609,,,0,15,,14603,,,0,55,,14590,,,0,15,,14591,,,0,16,,14614,,,0,15,,14560,,,0,56,,14619,,,0,15,,14607,,,0,15,,14610,,,0,15,,14616,,,0,52,,14582,,,0,15,,14612,,,0,15,,14579,,,0,18,,14608,,,0,54,,14600,,,0,16,,14574,,,0,15,,14611,,,0,15,,14559,,,0,57,,14618,,,0,21,,14606,,,0,70,,14580,,,0,32,,14569,,,0,74,,14570,,,0,29,,14599,,,0,69,,14598,,,0,35,,14604,,,0,63,,14567,,,0,29,,14620,,,0,73,,14617,,,0,30,,14605,,,0,66,,14595,,,0,34,,14558,,,0,80,,14568,,,0,24,,14602,,,0
664701,'201',1638,,14621,,,0
664701,'3',657,,14646,,,0,75,,14649,,,0,69,,14626,,,0,30,,14637,,,0,70,,14652,,,0,29,,14648,,,0,71,,14642,,,0,30,,14625,,,0,70,,14627,,,0,30,,14645,,,0,73,,14654,,,0,33,,14650,,,0,71,,14638,,,0,30,,14643,,,0,73,,14632,,,0,30,,14622,,,0,71,,14635,,,0,32,,14641,,,0,69,,14624,,,0,30,,14656,,,0,70,,14631,,,0,28,,14653,,,0,75,,14634,,,0,22,,14640,,,0,66,,14644,,,0,30,,14629,,,0,70,,14657,,,0,32,,14636,,,0,67,,14628,,,0,34,,14623,,,0,70,,14647,,,0,29,,14630,,,0,69,,14651,,,0,31,,14633,,,0,73,,14639,,,0,30,,14655,,,0
666301,'1',524,,18535,,,0,30,,18529,,,0,60,,18536,,,0,20,,18537,,,0,21,,18538,,,0,61,,18539,,,0,21,,18540,,,0,20,,18541,,,0,63,,18542,,,0,20,,18543,,,0,18,,18545,,,0,58,,18546,,,0,20,,18547,,,0,23,,18548,,,0,71,,18549,,,0,29,,18550,,,0,70,,18551,,,0,71,,18544,,,0,30,,18552,,,0,29,,18553,,,0,73,,18554,,,0,69,,18555,,,0,27,,18556,,,0,16,,18571,,,0,64,,18557,,,0,21,,18558,,,0,20,,18530,,,0,57,,18570,,,0,26,,18567,,,0,15,,18566,,,0,63,,18532,,,0,20,,18533,,,0,20,,18559,,,0,58,,18560,,,0,23,,18561,,,0,22,,18562,,,0,72,,18563,,,0,29,,18534,,,0,71,,18564,,,0,29,,18565,,,0,70,,18568,,,0,33,,18573,,,0,69,,18572,,,0,31,,18574,,,0,67,,18569,,,0,29,,18575,,,0,64,,18531,,,0
666301,'2',552,,18580,,,0,70,,18581,,,0,30,,18582,,,0,70,,18583,,,0,31,,18584,,,0,76,,18585,,,0,25,,18586,,,0,74,,18587,,,0,30,,18588,,,0,70,,18589,,,0,30,,18590,,,0,71,,18591,,,0,72,,18592,,,0,26,,18593,,,0,30,,18594,,,0,70,,18595,,,0,30,,18596,,,0,70,,18597,,,0,29,,18598,,,0,70,,18599,,,0,30,,18600,,,0,70,,18601,,,0,30,,18602,,,0,70,,18603,,,0,29,,18604,,,0,70,,18605,,,0,30,,18606,,,0,69,,18607,,,0,30,,18608,,,0,70,,18609,,,0,30,,18610,,,0,69,,18576,,,0,30,,18611,,,0,70,,18579,,,0,30,,18612,,,0,70,,18577,,,0,30,,18613,,,0,70,,18578,,,0
666301,'3',646,,18644,,,0,70,,18645,,,0,32,,18646,,,0,71,,18624,,,0,30,,18625,,,0,70,,18626,,,0,30,,18621,,,0,70,,18627,,,0,31,,18628,,,0,70,,18629,,,0,30,,18630,,,0,71,,18631,,,0,30,,18632,,,0,70,,18633,,,0,30,,18634,,,0,70,,18635,,,0,30,,18636,,,0,70,,18637,,,0,30,,18638,,,0,70,,18639,,,0,29,,18640,,,0,70,,18641,,,0,29,,18642,,,0,70,,18643,,,0,30,,18614,,,0,70,,18615,,,0,30,,18616,,,0,70,,18617,,,0,29,,18618,,,0,70,,18619,,,0,30,,18647,,,0,70,,18620,,,0,30,,18648,,,0,70,,18623,,,0,30,,18649,,,0,69,,18622,,,0
