669100,'1',653,,184673,1,,,0,70,,184674,1,,,0,32,,184675,10,,,0,72,,184676,10,,,0,100,,184677,1,,,0,100,,184678,1,,,0,100,,184679,1,,,0,100,,184680,1,,,0,100,,184681,1,,,0,100,,184682,1,,,0,30,,184683,1,,,0,70,,184684,1,,,0,90,,184685,1,,,0,26,,184686,10,,,0,70,,184687,10,,,0,24,,184688,1,,,0,90,,184689,1,,,0,100,,184690,1,,,0,100,,184691,1,,,0,100,,184692,1,,,0,130,,184693,1,,,0
669100,'2',727,,181956,1,,,0,100,,181957,1,,,0,100,,181958,1,,,0,100,,181959,1,,,0,100,,181960,1,,,0,100,,181961,1,,,0,100,,181962,1,,,0,100,,181963,1,,,0,100,,181964,1,,,0,100,,181965,1,,,0,100,,181966,1,,,0,100,,181967,1,,,0,100,,181968,1,,,0,100,,181969,1,,,0,100,,181970,1,,,0,130,,181971,1,,,0
669100,'3',927,,181972,1,,,0,100,,181973,1,,,0,100,,181974,1,,,0,100,,181975,1,,,0,100,,181976,1,,,0,100,,181977,1,,,0,100,,181978,1,,,0,100,,181979,1,,,0,100,,181980,1,,,0,100,,181981,1,,,0,100,,181982,1,,,0,100,,181983,1,,,0,100,,181984,1,,,0,100,,181985,1,,,0
1023200,'1',605,,184946,1,,,0,100,,184947,1,,,0,100,,184948,1,,,0,100,,184949,1,,,0,100,,184950,1,,,0,100,,184951,1,,,0,100,,184952,1,,,0,100,,184953,1,,,0,100,,184954,1,,,0,100,,184955,1,,,0,100,,184956,1,,,0,100,,184957,1,,,0,100,,184958,1,,,0,100,,184959,1,,,0
1023200,'1201',2005,,184960,1,,,0,100,,184961,1,,,0,100,,184962,1,,,0
1023200,'2',705,,182374,1,,,0,100,,182375,1,,,0,100,,182376,1,,,0,100,,182377,1,,,0,100,,182378,1,,,0,100,,182379,1,,,0,100,,182380,1,,,0,100,,182381,1,,,0,100,,182382,1,,,0,100,,182383,1,,,0,100,,182384,1,,,0,100,,182385,1,,,0,100,,182386,1,,,0,100,,182387,1,,,0,100,,182388,1,,,0
1023200,'3',905,,182389,1,,,0,100,,182390,1,,,0,100,,182391,1,,,0,100,,182392,1,,,0,100,,182393,1,,,0,100,,182394,1,,,0,100,,182395,1,,,0,100,,182396,1,,,0,100,,182397,1,,,0,100,,182398,1,,,0,100,,182399,1,,,0,100,,182400,1,,,0
1023201,'1',659,,184963,15,4,,0,100,,184964,15,4,,0,100,,184965,15,4,,0,100,,184966,15,4,,0,100,,184967,15,4,,0,100,,184968,15,4,,0,100,,184969,15,4,,0,100,,184970,15,4,,0,100,,184971,15,4,,0,100,,184972,15,4,,0,100,,184973,15,4,,0,100,,184974,15,4,,0,100,,184975,15,4,,0,100,,184976,15,4,,0
1023201,'1201',2059,,184977,15,4,,0,100,,184978,15,4,,0,100,,184979,15,4,,0
1023201,'2',759,,182401,15,4,,0,100,,182402,15,4,,0,100,,182403,15,4,,0,100,,182404,15,4,,0,100,,182405,15,4,,0,100,,182406,15,4,,0,100,,182407,15,4,,0,100,,182408,15,4,,0,100,,182409,15,4,,0,100,,182410,15,4,,0,100,,182411,15,4,,0,100,,182412,15,4,,0,100,,182413,15,4,,0,100,,182414,15,4,,0,100,,182415,15,4,,0
1023201,'3',959,,182416,15,4,,0,100,,182417,15,4,,0,100,,182418,15,4,,0,100,,182419,15,4,,0,100,,182420,15,4,,0,100,,182421,15,4,,0,100,,182422,15,4,,0,100,,182423,15,4,,0,100,,182424,15,4,,0,100,,182425,15,4,,0,100,,182426,15,4,,0,100,,182427,15,4,,0
