662201,'1',506,,121630,23,0,29 15,0,16,,121631,25,,,0,17,,121632,25,,,0,17,,121633,25,,,0,59,,121634,25,,,0,12,,121635,20,,,0,13,,121636,25,,,0,12,,121637,20,,,0,52,,121638,20,,,0,12,,121639,20,,,0,12,,121640,20,,,0,12,,121641,25,,,0,12,,121642,20,,,0,53,,121643,20,,,0,12,,121644,20,,,0,12,,121645,20,,,0,10,,121646,20,,,0,10,,121647,20,,,0,10,,121648,20,,,0,50,,121649,20,,,0,11,,121650,20,,,0,10,,121707,20,,,0,10,,121651,20,,,0,12,,121652,20,,,0,52,,121653,20,,,0,11,,121654,20,,,0,12,,121709,20,,,0,12,,121655,20,,,0,12,,121656,20,,,0,52,,121657,20,,,0,12,,121658,20,,,0,12,,121710,20,,,0,12,,121659,20,,,0,12,,121660,20,,,0,52,,121661,20,,,0,13,,121662,20,,,0,12,,121711,20,,,0,12,,121663,20,,,0,12,,121664,20,,,0,52,,121665,20,,,0,12,,121666,20,,,0,12,,121712,20,,,0,12,,121667,20,,,0,12,,121668,20,,,0,52,,121669,20,,,0,12,,121670,20,,,0,12,,121671,20,,,0,13,,121672,20,,,0,12,,121673,20,,,0,52,,121674,20,,,0,12,,121675,20,,,0,10,,121676,20,,,0,8,,121677,20,,,0,8,,121678,20,,,0,8,,121679,20,,,0,7,,121680,20,,,0,55,,121681,20,,,0,8,,121682,20,,,0,7,,121683,20,,,0,8,,121684,20,,,0,7,,121685,20,,,0,8,,121686,20,,,0,7,,121687,20,,,0,48,,121708,20,,,0,7,,121688,20,,,0,8,,121689,20,,,0,8,,121690,20,,,0,8,,121691,20,,,0,8,,121692,20,,,0,8,,121693,20,,,0,48,,121694,20,,,0,9,,121695,20,,,0,10,,121696,20,,,0,10,,121697,20,,,0,10,,121698,20,,,0,12,,121699,20,,,0,52,,121700,20,,,0,13,,121701,20,,,0,15,,121702,20,,,0,15,,121703,20,,,0,55,,121704,20,,,0,15,,121705,20,,,0,15,,121706,20,,,0
662201,'101',1606,,121603,20,,,0
662201,'152201',2046,,121604,20,,,0,56,,121605,20,,,0,18,,121606,20,,,0,20,,121607,20,,,0,60,,121608,20,,,0,21,,121609,20,,,0,19,,121610,20,,,0,62,,121611,20,,,0,21,,121612,20,,,0,23,,121613,20,,,0,71,,121614,20,,,0,30,,121615,20,,,0,70,,121616,20,,,0
662201,'152301',2046,,121617,20,,,0,56,,121618,20,,,0,18,,121619,20,,,0,20,,121620,20,,,0,60,,121621,20,,,0,21,,121622,20,,,0,19,,121623,20,,,0,62,,121624,20,,,0,21,,121625,20,,,0,23,,121626,20,,,0,71,,121627,20,,,0,30,,121628,20,,,0,70,,121629,20,,,0
662201,'2',526,,121775,25,,,0,20,,121723,25,,,0,60,,121785,25,,,0,20,,121783,20,,,0,19,,121719,25,,,0,56,,121716,20,,,0,15,,121778,25,,,0,16,,121724,20,,,0,15,,121782,20,,,0,55,,121721,25,,,0,16,,121714,20,,,0,15,,121779,20,,,0,15,,121777,20,,,0,55,,121792,20,,,0,15,,121720,20,,,0,15,,121788,20,,,0,17,,121715,20,,,0,55,,121725,20,,,0,13,,121732,20,,,0,12,,121798,20,,,0,12,,121733,20,,,0,12,,121734,20,,,0,52,,121735,20,,,0,12,,121744,20,,,0,12,,121799,20,,,0,12,,121737,20,,,0,12,,121781,20,,,0,52,,121738,20,,,0,12,,121739,20,,,0,12,,121800,20,,,0,12,,121740,20,,,0,12,,121741,20,,,0,52,,121742,20,,,0,12,,121743,20,,,0,12,,121745,20,,,0,12,,121746,20,,,0,12,,121747,20,,,0,51,,121748,20,,,0,10,,121749,20,,,0,9,,121750,20,,,0,9,,121751,20,,,0,9,,121793,20,,,0,10,,121752,20,,,0,50,,121753,20,,,0,10,,121754,20,,,0,10,,121755,20,,,0,10,,121756,20,,,0,10,,121796,20,,,0,10,,121757,20,,,0,50,,121758,20,,,0,10,,121759,20,,,0,10,,121760,20,,,0,10,,121761,20,,,0,10,,121794,20,,,0,10,,121762,20,,,0,50,,121763,20,,,0,10,,121764,20,,,0,10,,121765,20,,,0,11,,121766,20,,,0,10,,121795,20,,,0,10,,121767,20,,,0,50,,121768,20,,,0,11,,121769,20,,,0,10,,121770,20,,,0,10,,121771,20,,,0,10,,121772,20,,,0,12,,121797,20,,,0,52,,121773,20,,,0,11,,121726,20,,,0,16,,121727,20,,,0,15,,121736,20,,,0,56,,121728,20,,,0,15,,121729,20,,,0,14,,121730,20,,,0,15,,121731,20,,,0,55,,121791,20,,,0,17,,121722,20,,,0,20,,121718,20,,,0,60,,121776,20,,,0,20,,121786,20,,,0,21,,121790,20,,,0,62,,121774,20,,,0,21,,121787,20,,,0,23,,121717,20,,,0,70,,121780,20,,,0,30,,121784,20,,,0,70,,121789,20,,,0
662201,'201',1606,,121713,20,,,0
662201,'3',615,,121801,25,,,0,21,,121802,25,,,0,19,,121803,25,,,0,61,,121804,25,,,0,20,,121805,25,,,0,21,,121806,25,,,0,59,,121807,20,,,0,16,,121808,25,,,0,15,,121809,20,,,0,55,,121810,20,,,0,16,,121811,20,,,0,15,,121812,20,,,0,15,,121813,20,,,0,55,,121814,20,,,0,15,,121815,20,,,0,15,,121816,20,,,0,14,,121817,20,,,0,53,,121818,20,,,0,13,,121819,20,,,0,12,,121820,20,,,0,12,,121821,20,,,0,12,,121822,20,,,0,52,,121823,20,,,0,14,,121824,20,,,0,12,,121825,20,,,0,12,,121826,20,,,0,12,,121827,20,,,0,52,,121828,20,,,0,12,,121829,20,,,0,12,,121830,20,,,0,12,,121831,20,,,0,10,,121832,20,,,0,52,,121833,20,,,0,12,,121834,20,,,0,12,,121835,20,,,0,12,,121836,20,,,0,12,,121837,20,,,0,52,,121838,20,,,0,12,,121839,20,,,0,12,,121840,20,,,0,12,,121841,20,,,0,13,,121842,20,,,0,52,,121843,20,,,0,12,,121844,20,,,0,12,,121845,20,,,0,12,,121846,20,,,0,12,,121847,20,,,0,53,,121848,20,,,0,14,,121849,20,,,0,14,,121850,20,,,0,14,,121851,20,,,0,55,,121852,20,,,0,15,,121853,20,,,0,15,,121854,20,,,0,15,,121855,20,,,0,55,,121856,20,,,0,14,,121857,20,,,0,15,,121858,20,,,0,15,,121859,20,,,0,57,,121860,20,,,0,20,,121861,20,,,0,20,,121862,20,,,0,60,,121863,20,,,0,20,,121864,20,,,0,20,,121865,20,,,0,60,,121866,20,,,0,20,,121867,20,,,0,20,,121868,20,,,0,60,,121869,20,,,0,19,,121870,20,,,0,27,,121871,20,,,0,72,,121872,20,,,0,30,,121873,20,,,0,70,,121874,25,,,0
683801,'1',2519,,155524,29,,,0,29,,155520,29,,,0,70,,155519,29,,,0,30,,155518,29,,,0,73,,155521,29,,,0,27,,155522,29,,,0,69,,155523,29,,,0,40,,155516,29,,,0,70,,155517,29,,,0
683801,'2',2549,,155526,29,,,0,77,,155528,29,,,0,21,,155527,29,,,0,60,,155529,29,,,0,23,,155530,29,,,0,20,,155531,29,,,0,60,,155532,29,,,0,27,,155533,29,,,0,70,,155534,29,,,0,29,,155525,29,,,0
683801,'3',2546,,155536,29,,,0,70,,155535,29,,,0,31,,155537,29,,,0,79,,155538,29,,,0,17,,155539,29,,,0,74,,155540,29,,,0,30,,155541,29,,,0,80,,155542,29,,,0
1671801,'1',538,,158690,4,,,0,14,,158691,4,,,0,52,,158692,4,,,0,13,,158716,4,,,0,13,,158693,4,,,0,13,,158694,4,,,0,13,,158695,4,,,0,55,,158696,4,,,0,15,,158712,4,,,0,14,,158697,4,,,0,14,,158698,4,,,0,55,,158699,4,,,0,15,,158700,4,,,0,15,,158701,4,,,0,14,,158702,4,,,0,54,,158703,4,,,0,14,,158704,4,,,0,15,,158705,4,,,0,14,,158706,4,,,0,55,,158707,4,,,0,15,,158708,4,,,0,15,,158683,4,,,0,15,,158684,4,,,0,55,,158685,4,,,0,15,,158686,4,,,0,15,,158687,4,,,0,15,,158688,4,,,0,55,,158689,4,,,0,15,,158650,4,,,0,16,,158651,4,,,0,15,,158652,4,,,0,56,,158653,4,,,0,15,,158654,4,,,0,15,,158655,4,,,0,15,,158656,4,,,0,55,,158657,4,,,0,15,,158658,4,,,0,15,,158659,4,,,0,15,,158660,4,,,0,53,,158661,4,,,0,13,,158662,4,,,0,12,,158663,4,,,0,11,,158664,4,,,0,10,,158665,4,,,0,50,,158666,4,,,0,10,,158667,4,,,0,11,,158668,4,,,0,12,,158669,4,,,0,12,,158670,4,,,0,11,,158671,4,,,0,52,,158672,4,,,0,12,,158673,4,,,0,12,,158674,4,,,0,12,,158675,4,,,0,14,,158676,4,,,0,55,,158677,4,,,0,15,,158678,4,,,0,15,,158679,4,,,0,56,,158680,4,,,0
1671801,'2',537,,158834,4,,,0,18,,158835,4,,,0,55,,158847,4,,,0,14,,158848,4,,,0,15,,158849,4,,,0,15,,158850,4,,,0,54,,158851,4,,,0,15,,158852,4,,,0,15,,158853,4,,,0,14,,158803,4,,,0,56,,158854,4,,,0,15,,158855,4,,,0,16,,158856,4,,,0,16,,158857,4,,,0,55,,158858,4,,,0,15,,158859,4,,,0,16,,158860,4,,,0,15,,158861,4,,,0,56,,158862,4,,,0,11,,158846,4,,,0,12,,158797,4,,,0,12,,158798,4,,,0,12,,158799,4,,,0,52,,158800,4,,,0,11,,158796,4,,,0,12,,158801,4,,,0,12,,158802,4,,,0,12,,158804,4,,,0,52,,158805,4,,,0,11,,158828,4,,,0,10,,158806,4,,,0,10,,158807,4,,,0,10,,158808,4,,,0,50,,158809,4,,,0,10,,158810,4,,,0,10,,158829,4,,,0,10,,158820,4,,,0,10,,158821,4,,,0,10,,158822,4,,,0,50,,158823,4,,,0,10,,158824,4,,,0,10,,158830,4,,,0,10,,158825,4,,,0,10,,158826,4,,,0,9,,158827,4,,,0,50,,158811,4,,,0,10,,158793,4,,,0,10,,158831,4,,,0,10,,158812,4,,,0,10,,158813,4,,,0,11,,158814,4,,,0,50,,158815,4,,,0,10,,158816,4,,,0,11,,158832,4,,,0,10,,158817,4,,,0,10,,158818,4,,,0,10,,158819,4,,,0,50,,158836,4,,,0,10,,158837,4,,,0,10,,158833,4,,,0,12,,158838,4,,,0,12,,158839,4,,,0,12,,158840,4,,,0,52,,158841,4,,,0,12,,158842,4,,,0,12,,158843,4,,,0,13,,158844,4,,,0,53,,158845,4,,,0
1671801,'291101',1829,,158717,4,0,10,0,15,,158718,4,0,10,0,10,,158719,4,0,10,0,60,,158720,4,0,10,0,15,,158721,4,0,10,0,15,,158722,4,0,10,0,15,,158723,4,0,10,0,55,,158724,4,0,10,0,15,,158725,4,0,10,0,15,,158726,4,0,10,0,15,,158727,4,0,10,0,55,,158728,4,0,10,0,15,,158729,4,0,10,0,15,,158730,4,0,10,0,15,,158731,4,0,10,0,55,,158732,4,0,10,0,15,,158733,4,0,10,0,15,,158734,4,0,10,0,15,,158735,4,0,10,0,55,,158736,4,0,10,0,15,,158737,4,0,10,0,15,,158738,4,0,10,0,15,,158739,4,0,10,0
1671801,'291102',1829,,158740,4,0,10,0,11,,158741,4,0,10,0,13,,158742,4,0,10,0,61,,158743,4,0,10,0,15,,158744,4,0,10,0,15,,158745,4,0,10,0,15,,158746,4,0,10,0,55,,158747,4,0,10,0,15,,158748,4,0,10,0,15,,158749,4,0,10,0,15,,158750,4,0,10,0,55,,158751,4,0,10,0,15,,158752,4,0,10,0,15,,158753,4,0,10,0,15,,158754,4,0,10,0,55,,158755,4,0,10,0,15,,158756,4,0,10,0,15,,158757,4,0,10,0,15,,158758,4,0,10,0,55,,158759,4,0,10,0,15,,158760,4,0,10,0,15,,158761,4,0,10,0,15,,158762,4,0,10,0
1671801,'291103',1831,,158763,4,0,10,0,15,,158764,4,0,10,0,13,,158765,4,0,10,0,55,,158766,4,0,10,0,15,,158767,4,0,10,0,15,,158768,4,0,10,0,15,,158769,4,0,10,0,55,,158770,4,0,10,0,15,,158771,4,0,10,0,15,,158772,4,0,10,0,15,,158773,4,0,10,0,55,,158774,4,0,10,0,15,,158775,4,0,10,0,15,,158776,4,0,10,0,15,,158777,4,0,10,0,55,,158778,4,0,10,0,15,,158779,4,0,10,0,15,,158780,4,0,10,0,15,,158781,4,0,10,0,55,,158782,4,0,10,0,15,,158783,4,0,10,0,15,,158784,4,0,10,0,15,,158785,4,0,10,0
1671801,'3',610,,158944,4,,,0,22,,158945,4,,,0,22,,158946,4,,,0,62,,158947,4,,,0,16,,158957,4,,,0,15,,158948,4,,,0,56,,158949,4,,,0,16,,158950,4,,,0,15,,158951,4,,,0,15,,158952,4,,,0,53,,158953,4,,,0,15,,158954,4,,,0,15,,158955,4,,,0,15,,158956,4,,,0,55,,158879,4,,,0,15,,158881,4,,,0,15,,158882,4,,,0,15,,158883,4,,,0,55,,158884,4,,,0,15,,158885,4,,,0,15,,158935,4,,,0,15,,158886,4,,,0,55,,158887,4,,,0,13,,158888,4,,,0,11,,158936,4,,,0,12,,158889,4,,,0,11,,158893,4,,,0,51,,158894,4,,,0,12,,158895,4,,,0,12,,158937,4,,,0,12,,158896,4,,,0,12,,158897,4,,,0,52,,158898,4,,,0,12,,158899,4,,,0,12,,158938,4,,,0,12,,158900,4,,,0,12,,158880,4,,,0,52,,158901,4,,,0,12,,158902,4,,,0,12,,158939,4,,,0,12,,158903,4,,,0,12,,158904,4,,,0,52,,158905,4,,,0,12,,158906,4,,,0,13,,158940,4,,,0,12,,158907,4,,,0,13,,158908,4,,,0,52,,158909,4,,,0,12,,158910,4,,,0,13,,158941,4,,,0,13,,158911,4,,,0,14,,158942,4,,,0,55,,158912,4,,,0,15,,158913,4,,,0,15,,158914,4,,,0,15,,158915,4,,,0
