'1merged15073673',683800,265300,4,'',0,5900,4,'',0,2000,4,'',0,2000,4,'',0,7300,4,'',0,2300,4,'',0,7000,4,'',0,3800,4,'',0
'1merged15073673',683801,245600,,'',0,6900,,'',0,3000,,'',0,7000,,'',0,3300,,'',0,6700,,'',0,2900,,'',0,8000,,'',0,7000,,'',0
'2merged15073675',683800,265700,4,'',0,5300,4,'',0,2000,4,'',0,7000,4,'',0,3000,4,'',0,7000,4,'',0,3000,4,'',0,2000,4,'',0
'2merged15073675',683801,252500,,'',0,7600,,'',0,2200,,'',0,2000,,'',0,6000,,'',0,2000,,'',0,2000,,'',0,7000,,'',0,3000,,'',0,6900,,'',0
'3merged15073674',683800,265200,4,'',0,7000,4,'',0,3000,4,'',0,7600,4,'',0,2000,4,'',0,7100,4,'',0,3000,4,'',0
'3merged15073674',683801,252300,,'',0,3000,,'',0,7000,,'',0,8000,,'',0,1700,,'',0,3400,,'',0,7000,,'',0,8000,,'',0
'1merged15073673',3780700,51100,4,'',0,1700,4,'',0,1500,4,'',0,1100,4,'',0,5900,4,'',0,1400,4,'',0,1600,4,'',0,600,4,'',0,600,4,'',0,4500,4,'',0,700,4,'',0,600,4,'',0,500,4,'',0,600,4,'',0,1000,4,'',0,600,4,'',0,200,4,'',0,1000,4,'',0,200,4,'',0,5100,4,'',0,800,4,'',0,400,4,'',0,1100,4,'',0,600,4,'',0,800,4,'',0,600,4,'',0,700,4,'',0,4600,4,'',0,1700,4,'',0,1500,4,'',0,700,4,'',0,600,4,'',0,1200,4,'',0,5800,4,'',0,1200,4,'',0,1400,4,'',0,1300,4,'',0,5500,4,'',0,1800,4,'',0,1400,4,'',0,1000,4,'',0,5300,4,'',0,1600,4,'',0,1600,4,'',0,1300,4,'',0,5500,4,'',0,1600,4,'',0,1500,4,'',0,1500,4,'',0,5300,4,'',0,1200,4,'',0,200,4,'',0,1900,4,'',0,1900,4,'',0,5100,4,'',0,400,4,'',0,800,4,'',0,900,4,'',0,1400,4,'',0,1000,4,'',0,4900,4,'',0,800,4,'',0,700,4,'',0,600,4,'',0,1000,4,'',0,700,4,'',0,800,4,'',0,1000,4,'',0,4500,4,'',0,1000,4,'',0,500,4,'',0,600,4,'',0,500,4,'',0,600,4,'',0,700,4,'',0,800,4,'',0,700,4,'',0,200,4,'',0,4700,4,'',0,700,4,'',0,700,4,'',0,700,4,'',0,300,4,'',0,900,4,'',0,700,4,'',0,600,4,'',0,4900,4,'',0,900,4,'',0,500,4,'',0,1700,4,'',0,1100,4,'',0,1700,4,'',0,5500,4,'',0,1600,4,'',0,1500,4,'',0,1300,4,'',0,5300,4,'',0,1500,4,'',0,1500,4,'',0,1500,4,'',0,5500,4,'',0,1600,4,'',0,1400,4,'',0,1200,4,'',0,5500,4,'',0,1500,4,'',0,1300,4,'',0,1400,4,'',0,5500,4,'',0,1500,4,'',0,1500,4,'',0,1300,4,'',0,6000,4,'',0,2000,4,'',0,2000,4,'',0,6400,4,'',0
'1merged15073673',3780701,51700,,'',0,1600,,'',0,1600,,'',0,1000,,'',0,6100,,'',0,1300,,'',0,1500,,'',0,700,,'',0,4600,,'',0,600,,'',0,600,,'',0,600,,'',0,600,,'',0,700,,'',0,800,,'',0,800,,'',0,400,,'',0,600,,'',0,4800,,'',0,600,,'',0,700,,'',0,600,,'',0,1000,,'',0,500,,'',0,800,,'',0,600,,'',0,4900,,'',0,1200,,'',0,1200,,'',0,1200,,'',0,1200,,'',0,5000,,'',0,1600,,'',0,1500,,'',0,1500,,'',0,5500,,'',0,1500,,'',0,1500,,'',0,1500,,'',0,5500,,'',0,1500,,'',0,1500,,'',0,1500,,'',0,5500,,'',0,1500,,'',0,1400,,'',0,1600,,'',0,5400,,'',0,1300,,'',0,1200,,'',0,1500,,'',0,800,,'',0,5300,,'',0,1100,,'',0,300,,'',0,900,,'',0,800,,'',0,1000,,'',0,700,,'',0,600,,'',0,5000,,'',0,700,,'',0,800,,'',0,800,,'',0,300,,'',0,1100,,'',0,700,,'',0,700,,'',0,4800,,'',0,300,,'',0,1100,,'',0,800,,'',0,900,,'',0,800,,'',0,700,,'',0,700,,'',0,5000,,'',0,1300,,'',0,1500,,'',0,1400,,'',0,5800,,'',0,1300,,'',0,1500,,'',0,1500,,'',0,5500,,'',0,1500,,'',0,1600,,'',0,1600,,'',0,5400,,'',0,1500,,'',0,1500,,'',0,1500,,'',0,5500,,'',0,1500,,'',0,1500,,'',0,1500,,'',0,5500,,'',0,1700,,'',0,2000,,'',0,6000,,'',0,2000,,'',0,2000,,'',0
'2merged15073675',3780700,50100,4,'',0,9900,4,'',0,2700,4,'',0,2600,4,'',0,5500,4,'',0,1800,4,'',0,1700,4,'',0,1300,4,'',0,5300,4,'',0,1900,4,'',0,1500,4,'',0,300,4,'',0,5900,4,'',0,1700,4,'',0,1300,4,'',0,1600,4,'',0,5500,4,'',0,1700,4,'',0,1500,4,'',0,1600,4,'',0,5500,4,'',0,1500,4,'',0,1500,4,'',0,1100,4,'',0,600,4,'',0,5500,4,'',0,1400,4,'',0,1400,4,'',0,1800,4,'',0,5200,4,'',0,1600,4,'',0,1500,4,'',0,1700,4,'',0,5500,4,'',0,1500,4,'',0,1500,4,'',0,1700,4,'',0,5600,4,'',0,1500,4,'',0,1500,4,'',0,5600,4,'',0,1500,4,'',0,1300,4,'',0,1100,4,'',0,1200,4,'',0,5300,4,'',0,1400,4,'',0,900,4,'',0,1100,4,'',0,1200,4,'',0,5200,4,'',0,1100,4,'',0,1200,4,'',0,800,4,'',0,1200,4,'',0,900,4,'',0,5100,4,'',0,1300,4,'',0,1200,4,'',0,1200,4,'',0,1200,4,'',0,5200,4,'',0,1000,4,'',0,1200,4,'',0,1200,4,'',0,1200,4,'',0,5200,4,'',0,1200,4,'',0,1200,4,'',0,1100,4,'',0,1200,4,'',0,5200,4,'',0,1500,4,'',0,1200,4,'',0,1000,4,'',0,1200,4,'',0,5200,4,'',0,1000,4,'',0,1500,4,'',0,1300,4,'',0,1600,4,'',0,5500,4,'',0,1500,4,'',0,1200,4,'',0,1500,4,'',0,5600,4,'',0,1500,4,'',0,1500,4,'',0,1400,4,'',0,5500,4,'',0,1700,4,'',0
'2merged15073675',3780701,50600,,'',0,9900,,'',0,2700,,'',0,6800,,'',0,1700,,'',0,1600,,'',0,1600,,'',0,5300,,'',0,1500,,'',0,1800,,'',0,1300,,'',0,5500,,'',0,1500,,'',0,1500,,'',0,1500,,'',0,5500,,'',0,1500,,'',0,1500,,'',0,1500,,'',0,5300,,'',0,1500,,'',0,1500,,'',0,1500,,'',0,5500,,'',0,1500,,'',0,1500,,'',0,1500,,'',0,5500,,'',0,1400,,'',0,1500,,'',0,1500,,'',0,5800,,'',0,1500,,'',0,1500,,'',0,1500,,'',0,5400,,'',0,1600,,'',0,1500,,'',0,1500,,'',0,5500,,'',0,1200,,'',0,1200,,'',0,1200,,'',0,1200,,'',0,5200,,'',0,1200,,'',0,1200,,'',0,1200,,'',0,1200,,'',0,5200,,'',0,1200,,'',0,1200,,'',0,1200,,'',0,1200,,'',0,5200,,'',0,1200,,'',0,1200,,'',0,1200,,'',0,1200,,'',0,5200,,'',0,1200,,'',0,1200,,'',0,1200,,'',0,1200,,'',0,5200,,'',0,1200,,'',0,1200,,'',0,1200,,'',0,1200,,'',0,5200,,'',0,1500,,'',0,1500,,'',0,1600,,'',0,5400,,'',0,2000,,'',0,1600,,'',0,1700,,'',0,5700,,'',0,1700,,'',0,1800,,'',0,5700,,'',0
'3merged15073674',3780700,50200,4,'',0,5300,4,'',0,7200,4,'',0,2300,4,'',0,5800,4,'',0,1400,4,'',0,1300,4,'',0,700,4,'',0,1500,4,'',0,5700,4,'',0,1400,4,'',0,1600,4,'',0,1500,4,'',0,5600,4,'',0,1500,4,'',0,1700,4,'',0,5500,4,'',0,1500,4,'',0,1500,4,'',0,1600,4,'',0,5500,4,'',0,1500,4,'',0,1500,4,'',0,1500,4,'',0,500,4,'',0,5500,4,'',0,1500,4,'',0,1500,4,'',0,1700,4,'',0,5500,4,'',0,1600,4,'',0,1400,4,'',0,1600,4,'',0,5400,4,'',0,1500,4,'',0,1500,4,'',0,1300,4,'',0,5500,4,'',0,1500,4,'',0,1500,4,'',0,1500,4,'',0,5500,4,'',0,1500,4,'',0,1600,4,'',0,1200,4,'',0,5100,4,'',0,1000,4,'',0,1200,4,'',0,1300,4,'',0,1200,4,'',0,5200,4,'',0,1200,4,'',0,1200,4,'',0,1200,4,'',0,1000,4,'',0,1200,4,'',0,5200,4,'',0,1100,4,'',0,2300,4,'',0,5500,4,'',0,1500,4,'',0,1500,4,'',0,1500,4,'',0,5500,4,'',0,1500,4,'',0,1500,4,'',0,1200,4,'',0,1500,4,'',0,5500,4,'',0,1500,4,'',0,1500,4,'',0,1500,4,'',0,5500,4,'',0,1500,4,'',0,1400,4,'',0,1500,4,'',0,5500,4,'',0,1500,4,'',0,1300,4,'',0,1500,4,'',0,5500,4,'',0,1500,4,'',0,1400,4,'',0,2000,4,'',0,6000,4,'',0
'3merged15073674',3780701,50700,,'',0,9300,,'',0,3400,,'',0,2200,,'',0,5700,,'',0,1500,,'',0,1300,,'',0,1500,,'',0,5500,,'',0,1500,,'',0,1500,,'',0,1500,,'',0,5500,,'',0,1500,,'',0,1500,,'',0,1500,,'',0,5500,,'',0,1500,,'',0,1400,,'',0,1500,,'',0,5500,,'',0,1500,,'',0,1500,,'',0,1400,,'',0,5400,,'',0,1400,,'',0,1500,,'',0,1500,,'',0,5500,,'',0,1500,,'',0,1500,,'',0,1500,,'',0,5500,,'',0,1500,,'',0,1500,,'',0,1400,,'',0,5300,,'',0,1900,,'',0,1500,,'',0,1400,,'',0,5400,,'',0,1700,,'',0,1000,,'',0,1200,,'',0,1200,,'',0,5200,,'',0,1200,,'',0,1200,,'',0,1200,,'',0,1200,,'',0,5100,,'',0,1200,,'',0,1200,,'',0,1200,,'',0,1100,,'',0,5400,,'',0,1500,,'',0,1500,,'',0,1500,,'',0,5500,,'',0,1500,,'',0,1500,,'',0,1500,,'',0,5500,,'',0,1500,,'',0,1500,,'',0,1400,,'',0,5600,,'',0,1500,,'',0,1500,,'',0,1500,,'',0,5500,,'',0,1500,,'',0,1500,,'',0,1900,,'',0,6000,,'',0,2000,,'',0,2000,,'',0
