677600,'1',610,,151197,17,,,0,32,,151207,17,,,0,70,,151199,17,,,0,30,,151201,17,,,0,70,,151204,17,,,0,30,,151203,17,,,0,100,,151209,17,,,0,100,,151210,17,,,0,100,,151216,17,,,0,100,,151205,17,,,0,100,,151213,17,,,0,100,,151214,17,,,0,70,,151215,17,,,0,30,,151202,17,,,0,70,,151218,17,,,0,30,,151196,17,,,0,70,,151198,17,,,0,30,,151212,17,,,0,70,,151211,17,,,0,30,,151217,17,,,0,99,,151200,17,,,0,100,,151208,17,,,0,99,,151206,17,,,0
677600,'2',739,,151219,17,,,0,102,,151227,17,,,0,100,,151220,17,,,0,100,,151221,17,,,0,100,,151222,17,,,0,100,,151226,17,,,0,100,,151223,17,,,0,101,,151228,17,,,0,102,,151224,17,,,0,101,,151225,17,,,0,101,,151229,17,,,0,97,,151231,17,,,0,97,,151233,17,,,0,99,,151230,17,,,0,100,,151232,17,,,0
677600,'3',841,,151243,17,,,0,100,,151242,17,,,0,100,,151244,17,,,0,100,,151247,17,,,0,101,,151234,17,,,0,100,,151245,17,,,0,99,,151235,17,,,0,101,,151237,17,,,0,100,,151236,17,,,0,101,,151240,17,,,0,99,,151238,17,,,0,100,,151239,17,,,0,100,,151246,17,,,0,100,,151241,17,,,0
683801,'1',2513,,155524,21,,,0,29,,155520,21,,,0,70,,155519,21,,,0,30,,155518,21,,,0,73,,155521,21,,,0,27,,155522,21,,,0,69,,155523,21,,,0,40,,155516,21,,,0,70,,155517,21,,,0
683801,'2',2543,,155526,21,,,0,77,,155528,21,,,0,21,,155527,21,,,0,60,,155529,21,,,0,23,,155530,21,,,0,20,,155531,21,,,0,60,,155532,21,,,0,27,,155533,21,,,0,70,,155534,21,,,0,29,,155525,21,,,0
683801,'3',2540,,155536,21,,,0,70,,155535,21,,,0,31,,155537,21,,,0,79,,155538,21,,,0,17,,155539,21,,,0,74,,155540,21,,,0,30,,155541,21,,,0,80,,155542,21,,,0
732201,'1',630,,156191,13,,,0,73,,156192,13,,,0,32,,156193,13,,,0,70,,156194,13,,,0,30,,156195,13,,,0,71,,156196,13,,,0,100,,156186,13,,,0,100,,156187,13,,,0,100,,156188,13,,,0,100,,156189,13,,,0,100,,156190,13,,,0,100,,156184,13,,,0,29,,156197,13,,,0,70,,156175,13,,,0,30,,156176,13,,,0,70,,156177,13,,,0,30,,156178,13,,,0,70,,156179,13,,,0,30,,156180,13,,,0,69,,156181,13,,,0,98,,156182,13,,,0,98,,156183,13,,,0,58,,156185,13,,,0
732201,'2',758,,156199,13,,,0,143,,156200,13,,,0,100,,156201,13,,,0,101,,156202,13,,,0,101,,156203,13,,,0,101,,156204,13,,,0,100,,156205,13,,,0,104,,156206,13,,,0,102,,156207,13,,,0,101,,156208,13,,,0,100,,156209,13,,,0,97,,156210,13,,,0,94,,156211,13,,,0,99,,156198,13,,,0,58,,156212,13,,,0
732201,'3',902,,156220,13,,,0,100,,156215,13,,,0,101,,156216,13,,,0,101,,156217,13,,,0,102,,156218,13,,,0,99,,156219,13,,,0,99,,156213,13,,,0,102,,156221,13,,,0,100,,156222,13,,,0,99,,156223,13,,,0,98,,156224,13,,,0,99,,156225,13,,,0,100,,156226,13,,,0,100,,156214,13,,,0
3780701,'1',507,,170391,6,,,0,29,,170402,8,,,0,16,,170425,8,,,0,55,,170395,8,,,0,10,,170441,8,,,0,21,,170401,8,,,0,18,,170351,8,,,0,54,,170371,8,,,0,7,,170421,8,,,0,7,,170390,8,,,0,6,,170434,8,,,0,6,,170396,8,,,0,6,,170443,8,,,0,8,,170341,8,,,0,4,,170366,8,,,0,5,,170451,8,,,0,45,,170340,8,,,0,6,,170424,8,,,0,7,,170365,8,,,0,6,,170447,8,,,0,7,,170339,8,,,0,7,,170444,8,,,0,7,,170338,8,,,0,6,,170364,8,,,0,9,,170430,8,,,0,48,,170337,8,,,0,7,,170399,8,,,0,6,,170398,8,,,0,8,,170373,8,,,0,12,,170336,8,,,0,12,,170418,8,,,0,52,,170372,8,,,0,12,,170419,8,,,0,7,,170400,8,,,0,16,,170420,8,,,0,16,,170335,8,,,0,55,,170334,8,,,0,12,,170333,8,,,0,16,,170416,8,,,0,16,,170332,8,,,0,54,,170331,8,,,0,16,,170415,8,,,0,15,,170414,8,,,0,16,,170417,8,,,0,53,,170413,8,,,0,17,,170411,8,,,0,15,,170348,8,,,0,14,,170412,8,,,0,54,,170347,8,,,0,20,,170435,8,,,0,8,,170410,8,,,0,12,,170345,8,,,0,56,,170409,8,,,0,8,,170346,8,,,0,12,,170344,8,,,0,11,,170383,8,,,0,5,,170439,8,,,0,6,,170408,8,,,0,8,,170381,8,,,0,52,,170382,8,,,0,8,,170380,8,,,0,5,,170407,8,,,0,11,,170379,8,,,0,6,,170363,8,,,0,8,,170378,8,,,0,8,,170406,8,,,0,7,,170422,8,,,0,47,,170359,8,,,0,7,,170377,8,,,0,8,,170405,8,,,0,8,,170404,8,,,0,6,,170376,8,,,0,7,,170362,8,,,0,8,,170375,8,,,0,8,,170423,8,,,0,48,,170403,8,,,0,7,,170374,8,,,0,7,,170361,8,,,0,10,,170360,8,,,0,13,,170393,8,,,0,14,,170349,8,,,0,54,,170358,8,,,0,19,,170370,8,,,0,12,,170385,8,,,0,15,,170350,8,,,0,57,,170357,8,,,0,15,,170369,8,,,0,15,,170356,8,,,0,56,,170355,8,,,0,14,,170354,8,,,0,14,,170353,8,,,0,15,,170368,8,,,0,14,,170352,8,,,0,55,,170343,8,,,0,14,,170389,8,,,0,15,,170388,8,,,0,15,,170384,8,,,0,55,,170387,8,,,0,15,,170386,8,,,0,17,,170367,8,,,0,61,,170342,8,,,0,21,,170394,8,,,0,20,,170392,8,,,0,60,,170397,8,,,0
3780701,'2',524,,170658,8,,,0,83,,170653,6,,,0,16,,170681,8,,,0,27,,170680,8,,,0,68,,170654,8,,,0,17,,170649,8,,,0,16,,170655,8,,,0,57,,170651,8,,,0,13,,170650,8,,,0,17,,170663,8,,,0,18,,170652,8,,,0,53,,170684,8,,,0,15,,170685,8,,,0,15,,170686,8,,,0,14,,170687,8,,,0,55,,170688,8,,,0,14,,170692,8,,,0,18,,170689,8,,,0,17,,170690,8,,,0,53,,170691,8,,,0,15,,170693,8,,,0,15,,170694,8,,,0,15,,170695,8,,,0,55,,170696,8,,,0,16,,170697,8,,,0,14,,170698,8,,,0,15,,170699,8,,,0,55,,170700,8,,,0,15,,170701,8,,,0,15,,170702,8,,,0,15,,170703,8,,,0,55,,170704,8,,,0,16,,170705,8,,,0,15,,170706,8,,,0,17,,170707,8,,,0,48,,170708,8,,,0,19,,170709,8,,,0,20,,170710,8,,,0,11,,170711,8,,,0,55,,170713,8,,,0,14,,170714,8,,,0,12,,170715,8,,,0,12,,170716,8,,,0,52,,170717,8,,,0,11,,170718,8,,,0,12,,170719,8,,,0,14,,170720,8,,,0,12,,170721,8,,,0,52,,170722,8,,,0,11,,170723,8,,,0,12,,170724,8,,,0,12,,170725,8,,,0,12,,170726,8,,,0,53,,170727,8,,,0,12,,170728,8,,,0,13,,170729,8,,,0,12,,170671,8,,,0,11,,170677,8,,,0,51,,170670,8,,,0,12,,170669,8,,,0,12,,170668,8,,,0,12,,170667,8,,,0,12,,170676,8,,,0,52,,170665,8,,,0,12,,170666,8,,,0,12,,170682,8,,,0,12,,170662,8,,,0,12,,170675,8,,,0,52,,170664,8,,,0,12,,170730,8,,,0,13,,170679,8,,,0,11,,170657,8,,,0,15,,170661,8,,,0,55,,170674,8,,,0,17,,170678,8,,,0,17,,170659,8,,,0,17,,170673,8,,,0,57,,170656,8,,,0,19,,170660,8,,,0,15,,170648,8,,,0,57,,170672,8,,,0,17,,170683,8,,,0
3780701,'3',525,,170781,8,,,0,79,,170767,6,,,0,15,,170812,8,,,0,34,,170811,8,,,0,62,,170768,8,,,0,17,,170750,8,,,0,15,,170770,8,,,0,53,,170764,8,,,0,15,,170760,8,,,0,15,,170785,8,,,0,15,,170765,8,,,0,55,,170772,8,,,0,16,,170774,8,,,0,15,,170814,8,,,0,15,,170745,8,,,0,55,,170787,8,,,0,14,,170786,8,,,0,16,,170747,8,,,0,15,,170759,8,,,0,55,,170744,8,,,0,17,,170761,8,,,0,16,,170746,8,,,0,15,,170763,8,,,0,54,,170753,8,,,0,14,,170751,8,,,0,14,,170775,8,,,0,7,,170780,8,,,0,17,,170776,8,,,0,56,,170756,8,,,0,17,,170766,8,,,0,17,,170758,8,,,0,56,,170769,8,,,0,15,,170755,8,,,0,14,,170779,8,,,0,15,,170757,8,,,0,55,,170754,8,,,0,14,,170752,8,,,0,13,,170748,8,,,0,19,,170777,8,,,0,54,,170743,8,,,0,15,,170742,8,,,0,13,,170741,8,,,0,14,,170740,8,,,0,14,,170739,8,,,0,55,,170737,8,,,0,7,,170736,8,,,0,12,,170738,8,,,0,12,,170809,8,,,0,12,,170802,8,,,0,52,,170801,8,,,0,12,,170800,8,,,0,11,,170799,8,,,0,12,,170804,8,,,0,12,,170798,8,,,0,52,,170797,8,,,0,11,,170796,8,,,0,14,,170771,8,,,0,15,,170795,8,,,0,56,,170808,8,,,0,16,,170794,8,,,0,15,,170793,8,,,0,15,,170792,8,,,0,56,,170791,8,,,0,12,,170807,8,,,0,14,,170789,8,,,0,15,,170790,8,,,0,15,,170813,8,,,0,54,,170784,8,,,0,18,,170806,8,,,0,15,,170788,8,,,0,55,,170810,8,,,0,15,,170773,8,,,0,15,,170783,8,,,0,16,,170805,8,,,0,54,,170778,8,,,0,17,,170762,8,,,0,16,,170782,8,,,0,22,,170749,8,,,0,59,,170803,8,,,0
