666601,'101',1519,,135879,2,,,0
2263801,'1',432,,160179,9,,,0,70,,160180,9,,,0,22,,160181,9,,,0,14,,160182,9,,,0,14,,160183,9,,,0,54,,160184,9,,,0,12,,160185,9,,,0,14,,160186,9,,,0,13,,160187,9,,,0,57,,160188,9,,,0,7,,160189,9,,,0,19,,160190,9,,,0,12,,160191,9,,,0,16,,160192,9,,,0,52,,160193,9,,,0,24,,160194,9,,,0,72,,160195,9,,,0,33,,160196,9,,,0,66,,160197,9,,,0,30,,160198,9,,,0,70,,160199,9,,,0,30,,160200,9,,,0,70,,160201,9,,,0,30,,160202,9,,,0,70,,160203,9,,,0,28,,160204,9,,,0,71,,160205,9,,,0,20,,160217,9,,,0,20,,160206,9,,,0,62,,160207,9,,,0,20,,160208,9,,,0,80,,160209,9,,,0,15,,160210,9,,,0,15,,160211,9,,,0,15,,160212,9,,,0,55,,160213,9,,,0,13,,160214,9,,,0,15,,160161,9,,,0,18,,160170,9,,,0,61,,160168,9,,,0,23,,160169,9,,,0,70,,160216,9,,,0,19,,160163,9,,,0,16,,160215,9,,,0,67,,160178,9,,,0,22,,160162,9,,,0,29,,160171,9,,,0,71,,160172,9,,,0,30,,160173,9,,,0,69,,160164,9,,,0,30,,160176,9,,,0,62,,160177,9,,,0,29,,160165,9,,,0,70,,160175,9,,,0,29,,160166,9,,,0,70,,160174,9,,,0,30,,160167,9,,,0
2263801,'101',1529,,160160,9,,,0,23,,160159,9,,,0
2263801,'2',537,,160219,9,,,0,70,,160220,9,,,0,30,,160221,9,,,0,71,,160222,9,,,0,30,,160223,9,,,0,69,,160224,9,,,0,31,,160225,9,,,0,70,,160226,9,,,0,30,,160227,9,,,0,70,,160228,9,,,0,30,,160229,9,,,0,70,,160230,9,,,0,30,,160231,9,,,0,70,,160232,9,,,0,30,,160233,9,,,0,70,,160234,9,,,0,30,,160235,9,,,0,70,,160236,9,,,0,30,,160237,9,,,0,70,,160238,9,,,0,30,,160239,9,,,0,70,,160240,9,,,0,30,,160241,9,,,0,70,,160242,9,,,0,30,,160243,9,,,0,70,,160244,9,,,0,30,,160245,9,,,0,70,,160246,9,,,0,30,,160247,9,,,0,65,,160248,9,,,0,30,,160249,9,,,0,70,,160250,9,,,0,30,,160251,9,,,0,69,,160252,9,,,0,30,,160253,9,,,0,70,,160254,9,,,0,30,,160255,9,,,0,70,,160256,9,,,0,30,,160257,9,,,0,78,,160258,9,,,0
2263801,'201',1552,,160218,9,,,0
2263801,'3',647,,160264,9,,,0,70,,160265,9,,,0,30,,160263,9,,,0,70,,160269,9,,,0,31,,160270,9,,,0,70,,160271,9,,,0,30,,160275,9,,,0,70,,160276,9,,,0,30,,160277,9,,,0,70,,160278,9,,,0,30,,160259,9,,,0,70,,160260,9,,,0,30,,160261,9,,,0,70,,160279,9,,,0,30,,160280,9,,,0,70,,160281,9,,,0,30,,160282,9,,,0,70,,160283,9,,,0,30,,160284,9,,,0,70,,160285,9,,,0,30,,160286,9,,,0,70,,160287,9,,,0,30,,160266,9,,,0,70,,160289,9,,,0,30,,160290,9,,,0,70,,160291,9,,,0,30,,160292,9,,,0,70,,160293,9,,,0,30,,160294,9,,,0,69,,160295,9,,,0,35,,160262,9,,,0,70,,160267,9,,,0,30,,160268,9,,,0,70,,160272,9,,,0,30,,160273,9,,,0,70,,160274,9,,,0,30,,160288,9,,,0
3003601,'1',541,,161496,9,,,0,15,,161497,9,,,0,55,,161498,9,,,0,14,,161499,9,,,0,15,,161500,9,,,0,15,,161501,9,,,0,53,,161502,9,,,0,15,,161503,9,,,0,15,,161504,9,,,0,15,,161505,9,,,0,55,,161506,9,,,0,17,,161507,9,,,0,18,,161508,9,,,0,13,,161509,9,,,0,57,,161510,9,,,0,15,,161511,9,,,0,28,,161512,9,,,0,68,,161513,9,,,0,30,,161514,9,,,0,70,,161515,9,,,0,30,,161516,9,,,0,70,,161517,9,,,0,30,,161518,9,,,0,70,,161490,9,,,0,30,,161491,9,,,0,75,,161492,9,,,0,25,,161481,9,,,0,55,,161477,9,,,0,20,,161476,9,,,0,15,,161478,9,,,0,15,,161479,9,,,0,56,,161480,9,,,0,15,,161482,9,,,0,16,,161483,9,,,0,55,,161484,9,,,0,16,,161485,9,,,0,15,,161486,9,,,0,11,,161487,8,,,0,3,,161488,9,,,0,64,,161519,9,,,0,2,,161489,8,,,0,11,,161466,9,,,0,15,,161467,9,,,0,62,,161468,9,,,0,31,,161469,9,,,0,27,,161470,9,,,0,67,,161471,9,,,0,30,,161472,9,,,0,70,,161473,9,,,0,30,,161474,9,,,0,70,,161475,9,,,0,30,,161493,9,,,0,70,,161494,9,,,0,30,,161495,9,,,0
3003601,'101',1517,,161465,2,,,0
3003601,'2',624,,161527,9,,,0,30,,161528,9,,,0,70,,161529,9,,,0,30,,161530,9,,,0,70,,161520,9,,,0,30,,161526,9,,,0,70,,161531,9,,,0,30,,161532,9,,,0,70,,161533,9,,,0,30,,161534,9,,,0,70,,161535,9,,,0,30,,161536,9,,,0,70,,161537,9,,,0,30,,161538,9,,,0,70,,161539,9,,,0,30,,161540,9,,,0,70,,161541,9,,,0,30,,161542,9,,,0,70,,161543,9,,,0,30,,161544,9,,,0,69,,161545,9,,,0,30,,161546,9,,,0,71,,161547,9,,,0,30,,161548,9,,,0,70,,161549,9,,,0,30,,161550,9,,,0,70,,161551,9,,,0,30,,161552,9,,,0,70,,161553,9,,,0,30,,161554,9,,,0,70,,161555,9,,,0,30,,161522,9,,,0,70,,161523,9,,,0,30,,161524,9,,,0,70,,161521,9,,,0,30,,161525,9,,,0
3003601,'3',724,,161565,9,,,0,30,,161566,9,,,0,70,,161567,9,,,0,30,,161568,9,,,0,70,,161569,9,,,0,30,,161570,9,,,0,70,,161571,9,,,0,30,,161572,9,,,0,70,,161573,9,,,0,30,,161574,9,,,0,70,,161575,9,,,0,30,,161576,9,,,0,70,,161577,9,,,0,30,,161578,9,,,0,70,,161579,9,,,0,30,,161580,9,,,0,70,,161581,9,,,0,30,,161582,9,,,0,70,,161583,9,,,0,30,,161584,9,,,0,70,,161585,9,,,0,30,,161586,9,,,0,70,,161587,9,,,0,30,,161588,9,,,0,70,,161589,9,,,0,30,,161556,9,,,0,70,,161559,9,,,0,30,,161560,9,,,0,70,,161557,9,,,0,30,,161558,9,,,0,70,,161561,9,,,0,30,,161562,9,,,0,70,,161563,9,,,0,30,,161564,9,,,0
