667701,'1',545,,21152,13,,,0,70,,21149,13,,,0,27,,21174,13,,,0,12,,21178,13,,,0,54,,21156,13,,,0,14,,21176,13,,,0,19,,21172,13,,,0,11,,21150,13,,,0,59,,21171,13,,,0,25,,21173,13,,,0,77,,21170,13,,,0,36,,21169,13,,,0,65,,21168,13,,,0,30,,21167,13,,,0,68,,21166,13,,,0,30,,21165,13,,,0,69,,21164,13,,,0,29,,21163,13,,,0,69,,21162,13,,,0,29,,21161,13,,,0,69,,21160,13,,,0,26,,21188,13,,,0,15,,21159,13,,,0,59,,21158,13,,,0,13,,21140,13,,,0,29,,21157,13,,,0,58,,21141,13,,,0,18,,21189,13,,,0,13,,21148,13,,,0,11,,21186,13,,,0,59,,21147,13,,,0,12,,21187,13,,,0,19,,21146,13,,,0,12,,21143,13,,,0,59,,21175,13,,,0,19,,21182,13,,,0,13,,21151,13,,,0,15,,21142,13,,,0,52,,21145,13,,,0,17,,21180,13,,,0,19,,21181,13,,,0,71,,21144,13,,,0,31,,21153,13,,,0,69,,21183,13,,,0,31,,21179,13,,,0,70,,21185,13,,,0,31,,21155,13,,,0,61,,21184,13,,,0,39,,21154,13,,,0,96,,21177,13,,,0
667701,'2',713,,21192,13,,,0,31,,21191,13,,,0,69,,21231,13,,,0,30,,21230,13,,,0,70,,21229,13,,,0,30,,21228,13,,,0,71,,21227,13,,,0,30,,21226,13,,,0,68,,21225,13,,,0,29,,21224,13,,,0,69,,21234,13,,,0,30,,21209,13,,,0,70,,21233,13,,,0,15,,21214,13,,,0,15,,21232,13,,,0,65,,21211,13,,,0,20,,21221,13,,,0,15,,21210,13,,,0,65,,21205,13,,,0,20,,21215,13,,,0,16,,21193,13,,,0,65,,21204,13,,,0,20,,21212,13,,,0,18,,21203,13,,,0,65,,21202,13,,,0,19,,21223,13,,,0,16,,21201,13,,,0,57,,21200,13,,,0,22,,21222,13,,,0,20,,21199,13,,,0,16,,21208,13,,,0,63,,21195,13,,,0,20,,21207,13,,,0,16,,21220,13,,,0,70,,21194,13,,,0,16,,21213,13,,,0,70,,21218,13,,,0,30,,21198,13,,,0,69,,21217,13,,,0,30,,21206,13,,,0,72,,21216,13,,,0,27,,21197,13,,,0,73,,21219,13,,,0,30,,21196,13,,,0,70,,21190,13,,,0
667701,'3',813,,21264,13,,,0,30,,21243,13,,,0,70,,21263,13,,,0,30,,21244,13,,,0,70,,21262,13,,,0,30,,21245,13,,,0,70,,21261,13,,,0,28,,21246,13,,,0,72,,21260,13,,,0,29,,21248,13,,,0,72,,21259,13,,,0,30,,21249,13,,,0,72,,21235,13,,,0,12,,21274,13,,,0,27,,21250,13,,,0,62,,21242,13,,,0,14,,21273,13,,,0,28,,21251,13,,,0,56,,21241,13,,,0,15,,21272,13,,,0,71,,21237,13,,,0,15,,21240,13,,,0,15,,21271,13,,,0,72,,21247,13,,,0,13,,21239,13,,,0,15,,21270,13,,,0,70,,21238,13,,,0,15,,21258,13,,,0,16,,21269,13,,,0,27,,21252,13,,,0,56,,21257,13,,,0,17,,21268,13,,,0,25,,21253,13,,,0,57,,21256,13,,,0,29,,21254,13,,,0,71,,21267,13,,,0,29,,21236,13,,,0,68,,21266,13,,,0,31,,21255,13,,,0,72,,21265,13,,,0
667801,'1',602,,21404,23,,,0,16,,21392,23,,,0,34,,21391,23,,,0,62,,21421,23,,,0,17,,21393,23,,,0,12,,21419,23,,,0,57,,21422,23,,,0,12,,21431,23,,,0,17,,21423,23,,,0,74,,21425,23,,,0,26,,21428,9,,,0,72,,21418,9,,,0,31,,21410,9,,,0,27,,21426,9,,,0,70,,21433,9,,,0,29,,21405,9,,,0,70,,21407,9,,,0,31,,21427,9,,,0,70,,21401,9,,,0,29,,21408,9,,,0,71,,21417,9,,,0,72,,21424,9,,,0,31,,21411,9,,,0,20,,21394,9,,,0,60,,21412,9,,,0,19,,21416,9,,,0,16,,21398,9,,,0,55,,21429,9,,,0,16,,21397,9,,,0,16,,21432,9,,,0,12,,21396,9,,,0,56,,21395,9,,,0,11,,21420,9,,,0,32,,21413,9,,,0,70,,21409,9,,,0,32,,21400,9,,,0,70,,21430,9,,,0,30,,21399,9,,,0,71,,21402,9,,,0,107,,21406,9,,,0,94,,21414,9,,,0,101,,21403,9,,,0,100,,21415,9,,,0
667801,'2',631,,21435,9,,,0,70,,21466,9,,,0,30,,21467,9,,,0,70,,21453,9,,,0,30,,21454,9,,,0,69,,21459,9,,,0,30,,21447,9,,,0,70,,21444,9,,,0,30,,21451,9,,,0,28,,21437,9,,,0,71,,21448,9,,,0,29,,21439,9,,,0,68,,21457,9,,,0,74,,21440,9,,,0,28,,21458,9,,,0,31,,21438,9,,,0,70,,21461,9,,,0,29,,21460,9,,,0,68,,21462,9,,,0,31,,21464,9,,,0,70,,21441,9,,,0,73,,21465,9,,,0,30,,21463,9,,,0,70,,21436,9,,,0,30,,21442,9,,,0,71,,21449,9,,,0,30,,21446,9,,,0,70,,21456,9,,,0,30,,21445,9,,,0,80,,21450,9,,,0,30,,21468,9,,,0,71,,21452,9,,,0,100,,21455,9,,,0,100,,21434,9,,,0,100,,21443,9,,,0
667801,'3',759,,21492,9,,,0,71,,21471,9,,,0,70,,21491,9,,,0,30,,21496,9,,,0,70,,21490,9,,,0,30,,21499,9,,,0,22,,21489,9,,,0,70,,21493,9,,,0,33,,21488,9,,,0,75,,21497,9,,,0,75,,21487,9,,,0,25,,21495,9,,,0,29,,21486,9,,,0,70,,21494,9,,,0,71,,21485,9,,,0,30,,21498,9,,,0,70,,21484,9,,,0,30,,21478,9,,,0,70,,21483,9,,,0,30,,21474,9,,,0,70,,21482,9,,,0,30,,21470,9,,,0,70,,21481,9,,,0,30,,21473,9,,,0,70,,21480,9,,,0,27,,21469,9,,,0,73,,21479,9,,,0,19,,21476,9,,,0,97,,21477,9,,,0,101,,21475,9,,,0,100,,21472,9,,,0
667900,'1',556,,21507,23,,,0,67,,21520,23,,,0,26,,21511,23,,,0,73,,21522,23,,,0,26,,21501,23,,,0,75,,21524,23,,,0,33,,21526,23,,,0,76,,21523,23,,,0,23,,21527,23,,,0,71,,21525,23,,,0,30,,21502,23,,,0,70,,21534,23,,,0,23,,21530,23,,,0,72,,21506,23,,,0,24,,21518,23,,,0,71,,21533,23,,,0,31,,21513,23,,,0,70,,21515,23,,,0,28,,21512,23,,,0,72,,21514,23,,,0,30,,21516,23,,,0,65,,21528,23,,,0,29,,21503,23,,,0,72,,21510,23,,,0,31,,21508,23,,,0,78,,21517,23,,,0,80,,21529,23,,,0,22,,21531,23,,,0,34,,21519,23,,,0,69,,21532,23,,,0,24,,21509,23,,,0,72,,21500,23,,,0,28,,21505,23,,,0,68,,21521,23,,,0,30,,21504,23,,,0
667900,'101',1531,,21536,18,,,0,3,,21535,18,,,0
667900,'2',721,,21539,23,,,0,30,,21538,15,,,0,72,,21560,23,,,0,31,,21565,23,,,0,68,,21540,23,,,0,26,,21557,23,,,0,74,,21562,23,,,0,33,,21566,23,,,0,71,,21558,23,,,0,30,,21548,23,,,0,68,,21564,23,,,0,29,,21561,23,,,0,68,,21537,23,,,0,31,,21546,23,,,0,69,,21550,23,,,0,29,,21556,23,,,0,70,,21568,23,,,0,30,,21563,23,,,0,70,,21555,23,,,0,30,,21544,23,,,0,69,,21541,23,,,0,30,,21567,23,,,0,75,,21545,23,,,0,30,,21554,23,,,0,69,,21547,23,,,0,29,,21552,23,,,0,71,,21543,23,,,0,31,,21551,23,,,0,69,,21553,23,,,0,30,,21542,23,,,0,68,,21559,23,,,0,30,,21549,23,,,0
667900,'3',823,,21590,23,,,0,28,,21572,23,,,0,73,,21596,23,,,0,30,,21571,23,,,0,70,,21594,23,,,0,30,,21589,23,,,0,68,,21581,23,,,0,31,,21583,23,,,0,70,,21586,23,,,0,32,,21578,23,,,0,71,,21577,23,,,0,31,,21585,23,,,0,71,,21575,23,,,0,72,,21576,23,,,0,30,,21579,23,,,0,29,,21591,23,,,0,70,,21584,23,,,0,30,,21573,23,,,0,70,,21595,23,,,0,30,,21580,23,,,0,68,,21570,23,,,0,29,,21582,23,,,0,70,,21592,23,,,0,30,,21569,23,,,0,70,,21574,23,,,0,29,,21588,23,,,0,69,,21598,23,,,0,30,,21593,23,,,0,70,,21587,23,,,0,27,,21597,23,,,0
668301,'1',645,,22463,12,,,0,10,,22466,12,,,0,48,,22462,12,,,0,9,,22456,12,,,0,15,,22465,12,,,0,14,,22461,12,,,0,16,,22455,12,,,0,47,,22460,12,,,0,10,,22458,12,,,0,10,,22464,12,,,0,10,,22459,12,,,0,17,,22457,12,,,0
683701,'1',2558,,38470,13,,,0
683701,'2',546,,38473,13,,,0,2057,,38472,13,,,0
683701,'3',610,,38480,13,,,0,40,,38481,13,,,0,71,,38482,13,,,0,32,,38483,13,,,0,1557,,38484,13,0,50 51,0,126,,38478,13,,,0,72,,38477,13,,,0,30,,38474,13,0,50 51,0,78,,38479,13,,,0,28,,38485,13,,,0
