668000,'1',646,,138489,18,,,0,100,,138478,18,,,0,70,,138506,12,,,0,31,,138488,18,,,0,70,,138502,18,,,0,21,,138508,18,,,0,18,,138512,18,,,0,52,,138490,18,,,0,18,,138513,18,,,0,12,,138491,18,,,0,17,,138510,18,,,0,57,,138507,18,,,0,12,,138514,18,,,0,19,,138492,18,,,0,12,,138515,18,,,0,56,,138493,18,,,0,15,,138516,18,,,0,16,,138494,18,,,0,16,,138517,18,,,0,54,,138495,18,,,0,14,,138518,18,,,0,12,,138496,18,,,0,16,,138519,18,,,0,54,,138497,18,,,0,17,,138520,18,,,0,11,,138498,18,,,0,17,,138521,18,,,0,55,,138499,18,,,0,13,,138509,18,,,0,17,,138503,18,,,0,72,,138504,18,,,0,18,,138511,18,,,0,11,,138505,18,,,0,20,,138500,18,,,0,51,,138474,18,,,0,19,,138487,18,,,0,10,,138475,18,,,0,19,,138501,18,,,0,53,,138476,18,,,0,15,,138481,18,,,0,15,,138477,18,,,0,15,,138482,18,,,0,59,,138486,18,,,0,32,,138522,18,,,0,72,,138484,18,,,0,29,,138523,18,,,0,69,,138479,18,,,0,30,,138524,18,,,0,73,,138480,18,,,0,100,,138485,18,,,0,99,,138483,18,,,0
668000,'101',1558,,138473,18,,,0
668000,'2',645,,138572,18,,,0,72,,138529,18,,,0,31,,138528,18,,,0,70,,138554,18,,,0,30,,138573,18,,,0,66,,138532,18,,,0,16,,138553,18,,,0,16,,138571,18,,,0,55,,138552,18,,,0,15,,138531,18,,,0,15,,138551,18,,,0,15,,138527,18,,,0,55,,138550,18,,,0,17,,138563,18,,,0,15,,138549,18,,,0,15,,138569,18,,,0,55,,138548,18,,,0,15,,138562,18,,,0,15,,138547,18,,,0,16,,138533,18,,,0,55,,138546,18,,,0,16,,138567,18,,,0,15,,138545,18,,,0,15,,138560,18,,,0,55,,138544,18,,,0,14,,138565,18,,,0,15,,138543,18,,,0,15,,138561,18,,,0,55,,138542,18,,,0,15,,138564,18,,,0,15,,138541,18,,,0,14,,138535,18,,,0,55,,138540,18,,,0,15,,138574,18,,,0,15,,138556,18,,,0,15,,138559,18,,,0,55,,138539,18,,,0,15,,138570,18,,,0,15,,138538,18,,,0,15,,138530,18,,,0,55,,138537,18,,,0,15,,138557,18,,,0,15,,138536,18,,,0,15,,138534,18,,,0,69,,138558,18,,,0,29,,138576,18,,,0,72,,138566,18,,,0,30,,138577,18,,,0,70,,138526,18,,,0,30,,138578,18,,,0,69,,138575,18,,,0,100,,138555,18,,,0,99,,138568,18,,,0
668000,'201',1558,,138525,18,,,0
668000,'3',745,,138625,18,,,0,65,,138612,18,,,0,37,,138596,18,,,0,70,,138601,18,,,0,15,,138588,18,,,0,15,,138595,18,,,0,55,,138593,18,,,0,16,,138603,18,,,0,15,,138592,18,,,0,13,,138604,18,,,0,57,,138591,18,,,0,16,,138611,18,,,0,15,,138590,18,,,0,16,,138600,18,,,0,55,,138589,18,,,0,16,,138584,18,,,0,15,,138594,18,,,0,15,,138606,18,,,0,55,,138582,18,,,0,15,,138615,18,,,0,19,,138581,18,,,0,12,,138607,18,,,0,56,,138580,18,,,0,15,,138613,18,,,0,15,,138579,18,,,0,15,,138586,18,,,0,55,,138624,18,,,0,15,,138585,18,,,0,15,,138623,18,,,0,15,,138608,18,,,0,55,,138622,18,,,0,15,,138602,18,,,0,15,,138621,18,,,0,14,,138583,18,,,0,55,,138620,18,,,0,15,,138616,18,,,0,15,,138619,18,,,0,15,,138609,18,,,0,55,,138618,18,,,0,14,,138599,18,,,0,15,,138617,18,,,0,15,,138597,18,,,0,66,,138598,18,,,0,30,,138626,18,,,0,70,,138614,18,,,0,31,,138627,18,,,0,72,,138610,18,,,0,29,,138628,18,,,0,69,,138605,18,,,0,99,,138587,18,,,0
668500,'1',540,,139302,5,,,0,69,,139305,5,,,0,14,,139310,5,,,0,10,,139336,5,,,0,69,,139304,5,,,0,16,,139293,12,,,0,16,,139294,12,,,0,11,,139295,12,,,0,12,,139296,12,,,0,62,,139301,12,,,0,12,,139299,12,,,0,17,,139321,12,,,0,59,,139312,12,,,0,30,,139332,12,,,0,66,,139300,12,,,0,20,,139326,12,,,0,31,,139330,12,,,0,67,,139311,12,,,0,25,,139306,12,,,0,72,,139307,12,,,0,30,,139308,12,,,0,71,,139309,12,,,0,29,,139327,12,,,0,70,,139314,12,,,0,27,,139335,12,,,0,66,,139322,12,,,0,25,,139292,12,,,0,13,,139303,12,,,0,57,,139297,12,,,0,13,,139298,12,,,0,30,,139337,12,,,0,65,,139328,12,,,0,11,,139320,12,,,0,12,,139323,12,,,0,5,,139315,12,,,0,11,,139316,12,,,0,58,,139317,12,,,0,16,,139318,12,,,0,17,,139324,12,,,0,61,,139319,12,,,0,28,,139329,12,,,0,98,,139325,12,,,0,96,,139334,12,,,0,105,,139331,12,,,0,98,,139313,12,,,0,100,,139333,12,,,0
668500,'101',1638,,139291,12,,,0,65,,139290,12,,,0
668500,'2',600,,139341,5,,,0,30,,139372,5,,,0,70,,139354,5,,,0,30,,139346,12,,,0,29,,139358,12,,,0,68,,139340,12,,,0,31,,139342,12,,,0,67,,139351,12,,,0,31,,139367,12,,,0,71,,139359,12,,,0,31,,139352,12,,,0,72,,139347,12,,,0,26,,139368,12,,,0,72,,139353,12,,,0,30,,139345,12,,,0,69,,139361,12,,,0,29,,139370,12,,,0,69,,139360,12,,,0,30,,139363,12,,,0,70,,139348,12,,,0,31,,139371,12,,,0,69,,139365,12,,,0,29,,139349,12,,,0,71,,139355,12,,,0,30,,139356,12,,,0,70,,139357,12,,,0,31,,139350,12,,,0,67,,139343,12,,,0,100,,139369,12,,,0,100,,139362,12,,,0,103,,139366,12,,,0,101,,139344,12,,,0,101,,139364,12,,,0
668500,'201',1638,,139338,12,,,0,65,,139339,12,,,0
668500,'3',822,,139381,12,,,0,102,,139380,12,,,0,100,,139391,12,,,0,32,,139385,12,,,0,72,,139384,12,,,0,28,,139389,12,,,0,71,,139390,12,,,0,30,,139388,12,,,0,69,,139387,12,,,0,28,,139392,12,,,0,72,,139396,12,,,0,30,,139393,12,,,0,70,,139395,12,,,0,30,,139397,12,,,0,69,,139375,12,,,0,31,,139394,12,,,0,70,,139376,12,,,0,31,,139398,12,,,0,70,,139373,12,,,0,76,,139374,12,,,0,22,,139382,12,,,0,103,,139378,12,,,0,99,,139379,12,,,0,99,,139386,12,,,0,106,,139383,12,,,0,96,,139377,12,,,0
668600,'1',758,,139509,12,,,0,866,,139514,12,,,0,27,,139513,12,,,0,82,,139512,12,,,0,71,,139510,12,,,0,33,,139511,12,,,0
