667700,'101_merged_15529707',1618,,137782,21,,,0
667700,'1101_merged_15529711',2522,,137783,21,,,0
667700,'1201_merged_15529693',2522,,137784,21,,,0
667700,'1_merged_15529700',620,,137822,21,,,0,29,,137795,21,,,0,73,,137803,21,,,0,28,,137810,21,,,0,73,,137820,21,,,0,29,,137806,21,,,0,79,,137790,21,,,0,24,,137828,21,,,0,88,,137789,21,,,0,71,,137797,21,,,0,28,,137804,21,,,0,69,,137802,21,,,0,31,,137801,21,,,0,70,,137811,21,,,0,30,,137788,21,,,0,71,,137826,21,,,0,14,,137791,21,,,0,32,,137792,21,,,0,66,,137785,21,,,0,20,,137816,21,,,0,55,,137796,21,,,0,27,,137799,21,,,0,21,,137807,21,,,0,11,,137800,21,,,0,58,,137817,21,,,0,13,,137812,21,,,0,19,,137823,21,,,0,59,,137827,21,,,0,13,,137813,21,,,0,16,,137824,21,,,0,12,,137821,21,,,0,52,,137814,21,,,0,13,,137794,21,,,0,12,,137815,21,,,0,14,,137809,21,,,0,15,,137829,21,,,0,57,,137805,21,,,0,16,,137787,21,,,0,15,,137825,21,,,0,14,,137786,21,,,0,68,,137818,21,,,0,27,,137808,21,,,0,69,,137798,21,,,0,30,,137831,21,,,0,68,,137819,21,,,0,30,,137830,21,,,0,70,,137793,21,,,0
667700,'201',1618,,137832,21,,,0
667700,'2_merged_15529702',653,,137860,21,,,0,66,,137861,21,,,0,32,,137840,21,,,0,70,,137868,21,,,0,30,,137869,21,,,0,71,,137836,21,,,0,30,,137866,21,,,0,70,,137843,21,,,0,33,,137874,21,,,0,70,,137838,21,,,0,27,,137873,21,,,0,73,,137875,21,,,0,30,,137841,21,,,0,70,,137839,21,,,0,34,,137878,21,,,0,56,,137849,21,,,0,18,,137876,21,,,0,22,,137834,21,,,0,59,,137859,21,,,0,20,,137865,21,,,0,21,,137864,21,,,0,59,,137858,21,,,0,20,,137835,21,,,0,22,,137842,21,,,0,59,,137857,21,,,0,24,,137877,21,,,0,19,,137844,21,,,0,60,,137856,21,,,0,23,,137870,21,,,0,59,,137867,21,,,0,24,,137855,21,,,0,16,,137848,21,,,0,14,,137845,21,,,0,55,,137863,21,,,0,16,,137854,21,,,0,30,,137871,21,,,0,70,,137862,21,,,0,30,,137846,21,,,0,69,,137851,21,,,0,30,,137850,21,,,0,68,,137872,21,,,0,30,,137853,21,,,0,69,,137837,21,,,0,32,,137852,21,,,0,66,,137847,21,,,0,36,,137833,21,,,0
667700,'3_merged_15529701',823,,137896,21,,,0,30,,137890,21,,,0,70,,137899,21,,,0,31,,137889,21,,,0,69,,137897,21,,,0,30,,137888,21,,,0,68,,137898,21,,,0,33,,137879,21,,,0,70,,137900,21,,,0,30,,137887,21,,,0,72,,137883,21,,,0,30,,137895,21,,,0,71,,137902,21,,,0,28,,137894,21,,,0,56,,137916,21,,,0,29,,137903,21,,,0,15,,137893,21,,,0,55,,137915,21,,,0,31,,137906,21,,,0,16,,137892,21,,,0,55,,137914,21,,,0,31,,137904,21,,,0,14,,137891,21,,,0,57,,137913,21,,,0,28,,137901,21,,,0,14,,137886,21,,,0,57,,137912,21,,,0,28,,137881,21,,,0,15,,137885,21,,,0,58,,137911,21,,,0,25,,137880,21,,,0,17,,137884,21,,,0,69,,137882,21,,,0,30,,137910,21,,,0,69,,137907,21,,,0,30,,137909,21,,,0,70,,137905,21,,,0,34,,137908,21,,,0
683700,'1101_merged_15529711',2700,,155444,48,,,0
683700,'1201_merged_15529693',2700,,155445,48,,,0
683700,'1_merged_15529700',2540,,155452,48,,,0,60,,155451,48,,,0,20,,155447,48,,,0,29,,155450,48,,,0,74,,155449,48,,,0,19,,155448,48,,,0,68,,155446,48,,,0
683700,'2_merged_15529702',528,,155461,22,,,0,2019,,155455,48,,,0,62,,155460,48,,,0,14,,155454,48,,,0,19,,155459,48,,,0,60,,155456,48,,,0,30,,155458,48,,,0,12,,155457,48,,,0,74,,155453,48,,,0
683700,'3_merged_15529701',558,,155470,22,,,0,74,,155471,22,,,0,71,,155472,22,,,0,31,,155473,42,,,0,1688,,155466,48,,,0,34,,155465,48,,,0,68,,155464,48,,,0,79,,155463,48,,,0,29,,155462,48,,,0,21,,155469,48,,,0,88,,155468,48,,,0,67,,155467,48,,,0
