669900,'1',431,,24607,,,0,71,,24608,,,0,20,,24609,,,0,22,,24610,,,0,59,,24611,,,0,15,,24612,,,0,13,,24613,,,0,19,,24617,,,0,56,,24614,,,0,15,,24615,,,0,16,,24616,,,0,15,,24618,,,0,60,,24606,,,0
671301,'1',518,,28738,,,0,16,,28739,,,0,16,,28740,,,0,56,,28742,,,0,16,,28743,,,0,15,,28744,,,0,15,,28745,,,0,56,,28746,,,0,16,,28756,,,0,16,,28747,,,0,16,,28748,,,0,55,,28761,,,0,15,,28762,,,0,18,,28757,,,0,60,,28763,,,0,20,,28765,,,0,19,,28772,,,0,60,,28766,,,0,30,,28767,,,0,70,,28768,,,0,30,,28769,,,0,70,,28770,,,0,30,,28771,,,0,70,,28749,,,0,30,,28750,,,0,70,,28751,,,0,28,,28752,,,0,27,,28764,,,0,64,,28758,,,0,15,,28753,,,0,15,,28741,,,0,55,,28754,,,0,15,,28759,,,0,15,,28755,,,0,15,,28724,,,0,55,,28730,,,0,15,,28722,,,0,16,,28731,,,0,15,,28725,,,0,54,,28732,,,0,15,,28723,,,0,16,,28733,,,0,15,,28773,,,0,55,,28734,,,0,15,,28774,,,0,15,,28726,,,0,15,,28775,,,0,55,,28735,,,0,15,,28776,,,0,15,,28727,,,0,20,,28777,,,0,60,,28736,,,0,20,,28729,,,0,20,,28778,,,0,60,,28728,,,0,20,,28779,,,0,66,,28737,,,0,32,,28780,,,0,70,,28760,,,0,32,,28781,,,0
671301,'2',539,,28803,,,0,61,,28821,,,0,21,,28796,,,0,20,,28814,,,0,60,,28820,,,0,20,,28795,,,0,21,,28802,,,0,61,,28819,,,0,20,,28786,,,0,21,,28793,,,0,61,,28822,,,0,22,,28815,,,0,30,,28792,,,0,70,,28785,,,0,30,,28791,,,0,70,,28784,,,0,30,,28783,,,0,70,,28782,,,0,31,,28798,,,0,69,,28797,,,0,30,,28813,,,0,70,,28812,,,0,31,,28811,,,0,72,,28810,,,0,21,,28818,,,0,63,,28809,,,0,21,,28808,,,0,23,,28817,,,0,59,,28807,,,0,21,,28806,,,0,69,,28816,,,0,30,,28805,,,0,70,,28804,,,0,30,,28794,,,0,70,,28801,,,0,30,,28800,,,0,70,,28790,,,0,30,,28799,,,0,70,,28789,,,0,94,,28788,,,0,104,,28787,,,0
671301,'3',545,,28853,,,0,73,,28825,,,0,23,,28826,,,0,60,,28827,,,0,20,,28855,,,0,20,,28854,,,0,60,,28836,,,0,20,,28856,,,0,20,,28829,,,0,60,,28857,,,0,30,,28837,,,0,70,,28830,,,0,30,,28838,,,0,70,,28831,,,0,30,,28839,,,0,70,,28840,,,0,30,,28841,,,0,70,,28842,,,0,30,,28843,,,0,70,,28844,,,0,30,,28845,,,0,70,,28846,,,0,30,,28847,,,0,70,,28848,,,0,30,,28849,,,0,70,,28859,,,0,31,,28858,,,0,70,,28850,,,0,30,,28851,,,0,70,,28852,,,0,30,,28828,,,0,70,,28823,,,0,30,,28824,,,0,70,,28832,,,0,98,,28833,,,0,110,,28834,,,0,100,,28835,,,0
682201,'1',531,,37663,,,0,20,,37674,,,0,53,,37653,,,0,7,,37679,,,0,16,,37664,,,0,20,,37680,,,0,60,,37683,,,0,20,,37684,,,0,25,,37665,,,0,62,,37681,,,0,31,,37666,,,0,67,,37658,,,0,30,,37667,,,0,70,,37659,,,0,25,,37668,,,0,69,,37660,,,0,31,,37669,,,0,72,,37661,,,0,32,,37670,,,0,71,,37662,,,0,33,,37671,,,0,70,,37678,,,0,10,,37655,,,0,11,,37685,,,0,20,,37672,,,0,61,,37682,,,0,22,,37686,,,0,20,,37675,,,0,51,,37654,,,0,13,,37656,,,0,21,,37687,,,0,60,,37676,,,0,20,,37657,,,0,20,,37688,,,0,60,,37677,,,0,24,,37673,,,0,23,,37689,,,0,70,,37690,,,0,80,,37691,,,0,40,,37692,,,0,100,,37693,,,0
682201,'2',644,,37707,,,0,75,,37708,,,0,18,,37722,,,0,13,,37704,,,0,70,,37695,,,0,28,,37694,,,0,70,,37706,,,0,30,,37709,,,0,69,,37696,,,0,29,,37710,,,0,70,,37697,,,0,30,,37711,,,0,71,,37698,,,0,30,,37712,,,0,71,,37699,,,0,13,,37723,,,0,20,,37713,,,0,68,,37700,,,0,32,,37714,,,0,72,,37701,,,0,5,,37724,,,0,24,,37715,,,0,72,,37702,,,0,31,,37716,,,0,72,,37703,,,0,30,,37717,,,0,67,,37705,,,0,30,,37718,,,0,67,,37719,,,0,27,,37720,,,0,71,,37721,,,0,100,,37725,,,0
682201,'3',713,,37738,,,0,25,,37753,,,0,12,,37727,,,0,70,,37728,,,0,30,,37726,,,0,69,,37729,,,0,30,,37740,,,0,70,,37730,,,0,28,,37741,,,0,70,,37731,,,0,30,,37742,,,0,70,,37732,,,0,29,,37743,,,0,70,,37733,,,0,5,,37754,,,0,26,,37744,,,0,70,,37734,,,0,30,,37745,,,0,71,,37735,,,0,6,,37755,,,0,26,,37746,,,0,69,,37736,,,0,29,,37747,,,0,71,,37737,,,0,28,,37748,,,0,70,,37739,,,0,31,,37749,,,0,69,,37750,,,0,30,,37751,,,0,72,,37752,,,0,100,,37756,,,0
1169200,'1',459,,39971,,,0,58,,39972,,,0,18,,39989,,,0,18,,39973,,,0,59,,39970,,,0,15,,40006,,,0,15,,39990,,,0,17,,39969,,,0,55,,40007,,,0,15,,39968,,,0,15,,39991,,,0,15,,40010,,,0,55,,39967,,,0,15,,39966,,,0,18,,39992,,,0,60,,39965,,,0,20,,39993,,,0,20,,39964,,,0,60,,39963,,,0,20,,39994,,,0,20,,39957,,,0,60,,39983,,,0,20,,39995,,,0,20,,39975,,,0,61,,39974,,,0,20,,39996,,,0,20,,39962,,,0,60,,39961,,,0,20,,39997,,,0,20,,39960,,,0,60,,39959,,,0,20,,39958,,,0,20,,39998,,,0,60,,39956,,,0,20,,39988,,,0,20,,39999,,,0,59,,39987,,,0,15,,40000,,,0,16,,39986,,,0,15,,40003,,,0,54,,39985,,,0,14,,40001,,,0,17,,39984,,,0,17,,40004,,,0,55,,39982,,,0,18,,40002,,,0,20,,39981,,,0,60,,39980,,,0,20,,40005,,,0,24,,39979,,,0,69,,39978,,,0,30,,39977,,,0,72,,39976,,,0,98,,40008,,,0,98,,40009,,,0
1169200,'2',532,,40049,,,0,68,,40023,,,0,22,,40055,,,0,22,,40022,,,0,62,,40024,,,0,22,,40025,,,0,20,,40038,,,0,60,,40026,,,0,20,,40027,,,0,20,,40039,,,0,60,,40028,,,0,20,,40029,,,0,20,,40040,,,0,60,,40030,,,0,20,,40031,,,0,20,,40041,,,0,60,,40032,,,0,20,,40020,,,0,20,,40042,,,0,60,,40033,,,0,20,,40043,,,0,21,,40034,,,0,61,,40035,,,0,21,,40044,,,0,21,,40036,,,0,60,,40037,,,0,20,,40045,,,0,20,,40012,,,0,60,,40021,,,0,20,,40046,,,0,20,,40013,,,0,60,,40014,,,0,20,,40050,,,0,20,,40047,,,0,60,,40015,,,0,20,,40016,,,0,20,,40017,,,0,60,,40048,,,0,22,,40018,,,0,70,,40019,,,0,30,,40011,,,0,100,,40051,,,0,99,,40052,,,0,100,,40053,,,0,100,,40054,,,0
1169200,'3',549,,40094,,,0,70,,40082,,,0,32,,40067,,,0,72,,40066,,,0,32,,40068,,,0,72,,40069,,,0,32,,40070,,,0,72,,40071,,,0,70,,40072,,,0,30,,40078,,,0,70,,40073,,,0,31,,40074,,,0,70,,40075,,,0,30,,40076,,,0,70,,40077,,,0,23,,40079,,,0,20,,40084,,,0,60,,40080,,,0,20,,40081,,,0,20,,40085,,,0,60,,40056,,,0,20,,40057,,,0,20,,40086,,,0,60,,40058,,,0,20,,40059,,,0,20,,40087,,,0,60,,40060,,,0,20,,40061,,,0,20,,40088,,,0,60,,40062,,,0,20,,40063,,,0,20,,40089,,,0,66,,40064,,,0,25,,40065,,,0,66,,40083,,,0,55,,40090,,,0,100,,40091,,,0,100,,40092,,,0,101,,40093,,,0
