665900,'101_merged_15524965',1634,,75738,27,4,,0
665900,'1_merged_15524958',527,,75741,27,4,,0,95,,75742,27,4,,0,32,,75740,27,4,,0,72,,75743,27,4,,0,30,,75745,27,4,,0,70,,75746,27,4,,0,31,,75747,27,4,,0,69,,75748,27,4,,0,29,,75749,27,4,,0,70,,75744,27,4,,0,30,,75750,27,4,,0,70,,75751,27,4,,0,30,,75752,27,4,,0,70,,75753,27,4,,0,30,,75754,27,4,,0,71,,75755,27,4,,0,29,,75756,27,4,,0,74,,75757,27,4,,0,75,,75759,27,4,,0,30,,75760,27,4,,0,25,,75761,27,4,,0,68,,75780,27,4,,0,73,,75762,27,4,,0,30,,75763,27,4,,0,28,,75764,27,4,,0,70,,75765,27,4,,0,28,,75766,27,4,,0,68,,75767,27,4,,0,32,,75768,27,4,,0,70,,75769,27,4,,0,30,,75770,27,4,,0,68,,75771,27,4,,0,30,,75772,27,4,,0,69,,75773,27,4,,0,30,,75774,27,4,,0,68,,75775,27,4,,0,30,,75776,27,4,,0,70,,75777,27,4,,0,30,,75778,27,4,,0,68,,75779,27,4,,0,30,,75739,27,4,,0,66,,75758,27,4,,0
665900,'2_merged_15524960',646,,75781,27,4,,0,69,,75782,27,4,,0,31,,75783,27,4,,0,72,,75784,27,4,,0,31,,75785,27,4,,0,71,,75786,27,4,,0,30,,75787,27,4,,0,65,,75788,27,4,,0,29,,75789,27,4,,0,71,,75790,27,4,,0,32,,75791,27,4,,0,70,,75792,27,4,,0,30,,75793,27,4,,0,69,,75794,27,4,,0,30,,75795,27,4,,0,69,,75796,27,4,,0,31,,75797,27,4,,0,69,,75798,27,4,,0,31,,75799,27,4,,0,68,,75800,27,4,,0,33,,75801,27,4,,0,69,,75802,27,4,,0,31,,75803,27,4,,0,67,,75804,27,4,,0,33,,75805,27,4,,0,69,,75806,27,4,,0,32,,75807,27,4,,0,76,,75808,27,4,,0,29,,75809,27,4,,0,71,,75810,27,4,,0,30,,75820,27,4,,0,72,,75811,27,4,,0,22,,75819,27,4,,0,70,,75812,27,4,,0,30,,75818,27,4,,0,69,,75813,27,4,,0,30,,75817,27,4,,0,70,,75814,27,4,,0,27,,75816,27,4,,0,73,,75815,27,4,,0
665900,'3_merged_15524959',743,,75850,27,4,,0,71,,75842,27,4,,0,30,,75843,27,4,,0,70,,75844,27,4,,0,31,,75830,27,4,,0,69,,75831,27,4,,0,32,,75832,27,4,,0,70,,75851,27,4,,0,30,,75845,27,4,,0,70,,75846,27,4,,0,30,,75828,27,4,,0,70,,75854,27,4,,0,31,,75855,27,4,,0,70,,75856,27,4,,0,30,,75825,27,4,,0,70,,75829,27,4,,0,30,,75852,27,4,,0,69,,75853,27,4,,0,31,,75839,27,4,,0,70,,75821,27,4,,0,30,,75833,27,4,,0,70,,75841,27,4,,0,28,,75835,27,4,,0,70,,75827,27,4,,0,30,,75848,27,4,,0,70,,75847,27,4,,0,30,,75826,27,4,,0,70,,75849,27,4,,0,28,,75834,27,4,,0,70,,75836,27,4,,0,30,,75822,27,4,,0,70,,75837,27,4,,0,30,,75823,27,4,,0,70,,75824,27,4,,0,27,,75838,27,4,,0,70,,75840,27,4,,0
666000,'101_merged_15524965',908,,75977,43,4,,0,648,,75978,44,4,,0,51,,75979,43,4,,0,21,,75980,41,4,,0
666000,'1_merged_15524958',619,,75992,41,4,,0,22,,75986,40,4,,0,15,,75985,41,4,,0,63,,75984,40,4,,0,19,,75996,41,4,,0,16,,75989,40,4,,0,59,,75983,41,4,,0,12,,75982,40,4,,0,21,,75990,41,4,,0,71,,75981,41,4,,0,28,,76024,40,4,,0,68,,76023,40,4,,0,29,,76022,40,4,,0,71,,76021,40,4,,0,34,,76020,40,4,,0,67,,76019,40,4,,0,30,,76018,40,4,,0,70,,76017,40,4,,0,30,,76016,40,4,,0,71,,76015,40,4,,0,31,,76014,40,4,,0,70,,76013,40,4,,0,20,,76012,40,4,,0,100,,75993,40,4,,0,11,,76011,41,4,,0,54,,76010,40,4,,0,18,,76009,41,4,,0,10,,76008,40,4,,0,21,,76007,41,4,,0,50,,76006,40,4,,0,19,,76005,41,4,,0,9,,76004,40,4,,0,16,,76003,41,4,,0,15,,75995,40,4,,0,51,,76002,41,4,,0,18,,76001,40,4,,0,12,,76000,40,4,,0,74,,75999,40,4,,0,30,,75988,40,4,,0,72,,75991,40,4,,0,28,,75998,40,4,,0,100,,75997,40,4,,0,96,,75994,40,4,,0,105,,75987,40,4,,0
666000,'2_merged_15524960',704,,76025,40,4,,0,45,,76026,40,4,,0,61,,76027,40,4,,0,31,,76028,40,4,,0,72,,76029,40,4,,0,33,,76030,40,4,,0,70,,76031,40,4,,0,30,,76032,40,4,,0,70,,76033,40,4,,0,30,,76034,40,4,,0,59,,76057,40,4,,0,20,,76035,40,4,,0,21,,76036,40,4,,0,60,,76058,40,4,,0,20,,76037,40,4,,0,20,,76038,40,4,,0,60,,76039,40,4,,0,20,,76059,40,4,,0,18,,76040,40,4,,0,60,,76041,40,4,,0,20,,76062,40,4,,0,23,,76042,40,4,,0,58,,76043,40,4,,0,20,,76060,40,4,,0,23,,76044,40,4,,0,57,,76045,40,4,,0,20,,76061,40,4,,0,23,,76046,40,4,,0,56,,76047,40,4,,0,20,,76063,40,4,,0,20,,76048,40,4,,0,70,,76049,40,4,,0,30,,76050,40,4,,0,70,,76051,40,4,,0,28,,76052,40,4,,0,68,,76064,40,4,,0,30,,76053,40,4,,0,100,,76054,40,4,,0,100,,76055,40,4,,0,99,,76056,40,4,,0
666000,'3_merged_15524959',811,,76083,40,4,,0,100,,76084,40,4,,0,31,,76085,40,4,,0,70,,76086,40,4,,0,31,,76087,40,4,,0,72,,76088,40,4,,0,30,,76089,40,4,,0,70,,76090,40,4,,0,30,,76091,40,4,,0,70,,76092,40,4,,0,30,,76093,40,4,,0,70,,76065,40,4,,0,30,,76066,40,4,,0,70,,76067,40,4,,0,30,,76068,40,4,,0,71,,76069,40,4,,0,30,,76070,40,4,,0,70,,76071,40,4,,0,30,,76072,40,4,,0,70,,76073,40,4,,0,30,,76074,40,4,,0,66,,76075,40,4,,0,30,,76076,40,4,,0,70,,76077,40,4,,0,25,,76078,40,4,,0,70,,76079,40,4,,0,23,,76095,40,4,,0,70,,76081,40,4,,0,100,,76080,40,4,,0,55,,76094,40,4,,0,100,,76082,40,4,,0
666001,'101_merged_15524965',834,,76096,1,0,55 56 57,0,678,,76097,1,0,55 56 57,0
666001,'1_merged_15524958',520,,76130,1,,,0,17,,76129,1,,,0,18,,76128,1,,,0,58,,76127,1,,,0,15,,76126,1,,,0,13,,76125,1,,,0,18,,76124,1,,,0,51,,76123,1,,,0,17,,76122,1,,,0,20,,76133,1,,,0,55,,76132,1,,,0,17,,76121,1,,,0,34,,76120,1,,,0,70,,76119,1,,,0,30,,76118,1,,,0,69,,76117,1,,,0,30,,76116,1,,,0,70,,76115,1,,,0,35,,76114,1,,,0,70,,76113,1,,,0,30,,76112,1,,,0,69,,76111,1,,,0,30,,76110,1,,,0,65,,76109,1,,,0,14,,76144,1,,,0,20,,76138,1,,,0,71,,76135,1,,,0,16,,76108,1,,,0,59,,76134,1,,,0,11,,76107,1,,,0,21,,76106,1,,,0,8,,76105,1,,,0,14,,76104,1,,,0,54,,76103,1,,,0,16,,76102,1,,,0,15,,76101,1,,,0,15,,76100,1,,,0,55,,76099,1,,,0,21,,76143,1,,,0,24,,76137,1,,,0,57,,76142,1,,,0,30,,76141,1,,,0,69,,76098,1,,,0,29,,76131,1,,,0,100,,76140,1,,,0,99,,76139,1,,,0,108,,76136,1,,,0
666001,'2_merged_15524960',628,,76145,1,,,0,97,,76146,1,,,0,30,,76147,1,,,0,70,,76148,1,,,0,30,,76149,1,,,0,70,,76150,1,,,0,30,,76151,1,,,0,70,,76152,1,,,0,30,,76153,1,,,0,60,,76154,1,,,0,20,,76176,1,,,0,20,,76155,1,,,0,60,,76156,1,,,0,20,,76177,1,,,0,20,,76157,1,,,0,60,,76158,1,,,0,20,,76178,1,,,0,20,,76159,1,,,0,60,,76160,1,,,0,20,,76179,1,,,0,20,,76161,1,,,0,60,,76162,1,,,0,20,,76180,1,,,0,20,,76163,1,,,0,60,,76164,1,,,0,20,,76181,1,,,0,20,,76165,1,,,0,60,,76166,1,,,0,20,,76182,1,,,0,20,,76167,1,,,0,70,,76168,1,,,0,30,,76169,1,,,0,70,,76170,1,,,0,30,,76171,1,,,0,70,,76183,1,,,0,30,,76172,1,,,0,100,,76173,1,,,0,100,,76174,1,,,0,100,,76175,1,,,0
666001,'3_merged_15524959',700,,76191,1,,,0,100,,76192,1,,,0,30,,76193,1,,,0,70,,76194,1,,,0,30,,76190,1,,,0,70,,76195,1,,,0,30,,76197,1,,,0,70,,76198,1,,,0,30,,76199,1,,,0,70,,76200,1,,,0,30,,76201,1,,,0,70,,76202,1,,,0,30,,76203,1,,,0,70,,76204,1,,,0,30,,76205,1,,,0,70,,76206,1,,,0,30,,76207,1,,,0,70,,76208,1,,,0,30,,76209,1,,,0,70,,76210,1,,,0,30,,76211,1,,,0,70,,76212,1,,,0,30,,76184,1,,,0,70,,76196,1,,,0,30,,76185,1,,,0,70,,76186,1,,,0,30,,76214,1,,,0,70,,76187,1,,,0,100,,76189,1,,,0,57,,76213,1,,,0,101,,76188,1,,,0
666100,'101_merged_15524965',1539,,76215,18,4,,0
666100,'1_merged_15524958',603,,76245,35,4,,0,15,,76246,35,4,,0,15,,76247,35,4,,0,15,,76248,35,4,,0,55,,76249,35,4,,0,17,,76250,35,4,,0,18,,76251,35,4,,0,11,,76252,35,4,,0,61,,76253,35,4,,0,15,,76254,35,4,,0,16,,76255,35,4,,0,14,,76256,35,4,,0,58,,76257,35,4,,0,14,,76258,35,4,,0,29,,76259,35,4,,0,70,,76260,35,4,,0,30,,76261,35,4,,0,70,,76262,35,4,,0,30,,76263,35,4,,0,69,,76216,35,4,,0,31,,76217,35,4,,0,71,,76218,35,4,,0,30,,76219,35,4,,0,70,,76220,35,4,,0,30,,76221,35,4,,0,72,,76222,35,4,,0,15,,76223,35,4,,0,14,,76224,35,4,,0,52,,76225,35,4,,0,18,,76226,35,4,,0,13,,76227,35,4,,0,17,,76228,35,4,,0,57,,76229,35,4,,0,13,,76230,35,4,,0,15,,76231,35,4,,0,15,,76232,35,4,,0,52,,76233,35,4,,0,15,,76234,35,4,,0,11,,76235,35,4,,0,18,,76236,35,4,,0,59,,76237,35,4,,0,20,,76238,35,4,,0,69,,76239,35,4,,0,28,,76240,35,4,,0,70,,76241,35,4,,0,30,,76242,35,4,,0,70,,76243,35,4,,0,26,,76244,35,4,,0,100,,76264,35,4,,0
666100,'2_merged_15524960',625,,76272,35,4,,0,30,,76276,35,4,,0,70,,76270,35,4,,0,32,,76273,35,4,,0,70,,76274,35,4,,0,32,,76271,35,4,,0,70,,76267,35,4,,0,71,,76278,35,4,,0,30,,76266,35,4,,0,70,,76265,35,4,,0,31,,76289,35,4,,0,70,,76293,35,4,,0,30,,76269,35,4,,0,70,,76292,35,4,,0,32,,76291,35,4,,0,71,,76290,35,4,,0,30,,76277,35,4,,0,70,,76295,35,4,,0,30,,76288,35,4,,0,70,,76280,35,4,,0,30,,76294,35,4,,0,68,,76287,35,4,,0,30,,76286,35,4,,0,70,,76285,35,4,,0,29,,76284,35,4,,0,69,,76283,35,4,,0,30,,76268,35,4,,0,70,,76282,35,4,,0,30,,76296,35,4,,0,70,,76281,35,4,,0,30,,76297,35,4,,0,70,,76275,35,4,,0,30,,76298,35,4,,0,70,,76279,35,4,,0,58,,76299,35,4,,0
666100,'3_merged_15524959',757,,76301,35,4,,0,70,,76317,35,4,,0,30,,76302,35,4,,0,71,,76318,35,4,,0,30,,76303,35,4,,0,71,,76319,35,4,,0,72,,76304,35,4,,0,31,,76320,35,4,,0,70,,76305,35,4,,0,30,,76321,35,4,,0,70,,76306,35,4,,0,31,,76322,35,4,,0,70,,76307,35,4,,0,30,,76323,35,4,,0,70,,76308,35,4,,0,30,,76324,35,4,,0,69,,76309,35,4,,0,30,,76325,35,4,,0,70,,76310,35,4,,0,30,,76326,35,4,,0,70,,76311,35,4,,0,29,,76327,35,4,,0,69,,76312,35,4,,0,30,,76300,35,4,,0,70,,76313,35,4,,0,28,,76328,35,4,,0,72,,76314,35,4,,0,30,,76329,35,4,,0,70,,76315,35,4,,0,100,,76316,35,4,,0,100,,76330,35,4,,0
666600,'101_merged_15524965',844,,77378,48,4,,0,5,,77376,48,4,,0,869,,77377,44,4,,0
666600,'1_merged_15524958',557,,77417,26,4,,0,80,,77416,47,4,,0,72,,77399,47,4,,0,28,,77415,47,4,,0,64,,77414,47,4,,0,25,,77413,44,4,,0,86,,77412,44,4,,0,28,,77411,44,4,,0,70,,77410,44,4,,0,29,,77409,44,4,,0,69,,77395,44,4,,0,30,,77394,44,4,,0,72,,77393,44,4,,0,30,,77408,44,4,,0,69,,77392,44,4,,0,30,,77407,44,4,,0,72,,77406,44,4,,0,30,,77405,44,4,,0,76,,77404,44,4,,0,37,,77391,44,4,,0,70,,77390,44,4,,0,19,,77420,44,4,,0,16,,77381,44,4,,0,71,,77419,44,4,,0,15,,77403,44,4,,0,55,,77380,44,4,,0,14,,77402,44,4,,0,13,,77401,44,4,,0,13,,77400,44,4,,0,12,,77379,44,4,,0,55,,77398,44,4,,0,16,,77389,44,4,,0,30,,77397,44,4,,0,70,,77396,44,4,,0,29,,77382,44,4,,0,70,,77383,44,4,,0,28,,77421,44,4,,0,70,,77384,44,4,,0,92,,77385,44,4,,0,44,,77386,44,4,,0,81,,77387,44,4,,0,81,,77388,44,4,,0,82,,77418,44,4,,0
666600,'2_merged_15524960',730,,77422,44,4,,0,71,,77423,44,4,,0,30,,77424,44,4,,0,70,,77425,44,4,,0,34,,77426,44,4,,0,71,,77427,44,4,,0,30,,77428,44,4,,0,70,,77429,44,4,,0,32,,77430,44,4,,0,71,,77431,44,4,,0,30,,77432,44,4,,0,71,,77433,44,4,,0,30,,77434,44,4,,0,72,,77435,44,4,,0,30,,77436,44,4,,0,70,,77437,44,4,,0,30,,77438,44,4,,0,70,,77439,44,4,,0,29,,77440,44,4,,0,67,,77441,44,4,,0,30,,77442,44,4,,0,70,,77443,44,4,,0,29,,77444,44,4,,0,70,,77445,44,4,,0,30,,77446,44,4,,0,65,,77447,44,4,,0,30,,77455,44,4,,0,70,,77448,44,4,,0,30,,77456,44,4,,0,70,,77449,44,4,,0,57,,77450,44,4,,0,99,,77451,44,4,,0,99,,77452,44,4,,0,99,,77453,44,4,,0,74,,77454,44,4,,0
666600,'3_merged_15524959',744,,77473,44,4,,0,98,,77474,44,4,,0,101,,77457,44,4,,0,70,,77482,44,4,,0,32,,77458,44,4,,0,70,,77483,44,4,,0,31,,77459,44,4,,0,70,,77475,44,4,,0,31,,77460,44,4,,0,70,,77476,44,4,,0,30,,77461,44,4,,0,70,,77477,44,4,,0,30,,77462,44,4,,0,69,,77478,44,4,,0,30,,77463,44,4,,0,70,,77479,44,4,,0,30,,77464,44,4,,0,70,,77480,44,4,,0,30,,77465,44,4,,0,70,,77481,44,4,,0,29,,77466,44,4,,0,67,,77484,44,4,,0,31,,77467,44,4,,0,67,,77485,44,4,,0,29,,77468,44,4,,0,69,,77486,44,4,,0,30,,77469,44,4,,0,100,,77470,44,4,,0,97,,77471,44,4,,0,109,,77472,44,4,,0
666800,'1_merged_15524958',608,,77998,18,4,,0,30,,78030,18,4,,0,71,,77999,18,4,,0,32,,78031,18,4,,0,72,,78000,18,4,,0,33,,78032,18,4,,0,70,,78001,18,4,,0,30,,78033,18,4,,0,66,,78002,18,4,,0,30,,78034,18,4,,0,69,,78003,18,4,,0,30,,78035,18,4,,0,70,,78004,18,4,,0,32,,78036,18,4,,0,70,,78005,18,4,,0,31,,78008,18,4,,0,71,,78006,18,4,,0,30,,78009,18,4,,0,70,,78007,18,4,,0,30,,78010,18,4,,0,82,,78019,18,4,,0,25,,78011,18,4,,0,66,,78020,18,4,,0,30,,78012,18,4,,0,67,,78021,18,4,,0,27,,78013,18,4,,0,59,,78022,18,4,,0,24,,78014,18,4,,0,29,,78023,18,4,,0,70,,78015,18,4,,0,30,,78024,18,4,,0,70,,78016,18,4,,0,30,,78025,18,4,,0,68,,78017,18,4,,0,30,,78026,18,4,,0,67,,78018,18,4,,0,100,,78027,18,4,,0,100,,78028,18,4,,0,100,,78029,18,4,,0
666800,'2_merged_15524960',610,,78037,18,4,,0,37,,78038,18,4,,0,66,,78039,18,4,,0,30,,78040,18,4,,0,70,,78041,18,4,,0,30,,78042,18,4,,0,72,,78043,18,4,,0,31,,78044,18,4,,0,70,,78045,18,4,,0,32,,78046,18,4,,0,70,,78047,18,4,,0,30,,78048,18,4,,0,71,,78049,18,4,,0,30,,78050,18,4,,0,71,,78051,18,4,,0,30,,78052,18,4,,0,70,,78053,18,4,,0,30,,78054,18,4,,0,70,,78055,18,4,,0,30,,78056,18,4,,0,69,,78057,18,4,,0,30,,78058,18,4,,0,70,,78059,18,4,,0,29,,78060,18,4,,0,70,,78061,18,4,,0,28,,78062,18,4,,0,70,,78063,18,4,,0,28,,78064,18,4,,0,70,,78065,18,4,,0,30,,78066,18,4,,0,70,,78067,18,4,,0,29,,78068,18,4,,0,70,,78069,18,4,,0,34,,78070,18,4,,0,75,,78071,18,4,,0,30,,78072,18,4,,0,68,,78073,18,4,,0,30,,78074,18,4,,0,70,,78075,18,4,,0,30,,78076,18,4,,0,70,,78077,18,4,,0
666800,'3_merged_15524959',613,,78079,18,4,,0,30,,78080,18,4,,0,71,,78113,18,4,,0,30,,78114,18,4,,0,73,,78081,18,4,,0,31,,78082,18,4,,0,70,,78083,18,4,,0,32,,78084,18,4,,0,70,,78085,18,4,,0,30,,78086,18,4,,0,72,,78087,18,4,,0,30,,78088,18,4,,0,70,,78089,18,4,,0,30,,78090,18,4,,0,70,,78091,18,4,,0,31,,78092,18,4,,0,70,,78093,18,4,,0,30,,78094,18,4,,0,71,,78095,18,4,,0,30,,78096,18,4,,0,69,,78097,18,4,,0,30,,78098,18,4,,0,70,,78099,18,4,,0,30,,78100,18,4,,0,67,,78101,18,4,,0,30,,78102,18,4,,0,70,,78103,18,4,,0,30,,78104,18,4,,0,69,,78105,18,4,,0,30,,78106,18,4,,0,69,,78107,18,4,,0,31,,78108,18,4,,0,65,,78109,18,4,,0,33,,78110,18,4,,0,69,,78111,18,4,,0,26,,78112,18,4,,0,73,,78078,18,4,,0
674901,'101_merged_15524965',1611,,92490,38,4,,0,8,,92489,52,4,,0
674901,'1_merged_15524958',431,,92503,38,4,,0,72,,92532,38,4,,0,22,,92533,52,4,,0,32,,92534,52,4,,0,50,,92535,38,4,,0,20,,92492,52,4,,0,9,,92536,38,4,,0,64,,92537,52,4,,0,15,,92538,52,4,,0,21,,92539,52,4,,0,8,,92499,52,4,,0,62,,92540,52,4,,0,11,,92541,52,4,,0,21,,92542,52,4,,0,17,,92543,52,4,,0,55,,92544,38,4,,0,14,,92545,52,4,,0,15,,92546,52,4,,0,12,,92547,38,4,,0,54,,92500,52,4,,0,16,,92548,38,4,,0,15,,92549,52,4,,0,14,,92550,38,4,,0,55,,92551,52,4,,0,17,,92552,38,4,,0,15,,92553,52,4,,0,8,,92554,39,4,,0,57,,92555,52,4,,0,16,,92556,38,4,,0,16,,92557,52,4,,0,15,,92558,38,4,,0,55,,92559,52,4,,0,15,,92560,38,4,,0,15,,92561,52,4,,0,15,,92562,38,4,,0,58,,92563,52,4,,0,20,,92564,38,4,,0,15,,92565,52,4,,0,17,,92521,38,4,,0,54,,92522,52,4,,0,25,,92498,52,4,,0,20,,92523,52,4,,0,67,,92524,52,4,,0,18,,92525,52,4,,0,7,,92526,39,4,,0,5,,92527,52,4,,0,57,,92528,52,4,,0,15,,92529,52,4,,0,15,,92530,52,4,,0,15,,92531,52,4,,0,51,,92494,52,4,,0,11,,92497,52,4,,0,13,,92519,52,4,,0,13,,92506,52,4,,0,13,,92507,52,4,,0,58,,92508,52,4,,0,12,,92509,52,4,,0,15,,92510,52,4,,0,11,,92511,52,4,,0,55,,92501,52,4,,0,18,,92493,52,4,,0,14,,92505,52,4,,0,15,,92512,52,4,,0,68,,92513,52,4,,0,30,,92514,52,4,,0,56,,92515,39,4,,0,17,,92495,52,4,,0,18,,92520,52,4,,0,61,,92504,39,4,,0,19,,92516,52,4,,0,23,,92517,52,4,,0,70,,92496,52,4,,0,27,,92518,52,4,,0,70,,92502,52,4,,0,30,,92566,52,4,,0
674901,'2_merged_15524960',557,,92567,52,4,,0,71,,92568,38,4,,0,26,,92569,52,4,,0,66,,92570,38,4,,0,20,,92571,52,4,,0,12,,92572,38,4,,0,56,,92573,52,4,,0,15,,92574,38,4,,0,18,,92575,52,4,,0,15,,92576,38,4,,0,55,,92577,52,4,,0,16,,92578,38,4,,0,18,,92579,52,4,,0,55,,92580,38,4,,0,17,,92581,52,4,,0,15,,92582,38,4,,0,17,,92583,52,4,,0,55,,92584,38,4,,0,16,,92585,52,4,,0,15,,92586,38,4,,0,17,,92587,52,4,,0,54,,92588,38,4,,0,13,,92589,52,4,,0,21,,92590,38,4,,0,16,,92591,52,4,,0,55,,92592,38,4,,0,14,,92593,52,4,,0,15,,92594,38,4,,0,15,,92595,52,4,,0,55,,92596,38,4,,0,15,,92597,52,4,,0,15,,92598,38,4,,0,13,,92599,52,4,,0,55,,92600,38,4,,0,14,,92601,52,4,,0,15,,92602,38,4,,0,15,,92603,52,4,,0,55,,92604,38,4,,0,17,,92605,52,4,,0,15,,92606,38,4,,0,16,,92607,52,4,,0,58,,92608,38,4,,0,13,,92609,52,4,,0,15,,92610,38,4,,0,14,,92611,52,4,,0,53,,92612,38,4,,0,15,,92613,52,4,,0,13,,92614,38,4,,0,15,,92615,52,4,,0,55,,92616,38,4,,0,15,,92617,52,4,,0,11,,92618,38,4,,0,19,,92619,52,4,,0,55,,92620,52,4,,0,12,,92621,52,4,,0,15,,92622,52,4,,0,23,,92623,52,4,,0,70,,92624,52,4,,0,30,,92625,52,4,,0,70,,92626,52,4,,0,25,,92627,52,4,,0,70,,92628,52,4,,0,28,,92629,52,4,,0,70,,92630,52,4,,0,28,,92631,52,4,,0,70,,92632,52,4,,0,26,,92633,52,4,,0
674901,'3_merged_15524959',653,,92667,38,4,,0,71,,92659,38,4,,0,30,,92658,52,4,,0,69,,92657,52,4,,0,15,,92656,38,4,,0,16,,92655,52,4,,0,54,,92692,38,4,,0,16,,92691,52,4,,0,18,,92690,38,4,,0,15,,92689,52,4,,0,56,,92688,38,4,,0,15,,92687,52,4,,0,18,,92686,38,4,,0,54,,92685,52,4,,0,16,,92642,38,4,,0,15,,92641,52,4,,0,21,,92684,38,4,,0,53,,92683,52,4,,0,15,,92682,38,4,,0,15,,92681,52,4,,0,15,,92680,38,4,,0,55,,92679,52,4,,0,14,,92678,38,4,,0,18,,92677,52,4,,0,15,,92676,38,4,,0,54,,92675,52,4,,0,15,,92674,38,4,,0,14,,92673,52,4,,0,16,,92654,38,4,,0,54,,92653,52,4,,0,17,,92652,38,4,,0,5,,92651,52,4,,0,24,,92650,38,4,,0,54,,92649,52,4,,0,17,,92648,38,4,,0,13,,92647,52,4,,0,15,,92646,38,4,,0,53,,92645,52,4,,0,15,,92644,38,4,,0,15,,92666,52,4,,0,13,,92665,38,4,,0,54,,92664,52,4,,0,12,,92663,38,4,,0,17,,92662,52,4,,0,14,,92661,38,4,,0,16,,92660,52,4,,0,55,,92643,38,4,,0,15,,92640,52,4,,0,13,,92639,38,4,,0,14,,92638,52,4,,0,55,,92636,38,4,,0,14,,92637,52,4,,0,17,,92635,38,4,,0,15,,92634,52,4,,0,55,,92696,38,4,,0,20,,92695,52,4,,0,68,,92672,52,4,,0,30,,92694,52,4,,0,70,,92693,52,4,,0,30,,92668,52,4,,0,71,,92669,52,4,,0,30,,92670,52,4,,0,27,,92697,52,4,,0,69,,92671,52,4,,0
750901,'2_merged_15524960',1042,,97735,21,4,,0,78,,97736,21,4,,0,36,,97737,21,4,,0,75,,97738,21,4,,0,75,,97739,21,4,,0,35,,97740,21,4,,0,75,,97741,21,4,,0,34,,97742,21,4,,0,76,,97743,21,4,,0,75,,97744,21,4,,0,35,,97745,21,4,,0,75,,97746,21,4,,0,35,,97747,21,4,,0,75,,97748,21,4,,0,31,,97749,21,4,,0,75,,97750,21,4,,0,75,,97751,21,4,,0
750901,'3_merged_15524959',1041,,97752,21,4,,0,76,,97753,21,4,,0,35,,97754,21,4,,0,75,,97755,21,4,,0,75,,97756,21,4,,0,35,,97757,21,4,,0,75,,97758,21,4,,0,35,,97759,21,4,,0,76,,97760,21,4,,0,35,,97761,21,4,,0,74,,97762,21,4,,0,75,,97763,21,4,,0,35,,97764,21,4,,0,75,,97765,21,4,,0,35,,97766,21,4,,0,75,,97767,21,4,,0,74,,97768,21,4,,0
3003701,'101_merged_15524965',801,,102798,13,4,,0,99,,102797,13,4,,0,646,,102796,13,4,,0
3003701,'1_merged_15524958',531,,102809,13,4,,0,70,,102810,13,4,,0,30,,102811,13,4,,0,24,,102808,13,4,,0,45,,102812,13,4,,0,23,,102807,13,4,,0,8,,102813,13,4,,0,26,,102806,13,4,,0,62,,102800,13,4,,0,17,,102814,13,4,,0,74,,102815,13,4,,0,27,,102816,13,4,,0,70,,102817,13,4,,0,28,,102818,13,4,,0,71,,102819,13,4,,0,29,,102820,13,4,,0,71,,102821,13,4,,0,31,,102822,13,4,,0,72,,102823,13,4,,0,30,,102824,13,4,,0,71,,102825,13,4,,0,30,,102826,13,4,,0,78,,102827,13,4,,0,30,,102828,13,4,,0,70,,102829,13,4,,0,10,,102844,13,4,,0,10,,102845,13,4,,0,10,,102830,13,4,,0,60,,102843,13,4,,0,13,,102831,13,4,,0,4,,102805,13,4,,0,20,,102832,13,4,,0,5,,102804,13,4,,0,63,,102833,13,4,,0,3,,102803,13,4,,0,14,,102799,13,4,,0,19,,102834,13,4,,0,3,,102802,13,4,,0,68,,102835,13,4,,0,18,,102836,13,4,,0,6,,102801,13,4,,0,74,,102837,13,4,,0,94,,102838,13,4,,0,98,,102839,13,4,,0,101,,102840,13,4,,0,101,,102841,13,4,,0,95,,102842,13,4,,0
3003701,'2_merged_15524960',657,,102849,13,4,,0,71,,102864,13,4,,0,72,,102850,13,4,,0,30,,102871,13,4,,0,72,,102851,13,4,,0,32,,102872,13,4,,0,72,,102852,13,4,,0,33,,102865,13,4,,0,68,,102853,13,4,,0,32,,102866,13,4,,0,76,,102854,13,4,,0,30,,102867,13,4,,0,71,,102855,13,4,,0,29,,102868,13,4,,0,70,,102856,13,4,,0,29,,102869,13,4,,0,70,,102857,13,4,,0,28,,102870,13,4,,0,70,,102876,13,4,,0,30,,102873,13,4,,0,71,,102858,13,4,,0,26,,102874,13,4,,0,69,,102846,13,4,,0,30,,102875,13,4,,0,68,,102847,13,4,,0,103,,102848,13,4,,0,98,,102859,13,4,,0,99,,102860,13,4,,0,98,,102861,13,4,,0,98,,102862,13,4,,0,57,,102863,13,4,,0
3003701,'3_merged_15524959',703,,102890,13,4,,0,101,,102892,13,4,,0,103,,102893,13,4,,0,103,,102894,13,4,,0,103,,102891,13,4,,0,30,,102895,13,4,,0,72,,102877,13,4,,0,31,,102896,13,4,,0,71,,102878,13,4,,0,30,,102897,13,4,,0,70,,102879,13,4,,0,30,,102898,13,4,,0,70,,102880,13,4,,0,30,,102899,13,4,,0,69,,102881,13,4,,0,30,,102900,13,4,,0,68,,102882,13,4,,0,30,,102901,13,4,,0,58,,102903,13,4,,0,20,,102883,13,4,,0,18,,102902,13,4,,0,69,,102884,13,4,,0,100,,102885,13,4,,0,100,,102886,13,4,,0,98,,102887,13,4,,0,97,,102888,13,4,,0,99,,102889,13,4,,0
3003801,'101_merged_15524965',902,,103016,28,4,,0,601,,103014,28,4,,0,20,,103013,28,4,,0,82,,103015,28,4,,0
3003801,'1_merged_15524958',529,,103023,28,4,,0,73,,103024,28,4,,0,21,,103018,28,4,,0,9,,103025,28,4,,0,20,,103017,28,4,,0,6,,103026,28,4,,0,66,,103060,28,4,,0,6,,103027,28,4,,0,15,,103055,28,4,,0,57,,103028,28,4,,0,19,,103053,28,4,,0,14,,103029,28,4,,0,20,,103030,28,4,,0,67,,103031,28,4,,0,25,,103032,28,4,,0,75,,103033,28,4,,0,30,,103045,28,4,,0,72,,103037,28,4,,0,30,,103038,28,4,,0,70,,103039,28,4,,0,30,,103040,28,4,,0,70,,103041,28,4,,0,30,,103042,28,4,,0,69,,103043,28,4,,0,34,,103044,28,4,,0,68,,103046,28,4,,0,32,,103047,28,4,,0,68,,103048,28,4,,0,24,,103019,28,4,,0,65,,103049,28,4,,0,3,,103059,28,4,,0,25,,103050,28,4,,0,3,,103058,28,4,,0,65,,103051,28,4,,0,3,,103057,28,4,,0,19,,103054,28,4,,0,21,,103056,28,4,,0,61,,103052,28,4,,0,23,,103020,28,4,,0,100,,103021,28,4,,0,100,,103022,28,4,,0,98,,103034,28,4,,0,97,,103035,28,4,,0,97,,103036,28,4,,0
3003801,'2_merged_15524960',745,,103070,28,4,,0,70,,103087,28,4,,0,30,,103071,28,4,,0,73,,103089,28,4,,0,35,,103072,28,4,,0,71,,103079,28,4,,0,31,,103073,28,4,,0,67,,103061,28,4,,0,30,,103074,28,4,,0,70,,103062,28,4,,0,32,,103075,28,4,,0,70,,103063,28,4,,0,30,,103076,28,4,,0,70,,103064,28,4,,0,30,,103077,28,4,,0,70,,103065,28,4,,0,30,,103078,28,4,,0,70,,103066,28,4,,0,30,,103080,28,4,,0,70,,103067,28,4,,0,28,,103081,28,4,,0,70,,103068,28,4,,0,28,,103082,28,4,,0,64,,103069,28,4,,0,25,,103083,28,4,,0,99,,103084,28,4,,0,98,,103085,28,4,,0,100,,103086,28,4,,0,97,,103088,28,4,,0,100,,103090,28,4,,0
3003801,'3_merged_15524959',735,,103094,28,4,,0,100,,103095,28,4,,0,104,,103096,28,4,,0,100,,103097,28,4,,0,103,,103098,28,4,,0,70,,103109,28,4,,0,30,,103099,28,4,,0,70,,103110,28,4,,0,30,,103101,28,4,,0,70,,103111,28,4,,0,30,,103100,28,4,,0,70,,103112,28,4,,0,30,,103092,28,4,,0,70,,103113,28,4,,0,30,,103093,28,4,,0,70,,103114,28,4,,0,30,,103102,28,4,,0,70,,103115,28,4,,0,28,,103103,28,4,,0,100,,103104,28,4,,0,100,,103105,28,4,,0,95,,103106,28,4,,0,99,,103107,28,4,,0,98,,103108,28,4,,0,98,,103091,28,4,,0
3003901,'101_merged_15524965',1557,,103219,32,4,,0
3003901,'1_merged_15524958',537,,103252,32,4,,0,64,,103241,32,4,,0,7,,103253,32,4,,0,23,,103251,32,4,,0,10,,103254,32,4,,0,60,,103250,32,4,,0,10,,103255,32,4,,0,20,,103249,32,4,,0,11,,103256,32,4,,0,60,,103248,32,4,,0,10,,103257,32,4,,0,23,,103242,32,4,,0,17,,103258,32,4,,0,68,,103259,32,4,,0,30,,103260,32,4,,0,66,,103261,32,4,,0,31,,103262,32,4,,0,74,,103263,32,4,,0,29,,103264,32,4,,0,71,,103265,32,4,,0,28,,103220,32,4,,0,71,,103221,32,4,,0,29,,103222,32,4,,0,75,,103223,32,4,,0,30,,103224,32,4,,0,77,,103225,32,4,,0,28,,103226,32,4,,0,70,,103227,32,4,,0,30,,103228,32,4,,0,71,,103229,32,4,,0,12,,103247,32,4,,0,17,,103230,32,4,,0,49,,103246,32,4,,0,19,,103231,32,4,,0,9,,103245,32,4,,0,68,,103232,32,4,,0,8,,103244,32,4,,0,10,,103233,32,4,,0,25,,103234,32,4,,0,10,,103243,32,4,,0,59,,103235,32,4,,0,34,,103236,32,4,,0,96,,103237,32,4,,0,100,,103238,32,4,,0,98,,103239,32,4,,0,98,,103240,32,4,,0
3003901,'2_merged_15524960',642,,103280,32,4,,0,71,,103269,32,4,,0,30,,103281,32,4,,0,71,,103266,32,4,,0,30,,103282,32,4,,0,73,,103267,32,4,,0,31,,103283,32,4,,0,69,,103270,32,4,,0,33,,103284,32,4,,0,70,,103271,32,4,,0,31,,103285,32,4,,0,70,,103272,32,4,,0,30,,103286,32,4,,0,70,,103273,32,4,,0,31,,103287,32,4,,0,70,,103274,32,4,,0,30,,103288,32,4,,0,69,,103275,32,4,,0,30,,103289,32,4,,0,69,,103276,32,4,,0,28,,103290,32,4,,0,70,,103277,32,4,,0,30,,103291,32,4,,0,70,,103278,32,4,,0,30,,103294,32,4,,0,69,,103279,32,4,,0,28,,103292,32,4,,0,99,,103293,32,4,,0,100,,103295,32,4,,0,100,,103296,32,4,,0,100,,103297,32,4,,0,100,,103268,32,4,,0
3003901,'3_merged_15524959',641,,103299,32,4,,0,100,,103300,32,4,,0,102,,103301,32,4,,0,101,,103302,32,4,,0,104,,103303,32,4,,0,100,,103304,32,4,,0,71,,103317,32,4,,0,30,,103305,32,4,,0,70,,103318,32,4,,0,30,,103306,32,4,,0,70,,103319,32,4,,0,30,,103307,32,4,,0,70,,103320,32,4,,0,30,,103308,32,4,,0,68,,103321,32,4,,0,33,,103309,32,4,,0,67,,103322,32,4,,0,30,,103310,32,4,,0,70,,103323,32,4,,0,30,,103311,32,4,,0,101,,103312,32,4,,0,99,,103313,32,4,,0,96,,103314,32,4,,0,99,,103315,32,4,,0,99,,103316,32,4,,0,100,,103298,32,4,,0
3004001,'101_merged_15524965',806,,103429,38,4,,0
3004001,'1_merged_15524958',538,,103442,38,4,,0,21,,103457,38,4,,0,49,,103443,38,4,,0,24,,103456,38,4,,0,10,,103444,38,4,,0,60,,103455,38,4,,0,9,,103445,38,4,,0,18,,103454,38,4,,0,11,,103459,38,4,,0,70,,103460,38,4,,0,25,,103446,38,4,,0,20,,103461,38,4,,0,81,,103462,38,4,,0,68,,103463,38,4,,0,30,,103464,38,4,,0,70,,103465,38,4,,0,28,,103466,38,4,,0,73,,103467,38,4,,0,34,,103468,38,4,,0,70,,103469,38,4,,0,30,,103452,38,4,,0,68,,103453,38,4,,0,33,,103470,38,4,,0,76,,103471,38,4,,0,29,,103458,38,4,,0,67,,103472,38,4,,0,29,,103473,38,4,,0,72,,103474,38,4,,0,18,,103430,38,4,,0,10,,103451,38,4,,0,17,,103431,38,4,,0,51,,103450,38,4,,0,19,,103432,38,4,,0,8,,103449,38,4,,0,69,,103433,38,4,,0,5,,103448,38,4,,0,12,,103434,38,4,,0,24,,103435,38,4,,0,12,,103447,38,4,,0,58,,103436,38,4,,0,93,,103437,38,4,,0,104,,103438,38,4,,0,101,,103439,38,4,,0,96,,103440,38,4,,0,100,,103441,38,4,,0
3004001,'2_merged_15524960',728,,103482,38,4,,0,30,,103500,38,4,,0,71,,103483,38,4,,0,71,,103501,38,4,,0,32,,103484,38,4,,0,74,,103504,38,4,,0,29,,103485,38,4,,0,70,,103475,38,4,,0,33,,103486,38,4,,0,68,,103476,38,4,,0,30,,103487,38,4,,0,70,,103477,38,4,,0,30,,103488,38,4,,0,70,,103478,38,4,,0,30,,103489,38,4,,0,70,,103502,38,4,,0,30,,103490,38,4,,0,70,,103503,38,4,,0,30,,103491,38,4,,0,69,,103479,38,4,,0,28,,103492,38,4,,0,70,,103480,38,4,,0,30,,103493,38,4,,0,70,,103481,38,4,,0,30,,103494,38,4,,0,86,,103495,38,4,,0,96,,103496,38,4,,0,100,,103497,38,4,,0,98,,103498,38,4,,0,102,,103499,38,4,,0
3004001,'3_merged_15524959',728,,103506,38,4,,0,104,,103507,38,4,,0,100,,103508,38,4,,0,100,,103509,38,4,,0,71,,103523,38,4,,0,30,,103510,38,4,,0,70,,103524,38,4,,0,30,,103511,38,4,,0,70,,103525,38,4,,0,32,,103512,38,4,,0,71,,103526,38,4,,0,30,,103513,38,4,,0,70,,103527,38,4,,0,29,,103514,38,4,,0,70,,103528,38,4,,0,31,,103515,38,4,,0,70,,103529,38,4,,0,29,,103516,38,4,,0,70,,103530,38,4,,0,28,,103517,38,4,,0,69,,103531,38,4,,0,20,,103519,38,4,,0,100,,103505,38,4,,0,98,,103518,38,4,,0,100,,103520,38,4,,0,100,,103521,38,4,,0,98,,103522,38,4,,0
3004101,'1_merged_15524958',635,,103555,18,4,,0,15,,103567,18,4,,0,55,,103556,18,4,,0,16,,103568,18,4,,0,15,,103566,18,4,,0,15,,103569,18,4,,0,55,,103557,18,4,,0,15,,103570,18,4,,0,15,,103558,18,4,,0,14,,103571,18,4,,0,57,,103559,18,4,,0,630,,103560,18,4,,0,15,,103572,18,4,,0,55,,103561,18,4,,0,15,,103573,18,4,,0,21,,103562,18,4,,0,57,,103574,18,4,,0,6,,103577,18,4,,0,10,,103563,18,4,,0,10,,103575,18,4,,0,16,,103564,18,4,,0,80,,103565,18,4,,0,86,,103576,18,4,,0
3004201,'2_merged_15524960',902,,103616,18,4,,0,33,,103617,18,4,,0,77,,103618,18,4,,0,35,,103619,18,4,,0,75,,103620,18,4,,0,35,,103621,18,4,,0,75,,103622,18,4,,0,74,,103623,18,4,,0,36,,103624,18,4,,0,75,,103625,18,4,,0,35,,103626,18,4,,0,75,,103627,18,4,,0,77,,103628,18,4,,0,34,,103629,18,4,,0,72,,103630,18,4,,0,37,,103631,18,4,,0,74,,103632,18,4,,0,33,,103633,18,4,,0,70,,103634,18,4,,0
3004201,'3_merged_15524959',900,,103635,18,4,,0,35,,103636,18,4,,0,75,,103637,18,4,,0,33,,103638,18,4,,0,75,,103639,18,4,,0,35,,103640,18,4,,0,78,,103641,18,4,,0,75,,103642,18,4,,0,37,,103643,18,4,,0,75,,103644,18,4,,0,33,,103645,18,4,,0,75,,103646,18,4,,0,75,,103647,18,4,,0,35,,103648,18,4,,0,75,,103649,18,4,,0,35,,103650,18,4,,0,73,,103651,18,4,,0,32,,103652,18,4,,0,75,,103653,18,4,,0
3004801,'1_merged_15524958',547,,104921,12,4,,0,55,,104907,12,4,,0,16,,104922,12,4,,0,16,,104908,12,4,,0,15,,104923,12,4,,0,53,,104909,12,4,,0,18,,104924,12,4,,0,13,,104910,12,4,,0,18,,104925,12,4,,0,53,,104911,12,4,,0,22,,104926,12,4,,0,17,,104927,12,4,,0,63,,104912,12,4,,0,30,,104928,12,4,,0,70,,104929,12,4,,0,30,,104930,12,4,,0,70,,104931,12,4,,0,30,,104932,12,4,,0,70,,104933,12,4,,0,30,,104934,12,4,,0,70,,104935,12,4,,0,30,,104936,12,4,,0,71,,104937,12,4,,0,33,,104938,12,4,,0,72,,104939,12,4,,0,19,,104940,12,4,,0,15,,104913,12,4,,0,13,,104941,12,4,,0,57,,104914,12,4,,0,16,,104942,12,4,,0,17,,104915,12,4,,0,53,,104943,12,4,,0,17,,104916,12,4,,0,15,,104944,12,4,,0,15,,104917,12,4,,0,52,,104945,12,4,,0,14,,104918,12,4,,0,12,,104946,12,4,,0,15,,104919,12,4,,0,13,,104947,12,4,,0,56,,104920,12,4,,0,19,,104948,12,4,,0,70,,104949,12,4,,0,29,,104950,12,4,,0,74,,104951,12,4,,0,26,,104902,12,4,,0,30,,104903,12,4,,0,74,,104904,12,4,,0,71,,104905,12,4,,0,29,,104906,12,4,,0
3004801,'2_merged_15524960',742,,104968,12,4,,0,72,,104969,12,4,,0,30,,104970,12,4,,0,70,,104971,12,4,,0,30,,104972,12,4,,0,73,,104973,12,4,,0,30,,104975,12,4,,0,70,,104976,12,4,,0,31,,104974,12,4,,0,70,,104977,12,4,,0,28,,104978,12,4,,0,70,,104979,12,4,,0,30,,104980,12,4,,0,70,,104981,12,4,,0,30,,104982,12,4,,0,70,,104983,12,4,,0,32,,104984,12,4,,0,70,,104952,12,4,,0,30,,104953,12,4,,0,70,,104954,12,4,,0,29,,104955,12,4,,0,70,,104956,12,4,,0,30,,104957,12,4,,0,65,,104958,12,4,,0,34,,104959,12,4,,0,68,,104960,12,4,,0,30,,104961,12,4,,0,70,,104962,12,4,,0,30,,104963,12,4,,0,70,,104964,12,4,,0,27,,104965,12,4,,0,70,,104966,12,4,,0,30,,104967,12,4,,0
3004801,'3_merged_15524959',847,,104985,12,4,,0,70,,104986,12,4,,0,30,,104987,12,4,,0,70,,104988,12,4,,0,30,,104989,12,4,,0,70,,104990,12,4,,0,30,,104991,12,4,,0,70,,104992,12,4,,0,32,,104993,12,4,,0,70,,104994,12,4,,0,30,,104995,12,4,,0,70,,104996,12,4,,0,30,,104997,12,4,,0,68,,104998,12,4,,0,30,,104999,12,4,,0,70,,105000,12,4,,0,30,,105001,12,4,,0,70,,105002,12,4,,0,30,,105003,12,4,,0,70,,105004,12,4,,0,30,,105005,12,4,,0,70,,105006,12,4,,0,30,,105007,12,4,,0,70,,105008,12,4,,0,30,,105009,12,4,,0,70,,105010,12,4,,0,30,,105011,12,4,,0
3005001,'1_merged_15524958',455,,105430,19,4,,0,73,,105431,19,4,,0,20,,105384,19,4,,0,55,,105385,19,4,,0,16,,105386,19,4,,0,15,,105387,19,4,,0,20,,105388,19,4,,0,51,,105389,19,4,,0,15,,105390,19,4,,0,15,,105391,19,4,,0,15,,105392,19,4,,0,52,,105393,19,4,,0,22,,105394,19,4,,0,13,,105395,19,4,,0,21,,105396,19,4,,0,55,,105435,19,4,,0,13,,105397,19,4,,0,14,,105398,19,4,,0,67,,105399,19,4,,0,30,,105400,19,4,,0,70,,105401,19,4,,0,30,,105402,19,4,,0,70,,105403,19,4,,0,30,,105404,19,4,,0,72,,105405,19,4,,0,30,,105406,19,4,,0,70,,105407,19,4,,0,32,,105408,19,4,,0,79,,105436,19,4,,0,7,,105409,19,4,,0,21,,105410,19,4,,0,56,,105437,19,4,,0,20,,105411,19,4,,0,15,,105412,19,4,,0,14,,105413,19,4,,0,58,,105414,19,4,,0,19,,105415,19,4,,0,16,,105416,19,4,,0,54,,105417,19,4,,0,17,,105418,19,4,,0,16,,105429,19,4,,0,16,,105419,19,4,,0,55,,105420,19,4,,0,16,,105421,19,4,,0,13,,105422,19,4,,0,12,,105423,19,4,,0,70,,105424,19,4,,0,30,,105425,19,4,,0,70,,105432,19,4,,0,28,,105426,19,4,,0,70,,105433,19,4,,0,30,,105427,19,4,,0,70,,105434,19,4,,0,30,,105428,19,4,,0
3005001,'2_merged_15524960',609,,105458,19,4,,0,31,,105459,19,4,,0,70,,105460,19,4,,0,33,,105461,19,4,,0,70,,105462,19,4,,0,31,,105465,19,4,,0,72,,105466,19,4,,0,30,,105467,19,4,,0,71,,105468,19,4,,0,30,,105469,19,4,,0,72,,105470,19,4,,0,30,,105471,19,4,,0,70,,105463,19,4,,0,32,,105464,19,4,,0,70,,105473,19,4,,0,29,,105451,19,4,,0,70,,105472,19,4,,0,30,,105438,19,4,,0,70,,105440,19,4,,0,30,,105441,19,4,,0,72,,105442,19,4,,0,29,,105443,19,4,,0,70,,105444,19,4,,0,28,,105445,19,4,,0,70,,105446,19,4,,0,30,,105447,19,4,,0,68,,105448,19,4,,0,30,,105449,19,4,,0,70,,105450,19,4,,0,30,,105439,19,4,,0,68,,105455,19,4,,0,30,,105452,19,4,,0,69,,105456,19,4,,0,30,,105453,19,4,,0,70,,105457,19,4,,0,27,,105454,19,4,,0
3005001,'3_merged_15524959',711,,105485,19,4,,0,30,,105486,19,4,,0,70,,105487,19,4,,0,32,,105488,19,4,,0,72,,105489,19,4,,0,30,,105490,19,4,,0,72,,105491,19,4,,0,32,,105492,19,4,,0,70,,105493,19,4,,0,30,,105494,19,4,,0,70,,105495,19,4,,0,30,,105496,19,4,,0,70,,105497,19,4,,0,30,,105484,19,4,,0,70,,105498,19,4,,0,30,,105499,19,4,,0,70,,105500,19,4,,0,30,,105501,19,4,,0,70,,105502,19,4,,0,30,,105503,19,4,,0,70,,105474,19,4,,0,28,,105475,19,4,,0,70,,105476,19,4,,0,29,,105477,19,4,,0,70,,105478,19,4,,0,30,,105479,19,4,,0,70,,105480,19,4,,0,29,,105481,19,4,,0,74,,105483,19,4,,0,24,,105482,19,4,,0
3005101,'1_merged_15524958',604,,105594,13,4,,0,29,,105596,13,4,,0,70,,105618,13,4,,0,31,,105619,13,4,,0,70,,105620,13,4,,0,30,,105621,13,4,,0,70,,105622,13,4,,0,21,,105597,13,4,,0,24,,105598,13,4,,0,70,,105599,13,4,,0,30,,105600,13,4,,0,70,,105601,13,4,,0,30,,105602,13,4,,0,68,,105603,13,4,,0,30,,105604,13,4,,0,70,,105605,13,4,,0,32,,105606,13,4,,0,70,,105607,13,4,,0,32,,105608,13,4,,0,69,,105615,13,4,,0,35,,105616,13,4,,0,64,,105617,13,4,,0,35,,105595,13,4,,0,70,,105623,13,4,,0,31,,105624,13,4,,0,76,,105625,13,4,,0,70,,105626,13,4,,0,19,,105609,13,4,,0,28,,105610,13,4,,0,99,,105611,13,4,,0,98,,105612,13,4,,0,99,,105613,13,4,,0,104,,105614,13,4,,0
3005101,'2_merged_15524960',714,,105635,13,4,,0,30,,105636,13,4,,0,72,,105637,13,4,,0,32,,105638,13,4,,0,70,,105642,13,4,,0,32,,105643,13,4,,0,70,,105644,13,4,,0,31,,105645,13,4,,0,70,,105646,13,4,,0,30,,105633,13,4,,0,70,,105634,13,4,,0,31,,105647,13,4,,0,70,,105648,13,4,,0,30,,105649,13,4,,0,70,,105650,13,4,,0,30,,105651,13,4,,0,70,,105652,13,4,,0,30,,105653,13,4,,0,70,,105654,13,4,,0,30,,105655,13,4,,0,70,,105639,13,4,,0,30,,105640,13,4,,0,69,,105641,13,4,,0,28,,105627,13,4,,0,69,,105628,13,4,,0,23,,105629,13,4,,0,105,,105630,13,4,,0,99,,105631,13,4,,0,95,,105632,13,4,,0
3005101,'3_merged_15524959',713,,105682,13,4,,0,30,,105683,13,4,,0,72,,105656,13,4,,0,30,,105657,13,4,,0,72,,105658,13,4,,0,30,,105659,13,4,,0,73,,105660,13,4,,0,30,,105661,13,4,,0,70,,105662,13,4,,0,30,,105663,13,4,,0,70,,105664,13,4,,0,32,,105665,13,4,,0,71,,105666,13,4,,0,29,,105667,13,4,,0,70,,105668,13,4,,0,30,,105669,13,4,,0,70,,105670,13,4,,0,32,,105671,13,4,,0,68,,105672,13,4,,0,30,,105673,13,4,,0,70,,105674,13,4,,0,29,,105675,13,4,,0,70,,105676,13,4,,0,30,,105677,13,4,,0,68,,105681,13,4,,0,30,,105678,13,4,,0,98,,105679,13,4,,0,99,,105680,13,4,,0
3058401,'1_merged_15524958',557,,106314,21,4,,0,70,,106315,21,4,,0,32,,106303,21,4,,0,67,,106335,21,4,,0,18,,106336,21,4,,0,57,,106316,21,4,,0,24,,106317,21,4,,0,15,,106337,21,4,,0,62,,106318,21,4,,0,33,,106319,21,4,,0,66,,106320,21,4,,0,23,,106321,21,4,,0,30,,106322,21,4,,0,70,,106323,21,4,,0,35,,106324,21,4,,0,69,,106325,21,4,,0,28,,106326,21,4,,0,70,,106327,21,4,,0,33,,106328,21,4,,0,71,,106329,21,4,,0,74,,106330,21,4,,0,27,,106331,21,4,,0,75,,106332,21,4,,0,30,,106333,21,4,,0,78,,106334,21,4,,0,19,,106304,21,4,,0,78,,106313,21,4,,0,37,,106305,21,4,,0,67,,106312,21,4,,0,20,,106306,21,4,,0,74,,106311,21,4,,0,27,,106307,21,4,,0,70,,106310,21,4,,0,31,,106308,21,4,,0,68,,106309,21,4,,0,98,,106338,21,4,,0
3058401,'2_merged_15524960',625,,106339,21,4,,0,29,,106340,21,4,,0,75,,106341,21,4,,0,30,,106342,21,4,,0,71,,106343,21,4,,0,71,,106344,21,4,,0,30,,106345,21,4,,0,73,,106346,21,4,,0,34,,106347,21,4,,0,70,,106348,21,4,,0,32,,106349,21,4,,0,70,,106350,21,4,,0,31,,106351,21,4,,0,70,,106352,21,4,,0,31,,106353,21,4,,0,70,,106354,21,4,,0,30,,106355,21,4,,0,70,,106356,21,4,,0,28,,106357,21,4,,0,70,,106358,21,4,,0,30,,106359,21,4,,0,68,,106360,21,4,,0,30,,106361,21,4,,0,67,,106362,21,4,,0,32,,106363,21,4,,0,69,,106364,21,4,,0,30,,106365,21,4,,0,69,,106366,21,4,,0,28,,106367,21,4,,0,70,,106370,21,4,,0,33,,106368,21,4,,0,71,,106369,21,4,,0,100,,106371,21,4,,0,100,,106372,21,4,,0
3058401,'3_merged_15524959',805,,106373,21,4,,0,32,,106374,21,4,,0,70,,106375,21,4,,0,32,,106376,21,4,,0,70,,106377,21,4,,0,32,,106378,21,4,,0,71,,106379,21,4,,0,34,,106380,21,4,,0,69,,106384,21,4,,0,33,,106385,21,4,,0,69,,106386,21,4,,0,30,,106387,21,4,,0,72,,106388,21,4,,0,28,,106389,21,4,,0,64,,106390,21,4,,0,31,,106391,21,4,,0,70,,106392,21,4,,0,31,,106393,21,4,,0,69,,106394,21,4,,0,31,,106395,21,4,,0,68,,106396,21,4,,0,30,,106397,21,4,,0,69,,106398,21,4,,0,29,,106399,21,4,,0,68,,106400,21,4,,0,33,,106381,21,4,,0,70,,106382,21,4,,0,28,,106383,21,4,,0,71,,106401,21,4,,0,98,,106402,21,4,,0,100,,106403,21,4,,0
3780901,'101_merged_15524965',1549,,111730,8,4,,0
3780901,'1_merged_15524958',527,,111731,8,4,,0,10,,111732,8,4,,0,11,,111733,8,4,,0,11,,111734,8,4,,0,50,,111735,8,4,,0,11,,111736,8,4,,0,11,,111737,8,4,,0,10,,111738,8,4,,0,10,,111739,8,4,,0,50,,111740,8,4,,0,10,,111741,8,4,,0,11,,111742,8,4,,0,12,,111743,8,4,,0,10,,111744,8,4,,0,13,,111745,8,4,,0,49,,111746,8,4,,0,10,,111747,8,4,,0,10,,111748,8,4,,0,11,,111749,8,4,,0,10,,111750,8,4,,0,10,,111751,8,4,,0,50,,111752,8,4,,0,11,,111753,8,4,,0,8,,111754,8,4,,0,12,,111755,8,4,,0,16,,111756,8,4,,0,54,,111757,8,4,,0,15,,111758,8,4,,0,15,,111759,8,4,,0,15,,111760,8,4,,0,56,,111761,8,4,,0,15,,111762,8,4,,0,16,,111763,8,4,,0,15,,111764,8,4,,0,54,,111765,8,4,,0,15,,111766,8,4,,0,16,,111767,8,4,,0,15,,111768,8,4,,0,55,,111769,8,4,,0,15,,111770,8,4,,0,15,,111771,8,4,,0,15,,111772,8,4,,0,56,,111773,8,4,,0,15,,111774,8,4,,0,17,,111775,8,4,,0,15,,111776,8,4,,0,52,,111777,8,4,,0,18,,111778,8,4,,0,12,,111779,8,4,,0,18,,111780,8,4,,0,50,,111781,8,4,,0,10,,111820,8,4,,0,10,,111782,8,4,,0,10,,111783,8,4,,0,9,,111784,8,4,,0,11,,111785,8,4,,0,51,,111786,8,4,,0,10,,111787,8,4,,0,10,,111788,8,4,,0,12,,111789,8,4,,0,7,,111790,8,4,,0,9,,111791,8,4,,0,50,,111792,8,4,,0,9,,111793,8,4,,0,8,,111794,8,4,,0,9,,111795,8,4,,0,15,,111796,8,4,,0,56,,111797,8,4,,0,13,,111798,8,4,,0,14,,111799,8,4,,0,15,,111800,8,4,,0,54,,111801,8,4,,0,15,,111802,8,4,,0,15,,111803,8,4,,0,15,,111804,8,4,,0,13,,111805,8,4,,0,55,,111806,8,4,,0,15,,111807,8,4,,0,15,,111808,8,4,,0,15,,111809,8,4,,0,55,,111810,8,4,,0,13,,111811,8,4,,0,15,,111812,8,4,,0,15,,111813,8,4,,0,55,,111814,8,4,,0,12,,111815,8,4,,0,15,,111816,8,4,,0,15,,111817,8,4,,0,55,,111818,8,4,,0,17,,111819,8,4,,0
3780901,'2_merged_15524960',526,,111821,8,4,,0,16,,111822,8,4,,0,15,,111823,8,4,,0,55,,111824,8,4,,0,15,,111825,8,4,,0,16,,111826,8,4,,0,57,,111827,8,4,,0,15,,111828,8,4,,0,15,,111829,8,4,,0,15,,111830,8,4,,0,56,,111831,8,4,,0,15,,111832,8,4,,0,15,,111833,8,4,,0,16,,111834,8,4,,0,55,,111835,8,4,,0,16,,111836,8,4,,0,20,,111837,8,4,,0,15,,111838,8,4,,0,56,,111839,8,4,,0,15,,111840,8,4,,0,17,,111841,8,4,,0,15,,111842,8,4,,0,58,,111843,8,4,,0,15,,111844,8,4,,0,15,,111845,8,4,,0,15,,111846,8,4,,0,58,,111847,8,4,,0,15,,111848,8,4,,0,17,,111849,8,4,,0,55,,111850,8,4,,0,15,,111851,8,4,,0,15,,111852,8,4,,0,13,,111853,8,4,,0,55,,111854,8,4,,0,15,,111855,8,4,,0,15,,111856,8,4,,0,14,,111857,8,4,,0,55,,111858,8,4,,0,15,,111859,8,4,,0,15,,111860,8,4,,0,15,,111861,8,4,,0,13,,111862,8,4,,0,55,,111863,8,4,,0,15,,111864,8,4,,0,15,,111865,8,4,,0,15,,111866,8,4,,0,55,,111867,8,4,,0,13,,111868,8,4,,0,13,,111869,8,4,,0,15,,111870,8,4,,0,55,,111871,8,4,,0,14,,111872,8,4,,0,13,,111873,8,4,,0,15,,111874,8,4,,0,54,,111875,8,4,,0,15,,111876,8,4,,0,14,,111877,8,4,,0,15,,111878,8,4,,0,53,,111879,8,4,,0,15,,111880,8,4,,0,15,,111881,8,4,,0,15,,111882,8,4,,0,54,,111883,8,4,,0,15,,111884,8,4,,0,14,,111885,8,4,,0,15,,111886,8,4,,0,55,,111887,8,4,,0,15,,111888,8,4,,0,14,,111889,8,4,,0,15,,111890,8,4,,0,55,,111891,8,4,,0,15,,111892,8,4,,0,14,,111893,8,4,,0,15,,111894,8,4,,0,15,,111895,8,4,,0,55,,111896,8,4,,0,14,,111897,8,4,,0
3780901,'3_merged_15524959',521,,111898,8,4,,0,15,,111899,8,4,,0,15,,111900,8,4,,0,55,,111901,8,4,,0,16,,111902,8,4,,0,15,,111903,8,4,,0,16,,111904,8,4,,0,56,,111905,8,4,,0,14,,111906,8,4,,0,15,,111907,8,4,,0,15,,111908,8,4,,0,57,,111909,8,4,,0,15,,111910,8,4,,0,16,,111911,8,4,,0,15,,111912,8,4,,0,55,,111913,8,4,,0,17,,111914,8,4,,0,15,,111915,8,4,,0,16,,111916,8,4,,0,55,,111917,8,4,,0,18,,111918,8,4,,0,15,,111919,8,4,,0,55,,111920,8,4,,0,15,,111921,8,4,,0,16,,111922,8,4,,0,15,,111923,8,4,,0,58,,111924,8,4,,0,15,,111925,8,4,,0,16,,111926,8,4,,0,15,,111927,8,4,,0,56,,111928,8,4,,0,15,,111929,8,4,,0,15,,111930,8,4,,0,15,,111931,8,4,,0,54,,111932,8,4,,0,15,,111933,8,4,,0,14,,111934,8,4,,0,15,,111935,8,4,,0,55,,111936,8,4,,0,15,,111937,8,4,,0,15,,111938,8,4,,0,15,,111939,8,4,,0,55,,111940,8,4,,0,15,,111941,8,4,,0,13,,111942,8,4,,0,15,,111943,8,4,,0,54,,111944,8,4,,0,15,,111945,8,4,,0,15,,111946,8,4,,0,15,,111947,8,4,,0,55,,111948,8,4,,0,15,,111949,8,4,,0,11,,111950,8,4,,0,15,,111951,8,4,,0,15,,111952,8,4,,0,55,,111953,8,4,,0,16,,111954,8,4,,0,15,,111955,8,4,,0,13,,111956,8,4,,0,55,,111957,8,4,,0,15,,111958,8,4,,0,15,,111959,8,4,,0,13,,111960,8,4,,0,55,,111961,8,4,,0,15,,111962,8,4,,0,15,,111963,8,4,,0,15,,111964,8,4,,0,55,,111965,8,4,,0,14,,111966,8,4,,0,15,,111967,8,4,,0,15,,111968,8,4,,0,55,,111969,8,4,,0,12,,111970,8,4,,0,15,,111971,8,4,,0,15,,111972,8,4,,0,55,,111973,8,4,,0,15,,111974,8,4,,0
