668700,'1_merged_15291773',605,,22699,2,,,0,30,,22702,2,,,0,70,,22705,2,,,0,15,,22707,2,,,0,15,,22709,2,,,0,15,,22712,2,,,0,55,,22713,2,,,0,15,,22715,2,,,0,15,,22717,2,,,0,15,,22719,2,,,0,55,,22721,2,,,0,30,,22725,2,,,0,70,,22728,2,,,0,30,,22731,2,,,0,70,,22734,2,,,0,30,,22737,2,,,0,70,,22740,2,,,0,30,,22743,2,,,0,70,,22746,2,,,0,30,,22749,2,,,0,70,,22752,2,,,0,30,,22756,2,,,0,70,,22758,2,,,0,30,,22761,2,,,0,70,,22765,2,,,0,30,,22769,2,,,0,15,,22771,2,,,0,55,,22773,2,,,0,15,,22776,2,,,0,15,,22778,2,,,0,15,,22781,2,,,0,55,,22783,2,,,0,15,,22786,2,,,0,15,,22787,2,,,0,15,,22789,2,,,0,55,,22791,2,,,0,30,,22793,2,,,0,70,,22796,2,,,0,30,,22798,2,,,0,70,,22800,2,,,0,30,,22801,2,,,0,75,,22802,2,,,0,30,,22803,2,,,0,70,,22804,2,,,0,30,,22805,2,,,0,70,,22806,2,,,0
668700,'2_merged_15291775',635,,56917,2,,,0,70,,56918,2,,,0,30,,56919,2,,,0,70,,56920,2,,,0,15,,56921,2,,,0,15,,56923,2,,,0,70,,56925,2,,,0,30,,56929,2,,,0,70,,56932,2,,,0,30,,56936,2,,,0,70,,56939,2,,,0,30,,56942,2,,,0,70,,56945,2,,,0,30,,56948,2,,,0,70,,56951,2,,,0,30,,56955,2,,,0,70,,56958,2,,,0,30,,56961,2,,,0,70,,56965,2,,,0,30,,56969,2,,,0,10,,56971,2,,,0,60,,56974,2,,,0,30,,56977,2,,,0,10,,56979,2,,,0,60,,56982,2,,,0,30,,56985,2,,,0,15,,56988,2,,,0,55,,56990,2,,,0,30,,56993,2,,,0,70,,56996,2,,,0,30,,56999,2,,,0,70,,57001,2,,,0,30,,57003,2,,,0,70,,57005,2,,,0,30,,57007,2,,,0,75,,57009,2,,,0,30,,57010,2,,,0,70,,57012,2,,,0,30,,57013,2,,,0,70,,57014,2,,,0
668700,'3_merged_15291774',705,,57017,2,,,0,30,,57018,2,,,0,70,,57019,2,,,0,15,,57021,2,,,0,15,,57022,2,,,0,70,,57024,2,,,0,15,,57025,2,,,0,15,,57027,2,,,0,70,,57028,2,,,0,30,,57031,2,,,0,70,,57034,2,,,0,30,,57037,2,,,0,70,,57040,2,,,0,30,,57043,2,,,0,70,,57046,2,,,0,30,,57049,2,,,0,70,,57052,2,,,0,30,,57055,2,,,0,70,,57059,2,,,0,30,,57062,2,,,0,70,,57066,2,,,0,30,,57069,2,,,0,70,,57073,2,,,0,30,,57076,2,,,0,70,,57080,2,,,0,30,,57083,2,,,0,70,,57086,2,,,0,30,,57087,2,,,0,70,,57088,2,,,0,30,,57089,2,,,0,15,,57090,2,,,0,55,,57091,2,,,0,30,,57092,2,,,0,75,,57093,2,,,0,30,,57094,2,,,0,70,,57095,2,,,0,100,,57098,2,,,0
677900,'1201_merged_15291766',2010,,34444,3,,,0,100,,34445,3,,,0,100,,34446,3,,,0,97,,34447,3,,,0
677900,'1_merged_15291773',634,,34430,3,,,0,91,,34431,3,,,0,100,,34432,3,,,0,100,,34433,3,,,0,100,,34434,3,,,0,100,,34435,3,,,0,100,,34436,3,,,0,95,,34437,3,,,0,100,,34438,3,,,0,100,,34439,3,,,0,100,,34440,3,,,0,98,,34441,3,,,0,102,,34442,3,,,0,95,,34443,3,,,0
677900,'2_merged_15291775',925,,57712,3,,,0,100,,57713,3,,,0,100,,57714,3,,,0,100,,57715,3,,,0,95,,57716,3,,,0,100,,57717,3,,,0,100,,57718,3,,,0,100,,57719,3,,,0,100,,57720,3,,,0,135,,57722,3,,,0,100,,57723,3,,,0,100,,57724,3,,,0,100,,57725,3,,,0,100,,57726,3,,,0
677900,'3_merged_15291774',1025,,57727,3,,,0,100,,57728,3,,,0,100,,57729,3,,,0,95,,57730,3,,,0,100,,57731,3,,,0,100,,57732,3,,,0,100,,57733,3,,,0,100,,57734,3,,,0,100,,57735,3,,,0
677901,'1201_merged_15291766',2045,,34486,14,,,0,100,,34487,14,,,0,100,,34488,14,,,0,100,,34489,14,,,0
677901,'1_merged_15291773',705,,34472,14,,,0,95,,34473,14,,,0,100,,34474,14,,,0,100,,34475,14,,,0,100,,34476,14,,,0,100,,34477,14,,,0,100,,34478,14,,,0,55,,34479,14,,,0,100,,34480,14,,,0,100,,34481,14,,,0,100,,34482,14,,,0,98,,34483,14,,,0,102,,34484,14,,,0,97,,34485,14,,,0
677901,'2_merged_15291775',1000,,57736,14,,,0,100,,57737,14,,,0,100,,57738,14,,,0,100,,57739,14,,,0,55,,57740,14,,,0,100,,57741,14,,,0,100,,57742,14,,,0,100,,57743,14,,,0,98,,57744,14,,,0,69,,57745,2,,,0,108,,57746,14,,,0,100,,57747,14,,,0,100,,57748,14,,,0,100,,57749,14,,,0,100,,57750,14,,,0
677901,'3_merged_15291774',1100,,57751,14,,,0,100,,57752,14,,,0,100,,57753,14,,,0,55,,57754,14,,,0,100,,57755,14,,,0,100,,57756,14,,,0,100,,57757,14,,,0,100,,57758,14,,,0,100,,57759,14,,,0
