667700,'1',616,,137822,13,,,0,29,,137795,13,,,0,72,,137803,13,,,0,28,,137810,13,,,0,73,,137820,13,,,0,29,,137806,13,,,0,79,,137790,13,,,0,24,,137828,13,,,0,88,,137789,13,,,0,71,,137797,13,,,0,28,,137804,13,,,0,69,,137802,13,,,0,31,,137801,13,,,0,70,,137811,13,,,0,30,,137788,13,,,0,71,,137826,13,,,0,14,,137791,13,,,0,31,,137792,13,,,0,66,,137785,13,,,0,19,,137816,13,,,0,15,,137796,13,,,0,68,,137799,13,,,0,21,,137807,13,,,0,11,,137800,13,,,0,58,,137817,13,,,0,13,,137812,13,,,0,19,,137823,13,,,0,60,,137827,13,,,0,13,,137813,13,,,0,16,,137824,13,,,0,12,,137821,13,,,0,12,,137814,13,,,0,53,,137794,13,,,0,12,,137815,13,,,0,14,,137809,13,,,0,15,,137829,13,,,0,57,,137805,13,,,0,17,,137787,13,,,0,15,,137825,13,,,0,14,,137786,13,,,0,68,,137818,13,,,0,27,,137808,13,,,0,69,,137798,13,,,0,30,,137831,13,,,0,68,,137819,13,,,0,30,,137830,13,,,0,70,,137793,13,,,0
667700,'101',1612,,137782,13,,,0
667700,'1101',2518,,137783,13,,,0
667700,'1201',2518,,137784,13,,,0
667700,'2',649,,137860,13,,,0,66,,137861,13,,,0,32,,137840,13,,,0,70,,137868,13,,,0,30,,137869,13,,,0,71,,137836,13,,,0,30,,137866,13,,,0,70,,137843,13,,,0,33,,137874,13,,,0,69,,137838,13,,,0,27,,137873,13,,,0,73,,137875,13,,,0,30,,137841,13,,,0,70,,137839,13,,,0,34,,137878,13,,,0,56,,137849,13,,,0,18,,137876,13,,,0,22,,137834,13,,,0,59,,137859,13,,,0,20,,137865,13,,,0,21,,137864,13,,,0,59,,137858,13,,,0,20,,137835,13,,,0,22,,137842,13,,,0,59,,137857,13,,,0,24,,137877,13,,,0,19,,137844,13,,,0,60,,137856,13,,,0,23,,137870,13,,,0,19,,137867,13,,,0,64,,137855,13,,,0,16,,137848,13,,,0,15,,137845,13,,,0,55,,137863,13,,,0,16,,137854,13,,,0,30,,137871,13,,,0,70,,137862,13,,,0,30,,137846,13,,,0,69,,137851,13,,,0,30,,137850,13,,,0,68,,137872,13,,,0,30,,137853,13,,,0,69,,137837,13,,,0,32,,137852,13,,,0,66,,137847,13,,,0,36,,137833,13,,,0
667700,'201',1612,,137832,13,,,0
667700,'3',819,,137896,13,,,0,30,,137890,13,,,0,70,,137899,13,,,0,31,,137889,13,,,0,69,,137897,13,,,0,30,,137888,13,,,0,68,,137898,13,,,0,32,,137879,13,,,0,70,,137900,13,,,0,30,,137887,13,,,0,72,,137883,13,,,0,30,,137895,13,,,0,71,,137902,13,,,0,28,,137894,13,,,0,56,,137916,13,,,0,29,,137903,13,,,0,15,,137893,13,,,0,55,,137915,13,,,0,30,,137906,13,,,0,17,,137892,13,,,0,55,,137914,13,,,0,31,,137904,13,,,0,14,,137891,13,,,0,57,,137913,13,,,0,28,,137901,13,,,0,14,,137886,13,,,0,57,,137912,13,,,0,28,,137881,13,,,0,15,,137885,13,,,0,58,,137911,13,,,0,25,,137880,13,,,0,17,,137884,13,,,0,69,,137882,13,,,0,30,,137910,13,,,0,70,,137907,13,,,0,30,,137909,13,,,0,70,,137905,13,,,0,34,,137908,13,,,0
683700,'1',2536,,155452,40,,,0,20,,155451,40,,,0,60,,155447,40,,,0,29,,155450,40,,,0,74,,155449,40,,,0,19,,155448,40,,,0,68,,155446,40,,,0
683700,'1101',2656,,155444,40,,,0
683700,'1201',2656,,155445,40,,,0
683700,'2',523,,155461,14,,,0,2019,,155455,40,,,0,62,,155460,40,,,0,14,,155454,40,,,0,19,,155459,40,,,0,20,,155456,40,,,0,70,,155458,40,,,0,12,,155457,40,,,0,74,,155453,40,,,0
683700,'3',553,,155470,14,,,0,74,,155471,14,,,0,31,,155472,14,,,0,70,,155473,34,,,0,1688,,155466,40,,,0,34,,155465,40,,,0,68,,155464,40,,,0,40,,155463,40,,,0,69,,155462,40,,,0,21,,155469,40,,,0,88,,155468,40,,,0,67,,155467,40,,,0
