3181700,'1',525,,106537,42,4,,0,30,,106510,42,4,,0,70,,106511,42,4,,0,31,,106512,42,4,,0,62,,106513,42,4,,0,33,,106514,42,4,,0,70,,106515,42,4,,0,31,,106516,42,4,,0,70,,106517,42,4,,0,30,,106518,42,4,,0,70,,106519,42,4,,0,30,,106520,42,4,,0,70,,106521,42,4,,0,32,,106522,42,4,,0,70,,106523,42,4,,0,30,,106524,42,4,,0,70,,106525,42,4,,0,31,,106526,42,4,,0,70,,106527,42,4,,0,30,,106528,42,4,,0,71,,106529,42,4,,0,31,,106530,42,4,,0,68,,106531,42,4,,0,29,,106532,42,4,,0,70,,106533,42,4,,0,28,,106534,42,4,,0,70,,106535,42,4,,0,30,,106536,42,4,,0,69,,106538,42,4,,0
3181700,'2',750,,106541,42,4,,0,98,,106542,42,4,,0,100,,106543,42,4,,0,102,,106544,42,4,,0,99,,106545,42,4,,0,101,,106546,42,4,,0,101,,106547,42,4,,0,97,,106548,42,4,,0,104,,106549,42,4,,0,101,,106550,42,4,,0,100,,106551,42,4,,0,100,,106539,42,4,,0,100,,106540,42,4,,0,98,,106552,42,4,,0
3181700,'3',850,,106553,42,4,,0,102,,106554,42,4,,0,101,,106555,42,4,,0,99,,106556,42,4,,0,100,,106557,42,4,,0,103,,106558,42,4,,0,100,,106559,42,4,,0,101,,106560,42,4,,0,99,,106561,42,4,,0,101,,106562,42,4,,0,102,,106563,42,4,,0
3181701,'1',530,,106590,1,,,0,70,,106591,1,,,0,30,,106592,1,,,0,71,,106564,1,,,0,29,,106565,1,,,0,70,,106566,1,,,0,30,,106589,1,,,0,70,,106567,1,,,0,30,,106568,1,,,0,70,,106579,1,,,0,30,,106580,1,,,0,70,,106581,1,,,0,30,,106582,1,,,0,70,,106583,1,,,0,30,,106584,1,,,0,70,,106585,1,,,0,30,,106570,1,,,0,70,,106569,1,,,0,30,,106571,1,,,0,70,,106572,1,,,0,30,,106573,1,,,0,71,,106574,1,,,0,29,,106575,1,,,0,70,,106576,1,,,0,30,,106577,1,,,0,70,,106578,1,,,0,30,,106586,1,,,0,70,,106587,1,,,0,30,,106588,1,,,0
3181701,'2',800,,106593,1,,,0,100,,106594,1,,,0,100,,106595,1,,,0,100,,106596,1,,,0,100,,106597,1,,,0,100,,106606,1,,,0,100,,106598,1,,,0,100,,106599,1,,,0,100,,106600,1,,,0,100,,106601,1,,,0,100,,106602,1,,,0,100,,106603,1,,,0,100,,106604,1,,,0,100,,106605,1,,,0
3181701,'3',905,,106610,1,,,0,100,,106611,1,,,0,99,,106612,1,,,0,99,,106613,1,,,0,55,,106614,1,,,0,142,,106615,1,,,0,100,,106616,1,,,0,101,,106607,1,,,0,99,,106608,1,,,0,101,,106609,1,,,0
3181800,'1',953,,106647,14,4,,0,70,,106624,14,4,,0,30,,106625,14,4,,0,70,,106626,14,4,,0,30,,106627,14,4,,0,70,,106628,14,4,,0,31,,106629,14,4,,0,70,,106630,14,4,,0,30,,106631,14,4,,0,71,,106632,14,4,,0,30,,106633,14,4,,0,70,,106634,14,4,,0,31,,106635,14,4,,0,69,,106636,14,4,,0,28,,106637,14,4,,0,69,,106646,14,4,,0,30,,106638,14,4,,0,69,,106639,14,4,,0,30,,106640,14,4,,0,70,,106641,14,4,,0,30,,106642,14,4,,0,70,,106643,14,4,,0,30,,106644,14,4,,0,70,,106645,14,4,,0
3181800,'1101',2151,,106617,14,4,,0
3181800,'1201',2151,,106618,14,4,,0,80,,106619,14,4,,0,80,,106621,14,4,,0,40,,106620,14,4,,0,70,,106622,14,4,,0,30,,106623,14,4,,0
3181800,'2',819,,106664,14,4,,0,30,,106648,14,4,,0,69,,106665,14,4,,0,30,,106649,14,4,,0,69,,106666,14,4,,0,35,,106650,14,4,,0,69,,106667,14,4,,0,30,,106651,14,4,,0,70,,106668,14,4,,0,30,,106652,14,4,,0,70,,106669,14,4,,0,30,,106653,14,4,,0,71,,106670,14,4,,0,30,,106654,14,4,,0,71,,106671,14,4,,0,29,,106655,14,4,,0,72,,106672,14,4,,0,29,,106656,14,4,,0,69,,106673,14,4,,0,28,,106657,14,4,,0,70,,106674,14,4,,0,30,,106658,14,4,,0,71,,106675,14,4,,0,29,,106659,14,4,,0,70,,106676,14,4,,0,30,,106660,14,4,,0,71,,106677,14,4,,0,30,,106661,14,4,,0,70,,106678,14,4,,0,30,,106662,14,4,,0,69,,106679,14,4,,0,30,,106663,14,4,,0,70,,106680,14,4,,0,30,,106681,14,4,,0
3181800,'3',851,,106703,14,4,,0,70,,106689,14,4,,0,30,,106704,14,4,,0,70,,106690,14,4,,0,30,,106705,14,4,,0,70,,106691,14,4,,0,31,,106706,14,4,,0,70,,106692,14,4,,0,30,,106707,14,4,,0,71,,106693,14,4,,0,29,,106708,14,4,,0,71,,106694,14,4,,0,29,,106682,14,4,,0,71,,106695,14,4,,0,30,,106683,14,4,,0,70,,106696,14,4,,0,29,,106684,14,4,,0,70,,106697,14,4,,0,30,,106685,14,4,,0,70,,106698,14,4,,0,29,,106686,14,4,,0,73,,106699,14,4,,0,30,,106687,14,4,,0,70,,106700,14,4,,0,30,,106702,14,4,,0,70,,106701,14,4,,0,30,,106688,14,4,,0
3181801,'1',930,,106719,1,,,0,70,,106720,1,,,0,30,,106721,1,,,0,70,,106722,1,,,0,30,,106723,1,,,0,70,,106724,1,,,0,31,,106725,1,,,0,70,,106726,1,,,0,30,,106727,1,,,0,69,,106728,1,,,0,30,,106729,1,,,0,70,,106730,1,,,0,31,,106731,1,,,0,71,,106732,1,,,0,28,,106733,1,,,0,70,,106734,1,,,0,30,,106735,1,,,0,70,,106736,1,,,0,30,,106737,1,,,0,70,,106738,1,,,0,32,,106714,1,,,0,70,,106715,1,,,0,30,,106716,1,,,0,71,,106717,1,,,0,30,,106718,1,,,0
3181801,'1201',2213,,106709,1,,,0,41,,106711,1,,,0,80,,106710,1,,,0,70,,106712,1,,,0,30,,106713,1,,,0
3181801,'2',800,,106768,1,,,0,30,,106739,1,,,0,29,,106769,1,,,0,70,,106755,1,,,0,29,,106741,1,,,0,70,,106740,1,,,0,30,,106742,1,,,0,70,,106746,1,,,0,30,,106743,1,,,0,70,,106756,1,,,0,30,,106744,1,,,0,70,,106757,1,,,0,30,,106745,1,,,0,70,,106759,1,,,0,31,,106758,1,,,0,69,,106760,1,,,0,72,,106747,1,,,0,29,,106761,1,,,0,29,,106748,1,,,0,70,,106762,1,,,0,30,,106749,1,,,0,70,,106763,1,,,0,72,,106750,1,,,0,29,,106764,1,,,0,30,,106751,1,,,0,70,,106765,1,,,0,30,,106752,1,,,0,70,,106766,1,,,0,72,,106753,1,,,0,30,,106770,1,,,0,71,,106754,1,,,0,30,,106767,1,,,0,70,,106771,1,,,0,30,,106772,1,,,0
3181801,'3',831,,106797,1,,,0,70,,106783,1,,,0,30,,106798,1,,,0,70,,106784,1,,,0,29,,106799,1,,,0,70,,106785,1,,,0,29,,106796,1,,,0,30,,106786,1,,,0,70,,106773,1,,,0,71,,106787,1,,,0,29,,106774,1,,,0,71,,106788,1,,,0,29,,106775,1,,,0,71,,106789,1,,,0,30,,106776,1,,,0,70,,106790,1,,,0,29,,106777,1,,,0,30,,106791,1,,,0,71,,106778,1,,,0,70,,106792,1,,,0,30,,106779,1,,,0,72,,106793,1,,,0,30,,106780,1,,,0,70,,106794,1,,,0,30,,106781,1,,,0,71,,106795,1,,,0,30,,106782,1,,,0
