'152201merged14745388',663700,211000,4,'',0,1700,4,'',0,2000,4,'',0,6000,4,'',0,2200,4,'',0,1800,4,'',0,6500,4,'',0,2300,4,'',0,2200,4,'',0,7400,4,'',0,2700,4,'',0,7000,4,'',0,7800,4,'',0
'152201merged14745388',663701,204700,,'',0,6200,,'',0,2300,,'',0,2000,,'',0,5500,,'',0,2200,,'',0,1800,,'',0,6500,,'',0,2300,,'',0,2200,,'',0,7400,,'',0,2700,,'',0,7000,,'',0
'152301merged14745389',663700,211000,4,'',0,1700,4,'',0,2000,4,'',0,6000,4,'',0,2200,4,'',0,1800,4,'',0,6500,4,'',0,2300,4,'',0,2200,4,'',0,7400,4,'',0,2700,4,'',0,7000,4,'',0,7800,4,'',0
'152301merged14745389',663701,204700,,'',0,6200,,'',0,2300,,'',0,2000,,'',0,5500,,'',0,2200,,'',0,1800,,'',0,6500,,'',0,2300,,'',0,2200,,'',0,7400,,'',0,2700,,'',0,7000,,'',0
'1merged14745384',663700,52700,4,'',0,2000,4,'',0,6000,4,'',0,2000,4,'',0,2000,4,'',0,6000,4,'',0,2000,4,'',0,1800,4,'',0,5800,4,'',0,1700,4,'',0,2000,4,'',0,1600,4,'',0,5600,4,'',0,1600,4,'',0,1600,4,'',0,5800,4,'',0,1700,4,'',0,1700,4,'',0,1700,4,'',0,5800,4,'',0,1700,4,'',0,1500,4,'',0,5700,4,'',0,1700,4,'',0,1700,4,'',0,1700,4,'',0,5700,4,'',0,1700,4,'',0,1700,4,'',0,1700,4,'',0,5800,4,'',0,1500,4,'',0,1500,4,'',0,5500,4,'',0,1400,4,'',0,1400,4,'',0,1600,4,'',0,5700,4,'',0,1400,4,'',0,1400,4,'',0,1400,4,'',0,1400,4,'',0,5500,4,'',0,1500,4,'',0,1500,4,'',0,5600,4,'',0,1400,4,'',0,1600,4,'',0,1400,4,'',0,1400,4,'',0,5500,4,'',0,1700,4,'',0,1600,4,'',0,5800,4,'',0,1700,4,'',0,1700,4,'',0,1700,4,'',0
'1merged14745384',663701,45700,,'',0,6000,,'',0,2000,,'',0,1700,,'',0,6100,,'',0,1900,,'',0,1800,,'',0,5500,,'',0,1700,,'',0,1600,,'',0,1600,,'',0,5800,,'',0,1600,,'',0,1800,,'',0,5700,,'',0,1600,,'',0,1700,,'',0,1600,,'',0,5700,,'',0,1700,,'',0,1700,,'',0,5700,,'',0,1700,,'',0,1700,,'',0,1700,,'',0,5700,,'',0,1600,,'',0,1600,,'',0,1400,,'',0,5400,,'',0,1500,,'',0,1500,,'',0,1500,,'',0,5500,,'',0,1500,,'',0,1500,,'',0,1500,,'',0,5500,,'',0,1500,,'',0,1500,,'',0,1400,,'',0,5500,,'',0,1400,,'',0,1500,,'',0,1500,,'',0,5500,,'',0,1500,,'',0,1500,,'',0,1500,,'',0,5800,,'',0,1500,,'',0,1700,,'',0,5800,,'',0,1800,,'',0,1800,,'',0,1600,,'',0,5700,,'',0,1800,,'',0
'2merged14745386',663700,52700,4,'',0,2000,4,'',0,6000,4,'',0,2100,4,'',0,2000,4,'',0,6000,4,'',0,2000,4,'',0,2000,4,'',0,6100,4,'',0,2100,4,'',0,2000,4,'',0,6000,4,'',0,2200,4,'',0,1700,4,'',0,5700,4,'',0,1700,4,'',0,1800,4,'',0,1700,4,'',0,5700,4,'',0,1600,4,'',0,1500,4,'',0,5800,4,'',0,1500,4,'',0,1500,4,'',0,1500,4,'',0,5500,4,'',0,1500,4,'',0,1600,4,'',0,1500,4,'',0,5700,4,'',0,1600,4,'',0,1500,4,'',0,1500,4,'',0,5400,4,'',0,1500,4,'',0,1500,4,'',0,1500,4,'',0,5500,4,'',0,1500,4,'',0,1500,4,'',0,1500,4,'',0,5500,4,'',0,1500,4,'',0,1400,4,'',0,1500,4,'',0,5500,4,'',0,1500,4,'',0,1400,4,'',0,1500,4,'',0,5400,4,'',0,1500,4,'',0,1500,4,'',0,1500,4,'',0,5300,4,'',0,1500,4,'',0,1500,4,'',0,1600,4,'',0,5700,4,'',0,2000,4,'',0,2000,4,'',0,6000,4,'',0,2100,4,'',0,2000,4,'',0,6000,4,'',0,2300,4,'',0,7100,4,'',0,3100,4,'',0,7000,4,'',0,2800,4,'',0,1900,4,'',0
'2merged14745386',663701,45500,,'',0,6000,,'',0,2000,,'',0,2000,,'',0,6000,,'',0,2000,,'',0,2000,,'',0,6000,,'',0,2000,,'',0,2000,,'',0,6000,,'',0,1600,,'',0,1700,,'',0,5700,,'',0,1800,,'',0,1700,,'',0,1800,,'',0,5600,,'',0,1800,,'',0,1800,,'',0,5300,,'',0,1500,,'',0,1400,,'',0,1400,,'',0,5400,,'',0,1400,,'',0,1500,,'',0,1400,,'',0,1500,,'',0,5500,,'',0,1200,,'',0,1600,,'',0,1600,,'',0,5600,,'',0,1600,,'',0,1500,,'',0,1500,,'',0,5500,,'',0,1500,,'',0,1500,,'',0,1500,,'',0,5500,,'',0,1500,,'',0,1600,,'',0,5600,,'',0,1400,,'',0,1500,,'',0,1500,,'',0,5500,,'',0,1400,,'',0,1600,,'',0,1500,,'',0,5500,,'',0,1800,,'',0,2000,,'',0,1900,,'',0,5900,,'',0,1900,,'',0,1900,,'',0,5900,,'',0,2000,,'',0,2000,,'',0,5200,,'',0,2100,,'',0,2000,,'',0,8300,,'',0,7100,,'',0,3100,,'',0,7000,,'',0,2800,,'',0
'3merged14745385',663700,52700,4,'',0,3000,4,'',0,7000,4,'',0,7500,4,'',0,2600,4,'',0,2000,4,'',0,6000,4,'',0,2000,4,'',0,2200,4,'',0,6000,4,'',0,2100,4,'',0,2000,4,'',0,6000,4,'',0,2000,4,'',0,1700,4,'',0,5700,4,'',0,1700,4,'',0,1900,4,'',0,1700,4,'',0,5900,4,'',0,1700,4,'',0,1700,4,'',0,5700,4,'',0,1700,4,'',0,1800,4,'',0,1600,4,'',0,5500,4,'',0,1500,4,'',0,1500,4,'',0,1500,4,'',0,5600,4,'',0,1500,4,'',0,1500,4,'',0,5500,4,'',0,1500,4,'',0,1500,4,'',0,1500,4,'',0,5600,4,'',0,1500,4,'',0,1500,4,'',0,1500,4,'',0,5500,4,'',0,1500,4,'',0,1500,4,'',0,1500,4,'',0,6000,4,'',0,2000,4,'',0,2000,4,'',0,5900,4,'',0,2000,4,'',0,2000,4,'',0,6000,4,'',0,1900,4,'',0,2000,4,'',0,6000,4,'',0,2400,4,'',0,2200,4,'',0,5400,4,'',0,2100,4,'',0,2600,4,'',0,7000,4,'',0,3100,4,'',0,6800,4,'',0,3000,4,'',0
'3merged14745385',663701,43100,,'',0,7000,,'',0,3300,,'',0,7000,,'',0,3100,,'',0,2200,,'',0,6000,,'',0,2000,,'',0,2000,,'',0,6000,,'',0,1900,,'',0,2000,,'',0,5900,,'',0,1900,,'',0,1700,,'',0,5500,,'',0,1700,,'',0,1700,,'',0,1700,,'',0,5600,,'',0,1700,,'',0,1500,,'',0,1400,,'',0,5500,,'',0,1300,,'',0,1500,,'',0,1500,,'',0,5500,,'',0,1600,,'',0,1500,,'',0,1500,,'',0,5500,,'',0,1500,,'',0,1500,,'',0,1500,,'',0,5500,,'',0,1500,,'',0,1500,,'',0,1500,,'',0,5500,,'',0,1500,,'',0,1500,,'',0,1500,,'',0,5500,,'',0,1600,,'',0,2000,,'',0,6200,,'',0,2000,,'',0,2000,,'',0,6100,,'',0,2000,,'',0,2000,,'',0,6100,,'',0,2000,,'',0,2000,,'',0,6000,,'',0,2500,,'',0,600,,'',0,6000,,'',0,2400,,'',0,2200,,'',0,7500,,'',0,2600,,'',0,7000,,'',0,3100,,'',0,6800,,'',0
