664600,'1',607,,72477,21,,,0,5,,72463,47,,,0,33,,72462,47,,,0,70,,72492,47,,,0,20,,72491,47,,,0,65,,72487,47,,,0,21,,72490,47,,,0,21,,72474,47,,,0,62,,72459,47,,,0,23,,72458,47,,,0,18,,72476,47,,,0,60,,72499,47,,,0,30,,72498,47,,,0,70,,72497,47,,,0,30,,72466,47,,,0,70,,72470,47,,,0,31,,72469,47,,,0,70,,72468,47,,,0,30,,72479,47,,,0,71,,72493,47,,,0,31,,72502,47,,,0,76,,72484,47,,,0,30,,72483,47,,,0,72,,72480,47,,,0,20,,72488,47,,,0,20,,72460,47,,,0,60,,72500,47,,,0,20,,72485,47,,,0,16,,72478,47,,,0,60,,72482,47,,,0,18,,72461,47,,,0,17,,72471,47,,,0,60,,72475,47,,,0,23,,72486,47,,,0,70,,72496,47,,,0,27,,72457,47,,,0,30,,72465,47,,,0,70,,72464,47,,,0,27,,72494,47,,,0,70,,72467,47,,,0,23,,72495,47,,,0,70,,72473,47,,,0,34,,72481,47,,,0,71,,72472,47,,,0,78,,72489,47,,,0,48,,72501,47,,,0
664600,'101',814,,72456,47,,,0
664600,'2',638,,72537,47,,,0,70,,72507,47,,,0,31,,72516,47,,,0,71,,72534,47,,,0,30,,72535,47,,,0,80,,72523,47,,,0,36,,72503,47,,,0,75,,72527,47,,,0,70,,72515,47,,,0,31,,72538,47,,,0,72,,72517,47,,,0,29,,72518,47,,,0,70,,72510,47,,,0,30,,72519,47,,,0,72,,72520,47,,,0,28,,72521,47,,,0,72,,72504,47,,,0,30,,72532,47,,,0,69,,72524,47,,,0,29,,72525,47,,,0,71,,72526,47,,,0,26,,72505,47,,,0,70,,72508,47,,,0,31,,72509,47,,,0,28,,72536,47,,,0,70,,72528,47,,,0,30,,72529,47,,,0,71,,72506,47,,,0,71,,72530,47,,,0,32,,72511,47,,,0,69,,72512,47,,,0,23,,72514,47,,,0,27,,72513,47,,,0,70,,72531,47,,,0,86,,72533,47,,,0,100,,72522,47,,,0
664600,'3',810,,72557,47,,,0,32,,72552,47,,,0,70,,72569,47,,,0,33,,72540,47,,,0,71,,72541,47,,,0,30,,72556,47,,,0,70,,72543,47,,,0,30,,72544,47,,,0,72,,72545,47,,,0,30,,72547,47,,,0,72,,72546,47,,,0,30,,72560,47,,,0,70,,72564,47,,,0,30,,72548,47,,,0,70,,72549,47,,,0,30,,72550,47,,,0,70,,72553,47,,,0,30,,72561,47,,,0,70,,72571,47,,,0,30,,72562,47,,,0,69,,72542,47,,,0,28,,72554,47,,,0,70,,72555,47,,,0,30,,72559,47,,,0,70,,72558,47,,,0,27,,72539,47,,,0,70,,72563,47,,,0,30,,72565,47,,,0,70,,72566,47,,,0,28,,72567,47,,,0,70,,72570,47,,,0,99,,72568,47,,,0,105,,72551,47,,,0
666401,'1',617,,77071,48,,,0,33,,77072,48,,,0,68,,77054,48,,,0,34,,77087,48,,,0,75,,77055,48,,,0,28,,77056,48,,,0,74,,77057,48,,,0,26,,77058,48,,,0,68,,77060,48,,,0,30,,77061,48,,,0,70,,77062,48,,,0,31,,77063,48,,,0,70,,77065,48,,,0,31,,77064,48,,,0,70,,77059,48,,,0,30,,77066,48,,,0,70,,77067,48,,,0,31,,77073,48,,,0,70,,77074,48,,,0,30,,77077,48,,,0,70,,77075,48,,,0,30,,77076,48,,,0,70,,77068,48,,,0,29,,77078,48,,,0,70,,77079,48,,,0,32,,77080,48,,,0,73,,77081,48,,,0,29,,77082,48,,,0,73,,77083,48,,,0,24,,77084,48,,,0,86,,77090,48,,,0,80,,77069,48,,,0,80,,77089,48,,,0,39,,77070,48,,,0,80,,77085,48,,,0,80,,77088,48,,,0,40,,77086,48,,,0
666401,'2',553,,77091,48,,,0,70,,77092,48,,,0,30,,77093,48,,,0,72,,77094,48,,,0,33,,77095,48,,,0,72,,77096,48,,,0,71,,77097,48,,,0,30,,77098,48,,,0,72,,77099,48,,,0,30,,77100,48,,,0,70,,77101,48,,,0,29,,77102,48,,,0,69,,77103,48,,,0,30,,77104,48,,,0,72,,77105,48,,,0,30,,77106,48,,,0,70,,77107,48,,,0,30,,77108,48,,,0,69,,77109,48,,,0,31,,77110,48,,,0,72,,77111,48,,,0,29,,77112,48,,,0,68,,77113,48,,,0,31,,77114,48,,,0,70,,77115,48,,,0,29,,77116,48,,,0,71,,77117,48,,,0,29,,77118,48,,,0,68,,77119,48,,,0,29,,77120,48,,,0,30,,77121,48,,,0,100,,77122,48,,,0,97,,77123,48,,,0,100,,77124,48,,,0,185,,77125,48,,,0
666401,'3',700,,77133,48,,,0,100,,77134,48,,,0,103,,77135,48,,,0,47,,77136,48,,,0,101,,77137,48,,,0,100,,77138,48,,,0,68,,77151,48,,,0,32,,77139,48,,,0,70,,77145,48,,,0,32,,77140,48,,,0,70,,77146,48,,,0,30,,77141,48,,,0,65,,77147,48,,,0,35,,77142,48,,,0,67,,77148,48,,,0,33,,77132,48,,,0,67,,77149,48,,,0,33,,77143,48,,,0,68,,77150,48,,,0,31,,77144,48,,,0,98,,77129,48,,,0,100,,77126,48,,,0,98,,77131,48,,,0,101,,77127,48,,,0,175,,77128,48,,,0,115,,77130,48,,,0
684101,'1',355,,97102,31,,,0,69,,97101,31,,,0,12,,97100,31,,,0,2005,,97104,31,,,0,70,,97098,31,,,0,35,,97097,31,,,0,70,,97096,31,,,0,30,,97099,31,,,0,75,,97103,31,,,0
684101,'2',351,,97105,31,,,0,70,,97110,31,,,0,32,,97111,31,,,0,68,,97112,31,,,0,28,,97109,31,,,0,1890,,97114,31,,,0,75,,97106,31,,,0,37,,97113,31,,,0,61,,97107,31,,,0,29,,97108,31,,,0,78,,97115,31,,,0
684101,'3',353,,97124,31,,,0,70,,97126,31,,,0,28,,97123,31,,,0,70,,97122,31,,,0,15,,97129,31,,,0,15,,97119,31,,,0,55,,97130,31,,,0,16,,97121,31,,,0,1789,,97127,31,,,0,33,,97128,31,,,0,70,,97116,31,,,0,27,,97117,31,,,0,70,,97118,31,,,0,38,,97120,31,,,0,70,,97125,31,,,0
3004301,'1',503,,103850,30,,,0,19,,103849,30,,,0,20,,103848,30,,,0,61,,103847,30,,,0,18,,103862,30,,,0,17,,103861,30,,,0,14,,103860,30,,,0,54,,103859,30,,,0,19,,103858,30,,,0,19,,103857,30,,,0,13,,103856,30,,,0,56,,103855,30,,,0,17,,103854,30,,,0,17,,103853,30,,,0,55,,103852,30,,,0,17,,103851,30,,,0,15,,103828,30,,,0,14,,103827,30,,,0,54,,103872,30,,,0,19,,103826,30,,,0,12,,103871,30,,,0,15,,103825,30,,,0,55,,103870,30,,,0,15,,103824,30,,,0,16,,103869,30,,,0,15,,103823,30,,,0,55,,103868,30,,,0,15,,103822,30,,,0,15,,103867,30,,,0,15,,103809,30,,,0,55,,103866,30,,,0,15,,103821,30,,,0,15,,103865,30,,,0,15,,103820,30,,,0,55,,103864,30,,,0,15,,103846,30,,,0,15,,103863,30,,,0,25,,103845,30,,,0,67,,103844,30,,,0,19,,103843,30,,,0,56,,103842,30,,,0,12,,103841,30,,,0,16,,103840,30,,,0,16,,103839,30,,,0,55,,103838,30,,,0,14,,103837,30,,,0,15,,103836,30,,,0,19,,103835,30,,,0,10,,103834,30,,,0,55,,103833,30,,,0,14,,103832,30,,,0,15,,103831,30,,,0,17,,103830,30,,,0,53,,103829,30,,,0,12,,103819,30,,,0,19,,103818,30,,,0,60,,103873,30,,,0,19,,103817,30,,,0,20,,103816,30,,,0,60,,103874,30,,,0,19,,103815,30,,,0,30,,103814,30,,,0,69,,103808,30,,,0,30,,103813,30,,,0,70,,103812,30,,,0,30,,103811,30,,,0,70,,103810,30,,,0
3004301,'101',1543,,103807,25,,,0
3004301,'2',624,,103876,30,,,0,30,,103907,30,,,0,72,,103906,30,,,0,30,,103905,30,,,0,71,,103904,30,,,0,30,,103903,30,,,0,70,,103902,30,,,0,32,,103901,30,,,0,71,,103900,30,,,0,18,,103899,30,,,0,61,,103909,30,,,0,21,,103898,30,,,0,19,,103897,30,,,0,59,,103910,30,,,0,20,,103896,30,,,0,20,,103895,30,,,0,61,,103911,30,,,0,20,,103894,30,,,0,20,,103893,30,,,0,60,,103912,30,,,0,20,,103892,30,,,0,20,,103891,30,,,0,60,,103913,30,,,0,19,,103890,30,,,0,20,,103889,30,,,0,60,,103914,30,,,0,20,,103888,30,,,0,20,,103887,30,,,0,60,,103915,30,,,0,15,,103875,30,,,0,25,,103886,30,,,0,59,,103916,30,,,0,14,,103885,30,,,0,36,,103884,30,,,0,65,,103883,30,,,0,35,,103882,30,,,0,70,,103881,30,,,0,30,,103880,30,,,0,70,,103879,30,,,0,30,,103908,30,,,0,69,,103878,30,,,0,24,,103917,30,,,0,76,,103877,30,,,0
3004301,'3',725,,103944,30,,,0,31,,103943,30,,,0,71,,103942,30,,,0,30,,103941,30,,,0,69,,103940,30,,,0,31,,103939,30,,,0,71,,103938,30,,,0,20,,103945,30,,,0,60,,103937,30,,,0,22,,103936,30,,,0,19,,103946,30,,,0,55,,103935,30,,,0,22,,103934,30,,,0,20,,103947,30,,,0,61,,103933,30,,,0,20,,103932,30,,,0,20,,103948,30,,,0,61,,103931,30,,,0,18,,103930,30,,,0,20,,103949,30,,,0,58,,103929,30,,,0,20,,103928,30,,,0,21,,103950,30,,,0,60,,103926,30,,,0,20,,103925,30,,,0,20,,103951,30,,,0,59,,103924,30,,,0,20,,103923,30,,,0,24,,103952,30,,,0,60,,103922,30,,,0,30,,103921,30,,,0,70,,103955,30,,,0,30,,103956,30,,,0,70,,103927,30,,,0,28,,103920,30,,,0,20,,103919,30,,,0,79,,103918,30,,,0,70,,103953,30,,,0,30,,103958,30,,,0,70,,103954,30,,,0,28,,103957,30,,,0
