664901,'1',527,,15186,,,0,14,,15203,,,0,8,,15185,,,0,61,,15201,,,0,15,,15147,,,0,16,,15177,,,0,14,,15190,,,0,54,,15212,,,0,12,,15146,,,0,12,,15171,,,0,12,,15172,,,0,14,,15208,,,0,52,,15145,,,0,17,,15170,,,0,15,,15192,,,0,15,,15165,,,0,53,,15205,,,0,15,,15164,,,0,14,,15154,,,0,14,,15193,,,0,55,,15173,,,0,15,,15209,,,0,15,,15148,,,0,15,,15204,,,0,54,,15189,,,0,16,,15155,,,0,15,,15141,,,0,15,,15206,,,0,55,,15195,,,0,16,,15142,,,0,14,,15191,,,0,15,,15178,,,0,55,,15149,,,0,15,,15194,,,0,16,,15174,,,0,16,,15156,,,0,56,,15139,,,0,16,,15202,,,0,14,,15184,,,0,13,,15196,,,0,53,,15175,,,0,13,,15138,,,0,16,,15157,,,0,16,,15197,,,0,55,,15215,,,0,13,,15228,,,0,17,,15176,,,0,14,,15198,,,0,55,,15137,,,0,16,,15143,,,0,14,,15153,,,0,15,,15187,,,0,52,,15221,,,0,15,,15200,,,0,14,,15227,,,0,7,,15222,,,0,13,,15213,,,0,55,,15223,,,0,14,,15163,,,0,17,,15168,,,0,16,,15211,,,0,55,,15152,,,0,13,,15162,,,0,16,,15151,,,0,14,,15144,,,0,55,,15150,,,0,12,,15182,,,0,33,,15183,,,0,77,,15210,,,0,72,,15179,,,0,34,,15180,,,0,78,,15181,,,0,31,,15140,,,0,75,,15159,,,0,34,,15160,,,0,70,,15161,,,0
664901,'2',608,,15275,,,0,33,,15277,,,0,83,,15278,,,0,33,,15279,,,0,58,,15280,,,0,15,,15243,,,0,15,,15269,,,0,55,,15272,,,0,18,,15239,,,0,13,,15240,,,0,16,,15262,,,0,55,,15270,,,0,15,,15238,,,0,15,,15288,,,0,16,,15241,,,0,55,,15267,,,0,15,,15286,,,0,15,,15265,,,0,15,,15237,,,0,56,,15253,,,0,15,,15290,,,0,14,,15261,,,0,15,,15260,,,0,55,,15263,,,0,16,,15258,,,0,16,,15256,,,0,14,,15248,,,0,55,,15249,,,0,14,,15236,,,0,17,,15259,,,0,15,,15234,,,0,55,,15251,,,0,15,,15255,,,0,15,,15289,,,0,15,,15264,,,0,54,,15244,,,0,15,,15294,,,0,14,,15233,,,0,15,,15257,,,0,55,,15268,,,0,15,,15235,,,0,15,,15250,,,0,15,,15246,,,0,55,,15274,,,0,15,,15285,,,0,16,,15254,,,0,16,,15245,,,0,54,,15242,,,0,15,,15284,,,0,14,,15252,,,0,15,,15281,,,0,55,,15291,,,0,14,,15282,,,0,15,,15292,,,0,15,,15276,,,0,55,,15295,,,0,14,,15283,,,0,15,,15229,,,0,20,,15230,,,0,72,,15231,,,0,27,,15232,,,0,69,,15266,,,0,32,,15247,,,0,73,,15273,,,0,25,,15287,,,0,75,,15293,,,0,83,,15271,,,0
664901,'3',556,,15301,,,0,72,,15359,,,0,29,,15302,,,0,70,,15303,,,0,31,,15304,,,0,70,,15305,,,0,30,,15306,,,0,56,,15307,,,0,15,,15298,,,0,16,,15308,,,0,55,,15296,,,0,15,,15329,,,0,15,,15299,,,0,15,,15330,,,0,55,,15341,,,0,17,,15353,,,0,15,,15349,,,0,15,,15323,,,0,55,,15350,,,0,15,,15326,,,0,15,,15351,,,0,16,,15314,,,0,55,,15352,,,0,15,,15354,,,0,15,,15339,,,0,15,,15347,,,0,55,,15340,,,0,15,,15297,,,0,15,,15357,,,0,15,,15333,,,0,55,,15358,,,0,15,,15328,,,0,15,,15332,,,0,15,,15310,,,0,55,,15335,,,0,15,,15348,,,0,15,,15336,,,0,15,,15300,,,0,55,,15337,,,0,14,,15324,,,0,15,,15338,,,0,15,,15325,,,0,55,,15346,,,0,15,,15343,,,0,15,,15309,,,0,14,,15312,,,0,55,,15344,,,0,15,,15316,,,0,15,,15345,,,0,15,,15317,,,0,55,,15327,,,0,14,,15318,,,0,15,,15342,,,0,15,,15319,,,0,55,,15313,,,0,15,,15320,,,0,30,,15315,,,0,70,,15321,,,0,30,,15322,,,0,68,,15331,,,0,30,,15311,,,0,70,,15355,,,0,30,,15356,,,0,70,,15334,,,0
665700,'1',541,,16715,,,0,59,,16745,,,0,20,,16746,,,0,13,,16717,,,0,15,,16729,,,0,53,,16731,,,0,13,,16726,,,0,15,,16749,,,0,16,,16725,,,0,57,,16707,,,0,14,,16732,,,0,15,,16742,,,0,15,,16696,,,0,54,,16737,,,0,15,,16699,,,0,15,,16705,,,0,14,,16719,,,0,15,,16730,,,0,55,,16694,,,0,15,,16740,,,0,14,,16736,,,0,15,,16714,,,0,55,,16720,,,0,15,,16728,,,0,15,,16751,,,0,15,,16692,,,0,56,,16721,,,0,15,,16708,,,0,15,,16734,,,0,15,,16706,,,0,55,,16722,,,0,15,,16709,,,0,16,,16710,,,0,55,,16691,,,0,15,,16723,,,0,15,,16712,,,0,16,,16724,,,0,55,,16733,,,0,16,,16744,,,0,15,,16739,,,0,15,,16743,,,0,74,,16752,,,0,12,,16716,,,0,15,,16690,,,0,54,,16718,,,0,15,,16701,,,0,16,,16727,,,0,16,,16700,,,0,54,,16711,,,0,15,,16703,,,0,15,,16738,,,0,14,,16702,,,0,69,,16695,,,0,30,,16704,,,0,70,,16698,,,0,29,,16741,,,0,69,,16713,,,0,30,,16748,,,0,70,,16693,,,0,34,,16735,,,0,75,,16697,,,0,30,,16747,,,0,77,,16750,,,0
665700,'101',1604,,16753,,,0
665700,'2',607,,16777,,,0,98,,16781,,,0,107,,16779,,,0,105,,16764,,,0,29,,16791,,,0,70,,16760,,,0,30,,16787,,,0,66,,16754,,,0,32,,16775,,,0,60,,16786,,,0,20,,16792,,,0,22,,16765,,,0,60,,16784,,,0,20,,16793,,,0,21,,16780,,,0,60,,16789,,,0,20,,16759,,,0,20,,16794,,,0,60,,16788,,,0,20,,16758,,,0,20,,16766,,,0,61,,16776,,,0,19,,16757,,,0,20,,16773,,,0,60,,16778,,,0,21,,16756,,,0,20,,16762,,,0,62,,16763,,,0,20,,16755,,,0,17,,16785,,,0,69,,16771,,,0,30,,16782,,,0,67,,16774,,,0,32,,16768,,,0,70,,16761,,,0,30,,16790,,,0,70,,16772,,,0,30,,16783,,,0,70,,16767,,,0,35,,16769,,,0,82,,16770,,,0
665700,'201',1604,,16795,,,0
665700,'3',715,,16801,,,0,100,,16804,,,0,100,,16822,,,0,30,,16819,,,0,71,,16796,,,0,30,,16825,,,0,70,,16815,,,0,30,,16827,,,0,72,,16805,,,0,31,,16809,,,0,70,,16806,,,0,30,,16812,,,0,70,,16816,,,0,30,,16824,,,0,70,,16820,,,0,30,,16811,,,0,70,,16807,,,0,30,,16799,,,0,70,,16817,,,0,30,,16802,,,0,70,,16826,,,0,29,,16797,,,0,69,,16818,,,0,29,,16823,,,0,70,,16810,,,0,29,,16808,,,0,70,,16821,,,0,30,,16798,,,0,70,,16814,,,0,30,,16813,,,0,70,,16828,,,0,30,,16803,,,0,85,,16800,,,0
3329201,'1',552,,49224,,,0,50,,49223,,,0,15,,49213,,,0,14,,49222,,,0,15,,49220,,,0,54,,49219,,,0,15,,49218,,,0,16,,49217,,,0,16,,49216,,,0,56,,49215,,,0,16,,49214,,,0,15,,49200,,,0,15,,49199,,,0,56,,49198,,,0,22,,49197,,,0,31,,49196,,,0,70,,49195,,,0,31,,49194,,,0,70,,49221,,,0,30,,49206,,,0,72,,49193,,,0,70,,49192,,,0,30,,49191,,,0,74,,49190,,,0,26,,49189,,,0,15,,49188,,,0,58,,49236,,,0,14,,49235,,,0,15,,49237,,,0,14,,49234,,,0,55,,49238,,,0,16,,49233,,,0,27,,49232,,,0,14,,49231,,,0,55,,49230,,,0,15,,49229,,,0,13,,49228,,,0,15,,49227,,,0,57,,49226,,,0,21,,49225,,,0,69,,49212,,,0,33,,49211,,,0,67,,49210,,,0,29,,49209,,,0,70,,49208,,,0,32,,49207,,,0,69,,49205,,,0,28,,49204,,,0,70,,49203,,,0,31,,49202,,,0,100,,49201,,,0
3329201,'101',1631,,49239,,,0
3329201,'2',627,,49243,,,0,31,,49241,,,0,78,,49261,,,0,67,,49260,,,0,31,,49259,,,0,72,,49258,,,0,25,,49257,,,0,70,,49256,,,0,29,,49255,,,0,70,,49254,,,0,31,,49253,,,0,71,,49252,,,0,30,,49251,,,0,70,,49250,,,0,32,,49249,,,0,71,,49275,,,0,30,,49274,,,0,70,,49273,,,0,28,,49272,,,0,73,,49271,,,0,32,,49270,,,0,68,,49269,,,0,31,,49268,,,0,69,,49267,,,0,30,,49266,,,0,68,,49265,,,0,32,,49264,,,0,73,,49263,,,0,31,,49262,,,0,70,,49242,,,0,30,,49240,,,0,71,,49248,,,0,28,,49247,,,0,65,,49246,,,0,32,,49245,,,0,98,,49244,,,0
3329201,'201',1631,,49276,,,0
3329201,'3',723,,49309,,,0,36,,49308,,,0,71,,49307,,,0,71,,49306,,,0,30,,49305,,,0,70,,49304,,,0,30,,49303,,,0,70,,49302,,,0,32,,49301,,,0,69,,49300,,,0,30,,49299,,,0,69,,49298,,,0,24,,49297,,,0,30,,49296,,,0,71,,49295,,,0,29,,49294,,,0,71,,49293,,,0,30,,49292,,,0,71,,49291,,,0,29,,49290,,,0,68,,49289,,,0,29,,49288,,,0,71,,49287,,,0,77,,49286,,,0,34,,49285,,,0,70,,49284,,,0,30,,49283,,,0,70,,49282,,,0,29,,49281,,,0,72,,49280,,,0,29,,49279,,,0,69,,49278,,,0,100,,49277,,,0
