667300,'1',541,,136873,23,,,0,76,,136881,23,,,0,21,,136872,23,,,0,11,,136882,23,,,0,67,,136871,23,,,0,23,,136870,23,,,0,68,,136844,33,,,0,12,,136883,21,,,0,37,,136884,33,,,0,55,,136846,21,,,0,24,,136845,21,,,0,65,,136867,23,,,0,25,,136866,23,,,0,30,,136865,35,,,0,70,,136857,35,,,0,29,,136856,35,,,0,68,,136855,35,,,0,32,,136854,35,,,0,70,,136853,35,,,0,30,,136874,35,,,0,60,,136852,35,,,0,40,,136851,35,,,0,66,,136850,35,,,0,28,,136869,35,,,0,70,,136860,35,,,0,3,,136868,35,,,0,15,,136864,35,,,0,77,,136859,35,,,0,21,,136858,35,,,0,68,,136863,35,,,0,15,,136877,35,,,0,13,,136862,35,,,0,15,,136848,35,,,0,68,,136861,35,,,0,31,,136876,23,,,0,70,,136885,23,,,0,31,,136879,23,,,0,70,,136886,23,,,0,31,,136849,23,,,0,97,,136878,23,,,0,100,,136880,23,,,0,99,,136847,23,,,0,96,,136875,23,,,0
667300,'101',834,,136842,30,,,0,696,,136843,17,0,32,0,129,,136841,35,,,0,89,,136840,35,,,0
667300,'2',637,,136890,23,,,0,100,,136891,23,,,0,102,,136892,23,,,0,104,,136893,23,,,0,60,,136894,23,,,0,17,,136924,23,,,0,20,,136895,23,,,0,60,,136896,35,,,0,21,,136897,35,,,0,20,,136925,35,,,0,60,,136912,35,,,0,20,,136898,35,,,0,20,,136926,35,,,0,61,,136913,35,,,0,20,,136899,35,,,0,20,,136927,35,,,0,59,,136914,35,,,0,20,,136900,35,,,0,21,,136928,35,,,0,59,,136901,35,,,0,21,,136932,35,,,0,19,,136915,35,,,0,59,,136902,35,,,0,22,,136929,35,,,0,19,,136916,35,,,0,59,,136903,35,,,0,20,,136930,35,,,0,21,,136917,35,,,0,59,,136918,35,,,0,20,,136931,35,,,0,20,,136919,35,,,0,62,,136911,35,,,0,32,,136904,35,,,0,74,,136920,23,,,0,30,,136905,23,,,0,70,,136921,23,,,0,32,,136906,23,,,0,69,,136923,23,,,0,31,,136907,23,,,0,69,,136922,23,,,0,30,,136908,23,,,0,100,,136909,23,,,0,101,,136910,23,,,0
667300,'201',839,,136887,21,,,0,820,,136888,35,,,0,89,,136889,35,,,0
667300,'3',712,,136933,23,,,0,94,,136934,23,,,0,31,,136976,23,,,0,20,,136962,23,,,0,61,,136977,23,,,0,21,,136953,35,,,0,62,,136955,35,,,0,20,,136968,35,,,0,20,,136935,35,,,0,60,,136936,35,,,0,21,,136952,35,,,0,19,,136969,35,,,0,60,,136937,35,,,0,20,,136961,35,,,0,20,,136970,35,,,0,60,,136938,35,,,0,21,,136960,35,,,0,19,,136971,35,,,0,61,,136939,35,,,0,19,,136959,35,,,0,20,,136972,35,,,0,61,,136940,35,,,0,20,,136958,35,,,0,20,,136973,35,,,0,60,,136941,35,,,0,20,,136974,35,,,0,20,,136957,35,,,0,60,,136942,35,,,0,20,,136975,35,,,0,20,,136956,35,,,0,60,,136943,35,,,0,20,,136944,35,,,0,25,,136954,35,,,0,67,,136965,35,,,0,31,,136945,23,,,0,70,,136963,23,,,0,29,,136946,23,,,0,70,,136964,23,,,0,30,,136947,23,,,0,70,,136966,23,,,0,29,,136948,23,,,0,70,,136967,23,,,0,30,,136949,23,,,0,100,,136950,23,,,0,100,,136951,23,,,0
667400,'1',511,,137147,17,,,0,33,,137148,17,,,0,89,,137139,17,,,0,72,,137145,17,,,0,28,,137138,17,,,0,73,,137129,17,,,0,28,,137137,17,,,0,71,,137124,17,,,0,32,,137123,17,,,0,76,,137122,17,,,0,31,,137121,17,,,0,70,,137131,17,,,0,31,,137130,17,,,0,69,,137118,17,,,0,28,,137120,17,,,0,66,,137146,17,,,0,28,,137119,17,,,0,74,,137125,17,,,0,27,,137140,17,,,0,70,,137126,17,,,0,97,,137136,17,,,0,30,,137141,17,,,0,73,,137128,17,,,0,31,,137135,17,,,0,73,,137134,17,,,0,24,,137132,17,,,0,79,,137143,17,,,0,27,,137149,17,,,0,71,,137142,17,,,0,31,,137150,17,,,0,69,,137144,17,,,0,100,,137117,17,,,0,99,,137133,17,,,0,101,,137127,17,,,0
667400,'101',1548,,137116,17,,,0
667400,'2',547,,137180,17,,,0,84,,137152,17,,,0,101,,137153,17,,,0,70,,137184,17,,,0,30,,137154,17,,,0,74,,137183,17,,,0,20,,137155,17,,,0,29,,137156,17,,,0,75,,137157,17,,,0,72,,137158,17,,,0,33,,137159,17,,,0,72,,137160,17,,,0,33,,137161,17,,,0,70,,137162,17,,,0,30,,137163,17,,,0,69,,137164,17,,,0,30,,137165,17,,,0,71,,137166,17,,,0,31,,137167,17,,,0,68,,137168,17,,,0,32,,137169,17,,,0,69,,137170,17,,,0,30,,137171,17,,,0,71,,137172,17,,,0,29,,137173,17,,,0,68,,137174,17,,,0,30,,137181,17,,,0,70,,137175,17,,,0,28,,137182,17,,,0,72,,137176,17,,,0,30,,137185,17,,,0,70,,137177,17,,,0,30,,137186,17,,,0,70,,137178,17,,,0,99,,137179,17,,,0
667400,'201',1548,,137151,17,,,0
667400,'3',743,,137213,17,,,0,90,,137187,17,,,0,70,,137188,17,,,0,29,,137211,17,,,0,70,,137212,17,,,0,30,,137189,17,,,0,71,,137190,17,,,0,31,,137191,17,,,0,70,,137192,17,,,0,30,,137193,17,,,0,70,,137194,17,,,0,30,,137195,17,,,0,70,,137196,17,,,0,30,,137197,17,,,0,71,,137198,17,,,0,29,,137199,17,,,0,70,,137200,17,,,0,29,,137201,17,,,0,72,,137202,17,,,0,29,,137203,17,,,0,74,,137204,17,,,0,30,,137205,17,,,0,70,,137206,17,,,0,29,,137214,17,,,0,70,,137207,17,,,0,29,,137215,17,,,0,71,,137208,17,,,0,29,,137216,17,,,0,70,,137209,17,,,0,30,,137217,17,,,0,76,,137210,17,,,0
