682800,'101_merged_15529685',811,,96592,17,0,32,0,89,,96593,25,,,0
682800,'1201_merged_15529671',2123,,96594,24,,,0,107,,96595,24,,,0
682800,'1_merged_15529678',820,,96613,25,,,0,119,,96612,24,,,0,79,,96611,24,,,0,37,,96610,24,,,0,83,,96609,24,,,0,80,,96608,24,,,0,40,,96607,24,,,0,81,,96606,24,,,0,80,,96605,24,,,0,82,,96604,24,,,0,40,,96603,24,,,0,84,,96602,24,,,0,78,,96601,24,,,0,38,,96600,24,,,0,80,,96599,24,,,0,38,,96598,24,,,0,88,,96597,24,,,0,69,,96596,24,,,0
682800,'2_merged_15529680',928,,96615,24,,,0,80,,96632,24,,,0,40,,96631,24,,,0,80,,96630,24,,,0,80,,96629,24,,,0,41,,96628,24,,,0,80,,96627,24,,,0,80,,96626,24,,,0,40,,96625,24,,,0,80,,96624,24,,,0,80,,96623,24,,,0,40,,96622,24,,,0,80,,96621,24,,,0,79,,96620,24,,,0,37,,96619,24,,,0,108,,96618,24,,,0,150,,96617,24,,,0,107,,96616,24,,,0,104,,96614,24,,,0
682800,'3_merged_15529679',1127,,96638,24,,,0,82,,96645,24,,,0,40,,96637,24,,,0,80,,96644,24,,,0,80,,96643,24,,,0,40,,96636,24,,,0,80,,96642,24,,,0,79,,96635,24,,,0,40,,96634,24,,,0,80,,96641,24,,,0,80,,96640,24,,,0,40,,96633,24,,,0,76,,96639,24,,,0
3454300,'101_merged_15529685',1554,,109694,17,0,37,0
3454300,'1_merged_15529678',501,,109758,17,0,37,0,22,,109759,17,0,37,0,15,,109769,17,0,37,0,15,,109695,17,0,37,0,55,,109696,17,0,37,0,13,,109697,17,0,37,0,15,,109768,17,0,37,0,12,,109698,17,0,37,0,52,,109699,17,0,37,0,13,,109700,17,0,37,0,12,,109767,17,0,37,0,13,,109701,17,0,37,0,11,,109702,17,0,37,0,10,,109703,17,0,37,0,50,,109704,17,0,37,0,12,,109766,17,0,37,0,11,,109705,17,0,37,0,9,,109771,17,0,37,0,12,,109706,17,0,37,0,52,,109707,17,0,37,0,15,,109708,17,0,37,0,15,,109765,17,0,37,0,16,,109709,17,0,37,0,55,,109710,17,0,37,0,15,,109711,17,0,37,0,15,,109764,17,0,37,0,16,,109712,17,0,37,0,55,,109713,17,0,37,0,15,,109714,17,0,37,0,15,,109763,17,0,37,0,15,,109715,17,0,37,0,55,,109716,17,0,37,0,15,,109717,17,0,37,0,15,,109762,17,0,37,0,14,,109718,17,0,37,0,56,,109719,17,0,37,0,17,,109720,17,0,37,0,15,,109761,17,0,37,0,15,,109755,17,0,37,0,55,,109756,17,0,37,0,17,,109757,17,0,37,0,15,,109770,17,0,37,0,15,,109721,17,0,37,0,56,,109722,17,0,37,0,21,,109723,17,0,37,0,9,,109724,17,0,37,0,64,,109725,17,0,37,0,12,,109726,17,0,37,0,11,,109727,17,0,37,0,11,,109728,17,0,37,0,11,,109729,17,0,37,0,49,,109730,17,0,37,0,12,,109731,17,0,37,0,12,,109732,17,0,37,0,12,,109733,17,0,37,0,11,,109734,17,0,37,0,10,,109735,17,0,37,0,52,,109736,17,0,37,0,11,,109737,17,0,37,0,12,,109738,17,0,37,0,11,,109739,17,,,0,16,,109740,17,,,0,55,,109741,17,,,0,15,,109742,17,,,0,16,,109743,17,,,0,55,,109744,17,,,0,15,,109745,17,,,0,15,,109746,17,,,0,70,,109747,17,,,0,29,,109748,17,,,0,30,,109749,17,,,0,69,,109750,17,,,0,29,,109751,17,,,0,70,,109752,17,,,0,30,,109753,17,,,0,102,,109754,17,0,37,0,97,,109760,17,0,37,0
3454300,'2001_merged_15529688',1433,,109772,5,0,37,0
3454300,'2_merged_15529680',536,,109800,17,,,0,67,,109799,17,,,0,30,,109798,17,,,0,25,,109797,17,,,0,73,,109796,17,,,0,71,,109795,17,,,0,30,,109794,17,,,0,71,,109793,17,,,0,22,,109773,17,,,0,20,,109792,17,,,0,60,,109791,17,,,0,20,,109790,17,,,0,21,,109789,17,,,0,60,,109788,17,,,0,21,,109787,17,,,0,21,,109786,17,,,0,60,,109785,17,,,0,20,,109784,17,,,0,20,,109783,17,,,0,60,,109782,17,,,0,20,,109781,17,,,0,20,,109780,17,,,0,60,,109779,17,,,0,20,,109778,17,,,0,20,,109777,17,,,0,60,,109776,17,,,0,20,,109775,17,,,0,20,,109774,17,,,0,60,,109821,17,,,0,20,,109820,17,,,0,20,,109819,17,,,0,60,,109818,17,,,0,19,,109817,17,,,0,20,,109816,17,,,0,60,,109815,17,,,0,20,,109814,17,,,0,19,,109813,17,,,0,60,,109812,17,,,0,29,,109811,17,,,0,70,,109810,17,,,0,31,,109809,17,,,0,70,,109808,17,,,0,30,,109807,17,,,0,70,,109806,17,,,0,30,,109805,17,,,0,70,,109804,17,,,0,98,,109803,17,,,0,99,,109802,17,0,37,0,98,,109801,17,0,37,0
3454300,'3_merged_15529679',537,,109864,17,,,0,74,,109865,17,,,0,30,,109822,17,,,0,70,,109823,17,,,0,30,,109824,17,,,0,70,,109825,17,,,0,30,,109849,17,,,0,70,,109850,17,,,0,28,,109851,17,,,0,66,,109852,17,,,0,25,,109857,17,,,0,22,,109853,17,,,0,60,,109854,17,,,0,20,,109858,17,,,0,19,,109855,17,,,0,60,,109856,17,,,0,20,,109859,17,,,0,20,,109826,17,,,0,60,,109827,17,,,0,20,,109860,17,,,0,20,,109828,17,,,0,60,,109829,17,,,0,20,,109861,17,,,0,20,,109830,17,,,0,60,,109831,17,,,0,20,,109862,17,,,0,21,,109832,17,,,0,60,,109833,17,,,0,20,,109863,17,,,0,20,,109834,17,,,0,66,,109835,17,,,0,26,,109836,17,,,0,69,,109837,17,,,0,33,,109838,17,,,0,75,,109839,17,,,0,35,,109840,17,,,0,75,,109841,17,,,0,75,,109842,17,,,0,34,,109843,17,,,0,75,,109844,17,,,0,35,,109845,17,,,0,106,,109846,17,,,0,144,,109847,17,0,37,0,100,,109848,17,0,37,0
3454300,'62101_merged_15529676',1512,,109866,5,0,37,0
