680400,'1_merged_15291795',602,,94002,21,,,0,200,,94003,21,,,0,202,,94004,21,,,0,202,,94005,21,,,0,225,,94006,21,,,0,273,,94001,22,,,0,139,,94000,22,,,0
680400,'2_merged_15291797',817,,94007,21,,,0,196,,94008,21,,,0,198,,94009,21,,,0,201,,94010,21,,,0,202,,94011,21,,,0,200,,94012,21,,,0
3404200,'101_merged_15291802',818,,108553,28,4,,0,699,,108555,28,4,,0,8,,108554,28,4,,0,93,,108556,28,4,,0
3404200,'1_merged_15291795',521,,108579,28,4,,0,30,,108569,28,4,,0,63,,108568,28,4,,0,5,,108578,28,4,,0,25,,108560,28,4,,0,5,,108559,28,4,,0,65,,108577,28,4,,0,5,,108580,28,4,,0,32,,108567,28,4,,0,72,,108576,28,4,,0,30,,108566,28,4,,0,68,,108575,28,4,,0,100,,108574,28,4,,0,100,,108573,28,4,,0,106,,108572,28,4,,0,98,,108571,28,4,,0,94,,108570,28,4,,0,36,,108581,28,4,,0,84,,108565,28,4,,0,65,,108582,28,4,,0,28,,108564,28,4,,0,111,,108563,36,4,,0,78,,108558,28,4,,0,80,,108557,28,4,,0,102,,108562,28,4,,0,100,,108561,28,4,,0
3404200,'2_merged_15291797',824,,108588,28,4,,0,100,,108589,28,4,,0,100,,108587,28,4,,0,102,,108590,28,4,,0,100,,108586,28,4,,0,100,,108591,28,4,,0,100,,108585,28,4,,0,100,,108592,28,4,,0,101,,108584,28,4,,0,99,,108593,28,4,,0,100,,108583,28,4,,0
3404200,'3_merged_15291796',819,,108599,28,4,,0,101,,108600,28,4,,0,100,,108598,28,4,,0,100,,108601,28,4,,0,100,,108597,28,4,,0,102,,108602,28,4,,0,100,,108596,28,4,,0,100,,108603,28,4,,0,100,,108595,28,4,,0,100,,108604,28,4,,0,100,,108594,28,4,,0
3404301,'101_merged_15291802',719,,108704,1,,,0,99,,108706,1,,,0,699,,108707,1,,,0,8,,108705,1,,,0
3404301,'1_merged_15291795',521,,108728,1,,,0,30,,108712,1,,,0,63,,108727,1,,,0,5,,108711,1,,,0,25,,108729,1,,,0,5,,108709,1,,,0,65,,108726,1,,,0,37,,108710,1,,,0,72,,108725,1,,,0,30,,108708,1,,,0,68,,108724,1,,,0,100,,108723,1,,,0,100,,108722,1,,,0,106,,108721,1,,,0,98,,108720,1,,,0,94,,108719,1,,,0,36,,108730,1,,,0,84,,108718,1,,,0,65,,108731,1,,,0,14,,108733,1,,,0,14,,108717,1,,,0,111,,108716,1,,,0,78,,108715,1,,,0,80,,108732,1,,,0,102,,108714,1,,,0,100,,108713,1,,,0
3404301,'2_merged_15291797',824,,108739,1,,,0,100,,108740,1,,,0,100,,108738,1,,,0,102,,108741,1,,,0,100,,108737,1,,,0,100,,108742,1,,,0,100,,108736,1,,,0,100,,108743,1,,,0,101,,108735,1,,,0,99,,108744,1,,,0,100,,108734,1,,,0
3404301,'3_merged_15291796',819,,108750,1,,,0,101,,108751,1,,,0,100,,108749,1,,,0,100,,108752,1,,,0,100,,108748,1,,,0,102,,108753,1,,,0,100,,108747,1,,,0,100,,108754,1,,,0,100,,108746,1,,,0,100,,108755,1,,,0,100,,108745,1,,,0
