662200,'1',608,,5330,4,,0,15,,5331,4,,0,15,,5332,4,,0,15,,5333,4,,0,52,,5334,4,,0,13,,5335,4,,0,12,,5336,4,,0,12,,5337,4,,0,12,,5338,4,,0,50,,5339,4,,0,10,,5340,4,,0,8,,5341,4,,0,8,,5342,4,,0,7,,5343,4,,0,7,,5344,4,,0,6,,5345,4,,0,7,,5410,4,,0,46,,5346,4,,0,7,,5347,4,,0,6,,5348,4,,0,7,,5349,4,,0,7,,5350,4,,0,7,,5351,4,,0,8,,5352,4,,0,7,,5353,4,,0,48,,5354,4,,0,7,,5355,4,,0,10,,5356,4,,0,11,,5357,4,,0,12,,5358,4,,0,12,,5414,4,,0,52,,5359,4,,0,12,,5360,4,,0,12,,5361,4,,0,13,,5362,4,,0,12,,5415,4,,0,52,,5363,4,,0,12,,5364,4,,0,12,,5365,4,,0,13,,5366,4,,0,12,,5416,4,,0,52,,5367,4,,0,12,,5368,4,,0,12,,5369,4,,0,12,,5370,4,,0,12,,5417,4,,0,52,,5371,4,,0,12,,5372,4,,0,12,,5373,4,,0,15,,5418,4,,0,12,,5374,4,,0,52,,5375,4,,0,13,,5376,4,,0,12,,5377,4,,0,13,,5406,4,,0,9,,5407,4,,0,46,,5411,4,,0,8,,5408,4,,0,8,,5409,4,,0,8,,5378,4,,0,8,,5412,4,,0,8,,5413,4,,0,8,,5379,4,,0,8,,5380,4,,0,48,,5381,4,,0,8,,5382,4,,0,8,,5383,4,,0,8,,5384,4,,0,8,,5385,4,,0,8,,5386,4,,0,8,,5387,4,,0,47,,5388,4,,0,9,,5389,4,,0,9,,5390,4,,0,10,,5391,4,,0,9,,5392,4,,0,10,,5393,4,,0,10,,5394,4,,0,50,,5395,4,,0,10,,5396,4,,0,12,,5397,4,,0,12,,5398,4,,0,12,,5399,4,,0,52,,5419,4,,0,12,,5400,4,,0,13,,5401,4,,0,15,,5402,4,,0,55,,5403,4,,0,15,,5404,4,,0,15,,5405,4,,0
662200,'101',1538,,5420,4,,0
662200,'152201',2146,,5422,4,,0,58,,5423,4,,0,21,,5424,4,,0,17,,5425,4,,0,61,,5426,4,,0,21,,5427,4,,0,19,,5428,4,,0,16,,5429,4,,0,60,,5430,4,,0,29,,5431,4,,0,70,,5432,,,0,33,,5433,,,0
662200,'152301',2146,,5434,4,,0,58,,5435,4,,0,21,,5436,4,,0,17,,5437,4,,0,61,,5438,4,,0,21,,5439,4,,0,19,,5440,4,,0,16,,5441,4,,0,60,,5442,4,,0,29,,5443,4,,0,70,,5444,,,0,33,,5445,,,0
662200,'2',608,,5453,4,,0,35,,5524,4,,0,64,,5447,4,,0,20,,5521,4,,0,20,,5456,4,,0,60,,5523,4,,0,15,,5458,4,,0,15,,5450,4,,0,15,,5518,4,,0,55,,5520,4,,0,16,,5519,4,,0,15,,5449,4,,0,16,,5516,4,,0,55,,5517,4,,0,12,,5469,4,,0,12,,5470,4,,0,12,,5530,4,,0,12,,5471,4,,0,52,,5472,4,,0,12,,5473,4,,0,12,,5474,4,,0,12,,5531,4,,0,12,,5475,4,,0,52,,5476,4,,0,12,,5477,4,,0,12,,5478,4,,0,12,,5479,4,,0,12,,5480,4,,0,52,,5481,4,,0,12,,5482,4,,0,12,,5483,4,,0,10,,5484,4,,0,10,,5485,4,,0,50,,5486,4,,0,9,,5525,4,,0,10,,5487,4,,0,10,,5488,4,,0,10,,5489,4,,0,10,,5490,4,,0,50,,5491,4,,0,10,,5526,4,,0,10,,5492,4,,0,10,,5493,4,,0,10,,5462,4,,0,10,,5494,4,,0,50,,5495,4,,0,9,,5527,4,,0,10,,5496,4,,0,10,,5497,4,,0,10,,5498,4,,0,11,,5499,4,,0,51,,5500,4,,0,10,,5528,4,,0,10,,5501,4,,0,10,,5502,4,,0,10,,5503,4,,0,10,,5504,4,,0,50,,5529,4,,0,10,,5505,4,,0,10,,5506,4,,0,10,,5507,4,,0,10,,5508,4,,0,12,,5522,4,,0,54,,5510,4,,0,14,,5468,4,,0,15,,5454,4,,0,15,,5459,4,,0,55,,5460,4,,0,15,,5461,4,,0,15,,5463,4,,0,15,,5464,4,,0,55,,5465,4,,0,15,,5466,4,,0,15,,5467,4,,0,15,,5509,4,,0,55,,5452,4,,0,15,,5446,4,,0,20,,5448,4,,0,60,,5457,4,,0,21,,5514,4,,0,20,,5455,4,,0,60,,5512,4,,0,19,,5511,4,,0,28,,5451,4,,0,70,,5513,,,0,30,,5515,,,0
662200,'3',657,,5532,,,0,72,,5533,,,0,25,,5534,4,,0,60,,5535,4,,0,22,,5536,4,,0,19,,5537,4,,0,54,,5538,4,,0,15,,5539,4,,0,15,,5540,4,,0,15,,5541,4,,0,57,,5542,4,,0,15,,5543,4,,0,14,,5544,4,,0,14,,5545,4,,0,55,,5546,4,,0,15,,5547,4,,0,16,,5548,4,,0,15,,5549,4,,0,51,,5550,4,,0,12,,5551,4,,0,12,,5552,4,,0,12,,5553,4,,0,12,,5554,4,,0,52,,5555,4,,0,14,,5556,4,,0,13,,5557,4,,0,12,,5558,4,,0,12,,5559,4,,0,52,,5560,4,,0,12,,5561,4,,0,12,,5562,4,,0,12,,5563,4,,0,12,,5564,4,,0,53,,5565,4,,0,12,,5566,4,,0,13,,5567,4,,0,12,,5568,4,,0,12,,5569,4,,0,52,,5570,4,,0,12,,5571,4,,0,13,,5572,4,,0,12,,5573,4,,0,53,,5574,4,,0,13,,5575,4,,0,12,,5576,4,,0,12,,5577,4,,0,13,,5578,4,,0,52,,5579,4,,0,14,,5580,4,,0,15,,5581,4,,0,14,,5582,4,,0,55,,5583,4,,0,15,,5584,4,,0,15,,5585,4,,0,15,,5586,4,,0,55,,5587,4,,0,15,,5588,4,,0,15,,5589,4,,0,14,,5590,4,,0,56,,5591,4,,0,16,,5592,4,,0,16,,5593,4,,0,16,,5594,4,,0,56,,5595,4,,0,17,,5596,4,,0,18,,5597,4,,0,19,,5598,4,,0,59,,5599,4,,0,20,,5600,4,,0,20,,5601,4,,0,63,,5602,4,,0,28,,5603,,,0,70,,5604,,,0,29,,5605,,,0
662201,'1',453,,5606,0,29,0,57,,5607,,,0,17,,5608,,,0,17,,5609,,,0,57,,5610,,,0,12,,5611,,,0,12,,5612,,,0,12,,5613,,,0,12,,5614,,,0,52,,5615,,,0,12,,5616,,,0,11,,5617,,,0,12,,5618,,,0,11,,5619,,,0,12,,5620,,,0,52,,5621,,,0,10,,5622,,,0,10,,5623,,,0,10,,5624,,,0,10,,5625,,,0,50,,5626,,,0,10,,5683,,,0,10,,5627,,,0,12,,5628,,,0,12,,5629,,,0,12,,5630,,,0,52,,5685,,,0,12,,5631,,,0,12,,5632,,,0,12,,5633,,,0,12,,5634,,,0,52,,5686,,,0,12,,5635,,,0,12,,5636,,,0,12,,5637,,,0,12,,5638,,,0,52,,5687,,,0,12,,5639,,,0,12,,5640,,,0,12,,5641,,,0,12,,5642,,,0,52,,5688,,,0,12,,5643,,,0,12,,5644,,,0,12,,5645,,,0,12,,5646,,,0,52,,5647,,,0,13,,5648,,,0,12,,5649,,,0,12,,5650,,,0,12,,5651,,,0,48,,5652,,,0,8,,5653,,,0,8,,5654,,,0,8,,5655,,,0,7,,5656,,,0,15,,5657,,,0,48,,5658,,,0,7,,5659,,,0,8,,5660,,,0,7,,5661,,,0,8,,5662,,,0,7,,5663,,,0,8,,5684,,,0,7,,5664,,,0,48,,5665,,,0,8,,5666,,,0,8,,5667,,,0,8,,5668,,,0,8,,5669,,,0,8,,5670,,,0,9,,5671,,,0,10,,5672,,,0,50,,5673,,,0,14,,5674,,,0,12,,5675,,,0,12,,5676,,,0,54,,5677,,,0,15,,5678,,,0,15,,5679,,,0,15,,5680,,,0,55,,5681,,,0,15,,5682,,,0
662201,'101',1545,,5689,,,0
662201,'152201',2031,,5690,,,0,16,,5691,,,0,58,,5692,,,0,20,,5693,,,0,20,,5694,,,0,61,,5695,,,0,21,,5696,,,0,20,,5697,,,0,61,,5698,,,0,23,,5699,,,0,73,,5700,,,0,30,,5701,,,0,70,,5702,,,0
662201,'152301',2031,,5703,,,0,16,,5704,,,0,58,,5705,,,0,20,,5706,,,0,20,,5707,,,0,61,,5708,,,0,21,,5709,,,0,20,,5710,,,0,61,,5711,,,0,23,,5712,,,0,73,,5713,,,0,30,,5714,,,0,70,,5715,,,0
662201,'2',513,,5777,,,0,20,,5725,,,0,20,,5787,,,0,60,,5785,,,0,19,,5721,,,0,16,,5718,,,0,55,,5780,,,0,15,,5726,,,0,15,,5784,,,0,15,,5723,,,0,55,,5716,,,0,15,,5781,,,0,14,,5779,,,0,15,,5794,,,0,55,,5722,,,0,15,,5790,,,0,16,,5717,,,0,15,,5727,,,0,52,,5734,,,0,12,,5800,,,0,12,,5735,,,0,12,,5736,,,0,12,,5737,,,0,52,,5746,,,0,12,,5801,,,0,10,,5739,,,0,12,,5783,,,0,12,,5740,,,0,12,,5741,,,0,52,,5802,,,0,12,,5742,,,0,12,,5743,,,0,12,,5744,,,0,12,,5745,,,0,52,,5747,,,0,12,,5748,,,0,12,,5749,,,0,11,,5750,,,0,10,,5751,,,0,49,,5752,,,0,9,,5753,,,0,9,,5795,,,0,10,,5754,,,0,10,,5755,,,0,10,,5756,,,0,50,,5757,,,0,10,,5758,,,0,10,,5798,,,0,10,,5759,,,0,10,,5760,,,0,10,,5761,,,0,50,,5762,,,0,10,,5763,,,0,10,,5796,,,0,10,,5764,,,0,10,,5765,,,0,10,,5766,,,0,50,,5767,,,0,13,,5768,,,0,10,,5797,,,0,10,,5769,,,0,10,,5770,,,0,10,,5771,,,0,50,,5772,,,0,10,,5773,,,0,11,,5774,,,0,12,,5799,,,0,12,,5775,,,0,52,,5728,,,0,16,,5729,,,0,16,,5738,,,0,16,,5730,,,0,56,,5731,,,0,14,,5732,,,0,15,,5733,,,0,15,,5793,,,0,57,,5724,,,0,20,,5720,,,0,20,,5778,,,0,60,,5788,,,0,21,,5792,,,0,20,,5776,,,0,62,,5789,,,0,25,,5719,,,0,70,,5782,,,0,30,,5786,,,0,70,,5791,,,0
662201,'201',1545,,5803,,,0
662201,'3',603,,5804,,,0,21,,5805,,,0,19,,5806,,,0,61,,5807,,,0,20,,5808,,,0,20,,5809,,,0,57,,5810,,,0,16,,5811,,,0,15,,5812,,,0,15,,5813,,,0,55,,5814,,,0,15,,5815,,,0,15,,5816,,,0,15,,5817,,,0,55,,5818,,,0,15,,5819,,,0,14,,5820,,,0,13,,5821,,,0,13,,5822,,,0,52,,5823,,,0,12,,5824,,,0,12,,5825,,,0,12,,5826,,,0,12,,5827,,,0,52,,5828,,,0,12,,5829,,,0,12,,5830,,,0,12,,5831,,,0,12,,5832,,,0,52,,5833,,,0,12,,5834,,,0,12,,5835,,,0,12,,5836,,,0,12,,5837,,,0,52,,5838,,,0,12,,5839,,,0,12,,5840,,,0,12,,5841,,,0,10,,5842,,,0,52,,5843,,,0,12,,5844,,,0,13,,5845,,,0,14,,5846,,,0,12,,5847,,,0,52,,5848,,,0,12,,5849,,,0,12,,5850,,,0,13,,5851,,,0,54,,5852,,,0,14,,5853,,,0,14,,5854,,,0,15,,5855,,,0,15,,5856,,,0,55,,5857,,,0,15,,5858,,,0,15,,5859,,,0,56,,5860,,,0,15,,5861,,,0,15,,5862,,,0,17,,5863,,,0,60,,5864,,,0,20,,5865,,,0,20,,5866,,,0,60,,5867,,,0,20,,5868,,,0,20,,5869,,,0,60,,5870,,,0,20,,5871,,,0,20,,5872,,,0,60,,5873,,,0,28,,5874,,,0,72,,5875,,,0,30,,5876,,,0,70,,5877,,,0
