2263801,'101_merged_15291780',1623,,42667,34,,,0
2263801,'1_merged_15291773',452,,42628,34,,,0,70,,42629,34,,,0,22,,42630,34,,,0,56,,42631,34,,,0,14,,42632,34,,,0,14,,42633,34,,,0,13,,42634,34,,,0,14,,42635,34,,,0,54,,42636,34,,,0,17,,42637,34,,,0,8,,42638,34,,,0,20,,42639,34,,,0,55,,42640,34,,,0,16,,42641,34,,,0,12,,42642,34,,,0,64,,42643,34,,,0,30,,42644,34,,,0,71,,42645,34,,,0,28,,42646,34,,,0,70,,42647,34,,,0,30,,42648,34,,,0,70,,42649,34,,,0,30,,42650,34,,,0,70,,42651,34,,,0,30,,42652,34,,,0,70,,42653,34,,,0,32,,42654,34,,,0,20,,42666,34,,,0,65,,42655,34,,,0,20,,42656,34,,,0,20,,42657,34,,,0,78,,42658,34,,,0,15,,42659,34,,,0,55,,42660,34,,,0,15,,42661,34,,,0,14,,42662,34,,,0,13,,42663,34,,,0,54,,42610,34,,,0,17,,42619,34,,,0,20,,42617,34,,,0,21,,42618,34,,,0,68,,42665,34,,,0,19,,42612,34,,,0,56,,42664,34,,,0,25,,42627,34,,,0,22,,42611,34,,,0,69,,42620,34,,,0,29,,42621,34,,,0,70,,42622,34,,,0,28,,42613,34,,,0,70,,42625,34,,,0,21,,42626,34,,,0,69,,42614,34,,,0,28,,42624,34,,,0,69,,42615,34,,,0,30,,42623,34,,,0,70,,42616,34,,,0
2263801,'201',1623,,42708,34,,,0
2263801,'2_merged_15291775',556,,42668,34,,,0,70,,42669,34,,,0,30,,42670,34,,,0,72,,42671,34,,,0,31,,42672,34,,,0,70,,42673,34,,,0,73,,42674,34,,,0,30,,42675,34,,,0,70,,42676,34,,,0,31,,42677,34,,,0,70,,42678,34,,,0,32,,42679,34,,,0,70,,42680,34,,,0,31,,42681,34,,,0,71,,42682,34,,,0,31,,42683,34,,,0,69,,42684,34,,,0,30,,42685,34,,,0,70,,42686,34,,,0,30,,42687,34,,,0,70,,42688,34,,,0,29,,42689,34,,,0,70,,42690,34,,,0,29,,42691,34,,,0,69,,42692,34,,,0,27,,42693,34,,,0,70,,42694,34,,,0,28,,42695,34,,,0,30,,42696,34,,,0,65,,42697,34,,,0,29,,42698,34,,,0,70,,42699,34,,,0,30,,42700,34,,,0,68,,42701,34,,,0,30,,42702,34,,,0,69,,42703,34,,,0,30,,42704,34,,,0,68,,42705,34,,,0,30,,42706,34,,,0,76,,42707,34,,,0
2263801,'3_merged_15291774',707,,42714,34,,,0,30,,42715,34,,,0,70,,42713,34,,,0,30,,42719,34,,,0,71,,42720,34,,,0,30,,42721,34,,,0,73,,42725,34,,,0,30,,42726,34,,,0,70,,42727,34,,,0,30,,42728,34,,,0,71,,42709,34,,,0,31,,42710,34,,,0,70,,42711,34,,,0,30,,42729,34,,,0,70,,42730,34,,,0,30,,42731,34,,,0,70,,42732,34,,,0,30,,42733,34,,,0,70,,42734,34,,,0,30,,42735,34,,,0,69,,42736,34,,,0,30,,42737,34,,,0,70,,42716,34,,,0,30,,42739,34,,,0,70,,42740,34,,,0,26,,42741,34,,,0,69,,42742,34,,,0,30,,42743,34,,,0,70,,42744,34,,,0,28,,42745,34,,,0,75,,42712,34,,,0,30,,42717,34,,,0,70,,42718,34,,,0,28,,42722,34,,,0,70,,42723,34,,,0,29,,42724,34,,,0,70,,42738,34,,,0
3004600,'101_merged_15291780',1638,,45458,32,,,0
3004600,'1_merged_15291773',450,,45407,32,,,0,74,,45408,32,,,0,17,,45409,32,,,0,59,,45405,32,,,0,12,,45437,32,,,0,16,,45438,32,,,0,15,,45439,32,,,0,16,,45440,32,,,0,52,,45406,32,,,0,20,,45433,32,,,0,17,,45434,32,,,0,54,,45435,32,,,0,19,,45436,32,,,0,16,,45404,32,,,0,19,,45457,32,,,0,60,,45441,32,,,0,17,,45442,32,,,0,25,,45443,32,,,0,70,,45444,32,,,0,30,,45445,32,,,0,71,,45446,32,,,0,30,,45447,32,,,0,71,,45448,32,,,0,29,,45449,32,,,0,72,,45450,32,,,0,70,,45451,32,,,0,30,,45452,32,,,0,74,,45453,32,,,0,30,,45454,32,,,0,22,,45456,32,,,0,54,,45455,32,,,0,15,,45401,32,,,0,29,,45430,32,,,0,54,,45431,32,,,0,18,,45432,32,,,0,12,,45402,32,,,0,17,,45424,32,,,0,53,,45425,32,,,0,13,,45426,32,,,0,14,,45427,32,,,0,20,,45428,32,,,0,65,,45429,32,,,0,20,,45403,32,,,0,65,,45422,32,,,0,23,,45423,32,,,0,25,,45410,32,,,0,70,,45411,32,,,0,30,,45421,32,,,0,70,,45412,32,,,0,30,,45413,32,,,0,70,,45420,32,,,0,30,,45414,32,,,0,69,,45415,32,,,0,30,,45419,32,,,0,70,,45416,32,,,0,30,,45417,32,,,0,70,,45418,32,,,0
3004600,'201',1638,,45501,32,,,0
3004600,'2_merged_15291775',559,,45483,32,,,0,70,,45484,32,,,0,30,,45485,32,,,0,71,,45486,32,,,0,70,,45487,32,,,0,31,,45488,32,,,0,73,,45489,32,,,0,30,,45490,32,,,0,70,,45499,32,,,0,31,,45500,32,,,0,70,,45459,32,,,0,32,,45460,32,,,0,71,,45461,32,,,0,30,,45462,32,,,0,71,,45463,32,,,0,30,,45464,32,,,0,70,,45465,32,,,0,30,,45466,32,,,0,70,,45467,32,,,0,30,,45468,32,,,0,69,,45469,32,,,0,30,,45470,32,,,0,70,,45471,32,,,0,28,,45491,32,,,0,70,,45472,32,,,0,30,,45473,32,,,0,69,,45474,32,,,0,28,,45475,32,,,0,70,,45476,32,,,0,29,,45477,32,,,0,70,,45478,32,,,0,29,,45479,32,,,0,70,,45480,32,,,0,30,,45481,32,,,0,70,,45482,32,,,0,27,,45492,32,,,0,30,,45493,32,,,0,70,,45494,32,,,0,30,,45495,32,,,0,70,,45496,32,,,0,30,,45497,32,,,0,70,,45498,32,,,0
3004600,'3_merged_15291774',559,,45518,32,,,0,70,,45520,32,,,0,30,,45521,32,,,0,72,,45522,32,,,0,70,,45523,32,,,0,33,,45524,32,,,0,70,,45525,32,,,0,30,,45526,32,,,0,70,,45527,32,,,0,30,,45528,32,,,0,70,,45529,32,,,0,30,,45530,32,,,0,70,,45531,32,,,0,30,,45532,32,,,0,70,,45533,32,,,0,32,,45534,32,,,0,70,,45535,32,,,0,30,,45536,32,,,0,70,,45537,32,,,0,30,,45538,32,,,0,70,,45539,32,,,0,30,,45540,32,,,0,70,,45541,32,,,0,30,,45519,32,,,0,70,,45504,32,,,0,30,,45505,32,,,0,67,,45506,32,,,0,29,,45507,32,,,0,70,,45508,32,,,0,29,,45502,32,,,0,70,,45503,32,,,0,28,,45509,32,,,0,30,,45510,32,,,0,70,,45511,32,,,0,30,,45512,32,,,0,69,,45513,32,,,0,30,,45514,32,,,0,70,,45515,32,,,0,30,,45516,32,,,0,70,,45517,32,,,0
3004901,'1_merged_15291773',558,,46259,15,,,0,55,,46260,15,,,0,15,,46261,15,,,0,15,,46262,15,,,0,58,,46263,15,,,0,16,,46264,15,,,0,16,,46265,15,,,0,16,,46266,15,,,0,52,,46304,15,,,0,17,,46267,15,,,0,14,,46305,15,,,0,13,,46268,15,,,0,13,,46269,15,,,0,52,,46270,15,,,0,21,,46271,15,,,0,70,,46272,15,,,0,26,,46273,15,,,0,30,,46274,15,,,0,73,,46275,15,,,0,70,,46276,15,,,0,30,,46258,15,,,0,71,,46277,15,,,0,30,,46278,15,,,0,72,,46279,15,,,0,31,,46280,15,,,0,70,,46281,15,,,0,24,,46282,15,,,0,12,,46306,15,,,0,12,,46283,15,,,0,50,,46284,15,,,0,12,,46286,15,,,0,13,,46308,15,,,0,11,,46287,15,,,0,9,,46285,15,,,0,56,,46288,15,,,0,13,,46289,15,,,0,18,,46290,15,,,0,12,,46291,15,,,0,55,,46292,15,,,0,19,,46293,15,,,0,20,,46294,15,,,0,13,,46295,15,,,0,55,,46307,15,,,0,18,,46296,15,,,0,74,,46297,15,,,0,29,,46298,15,,,0,30,,46299,15,,,0,67,,46300,15,,,0,32,,46301,15,,,0,68,,46302,15,,,0,32,,46303,15,,,0,70,,46257,15,,,0
3004901,'2_merged_15291775',558,,46309,15,,,0,70,,46315,15,,,0,30,,46316,15,,,0,72,,46317,15,,,0,70,,46318,15,,,0,34,,46320,15,,,0,70,,46321,15,,,0,30,,46322,15,,,0,72,,46323,15,,,0,30,,46324,15,,,0,71,,46325,15,,,0,28,,46326,15,,,0,70,,46327,15,,,0,30,,46328,15,,,0,70,,46329,15,,,0,30,,46330,15,,,0,71,,46331,15,,,0,30,,46332,15,,,0,69,,46333,15,,,0,30,,46334,15,,,0,69,,46335,15,,,0,30,,46336,15,,,0,20,,46345,15,,,0,59,,46337,15,,,0,20,,46338,15,,,0,20,,46346,15,,,0,58,,46339,15,,,0,20,,46340,15,,,0,20,,46347,15,,,0,61,,46341,15,,,0,20,,46344,15,,,0,19,,46348,15,,,0,58,,46342,15,,,0,20,,46343,15,,,0,30,,46319,15,,,0,67,,46310,15,,,0,30,,46311,15,,,0,68,,46312,15,,,0,30,,46313,15,,,0,70,,46314,15,,,0
3004901,'3_merged_15291774',658,,46378,15,,,0,70,,46379,15,,,0,30,,46380,15,,,0,72,,46381,15,,,0,70,,46382,15,,,0,34,,46350,15,,,0,70,,46351,15,,,0,30,,46352,15,,,0,70,,46353,15,,,0,30,,46354,15,,,0,72,,46355,15,,,0,25,,46356,15,,,0,70,,46357,15,,,0,30,,46358,15,,,0,70,,46359,15,,,0,31,,46360,15,,,0,71,,46361,15,,,0,30,,46362,15,,,0,70,,46349,15,,,0,29,,46363,15,,,0,70,,46364,15,,,0,30,,46365,15,,,0,70,,46366,15,,,0,29,,46367,15,,,0,24,,46368,15,,,0,74,,46369,15,,,0,28,,46370,15,,,0,70,,46371,15,,,0,30,,46372,15,,,0,67,,46373,15,,,0,30,,46374,15,,,0,64,,46375,15,,,0,33,,46376,15,,,0,72,,46377,15,,,0
3058401,'1_merged_15291773',552,,47433,16,,,0,70,,47434,16,,,0,32,,47422,16,,,0,65,,47454,16,,,0,18,,47455,16,,,0,18,,47435,16,,,0,63,,47436,16,,,0,16,,47456,16,,,0,21,,47437,16,,,0,73,,47438,16,,,0,26,,47439,16,,,0,63,,47440,16,,,0,30,,47441,16,,,0,70,,47442,16,,,0,35,,47443,16,,,0,69,,47444,16,,,0,28,,47445,16,,,0,70,,47446,16,,,0,33,,47447,16,,,0,71,,47448,16,,,0,34,,47449,16,,,0,67,,47450,16,,,0,35,,47451,16,,,0,69,,47452,16,,,0,79,,47453,16,,,0,20,,47423,16,,,0,78,,47432,16,,,0,37,,47424,16,,,0,67,,47431,16,,,0,20,,47425,16,,,0,74,,47430,16,,,0,28,,47426,16,,,0,70,,47429,16,,,0,31,,47427,16,,,0,26,,47428,16,,,0,100,,47457,16,,,0
3058401,'2_merged_15291775',621,,47458,16,,,0,27,,47459,16,,,0,73,,47460,16,,,0,32,,47461,16,,,0,70,,47462,16,,,0,32,,47463,16,,,0,69,,47464,16,,,0,34,,47465,16,,,0,71,,47466,16,,,0,29,,47467,16,,,0,68,,47468,16,,,0,32,,47469,16,,,0,72,,47470,16,,,0,71,,47471,16,,,0,31,,47472,16,,,0,70,,47473,16,,,0,29,,47474,16,,,0,70,,47475,16,,,0,32,,47476,16,,,0,69,,47477,16,,,0,30,,47478,16,,,0,68,,47479,16,,,0,30,,47480,16,,,0,29,,47481,16,,,0,71,,47482,16,,,0,27,,47483,16,,,0,70,,47484,16,,,0,28,,47485,16,,,0,70,,47486,16,,,0,30,,47489,16,,,0,74,,47487,16,,,0,73,,47488,16,,,0,100,,47490,16,,,0,100,,47491,16,,,0
3058401,'3_merged_15291774',800,,47492,16,,,0,32,,47493,16,,,0,70,,47494,16,,,0,31,,47495,16,,,0,70,,47496,16,,,0,32,,47497,16,,,0,71,,47498,16,,,0,34,,47499,16,,,0,68,,47503,16,,,0,33,,47504,16,,,0,69,,47505,16,,,0,30,,47506,16,,,0,72,,47507,16,,,0,28,,47508,16,,,0,65,,47509,16,,,0,30,,47510,16,,,0,70,,47511,16,,,0,31,,47512,16,,,0,70,,47513,16,,,0,31,,47514,16,,,0,69,,47515,16,,,0,30,,47516,16,,,0,69,,47517,16,,,0,29,,47518,16,,,0,68,,47519,16,,,0,33,,47500,16,,,0,70,,47501,16,,,0,28,,47502,16,,,0,71,,47520,16,,,0,98,,47521,16,,,0,100,,47522,16,,,0
