3182100,'101_merged_15524965',1653,,107178,4,,,0
3182100,'1_merged_15524958',1722,,107182,4,,,0,30,,107205,4,,,0,80,,107204,4,,,0,90,,107203,4,,,0
3182101,'101_merged_15524965',808,,107248,19,0,58 59,0,703,,107246,19,0,58 59,0,31,,107247,19,0,58 59,0
3182101,'1_merged_15524958',531,,107249,19,,,0,70,,107273,19,,,0,30,,107272,19,,,0,70,,107271,19,,,0,30,,107270,19,,,0,24,,107269,19,0,58 59,0,76,,107268,19,0,58 59,0,87,,107267,19,0,58 59,0,85,,107266,19,0,58 59,0,45,,107265,19,0,58 59,0,90,,107264,19,0,58 59,0,84,,107263,19,0,58 59,0,85,,107262,19,0,58 59,0,46,,107261,19,0,58 59,0,87,,107260,19,0,58 59,0,79,,107259,19,0,58 59,0,36,,107274,19,0,58 59,0,51,,107258,19,0,58 59,0,41,,107257,19,0,58 59,0,76,,107256,19,0,58 59,0,29,,107255,19,0,58 59,0,69,,107254,19,0,58 59,0,80,,107253,19,0,58 59,0,49,,107252,19,0,58 59,0,82,,107251,19,0,58 59,0,86,,107250,19,0,58 59,0
3182101,'2_merged_15524960',722,,107294,19,0,58 59,0,87,,107293,19,0,58 59,0,45,,107292,19,0,58 59,0,85,,107291,19,0,58 59,0,85,,107290,19,0,58 59,0,86,,107289,19,0,58 59,0,45,,107288,19,0,58 59,0,85,,107287,19,0,58 59,0,85,,107286,19,0,58 59,0,85,,107285,19,0,58 59,0,44,,107284,19,0,58 59,0,85,,107283,19,0,58 59,0,85,,107282,19,0,58 59,0,85,,107281,19,0,58 59,0,45,,107280,19,0,58 59,0,85,,107279,19,0,58 59,0,85,,107278,19,0,58 59,0,85,,107277,19,0,58 59,0,45,,107276,19,0,58 59,0,85,,107275,19,0,58 59,0
3182101,'3_merged_15524959',812,,107295,19,0,58 59,0,47,,107313,19,0,58 59,0,85,,107312,19,0,58 59,0,87,,107311,19,0,58 59,0,85,,107310,19,0,58 59,0,84,,107309,19,0,58 59,0,46,,107308,19,0,58 59,0,85,,107307,19,0,58 59,0,85,,107306,19,0,58 59,0,85,,107305,19,0,58 59,0,45,,107304,19,0,58 59,0,84,,107303,19,0,58 59,0,85,,107302,19,0,58 59,0,85,,107301,19,0,58 59,0,45,,107300,19,0,58 59,0,85,,107299,19,0,58 59,0,83,,107298,19,0,58 59,0,45,,107297,19,0,58 59,0,85,,107296,19,0,58 59,0
3182200,'1_merged_15524958',1651,,107337,4,,,0,70,,107338,4,,,0,30,,107339,4,,,0,80,,107340,4,,,0,90,,107341,4,,,0
3404201,'101_merged_15524965',1453,,108606,4,,,0,48,,108605,4,,,0
3404201,'1_merged_15524958',610,,108627,25,,,0,102,,108626,25,,,0,35,,108631,25,,,0,68,,108625,25,,,0,31,,108630,25,,,0,70,,108624,25,,,0,98,,108623,25,,,0,35,,108632,25,,,0,67,,108622,25,,,0,30,,108633,25,,,0,72,,108621,25,,,0,100,,108620,25,,,0,100,,108619,25,,,0,102,,108618,25,,,0,100,,108617,25,,,0,30,,108610,25,,,0,78,,108616,25,,,0,3,,108629,25,,,0,25,,108609,25,,,0,3,,108628,25,,,0,66,,108615,25,,,0,2,,108608,25,,,0,77,,108614,25,,,0,52,,108613,25,,,0,94,,108612,25,,,0,102,,108611,25,,,0
3404201,'2_merged_15524960',947,,108639,25,,,0,100,,108640,25,,,0,100,,108638,25,,,0,100,,108641,25,,,0,102,,108637,25,,,0,99,,108642,25,,,0,101,,108636,25,,,0,100,,108643,25,,,0,99,,108635,25,,,0,98,,108644,25,,,0,93,,108634,25,,,0
3404201,'3_merged_15524959',941,,108650,25,,,0,102,,108651,25,,,0,100,,108649,25,,,0,102,,108652,25,,,0,100,,108648,25,,,0,100,,108653,25,,,0,98,,108647,25,,,0,99,,108654,25,,,0,100,,108646,25,,,0,99,,108655,25,,,0,100,,108645,25,,,0
