674100,'1',440,,149741,41,,,0,70,,149742,41,,,0,28,,149743,41,,,0,17,,149744,41,,,0,55,,149745,41,,,0,18,,149747,3,,,0,1,,149746,41,,,0,9,,149748,24,,,0,9,,149749,24,,,0,6,,149750,3,,,0,5,,149751,24,,,0,50,,149752,3,,,0,12,,149753,38,,,0,11,,149754,3,,,0,10,,149755,24,,,0,10,,149756,38,,,0,51,,149757,3,,,0,15,,149758,41,,,0,15,,149759,41,,,0,15,,149760,38,,,0,53,,149761,41,,,0,13,,149762,41,,,0,13,,149763,24,,,0,15,,149764,41,,,0,15,,149765,41,,,0,56,,149766,41,,,0,21,,149767,41,,,0,70,,149768,41,,,0,28,,149769,41,,,0,20,,149810,41,,,0,60,,149770,41,,,0,21,,149771,41,,,0,20,,149808,41,,,0,60,,149772,41,,,0,20,,149807,41,,,0,19,,149773,41,,,0,61,,149809,41,,,0,20,,149774,41,,,0,17,,149775,41,,,0,53,,149776,41,,,0,15,,149777,41,,,0,13,,149778,41,,,0,15,,149779,41,,,0,57,,149780,41,,,0,16,,149781,41,,,0,14,,149782,41,,,0,15,,149783,41,,,0,55,,149784,41,,,0,14,,149785,41,,,0,15,,149786,41,,,0,15,,149787,41,,,0,55,,149788,38,,,0,15,,149789,41,,,0,16,,149790,41,,,0,21,,149791,38,,,0,61,,149792,41,,,0,19,,149793,41,,,0,19,,149794,41,,,0,58,,149795,41,,,0,20,,149796,41,,,0,20,,149797,41,,,0,60,,149798,41,,,0,27,,149799,41,,,0,70,,149800,41,,,0,30,,149801,41,,,0,70,,149802,41,,,0,30,,149803,41,,,0,100,,149804,41,,,0,92,,149805,41,,,0,130,,149806,20,4,,0
674100,'101',1530,,149740,41,,,0
674100,'2',443,,149856,41,,,0,104,,149855,41,,,0,106,,149854,41,,,0,69,,149853,41,,,0,24,,149861,41,,,0,63,,149852,41,,,0,22,,149850,41,,,0,20,,149862,41,,,0,61,,149849,41,,,0,21,,149848,41,,,0,21,,149863,41,,,0,61,,149847,41,,,0,20,,149851,41,,,0,21,,149864,41,,,0,61,,149846,41,,,0,21,,149845,41,,,0,20,,149817,41,,,0,60,,149844,41,,,0,20,,149843,41,,,0,20,,149816,41,,,0,61,,149842,41,,,0,20,,149841,41,,,0,20,,149815,41,,,0,60,,149840,41,,,0,20,,149839,41,,,0,20,,149814,41,,,0,60,,149826,41,,,0,21,,149825,41,,,0,60,,149813,41,,,0,19,,149838,41,,,0,15,,149857,41,,,0,15,,149837,41,,,0,55,,149812,41,,,0,15,,149836,41,,,0,15,,149858,41,,,0,15,,149835,41,,,0,55,,149811,41,,,0,15,,149818,41,,,0,15,,149859,41,,,0,15,,149834,41,,,0,60,,149833,41,,,0,20,,149832,41,,,0,19,,149860,41,,,0,60,,149831,41,,,0,20,,149830,41,,,0,72,,149829,41,,,0,28,,149828,41,,,0,30,,149820,41,,,0,69,,149827,41,,,0,30,,149819,41,,,0,77,,149824,41,,,0,97,,149823,41,,,0,108,,149822,41,,,0,163,,149821,41,,,0
674100,'3',446,,149910,41,,,0,100,,149909,41,,,0,107,,149908,41,,,0,72,,149907,41,,,0,30,,149906,41,,,0,71,,149904,41,,,0,20,,149916,41,,,0,61,,149903,41,,,0,20,,149902,41,,,0,21,,149917,41,,,0,61,,149901,41,,,0,20,,149905,41,,,0,20,,149918,41,,,0,60,,149900,41,,,0,20,,149899,41,,,0,19,,149919,41,,,0,59,,149871,41,,,0,20,,149898,41,,,0,20,,149897,41,,,0,59,,149870,41,,,0,20,,149896,41,,,0,20,,149895,41,,,0,59,,149869,41,,,0,20,,149894,41,,,0,23,,149893,41,,,0,60,,149868,41,,,0,20,,149880,41,,,0,18,,149879,41,,,0,57,,149867,41,,,0,15,,149892,41,,,0,15,,149911,41,,,0,14,,149891,41,,,0,55,,149866,41,,,0,15,,149890,41,,,0,14,,149912,41,,,0,15,,149889,41,,,0,55,,149865,41,,,0,15,,149872,41,,,0,16,,149913,41,,,0,14,,149888,41,,,0,55,,149887,41,,,0,15,,149914,41,,,0,15,,149886,41,,,0,16,,149915,41,,,0,60,,149885,41,,,0,20,,149884,41,,,0,32,,149883,41,,,0,69,,149882,41,,,0,30,,149874,41,,,0,70,,149881,41,,,0,30,,149873,41,,,0,74,,149878,41,,,0,99,,149877,41,,,0,110,,149876,41,,,0,160,,149875,41,,,0
674200,'1',552,,150089,20,,,0,90,,150090,20,,,0,13,,150083,20,,,0,74,,150084,20,,,0,28,,150085,20,,,0,75,,150086,20,,,0,68,,150087,20,,,0,13,,150088,20,,,0
674300,'1',626,,150102,25,,,0,91,,150103,25,,,0,30,,150104,25,,,0,71,,150105,25,,,0,17,,150106,25,,,0
674400,'1',712,,150128,18,,,0,17,,150129,18,,,0,24,,150130,18,,,0,51,,150131,18,,,0,12,,150132,18,,,0
674800,'1',555,,150452,3,,,0,63,,150456,3,,,0,10,,150458,3,,,0,15,,150460,3,,,0,15,,150462,3,,,0,55,,150464,3,,,0,15,,150466,3,,,0,15,,150468,3,,,0,15,,150470,3,,,0,55,,150471,3,,,0,15,,150472,3,,,0,15,,150473,3,,,0,15,,150474,3,,,0,54,,150475,3,,,0,16,,150476,3,,,0,15,,150477,3,,,0,15,,150478,3,,,0,55,,150479,3,,,0,20,,150480,3,,,0,20,,150481,3,,,0,60,,150482,3,,,0,20,,150483,3,,,0,20,,150484,3,,,0,60,,150485,3,,,0,20,,150486,3,,,0,20,,150488,3,,,0,60,,150490,3,,,0,20,,150493,3,,,0,20,,150496,3,,,0,58,,150498,3,,,0,14,,150500,3,,,0,15,,150502,3,,,0,14,,150504,3,,,0,57,,150506,3,,,0,15,,150508,3,,,0,15,,150510,3,,,0,11,,150512,3,,,0,53,,150514,3,,,0,16,,150516,3,,,0,14,,150518,3,,,0,15,,150520,3,,,0,52,,150521,3,,,0,21,,150522,3,,,0,20,,150523,3,,,0,8,,150524,3,,,0,58,,150525,3,,,0,19,,150526,3,,,0,21,,150527,3,,,0,60,,150528,3,,,0,20,,150529,3,,,0,20,,150530,3,,,0,60,,150531,3,,,0,20,,150532,3,,,0,20,,150533,3,,,0,60,,150534,3,,,0,20,,150535,3,,,0,20,,150536,3,,,0,60,,150537,3,,,0,20,,150538,3,,,0,20,,150539,3,,,0,60,,150540,3,,,0,32,,150541,3,,,0
674800,'2',700,,150575,3,,,0,20,,150576,3,,,0,20,,150577,3,,,0,60,,150542,3,,,0,30,,150543,3,,,0,70,,150544,3,,,0,30,,150545,3,,,0,70,,150546,3,,,0,30,,150547,3,,,0,70,,150548,3,,,0,30,,150549,3,,,0,70,,150550,3,,,0,30,,150551,3,,,0,28,,150552,3,,,0,60,,150553,3,,,0,20,,150578,3,,,0,20,,150554,3,,,0,60,,150579,3,,,0,20,,150555,3,,,0,20,,150556,3,,,0,60,,150580,3,,,0,19,,150557,3,,,0,63,,150558,3,,,0,30,,150559,3,,,0,70,,150560,3,,,0,30,,150561,3,,,0,70,,150562,3,,,0,30,,150563,3,,,0,70,,150564,3,,,0,30,,150565,3,,,0,70,,150566,3,,,0,30,,150567,3,,,0,70,,150568,3,,,0,30,,150569,3,,,0,70,,150570,3,,,0,24,,150571,3,,,0,20,,150581,3,,,0,60,,150572,3,,,0,23,,150573,3,,,0
674800,'3',727,,150603,3,,,0,32,,150612,3,,,0,70,,150583,3,,,0,30,,150613,3,,,0,70,,150584,3,,,0,30,,150614,3,,,0,70,,150582,3,,,0,30,,150599,3,,,0,70,,150608,3,,,0,30,,150598,3,,,0,70,,150607,3,,,0,30,,150597,3,,,0,70,,150606,3,,,0,30,,150596,3,,,0,70,,150589,3,,,0,30,,150595,3,,,0,70,,150605,3,,,0,30,,150594,3,,,0,70,,150604,3,,,0,30,,150593,3,,,0,70,,150600,3,,,0,30,,150592,3,,,0,70,,150602,3,,,0,30,,150591,3,,,0,70,,150588,3,,,0,30,,150590,3,,,0,70,,150587,3,,,0,30,,150609,3,,,0,70,,150601,3,,,0,30,,150610,3,,,0,70,,150586,3,,,0,29,,150611,3,,,0,72,,150585,3,,,0
