664300,'1',526,,13079,2,,,0,20,,13080,2,,,0,60,,13081,2,,,0,20,,13082,2,,,0,20,,13083,2,,,0,60,,13084,2,,,0,20,,13085,2,,,0,20,,13086,2,,,0,60,,13087,2,,,0,20,,13088,2,,,0,25,,13089,2,,,0,65,,13090,2,,,0,35,,13091,2,,,0,70,,13092,2,,,0,30,,13093,2,,,0,70,,13094,2,,,0,30,,13095,2,,,0,70,,13096,2,,,0,30,,13097,2,,,0,70,,13098,2,,,0,27,,13099,2,,,0,73,,13100,2,,,0,30,,13101,2,,,0,55,,13102,2,,,0,21,,13103,2,,,0,20,,13104,2,,,0,60,,13105,2,,,0,20,,13106,2,,,0,20,,13107,2,,,0,55,,13108,2,,,0,20,,13109,2,,,0,20,,13110,2,,,0,59,,13111,2,,,0,20,,13112,2,,,0,25,,13113,2,,,0,70,,13114,2,,,0,30,,13115,2,,,0,70,,13116,2,,,0,30,,13117,2,,,0,100,,13118,2,,,0,100,,13119,2,,,0,100,,13120,2,,,0,154,,13121,2,,,0
664300,'2',616,,13122,2,,,0,30,,13123,2,,,0,70,,13124,2,,,0,31,,13125,2,,,0,69,,13126,2,,,0,32,,13127,2,,,0,70,,13128,2,,,0,30,,13129,2,,,0,70,,13130,2,,,0,23,,13131,2,,,0,70,,13132,2,,,0,30,,13133,2,,,0,70,,13134,2,,,0,30,,13135,2,,,0,70,,13136,2,,,0,30,,13137,2,,,0,70,,13138,2,,,0,30,,13139,2,,,0,70,,13140,2,,,0,30,,13141,2,,,0,70,,13142,2,,,0,30,,13143,2,,,0,70,,13144,2,,,0,30,,13145,2,,,0,70,,13146,2,,,0,30,,13147,2,,,0,77,,13148,2,,,0,30,,13149,2,,,0,70,,13150,2,,,0,28,,13151,2,,,0,100,,13155,2,,,0,105,,13152,2,,,0,100,,13153,2,,,0,100,,13154,2,,,0
664300,'3',746,,13177,2,,,0,70,,13176,2,,,0,30,,13175,2,,,0,70,,13174,2,,,0,30,,13173,2,,,0,70,,13172,2,,,0,30,,13171,2,,,0,70,,13170,2,,,0,30,,13169,2,,,0,70,,13168,2,,,0,30,,13167,2,,,0,70,,13166,2,,,0,30,,13165,2,,,0,70,,13157,2,,,0,30,,13156,2,,,0,70,,13186,2,,,0,30,,13185,2,,,0,70,,13184,2,,,0,30,,13183,2,,,0,70,,13182,2,,,0,30,,13181,2,,,0,70,,13180,2,,,0,30,,13179,2,,,0,70,,13158,2,,,0,30,,13164,2,,,0,73,,13163,2,,,0,23,,13162,2,,,0,95,,13160,2,,,0,109,,13161,2,,,0,104,,13159,2,,,0,150,,13178,2,,,0
666200,'1',546,,18170,2,,,0,60,,18169,2,,,0,15,,18168,2,,,0,16,,18167,2,,,0,14,,18187,2,,,0,55,,18166,2,,,0,10,,18165,2,,,0,20,,18164,2,,,0,15,,18163,2,,,0,55,,18188,2,,,0,5,,18193,2,,,0,10,,18162,2,,,0,15,,18156,2,,,0,15,,18155,2,,,0,55,,18161,2,,,0,15,,18189,2,,,0,14,,18175,2,,,0,20,,18160,2,,,0,56,,18159,2,,,0,20,,18174,2,,,0,20,,18158,2,,,0,60,,18157,2,,,0,20,,18173,2,,,0,20,,18154,2,,,0,60,,18153,2,,,0,20,,18172,2,,,0,20,,18152,2,,,0,60,,18151,2,,,0,20,,18171,2,,,0,20,,18150,2,,,0,69,,18149,2,,,0,21,,18148,2,,,0,62,,18147,2,,,0,7,,18146,2,,,0,13,,18190,2,,,0,23,,18145,2,,,0,60,,18144,2,,,0,15,,18191,2,,,0,10,,18143,2,,,0,20,,18183,2,,,0,50,,18184,2,,,0,20,,18192,2,,,0,20,,18142,2,,,0,60,,18182,2,,,0,20,,18141,2,,,0,25,,18140,2,,,0,75,,18139,2,,,0,30,,18176,2,,,0,70,,18138,2,,,0,30,,18186,2,,,0,70,,18181,2,,,0,30,,18194,2,,,0,70,,18180,2,,,0,30,,18195,2,,,0,70,,18185,2,,,0,30,,18196,2,,,0,80,,18179,2,,,0,22,,18177,2,,,0,88,,18178,2,,,0
666200,'101',1531,,18197,2,,,0
666200,'2',556,,18199,2,,,0,70,,18200,2,,,0,30,,18201,2,,,0,70,,18202,2,,,0,30,,18203,2,,,0,70,,18204,2,,,0,30,,18205,2,,,0,70,,18206,2,,,0,30,,18207,2,,,0,70,,18208,2,,,0,25,,18209,2,,,0,70,,18210,2,,,0,30,,18211,2,,,0,70,,18212,2,,,0,30,,18213,2,,,0,70,,18214,2,,,0,30,,18215,2,,,0,70,,18216,2,,,0,30,,18217,2,,,0,70,,18218,2,,,0,30,,18219,2,,,0,70,,18220,2,,,0,30,,18221,2,,,0,70,,18222,2,,,0,30,,18223,2,,,0,70,,18224,2,,,0,30,,18225,2,,,0,75,,18226,2,,,0,30,,18227,2,,,0,70,,18228,2,,,0,30,,18229,2,,,0,70,,18230,2,,,0,30,,18235,2,,,0,75,,18233,2,,,0,70,,18236,2,,,0,30,,18234,2,,,0,70,,18237,2,,,0,100,,18231,2,,,0,51,,18232,2,,,0
666200,'201',1531,,18238,2,,,0
666200,'3',726,,18268,2,,,0,30,,18269,2,,,0,70,,18270,2,,,0,30,,18242,2,,,0,70,,18241,2,,,0,30,,18240,2,,,0,70,,18239,2,,,0,30,,18267,2,,,0,70,,18266,2,,,0,30,,18265,2,,,0,70,,18264,2,,,0,30,,18263,2,,,0,70,,18262,2,,,0,30,,18261,2,,,0,70,,18260,2,,,0,30,,18259,2,,,0,70,,18258,2,,,0,30,,18257,2,,,0,70,,18256,2,,,0,30,,18255,2,,,0,70,,18254,2,,,0,30,,18253,2,,,0,70,,18252,2,,,0,30,,18251,2,,,0,70,,18250,2,,,0,30,,18249,2,,,0,70,,18248,2,,,0,30,,18247,2,,,0,70,,18243,2,,,0,30,,18246,2,,,0,70,,18271,2,,,0,30,,18245,2,,,0,70,,18272,2,,,0,30,,18244,2,,,0
666300,'1',511,,18452,2,,,0,30,,18449,2,,,0,70,,18410,2,,,0,21,,18433,2,,,0,24,,18434,2,,,0,63,,18435,2,,,0,20,,18436,2,,,0,62,,18437,2,,,0,20,,18438,2,,,0,20,,18439,2,,,0,60,,18440,2,,,0,20,,18450,2,,,0,20,,18441,2,,,0,60,,18442,2,,,0,15,,18451,2,,,0,30,,18443,2,,,0,70,,18444,2,,,0,30,,18430,2,,,0,70,,18445,2,,,0,30,,18446,2,,,0,70,,18447,2,,,0,31,,18448,2,,,0,71,,18414,2,,,0,27,,18431,2,,,0,62,,18415,2,,,0,24,,18416,2,,,0,19,,18417,2,,,0,61,,18432,2,,,0,15,,18418,2,,,0,25,,18419,2,,,0,60,,18420,2,,,0,23,,18421,2,,,0,17,,18413,2,,,0,60,,18409,2,,,0,20,,18422,2,,,0,20,,18423,2,,,0,58,,18424,2,,,0,32,,18425,2,,,0,68,,18426,2,,,0,30,,18427,2,,,0,70,,18428,2,,,0,30,,18453,2,,,0,71,,18429,2,,,0,29,,18454,2,,,0,70,,18412,2,,,0,30,,18455,2,,,0,70,,18411,2,,,0
666300,'2',546,,18459,2,,,0,65,,18460,2,,,0,30,,18461,2,,,0,70,,18462,2,,,0,32,,18463,2,,,0,68,,18464,2,,,0,32,,18465,2,,,0,73,,18466,2,,,0,26,,18467,2,,,0,71,,18468,2,,,0,33,,18469,2,,,0,70,,18470,2,,,0,30,,18471,2,,,0,70,,18472,2,,,0,30,,18473,2,,,0,70,,18474,2,,,0,30,,18475,2,,,0,70,,18476,2,,,0,30,,18477,2,,,0,70,,18478,2,,,0,30,,18479,2,,,0,70,,18480,2,,,0,30,,18481,2,,,0,70,,18482,2,,,0,30,,18483,2,,,0,70,,18484,2,,,0,30,,18485,2,,,0,67,,18486,2,,,0,30,,18487,2,,,0,70,,18488,2,,,0,30,,18489,2,,,0,70,,18490,2,,,0,30,,18491,2,,,0,70,,18456,2,,,0,30,,18492,2,,,0,70,,18458,2,,,0,30,,18493,2,,,0,70,,18457,2,,,0
666300,'3',711,,18523,2,,,0,30,,18524,2,,,0,70,,18525,2,,,0,30,,18518,2,,,0,70,,18519,2,,,0,30,,18504,2,,,0,70,,18520,2,,,0,30,,18521,2,,,0,70,,18515,2,,,0,30,,18522,2,,,0,70,,18494,2,,,0,30,,18495,2,,,0,70,,18496,2,,,0,30,,18497,2,,,0,70,,18498,2,,,0,30,,18499,2,,,0,70,,18500,2,,,0,30,,18501,2,,,0,70,,18502,2,,,0,30,,18503,2,,,0,70,,18505,2,,,0,30,,18506,2,,,0,70,,18507,2,,,0,30,,18508,2,,,0,70,,18509,2,,,0,30,,18510,2,,,0,70,,18511,2,,,0,30,,18512,2,,,0,70,,18513,2,,,0,30,,18526,2,,,0,70,,18514,2,,,0,30,,18527,2,,,0,70,,18517,2,,,0,30,,18528,2,,,0,60,,18516,2,,,0
