666600,'1',547,,77417,19,,,0,80,,77416,40,,,0,30,,77399,40,,,0,68,,77415,40,,,0,24,,77414,40,,,0
666601,'1',1636,,77505,9,,,0,14,,77529,9,,,0,54,,77504,9,,,0,13,,77524,9,,,0,15,,77520,9,,,0,18,,77488,9,,,0,60,,77489,9,,,0,20,,77503,9,,,0,70,,77497,9,,,0
666701,'1',435,,77823,2,,,0,18,,77863,2,,,0,62,,77796,2,,,0,18,,77797,2,,,0,20,,77798,2,,,0,57,,77799,2,,,0,10,,77800,2,,,0,8,,77801,2,,,0,11,,77802,2,,,0,14,,77867,2,,,0,54,,77868,2,,,0,14,,77803,2,,,0,11,,77804,2,,,0,18,,77805,2,,,0,73,,77806,2,,,0,15,,77807,2,,,0,16,,77808,2,,,0,54,,77866,2,,,0,19,,77824,2,,,0,11,,77825,2,,,0,14,,77862,2,,,0,55,,77809,2,,,0,15,,77810,2,,,0,15,,77811,2,,,0,15,,77812,2,,,0,54,,77813,2,,,0,15,,77814,2,,,0,15,,77815,2,,,0,17,,77865,2,,,0,55,,77826,2,,,0,15,,77827,2,,,0,15,,77861,2,,,0,15,,77816,2,,,0,55,,77817,2,,,0,14,,77818,2,,,0,15,,77819,2,,,0,16,,77820,2,,,0,56,,77821,2,,,0,12,,77822,2,,,0,15,,77864,2,,,0,16,,77828,2,,,0,52,,77829,2,,,0,16,,77860,2,,,0,15,,77830,2,,,0,15,,77831,2,,,0,55,,77832,2,,,0,14,,77833,2,,,0,14,,77834,2,,,0,15,,77835,2,,,0,11,,77836,2,,,0,61,,77837,2,,,0,15,,77859,2,,,0,15,,77844,2,,,0,55,,77856,2,,,0,17,,77857,2,,,0,15,,77838,2,,,0,15,,77839,2,,,0,55,,77840,2,,,0,15,,77841,2,,,0,15,,77842,2,,,0,15,,77843,2,,,0,55,,77858,2,,,0,20,,77845,2,,,0,20,,77855,2,,,0,59,,77846,2,,,0,27,,77847,2,,,0,73,,77848,2,,,0,32,,77849,2,,,0,74,,77850,2,,,0,30,,77851,2,,,0,68,,77852,2,,,0,30,,77853,2,,,0,70,,77854,2,,,0
666701,'101',807,,77795,2,,,0
666701,'2',543,,77877,2,,,0,69,,77878,2,,,0,20,,77895,2,,,0,21,,77896,2,,,0,59,,77892,2,,,0,15,,77897,2,,,0,16,,77898,2,,,0,14,,77899,2,,,0,54,,77900,2,,,0,11,,77901,2,,,0,10,,77869,2,,,0,10,,77902,2,,,0,14,,77903,2,,,0,54,,77904,2,,,0,12,,77905,2,,,0,16,,77906,2,,,0,17,,77907,2,,,0,55,,77908,2,,,0,14,,77909,2,,,0,16,,77910,2,,,0,15,,77912,2,,,0,55,,77913,2,,,0,14,,77914,2,,,0,17,,77911,2,,,0,13,,77915,2,,,0,54,,77891,2,,,0,13,,77916,2,,,0,16,,77917,2,,,0,13,,77918,2,,,0,55,,77920,2,,,0,15,,77921,2,,,0,15,,77922,2,,,0,17,,77923,2,,,0,55,,77924,2,,,0,17,,77925,2,,,0,15,,77926,2,,,0,16,,77927,2,,,0,55,,77928,2,,,0,13,,77929,2,,,0,15,,77930,2,,,0,17,,77931,2,,,0,55,,77932,2,,,0,15,,77933,2,,,0,15,,77934,2,,,0,15,,77935,2,,,0,55,,77870,2,,,0,15,,77871,2,,,0,24,,77872,2,,,0,54,,77873,2,,,0,13,,77894,2,,,0,14,,77874,2,,,0,15,,77875,2,,,0,55,,77893,2,,,0,14,,77876,2,,,0,17,,77880,2,,,0,21,,77879,2,,,0,57,,77881,2,,,0,22,,77882,2,,,0,71,,77919,2,,,0,33,,77883,2,,,0,75,,77884,2,,,0,35,,77885,2,,,0,68,,77886,2,,,0,29,,77887,2,,,0,73,,77888,2,,,0,30,,77889,2,,,0,67,,77890,2,,,0
666701,'3',653,,77951,2,,,0,60,,77952,2,,,0,17,,77937,2,,,0,16,,77953,2,,,0,55,,77954,2,,,0,14,,77950,2,,,0,12,,77936,2,,,0,13,,77955,2,,,0,12,,77956,2,,,0,52,,77957,2,,,0,12,,77958,2,,,0,6,,77959,2,,,0,19,,77960,2,,,0,15,,77961,2,,,0,55,,77962,2,,,0,12,,77963,2,,,0,17,,77964,2,,,0,15,,77965,2,,,0,55,,77966,2,,,0,15,,77945,2,,,0,15,,77946,2,,,0,19,,77947,2,,,0,54,,77967,2,,,0,12,,77968,2,,,0,15,,77969,2,,,0,14,,77970,2,,,0,55,,77971,2,,,0,15,,77972,2,,,0,14,,77973,2,,,0,18,,77974,2,,,0,56,,77975,2,,,0,16,,77976,2,,,0,15,,77944,2,,,0,14,,77977,2,,,0,54,,77978,2,,,0,16,,77979,2,,,0,15,,77980,2,,,0,14,,77981,2,,,0,53,,77982,2,,,0,19,,77983,2,,,0,12,,77984,2,,,0,16,,77985,2,,,0,55,,77986,2,,,0,15,,77987,2,,,0,16,,77988,2,,,0,15,,77989,2,,,0,55,,77949,2,,,0,17,,77990,2,,,0,11,,77991,2,,,0,16,,77948,2,,,0,55,,77992,2,,,0,17,,77993,2,,,0,20,,77994,2,,,0,61,,77995,2,,,0,27,,77996,2,,,0,72,,77997,2,,,0,30,,77938,2,,,0,75,,77939,2,,,0,27,,77940,2,,,0,70,,77941,2,,,0,30,,77942,2,,,0,76,,77943,2,,,0
2263801,'1',430,,101289,2,,,0,70,,101290,2,,,0,22,,101291,2,,,0,14,,101292,2,,,0,14,,101293,2,,,0,54,,101294,2,,,0,11,,101295,2,,,0,14,,101296,2,,,0,13,,101297,2,,,0,17,,101298,2,,,0,47,,101299,2,,,0,19,,101300,2,,,0,12,,101301,2,,,0,16,,101302,2,,,0,52,,101303,2,,,0,24,,101304,2,,,0,72,,101305,2,,,0,31,,101306,2,,,0,68,,101307,2,,,0,30,,101308,2,,,0,70,,101309,2,,,0,30,,101310,2,,,0,70,,101311,2,,,0,30,,101312,2,,,0,70,,101313,2,,,0,30,,101314,2,,,0,70,,101315,2,,,0,20,,101327,2,,,0,20,,101316,2,,,0,60,,101317,2,,,0,20,,101318,2,,,0,80,,101319,2,,,0,15,,101320,2,,,0,15,,101321,2,,,0,15,,101322,2,,,0,55,,101323,2,,,0,13,,101324,2,,,0,15,,101271,2,,,0,19,,101280,2,,,0,61,,101278,2,,,0,23,,101279,2,,,0,70,,101326,2,,,0,19,,101273,2,,,0,16,,101325,2,,,0,67,,101288,2,,,0,22,,101272,2,,,0,29,,101281,2,,,0,71,,101282,2,,,0,30,,101283,2,,,0,70,,101274,2,,,0,30,,101286,2,,,0,62,,101287,2,,,0,29,,101275,2,,,0,70,,101285,2,,,0,29,,101276,2,,,0,70,,101284,2,,,0,30,,101277,2,,,0
2263801,'101',1525,,101270,2,,,0,23,,101269,2,,,0
2263801,'2',535,,101328,2,,,0,70,,101329,2,,,0,30,,101330,2,,,0,70,,101331,2,,,0,30,,101332,2,,,0,70,,101333,2,,,0,30,,101334,2,,,0,70,,101335,2,,,0,30,,101336,2,,,0,70,,101337,2,,,0,30,,101338,2,,,0,70,,101339,2,,,0,30,,101340,2,,,0,70,,101341,2,,,0,30,,101342,2,,,0,70,,101343,2,,,0,30,,101344,2,,,0,70,,101345,2,,,0,30,,101346,2,,,0,70,,101347,2,,,0,30,,101348,2,,,0,70,,101349,2,,,0,30,,101350,2,,,0,70,,101351,2,,,0,30,,101352,2,,,0,70,,101353,2,,,0,30,,101354,2,,,0,70,,101355,2,,,0,30,,101356,2,,,0,65,,101357,2,,,0,30,,101358,2,,,0,70,,101359,2,,,0,30,,101360,2,,,0,70,,101361,2,,,0,30,,101362,2,,,0,70,,101363,2,,,0,30,,101364,2,,,0,70,,101365,2,,,0,30,,101366,2,,,0,78,,101367,2,,,0
2263801,'3',645,,101373,2,,,0,70,,101374,2,,,0,30,,101372,2,,,0,70,,101378,2,,,0,30,,101379,2,,,0,70,,101380,2,,,0,30,,101384,2,,,0,70,,101385,2,,,0,30,,101386,2,,,0,70,,101387,2,,,0,30,,101368,2,,,0,70,,101369,2,,,0,30,,101370,2,,,0,70,,101388,2,,,0,30,,101389,2,,,0,70,,101390,2,,,0,30,,101391,2,,,0,70,,101392,2,,,0,30,,101393,2,,,0,70,,101394,2,,,0,30,,101395,2,,,0,70,,101396,2,,,0,30,,101375,2,,,0,70,,101398,2,,,0,30,,101399,2,,,0,70,,101400,2,,,0,30,,101401,2,,,0,70,,101402,2,,,0,30,,101403,2,,,0,70,,101404,2,,,0,35,,101371,2,,,0,70,,101376,2,,,0,30,,101377,2,,,0,70,,101381,2,,,0,30,,101382,2,,,0,70,,101383,2,,,0,30,,101397,2,,,0
3003601,'1',538,,102599,2,,,0,15,,102600,2,,,0,55,,102601,2,,,0,14,,102602,2,,,0,15,,102603,2,,,0,15,,102604,2,,,0,53,,102605,2,,,0,14,,102606,2,,,0,16,,102607,2,,,0,15,,102608,2,,,0,55,,102609,2,,,0,17,,102610,2,,,0,18,,102611,2,,,0,13,,102612,2,,,0,57,,102613,2,,,0,13,,102614,2,,,0,30,,102615,2,,,0,68,,102616,2,,,0,30,,102617,2,,,0,70,,102618,2,,,0,30,,102619,2,,,0,69,,102620,2,,,0,30,,102621,2,,,0,70,,102593,2,,,0,30,,102594,2,,,0,75,,102595,2,,,0,25,,102584,2,,,0,55,,102580,2,,,0,20,,102579,2,,,0,15,,102581,2,,,0,15,,102582,2,,,0,56,,102583,2,,,0,15,,102585,2,,,0,16,,102586,2,,,0,15,,102587,2,,,0,56,,102588,2,,,0,15,,102589,2,,,0,10,,102590,2,,,0,4,,102591,2,,,0,65,,102592,2,,,0,0,,102622,2,,,0,13,,102569,2,,,0,15,,102570,2,,,0,22,,102571,2,,,0,71,,102572,2,,,0,27,,102573,2,,,0,67,,102574,2,,,0,30,,102575,2,,,0,70,,102576,2,,,0,30,,102577,2,,,0,70,,102578,2,,,0,30,,102596,2,,,0,70,,102597,2,,,0,30,,102598,2,,,0
3003601,'2',621,,102630,2,,,0,30,,102631,2,,,0,70,,102632,2,,,0,30,,102633,2,,,0,70,,102623,2,,,0,30,,102629,2,,,0,70,,102634,2,,,0,30,,102635,2,,,0,70,,102636,2,,,0,30,,102637,2,,,0,70,,102638,2,,,0,30,,102639,2,,,0,70,,102640,2,,,0,30,,102641,2,,,0,70,,102642,2,,,0,30,,102643,2,,,0,70,,102644,2,,,0,30,,102645,2,,,0,70,,102646,2,,,0,30,,102647,2,,,0,69,,102648,2,,,0,30,,102649,2,,,0,71,,102650,2,,,0,30,,102651,2,,,0,70,,102652,2,,,0,30,,102653,2,,,0,70,,102654,2,,,0,30,,102655,2,,,0,70,,102656,2,,,0,30,,102657,2,,,0,70,,102658,2,,,0,30,,102625,2,,,0,70,,102626,2,,,0,30,,102627,2,,,0,70,,102624,2,,,0,30,,102628,2,,,0
3003601,'3',721,,102668,2,,,0,30,,102669,2,,,0,70,,102670,2,,,0,30,,102671,2,,,0,70,,102672,2,,,0,30,,102673,2,,,0,70,,102674,2,,,0,30,,102675,2,,,0,70,,102676,2,,,0,30,,102677,2,,,0,70,,102678,2,,,0,30,,102679,2,,,0,70,,102680,2,,,0,30,,102681,2,,,0,70,,102682,2,,,0,30,,102683,2,,,0,70,,102684,2,,,0,30,,102685,2,,,0,70,,102686,2,,,0,30,,102687,2,,,0,70,,102688,2,,,0,30,,102689,2,,,0,70,,102690,2,,,0,30,,102691,2,,,0,70,,102692,2,,,0,30,,102659,2,,,0,70,,102662,2,,,0,30,,102663,2,,,0,70,,102660,2,,,0,30,,102661,2,,,0,70,,102664,2,,,0,30,,102665,2,,,0,70,,102666,2,,,0,30,,102667,2,,,0
3003900,'1',457,,103142,2,,,0,61,,103140,2,,,0,9,,103143,2,,,0,19,,103139,12,,,0,10,,103156,12,,,0,56,,103138,12,,,0,9,,103157,12,,,0,18,,103137,12,,,0,11,,103144,12,,,0,66,,103136,12,,,0,4,,103145,12,,,0,21,,103130,12,,,0,60,,103146,12,,,0,41,,103147,12,,,0,70,,103148,12,,,0,30,,103149,12,,,0,70,,103150,12,,,0,28,,103151,12,,,0,70,,103152,12,,,0,30,,103153,12,,,0,70,,103154,12,,,0,30,,103155,12,,,0,68,,103158,12,,,0,31,,103159,12,,,0,72,,103160,12,,,0,27,,103141,12,,,0,69,,103116,12,,,0,29,,103117,12,,,0,72,,103118,12,,,0,18,,103161,12,,,0,9,,103135,12,,,0,17,,103119,12,,,0,53,,103134,12,,,0,21,,103120,12,,,0,11,,103133,12,,,0,69,,103121,12,,,0,13,,103132,12,,,0,12,,103122,12,,,0,25,,103123,12,,,0,52,,103131,12,,,0,18,,103124,12,,,0,95,,103125,12,,,0,105,,103126,12,,,0,102,,103127,12,,,0,102,,103128,12,,,0,100,,103129,12,,,0
3003900,'2',645,,103190,2,,,0,70,,103180,12,,,0,30,,103191,12,,,0,70,,103181,12,,,0,29,,103166,12,,,0,70,,103162,12,,,0,27,,103164,12,,,0,70,,103163,12,,,0,32,,103165,12,,,0,68,,103182,12,,,0,29,,103167,12,,,0,70,,103183,12,,,0,30,,103168,12,,,0,70,,103184,12,,,0,30,,103169,12,,,0,70,,103185,12,,,0,30,,103170,12,,,0,70,,103186,12,,,0,30,,103171,12,,,0,70,,103187,12,,,0,30,,103172,12,,,0,70,,103188,12,,,0,32,,103173,12,,,0,70,,103189,12,,,0,30,,103174,12,,,0,86,,103175,12,,,0,100,,103176,12,,,0,100,,103177,12,,,0,102,,103178,12,,,0,102,,103179,12,,,0
3003900,'3',646,,103198,2,,,0,96,,103199,12,,,0,100,,103200,12,,,0,100,,103201,12,,,0,70,,103210,12,,,0,29,,103202,12,,,0,70,,103211,12,,,0,29,,103203,12,,,0,70,,103212,12,,,0,30,,103204,12,,,0,70,,103213,12,,,0,30,,103205,12,,,0,70,,103214,12,,,0,30,,103206,12,,,0,70,,103215,12,,,0,30,,103207,12,,,0,70,,103216,12,,,0,30,,103208,12,,,0,70,,103217,12,,,0,31,,103209,12,,,0,70,,103218,12,,,0,20,,103192,12,,,0,102,,103193,12,,,0,100,,103194,12,,,0,100,,103195,12,,,0,102,,103196,12,,,0,100,,103197,12,,,0
3003901,'1',526,,103252,22,,,0,24,,103241,22,,,0,7,,103253,22,,,0,63,,103251,22,,,0,10,,103254,22,,,0,20,,103250,22,,,0,50,,103255,22,,,0,19,,103249,22,,,0,11,,103256,22,,,0,20,,103248,22,,,0,50,,103257,22,,,0,23,,103242,22,,,0,17,,103258,22,,,0,68,,103259,22,,,0,30,,103260,22,,,0,66,,103261,22,,,0,31,,103262,22,,,0,74,,103263,22,,,0,27,,103264,22,,,0,71,,103265,22,,,0,28,,103220,22,,,0,71,,103221,22,,,0,29,,103222,22,,,0,75,,103223,22,,,0,30,,103224,22,,,0,75,,103225,22,,,0,28,,103226,22,,,0,70,,103227,22,,,0,30,,103228,22,,,0,71,,103229,22,,,0,12,,103247,22,,,0,17,,103230,22,,,0,9,,103246,22,,,0,59,,103231,22,,,0,11,,103245,22,,,0,28,,103232,22,,,0,50,,103244,22,,,0,10,,103233,22,,,0,25,,103234,22,,,0,10,,103243,22,,,0,59,,103235,22,,,0,34,,103236,22,,,0,97,,103237,22,,,0,100,,103238,22,,,0,98,,103239,22,,,0,98,,103240,22,,,0
3003901,'101',1541,,103219,22,,,0
3003901,'2',632,,103280,22,,,0,70,,103269,22,,,0,30,,103281,22,,,0,70,,103266,22,,,0,30,,103282,22,,,0,73,,103267,22,,,0,31,,103283,22,,,0,69,,103270,22,,,0,32,,103284,22,,,0,70,,103271,22,,,0,30,,103285,22,,,0,70,,103272,22,,,0,30,,103286,22,,,0,70,,103273,22,,,0,30,,103287,22,,,0,70,,103274,22,,,0,30,,103288,22,,,0,70,,103275,22,,,0,30,,103289,22,,,0,70,,103276,22,,,0,28,,103290,22,,,0,70,,103277,22,,,0,30,,103291,22,,,0,70,,103278,22,,,0,30,,103294,22,,,0,70,,103279,22,,,0,29,,103292,22,,,0,99,,103293,22,,,0,100,,103295,22,,,0,100,,103296,22,,,0,100,,103297,22,,,0,100,,103268,22,,,0
3003901,'3',631,,103299,22,,,0,100,,103300,22,,,0,101,,103301,22,,,0,101,,103302,22,,,0,102,,103303,22,,,0,100,,103304,22,,,0,71,,103317,22,,,0,30,,103305,22,,,0,70,,103318,22,,,0,30,,103306,22,,,0,70,,103319,22,,,0,30,,103307,22,,,0,70,,103320,22,,,0,30,,103308,22,,,0,68,,103321,22,,,0,33,,103309,22,,,0,67,,103322,22,,,0,30,,103310,22,,,0,70,,103323,22,,,0,30,,103311,22,,,0,101,,103312,22,,,0,99,,103313,22,,,0,98,,103314,22,,,0,99,,103315,22,,,0,100,,103316,22,,,0,100,,103298,22,,,0
3004000,'1',455,,103325,2,,,0,62,,103330,2,,,0,7,,103344,2,,,0,20,,103329,12,,,0,10,,103345,12,,,0,60,,103328,12,,,0,10,,103346,12,,,0,19,,103327,12,,,0,11,,103347,12,,,0,58,,103326,12,,,0,10,,103348,12,,,0,18,,103365,12,,,0,17,,103349,12,,,0,68,,103350,12,,,0,33,,103351,12,,,0,66,,103352,12,,,0,31,,103353,12,,,0,70,,103354,12,,,0,27,,103355,12,,,0,73,,103356,12,,,0,28,,103357,12,,,0,71,,103358,12,,,0,29,,103359,12,,,0,75,,103360,12,,,0,30,,103361,12,,,0,68,,103362,12,,,0,28,,103363,12,,,0,70,,103364,12,,,0,31,,103343,12,,,0,71,,103331,12,,,0,12,,103370,12,,,0,18,,103332,12,,,0,53,,103369,12,,,0,19,,103333,12,,,0,11,,103368,12,,,0,68,,103334,12,,,0,12,,103367,12,,,0,10,,103335,12,,,0,27,,103336,12,,,0,50,,103366,12,,,0,21,,103337,12,,,0,75,,103338,12,,,0,99,,103339,12,,,0,100,,103340,12,,,0,100,,103341,12,,,0,58,,103342,12,,,0
3004000,'101',1452,,103324,2,,,0
3004000,'2',601,,103381,2,,,0,30,,103389,2,,,0,70,,103382,12,,,0,28,,103390,12,,,0,30,,103402,12,,,0,70,,103391,12,,,0,71,,103371,12,,,0,27,,103392,12,,,0,29,,103372,12,,,0,69,,103393,12,,,0,30,,103373,12,,,0,70,,103394,12,,,0,30,,103374,12,,,0,70,,103395,12,,,0,29,,103375,12,,,0,70,,103396,12,,,0,30,,103376,12,,,0,70,,103397,12,,,0,30,,103377,12,,,0,70,,103398,12,,,0,30,,103378,12,,,0,70,,103399,12,,,0,30,,103379,12,,,0,70,,103400,12,,,0,30,,103380,12,,,0,71,,103401,12,,,0,30,,103383,12,,,0,101,,103384,12,,,0,100,,103385,12,,,0,100,,103386,12,,,0,101,,103387,12,,,0,102,,103388,12,,,0
3004000,'3',600,,103421,2,,,0,100,,103403,12,,,0,100,,103404,12,,,0,59,,103405,12,,,0,98,,103406,12,,,0,98,,103407,12,,,0,70,,103422,12,,,0,30,,103408,12,,,0,70,,103423,12,,,0,30,,103409,12,,,0,70,,103424,12,,,0,30,,103410,12,,,0,70,,103425,12,,,0,30,,103411,12,,,0,70,,103426,12,,,0,33,,103412,12,,,0,67,,103427,12,,,0,30,,103413,12,,,0,70,,103428,12,,,0,30,,103414,12,,,0,102,,103415,12,,,0,101,,103416,12,,,0,100,,103417,12,,,0,101,,103418,12,,,0,100,,103419,12,,,0,100,,103420,12,,,0
3004001,'1',528,,103442,28,,,0,21,,103457,28,,,0,9,,103443,28,,,0,63,,103456,28,,,0,10,,103444,28,,,0,19,,103455,28,,,0,9,,103445,28,,,0,58,,103454,28,,,0,11,,103459,28,,,0,30,,103460,28,,,0,63,,103446,28,,,0,20,,103461,28,,,0,81,,103462,28,,,0,28,,103463,28,,,0,70,,103464,28,,,0,30,,103465,28,,,0,68,,103466,28,,,0,32,,103467,28,,,0,74,,103468,28,,,0,30,,103469,28,,,0,70,,103452,28,,,0,28,,103453,28,,,0,73,,103470,28,,,0,34,,103471,28,,,0,69,,103458,28,,,0,27,,103472,28,,,0,69,,103473,28,,,0,32,,103474,28,,,0,58,,103430,28,,,0,10,,103451,28,,,0,17,,103431,28,,,0,11,,103450,28,,,0,61,,103432,28,,,0,9,,103449,28,,,0,29,,103433,28,,,0,7,,103448,28,,,0,52,,103434,28,,,0,24,,103435,28,,,0,12,,103447,28,,,0,58,,103436,28,,,0,53,,103437,28,,,0,144,,103438,28,,,0,101,,103439,28,,,0,98,,103440,28,,,0,100,,103441,28,,,0
3004001,'101',754,,103429,28,,,0
3004001,'2',718,,103482,28,,,0,30,,103500,28,,,0,70,,103483,28,,,0,31,,103501,28,,,0,71,,103484,28,,,0,31,,103504,28,,,0,69,,103485,28,,,0,30,,103475,28,,,0,74,,103486,28,,,0,28,,103476,28,,,0,70,,103487,28,,,0,30,,103477,28,,,0,70,,103488,28,,,0,30,,103478,28,,,0,70,,103489,28,,,0,30,,103502,28,,,0,70,,103490,28,,,0,30,,103503,28,,,0,70,,103491,28,,,0,29,,103479,28,,,0,70,,103492,28,,,0,30,,103480,28,,,0,70,,103493,28,,,0,30,,103481,28,,,0,70,,103494,28,,,0,86,,103495,28,,,0,98,,103496,28,,,0,100,,103497,28,,,0,98,,103498,28,,,0,102,,103499,28,,,0
3004001,'3',717,,103506,28,,,0,102,,103507,28,,,0,100,,103508,28,,,0,100,,103509,28,,,0,31,,103523,28,,,0,70,,103510,28,,,0,30,,103524,28,,,0,70,,103511,28,,,0,30,,103525,28,,,0,70,,103512,28,,,0,31,,103526,28,,,0,70,,103513,28,,,0,30,,103527,28,,,0,69,,103514,28,,,0,30,,103528,28,,,0,71,,103515,28,,,0,30,,103529,28,,,0,70,,103516,28,,,0,30,,103530,28,,,0,68,,103517,28,,,0,30,,103531,28,,,0,60,,103519,28,,,0,100,,103505,28,,,0,100,,103518,28,,,0,100,,103520,28,,,0,100,,103521,28,,,0,98,,103522,28,,,0
3004101,'1',624,,103555,8,,,0,15,,103567,8,,,0,15,,103556,8,,,0,55,,103568,8,,,0,15,,103566,8,,,0,15,,103569,8,,,0,15,,103557,8,,,0,55,,103570,8,,,0,15,,103558,8,,,0,14,,103571,8,,,0,15,,103559,8,,,0,668,,103560,8,,,0,15,,103572,8,,,0,15,,103561,8,,,0,55,,103573,8,,,0,21,,103562,8,,,0,17,,103574,8,,,0,6,,103577,8,,,0,50,,103563,8,,,0,10,,103575,8,,,0,16,,103564,8,,,0,80,,103565,8,,,0,50,,103576,8,,,0
