667700,'1',602,,21042,1,,,0,29,,21015,1,,,0,71,,21023,1,,,0,28,,21030,1,,,0,71,,21040,1,,,0,29,,21026,1,,,0,77,,21010,1,,,0,24,,21048,1,,,0,88,,21009,1,,,0,31,,21017,1,,,0,68,,21024,1,,,0,30,,21022,1,,,0,70,,21021,1,,,0,30,,21031,1,,,0,71,,21008,1,,,0,27,,21046,1,,,0,55,,21011,1,,,0,29,,21012,1,,,0,29,,21005,1,,,0,58,,21036,1,,,0,15,,21016,1,,,0,69,,21019,1,,,0,20,,21027,1,,,0,11,,21020,1,,,0,19,,21037,1,,,0,54,,21032,1,,,0,19,,21043,1,,,0,20,,21047,1,,,0,13,,21033,1,,,0,56,,21044,1,,,0,12,,21041,1,,,0,16,,21034,1,,,0,11,,21014,1,,,0,52,,21035,1,,,0,14,,21029,1,,,0,15,,21049,1,,,0,20,,21025,1,,,0,55,,21007,1,,,0,15,,21045,1,,,0,10,,21006,1,,,0,70,,21038,1,,,0,29,,21028,1,,,0,70,,21018,1,,,0,30,,21051,1,,,0,70,,21039,1,,,0,30,,21050,1,,,0,70,,21013,1,,,0
667700,'101',1551,,21052,1,,,0
667700,'1101',2505,,21053,1,,,0
667700,'1201',2505,,21054,1,,,0
667700,'2',636,,21082,1,,,0,66,,21083,1,,,0,30,,21062,1,,,0,70,,21090,1,,,0,30,,21091,1,,,0,70,,21058,1,,,0,30,,21088,1,,,0,69,,21065,1,,,0,32,,21096,1,,,0,70,,21060,1,,,0,28,,21095,1,,,0,71,,21097,1,,,0,30,,21063,1,,,0,70,,21061,1,,,0,33,,21100,1,,,0,16,,21071,1,,,0,60,,21098,1,,,0,22,,21056,1,,,0,19,,21081,1,,,0,59,,21087,1,,,0,21,,21086,1,,,0,19,,21080,1,,,0,60,,21057,1,,,0,21,,21064,1,,,0,19,,21079,1,,,0,65,,21099,1,,,0,19,,21066,1,,,0,20,,21078,1,,,0,62,,21092,1,,,0,21,,21089,1,,,0,64,,21077,1,,,0,16,,21070,1,,,0,15,,21067,1,,,0,15,,21085,1,,,0,56,,21076,1,,,0,30,,21093,1,,,0,72,,21084,1,,,0,28,,21068,1,,,0,70,,21073,1,,,0,30,,21072,1,,,0,70,,21094,1,,,0,30,,21075,1,,,0,70,,21059,1,,,0,32,,21074,1,,,0,66,,21069,1,,,0,36,,21055,1,,,0
667700,'201',1551,,21101,1,,,0
667700,'3',804,,21119,1,,,0,30,,21113,1,,,0,70,,21122,1,,,0,29,,21112,1,,,0,69,,21120,1,,,0,30,,21111,1,,,0,68,,21121,1,,,0,31,,21102,1,,,0,70,,21123,1,,,0,31,,21110,1,,,0,69,,21106,1,,,0,32,,21118,1,,,0,70,,21125,1,,,0,31,,21117,1,,,0,13,,21139,1,,,0,69,,21126,1,,,0,15,,21116,1,,,0,17,,21138,1,,,0,70,,21129,1,,,0,16,,21115,1,,,0,15,,21137,1,,,0,71,,21127,1,,,0,13,,21114,1,,,0,16,,21136,1,,,0,71,,21124,1,,,0,14,,21109,1,,,0,17,,21135,1,,,0,68,,21104,1,,,0,15,,21108,1,,,0,19,,21134,1,,,0,65,,21103,1,,,0,17,,21107,1,,,0,68,,21105,1,,,0,30,,21133,1,,,0,72,,21130,1,,,0,30,,21132,1,,,0,70,,21128,1,,,0,35,,21131,1,,,0
683701,'1',2502,,38469,1,,,0,103,,38470,23,,,0
683701,'2',553,,38473,23,,,0,1951,,38471,1,,,0,107,,38472,23,,,0
683701,'3',618,,38480,23,,,0,40,,38481,23,,,0,71,,38482,23,,,0,72,,38483,23,,,0,1517,,38484,23,4,,0,13,,38476,1,,,0,71,,38475,1,,,0,41,,38478,23,,,0,72,,38477,23,,,0,29,,38474,23,4,,0,79,,38479,23,,,0,28,,38485,23,,,0
