674900,'1',525,,33875,7,,,0,13,,33876,7,,,0,17,,33877,7,,,0,57,,33878,7,,,0,15,,33879,7,,,0,16,,33880,7,,,0,16,,33881,7,,,0,70,,33882,7,,,0,13,,33883,7,0,58 59,0,15,,33884,7,0,58 59,0,54,,33821,7,,,0,14,,33866,7,0,58 59,0,17,,33867,7,,,0,15,,33868,7,0,58 59,0,55,,33869,7,,,0,8,,33870,7,0,60 61 8,0,9,,33871,7,0,58 59,0,11,,33872,7,,,0,15,,33873,7,0,58 59,0,55,,33874,7,,,0,15,,33822,7,0,58 59,0,17,,33847,7,,,0,15,,33848,7,0,58 59,0,55,,33849,7,,,0,15,,33850,7,0,58 59,0,15,,33851,7,,,0,15,,33852,7,0,58 59,0,55,,33853,7,,,0,12,,33854,7,0,58 59,0,18,,33855,7,,,0,15,,33856,7,0,58 59,0,55,,33857,7,,,0,15,,33858,7,0,58 59,0,13,,33859,7,,,0,17,,33860,7,0,60 61 8,0,75,,33861,7,,,0,16,,33862,7,,,0,55,,33863,7,,,0,15,,33864,7,,,0,17,,33865,7,,,0,14,,33813,7,,,0,54,,33819,7,,,0,23,,33841,7,,,0,9,,33823,7,,,0,21,,33812,7,,,0,48,,33842,7,,,0,23,,33843,7,,,0,11,,33844,7,,,0,15,,33845,7,,,0,55,,33846,7,,,0,9,,33820,7,,,0,19,,33814,7,,,0,8,,33824,7,,,0,57,,33825,7,,,0,15,,33836,7,,,0,16,,33837,7,,,0,13,,33838,7,,,0,13,,33839,7,0,60 61 8,0,57,,33840,7,,,0,15,,33818,7,,,0,14,,33815,7,,,0,15,,33828,7,0,60 61 8,0,55,,33829,7,,,0,30,,33830,7,,,0,70,,33831,7,,,0,30,,33816,7,,,0,70,,33833,7,,,0,30,,33827,7,,,0,69,,33832,7,,,0,30,,33817,7,,,0,70,,33835,7,0,58 59,0,29,,33826,7,0,58 59,0,70,,33834,7,0,58 59,0
674900,'101',711,,33885,7,0,62 63 64,0
674900,'2',613,,33889,7,,,0,30,,33890,7,,,0,67,,33891,7,,,0,15,,33892,7,,,0,15,,33893,7,0,58 59,0,15,,33894,7,,,0,50,,33895,7,0,58 59,0,15,,33896,7,,,0,15,,33897,7,0,58 59,0,15,,33898,7,,,0,55,,33899,7,0,58 59,0,16,,33900,7,,,0,15,,33901,7,0,58 59,0,16,,33902,7,,,0,55,,33903,7,0,58 59,0,15,,33904,7,,,0,15,,33905,7,0,58 59,0,15,,33906,7,,,0,55,,33907,7,0,58 59,0,15,,33908,7,,,0,15,,33909,7,0,58 59,0,15,,33910,7,,,0,55,,33911,7,0,58 59,0,15,,33912,7,,,0,15,,33913,7,0,58 59,0,15,,33914,7,,,0,55,,33915,7,0,58 59,0,17,,33916,7,,,0,15,,33917,7,0,58 59,0,13,,33918,7,,,0,55,,33919,7,0,58 59,0,15,,33920,7,,,0,15,,33921,7,0,58 59,0,15,,33922,7,,,0,55,,33923,7,0,58 59,0,17,,33924,7,,,0,13,,33925,7,0,58 59,0,17,,33926,7,,,0,53,,33927,7,0,58 59,0,15,,33928,7,,,0,15,,33929,7,0,58 59,0,15,,33930,7,,,0,55,,33931,7,0,58 59,0,15,,33932,7,,,0,15,,33933,7,0,58 59,0,15,,33934,7,,,0,55,,33935,7,0,58 59,0,14,,33936,7,,,0,15,,33937,7,,,0,15,,33938,7,,,0,60,,33939,7,,,0,20,,33940,7,,,0,20,,33941,7,,,0,60,,33942,7,,,0,20,,33943,7,,,0,20,,33944,7,,,0,63,,33945,7,,,0,30,,33946,7,,,0,71,,33947,7,,,0,30,,33948,7,,,0,69,,33949,7,,,0,30,,33950,7,,,0,70,,33951,7,,,0,30,,33952,7,,,0,69,,33953,7,0,58 59,0,35,,33887,7,0,58 59,0,65,,33888,7,0,58 59,0
674900,'201',711,,33954,7,,,0
674900,'3',618,,33984,7,,,0,32,,33983,7,,,0,63,,33989,7,,,0,31,,33988,7,,,0,15,,34000,7,0,58 59,0,55,,33999,7,,,0,15,,33998,7,0,58 59,0,14,,33997,7,,,0,16,,33996,7,0,58 59,0,56,,33995,7,,,0,15,,34019,7,0,58 59,0,15,,34018,7,,,0,55,,33994,7,0,58 59,0,16,,33993,7,,,0,15,,33992,7,0,58 59,0,15,,33991,7,,,0,10,,33990,7,0,58 59,0,54,,33987,7,,,0,16,,33986,7,0,58 59,0,15,,33985,7,,,0,13,,34011,7,0,58 59,0,57,,33959,7,,,0,15,,33958,7,0,58 59,0,15,,33957,7,,,0,15,,33956,7,0,58 59,0,55,,33955,7,,,0,17,,34017,7,0,58 59,0,7,,34016,7,,,0,23,,34015,7,0,58 59,0,55,,34014,7,,,0,15,,34013,7,0,58 59,0,15,,34012,7,,,0,15,,34010,7,0,58 59,0,53,,34009,7,,,0,14,,34008,7,0,58 59,0,16,,34007,7,,,0,5,,34006,7,0,58 59,0,65,,34005,7,,,0,15,,34004,7,0,58 59,0,14,,34003,7,,,0,15,,34002,7,0,58 59,0,55,,34001,7,,,0,15,,33972,7,0,58 59,0,15,,33982,7,,,0,15,,33981,7,0,58 59,0,60,,33980,7,,,0,14,,33979,7,0,58 59,0,16,,33978,7,,,0,14,,33977,7,0,58 59,0,56,,33976,7,,,0,15,,33975,7,0,58 59,0,14,,33974,7,,,0,15,,33973,7,0,58 59,0,55,,33971,7,,,0,15,,33970,7,0,58 59,0,11,,33969,7,,,0,60,,33968,7,,,0,20,,33967,7,,,0,31,,33966,7,,,0,71,,33965,7,,,0,30,,33964,7,,,0,70,,33963,7,,,0,30,,33962,7,,,0,71,,33961,7,,,0,101,,33960,7,0,58 59,0
674900,'801',1413,,34021,7,,,0
3003700,'1',505,,44009,7,,,0,31,,44010,7,,,0,21,,43985,7,,,0,49,,44011,7,,,0,19,,43984,7,,,0,6,,44012,7,,,0,24,,43983,7,,,0,46,,44013,7,,,0,15,,43978,7,,,0,15,,44014,7,,,0,16,,43976,7,,,0,54,,44015,7,,,0,20,,44016,7,,,0,30,,44017,7,,,0,65,,44018,7,,,0,35,,44019,7,,,0,69,,43986,7,,,0,30,,43987,7,,,0,70,,43988,7,,,0,30,,43989,7,,,0,71,,43990,7,,,0,30,,43991,7,,,0,71,,43992,7,,,0,29,,43993,7,,,0,70,,43994,7,,,0,28,,43995,7,,,0,70,,43996,7,,,0,28,,43997,7,,,0,65,,44005,7,,,0,25,,43998,7,,,0,5,,43982,7,,,0,65,,43999,7,,,0,5,,43981,7,,,0,25,,44000,7,,,0,5,,43980,7,,,0,59,,43977,7,,,0,21,,43979,7,,,0,24,,44001,7,,,0,65,,44002,7,,,0,100,,44003,7,,,0,99,,44004,7,,,0,99,,44006,7,,,0,100,,44007,7,,,0,98,,44008,7,,,0
3003700,'101',831,,44023,7,,,0,596,,44021,7,,,0,20,,44020,7,,,0,80,,44022,7,,,0
3003700,'2',719,,44028,7,,,0,30,,44044,7,,,0,70,,44029,7,,,0,30,,44045,7,,,0,70,,44030,7,,,0,32,,44046,7,,,0,70,,44031,7,,,0,30,,44047,7,,,0,70,,44032,7,,,0,30,,44048,7,,,0,70,,44026,7,,,0,30,,44049,7,,,0,70,,44027,7,,,0,30,,44050,7,,,0,70,,44033,7,,,0,30,,44051,7,,,0,70,,44034,7,,,0,30,,44024,7,,,0,70,,44035,7,,,0,30,,44025,7,,,0,70,,44036,7,,,0,30,,44052,7,,,0,68,,44037,7,,,0,26,,44053,7,,,0,65,,44038,7,,,0,99,,44039,7,,,0,100,,44040,7,,,0,100,,44041,7,,,0,100,,44042,7,,,0,100,,44043,7,,,0
3003700,'3',709,,44062,7,,,0,100,,44063,7,,,0,101,,44064,7,,,0,100,,44065,7,,,0,101,,44066,7,,,0,30,,44072,7,,,0,70,,44067,7,,,0,30,,44073,7,,,0,70,,44068,7,,,0,30,,44074,7,,,0,70,,44069,7,,,0,30,,44075,7,,,0,70,,44070,7,,,0,30,,44076,7,,,0,70,,44071,7,,,0,30,,44077,7,,,0,70,,44054,7,,,0,30,,44078,7,,,0,70,,44055,7,,,0,100,,44056,7,,,0,100,,44057,7,,,0,98,,44058,7,,,0,100,,44059,7,,,0,99,,44060,7,,,0,100,,44061,7,,,0
3780900,'1',511,,52616,4,,,0,10,,52617,4,,,0,10,,52618,4,,,0,10,,52619,4,,,0,10,,52620,4,,,0,50,,52621,4,,,0,11,,52622,4,,,0,10,,52623,4,,,0,10,,52624,4,,,0,10,,52625,4,,,0,10,,52626,4,,,0,50,,52627,4,,,0,10,,52628,4,,,0,10,,52629,4,,,0,10,,52630,4,,,0,11,,52631,4,,,0,10,,52632,4,,,0,50,,52633,4,,,0,10,,52634,4,,,0,10,,52635,4,,,0,10,,52636,4,,,0,10,,52637,4,,,0,10,,52638,4,,,0,50,,52639,4,,,0,10,,52640,4,,,0,19,,52641,4,,,0,11,,52642,4,,,0,15,,52643,4,,,0,55,,52644,4,,,0,15,,52645,4,,,0,15,,52646,4,,,0,15,,52647,4,,,0,55,,52648,4,,,0,15,,52649,4,,,0,15,,52650,4,,,0,15,,52651,4,,,0,55,,52652,4,,,0,15,,52653,4,,,0,15,,52654,4,,,0,15,,52655,4,,,0,55,,52656,4,,,0,15,,52657,4,,,0,16,,52658,4,,,0,15,,52659,4,,,0,55,,52660,4,,,0,12,,52661,4,,,0,16,,52662,4,,,0,14,,52663,4,,,0,56,,52664,4,,,0,12,,52665,4,,,0,11,,52666,4,,,0,10,,52667,4,,,0,11,,52668,4,,,0,50,,52669,4,,,0,8,,52670,4,,,0,12,,52671,4,,,0,8,,52672,4,,,0,12,,52673,4,,,0,10,,52674,4,,,0,49,,52675,4,,,0,10,,52676,4,,,0,10,,52677,4,,,0,10,,52678,4,,,0,8,,52679,4,,,0,13,,52680,4,,,0,47,,52681,4,,,0,10,,52682,4,,,0,15,,52683,4,,,0,15,,52684,4,,,0,15,,52685,4,,,0,54,,52686,4,,,0,15,,52687,4,,,0,15,,52688,4,,,0,15,,52689,4,,,0,55,,52690,4,,,0,15,,52691,4,,,0,15,,52692,4,,,0,15,,52693,4,,,0,55,,52694,4,,,0,15,,52695,4,,,0,15,,52696,4,,,0,15,,52697,4,,,0,54,,52698,4,,,0,15,,52699,4,,,0,15,,52700,4,,,0,15,,52701,4,,,0,54,,52702,4,,,0,15,,52703,4,,,0,15,,52704,4,,,0,15,,52705,4,,,0,55,,52706,4,,,0
3780900,'2',505,,52707,4,,,0,15,,52708,4,,,0,15,,52709,4,,,0,15,,52710,4,,,0,55,,52711,4,,,0,15,,52712,4,,,0,15,,52713,4,,,0,16,,52714,4,,,0,55,,52715,4,,,0,15,,52716,4,,,0,15,,52717,4,,,0,15,,52718,4,,,0,56,,52719,4,,,0,15,,52720,4,,,0,15,,52721,4,,,0,15,,52722,4,,,0,55,,52723,4,,,0,15,,52724,4,,,0,14,,52725,4,,,0,15,,52726,4,,,0,57,,52727,4,,,0,15,,52728,4,,,0,15,,52729,4,,,0,15,,52730,4,,,0,56,,52731,4,,,0,15,,52732,4,,,0,15,,52733,4,,,0,15,,52734,4,,,0,55,,52735,4,,,0,15,,52736,4,,,0,15,,52737,4,,,0,15,,52738,4,,,0,55,,52739,4,,,0,15,,52740,4,,,0,15,,52741,4,,,0,15,,52742,4,,,0,55,,52743,4,,,0,15,,52744,4,,,0,15,,52745,4,,,0,15,,52746,4,,,0,55,,52747,4,,,0,15,,52748,4,,,0,15,,52749,4,,,0,15,,52750,4,,,0,55,,52751,4,,,0,15,,52752,4,,,0,15,,52753,4,,,0,15,,52754,4,,,0,54,,52755,4,,,0,15,,52756,4,,,0,15,,52757,4,,,0,15,,52758,4,,,0,55,,52759,4,,,0,15,,52760,4,,,0,15,,52761,4,,,0,15,,52762,4,,,0,54,,52763,4,,,0,15,,52764,4,,,0,15,,52765,4,,,0,15,,52766,4,,,0,54,,52767,4,,,0,15,,52768,4,,,0,15,,52769,4,,,0,15,,52770,4,,,0,55,,52771,4,,,0,15,,52772,4,,,0,15,,52773,4,,,0,15,,52774,4,,,0,55,,52775,4,,,0,15,,52776,4,,,0,15,,52777,4,,,0,15,,52778,4,,,0,55,,52779,4,,,0,15,,52780,4,,,0,15,,52781,4,,,0,15,,52782,4,,,0,55,,52783,4,,,0
3780900,'3',505,,52784,4,,,0,15,,52785,4,,,0,15,,52786,4,,,0,15,,52787,4,,,0,55,,52788,4,,,0,15,,52789,4,,,0,15,,52790,4,,,0,15,,52791,4,,,0,55,,52792,4,,,0,15,,52793,4,,,0,16,,52794,4,,,0,15,,52795,4,,,0,55,,52796,4,,,0,15,,52797,4,,,0,15,,52798,4,,,0,15,,52799,4,,,0,55,,52800,4,,,0,15,,52801,4,,,0,16,,52802,4,,,0,15,,52803,4,,,0,55,,52804,4,,,0,15,,52805,4,,,0,15,,52806,4,,,0,15,,52807,4,,,0,56,,52808,4,,,0,15,,52809,4,,,0,15,,52810,4,,,0,15,,52811,4,,,0,55,,52812,4,,,0,15,,52813,4,,,0,15,,52814,4,,,0,15,,52815,4,,,0,55,,52816,4,,,0,15,,52817,4,,,0,15,,52818,4,,,0,15,,52819,4,,,0,55,,52820,4,,,0,15,,52821,4,,,0,15,,52822,4,,,0,15,,52823,4,,,0,55,,52824,4,,,0,15,,52825,4,,,0,15,,52826,4,,,0,15,,52827,4,,,0,55,,52828,4,,,0,15,,52829,4,,,0,15,,52830,4,,,0,15,,52831,4,,,0,55,,52832,4,,,0,15,,52833,4,,,0,15,,52834,4,,,0,15,,52835,4,,,0,54,,52836,4,,,0,15,,52837,4,,,0,15,,52838,4,,,0,15,,52839,4,,,0,54,,52840,4,,,0,15,,52841,4,,,0,15,,52842,4,,,0,15,,52843,4,,,0,50,,52844,4,,,0,15,,52845,4,,,0,15,,52846,4,,,0,15,,52847,4,,,0,55,,52848,4,,,0,15,,52849,4,,,0,15,,52850,4,,,0,15,,52851,4,,,0,55,,52852,4,,,0,15,,52853,4,,,0,15,,52854,4,,,0,15,,52855,4,,,0,55,,52856,4,,,0,14,,52857,4,,,0,15,,52858,4,,,0,20,,52859,4,,,0,55,,52860,4,,,0
