674100,'101_merged_15529685',1531,,91250,36,,,0
674100,'1_merged_15529678',438,,91251,36,,,0,70,,91252,36,,,0,27,,91253,36,,,0,17,,91254,36,,,0,54,,91255,36,,,0,19,,91256,36,,,0,9,,91258,19,,,0,9,,91259,19,,,0,11,,91261,19,,,0,62,,91263,33,,,0,21,,91265,19,,,0,11,,91266,33,,,0,66,,91268,36,,,0,14,,91269,36,,,0,15,,91270,33,,,0,13,,91271,36,,,0,55,,91272,36,,,0,13,,91273,19,,,0,15,,91274,36,,,0,16,,91275,36,,,0,55,,91276,36,,,0,19,,91277,36,,,0,30,,91278,36,,,0,68,,91279,36,,,0,20,,91320,36,,,0,60,,91280,36,,,0,21,,91281,36,,,0,20,,91318,36,,,0,60,,91282,36,,,0,20,,91317,36,,,0,19,,91283,36,,,0,61,,91319,36,,,0,20,,91284,36,,,0,18,,91285,36,,,0,12,,91286,36,,,0,55,,91287,36,,,0,13,,91288,36,,,0,16,,91289,36,,,0,15,,91290,36,,,0,55,,91291,36,,,0,15,,91292,36,,,0,15,,91293,36,,,0,15,,91294,36,,,0,55,,91295,36,,,0,15,,91296,36,,,0,15,,91297,36,,,0,15,,91298,33,,,0,55,,91299,36,,,0,16,,91300,36,,,0,21,,91301,33,,,0,61,,91302,36,,,0,19,,91303,36,,,0,19,,91304,36,,,0,59,,91305,36,,,0,20,,91306,36,,,0,20,,91307,36,,,0,60,,91308,36,,,0,27,,91309,36,,,0,71,,91310,36,,,0,30,,91311,36,,,0,70,,91312,36,,,0,30,,91313,36,,,0,100,,91314,36,,,0,92,,91315,36,,,0
674100,'2_merged_15529680',441,,91366,36,,,0,104,,91365,36,,,0,105,,91364,36,,,0,69,,91363,36,,,0,22,,91371,36,,,0,62,,91362,36,,,0,22,,91360,36,,,0,20,,91372,36,,,0,62,,91359,36,,,0,21,,91358,36,,,0,20,,91373,36,,,0,61,,91357,36,,,0,20,,91361,36,,,0,22,,91374,36,,,0,62,,91356,36,,,0,21,,91355,36,,,0,20,,91327,36,,,0,60,,91354,36,,,0,20,,91353,36,,,0,20,,91326,36,,,0,60,,91352,36,,,0,20,,91351,36,,,0,20,,91325,36,,,0,60,,91350,36,,,0,20,,91349,36,,,0,20,,91324,36,,,0,62,,91336,36,,,0,21,,91335,36,,,0,20,,91323,36,,,0,57,,91348,36,,,0,15,,91367,36,,,0,15,,91347,36,,,0,15,,91322,36,,,0,55,,91346,36,,,0,15,,91368,36,,,0,15,,91345,36,,,0,15,,91321,36,,,0,55,,91328,36,,,0,15,,91369,36,,,0,15,,91344,36,,,0,60,,91343,36,,,0,20,,91342,36,,,0,20,,91370,36,,,0,60,,91341,36,,,0,20,,91340,36,,,0,32,,91339,36,,,0,68,,91338,36,,,0,30,,91330,36,,,0,70,,91337,36,,,0,30,,91329,36,,,0,77,,91334,36,,,0,98,,91333,36,,,0,108,,91332,36,,,0,163,,91331,36,,,0
674100,'3_merged_15529679',441,,91420,36,,,0,105,,91419,36,,,0,104,,91418,36,,,0,72,,91417,36,,,0,31,,91416,36,,,0,70,,91414,36,,,0,20,,91426,36,,,0,60,,91413,36,,,0,20,,91412,36,,,0,20,,91427,36,,,0,60,,91411,36,,,0,22,,91415,36,,,0,20,,91428,36,,,0,61,,91410,36,,,0,21,,91409,36,,,0,19,,91429,36,,,0,13,,91381,36,,,0,60,,91408,36,,,0,20,,91407,36,,,0,20,,91380,36,,,0,60,,91406,36,,,0,20,,91405,36,,,0,20,,91379,36,,,0,60,,91404,36,,,0,20,,91403,36,,,0,20,,91378,36,,,0,60,,91390,36,,,0,20,,91389,36,,,0,20,,91377,36,,,0,57,,91402,36,,,0,15,,91421,36,,,0,14,,91401,36,,,0,55,,91376,36,,,0,15,,91400,36,,,0,14,,91422,36,,,0,15,,91399,36,,,0,15,,91375,36,,,0,55,,91382,36,,,0,14,,91423,36,,,0,15,,91398,36,,,0,15,,91397,36,,,0,55,,91424,36,,,0,15,,91396,36,,,0,16,,91425,36,,,0,59,,91395,36,,,0,20,,91394,36,,,0,32,,91393,36,,,0,69,,91392,36,,,0,30,,91384,36,,,0,70,,91391,36,,,0,30,,91383,36,,,0,75,,91388,36,,,0,100,,91387,36,,,0,106,,91386,36,,,0,123,,91385,36,,,0
682200,'1_merged_15529678',619,,96061,4,,,0,20,,96038,4,,,0,8,,96033,4,,,0,12,,96050,4,,,0,60,,96062,4,,,0,21,,96039,4,,,0,19,,96051,4,,,0,61,,96063,4,,,0,23,,96040,4,,,0,66,,96052,4,,,0,29,,96041,4,,,0,69,,96057,4,,,0,30,,96042,4,,,0,66,,96058,4,,,0,24,,96043,4,,,0,31,,96053,4,,,0,70,,96044,4,,,0,75,,96054,4,,,0,31,,96045,4,,,0,75,,96055,4,,,0,19,,96074,4,,,0,20,,96046,4,,,0,60,,96056,4,,,0,5,,96073,4,,,0,21,,96064,4,,,0,20,,96047,4,,,0,60,,96037,4,,,0,20,,96065,4,,,0,21,,96059,4,,,0,3,,96034,4,,,0,61,,96036,4,,,0,18,,96066,4,,,0,18,,96048,4,,,0,60,,96060,4,,,0,20,,96067,4,,,0,20,,96049,4,,,0,62,,96068,4,,,0,22,,96069,4,,,0,69,,96070,4,,,0,40,,96071,4,,,0,76,,96072,4,,,0
682200,'2_merged_15529680',725,,96086,4,,,0,33,,96087,4,,,0,61,,96103,4,,,0,10,,96078,4,,,0,30,,96088,4,,,0,70,,96079,4,,,0,30,,96089,4,,,0,70,,96080,4,,,0,71,,96090,4,,,0,30,,96081,4,,,0,70,,96091,4,,,0,30,,96082,4,,,0,71,,96092,4,,,0,30,,96085,4,,,0,70,,96093,4,,,0,20,,96104,4,,,0,13,,96083,4,,,0,69,,96094,4,,,0,31,,96084,4,,,0,72,,96095,4,,,0,13,,96105,4,,,0,16,,96075,4,,,0,72,,96096,4,,,0,31,,96076,4,,,0,72,,96097,4,,,0,29,,96077,4,,,0,66,,96098,4,,,0,30,,96099,4,,,0,67,,96100,4,,,0,27,,96101,4,,,0,71,,96102,4,,,0,100,,96106,4,,,0
682200,'3_merged_15529679',751,,96118,4,,,0,71,,96134,4,,,0,6,,96107,4,,,0,30,,96119,4,,,0,70,,96112,4,,,0,30,,96120,4,,,0,70,,96113,4,,,0,31,,96121,4,,,0,70,,96114,4,,,0,30,,96122,4,,,0,70,,96115,4,,,0,30,,96123,4,,,0,70,,96116,4,,,0,30,,96124,4,,,0,60,,96135,4,,,0,11,,96117,4,,,0,70,,96125,4,,,0,30,,96108,4,,,0,71,,96126,4,,,0,7,,96136,4,,,0,25,,96109,4,,,0,70,,96127,4,,,0,31,,96110,4,,,0,67,,96128,4,,,0,28,,96111,4,,,0,71,,96129,4,,,0,29,,96130,4,,,0,30,,96131,4,,,0,70,,96132,4,,,0,71,,96133,4,,,0,59,,96137,4,,,0
682300,'1_merged_15529678',758,,96248,7,,,0,69,,96260,7,,,0,30,,96242,7,,,0,70,,96261,7,,,0,29,,96262,7,,,0,70,,96243,7,,,0,30,,96244,7,,,0,70,,96245,7,,,0,30,,96246,7,,,0,70,,96249,7,,,0,31,,96250,7,,,0,70,,96251,7,,,0,25,,96254,7,,,0,71,,96255,7,,,0,85,,96256,7,,,0,25,,96257,7,,,0,24,,96252,7,,,0,70,,96247,7,,,0,30,,96263,7,,,0,70,,96264,7,,,0,28,,96258,7,,,0,70,,96253,7,,,0,30,,96259,7,,,0
682300,'2_merged_15529680',855,,96271,7,,,0,72,,96270,7,,,0,30,,96269,7,,,0,69,,96268,7,,,0,30,,96267,7,,,0,70,,96266,7,,,0,30,,96265,7,,,0,70,,96285,7,,,0,30,,96284,7,,,0,70,,96283,7,,,0,31,,96282,7,,,0,69,,96281,7,,,0,30,,96280,7,,,0,70,,96279,7,,,0,30,,96278,7,,,0,71,,96277,7,,,0,30,,96276,7,,,0,70,,96275,7,,,0,30,,96274,7,,,0,70,,96273,7,,,0,29,,96272,7,,,0
682300,'3_merged_15529679',856,,96299,7,,,0,80,,96300,7,,,0,80,,96301,7,,,0,40,,96286,7,,,0,80,,96287,7,,,0,80,,96288,7,,,0,41,,96289,7,,,0,80,,96290,7,,,0,79,,96291,7,,,0,40,,96292,7,,,0,79,,96293,7,,,0,80,,96294,7,,,0,40,,96295,7,,,0,80,,96296,7,,,0,80,,96297,7,,,0,40,,96298,7,,,0
682501,'1_merged_15529678',851,,96430,11,,,0,100,,96432,11,,,0,100,,96434,11,,,0,100,,96436,11,,,0,100,,96438,11,,,0,100,,96420,11,,,0,100,,96422,11,,,0,100,,96424,11,,,0,100,,96440,11,,,0,101,,96441,11,,,0,99,,96428,11,,,0
682501,'2_merged_15529680',957,,96458,11,,,0,99,,96456,11,,,0,100,,96454,11,,,0,101,,96460,11,,,0,100,,96451,11,,,0,99,,96449,11,,,0,100,,96447,11,,,0,100,,96446,11,,,0,100,,96444,11,,,0,99,,96462,11,,,0
1169600,'1_merged_15529678',603,,98939,37,,,0,28,,98940,37,,,0,70,,98941,37,,,0,33,,98942,37,,,0,72,,98943,37,,,0,30,,98944,37,,,0,71,,98945,37,,,0,30,,98946,37,,,0,67,,98965,37,,,0,33,,98947,37,,,0,70,,98966,37,,,0,30,,98948,37,,,0,70,,98967,37,,,0,30,,98949,37,,,0,70,,98968,37,,,0,30,,98950,37,,,0,70,,98969,37,,,0,30,,98951,37,,,0,70,,98970,37,,,0,32,,98952,37,,,0,70,,98971,37,,,0,30,,98953,37,,,0,68,,98954,37,,,0,27,,98955,37,,,0,70,,98956,37,,,0,30,,98957,37,,,0,70,,98958,37,,,0,30,,98959,37,,,0,70,,98972,37,,,0,20,,98960,37,,,0,78,,98973,37,,,0,30,,98961,37,,,0,70,,98974,37,,,0,30,,98962,37,,,0,70,,98975,37,,,0,30,,98963,37,,,0,70,,98976,37,,,0,30,,98964,37,,,0
1169600,'2_merged_15529680',724,,98977,37,,,0,29,,99004,37,,,0,70,,98978,37,,,0,36,,98979,37,,,0,67,,98980,37,,,0,30,,99003,37,,,0,71,,98981,37,,,0,30,,98982,37,,,0,70,,98983,37,,,0,31,,98984,37,,,0,70,,98985,37,,,0,30,,98986,37,,,0,70,,98987,37,,,0,30,,98988,37,,,0,70,,98989,37,,,0,29,,98990,37,,,0,72,,98991,37,,,0,71,,98992,37,,,0,29,,98993,37,,,0,29,,98994,37,,,0,68,,98995,37,,,0,29,,98996,37,,,0,70,,98997,37,,,0,30,,98998,37,,,0,70,,99005,37,,,0,30,,98999,37,,,0,68,,99000,37,,,0,30,,99006,37,,,0,70,,99001,37,,,0,30,,99007,37,,,0,70,,99002,37,,,0
1169600,'3_merged_15529679',757,,99031,37,,,0,70,,99008,37,,,0,32,,99009,37,,,0,70,,99032,37,,,0,29,,99010,37,,,0,72,,99011,37,,,0,25,,99012,37,,,0,70,,99013,37,,,0,31,,99014,37,,,0,70,,99015,37,,,0,30,,99016,37,,,0,70,,99017,37,,,0,30,,99018,37,,,0,70,,99019,37,,,0,30,,99020,37,,,0,70,,99021,37,,,0,30,,99022,37,,,0,70,,99023,37,,,0,29,,99024,37,,,0,70,,99025,37,,,0,29,,99026,37,,,0,70,,99027,37,,,0,30,,99033,37,,,0,70,,99028,37,,,0,30,,99034,37,,,0,70,,99029,37,,,0,30,,99035,37,,,0,70,,99030,37,,,0
