681600,'1',726,,94774,33,4,,0,100,,94773,33,4,,0,100,,94772,33,4,,0,100,,94771,33,4,,0,100,,94770,33,4,,0,100,,94769,33,4,,0,100,,94768,33,4,,0,100,,94767,33,4,,0,100,,94765,33,4,,0,100,,94764,33,4,,0,100,,94763,33,4,,0,100,,94762,33,4,,0,100,,94761,33,4,,0,100,,94760,33,4,,0,100,,94766,33,4,,0
681600,'2',926,,94775,33,4,,0,100,,94776,33,4,,0,100,,94777,33,4,,0,100,,94778,33,4,,0,100,,94779,33,4,,0,100,,94780,33,4,,0,100,,94781,33,4,,0,100,,94782,33,4,,0,100,,94783,33,4,,0,100,,94784,33,4,,0,100,,94785,33,4,,0,100,,94786,33,4,,0,100,,94787,33,4,,0
681600,'3',926,,94790,33,4,,0,100,,94789,33,4,,0,100,,94788,33,4,,0,100,,94797,33,4,,0,100,,94796,33,4,,0,100,,94795,33,4,,0,100,,94794,33,4,,0,100,,94793,33,4,,0,100,,94792,33,4,,0,100,,94791,33,4,,0
681601,'1',735,,94804,1,,,0,100,,94803,1,,,0,100,,94802,1,,,0,100,,94801,1,,,0,100,,94800,1,,,0,100,,94799,1,,,0,100,,94798,1,,,0,100,,94812,1,,,0,100,,94811,1,,,0,100,,94810,1,,,0,100,,94809,1,,,0,100,,94808,1,,,0,100,,94807,1,,,0,100,,94806,1,,,0,100,,94805,1,,,0
681601,'2',935,,94813,1,,,0,100,,94814,1,,,0,100,,94815,1,,,0,100,,94816,1,,,0,100,,94817,1,,,0,100,,94818,1,,,0,100,,94819,1,,,0,100,,94820,1,,,0,100,,94821,1,,,0,100,,94822,1,,,0,100,,94823,1,,,0,100,,94824,1,,,0,100,,94825,1,,,0
681601,'3',935,,94834,1,,,0,100,,94833,1,,,0,100,,94832,1,,,0,100,,94831,1,,,0,100,,94835,1,,,0,100,,94830,1,,,0,100,,94829,1,,,0,100,,94828,1,,,0,100,,94827,1,,,0,100,,94826,1,,,0
828600,'1',624,,97774,30,4,,0,30,,97781,30,4,,0,72,,97775,30,4,,0,32,,97776,30,4,,0,70,,97777,30,4,,0,30,,97778,30,4,,0,70,,97780,30,4,,0,100,,97779,30,4,,0,100,,97783,30,4,,0,100,,97784,30,4,,0,100,,97785,30,4,,0,101,,97786,30,4,,0,101,,97787,30,4,,0,70,,97788,30,4,,0,30,,97782,30,4,,0,70,,97789,30,4,,0,30,,97769,30,4,,0,28,,97770,30,4,,0,70,,97771,30,4,,0,98,,97772,30,4,,0,100,,97773,30,4,,0
828600,'2',929,,97790,30,4,,0,100,,97791,30,4,,0,101,,97792,30,4,,0,100,,97793,30,4,,0,101,,97794,30,4,,0,100,,97795,30,4,,0,100,,97796,30,4,,0,99,,97797,30,4,,0,100,,97798,30,4,,0,100,,97799,30,4,,0,100,,97800,30,4,,0,100,,97801,30,4,,0
828600,'3',930,,97802,30,4,,0,102,,97803,30,4,,0,100,,97804,30,4,,0,100,,97805,30,4,,0,99,,97806,30,4,,0,100,,97807,30,4,,0,99,,97808,30,4,,0,100,,97809,30,4,,0,100,,97810,30,4,,0,100,,97811,30,4,,0,100,,97812,30,4,,0,100,,97813,30,4,,0
828601,'1',600,,97835,1,,,0,30,,97836,1,,,0,70,,97818,1,,,0,30,,97819,1,,,0,70,,97822,1,,,0,30,,97823,1,,,0,70,,97824,1,,,0,30,,97825,1,,,0,100,,97826,1,,,0,100,,97827,1,,,0,100,,97828,1,,,0,100,,97829,1,,,0,100,,97830,1,,,0,70,,97834,1,,,0,30,,97833,1,,,0,70,,97820,1,,,0,30,,97821,1,,,0,70,,97814,1,,,0,30,,97831,1,,,0,70,,97832,1,,,0,30,,97815,1,,,0,100,,97816,1,,,0,100,,97817,1,,,0
828601,'2',830,,97837,1,,,0,100,,97838,1,,,0,100,,97839,1,,,0,100,,97840,1,,,0,100,,97841,1,,,0,100,,97842,1,,,0,100,,97843,1,,,0,100,,97844,1,,,0,100,,97845,1,,,0,100,,97846,1,,,0,100,,97847,1,,,0,100,,97848,1,,,0,100,,97849,1,,,0
828601,'3',830,,97850,1,,,0,100,,97851,1,,,0,100,,97852,1,,,0,100,,97853,1,,,0,100,,97854,1,,,0,100,,97855,1,,,0,100,,97856,1,,,0,100,,97857,1,,,0,100,,97858,1,,,0,100,,97859,1,,,0,100,,97860,1,,,0,100,,97861,1,,,0,100,,97862,1,,,0
