661401,'152301_merged_15529684',2112,,59398,6,,,0,21,,59389,6,,,0,20,,59390,6,,,0,59,,59391,6,,,0,19,,59392,6,,,0,20,,59393,6,,,0,60,,59394,6,,,0,20,,59395,6,,,0,21,,59396,6,,,0,64,,59397,6,,,0
661401,'2_merged_15529680',2110,,59522,6,,,0,20,,59477,6,,,0,20,,59475,6,,,0,61,,59476,6,,,0,20,,59504,6,,,0,20,,59501,6,,,0,60,,59488,6,,,0,20,,59497,6,,,0,20,,59493,6,,,0,62,,59495,6,,,0
661401,'3_merged_15529679',2104,,59547,6,,,0,20,,59541,6,,,0,20,,59576,6,,,0,63,,59577,6,,,0,22,,59552,6,,,0,20,,59537,6,,,0,60,,59553,6,,,0,19,,59554,6,,,0,21,,59539,6,,,0,65,,59540,6,,,0
661701,'152301_merged_15529684',2103,,61129,34,,,0,20,,61130,34,,,0,20,,61131,34,,,0,58,,61132,34,,,0,19,,61133,34,,,0,20,,61134,34,,,0,60,,61135,34,,,0,20,,61136,33,,,0,20,,61137,33,,,0,61,,61138,33,,,0,20,,61139,33,,,0,15,,61140,35,,,0,70,,61141,35,,,0
661701,'2_merged_15529680',2100,,61264,34,,,0,20,,61265,34,,,0,20,,61266,34,,,0,60,,61267,34,,,0,20,,61268,34,,,0,20,,61269,34,,,0,60,,61270,34,,,0,20,,61271,33,,,0,20,,61272,33,,,0,61,,61273,33,,,0,20,,61274,33,,,0,20,,61275,35,,,0,69,,61276,35,,,0
661701,'3_merged_15529679',2058,,61327,34,,,0,60,,61328,34,,,0,20,,61329,34,,,0,20,,61330,34,,,0,60,,61331,34,,,0,20,,61332,34,,,0,19,,61333,34,,,0,60,,61334,33,,,0,19,,61335,33,,,0,20,,61336,33,,,0,62,,61337,33,,,0,21,,61338,35,,,0,69,,61339,35,,,0
662001,'152301_merged_15529684',2103,,62780,5,,,0,16,,62781,5,,,0,15,,62782,5,,,0,15,,62783,5,,,0,55,,62784,5,,,0,20,,62785,5,,,0,20,,62786,5,,,0,59,,62787,5,,,0,20,,62788,5,,,0,20,,62789,5,,,0,70,,62790,5,,,0,30,,62791,5,,,0,70,,62792,5,0,18 17,0,30,,62793,5,0,18 17,0
662001,'2_merged_15529680',2103,,62927,5,,,0,19,,62928,5,,,0,20,,62929,5,,,0,60,,62930,5,,,0,20,,62931,5,,,0,20,,62932,5,,,0,60,,62933,5,,,0,22,,62934,5,,,0,20,,62935,5,,,0,69,,62936,5,,,0,30,,62937,5,,,0,70,,62938,5,0,18 17,0,30,,62939,5,0,18 17,0
662001,'3_merged_15529679',2113,,62999,5,,,0,20,,63000,5,,,0,20,,63001,5,,,0,60,,63002,5,,,0,20,,63003,5,,,0,20,,63004,5,,,0,60,,63005,5,,,0,20,,63006,5,,,0,20,,63007,5,,,0,60,,63008,5,,,0,30,,63009,5,,,0,70,,63010,5,0,18 17,0,30,,63011,5,0,18 17,0
662201,'152301_merged_15529684',2112,,63722,44,,,0,16,,63723,44,,,0,16,,63724,44,,,0,60,,63725,44,,,0,20,,63726,44,,,0,20,,63727,44,,,0,60,,63728,44,,,0,21,,63729,44,,,0,19,,63730,44,,,0,70,,63731,44,,,0,29,,63732,44,,,0,70,,63733,44,,,0,30,,63734,44,,,0
662201,'2_merged_15529680',2116,,63835,44,,,0,15,,63895,44,,,0,17,,63826,44,,,0,60,,63822,44,,,0,20,,63880,44,,,0,19,,63890,44,,,0,61,,63894,44,,,0,22,,63878,44,,,0,19,,63891,44,,,0,66,,63821,44,,,0,30,,63884,44,,,0,70,,63888,44,,,0,28,,63893,44,,,0
662201,'3_merged_15529679',2104,,63966,44,,,0,20,,63967,44,,,0,19,,63968,44,,,0,60,,63969,44,,,0,20,,63970,44,,,0,20,,63971,44,,,0,60,,63972,44,,,0,20,,63973,44,,,0,18,,63974,44,,,0,69,,63975,44,,,0,32,,63976,44,,,0,70,,63977,44,,,0,30,,63978,49,,,0
663701,'152301_merged_15529684',2057,,69447,9,,,0,62,,69448,9,,,0,23,,69449,9,,,0,60,,69450,9,,,0,20,,69451,9,,,0,22,,69453,9,,,0,58,,69454,9,,,0,25,,69452,9,,,0,23,,69455,9,,,0,62,,69456,9,,,0,34,,69457,9,,,0,65,,69458,9,,,0,28,,69459,9,,,0
663701,'2_merged_15529680',2106,,69576,9,,,0,19,,69577,9,,,0,20,,69578,9,,,0,60,,69579,9,,,0,23,,69580,9,,,0,21,,69581,9,,,0,70,,69582,9,,,0,29,,69583,9,,,0,68,,69584,9,,,0,31,,69585,9,,,0,70,,69586,9,,,0,28,,69587,9,,,0
663701,'3_merged_15529679',2123,,69647,9,,,0,21,,69648,9,,,0,61,,69649,9,,,0,20,,69650,9,,,0,21,,69651,9,,,0,70,,69652,9,,,0,30,,69653,9,,,0,70,,69654,9,,,0,30,,69655,9,,,0,71,,69656,9,,,0,26,,69657,9,,,0
683001,'1_merged_15529678',2612,,96750,4,,,0,31,,96751,4,,,0,70,,96752,4,,,0,30,,96753,4,,,0,70,,96754,4,,,0,29,,96755,4,,,0
683001,'2_merged_15529680',2614,,96761,4,,,0,34,,96757,4,,,0,70,,96756,4,,,0,30,,96760,4,,,0,72,,96759,4,,,0,34,,96758,4,,,0
683001,'3_merged_15529679',2613,,96763,4,,,0,30,,96762,4,,,0,70,,96767,4,,,0,30,,96766,4,,,0,70,,96765,4,,,0,40,,96764,4,,,0
683301,'1_merged_15529678',2613,,96796,4,,,0,14,,96799,4,,,0,19,,96797,4,,,0,72,,96798,4,,,0
683301,'2_merged_15529680',2616,,96802,4,,,0,13,,96803,4,,,0,20,,96801,4,,,0,61,,96800,4,,,0
683301,'3_merged_15529679',2614,,96806,4,,,0,30,,96805,4,,,0,70,,96804,4,,,0
684100,'1_merged_15529678',453,,97055,4,,,0,70,,97056,4,,,0,9,,97063,4,,,0,2006,,97064,4,,,0,70,,97058,4,,,0,20,,97060,4,,,0,20,,97057,4,,,0,62,,97059,4,,,0,30,,97061,4,,,0,75,,97062,4,,,0
684100,'2_merged_15529680',450,,97067,4,,,0,69,,97074,4,,,0,31,,97075,4,,,0,75,,97076,4,,,0,29,,97072,4,,,0,1884,,97078,4,,,0,74,,97069,4,,,0,17,,97073,4,,,0,20,,97077,4,,,0,60,,97070,4,,,0,30,,97071,4,,,0,80,,97079,4,,,0
684100,'3_merged_15529679',448,,97090,4,,,0,71,,97091,4,,,0,30,,97092,4,,,0,71,,97093,4,,,0,16,,97094,4,,,0,14,,97086,4,,,0,56,,97095,4,,,0,13,,97087,4,,,0,1789,,97080,4,,,0,30,,97081,4,,,0,72,,97084,4,,,0,30,,97083,4,,,0,70,,97082,4,,,0,35,,97085,4,,,0,75,,97089,4,,,0
1671801,'152301_merged_15529684',2105,,99820,6,,,0,16,,99821,6,,,0,16,,99822,6,,,0,15,,99823,6,,,0,55,,99824,6,,,0,15,,99825,6,,,0,20,,99826,6,,,0,61,,99827,6,,,0,18,,99828,6,,,0,20,,99817,6,,,0,70,,99812,6,,,0,15,,99819,6,,,0,15,,99813,6,,,0,15,,99818,6,,,0,54,,99814,6,,,0,30,,99815,6,,,0,5,,99816,6,,,0
1671801,'2_merged_15529680',2105,,99982,6,,,0,14,,99983,6,,,0,15,,99984,6,,,0,15,,99985,6,,,0,55,,99986,6,,,0,21,,99987,6,,,0,20,,99988,6,,,0,60,,99899,6,,,0,20,,99900,6,,,0,21,,99901,6,,,0,64,,99902,6,,,0,30,,99903,6,,,0,70,,99904,6,,,0,29,,99907,6,,,0,11,,99908,6,,,0
1671801,'3_merged_15529679',2123,,100034,6,,,0,15,,100035,6,,,0,15,,100036,6,,,0,55,,100044,6,,,0,17,,100037,6,,,0,20,,100038,6,,,0,60,,100003,6,,,0,19,,100004,6,,,0,21,,100005,6,,,0,64,,100039,6,,,0,30,,100040,6,,,0,70,,100041,6,,,0,30,,100042,6,,,0,8,,100047,6,,,0
