3004201,'2',851,,162518,11,,,0,74,,162519,11,,,0,76,,162520,11,,,0,34,,162521,11,,,0,75,,162522,11,,,0,35,,162523,11,,,0,75,,162524,11,,,0,35,,162525,11,,,0,76,,162526,11,,,0,75,,162527,11,,,0,36,,162528,11,,,0,75,,162529,11,,,0,35,,162530,11,,,0,74,,162531,11,,,0,75,,162532,11,,,0,34,,162533,11,,,0,74,,162534,11,,,0,33,,162535,11,,,0,73,,162536,11,,,0
3004201,'3',849,,162537,11,,,0,75,,162538,11,,,0,35,,162539,11,,,0,75,,162540,11,,,0,75,,162541,11,,,0,35,,162542,11,,,0,76,,162543,11,,,0,35,,162544,11,,,0,75,,162545,11,,,0,75,,162546,11,,,0,35,,162547,11,,,0,75,,162548,11,,,0,35,,162549,11,,,0,75,,162550,11,,,0,75,,162551,11,,,0,35,,162552,11,,,0,73,,162553,11,,,0,32,,162554,11,,,0,75,,162555,11,,,0
3004501,'1',553,,163124,24,,,0,69,,163125,24,,,0,31,,163126,24,,,0,72,,163127,24,,,0,26,,163128,24,,,0,74,,163138,24,,,0,22,,163129,24,,,0,72,,163130,24,,,0,30,,163131,24,,,0,66,,163132,24,,,0,35,,163118,24,,,0,68,,163133,24,,,0,30,,163119,24,,,0,71,,163134,24,,,0,30,,163120,24,,,0,73,,163135,24,,,0,30,,163121,24,,,0,67,,163136,21,,,0,30,,163122,21,,,0,67,,163137,21,,,0,30,,163123,21,,,0,70,,163108,21,,,0,26,,163109,21,,,0,81,,163110,21,,,0,30,,163111,21,,,0,70,,163112,21,,,0,36,,163113,21,,,0,57,,163117,21,,,0,32,,163114,21,,,0,78,,163115,21,,,0,100,,163116,21,,,0
3004501,'2',911,,163151,24,,,0,30,,163152,24,,,0,70,,163150,24,,,0,30,,163153,24,,,0,71,,163149,24,,,0,30,,163154,24,,,0,70,,163148,24,,,0,30,,163155,24,,,0,69,,163147,24,,,0,33,,163163,21,,,0,72,,163146,21,,,0,31,,163156,21,,,0,69,,163145,21,,,0,30,,163157,21,,,0,70,,163144,21,,,0,30,,163158,21,,,0,70,,163143,21,,,0,30,,163159,21,,,0,71,,163142,21,,,0,28,,163160,21,,,0,70,,163141,21,,,0,25,,163161,21,,,0,75,,163140,21,,,0,30,,163162,21,,,0,70,,163139,21,,,0
3004501,'3',910,,163176,24,,,0,30,,163177,24,,,0,71,,163175,24,,,0,32,,163178,24,,,0,70,,163174,24,,,0,31,,163179,24,,,0,70,,163173,24,,,0,30,,163180,24,,,0,73,,163172,24,,,0,29,,163181,21,,,0,72,,163171,21,,,0,29,,163182,21,,,0,71,,163170,21,,,0,29,,163183,21,,,0,70,,163169,21,,,0,29,,163184,21,,,0,70,,163168,21,,,0,30,,163185,21,,,0,70,,163167,21,,,0,30,,163186,21,,,0,68,,163166,21,,,0,29,,163187,21,,,0,70,,163165,21,,,0,30,,163188,21,,,0,69,,163164,21,,,0
3004601,'1',500,,163347,29,,,0,22,,163348,29,,,0,20,,163349,29,,,0,58,,163350,29,,,0,15,,163351,29,,,0,15,,163333,29,,,0,16,,163352,29,,,0,12,,163353,29,,,0,57,,163354,29,,,0,13,,163355,29,,,0,18,,163334,29,,,0,12,,163384,29,,,0,53,,163363,29,,,0,13,,163364,29,,,0,20,,163365,29,,,0,61,,163366,29,,,0,30,,163367,29,,,0,69,,163368,29,,,0,30,,163369,29,,,0,73,,163370,29,,,0,31,,163371,29,,,0,69,,163372,29,,,0,32,,163373,29,,,0,70,,163374,29,,,0,30,,163375,29,,,0,70,,163376,29,,,0,31,,163377,29,,,0,69,,163378,29,,,0,18,,163331,29,,,0,20,,163382,29,,,0,61,,163385,29,,,0,23,,163383,29,,,0,72,,163356,29,,,0,12,,163357,29,,,0,13,,163358,29,,,0,15,,163359,29,,,0,13,,163360,29,,,0,55,,163361,29,,,0,23,,163362,29,,,0,21,,163332,29,,,0,64,,163380,29,,,0,17,,163381,29,,,0,69,,163335,29,,,0,28,,163336,29,,,0,72,,163379,29,,,0,27,,163337,29,,,0,70,,163338,29,,,0,30,,163346,29,,,0,70,,163339,29,,,0,30,,163340,29,,,0,70,,163345,29,,,0,30,,163341,29,,,0,70,,163342,29,,,0,30,,163344,29,,,0,70,,163343,29,,,0
3004601,'101',1646,,163330,29,,,0
3004601,'2',539,,163424,29,,,0,71,,163399,29,,,0,30,,163425,29,,,0,70,,163426,29,,,0,31,,163427,29,,,0,70,,163387,29,,,0,30,,163388,29,,,0,72,,163389,29,,,0,30,,163390,29,,,0,70,,163391,29,,,0,31,,163392,29,,,0,72,,163393,29,,,0,30,,163394,29,,,0,70,,163395,29,,,0,30,,163396,29,,,0,70,,163397,29,,,0,32,,163398,29,,,0,70,,163400,29,,,0,30,,163401,29,,,0,70,,163402,29,,,0,30,,163403,29,,,0,70,,163404,29,,,0,30,,163405,29,,,0,70,,163406,29,,,0,30,,163407,29,,,0,67,,163408,29,,,0,30,,163409,29,,,0,70,,163410,29,,,0,29,,163411,29,,,0,70,,163412,29,,,0,30,,163413,29,,,0,71,,163414,29,,,0,29,,163415,29,,,0,69,,163416,29,,,0,31,,163417,29,,,0,69,,163418,29,,,0,29,,163419,29,,,0,70,,163420,29,,,0,28,,163421,29,,,0,70,,163422,29,,,0,30,,163423,29,,,0
3004601,'201',1646,,163386,29,,,0
3004601,'3',539,,163429,29,,,0,70,,163430,29,,,0,30,,163431,29,,,0,71,,163432,29,,,0,30,,163433,29,,,0,70,,163434,29,,,0,31,,163435,29,,,0,70,,163436,29,,,0,30,,163437,29,,,0,71,,163438,29,,,0,32,,163439,29,,,0,70,,163440,29,,,0,30,,163441,29,,,0,72,,163428,29,,,0,30,,163442,29,,,0,70,,163443,29,,,0,30,,163444,29,,,0,70,,163445,29,,,0,30,,163446,29,,,0,70,,163447,29,,,0,29,,163448,29,,,0,70,,163449,29,,,0,33,,163450,29,,,0,67,,163451,29,,,0,33,,163452,29,,,0,67,,163453,29,,,0,30,,163454,29,,,0,69,,163455,29,,,0,29,,163456,29,,,0,70,,163457,29,,,0,29,,163458,29,,,0,70,,163459,29,,,0,30,,163460,29,,,0,70,,163461,29,,,0,27,,163462,29,,,0,70,,163463,29,,,0,30,,163464,29,,,0,70,,163465,29,,,0,30,,163466,29,,,0,70,,163467,29,,,0
