674100,'1',421,,149741,13,,,0,29,,149742,13,,,0,67,,149743,13,,,0,17,,149744,13,,,0,13,,149745,13,,,0,59,,149746,13,,,0,146,,149758,13,,,0,53,,149759,13,,,0,30,,149761,13,,,0,13,,149762,13,,,0,70,,149764,13,,,0,15,,149765,13,,,0,16,,149766,13,,,0,59,,149767,13,,,0,30,,149768,13,,,0,68,,149769,13,,,0,20,,149810,13,,,0,18,,149770,13,,,0,61,,149771,13,,,0,20,,149808,13,,,0,18,,149772,13,,,0,60,,149807,13,,,0,19,,149773,13,,,0,23,,149809,13,,,0,60,,149774,13,,,0,17,,149775,13,,,0,14,,149776,13,,,0,15,,149777,13,,,0,53,,149778,13,,,0,15,,149779,13,,,0,14,,149780,13,,,0,16,,149781,13,,,0,55,,149782,13,,,0,17,,149783,13,,,0,15,,149784,13,,,0,15,,149785,13,,,0,55,,149786,13,,,0,15,,149787,13,,,0,30,,149789,13,,,0,56,,149790,13,,,0,42,,149792,13,,,0,60,,149793,13,,,0,19,,149794,13,,,0,19,,149795,13,,,0,60,,149796,13,,,0,20,,149797,13,,,0,20,,149798,13,,,0,67,,149799,13,,,0,32,,149800,13,,,0,70,,149801,13,,,0,32,,149802,13,,,0,70,,149803,13,,,0,101,,149804,13,,,0,92,,149805,13,,,0,137,,149806,13,0,96 99,0
674100,'101',1504,,149740,13,,,0
674100,'2',425,,149856,13,,,0,102,,149855,13,,,0,105,,149854,13,,,0,68,,149853,13,,,0,23,,149861,13,,,0,23,,149852,13,,,0,62,,149850,13,,,0,20,,149862,13,,,0,20,,149849,13,,,0,60,,149848,13,,,0,21,,149863,13,,,0,21,,149847,13,,,0,60,,149851,13,,,0,21,,149864,13,,,0,20,,149846,13,,,0,61,,149845,13,,,0,20,,149817,13,,,0,20,,149844,13,,,0,60,,149843,13,,,0,20,,149816,13,,,0,20,,149842,13,,,0,60,,149841,13,,,0,20,,149815,13,,,0,20,,149840,13,,,0,60,,149839,13,,,0,20,,149814,13,,,0,20,,149826,13,,,0,61,,149825,13,,,0,20,,149813,13,,,0,20,,149838,13,,,0,55,,149857,13,,,0,15,,149837,13,,,0,15,,149812,13,,,0,15,,149836,13,,,0,55,,149858,13,,,0,15,,149835,13,,,0,16,,149811,13,,,0,15,,149818,13,,,0,55,,149859,13,,,0,15,,149834,13,,,0,20,,149833,13,,,0,60,,149832,13,,,0,19,,149860,13,,,0,20,,149831,13,,,0,60,,149830,13,,,0,32,,149829,13,,,0,69,,149828,13,,,0,30,,149820,13,,,0,71,,149827,13,,,0,30,,149819,13,,,0,80,,149824,13,,,0,97,,149823,13,,,0,108,,149822,13,,,0,123,,149821,13,,,0
674100,'3',426,,149910,13,,,0,100,,149909,13,,,0,106,,149908,13,,,0,71,,149907,13,,,0,30,,149906,13,,,0,70,,149904,13,,,0,20,,149916,13,,,0,20,,149903,13,,,0,60,,149902,13,,,0,20,,149917,13,,,0,20,,149901,13,,,0,60,,149905,13,,,0,20,,149918,13,,,0,20,,149900,13,,,0,60,,149899,13,,,0,19,,149919,13,,,0,19,,149871,13,,,0,60,,149898,13,,,0,20,,149897,13,,,0,19,,149870,13,,,0,60,,149896,13,,,0,20,,149895,13,,,0,20,,149869,13,,,0,60,,149894,13,,,0,20,,149893,13,,,0,20,,149868,13,,,0,60,,149880,13,,,0,20,,149879,13,,,0,17,,149867,13,,,0,15,,149892,13,,,0,55,,149911,13,,,0,14,,149891,13,,,0,15,,149866,13,,,0,15,,149890,13,,,0,55,,149912,13,,,0,15,,149889,13,,,0,15,,149865,13,,,0,15,,149872,13,,,0,55,,149913,13,,,0,14,,149888,13,,,0,15,,149887,13,,,0,15,,149914,13,,,0,55,,149886,13,,,0,16,,149915,13,,,0,22,,149885,13,,,0,60,,149884,13,,,0,32,,149883,13,,,0,71,,149882,13,,,0,30,,149874,13,,,0,70,,149881,13,,,0,30,,149873,13,,,0,75,,149878,13,,,0,101,,149877,13,,,0,110,,149876,13,,,0,120,,149875,13,,,0
674200,'1',542,,150089,13,,,0,90,,150090,13,,,0,13,,150083,13,,,0,73,,150084,13,,,0,28,,150085,13,,,0,75,,150086,13,,,0,28,,150087,13,,,0,53,,150088,13,,,0
674300,'1',536,,150101,12,0,89 90 12,0,76,,150102,12,,,0,90,,150103,12,,,0,30,,150104,12,,,0,71,,150105,12,,,0,18,,150106,12,,,0,28,,150107,12,0,89 90 12,0,798,,150108,12,0,89 90 12,0,68,,150109,12,0,89 90 12,0,34,,150110,12,0,89 90 12,0,79,,150111,12,0,89 90 12,0,86,,150112,12,0,89 90 12,0,28,,150113,12,0,89 90 12,0
684300,'1',955,,155663,13,,,0,104,,155662,13,,,0,98,,155660,13,,,0,100,,155656,13,,,0,100,,155655,13,,,0,100,,155664,13,,,0,102,,155661,13,,,0,98,,155659,13,,,0,99,,155658,13,,,0,100,,155657,13,,,0,100,,155667,13,,,0,100,,155666,13,,,0,103,,155665,13,,,0
684300,'2',955,,155671,13,,,0,100,,155670,13,,,0,101,,155669,13,,,0,100,,155668,13,,,0,100,,155679,13,,,0,101,,155678,13,,,0,100,,155677,13,,,0,99,,155676,13,,,0,99,,155675,13,,,0,102,,155674,13,,,0,100,,155673,13,,,0,100,,155672,13,,,0
684300,'3',955,,155690,13,,,0,100,,155689,13,,,0,100,,155688,13,,,0,100,,155684,13,,,0,100,,155687,13,,,0,100,,155686,13,,,0,100,,155685,13,,,0,101,,155682,13,,,0,99,,155680,13,,,0,95,,155683,13,,,0,99,,155681,13,,,0
1169601,'1',516,,157778,33,,,0,31,,157779,33,,,0,70,,157780,33,,,0,31,,157781,33,,,0,70,,157782,33,,,0,30,,157783,33,,,0,70,,157784,33,,,0,30,,157785,33,,,0,70,,157786,33,,,0,36,,157806,33,,,0,66,,157787,33,,,0,30,,157807,33,,,0,73,,157788,33,,,0,30,,157808,33,,,0,70,,157789,33,,,0,30,,157809,33,,,0,70,,157790,33,,,0,30,,157810,33,,,0,70,,157791,33,,,0,30,,157811,33,,,0,70,,157792,33,,,0,30,,157803,33,,,0,70,,157793,33,,,0,30,,157794,33,,,0,70,,157795,33,,,0,29,,157796,33,,,0,69,,157797,33,,,0,30,,157798,33,,,0,69,,157799,33,,,0,30,,157812,33,,,0,69,,157800,33,,,0,30,,157813,33,,,0,70,,157801,33,,,0,30,,157814,33,,,0,70,,157802,33,,,0,30,,157815,33,,,0,70,,157804,33,,,0,30,,157816,33,,,0,70,,157805,33,,,0
1169601,'2',640,,157817,33,,,0,72,,157818,33,,,0,30,,157845,33,,,0,70,,157819,33,,,0,30,,157820,33,,,0,73,,157846,33,,,0,30,,157821,33,,,0,71,,157822,33,,,0,31,,157823,33,,,0,70,,157824,33,,,0,30,,157825,33,,,0,70,,157826,33,,,0,30,,157827,33,,,0,71,,157828,33,,,0,30,,157829,33,,,0,70,,157830,33,,,0,30,,157831,33,,,0,70,,157832,33,,,0,28,,157833,33,,,0,72,,157834,33,,,0,30,,157835,33,,,0,70,,157836,33,,,0,30,,157837,33,,,0,69,,157838,33,,,0,30,,157839,33,,,0,69,,157840,33,,,0,29,,157841,33,,,0,70,,157842,33,,,0,30,,157847,33,,,0,70,,157843,33,,,0,30,,157848,33,,,0,70,,157844,33,,,0
1169601,'3',713,,157849,33,,,0,30,,157873,33,,,0,70,,157850,33,,,0,30,,157851,33,,,0,72,,157874,33,,,0,31,,157852,33,,,0,70,,157853,33,,,0,30,,157854,33,,,0,71,,157855,33,,,0,32,,157856,33,,,0,70,,157857,33,,,0,30,,157858,33,,,0,70,,157859,33,,,0,30,,157860,33,,,0,70,,157861,33,,,0,30,,157862,33,,,0,68,,157863,33,,,0,33,,157864,33,,,0,68,,157865,33,,,0,31,,157866,33,,,0,69,,157867,33,,,0,28,,157868,33,,,0,70,,157869,33,,,0,32,,157870,33,,,0,70,,157871,33,,,0,28,,157875,33,,,0,70,,157872,33,,,0,29,,157876,33,,,0,68,,157877,33,,,0
