671201,'1',503,,28372,4,,0,20,,28373,4,,0,19,,28403,4,,0,10,,28383,4,,0,50,,28404,4,,0,9,,28400,4,,0,10,,28391,4,,0,9,,28401,4,,0,9,,28379,4,,0,6,,28392,4,,0,11,,28421,4,,0,48,,28402,4,,0,7,,28423,4,,0,7,,28347,4,,0,7,,28411,4,,0,6,,28348,4,,0,7,,28330,4,,0,6,,28349,4,,0,6,,28424,4,,0,8,,28393,4,,0,47,,28350,4,,0,7,,28422,4,,0,6,,28425,4,,0,7,,28427,4,,0,6,,28351,4,,0,7,,28346,4,,0,8,,28426,4,,0,65,,28352,4,,0,10,,28390,4,,0,14,,28325,4,,0,14,,28384,4,,0,53,,28334,4,,0,15,,28375,4,,0,15,,28335,4,,0,15,,28394,4,,0,55,,28336,4,,0,15,,28341,4,,0,15,,28337,4,,0,15,,28326,4,,0,55,,28338,4,,0,15,,28376,4,,0,15,,28339,4,,0,15,,28327,4,,0,55,,28340,4,,0,15,,28377,4,,0,15,,28342,4,,0,15,,28328,4,,0,56,,28343,4,,0,15,,28378,4,,0,18,,28344,4,,0,15,,28329,4,,0,56,,28345,4,,0,15,,28380,4,,0,21,,28381,4,,0,10,,28412,4,,0,50,,28358,4,,0,10,,28413,4,,0,9,,28359,4,,0,9,,28371,4,,0,9,,28396,4,,0,9,,28398,4,,0,7,,28360,4,,0,48,,28333,4,,0,9,,28361,4,,0,14,,28366,4,,0,8,,28399,4,,0,7,,28367,4,,0,8,,28331,4,,0,7,,28368,4,,0,46,,28363,4,,0,18,,28382,4,,0,8,,28369,4,,0,10,,28365,4,,0,10,,28364,4,,0,8,,28374,4,,0,50,,28370,4,,0,10,,28332,4,,0,8,,28414,4,,0,10,,28397,4,,0,10,,28385,4,,0,11,,28395,4,,0,52,,28386,4,,0,12,,28415,4,,0,12,,28387,4,,0,15,,28405,4,,0,69,,28406,4,,0,15,,28416,4,,0,15,,28407,4,,0,10,,28389,4,,0,55,,28408,4,,0,15,,28417,4,,0,15,,28409,4,,0,12,,28353,4,,0,55,,28354,4,,0,15,,28418,4,,0,15,,28410,4,,0,17,,28355,4,,0,60,,28356,4,,0,20,,28419,4,,0,18,,28357,4,,0
671201,'101',859,,28428,4,,0,670,,28431,4,,0,191,,28429,4,,0
671201,'2',648,,28441,4,,0,60,,28504,4,,0,20,,28440,4,,0,21,,28501,4,,0,57,,28439,4,,0,15,,28505,4,,0,15,,28452,4,,0,16,,28481,4,,0,55,,28482,4,,0,15,,28483,4,,0,15,,28484,4,,0,17,,28485,4,,0,55,,28486,4,,0,15,,28487,4,,0,15,,28488,4,,0,15,,28489,4,,0,55,,28490,4,,0,16,,28491,4,,0,15,,28492,4,,0,16,,28493,4,,0,55,,28494,4,,0,15,,28495,4,,0,15,,28496,4,,0,15,,28497,4,,0,55,,28498,4,,0,15,,28499,4,,0,15,,28500,4,,0,17,,28451,4,,0,55,,28455,4,,0,15,,28478,4,,0,15,,28465,4,,0,16,,28433,4,,0,55,,28450,4,,0,15,,28479,4,,0,15,,28466,4,,0,14,,28449,4,,0,55,,28448,4,,0,15,,28480,4,,0,15,,28467,4,,0,15,,28447,4,,0,52,,28446,4,,0,12,,28445,4,,0,12,,28444,4,,0,12,,28502,4,,0,8,,28468,4,,0,50,,28443,4,,0,10,,28476,4,,0,9,,28503,4,,0,10,,28442,4,,0,10,,28438,4,,0,10,,28469,4,,0,50,,28437,4,,0,12,,28477,4,,0,9,,28453,4,,0,12,,28454,4,,0,14,,28470,4,,0,55,,28464,4,,0,15,,28456,4,,0,15,,28436,4,,0,14,,28471,4,,0,54,,28457,4,,0,14,,28472,4,,0,19,,28458,4,,0,18,,28459,4,,0,60,,28473,4,,0,20,,28460,4,,0,18,,28461,4,,0,61,,28474,4,,0,21,,28462,4,,0,18,,28463,4,,0,60,,28475,4,,0,25,,28435,4,,0,70,,28434,4,,0
671201,'201',859,,28507,4,,0,861,,28506,4,,0
671201,'3',816,,28512,4,,0,22,,28511,4,,0,15,,28513,4,,0,55,,28514,4,,0,15,,28515,4,,0,16,,28516,4,,0,15,,28517,4,,0,55,,28518,4,,0,16,,28519,4,,0,15,,28520,4,,0,14,,28521,4,,0,54,,28522,4,,0,15,,28523,4,,0,15,,28524,4,,0,16,,28525,4,,0,55,,28526,4,,0,15,,28527,4,,0,15,,28528,4,,0,16,,28529,4,,0,55,,28530,4,,0,15,,28531,4,,0,15,,28532,4,,0,17,,28533,4,,0,55,,28534,4,,0,15,,28535,4,,0,15,,28536,4,,0,15,,28537,4,,0,55,,28538,4,,0,15,,28539,4,,0,15,,28540,4,,0,16,,28541,4,,0,55,,28542,4,,0,15,,28543,4,,0,15,,28544,4,,0,15,,28545,4,,0,52,,28574,4,,0,11,,28546,4,,0,10,,28547,4,,0,10,,28548,4,,0,11,,28508,4,,0,52,,28549,4,,0,12,,28550,4,,0,12,,28551,4,,0,11,,28552,4,,0,12,,28553,4,,0,53,,28554,4,,0,13,,28555,4,,0,11,,28556,4,,0,12,,28557,4,,0,12,,28558,4,,0,55,,28510,4,,0,14,,28559,4,,0,15,,28560,4,,0,15,,28561,4,,0,55,,28562,4,,0,13,,28563,4,,0,15,,28564,4,,0,13,,28565,4,,0,55,,28566,4,,0,15,,28567,4,,0,15,,28568,4,,0,14,,28569,4,,0,55,,28570,4,,0,15,,28571,4,,0,15,,28572,4,,0,17,,28509,4,,0,73,,28573,4,,0
681800,'1',558,,36664,4,,0,70,,36659,4,,0,20,,36660,4,,0,60,,36661,4,,0,20,,36662,4,,0,20,,36663,4,,0,74,,36631,4,,0,16,,36632,4,,0,70,,36633,4,,0,30,,36634,4,,0,70,,36635,4,,0,30,,36636,4,,0,70,,36637,4,,0,30,,36638,4,,0,70,,36639,4,,0,31,,36640,4,,0,70,,36641,4,,0,29,,36642,4,,0,70,,36643,4,,0,31,,36644,4,,0,70,,36645,4,,0,22,,36646,4,,0,75,,36647,4,,0,33,,36648,4,,0,70,,36649,4,,0,31,,36650,4,,0,70,,36651,4,,0,24,,36652,4,,0,67,,36653,4,,0,30,,36654,4,,0,100,,36655,4,,0,94,,36656,4,,0,103,,36657,4,,0,105,,36658,4,,0
681800,'101',819,,36665,4,,0
681800,'2',632,,36693,4,,0,100,,36694,4,,0,102,,36677,4,,0,70,,36682,4,,0,29,,36676,4,,0,70,,36683,4,,0,29,,36675,4,,0,70,,36684,4,,0,30,,36674,4,,0,70,,36685,4,,0,30,,36673,4,,0,70,,36686,4,,0,30,,36672,4,,0,70,,36687,4,,0,30,,36671,4,,0,70,,36688,4,,0,30,,36670,4,,0,70,,36689,4,,0,31,,36669,4,,0,70,,36690,4,,0,30,,36668,4,,0,70,,36691,4,,0,26,,36667,4,,0,72,,36692,4,,0,26,,36666,4,,0,100,,36681,4,,0,100,,36680,4,,0,100,,36679,4,,0,100,,36678,4,,0,98,,36695,4,,0
681800,'3',732,,36714,4,,0,100,,36715,4,,0,100,,36706,4,,0,101,,36705,4,,0,99,,36704,4,,0,100,,36703,4,,0,70,,36709,4,,0,30,,36702,4,,0,70,,36710,4,,0,30,,36701,4,,0,70,,36711,4,,0,29,,36700,4,,0,70,,36712,4,,0,30,,36696,4,,0,70,,36713,4,,0,30,,36699,4,,0,100,,36698,4,,0,100,,36697,4,,0,100,,36708,4,,0,100,,36707,4,,0,100,,36716,4,,0,100,,36717,4,,0
681801,'1',537,,36749,,,0,70,,36718,,,0,29,,36719,,,0,20,,36720,,,0,61,,36721,,,0,20,,36722,,,0,20,,36723,,,0,70,,36724,,,0,20,,36725,,,0,70,,36726,,,0,30,,36727,,,0,70,,36728,,,0,30,,36729,,,0,70,,36730,,,0,30,,36731,,,0,70,,36732,,,0,30,,36733,,,0,70,,36734,,,0,30,,36735,,,0,70,,36736,,,0,35,,36737,,,0,70,,36738,,,0,78,,36739,,,0,30,,36740,,,0,20,,36741,,,0,70,,36742,,,0,30,,36743,,,0,70,,36744,,,0,90,,36745,,,0,30,,36746,,,0,95,,36747,,,0,102,,36751,,,0,108,,36748,,,0,100,,36750,,,0
681801,'2',640,,36778,,,0,100,,36779,,,0,100,,36763,,,0,70,,36767,,,0,30,,36758,,,0,70,,36768,,,0,30,,36759,,,0,70,,36769,,,0,30,,36757,,,0,70,,36770,,,0,31,,36756,,,0,69,,36771,,,0,30,,36755,,,0,70,,36772,,,0,30,,36754,,,0,70,,36773,,,0,30,,36753,,,0,70,,36774,,,0,30,,36752,,,0,70,,36775,,,0,28,,36766,,,0,72,,36776,,,0,26,,36765,,,0,74,,36777,,,0,26,,36764,,,0,100,,36762,,,0,102,,36761,,,0,100,,36760,,,0,100,,36780,,,0
681801,'3',740,,36799,,,0,100,,36800,,,0,100,,36788,,,0,100,,36787,,,0,100,,36789,,,0,70,,36794,,,0,30,,36786,,,0,70,,36795,,,0,30,,36785,,,0,70,,36796,,,0,30,,36784,,,0,70,,36797,,,0,30,,36783,,,0,70,,36798,,,0,30,,36782,,,0,100,,36781,,,0,100,,36793,,,0,100,,36792,,,0,100,,36791,,,0,98,,36790,,,0,100,,36801,,,0,100,,36802,,,0
681900,'1',525,,36805,,,0,15,,36806,,,0,15,,36807,,,0,55,,36808,,,0,15,,36809,,,0,15,,36810,,,0,15,,36811,,,0,55,,36812,,,0,15,,36813,,,0,15,,36814,,,0,12,,36815,,,0,48,,36816,,,0,20,,36817,,,0,20,,36818,,,0,60,,36819,,,0,20,,36820,,,0,20,,36821,,,0,60,,36822,,,0,20,,36823,,,0,20,,36824,,,0,60,,36825,,,0,25,,36826,,,0,15,,36827,,,0,63,,36828,,,0,17,,36829,,,0,20,,36830,,,0,60,,36831,,,0,20,,36832,,,0,20,,36833,,,0,60,,36834,,,0,20,,36835,,,0,20,,36836,,,0,60,,36837,,,0,12,,36838,,,0,12,,36839,,,0,12,,36840,,,0,12,,36841,0,81 82,0,52,,36842,,,0,7,,36861,0,81 82,0,8,,36843,,,0,8,,36862,0,81 82,0,7,,36844,,,0,8,,36863,0,81 82,0,7,,36845,,,0,8,,36864,0,81 82,0,47,,36846,,,0,8,,36865,0,81 82,0,7,,36847,,,0,8,,36866,0,81 82,0,7,,36848,,,0,8,,36867,0,81 82,0,7,,36849,,,0,8,,36868,0,81 82,0,47,,36850,,,0,8,,36869,0,81 82,0,7,,36851,,,0,9,,36870,0,81 82,0,6,,36852,,,0,7,,36871,0,81 82,0,8,,36853,,,0,55,,36854,,,0,15,,36855,,,0,15,,36856,,,0,15,,36857,,,0,55,,36858,,,0,20,,36859,,,0,20,,36860,,,0,60,,36872,,,0,31,,36803,,,0,104,,36804,,,0,111,,36873,,,0
681900,'101',734,,36874,0,102 82,0,690,,36875,0,102 82,0
681900,'2',630,,36929,,,0,100,,36930,,,0,100,,36876,,,0,20,,36877,,,0,60,,36878,,,0,20,,36879,,,0,20,,36880,,,0,60,,36881,,,0,20,,36882,,,0,20,,36883,,,0,60,,36884,,,0,20,,36885,,,0,20,,36886,,,0,55,,36887,,,0,15,,36888,,,0,15,,36889,,,0,15,,36890,,,0,55,,36891,,,0,15,,36892,,,0,15,,36893,,,0,15,,36894,,,0,55,,36895,,,0,15,,36896,,,0,15,,36897,,,0,15,,36898,,,0,55,,36899,,,0,15,,36900,,,0,15,,36901,,,0,15,,36902,,,0,55,,36903,,,0,15,,36904,,,0,15,,36905,,,0,15,,36906,,,0,55,,36907,,,0,15,,36908,,,0,15,,36909,,,0,15,,36910,,,0,55,,36911,,,0,15,,36912,,,0,15,,36913,,,0,15,,36914,,,0,55,,36915,,,0,15,,36916,,,0,15,,36917,,,0,15,,36918,,,0,55,,36919,,,0,15,,36920,,,0,15,,36921,,,0,15,,36922,,,0,60,,36923,,,0,20,,36924,,,0,73,,36925,,,0,27,,36926,,,0,70,,36927,,,0,30,,36928,,,0
681900,'3',730,,36975,,,0,100,,36963,,,0,20,,36973,,,0,60,,36931,,,0,20,,36932,,,0,20,,36933,,,0,60,,36964,,,0,20,,36934,,,0,20,,36935,,,0,60,,36965,,,0,20,,36936,,,0,20,,36937,,,0,60,,36966,,,0,20,,36938,,,0,20,,36939,,,0,60,,36967,,,0,20,,36940,,,0,20,,36941,,,0,60,,36968,,,0,20,,36942,,,0,20,,36943,,,0,60,,36969,,,0,20,,36956,,,0,20,,36944,,,0,60,,36957,,,0,20,,36945,,,0,15,,36974,,,0,55,,36946,,,0,15,,36958,,,0,15,,36970,,,0,15,,36947,,,0,55,,36948,,,0,15,,36959,,,0,15,,36971,,,0,15,,36949,,,0,55,,36950,,,0,15,,36960,,,0,15,,36972,,,0,15,,36951,,,0,55,,36952,,,0,20,,36961,,,0,20,,36953,,,0,60,,36954,,,0,20,,36962,,,0,20,,36955,,,0,100,,36976,,,0
681901,'1',517,,36979,4,,0,15,,36980,4,,0,10,,37036,4,,0,7,,36981,4,,0,8,,37037,4,,0,47,,36982,4,,0,8,,37038,4,,0,7,,36983,4,,0,8,,37039,4,,0,7,,36984,4,,0,8,,37040,4,,0,8,,36985,4,,0,7,,37041,4,,0,48,,36986,4,,0,7,,37042,4,,0,7,,36987,4,,0,8,,37043,4,,0,7,,36988,4,,0,9,,37044,4,,0,6,,36989,4,,0,8,,37045,4,,0,47,,36990,4,,0,8,,37046,4,,0,11,,36991,4,,0,14,,37047,4,,0,11,,36992,4,,0,52,,37048,4,,0,12,,36993,4,,0,20,,36994,4,,0,20,,36995,4,,0,60,,36996,4,,0,20,,36997,4,,0,20,,36998,4,,0,60,,36999,4,,0,20,,37000,4,,0,20,,37001,4,,0,59,,37002,4,,0,20,,37003,4,,0,22,,37004,4,,0,60,,37005,4,,0,20,,37006,4,,0,20,,37007,4,,0,60,,37008,4,,0,20,,37009,4,,0,20,,37010,4,,0,60,,37011,4,,0,13,,37012,4,,0,28,,37013,4,,0,60,,37014,4,,0,10,,37015,4,,0,14,,37016,4,,0,15,,37017,4,,0,54,,37018,4,,0,15,,37019,4,,0,14,,37020,4,,0,14,,37021,4,,0,53,,37022,4,,0,15,,37023,4,,0,11,,37024,4,,0,18,,37025,4,,0,55,,37026,4,,0,14,,37027,4,,0,15,,37028,4,,0,15,,37029,4,,0,12,,37030,4,,0,53,,37031,4,,0,18,,37032,4,,0,19,,37033,4,,0,60,,37034,4,,0,29,,37035,4,,0,103,,36977,4,,0,101,,36978,4,,0
681901,'101',823,,37049,4,,0,690,,37050,4,,0
681901,'2',708,,37102,4,,0,40,,37103,4,,0,100,,37104,4,,0,100,,37051,4,,0,60,,37052,4,,0,20,,37053,4,,0,20,,37054,4,,0,60,,37055,4,,0,20,,37056,4,,0,17,,37057,4,,0,55,,37058,4,,0,20,,37059,4,,0,20,,37060,4,,0,15,,37061,4,,0,55,,37062,4,,0,15,,37063,4,,0,15,,37064,4,,0,15,,37065,4,,0,53,,37066,4,,0,15,,37067,4,,0,15,,37068,4,,0,15,,37069,4,,0,55,,37070,4,,0,15,,37071,4,,0,15,,37072,4,,0,15,,37073,4,,0,56,,37074,4,,0,15,,37075,4,,0,13,,37076,4,,0,15,,37077,4,,0,56,,37078,4,,0,15,,37079,4,,0,15,,37080,4,,0,16,,37081,4,,0,55,,37082,4,,0,15,,37083,4,,0,15,,37084,4,,0,15,,37085,4,,0,53,,37086,4,,0,15,,37087,4,,0,15,,37088,4,,0,15,,37089,4,,0,55,,37090,4,,0,15,,37091,4,,0,15,,37092,4,,0,20,,37093,4,,0,60,,37094,4,,0,20,,37095,4,,0,20,,37096,4,,0,61,,37097,4,,0,27,,37098,4,,0,70,,37099,4,,0,31,,37100,4,,0,70,,37101,4,,0
681901,'3',742,,37151,4,,0,100,,37149,4,,0,101,,37130,4,,0,60,,37138,4,,0,20,,37105,4,,0,20,,37106,4,,0,62,,37139,4,,0,20,,37107,4,,0,20,,37108,4,,0,59,,37140,4,,0,20,,37109,4,,0,24,,37110,4,,0,60,,37141,4,,0,20,,37111,4,,0,23,,37112,4,,0,59,,37142,4,,0,20,,37113,4,,0,21,,37114,4,,0,60,,37143,4,,0,20,,37115,4,,0,20,,37116,4,,0,60,,37144,4,,0,21,,37117,4,,0,20,,37131,4,,0,60,,37118,4,,0,20,,37119,4,,0,18,,37132,4,,0,55,,37145,4,,0,15,,37120,4,,0,15,,37133,4,,0,15,,37146,4,,0,55,,37121,4,,0,15,,37122,4,,0,13,,37134,4,,0,15,,37147,4,,0,55,,37123,4,,0,15,,37124,4,,0,16,,37135,4,,0,15,,37148,4,,0,55,,37125,4,,0,14,,37126,4,,0,16,,37136,4,,0,20,,37127,4,,0,60,,37128,4,,0,20,,37137,4,,0,20,,37129,4,,0,99,,37150,4,,0
