670100,'1',621,,141804,1,,,0,33,,141817,18,,,0,62,,141812,18,,,0,24,,141828,1,,,0,19,,141808,18,,,0,61,,141827,1,,,0,19,,141820,18,,,0,72,,141809,18,,,0,34,,141815,18,,,0,97,,141810,18,,,0,96,,141816,18,,,0,98,,141811,18,,,0,103,,141819,18,,,0,102,,141813,18,,,0,99,,141818,18,,,0,5,,141829,1,,,0,110,,141814,18,,,0,68,,141826,18,,,0,28,,141807,18,,,0,70,,141806,18,,,0,25,,141805,1,,,0,96,,141803,1,,,0,102,,141825,1,,,0,100,,141824,1,,,0,100,,141823,1,,,0,100,,141822,1,,,0,102,,141821,1,,,0
670100,'101',756,,141802,1,0,32,0
670100,'2',736,,141846,1,,,0,100,,141842,1,,,0,102,,141833,18,,,0,100,,141843,18,,,0,101,,141845,18,,,0,102,,141838,18,,,0,101,,141847,18,,,0,102,,141848,18,,,0,100,,141834,18,,,0,100,,141836,18,,,0,99,,141831,18,,,0,69,,141835,1,,,0,92,,141832,1,,,0,98,,141837,1,,,0,55,,141844,1,,,0,81,,141830,1,,,0,82,,141841,1,,,0,83,,141840,1,,,0,44,,141849,1,,,0,91,,141839,1,,,0
670100,'3',809,,141853,1,,,0,100,,141866,1,,,0,100,,141855,1,,,0,102,,141852,1,,,0,99,,141857,1,,,0,100,,141859,1,,,0,100,,141851,1,,,0,100,,141856,1,,,0,101,,141854,1,,,0,100,,141860,1,,,0,100,,141858,1,,,0,99,,141850,1,,,0,100,,141863,1,,,0,101,,141865,1,,,0,100,,141862,1,,,0,101,,141864,1,,,0,104,,141861,1,,,0
670101,'1',740,,141894,19,4,,0,80,,141893,19,4,,0,720,,141895,19,4,,0,269,,141867,19,4,,0,37,,141888,19,4,,0,65,,141886,19,4,,0,31,,141872,19,4,,0,97,,141889,19,4,,0,97,,141870,19,4,,0,99,,141882,19,4,,0,100,,141884,19,4,,0,101,,141881,19,4,,0
670101,'2',728,,141899,19,4,,0,101,,141913,19,4,,0,977,,141897,19,4,,0,98,,141910,19,4,,0,98,,141907,19,4,,0,55,,141896,19,4,,0,81,,141909,19,4,,0,82,,141904,19,4,,0,83,,141914,19,4,,0,44,,141915,19,4,,0,91,,141908,19,4,,0
670101,'3',809,,141932,19,4,,0,100,,141927,19,4,,0,100,,141926,19,4,,0,102,,141922,19,4,,0,99,,141919,19,4,,0,100,,141920,19,4,,0,100,,141925,19,4,,0,100,,141923,19,4,,0,101,,141930,19,4,,0,100,,141917,19,4,,0,100,,141928,19,4,,0,99,,141924,19,4,,0,100,,141918,19,4,,0,101,,141916,19,4,,0,100,,141931,19,4,,0,101,,141929,19,4,,0,104,,141921,19,4,,0
670200,'1',540,,141948,22,,,0,60,,141967,22,,,0,20,,141960,22,,,0,20,,141964,22,,,0,60,,141955,22,,,0,20,,141963,22,,,0,20,,141965,22,,,0,60,,141946,22,,,0,20,,141962,22,,,0,20,,141966,22,,,0,60,,141944,22,,,0,20,,141943,22,,,0,28,,141942,22,,,0,70,,141941,22,,,0,31,,141940,22,,,0,70,,141939,22,,,0,31,,141951,22,,,0,70,,141950,22,,,0,30,,141956,22,,,0,71,,141935,22,,,0,30,,141937,22,,,0,71,,141936,22,,,0,31,,141947,22,,,0,68,,141954,22,,,0,30,,141934,22,,,0,70,,141933,22,,,0,31,,141961,22,,,0,71,,141959,22,,,0,30,,141949,22,,,0,70,,141957,22,,,0,29,,141958,22,,,0,69,,141945,22,,,0,32,,141953,22,,,0,103,,141938,22,,,0,101,,141952,22,,,0
670200,'2',620,,141968,22,,,0,35,,141969,22,,,0,75,,141970,22,,,0,75,,141971,22,,,0,31,,141972,22,,,0,70,,141973,22,,,0,30,,141974,22,,,0,70,,141975,22,,,0,30,,141976,22,,,0,70,,141977,22,,,0,30,,141978,22,,,0,70,,141979,22,,,0,31,,141980,22,,,0,71,,141981,22,,,0,30,,141982,22,,,0,70,,141983,22,,,0,30,,141984,22,,,0,70,,141985,22,,,0,30,,141986,22,,,0,70,,141987,22,,,0,30,,141988,22,,,0,71,,141989,22,,,0,30,,141990,22,,,0,70,,141991,22,,,0,30,,141992,22,,,0,69,,141993,22,,,0,30,,141994,22,,,0,70,,141995,22,,,0,30,,141996,22,,,0,70,,141997,22,,,0,27,,141998,22,,,0,68,,141999,22,,,0
670200,'3',830,,142007,22,,,0,102,,142006,22,,,0,103,,142002,22,,,0,103,,142001,22,,,0,102,,142008,22,,,0,72,,142016,22,,,0,30,,142011,22,,,0,70,,142017,22,,,0,30,,142000,22,,,0,70,,142018,22,,,0,30,,142003,22,,,0,70,,142019,22,,,0,30,,142014,22,,,0,70,,142020,22,,,0,29,,142004,22,,,0,70,,142021,22,,,0,30,,142009,22,,,0,70,,142022,22,,,0,30,,142012,22,,,0,100,,142013,22,,,0,100,,142010,22,,,0,97,,142005,22,,,0,97,,142015,22,,,0
671000,'1',959,,144944,17,,,0,146,,144942,17,,,0,103,,144948,17,,,0,103,,144949,17,,,0,103,,144950,17,,,0,30,,144951,17,,,0,70,,144945,17,,,0,92,,144946,17,,,0,96,,144947,17,,,0
671000,'2',1013,,144955,17,,,0,101,,144954,17,,,0,101,,144956,17,,,0,100,,144952,17,,,0,102,,144960,17,,,0,100,,144959,17,,,0,100,,144958,17,,,0,100,,144957,17,,,0,102,,144953,17,,,0
