667701,'1',549,,21152,17,,,0,70,,21149,17,,,0,27,,21174,17,,,0,12,,21178,17,,,0,55,,21156,17,,,0,14,,21176,17,,,0,19,,21172,17,,,0,11,,21150,17,,,0,59,,21171,17,,,0,25,,21173,17,,,0,77,,21170,17,,,0,36,,21169,17,,,0,65,,21168,17,,,0,30,,21167,17,,,0,68,,21166,17,,,0,30,,21165,17,,,0,69,,21164,17,,,0,30,,21163,17,,,0,69,,21162,17,,,0,29,,21161,17,,,0,69,,21160,17,,,0,26,,21188,17,,,0,15,,21159,17,,,0,59,,21158,17,,,0,13,,21140,17,,,0,29,,21157,17,,,0,58,,21141,17,,,0,18,,21189,17,,,0,13,,21148,17,,,0,11,,21186,17,,,0,59,,21147,17,,,0,12,,21187,17,,,0,18,,21146,17,,,0,12,,21143,17,,,0,59,,21175,17,,,0,19,,21182,17,,,0,13,,21151,17,,,0,55,,21142,17,,,0,12,,21145,17,,,0,17,,21180,17,,,0,19,,21181,17,,,0,71,,21144,17,,,0,30,,21153,17,,,0,69,,21183,17,,,0,31,,21179,17,,,0,70,,21185,17,,,0,31,,21155,17,,,0,60,,21184,17,,,0,39,,21154,17,,,0,96,,21177,17,,,0
667701,'2',717,,21192,17,,,0,31,,21191,17,,,0,70,,21231,17,,,0,30,,21230,17,,,0,70,,21229,17,,,0,30,,21228,17,,,0,71,,21227,17,,,0,30,,21226,17,,,0,68,,21225,17,,,0,29,,21224,17,,,0,70,,21234,17,,,0,30,,21209,17,,,0,70,,21233,17,,,0,15,,21214,17,,,0,15,,21232,17,,,0,65,,21211,17,,,0,20,,21221,17,,,0,15,,21210,17,,,0,65,,21205,17,,,0,20,,21215,17,,,0,16,,21193,17,,,0,65,,21204,17,,,0,19,,21212,17,,,0,18,,21203,17,,,0,65,,21202,17,,,0,19,,21223,17,,,0,16,,21201,17,,,0,57,,21200,17,,,0,22,,21222,17,,,0,20,,21199,17,,,0,56,,21208,17,,,0,23,,21195,17,,,0,20,,21207,17,,,0,56,,21220,17,,,0,30,,21194,17,,,0,16,,21213,17,,,0,70,,21218,17,,,0,30,,21198,17,,,0,69,,21217,17,,,0,30,,21206,17,,,0,70,,21216,17,,,0,27,,21197,17,,,0,73,,21219,17,,,0,30,,21196,17,,,0,70,,21190,17,,,0
667701,'3',817,,21264,17,,,0,30,,21243,17,,,0,70,,21263,17,,,0,30,,21244,17,,,0,71,,21262,17,,,0,30,,21245,17,,,0,70,,21261,17,,,0,28,,21246,17,,,0,72,,21260,17,,,0,29,,21248,17,,,0,72,,21259,17,,,0,30,,21249,17,,,0,72,,21235,17,,,0,12,,21274,17,,,0,67,,21250,17,,,0,22,,21242,17,,,0,14,,21273,17,,,0,68,,21251,17,,,0,16,,21241,17,,,0,15,,21272,17,,,0,71,,21237,17,,,0,15,,21240,17,,,0,15,,21271,17,,,0,71,,21247,17,,,0,13,,21239,17,,,0,16,,21270,17,,,0,70,,21238,17,,,0,15,,21258,17,,,0,15,,21269,17,,,0,67,,21252,17,,,0,16,,21257,17,,,0,17,,21268,17,,,0,65,,21253,17,,,0,17,,21256,17,,,0,29,,21254,17,,,0,70,,21267,17,,,0,29,,21236,17,,,0,68,,21266,17,,,0,31,,21255,17,,,0,72,,21265,17,,,0
667801,'1',605,,21404,27,,,0,16,,21392,27,,,0,35,,21391,27,,,0,62,,21421,27,,,0,17,,21393,27,,,0,12,,21419,27,,,0,57,,21422,27,,,0,13,,21431,27,,,0,17,,21423,27,,,0,74,,21425,27,,,0,26,,21428,13,,,0,71,,21418,13,,,0,31,,21410,13,,,0,67,,21426,13,,,0,30,,21433,13,,,0,70,,21405,13,,,0,30,,21407,13,,,0,71,,21427,13,,,0,30,,21401,13,,,0,69,,21408,13,,,0,31,,21417,13,,,0,72,,21424,13,,,0,31,,21411,13,,,0,20,,21394,13,,,0,60,,21412,13,,,0,19,,21416,13,,,0,16,,21398,13,,,0,55,,21429,13,,,0,16,,21397,13,,,0,16,,21432,13,,,0,12,,21396,13,,,0,56,,21395,13,,,0,11,,21420,13,,,0,31,,21413,13,,,0,70,,21409,13,,,0,32,,21400,13,,,0,70,,21430,13,,,0,30,,21399,13,,,0,71,,21402,13,,,0,107,,21406,13,,,0,93,,21414,13,,,0,101,,21403,13,,,0,100,,21415,13,,,0
667801,'2',635,,21435,13,,,0,70,,21466,13,,,0,30,,21467,13,,,0,70,,21453,13,,,0,30,,21454,13,,,0,69,,21459,13,,,0,30,,21447,13,,,0,70,,21444,13,,,0,30,,21451,13,,,0,69,,21437,13,,,0,31,,21448,13,,,0,69,,21439,13,,,0,28,,21457,13,,,0,74,,21440,13,,,0,28,,21458,13,,,0,71,,21438,13,,,0,30,,21461,13,,,0,69,,21460,13,,,0,28,,21462,13,,,0,71,,21464,13,,,0,30,,21441,13,,,0,73,,21465,13,,,0,30,,21463,13,,,0,69,,21436,13,,,0,30,,21442,13,,,0,71,,21449,13,,,0,30,,21446,13,,,0,70,,21456,13,,,0,30,,21445,13,,,0,80,,21450,13,,,0,30,,21468,13,,,0,71,,21452,13,,,0,99,,21455,13,,,0,100,,21434,13,,,0,100,,21443,13,,,0
667801,'3',803,,21492,13,,,0,31,,21471,13,,,0,70,,21491,13,,,0,30,,21496,13,,,0,70,,21490,13,,,0,30,,21499,13,,,0,22,,21489,13,,,0,71,,21493,13,,,0,73,,21488,13,,,0,35,,21497,13,,,0,75,,21487,13,,,0,25,,21495,13,,,0,69,,21486,13,,,0,30,,21494,13,,,0,70,,21485,13,,,0,30,,21498,13,,,0,70,,21484,13,,,0,30,,21478,13,,,0,70,,21483,13,,,0,30,,21474,13,,,0,70,,21482,13,,,0,30,,21470,13,,,0,70,,21481,13,,,0,30,,21473,13,,,0,70,,21480,13,,,0,27,,21469,13,,,0,73,,21479,13,,,0,19,,21476,13,,,0,96,,21477,13,,,0,101,,21475,13,,,0,100,,21472,13,,,0
667900,'1',559,,21507,27,,,0,67,,21520,27,,,0,26,,21511,27,,,0,74,,21522,27,,,0,26,,21501,27,,,0,75,,21524,27,,,0,73,,21526,27,,,0,36,,21523,27,,,0,23,,21527,27,,,0,71,,21525,27,,,0,70,,21502,27,,,0,30,,21534,27,,,0,23,,21530,27,,,0,72,,21506,27,,,0,24,,21518,27,,,0,71,,21533,27,,,0,32,,21513,27,,,0,70,,21515,27,,,0,28,,21512,27,,,0,72,,21514,27,,,0,30,,21516,27,,,0,65,,21528,27,,,0,29,,21503,27,,,0,72,,21510,27,,,0,31,,21508,27,,,0,77,,21517,27,,,0,80,,21529,27,,,0,22,,21531,27,,,0,74,,21519,27,,,0,28,,21532,27,,,0,24,,21509,27,,,0,72,,21500,27,,,0,28,,21505,27,,,0,68,,21521,27,,,0,30,,21504,27,,,0
667900,'101',1536,,21536,22,,,0,3,,21535,22,,,0
667900,'2',724,,21539,27,,,0,30,,21538,19,,,0,72,,21560,27,,,0,31,,21565,27,,,0,68,,21540,27,,,0,26,,21557,27,,,0,75,,21562,27,,,0,33,,21566,27,,,0,71,,21558,27,,,0,70,,21548,27,,,0,28,,21564,27,,,0,29,,21561,27,,,0,68,,21537,27,,,0,31,,21546,27,,,0,69,,21550,27,,,0,29,,21556,27,,,0,70,,21568,27,,,0,30,,21563,27,,,0,70,,21555,27,,,0,30,,21544,27,,,0,69,,21541,27,,,0,30,,21567,27,,,0,75,,21545,27,,,0,30,,21554,27,,,0,68,,21547,27,,,0,29,,21552,27,,,0,71,,21543,27,,,0,31,,21551,27,,,0,69,,21553,27,,,0,30,,21542,27,,,0,68,,21559,27,,,0,30,,21549,27,,,0
667900,'3',826,,21590,27,,,0,28,,21572,27,,,0,73,,21596,27,,,0,30,,21571,27,,,0,70,,21594,27,,,0,31,,21589,27,,,0,68,,21581,27,,,0,31,,21583,27,,,0,70,,21586,27,,,0,32,,21578,27,,,0,71,,21577,27,,,0,71,,21585,27,,,0,31,,21575,27,,,0,72,,21576,27,,,0,30,,21579,27,,,0,69,,21591,27,,,0,30,,21584,27,,,0,70,,21573,27,,,0,30,,21595,27,,,0,70,,21580,27,,,0,28,,21570,27,,,0,69,,21582,27,,,0,30,,21592,27,,,0,70,,21569,27,,,0,29,,21574,27,,,0,29,,21588,27,,,0,69,,21598,27,,,0,30,,21593,27,,,0,70,,21587,27,,,0,27,,21597,27,,,0
669201,'1',510,,23898,5,,,0,48,,23899,20,,,0,70,,23900,20,,,0,30,,23901,20,,,0,60,,23902,20,,,0,23,,23903,20,,,0,60,,23904,20,,,0,20,,23905,20,,,0,20,,23906,20,,,0,60,,23907,20,,,0,20,,23908,20,,,0,20,,23909,20,,,0,60,,23910,20,,,0,20,,23911,20,,,0,20,,23912,20,,,0,60,,23913,20,,,0,20,,23914,20,,,0,20,,23915,20,,,0,60,,23916,20,,,0,20,,23917,20,,,0,20,,23918,20,,,0,60,,23919,20,,,0,20,,23920,20,,,0,20,,23921,20,,,0,60,,23922,20,,,0,20,,23923,20,,,0,20,,23924,20,,,0,60,,23925,20,,,0,21,,23926,20,,,0,20,,23927,20,,,0,60,,23928,20,,,0,20,,23929,20,,,0,20,,23930,20,,,0,60,,23931,20,,,0,20,,23932,20,,,0,20,,23933,20,,,0,60,,23934,20,,,0,19,,23935,20,,,0,25,,23936,20,,,0,68,,23937,20,,,0,30,,23938,20,,,0,70,,23939,20,,,0,30,,23940,20,,,0,69,,23941,20,,,0,35,,23942,20,0,46 47,0,77,,23943,20,0,46 47,0,29,,23944,20,0,46 47,0,77,,23945,20,0,46 47,0,69,,23946,20,0,46 47,0,41,,23947,20,0,46 47,0,72,,23948,20,0,46 47,0
669201,'2',511,,23949,5,,,0,32,,23950,20,,,0,70,,23951,20,,,0,30,,23952,20,,,0,70,,23953,20,,,0,32,,23954,20,,,0,70,,23955,20,,,0,32,,23956,20,,,0,70,,23957,20,,,0,31,,23958,20,,,0,70,,23959,20,,,0,30,,23960,20,,,0,70,,23961,20,,,0,20,,23962,20,,,0,20,,23963,20,,,0,60,,23964,20,,,0,20,,23965,20,,,0,20,,23966,20,,,0,60,,23967,20,,,0,20,,23968,20,,,0,20,,23969,20,,,0,60,,23970,20,,,0,20,,23971,20,,,0,17,,23972,20,,,0,63,,23973,20,,,0,20,,23974,20,,,0,20,,23975,20,,,0,60,,23976,20,,,0,20,,23977,20,,,0,20,,23978,20,,,0,60,,23979,20,,,0,18,,23980,20,,,0,21,,23981,20,,,0,60,,23982,20,,,0,30,,23983,20,,,0,68,,23984,20,,,0,30,,23985,20,,,0,70,,23986,20,,,0,20,,23987,20,0,46 47,0,80,,23988,20,0,46 47,0,40,,23989,20,0,46 47,0,80,,23990,20,0,46 47,0,80,,23991,20,0,46 47,0,40,,23992,20,0,46 47,0,81,,23993,20,0,46 47,0,80,,23994,20,0,46 47,0
669201,'3',623,,23995,5,,,0,21,,23996,20,,,0,70,,23997,20,,,0,30,,23998,20,,,0,71,,23999,20,,,0,30,,24000,20,,,0,70,,24001,20,,,0,31,,24002,20,,,0,70,,24003,20,,,0,30,,24004,20,,,0,70,,24005,20,,,0,20,,24006,20,,,0,20,,24007,20,,,0,60,,24008,20,,,0,20,,24009,20,,,0,20,,24010,20,,,0,60,,24011,20,,,0,20,,24012,20,,,0,20,,24013,20,,,0,60,,24014,20,,,0,20,,24015,20,,,0,20,,24016,20,,,0,60,,24017,20,,,0,20,,24018,20,,,0,20,,24019,20,,,0,60,,24020,20,,,0,20,,24021,20,,,0,20,,24022,20,,,0,60,,24023,20,,,0,20,,24024,20,,,0,20,,24025,20,,,0,60,,24026,20,,,0,29,,24027,20,,,0,71,,24028,20,,,0,30,,24029,20,,,0,69,,24030,20,,,0,30,,24031,20,,,0,69,,24032,20,0,46 47,0,40,,24033,20,0,46 47,0,80,,24034,20,0,46 47,0,78,,24035,20,0,46 47,0,42,,24036,20,0,46 47,0,82,,24037,20,0,46 47,0,80,,24038,20,0,46 47,0
683701,'1',2600,,38470,17,,,0
683701,'2',548,,38473,17,,,0,2058,,38472,17,,,0
683701,'3',613,,38480,17,,,0,39,,38481,17,,,0,71,,38482,17,,,0,32,,38483,17,,,0,1558,,38484,17,0,50 51,0,125,,38478,17,,,0,72,,38477,17,,,0,30,,38474,17,0,50 51,0,78,,38479,17,,,0,28,,38485,17,,,0
