667601,'1',530,,20881,31,,,0,80,,20915,31,,,0,16,,20883,31,,,0,27,,20894,31,,,0,57,,20910,31,,,0,12,,20876,31,,,0,11,,20885,31,,,0,20,,20903,31,,,0,58,,20889,31,,,0,31,,20917,31,,,0,17,,20923,31,,,0,60,,20884,31,,,0,21,,20916,31,,,0,69,,20918,31,,,0,30,,20887,31,,,0,70,,20911,31,,,0,30,,20877,31,,,0,68,,20878,31,,,0,32,,20899,31,,,0,74,,20912,31,,,0,27,,20898,31,,,0,70,,20921,31,,,0,30,,20893,31,,,0,70,,20905,31,,,0,32,,20906,31,,,0,80,,20928,31,,,0,20,,20908,31,,,0,12,,20892,31,,,0,57,,20882,31,,,0,11,,20897,31,,,0,18,,20920,31,,,0,12,,20891,31,,,0,55,,20922,31,,,0,15,,20886,31,,,0,18,,20904,31,,,0,16,,20895,31,,,0,55,,20907,31,,,0,15,,20914,31,,,0,17,,20909,31,,,0,13,,20913,31,,,0,69,,20888,31,,,0,30,,20901,31,,,0,70,,20919,31,,,0,30,,20890,31,,,0,70,,20900,31,,,0,30,,20902,31,,,0,71,,20896,31,,,0,28,,20879,31,,,0,71,,20880,31,,,0,28,,20924,31,,,0,71,,20925,31,,,0
667601,'101',825,,20929,31,,,0,698,,20931,15,,,0,86,,20930,31,,,0
667601,'2',555,,20942,31,,,0,70,,20963,31,,,0,30,,20933,31,,,0,70,,20967,31,,,0,30,,20965,31,,,0,70,,20966,31,,,0,30,,20936,31,,,0,70,,20932,31,,,0,26,,20971,31,,,0,72,,20957,31,,,0,30,,20939,31,,,0,70,,20947,31,,,0,30,,20940,31,,,0,70,,20941,31,,,0,30,,20934,31,,,0,70,,20945,31,,,0,30,,20935,31,,,0,70,,20955,31,,,0,30,,20969,31,,,0,70,,20949,31,,,0,30,,20968,31,,,0,70,,20950,31,,,0,30,,20970,31,,,0,70,,20959,31,,,0,30,,20937,31,,,0,70,,20943,31,,,0,30,,20951,31,,,0,71,,20952,31,,,0,30,,20956,31,,,0,70,,20948,31,,,0,30,,20944,31,,,0,70,,20954,31,,,0,30,,20946,31,,,0,71,,20964,31,,,0,29,,20962,31,,,0,70,,20960,31,,,0,30,,20958,31,,,0,69,,20961,31,,,0,30,,20953,31,,,0,71,,20938,31,,,0
667601,'201',825,,20973,31,,,0,784,,20972,31,,,0
667601,'3',724,,20994,31,,,0,100,,20978,31,,,0,100,,20985,31,,,0,100,,20989,31,,,0,100,,20993,31,,,0,32,,20986,31,,,0,68,,20996,31,,,0,30,,20981,31,,,0,70,,20991,31,,,0,31,,20995,31,,,0,71,,20997,31,,,0,29,,20983,31,,,0,70,,21004,31,,,0,30,,21002,31,,,0,70,,20974,31,,,0,30,,21001,31,,,0,70,,20979,31,,,0,30,,20976,31,,,0,71,,20975,31,,,0,30,,20999,31,,,0,70,,20998,31,,,0,30,,20992,31,,,0,70,,20990,31,,,0,30,,20988,31,,,0,70,,21000,31,,,0,30,,20987,31,,,0,69,,20980,31,,,0,28,,21003,31,,,0,72,,20982,31,,,0
667701,'1',553,,21152,21,,,0,70,,21149,21,,,0,27,,21174,21,,,0,52,,21178,21,,,0,16,,21156,21,,,0,14,,21176,21,,,0,19,,21172,21,,,0,51,,21150,21,,,0,19,,21171,21,,,0,25,,21173,21,,,0,77,,21170,21,,,0,36,,21169,21,,,0,65,,21168,21,,,0,30,,21167,21,,,0,68,,21166,21,,,0,30,,21165,21,,,0,69,,21164,21,,,0,30,,21163,21,,,0,69,,21162,21,,,0,29,,21161,21,,,0,69,,21160,21,,,0,26,,21188,21,,,0,15,,21159,21,,,0,59,,21158,21,,,0,14,,21140,21,,,0,70,,21157,21,,,0,18,,21141,21,,,0,18,,21189,21,,,0,13,,21148,21,,,0,51,,21186,21,,,0,18,,21147,21,,,0,12,,21187,21,,,0,17,,21146,21,,,0,52,,21143,21,,,0,19,,21175,21,,,0,19,,21182,21,,,0,13,,21151,21,,,0,55,,21142,21,,,0,12,,21145,21,,,0,17,,21180,21,,,0,19,,21181,21,,,0,70,,21144,21,,,0,30,,21153,21,,,0,69,,21183,21,,,0,31,,21179,21,,,0,69,,21185,21,,,0,31,,21155,21,,,0,60,,21184,21,,,0,39,,21154,21,,,0,96,,21177,21,,,0
667701,'2',721,,21192,21,,,0,31,,21191,21,,,0,71,,21231,21,,,0,30,,21230,21,,,0,70,,21229,21,,,0,30,,21228,21,,,0,71,,21227,21,,,0,30,,21226,21,,,0,68,,21225,21,,,0,29,,21224,21,,,0,70,,21234,21,,,0,31,,21209,21,,,0,70,,21233,21,,,0,15,,21214,21,,,0,15,,21232,21,,,0,65,,21211,21,,,0,20,,21221,21,,,0,15,,21210,21,,,0,65,,21205,21,,,0,20,,21215,21,,,0,16,,21193,21,,,0,65,,21204,21,,,0,19,,21212,21,,,0,18,,21203,21,,,0,65,,21202,21,,,0,19,,21223,21,,,0,15,,21201,21,,,0,57,,21200,21,,,0,22,,21222,21,,,0,20,,21199,21,,,0,56,,21208,21,,,0,23,,21195,21,,,0,20,,21207,21,,,0,56,,21220,21,,,0,29,,21194,21,,,0,16,,21213,21,,,0,70,,21218,21,,,0,30,,21198,21,,,0,69,,21217,21,,,0,30,,21206,21,,,0,70,,21216,21,,,0,27,,21197,21,,,0,72,,21219,21,,,0,30,,21196,21,,,0,70,,21190,21,,,0
667701,'3',821,,21264,21,,,0,30,,21243,21,,,0,70,,21263,21,,,0,30,,21244,21,,,0,72,,21262,21,,,0,30,,21245,21,,,0,70,,21261,21,,,0,28,,21246,21,,,0,72,,21260,21,,,0,29,,21248,21,,,0,72,,21259,21,,,0,30,,21249,21,,,0,72,,21235,21,,,0,12,,21274,21,,,0,67,,21250,21,,,0,22,,21242,21,,,0,14,,21273,21,,,0,68,,21251,21,,,0,16,,21241,21,,,0,15,,21272,21,,,0,71,,21237,21,,,0,15,,21240,21,,,0,15,,21271,21,,,0,71,,21247,21,,,0,13,,21239,21,,,0,16,,21270,21,,,0,70,,21238,21,,,0,15,,21258,21,,,0,15,,21269,21,,,0,67,,21252,21,,,0,16,,21257,21,,,0,17,,21268,21,,,0,64,,21253,21,,,0,17,,21256,21,,,0,29,,21254,21,,,0,69,,21267,21,,,0,29,,21236,21,,,0,68,,21266,21,,,0,31,,21255,21,,,0,72,,21265,21,,,0
667801,'1',609,,21404,31,,,0,16,,21392,31,,,0,75,,21391,31,,,0,22,,21421,31,,,0,18,,21393,31,,,0,12,,21419,31,,,0,57,,21422,31,,,0,13,,21431,31,,,0,17,,21423,31,,,0,74,,21425,31,,,0,27,,21428,17,,,0,70,,21418,17,,,0,31,,21410,17,,,0,67,,21426,17,,,0,30,,21433,17,,,0,70,,21405,17,,,0,30,,21407,17,,,0,71,,21427,17,,,0,30,,21401,17,,,0,70,,21408,17,,,0,30,,21417,17,,,0,72,,21424,17,,,0,31,,21411,17,,,0,60,,21394,17,,,0,20,,21412,17,,,0,19,,21416,17,,,0,16,,21398,17,,,0,56,,21429,17,,,0,16,,21397,17,,,0,16,,21432,17,,,0,11,,21396,17,,,0,56,,21395,17,,,0,11,,21420,17,,,0,31,,21413,17,,,0,70,,21409,17,,,0,32,,21400,17,,,0,69,,21430,17,,,0,30,,21399,17,,,0,71,,21402,17,,,0,107,,21406,17,,,0,93,,21414,17,,,0,100,,21403,17,,,0,100,,21415,17,,,0
667801,'2',639,,21435,17,,,0,70,,21466,17,,,0,30,,21467,17,,,0,70,,21453,17,,,0,31,,21454,17,,,0,69,,21459,17,,,0,30,,21447,17,,,0,70,,21444,17,,,0,30,,21451,17,,,0,69,,21437,17,,,0,31,,21448,17,,,0,70,,21439,17,,,0,28,,21457,17,,,0,74,,21440,17,,,0,28,,21458,17,,,0,71,,21438,17,,,0,30,,21461,17,,,0,69,,21460,17,,,0,28,,21462,17,,,0,71,,21464,17,,,0,30,,21441,17,,,0,72,,21465,17,,,0,30,,21463,17,,,0,69,,21436,17,,,0,30,,21442,17,,,0,70,,21449,17,,,0,30,,21446,17,,,0,70,,21456,17,,,0,30,,21445,17,,,0,80,,21450,17,,,0,30,,21468,17,,,0,71,,21452,17,,,0,98,,21455,17,,,0,100,,21434,17,,,0,100,,21443,17,,,0
667801,'3',807,,21492,17,,,0,32,,21471,17,,,0,70,,21491,17,,,0,30,,21496,17,,,0,70,,21490,17,,,0,30,,21499,17,,,0,62,,21489,17,,,0,31,,21493,17,,,0,73,,21488,17,,,0,35,,21497,17,,,0,75,,21487,17,,,0,25,,21495,17,,,0,69,,21486,17,,,0,30,,21494,17,,,0,70,,21485,17,,,0,30,,21498,17,,,0,70,,21484,17,,,0,30,,21478,17,,,0,70,,21483,17,,,0,30,,21474,17,,,0,70,,21482,17,,,0,29,,21470,17,,,0,70,,21481,17,,,0,30,,21473,17,,,0,70,,21480,17,,,0,27,,21469,17,,,0,73,,21479,17,,,0,19,,21476,17,,,0,96,,21477,17,,,0,101,,21475,17,,,0,100,,21472,17,,,0
683701,'1',2603,,38470,21,,,0
683701,'2',551,,38473,21,,,0,2058,,38472,21,,,0
683701,'3',616,,38480,21,,,0,39,,38481,21,,,0,71,,38482,21,,,0,32,,38483,21,,,0,1558,,38484,21,0,50 51,0,125,,38478,21,,,0,72,,38477,21,,,0,29,,38474,21,0,50 51,0,79,,38479,21,,,0,28,,38485,21,,,0
