674101,'1',454,,149920,6,0,98 71,0,181,,149921,28,0,88 49,0,69,,149923,28,0,88 49,0,19,,149924,28,,,0,19,,149925,28,,,0,60,,149926,28,,,0,16,,149927,28,,,0,26,,149929,28,,,0,56,,149930,28,,,0,16,,149931,28,,,0,14,,149932,28,,,0,15,,149933,28,,,0,62,,149934,28,,,0,25,,149935,28,,,0,21,,149936,28,,,0,60,,149976,28,,,0,20,,149937,28,,,0,20,,149977,28,,,0,60,,149938,28,,,0,20,,149939,28,,,0,19,,149978,28,,,0,60,,149940,28,,,0,20,,149941,28,,,0,20,,149979,28,,,0,60,,149942,28,,,0,17,,149943,28,,,0,19,,149944,28,,,0,54,,149945,28,,,0,16,,149946,28,,,0,15,,149947,28,,,0,16,,149948,28,,,0,70,,149950,28,,,0,15,,149951,28,,,0,69,,149953,28,0,88 49,0,11,,149954,28,,,0,12,,149955,28,,,0,24,,149957,28,0,88 49,0,72,,149959,28,,,0,30,,149961,28,,,0,55,,149962,28,,,0,11,,149963,28,,,0,20,,149964,28,,,0,20,,149965,28,,,0,61,,149966,28,,,0,23,,149967,28,,,0,59,,149968,28,,,0,20,,149969,28,,,0,21,,149970,28,,,0,71,,149971,28,,,0,30,,149972,28,,,0,110,,149973,28,,,0,91,,149974,28,,,0,180,,149975,28,,,0
674101,'2',556,,150000,28,,,0,90,,149999,28,,,0,90,,149998,28,,,0,21,,150029,28,,,0,61,,149997,28,,,0,20,,149996,28,,,0,20,,150030,28,,,0,60,,149995,28,,,0,20,,149989,28,,,0,20,,150031,28,,,0,61,,149994,28,,,0,21,,149993,28,,,0,60,,149992,28,,,0,20,,149981,28,,,0,22,,149991,28,,,0,59,,149990,28,,,0,20,,149980,28,,,0,20,,149988,28,,,0,60,,149987,28,,,0,20,,150023,28,,,0,20,,149986,28,,,0,60,,149985,28,,,0,21,,150022,28,,,0,22,,149984,28,,,0,60,,149983,28,,,0,15,,150028,28,,,0,15,,150021,28,,,0,14,,149982,28,,,0,55,,150017,28,,,0,15,,150020,28,,,0,15,,150024,28,,,0,15,,150016,28,,,0,53,,150015,28,,,0,15,,150019,28,,,0,13,,150025,28,,,0,15,,150014,28,,,0,15,,150013,28,,,0,55,,150018,28,,,0,15,,150026,28,,,0,15,,150012,28,,,0,15,,150011,28,,,0,55,,150027,28,,,0,20,,150010,28,,,0,72,,150009,28,,,0,30,,150008,28,,,0,71,,150007,28,,,0,30,,150006,28,,,0,72,,150005,28,,,0,37,,150004,28,,,0,100,,150003,28,,,0,110,,150002,28,,,0,163,,150001,28,,,0
674101,'3',553,,150052,28,,,0,88,,150051,28,,,0,89,,150050,28,,,0,72,,150049,28,,,0,29,,150048,28,,,0,23,,150081,28,,,0,59,,150047,28,,,0,20,,150041,28,,,0,21,,150082,28,,,0,61,,150046,28,,,0,20,,150045,28,,,0,22,,150044,28,,,0,60,,150033,28,,,0,20,,150043,28,,,0,20,,150042,28,,,0,60,,150032,28,,,0,20,,150040,28,,,0,19,,150039,28,,,0,62,,150075,28,,,0,20,,150038,28,,,0,21,,150037,28,,,0,60,,150074,28,,,0,20,,150036,28,,,0,62,,150035,28,,,0,20,,150073,28,,,0,18,,150034,28,,,0,13,,150076,28,,,0,56,,150069,28,,,0,15,,150072,28,,,0,15,,150068,28,,,0,15,,150077,28,,,0,55,,150067,28,,,0,15,,150071,28,,,0,15,,150066,28,,,0,13,,150078,28,,,0,55,,150065,28,,,0,15,,150070,28,,,0,15,,150064,28,,,0,15,,150079,28,,,0,59,,150063,28,,,0,20,,150062,28,,,0,20,,150080,28,,,0,59,,150061,28,,,0,28,,150060,28,,,0,70,,150059,28,,,0,30,,150058,28,,,0,70,,150057,28,,,0,38,,150056,28,,,0,100,,150055,28,,,0,110,,150054,28,,,0,164,,150053,28,,,0
674201,'1',1447,,150091,7,,,0,61,,150092,7,,,0,23,,150093,7,,,0,12,,150094,7,,,0,16,,150095,7,,,0,56,,150096,7,,,0,33,,150097,7,,,0,69,,150098,7,,,0,87,,150099,7,,,0,31,,150100,7,,,0
674301,'1',521,,150114,3,,,0,34,,150115,3,,,0,90,,150116,3,,,0,70,,150117,3,,,0,30,,150118,3,,,0,59,,150119,3,,,0,28,,150120,3,,,0,795,,150121,7,,,0,28,,150122,7,,,0,76,,150123,7,,,0,79,,150124,7,,,0,46,,150125,7,,,0,68,,150126,7,,,0
684301,'1',937,,155703,4,,,0,102,,155702,4,,,0,98,,155701,4,,,0,100,,155700,4,,,0,100,,155699,4,,,0,100,,155698,4,,,0,101,,155697,4,,,0,100,,155696,4,,,0,99,,155695,4,,,0,100,,155694,4,,,0,100,,155693,4,,,0,100,,155692,4,,,0,105,,155691,4,,,0
684301,'2',937,,155709,4,,,0,100,,155706,4,,,0,100,,155715,4,,,0,100,,155705,4,,,0,100,,155704,4,,,0,100,,155714,4,,,0,100,,155713,4,,,0,100,,155712,4,,,0,100,,155711,4,,,0,102,,155710,4,,,0,100,,155708,4,,,0,100,,155707,4,,,0
684301,'3',937,,155719,4,,,0,100,,155718,4,,,0,100,,155717,4,,,0,100,,155716,4,,,0,100,,155726,4,,,0,100,,155725,4,,,0,100,,155720,4,,,0,100,,155724,4,,,0,100,,155723,4,,,0,95,,155722,4,,,0,100,,155721,4,,,0
684401,'1',917,,155776,4,,,0,100,,155775,4,,,0,100,,155774,4,,,0,100,,155773,4,,,0,100,,155772,4,,,0,100,,155771,4,,,0,100,,155770,4,,,0,100,,155769,4,,,0,103,,155768,4,,,0,97,,155767,4,,,0,100,,155777,4,,,0,100,,155766,4,,,0,100,,155765,4,,,0
684401,'2',907,,155786,4,,,0,100,,155785,4,,,0,100,,155784,4,,,0,100,,155783,4,,,0,100,,155782,4,,,0,100,,155781,4,,,0,100,,155780,4,,,0,100,,155779,4,,,0,100,,155790,4,,,0,100,,155778,4,,,0,100,,155789,4,,,0,105,,155788,4,,,0,100,,155787,4,,,0
684401,'3',907,,155791,4,,,0,100,,155792,4,,,0,100,,155800,4,,,0,100,,155799,4,,,0,100,,155798,4,,,0,100,,155797,4,,,0,100,,155796,4,,,0,100,,155795,4,,,0,100,,155794,4,,,0,100,,155793,4,,,0,100,,155802,4,,,0,100,,155801,4,,,0
1169600,'1',532,,157681,4,,,0,70,,157682,4,,,0,30,,157683,4,,,0,70,,157684,4,,,0,30,,157685,4,,,0,70,,157686,4,,,0,31,,157687,4,,,0,70,,157688,4,,,0,29,,157707,4,,,0,70,,157689,4,,,0,30,,157708,4,,,0,70,,157690,4,,,0,30,,157709,4,,,0,70,,157691,4,,,0,30,,157710,4,,,0,70,,157692,4,,,0,30,,157711,4,,,0,70,,157693,4,,,0,30,,157712,4,,,0,70,,157694,4,,,0,30,,157713,4,,,0,70,,157695,4,,,0,30,,157696,4,,,0,70,,157697,4,,,0,30,,157698,4,,,0,70,,157699,4,,,0,30,,157700,4,,,0,70,,157701,4,,,0,30,,157714,4,,,0,20,,157702,4,,,0,80,,157715,4,,,0,70,,157703,4,,,0,30,,157716,4,,,0,70,,157704,4,,,0,30,,157717,4,,,0,70,,157705,4,,,0,30,,157718,4,,,0,70,,157706,4,,,0
1169600,'2',652,,157719,4,,,0,71,,157746,4,,,0,30,,157720,4,,,0,72,,157721,4,,,0,27,,157722,4,,,0,70,,157745,4,,,0,30,,157723,4,,,0,70,,157724,4,,,0,30,,157725,4,,,0,70,,157726,4,,,0,30,,157727,4,,,0,70,,157728,4,,,0,30,,157729,4,,,0,70,,157730,4,,,0,30,,157731,4,,,0,70,,157732,4,,,0,30,,157733,4,,,0,71,,157734,4,,,0,29,,157735,4,,,0,70,,157736,4,,,0,30,,157737,4,,,0,70,,157738,4,,,0,30,,157739,4,,,0,70,,157740,4,,,0,30,,157747,4,,,0,70,,157741,4,,,0,30,,157742,4,,,0,70,,157748,4,,,0,30,,157743,4,,,0,70,,157749,4,,,0,30,,157744,4,,,0
1169600,'3',727,,157773,4,,,0,30,,157750,4,,,0,70,,157751,4,,,0,30,,157774,4,,,0,70,,157752,4,,,0,30,,157753,4,,,0,65,,157754,4,,,0,30,,157755,4,,,0,70,,157756,4,,,0,30,,157757,4,,,0,70,,157758,4,,,0,30,,157759,4,,,0,70,,157760,4,,,0,30,,157761,4,,,0,70,,157762,4,,,0,30,,157763,4,,,0,70,,157764,4,,,0,30,,157765,4,,,0,70,,157766,4,,,0,30,,157767,4,,,0,70,,157768,4,,,0,30,,157769,4,,,0,70,,157775,4,,,0,30,,157770,4,,,0,70,,157776,4,,,0,30,,157771,4,,,0,70,,157777,4,,,0,30,,157772,4,,,0
