683100,'1',2609,,96770,25,4,,0,30,,96769,25,4,,0,68,,96768,25,4,,0
683100,'2',2609,,96773,25,4,,0,30,,96772,25,4,,0,70,,96771,25,4,,0
683100,'3',2609,,96776,25,4,,0,30,,96775,25,4,,0,68,,96774,25,4,,0
683101,'1',2609,,96779,1,,,0,30,,96778,1,,,0,70,,96777,1,,,0
683101,'2',2609,,96781,1,,,0,30,,96780,1,,,0,70,,96782,1,,,0
683101,'3',2609,,96785,1,,,0,30,,96784,1,,,0,70,,96783,1,,,0
683400,'1',2539,,96817,1,,,0,67,,96815,1,,,0,21,,96812,1,0,6 7 8,0,28,,96816,1,,,0,55,,96814,1,,,0,19,,96813,1,,,0,71,,96811,1,,,0,25,,96818,1,,,0
683400,'1201',2554,,96807,1,,,0,62,,96810,1,,,0,25,,96808,1,0,6 7 8,0,104,,96809,1,,,0
683400,'2',434,,96828,1,,,0,14,,96827,1,,,0,71,,96831,1,,,0,20,,96826,1,,,0,69,,96825,1,,,0,1902,,96832,1,,,0,19,,96833,1,,,0,20,,96830,1,,,0,60,,96834,1,,,0,15,,96823,1,,,0,15,,96820,1,,,0,15,,96822,1,,,0,60,,96821,1,,,0,20,,96824,1,0,6 7 8,0,20,,96819,1,0,6 7 8,0,65,,96829,1,,,0
683400,'3',437,,96844,1,,,0,70,,96845,1,,,0,15,,96846,1,,,0,15,,96852,1,,,0,15,,96851,1,,,0,56,,96847,1,,,0,21,,96835,1,,,0,20,,96853,1,,,0,60,,96848,1,,,0,1733,,96850,1,,,0,67,,96849,1,,,0,22,,96839,1,,,0,78,,96836,1,,,0,20,,96841,1,0,6 7 8,0,20,,96837,1,,,0,62,,96838,1,,,0,20,,96840,1,0,6 7 8,0,20,,96842,1,0,6 7 8,0,61,,96843,1,,,0
683401,'1',2600,,96856,84,4,,0,28,,96855,84,4,,0,72,,96854,84,4,,0
683401,'2',2520,,96860,84,4,,0,81,,96859,84,4,,0,30,,96858,84,4,,0,71,,96857,84,4,,0
683401,'3',2559,,96861,84,4,,0,70,,96862,84,4,,0,30,,96863,84,4,,0
683500,'1',2600,,96865,57,4,,0,15,,96864,57,4,,0,15,,96867,57,4,,0,70,,96868,57,4,,0,30,,96866,57,4,,0,70,,96869,57,4,,0,30,,96870,57,4,,0,70,,96871,57,4,,0
683500,'2',2606,,96875,57,4,,0,15,,96872,57,4,,0,15,,96874,57,4,,0,68,,96873,57,4,,0,30,,96876,57,4,,0,70,,96877,57,4,,0,30,,96878,57,4,,0,70,,96879,57,4,,0
683500,'3',2600,,96882,57,4,,0,30,,96881,57,4,,0,70,,96880,57,4,,0
683501,'1',2609,,96884,1,,,0,20,,96883,1,,,0,20,,96885,1,,,0,60,,96886,1,,,0,30,,96887,1,,,0,70,,96888,1,,,0,30,,96889,1,,,0,70,,96890,1,,,0
683501,'2',2609,,96894,1,,,0,20,,96891,1,,,0,20,,96893,1,,,0,60,,96892,1,,,0,30,,96895,1,,,0,70,,96896,1,,,0,30,,96897,1,,,0,70,,96898,1,,,0
683501,'3',2609,,96901,1,,,0,30,,96900,1,,,0,70,,96899,1,,,0
683700,'1',2500,,96928,1,,,0,20,,96927,1,,,0,20,,96923,1,,,0,69,,96926,1,,,0,34,,96925,1,,,0,59,,96924,1,,,0,28,,96922,1,,,0
683700,'1101',2620,,96920,1,,,0
683700,'1201',2620,,96921,1,,,0
683700,'2',2502,,96931,1,,,0,22,,96936,1,,,0,14,,96930,1,,,0,19,,96935,1,,,0,60,,96932,1,,,0,30,,96934,1,,,0,12,,96933,1,,,0,74,,96929,1,,,0
683700,'3',2332,,96942,1,,,0,73,,96941,1,,,0,30,,96940,1,,,0,80,,96939,1,,,0,31,,96938,1,,,0,64,,96945,1,,,0,48,,96944,1,,,0,65,,96943,1,,,0
683701,'1',2530,,96952,31,4,,0,103,,96953,53,4,,0
683701,'2',2532,,96954,31,4,,0,107,,96955,53,4,,0
683701,'3',2400,,96959,31,4,,0,29,,96958,31,4,,0,81,,96961,53,4,,0,29,,96960,53,4,,0,108,,96962,53,4,,0,69,,96968,53,4,,0
