672401,'1_merged_15524958',525,,88803,42,,,0,30,,88792,42,,,0,72,,88818,42,,,0,73,,88802,42,,,0,35,,88819,42,,,0,14,,88826,42,,,0,57,,88827,42,,,0,16,,88828,42,,,0,18,,88829,42,,,0,15,,88830,42,,,0,55,,88831,42,,,0,14,,88832,42,,,0,15,,88833,42,,,0,15,,88834,42,,,0,55,,88835,42,,,0,15,,88820,42,,,0,17,,88836,42,,,0,59,,88807,42,,,0,22,,88804,42,,,0,23,,88808,42,,,0,60,,88805,42,,,0,21,,88806,42,,,0,22,,88809,42,,,0,60,,88791,42,,,0,20,,88793,42,,,0,18,,88810,42,,,0,61,,88796,42,,,0,22,,88797,42,,,0,21,,88811,41,,,0,58,,88790,41,,,0,20,,88821,41,,,0,16,,88817,41,,,0,56,,88825,41,,,0,14,,88816,41,,,0,15,,88837,41,,,0,16,,88838,41,,,0,55,,88839,41,,,0,15,,88840,41,,,0,15,,88841,41,,,0,15,,88842,41,,,0,14,,88843,41,,,0,55,,88844,41,,,0,12,,88845,41,,,0,15,,88846,42,,,0,15,,88847,42,,,0,53,,88848,42,,,0,15,,88849,42,,,0,14,,88850,42,,,0,13,,88851,42,,,0,63,,88812,42,,,0,33,,88813,42,,,0,71,,88814,42,,,0,27,,88815,42,,,0,70,,88798,42,,,0,26,,88799,42,,,0,70,,88800,42,,,0,29,,88801,42,,,0,70,,88822,42,,,0,26,,88794,42,,,0,66,,88823,42,,,0,27,,88795,42,,,0,77,,88824,42,,,0
672401,'2_merged_15524960',518,,88888,42,,,0,37,,88890,42,,,0,72,,88891,42,,,0,75,,88892,42,,,0,35,,88893,42,,,0,71,,88894,42,,,0,25,,88895,42,,,0,20,,88896,42,,,0,63,,88897,42,,,0,21,,88852,42,,,0,21,,88853,42,,,0,55,,88854,42,,,0,14,,88855,42,,,0,16,,88856,42,,,0,14,,88857,42,,,0,54,,88858,42,,,0,15,,88859,42,,,0,16,,88860,42,,,0,16,,88861,42,,,0,55,,88862,42,,,0,15,,88863,42,,,0,19,,88864,42,,,0,55,,88865,42,,,0,15,,88866,42,,,0,15,,88867,42,,,0,15,,88868,42,,,0,55,,88869,42,,,0,15,,88870,42,,,0,15,,88871,42,,,0,14,,88872,42,,,0,54,,88873,42,,,0,16,,88874,42,,,0,15,,88875,42,,,0,13,,88876,42,,,0,15,,88877,42,,,0,55,,88878,42,,,0,15,,88879,42,,,0,14,,88880,42,,,0,15,,88881,42,,,0,54,,88882,42,,,0,15,,88883,42,,,0,15,,88884,42,,,0,15,,88885,42,,,0,53,,88886,42,,,0,19,,88887,42,,,0,20,,88898,42,,,0,59,,88899,42,,,0,18,,88900,42,,,0,19,,88901,42,,,0,61,,88914,42,,,0,17,,88902,42,,,0,20,,88903,42,,,0,64,,88904,42,,,0,28,,88905,42,,,0,70,,88906,42,,,0,30,,88907,42,,,0,71,,88908,42,,,0,26,,88909,42,,,0,25,,88910,42,,,0,83,,88911,42,,,0,68,,88912,42,,,0,37,,88913,42,,,0,69,,88889,42,,,0
672401,'3_merged_15524959',528,,88921,42,,,0,30,,88923,42,,,0,70,,88924,42,,,0,31,,88925,42,,,0,70,,88926,42,,,0,72,,88927,42,,,0,24,,88928,42,,,0,20,,88929,42,,,0,61,,88930,42,,,0,23,,88931,42,,,0,20,,88932,42,,,0,62,,88933,42,,,0,20,,88934,42,,,0,20,,88935,42,,,0,64,,88936,42,,,0,21,,88937,42,,,0,20,,88938,42,,,0,61,,88939,42,,,0,22,,88940,42,,,0,20,,88941,42,,,0,60,,88942,42,,,0,19,,88943,42,,,0,20,,88944,42,,,0,61,,88945,42,,,0,17,,88946,42,,,0,16,,88915,42,,,0,55,,88947,42,,,0,17,,88948,42,,,0,15,,88949,42,,,0,14,,88916,42,,,0,55,,88950,42,,,0,15,,88951,42,,,0,15,,88952,42,,,0,14,,88917,42,,,0,55,,88953,42,,,0,15,,88954,42,,,0,15,,88955,42,,,0,15,,88918,42,,,0,55,,88956,42,,,0,13,,88957,42,,,0,15,,88958,42,,,0,15,,88919,42,,,0,55,,88959,42,,,0,17,,88960,42,,,0,19,,88961,42,,,0,62,,88962,42,,,0,20,,88920,42,,,0,20,,88963,42,,,0,74,,88964,42,,,0,30,,88965,42,,,0,73,,88966,42,,,0,28,,88967,42,,,0,72,,88968,42,,,0,29,,88969,42,,,0,72,,88970,42,,,0,29,,88971,42,,,0,85,,88972,42,,,0,70,,88922,42,,,0
672500,'1_merged_15524958',605,,88973,27,,,0,40,,88974,27,,,0,71,,88975,27,,,0,33,,88976,27,,,0,71,,88977,27,,,0,31,,88978,27,,,0,70,,88979,27,,,0,28,,88980,27,,,0,72,,88981,27,,,0,30,,88982,27,,,0,72,,88983,27,,,0,29,,88984,27,,,0,70,,88985,27,,,0,30,,88986,27,,,0,70,,88987,27,,,0,30,,88988,27,,,0,69,,88989,27,,,0,30,,88990,26,,,0,73,,88991,26,,,0,32,,88992,26,,,0,69,,88993,26,,,0,30,,88994,26,,,0,69,,88995,26,,,0,30,,88996,26,,,0,69,,88997,26,,,0,28,,88998,27,,,0,70,,88999,27,,,0,30,,89000,27,,,0,70,,89001,27,,,0,30,,89002,27,,,0,70,,89003,27,,,0,30,,89004,27,,,0,69,,89005,27,,,0,93,,89006,27,,,0,99,,89007,27,,,0,100,,89008,27,,,0
672500,'2_merged_15524960',559,,89038,27,,,0,86,,89027,27,,,0,70,,89037,27,,,0,32,,89010,27,,,0,69,,89034,27,,,0,30,,89035,27,,,0,70,,89018,27,,,0,33,,89041,27,,,0,70,,89042,27,,,0,30,,89030,27,,,0,70,,89040,27,,,0,31,,89025,27,,,0,70,,89033,27,,,0,32,,89011,27,,,0,71,,89012,27,,,0,29,,89013,27,,,0,70,,89014,27,,,0,31,,89015,27,,,0,70,,89016,27,,,0,30,,89017,27,,,0,68,,89036,27,,,0,30,,89029,27,,,0,70,,89039,27,,,0,30,,89028,27,,,0,70,,89032,27,,,0,31,,89024,27,,,0,70,,89031,27,,,0,30,,89019,27,,,0,70,,89022,27,,,0,29,,89026,27,,,0,69,,89023,27,,,0,30,,89009,27,,,0,71,,89043,27,,,0,91,,89020,27,,,0,99,,89044,27,,,0,99,,89021,27,,,0
672500,'3_merged_15524959',702,,89066,27,,,0,33,,89074,27,,,0,70,,89073,27,,,0,32,,89047,27,,,0,70,,89051,27,,,0,31,,89067,27,,,0,71,,89068,27,,,0,30,,89069,27,,,0,70,,89054,27,,,0,30,,89076,27,,,0,71,,89064,27,,,0,28,,89078,27,,,0,72,,89070,27,,,0,29,,89077,27,,,0,70,,89055,27,,,0,29,,89071,27,,,0,70,,89072,27,,,0,30,,89075,27,,,0,70,,89065,27,,,0,30,,89056,27,,,0,70,,89058,27,,,0,30,,89053,27,,,0,70,,89048,27,,,0,30,,89049,27,,,0,71,,89050,27,,,0,31,,89052,27,,,0,70,,89059,27,,,0,31,,89060,27,,,0,70,,89061,27,,,0,30,,89062,27,,,0,80,,89045,27,,,0,108,,89063,27,,,0,100,,89046,27,,,0,100,,89057,27,,,0
682800,'101_merged_15524965',908,,96593,33,,,0
682800,'1201_merged_15524951',2129,,96594,32,,,0,107,,96595,32,,,0
682800,'1_merged_15524958',828,,96613,33,,,0,119,,96612,32,,,0,78,,96611,32,,,0,77,,96610,32,,,0,43,,96609,32,,,0,80,,96608,32,,,0,80,,96607,32,,,0,42,,96606,32,,,0,80,,96605,32,,,0,82,,96604,31,,,0,40,,96603,31,,,0,84,,96602,31,,,0,78,,96601,31,,,0,38,,96600,31,,,0,79,,96599,31,,,0,78,,96598,32,,,0,48,,96597,32,,,0,69,,96596,32,,,0
682800,'2_merged_15524960',935,,96615,32,,,0,80,,96632,32,,,0,40,,96631,32,,,0,80,,96630,32,,,0,80,,96629,32,,,0,41,,96628,32,,,0,80,,96627,32,,,0,80,,96626,32,,,0,41,,96625,32,,,0,80,,96624,32,,,0,80,,96623,32,,,0,40,,96622,32,,,0,80,,96621,32,,,0,78,,96620,32,,,0,37,,96619,32,,,0,107,,96618,32,,,0,150,,96617,32,,,0,107,,96616,32,,,0,104,,96614,32,,,0
682800,'3_merged_15524959',1134,,96638,32,,,0,82,,96645,32,,,0,40,,96637,32,,,0,81,,96644,32,,,0,80,,96643,32,,,0,40,,96636,32,,,0,80,,96642,32,,,0,78,,96635,32,,,0,40,,96634,32,,,0,80,,96641,32,,,0,80,,96640,32,,,0,40,,96633,32,,,0,75,,96639,32,,,0
3454300,'1_merged_15524958',1852,,109739,26,,,0,55,,109740,26,,,0,15,,109741,26,,,0,15,,109742,26,,,0,16,,109743,26,,,0,55,,109744,26,,,0,15,,109745,26,,,0,15,,109746,26,,,0,70,,109747,26,,,0,29,,109748,26,,,0,70,,109749,26,,,0,29,,109750,26,,,0,69,,109751,26,,,0,29,,109752,26,,,0,70,,109753,26,,,0
3454300,'2_merged_15524960',545,,109800,29,,,0,67,,109799,29,,,0,30,,109798,29,,,0,66,,109797,29,,,0,33,,109796,29,,,0,71,,109795,29,,,0,30,,109794,29,,,0,71,,109793,29,,,0,22,,109773,29,,,0,20,,109792,29,,,0,60,,109791,29,,,0,20,,109790,29,,,0,21,,109789,29,,,0,60,,109788,29,,,0,23,,109787,29,,,0,62,,109786,29,,,0,20,,109785,29,,,0,20,,109784,29,,,0,59,,109783,29,,,0,20,,109782,29,,,0,20,,109781,29,,,0,60,,109780,29,,,0,20,,109779,29,,,0,20,,109778,29,,,0,60,,109777,29,,,0,20,,109776,29,,,0,20,,109775,29,,,0,60,,109774,29,,,0,20,,109821,29,,,0,20,,109820,29,,,0,61,,109819,29,,,0,20,,109818,29,,,0,18,,109817,29,,,0,20,,109816,29,,,0,60,,109815,29,,,0,20,,109814,29,,,0,19,,109813,29,,,0,56,,109812,26,,,0,29,,109811,26,,,0,70,,109810,26,,,0,31,,109809,26,,,0,70,,109808,26,,,0,29,,109807,26,,,0,70,,109806,26,,,0,30,,109805,26,,,0,70,,109804,26,,,0,98,,109803,26,,,0
3454300,'3_merged_15524959',545,,109864,29,,,0,75,,109865,29,,,0,30,,109822,29,,,0,71,,109823,29,,,0,30,,109824,29,,,0,70,,109825,29,,,0,30,,109849,29,,,0,70,,109850,29,,,0,28,,109851,29,,,0,67,,109852,29,,,0,25,,109857,29,,,0,62,,109853,29,,,0,20,,109854,29,,,0,20,,109858,29,,,0,60,,109855,29,,,0,20,,109856,29,,,0,20,,109859,29,,,0,60,,109826,29,,,0,20,,109827,29,,,0,20,,109860,29,,,0,60,,109828,29,,,0,20,,109829,29,,,0,20,,109861,29,,,0,60,,109830,29,,,0,20,,109831,29,,,0,20,,109862,29,,,0,61,,109832,29,,,0,20,,109833,29,,,0,20,,109863,29,,,0,60,,109834,29,,,0,26,,109835,29,,,0,26,,109836,29,,,0,69,,109837,29,,,0,29,,109838,26,,,0,75,,109839,26,,,0,75,,109840,26,,,0,35,,109841,26,,,0,75,,109842,26,,,0,34,,109843,26,,,0,75,,109844,26,,,0,35,,109845,26,,,0,145,,109846,26,,,0
