672201,'1',455,,88155,33,4,,0,60,,88156,33,4,,0,18,,88157,33,4,,0,71,,88159,33,4,,0,15,,88160,33,4,,0,15,,88161,33,4,,0,18,,88162,33,4,,0,55,,88163,33,4,,0,15,,88164,33,4,,0,18,,88165,33,4,,0,15,,88166,33,4,,0,55,,88167,33,4,,0,17,,88168,33,4,,0,14,,88169,33,4,,0,17,,88170,33,4,,0,56,,88171,33,4,,0,15,,88172,33,4,,0,15,,88173,33,4,,0,13,,88174,33,4,,0,55,,88175,33,4,,0,16,,88176,33,4,,0,15,,88177,33,4,,0,15,,88178,33,4,,0,55,,88179,33,4,,0,17,,88180,33,4,,0,15,,88181,33,4,,0,55,,88182,33,4,,0,15,,88183,33,4,,0,15,,88184,33,4,,0,15,,88185,33,4,,0,55,,88186,33,4,,0,15,,88187,33,4,,0,15,,88188,33,4,,0,15,,88189,33,4,,0,55,,88190,33,4,,0,15,,88191,33,4,,0,15,,88192,33,4,,0,15,,88193,33,4,,0,57,,88194,33,4,,0,15,,88195,33,4,,0,14,,88196,33,4,,0,15,,88197,33,4,,0,55,,88198,33,4,,0,15,,88199,33,4,,0,15,,88200,33,4,,0,15,,88201,33,4,,0,55,,88202,33,4,,0,15,,88203,33,4,,0,15,,88204,33,4,,0,15,,88205,33,4,,0,56,,88206,33,4,,0,16,,88207,33,4,,0,16,,88208,33,4,,0,15,,88209,33,4,,0,55,,88210,33,4,,0,15,,88211,33,4,,0,13,,88212,33,4,,0,15,,88213,33,4,,0,69,,88215,33,4,,0,33,,88217,33,4,,0,70,,88218,33,4,,0,32,,88219,33,4,,0,70,,88220,33,4,,0,28,,88221,33,4,,0,71,,88222,33,4,,0,97,,88224,33,4,,0,195,,88226,33,4,,0
672201,'2',556,,88258,33,4,,0,70,,88257,33,4,,0,30,,88245,33,4,,0,70,,88255,33,4,,0,22,,88291,33,4,,0,60,,88233,33,4,,0,16,,88240,33,4,,0,15,,88270,33,4,,0,19,,88290,33,4,,0,55,,88234,33,4,,0,16,,88256,33,4,,0,15,,88259,33,4,,0,15,,88289,33,4,,0,55,,88266,33,4,,0,15,,88267,33,4,,0,15,,88268,33,4,,0,15,,88288,33,4,,0,55,,88265,33,4,,0,16,,88264,33,4,,0,15,,88253,33,4,,0,56,,88287,33,4,,0,16,,88250,33,4,,0,15,,88248,33,4,,0,15,,88249,33,4,,0,55,,88286,33,4,,0,15,,88274,33,4,,0,15,,88228,33,4,,0,15,,88238,33,4,,0,56,,88285,33,4,,0,15,,88242,33,4,,0,15,,88237,33,4,,0,15,,88244,33,4,,0,55,,88284,33,4,,0,15,,88252,33,4,,0,14,,88269,33,4,,0,15,,88272,33,4,,0,55,,88283,33,4,,0,15,,88273,33,4,,0,15,,88275,33,4,,0,15,,88276,33,4,,0,55,,88282,33,4,,0,15,,88277,33,4,,0,15,,88251,33,4,,0,14,,88271,33,4,,0,54,,88281,33,4,,0,15,,88254,33,4,,0,15,,88263,33,4,,0,15,,88231,33,4,,0,75,,88232,33,4,,0,20,,88243,33,4,,0,18,,88279,33,4,,0,62,,88246,33,4,,0,20,,88239,33,4,,0,60,,88278,33,4,,0,21,,88241,33,4,,0,20,,88235,33,4,,0,72,,88236,33,4,,0,33,,88230,33,4,,0,68,,88260,33,4,,0,95,,88261,33,4,,0,97,,88262,33,4,,0,101,,88229,33,4,,0
672201,'3',601,,88315,33,4,,0,30,,88316,33,4,,0,70,,88320,33,4,,0,30,,88314,33,4,,0,70,,88319,33,4,,0,30,,88317,33,4,,0,22,,88292,33,4,,0,59,,88328,33,4,,0,21,,88318,33,4,,0,20,,88293,33,4,,0,60,,88327,33,4,,0,20,,88335,33,4,,0,23,,88294,33,4,,0,60,,88333,33,4,,0,20,,88341,33,4,,0,23,,88295,33,4,,0,61,,88331,33,4,,0,23,,88330,33,4,,0,61,,88296,33,4,,0,20,,88329,33,4,,0,20,,88343,33,4,,0,60,,88297,33,4,,0,20,,88313,33,4,,0,20,,88306,33,4,,0,59,,88298,33,4,,0,20,,88307,33,4,,0,20,,88324,33,4,,0,60,,88299,33,4,,0,20,,88308,33,4,,0,20,,88326,33,4,,0,60,,88300,33,4,,0,18,,88323,33,4,,0,20,,88310,33,4,,0,60,,88301,33,4,,0,20,,88325,33,4,,0,20,,88334,33,4,,0,61,,88302,33,4,,0,20,,88305,33,4,,0,18,,88342,33,4,,0,60,,88303,33,4,,0,20,,88322,33,4,,0,21,,88311,33,4,,0,80,,88309,33,4,,0,30,,88312,33,4,,0,70,,88339,33,4,,0,27,,88336,33,4,,0,71,,88340,33,4,,0,97,,88321,33,4,,0,100,,88338,33,4,,0,99,,88337,33,4,,0
672301,'1',551,,88471,39,4,,0,70,,88472,39,4,,0,17,,88473,39,4,,0,15,,88474,39,4,,0,55,,88475,39,4,,0,16,,88476,39,4,,0,15,,88477,39,4,,0,13,,88478,39,4,,0,56,,88479,39,4,,0,17,,88480,39,4,,0,19,,88481,39,4,,0,15,,88482,39,4,,0,55,,88483,39,4,,0,14,,88484,39,4,,0,15,,88485,39,4,,0,15,,88486,39,4,,0,59,,88487,39,4,,0,22,,88488,39,4,,0,66,,88489,39,4,,0,32,,88490,39,4,,0,70,,88491,39,4,,0,30,,88492,39,4,,0,71,,88493,39,4,,0,27,,88494,39,4,,0,69,,88495,39,4,,0,30,,88496,39,4,,0,20,,88497,39,4,,0,62,,88498,39,4,,0,19,,88499,39,4,,0,20,,88500,39,4,,0,57,,88501,39,4,,0,13,,88502,39,4,,0,15,,88503,39,4,,0,15,,88504,39,4,,0,55,,88505,39,4,,0,15,,88506,39,4,,0,15,,88507,39,4,,0,15,,88508,39,4,,0,54,,88509,39,4,,0,15,,88510,39,4,,0,13,,88511,39,4,,0,70,,88513,39,4,,0,15,,88514,39,4,,0,13,,88515,39,4,,0,15,,88516,39,4,,0,58,,88525,39,4,,0,30,,88517,39,4,,0,70,,88524,39,4,,0,29,,88518,39,4,,0,70,,88523,39,4,,0,31,,88519,39,4,,0,107,,88520,39,4,,0,105,,88521,39,4,,0,157,,88522,39,4,,0
672301,'2',627,,88544,39,4,,0,211,,88532,39,4,,0,1003,,88556,39,4,,0,70,,88552,39,4,,0,30,,88526,39,4,,0,359,,88541,39,4,,0,56,,88557,39,4,,0
672301,'3',713,,88584,39,4,,0,100,,88585,39,4,,0,28,,88586,39,4,,0,68,,88583,39,4,,0,32,,88582,39,4,,0,72,,88591,39,4,,0,31,,88581,39,4,,0,801,,88572,39,4,,0,71,,88573,39,4,,0,32,,88574,39,4,,0,70,,88576,39,4,,0,30,,88577,39,4,,0,68,,88570,39,4,,0,30,,88569,39,4,,0,70,,88589,39,4,,0,28,,88561,39,4,,0,70,,88560,39,4,,0,30,,88590,39,4,,0,93,,88592,39,4,,0
672701,'1',717,,89487,64,4,,0,838,,89488,65,4,,0,296,,89504,64,4,,0,49,,89505,64,4,,0,48,,89507,60,4,,0,169,,89511,60,4,,0,133,,89514,60,4,,0
672701,'2',738,,89563,60,4,,0,172,,89566,60,4,,0,31,,89543,60,4,,0,70,,89545,60,4,,0,32,,89534,60,4,,0,70,,89554,60,4,,0,34,,89565,60,4,,0,70,,89556,60,4,,0,27,,89557,60,4,,0,70,,89558,60,4,,0,30,,89559,60,4,,0,70,,89567,60,4,,0,30,,89562,60,4,,0,70,,89536,60,4,,0,34,,89537,60,4,,0,67,,89550,60,4,,0,33,,89548,60,4,,0,68,,89549,60,4,,0,32,,89551,60,4,,0,68,,89552,60,4,,0,200,,89533,60,4,,0,35,,89540,60,4,,0,69,,89535,60,4,,0,30,,89547,60,4,,0,66,,89541,60,4,,0,218,,89560,60,4,,0
672701,'3',1111,,89588,60,4,,0,28,,89585,60,4,,0,72,,89571,60,4,,0,27,,89581,60,4,,0,69,,89580,60,4,,0,33,,89583,60,4,,0,69,,89582,60,4,,0,29,,89568,60,4,,0,71,,89584,60,4,,0,30,,89586,60,4,,0,70,,89575,60,4,,0,31,,89574,60,4,,0,71,,89587,60,4,,0,31,,89590,60,4,,0,73,,89578,60,4,,0
3454201,'1',530,,109461,33,4,,0,1984,,109543,33,4,,0
