664600,'101_merged_15291802',816,,72456,48,,,0
664600,'1_merged_15291795',608,,72477,22,,,0,5,,72463,48,,,0,34,,72462,48,,,0,70,,72492,48,,,0,20,,72491,48,,,0,65,,72487,48,,,0,21,,72490,48,,,0,21,,72474,48,,,0,61,,72459,48,,,0,23,,72458,48,,,0,18,,72476,48,,,0,60,,72499,48,,,0,30,,72498,48,,,0,70,,72497,48,,,0,30,,72466,48,,,0,70,,72470,48,,,0,31,,72469,48,,,0,70,,72468,48,,,0,30,,72479,48,,,0,71,,72493,48,,,0,31,,72502,48,,,0,76,,72484,48,,,0,30,,72483,48,,,0,72,,72480,48,,,0,20,,72488,48,,,0,20,,72460,48,,,0,60,,72500,48,,,0,20,,72485,48,,,0,16,,72478,48,,,0,60,,72482,48,,,0,18,,72461,48,,,0,17,,72471,48,,,0,60,,72475,48,,,0,24,,72486,48,,,0,70,,72496,48,,,0,27,,72457,48,,,0,30,,72465,48,,,0,70,,72464,48,,,0,26,,72494,48,,,0,70,,72467,48,,,0,23,,72495,48,,,0,70,,72473,48,,,0,34,,72481,48,,,0,71,,72472,48,,,0,78,,72489,48,,,0,48,,72501,48,,,0
664600,'2_merged_15291797',639,,72537,48,,,0,70,,72507,48,,,0,31,,72516,48,,,0,71,,72534,48,,,0,30,,72535,48,,,0,81,,72523,48,,,0,36,,72503,48,,,0,75,,72527,48,,,0,70,,72515,48,,,0,31,,72538,48,,,0,72,,72517,48,,,0,29,,72518,48,,,0,70,,72510,48,,,0,30,,72519,48,,,0,72,,72520,48,,,0,28,,72521,48,,,0,71,,72504,48,,,0,30,,72532,48,,,0,69,,72524,48,,,0,29,,72525,48,,,0,71,,72526,48,,,0,26,,72505,48,,,0,70,,72508,48,,,0,32,,72509,48,,,0,68,,72536,48,,,0,30,,72528,48,,,0,70,,72529,48,,,0,31,,72506,48,,,0,71,,72530,48,,,0,32,,72511,48,,,0,68,,72512,48,,,0,23,,72514,48,,,0,27,,72513,48,,,0,70,,72531,48,,,0,86,,72533,48,,,0,100,,72522,48,,,0
664600,'3_merged_15291796',811,,72557,48,,,0,32,,72552,48,,,0,70,,72569,48,,,0,33,,72540,48,,,0,72,,72541,48,,,0,30,,72556,48,,,0,70,,72543,48,,,0,30,,72544,48,,,0,72,,72545,48,,,0,30,,72547,48,,,0,72,,72546,48,,,0,30,,72560,48,,,0,70,,72564,48,,,0,30,,72548,48,,,0,70,,72549,48,,,0,30,,72550,48,,,0,70,,72553,48,,,0,30,,72561,48,,,0,70,,72571,48,,,0,30,,72562,48,,,0,69,,72542,48,,,0,28,,72554,48,,,0,70,,72555,48,,,0,30,,72559,48,,,0,69,,72558,48,,,0,27,,72539,48,,,0,70,,72563,48,,,0,30,,72565,48,,,0,70,,72566,48,,,0,28,,72567,48,,,0,70,,72570,48,,,0,99,,72568,48,,,0,105,,72551,48,,,0
666001,'101_merged_15291802',913,,76096,42,0,55 56 57,0,639,,76097,42,0,55 56 57,0
666001,'1_merged_15291795',547,,76130,39,,,0,57,,76129,36,,,0,18,,76128,39,,,0,17,,76127,36,,,0,16,,76126,39,,,0,56,,76125,36,,,0,19,,76124,39,,,0,11,,76123,36,,,0,18,,76122,39,,,0,60,,76133,36,,,0,15,,76132,39,,,0,17,,76121,36,,,0,74,,76120,36,,,0,29,,76119,39,,,0,70,,76118,39,,,0,29,,76117,39,,,0,70,,76116,39,,,0,30,,76115,39,,,0,76,,76114,39,,,0,30,,76113,39,,,0,70,,76112,39,,,0,29,,76111,39,,,0,72,,76110,39,,,0,25,,76109,39,,,0,54,,76144,39,,,0,19,,76138,36,,,0,31,,76135,36,,,0,57,,76108,39,,,0,18,,76134,36,,,0,12,,76107,39,,,0,60,,76106,36,,,0,9,,76105,39,,,0,13,,76104,36,,,0,15,,76103,39,,,0,13,,76102,36,,,0,55,,76101,39,,,0,15,,76100,36,,,0,15,,76099,39,,,0,60,,76143,39,,,0,24,,76137,39,,,0,14,,76142,39,,,0,70,,76141,39,,,0,29,,76098,39,,,0,69,,76131,39,,,0,100,,76140,39,,,0,97,,76139,39,,,0,108,,76136,39,,,0
666001,'2_merged_15291797',652,,76145,39,,,0,98,,76146,39,,,0,72,,76147,39,,,0,31,,76148,39,,,0,70,,76149,39,,,0,31,,76150,39,,,0,70,,76151,39,,,0,32,,76152,39,,,0,70,,76153,39,,,0,20,,76154,39,,,0,60,,76176,39,,,0,20,,76155,39,,,0,20,,76156,39,,,0,60,,76177,39,,,0,20,,76157,39,,,0,21,,76158,39,,,0,60,,76178,39,,,0,20,,76159,39,,,0,20,,76160,39,,,0,60,,76179,39,,,0,20,,76161,39,,,0,20,,76162,39,,,0,60,,76180,39,,,0,20,,76163,39,,,0,20,,76164,39,,,0,59,,76181,39,,,0,20,,76165,39,,,0,20,,76166,39,,,0,59,,76182,39,,,0,20,,76167,39,,,0,30,,76168,39,,,0,70,,76169,39,,,0,30,,76170,39,,,0,68,,76171,39,,,0,31,,76183,39,,,0,68,,76172,39,,,0,100,,76173,39,,,0,97,,76174,39,,,0,99,,76175,39,,,0
666001,'3_merged_15291796',725,,76191,39,,,0,101,,76192,39,,,0,30,,76193,39,,,0,72,,76194,39,,,0,30,,76190,39,,,0,71,,76195,39,,,0,30,,76197,39,,,0,72,,76198,39,,,0,70,,76199,39,,,0,30,,76200,39,,,0,70,,76201,39,,,0,30,,76202,39,,,0,70,,76203,39,,,0,30,,76204,39,,,0,70,,76205,39,,,0,30,,76206,39,,,0,70,,76207,39,,,0,30,,76208,39,,,0,70,,76209,39,,,0,29,,76210,39,,,0,70,,76211,39,,,0,29,,76212,39,,,0,30,,76184,39,,,0,70,,76196,39,,,0,28,,76185,39,,,0,70,,76186,39,,,0,32,,76214,39,,,0,68,,76187,39,,,0,98,,76189,39,,,0,97,,76213,39,,,0,99,,76188,39,,,0
666401,'1_merged_15291795',619,,77071,49,,,0,33,,77072,49,,,0,68,,77054,49,,,0,34,,77087,49,,,0,75,,77055,49,,,0,28,,77056,49,,,0,74,,77057,49,,,0,26,,77058,49,,,0,68,,77060,49,,,0,30,,77061,49,,,0,70,,77062,49,,,0,31,,77063,49,,,0,70,,77065,49,,,0,31,,77064,49,,,0,70,,77059,49,,,0,30,,77066,49,,,0,70,,77067,49,,,0,31,,77073,49,,,0,70,,77074,49,,,0,30,,77077,49,,,0,70,,77075,49,,,0,30,,77076,49,,,0,70,,77068,49,,,0,29,,77078,49,,,0,70,,77079,49,,,0,32,,77080,49,,,0,73,,77081,49,,,0,69,,77082,49,,,0,33,,77083,49,,,0,24,,77084,49,,,0,86,,77090,49,,,0,80,,77069,49,,,0,79,,77089,49,,,0,39,,77070,49,,,0,80,,77085,49,,,0,80,,77088,49,,,0,40,,77086,49,,,0
666401,'2_merged_15291797',554,,77091,49,,,0,70,,77092,49,,,0,30,,77093,49,,,0,72,,77094,49,,,0,33,,77095,49,,,0,72,,77096,49,,,0,71,,77097,49,,,0,30,,77098,49,,,0,72,,77099,49,,,0,30,,77100,49,,,0,70,,77101,49,,,0,29,,77102,49,,,0,69,,77103,49,,,0,30,,77104,49,,,0,72,,77105,49,,,0,30,,77106,49,,,0,70,,77107,49,,,0,30,,77108,49,,,0,70,,77109,49,,,0,31,,77110,49,,,0,72,,77111,49,,,0,29,,77112,49,,,0,68,,77113,49,,,0,30,,77114,49,,,0,70,,77115,49,,,0,29,,77116,49,,,0,71,,77117,49,,,0,29,,77118,49,,,0,68,,77119,49,,,0,29,,77120,49,,,0,70,,77121,49,,,0,101,,77122,49,,,0,56,,77123,49,,,0,100,,77124,49,,,0,185,,77125,49,,,0
666401,'3_merged_15291796',701,,77133,49,,,0,100,,77134,49,,,0,103,,77135,49,,,0,47,,77136,49,,,0,101,,77137,49,,,0,100,,77138,49,,,0,68,,77151,49,,,0,32,,77139,49,,,0,70,,77145,49,,,0,32,,77140,49,,,0,70,,77146,49,,,0,31,,77141,49,,,0,65,,77147,49,,,0,35,,77142,49,,,0,67,,77148,49,,,0,33,,77132,49,,,0,67,,77149,49,,,0,33,,77143,49,,,0,67,,77150,49,,,0,31,,77144,49,,,0,98,,77129,49,,,0,100,,77126,49,,,0,98,,77131,49,,,0,101,,77127,49,,,0,175,,77128,49,,,0,115,,77130,49,,,0
684101,'1_merged_15291795',356,,97102,32,,,0,69,,97101,32,,,0,12,,97100,32,,,0,2005,,97104,32,,,0,70,,97098,32,,,0,35,,97097,32,,,0,70,,97096,32,,,0,30,,97099,32,,,0,75,,97103,32,,,0
684101,'2_merged_15291797',352,,97105,32,,,0,70,,97110,32,,,0,32,,97111,32,,,0,68,,97112,32,,,0,27,,97109,32,,,0,1891,,97114,32,,,0,75,,97106,32,,,0,37,,97113,32,,,0,61,,97107,32,,,0,29,,97108,32,,,0,78,,97115,32,,,0
684101,'3_merged_15291796',354,,97124,32,,,0,70,,97126,32,,,0,28,,97123,32,,,0,70,,97122,32,,,0,15,,97129,32,,,0,15,,97119,32,,,0,55,,97130,32,,,0,16,,97121,32,,,0,1789,,97127,32,,,0,33,,97128,32,,,0,70,,97116,32,,,0,27,,97117,32,,,0,70,,97118,32,,,0,38,,97120,32,,,0,70,,97125,32,,,0
3004301,'101_merged_15291802',1544,,103807,26,,,0
3004301,'1_merged_15291795',504,,103850,31,,,0,19,,103849,31,,,0,21,,103848,31,,,0,61,,103847,31,,,0,18,,103862,31,,,0,17,,103861,31,,,0,14,,103860,31,,,0,54,,103859,31,,,0,19,,103858,31,,,0,19,,103857,31,,,0,13,,103856,31,,,0,56,,103855,31,,,0,17,,103854,31,,,0,17,,103853,31,,,0,55,,103852,31,,,0,17,,103851,31,,,0,15,,103828,31,,,0,14,,103827,31,,,0,53,,103872,31,,,0,19,,103826,31,,,0,12,,103871,31,,,0,15,,103825,31,,,0,55,,103870,31,,,0,15,,103824,31,,,0,17,,103869,31,,,0,15,,103823,31,,,0,55,,103868,31,,,0,15,,103822,31,,,0,15,,103867,31,,,0,15,,103809,31,,,0,55,,103866,31,,,0,15,,103821,31,,,0,15,,103865,31,,,0,15,,103820,31,,,0,55,,103864,31,,,0,15,,103846,31,,,0,15,,103863,31,,,0,65,,103845,31,,,0,27,,103844,31,,,0,18,,103843,31,,,0,56,,103842,31,,,0,13,,103841,31,,,0,16,,103840,31,,,0,16,,103839,31,,,0,55,,103838,31,,,0,14,,103837,31,,,0,15,,103836,31,,,0,19,,103835,31,,,0,50,,103834,31,,,0,15,,103833,31,,,0,13,,103832,31,,,0,15,,103831,31,,,0,57,,103830,31,,,0,13,,103829,31,,,0,12,,103819,31,,,0,19,,103818,31,,,0,60,,103873,31,,,0,19,,103817,31,,,0,20,,103816,31,,,0,60,,103874,31,,,0,19,,103815,31,,,0,30,,103814,31,,,0,69,,103808,31,,,0,30,,103813,31,,,0,70,,103812,31,,,0,30,,103811,31,,,0,70,,103810,31,,,0
3004301,'2_merged_15291797',625,,103876,31,,,0,30,,103907,31,,,0,72,,103906,31,,,0,30,,103905,31,,,0,71,,103904,31,,,0,30,,103903,31,,,0,70,,103902,31,,,0,72,,103901,31,,,0,32,,103900,31,,,0,18,,103899,31,,,0,61,,103909,31,,,0,21,,103898,31,,,0,19,,103897,31,,,0,59,,103910,31,,,0,20,,103896,31,,,0,20,,103895,31,,,0,61,,103911,31,,,0,20,,103894,31,,,0,20,,103893,31,,,0,60,,103912,31,,,0,20,,103892,31,,,0,20,,103891,31,,,0,60,,103913,31,,,0,19,,103890,31,,,0,20,,103889,31,,,0,60,,103914,31,,,0,20,,103888,31,,,0,20,,103887,31,,,0,60,,103915,31,,,0,15,,103875,31,,,0,25,,103886,31,,,0,58,,103916,31,,,0,14,,103885,31,,,0,36,,103884,31,,,0,65,,103883,31,,,0,35,,103882,31,,,0,70,,103881,31,,,0,30,,103880,31,,,0,70,,103879,31,,,0,30,,103908,31,,,0,69,,103878,31,,,0,24,,103917,31,,,0,76,,103877,31,,,0
3004301,'3_merged_15291796',726,,103944,31,,,0,31,,103943,31,,,0,71,,103942,31,,,0,30,,103941,31,,,0,69,,103940,31,,,0,31,,103939,31,,,0,72,,103938,31,,,0,20,,103945,31,,,0,60,,103937,31,,,0,22,,103936,31,,,0,19,,103946,31,,,0,55,,103935,31,,,0,22,,103934,31,,,0,20,,103947,31,,,0,61,,103933,31,,,0,20,,103932,31,,,0,20,,103948,31,,,0,60,,103931,31,,,0,18,,103930,31,,,0,20,,103949,31,,,0,59,,103929,31,,,0,20,,103928,31,,,0,21,,103950,31,,,0,60,,103926,31,,,0,20,,103925,31,,,0,20,,103951,31,,,0,59,,103924,31,,,0,20,,103923,31,,,0,24,,103952,31,,,0,60,,103922,31,,,0,30,,103921,31,,,0,70,,103955,31,,,0,30,,103956,31,,,0,70,,103927,31,,,0,28,,103920,31,,,0,20,,103919,31,,,0,78,,103918,31,,,0,70,,103953,31,,,0,30,,103958,31,,,0,70,,103954,31,,,0,28,,103957,31,,,0
