661401,'1',610,,1288,0,16 17,0,19,,1302,0,16 17,0,21,,1303,,,0,61,,1347,,,0,20,,1336,,,0,15,,1334,,,0,56,,1335,,,0,15,,1343,,,0,15,,1339,,,0,15,,1306,,,0,56,,1301,,,0,15,,1311,,,0,16,,1307,,,0,15,,1308,,,0,55,,1309,,,0,15,,1310,,,0,15,,1317,,,0,14,,1318,,,0,54,,1319,,,0,15,,1320,,,0,15,,1304,,,0,17,,1287,,,0,55,,1313,,,0,15,,1338,,,0,15,,1291,,,0,15,,1331,,,0,55,,1332,,,0,15,,1289,,,0,15,,1340,,,0,14,,1326,,,0,55,,1333,,,0,15,,1342,,,0,15,,1322,,,0,15,,1305,,,0,55,,1344,,,0,16,,1345,,,0,15,,1298,,,0,16,,1299,,,0,55,,1292,,,0,12,,1329,,,0,11,,1330,,,0,12,,1323,,,0,11,,1321,,,0,53,,1324,,,0,12,,1337,,,0,12,,1314,,,0,12,,1315,,,0,12,,1341,,,0,52,,1295,,,0,11,,1325,,,0,12,,1300,,,0,11,,1296,,,0,12,,1293,,,0,52,,1297,,,0,12,,1294,,,0,17,,1290,,,0,17,,1316,,,0,60,,1328,,,0,20,,1327,,,0,19,,1312,,,0,60,,1346,,,0
661401,'152201',2130,,1357,,,0,21,,1356,,,0,58,,1348,,,0,19,,1349,,,0,19,,1351,,,0,60,,1350,,,0,20,,1352,,,0,20,,1353,,,0,59,,1354,,,0,23,,1355,,,0
661401,'152301',2130,,1367,,,0,21,,1358,,,0,58,,1359,,,0,19,,1360,,,0,19,,1361,,,0,60,,1362,,,0,20,,1363,,,0,20,,1364,,,0,59,,1365,,,0,23,,1366,,,0
661401,'2',619,,1429,0,16,0,35,,1407,0,16 17,0,60,,1428,0,16 17,0,20,,1391,0,16 17,0,21,,1374,0,16 17,0,60,,1368,0,16 17,0,20,,1373,,,0,19,,1371,,,0,59,,1419,,,0,15,,1393,,,0,16,,1399,,,0,15,,1416,,,0,56,,1418,,,0,15,,1380,,,0,15,,1376,,,0,55,,1408,,,0,16,,1421,,,0,15,,1417,,,0,15,,1379,,,0,54,,1386,,,0,14,,1387,,,0,14,,1388,,,0,12,,1389,,,0,12,,1369,,,0,52,,1400,,,0,12,,1406,,,0,13,,1431,,,0,13,,1397,,,0,12,,1398,,,0,53,,1433,,,0,13,,1415,,,0,13,,1432,,,0,11,,1370,,,0,11,,1375,,,0,51,,1434,,,0,11,,1402,,,0,12,,1404,,,0,12,,1390,,,0,12,,1411,,,0,52,,1435,,,0,12,,1378,,,0,12,,1427,,,0,12,,1410,,,0,12,,1394,,,0,51,,1436,,,0,11,,1395,,,0,12,,1372,,,0,12,,1377,,,0,12,,1382,,,0,55,,1422,,,0,16,,1423,,,0,15,,1437,,,0,14,,1424,,,0,55,,1425,,,0,18,,1426,,,0,20,,1413,,,0,61,,1420,,,0,21,,1381,,,0,21,,1392,,,0,60,,1414,,,0,20,,1430,,,0,20,,1385,,,0,60,,1383,,,0,21,,1384,,,0,20,,1412,,,0,58,,1409,,,0,20,,1396,,,0,20,,1405,,,0,60,,1401,,,0,22,,1403,,,0
661401,'3',702,,1458,0,16 17,0,40,,1488,0,16 17,0,70,,1489,0,16 17,0,27,,1490,0,16 17,0,67,,1446,,,0,25,,1475,,,0,23,,1443,,,0,60,,1478,,,0,20,,1474,,,0,18,,1452,,,0,58,,1466,,,0,17,,1495,,,0,17,,1476,,,0,57,,1451,,,0,17,,1486,,,0,15,,1487,,,0,16,,1491,,,0,54,,1457,,,0,14,,1440,,,0,14,,1444,,,0,14,,1467,,,0,14,,1481,,,0,55,,1482,,,0,15,,1479,,,0,13,,1441,,,0,12,,1442,,,0,52,,1497,,,0,12,,1439,,,0,12,,1456,,,0,12,,1483,,,0,12,,1465,,,0,52,,1498,,,0,12,,1494,,,0,13,,1496,,,0,14,,1463,,,0,14,,1480,,,0,54,,1470,,,0,15,,1492,,,0,15,,1493,,,0,15,,1454,,,0,55,,1471,,,0,15,,1472,,,0,14,,1473,,,0,15,,1453,,,0,54,,1438,,,0,17,,1450,,,0,18,,1459,,,0,60,,1468,,,0,17,,1469,,,0,20,,1464,,,0,59,,1477,,,0,19,,1455,,,0,20,,1449,,,0,60,,1484,,,0,21,,1485,,,0,22,,1460,,,0,60,,1445,,,0,19,,1461,,,0,19,,1462,,,0,61,,1447,,,0,24,,1448,,,0
661701,'1',556,,3085,,,0,81,,3024,,,0,21,,3025,,,0,63,,3026,,,0,15,,3027,,,0,12,,3028,,,0,52,,3029,,,0,14,,3030,,,0,13,,3031,,,0,14,,3032,,,0,13,,3033,,,0,53,,3034,,,0,13,,3035,,,0,13,,3036,,,0,12,,3037,,,0,13,,3038,,,0,53,,3039,,,0,14,,3040,,,0,15,,3041,,,0,15,,3042,,,0,56,,3043,,,0,15,,3044,,,0,14,,3045,,,0,15,,3046,,,0,55,,3047,,,0,15,,3048,,,0,15,,3049,,,0,15,,3050,,,0,54,,3051,,,0,15,,3052,,,0,15,,3053,,,0,16,,3054,,,0,56,,3055,,,0,15,,3056,,,0,16,,3057,,,0,15,,3058,,,0,55,,3059,,,0,15,,3060,,,0,15,,3061,,,0,13,,3062,,,0,53,,3063,,,0,13,,3064,,,0,13,,3065,,,0,14,,3066,,,0,54,,3067,,,0,12,,3068,,,0,12,,3069,,,0,13,,3070,,,0,13,,3071,,,0,52,,3072,,,0,11,,3073,,,0,12,,3074,,,0,12,,3075,,,0,11,,3076,,,0,52,,3077,,,0,19,,3078,,,0,21,,3079,,,0,61,,3080,,,0,21,,3081,,,0,19,,3082,,,0,58,,3083,,,0
661701,'152201',2120,,3088,,,0,20,,3089,,,0,60,,3087,,,0,18,,3090,,,0,19,,3091,,,0,20,,3092,,,0,59,,3093,,,0,20,,3094,,,0,20,,3095,,,0,59,,3096,,,0,20,,3097,,,0,15,,3098,,,0,70,,3099,,,0
661701,'152301',2120,,3100,,,0,20,,3101,,,0,60,,3102,,,0,18,,3103,,,0,19,,3104,,,0,20,,3105,,,0,59,,3106,,,0,20,,3107,,,0,20,,3108,,,0,59,,3109,,,0,20,,3110,,,0,15,,3111,,,0,70,,3112,,,0
661701,'2',623,,3113,,,0,20,,3114,,,0,61,,3115,,,0,21,,3116,,,0,20,,3117,,,0,60,,3118,,,0,15,,3119,,,0,17,,3120,,,0,15,,3121,,,0,55,,3122,,,0,15,,3123,,,0,14,,3124,,,0,16,,3125,,,0,55,,3126,,,0,16,,3127,,,0,16,,3128,,,0,15,,3129,,,0,54,,3130,,,0,16,,3131,,,0,15,,3132,,,0,15,,3133,,,0,55,,3134,,,0,17,,3135,,,0,15,,3136,,,0,14,,3137,,,0,55,,3138,,,0,15,,3139,,,0,15,,3140,,,0,15,,3141,,,0,56,,3142,,,0,15,,3143,,,0,16,,3144,,,0,14,,3145,,,0,52,,3146,,,0,14,,3147,,,0,12,,3148,,,0,12,,3149,,,0,12,,3150,,,0,52,,3151,,,0,12,,3152,,,0,13,,3153,,,0,12,,3154,,,0,53,,3155,,,0,13,,3156,,,0,12,,3157,,,0,12,,3158,,,0,12,,3159,,,0,52,,3160,,,0,11,,3161,,,0,12,,3162,,,0,12,,3163,,,0,14,,3164,,,0,55,,3165,,,0,15,,3166,,,0,18,,3167,,,0,20,,3168,,,0,59,,3169,,,0,20,,3170,,,0,20,,3171,,,0,60,,3172,,,0,20,,3173,,,0,20,,3174,,,0,60,,3175,,,0,20,,3176,,,0,20,,3177,,,0,59,,3178,,,0,20,,3179,,,0,20,,3180,,,0,59,,3181,,,0,20,,3182,,,0,20,,3183,,,0,67,,3184,,,0
661701,'3',652,,3187,,,0,74,,3188,,,0,31,,3189,,,0,72,,3190,,,0,30,,3191,,,0,65,,3192,,,0,20,,3193,,,0,60,,3194,,,0,20,,3195,,,0,21,,3196,,,0,60,,3197,,,0,17,,3198,,,0,15,,3199,,,0,16,,3200,,,0,55,,3201,,,0,15,,3202,,,0,15,,3203,,,0,16,,3204,,,0,55,,3205,,,0,15,,3206,,,0,15,,3207,,,0,15,,3208,,,0,55,,3209,,,0,15,,3210,,,0,15,,3211,,,0,15,,3212,,,0,55,,3213,,,0,15,,3214,,,0,15,,3215,,,0,15,,3216,,,0,55,,3217,,,0,15,,3218,,,0,14,,3219,,,0,15,,3220,,,0,55,,3221,,,0,15,,3222,,,0,15,,3223,,,0,15,,3224,,,0,54,,3225,,,0,15,,3226,,,0,15,,3227,,,0,18,,3228,,,0,60,,3229,,,0,20,,3230,,,0,19,,3231,,,0,58,,3232,,,0,20,,3233,,,0,20,,3234,,,0,62,,3235,,,0,20,,3236,,,0,20,,3237,,,0,60,,3238,,,0,20,,3239,,,0,20,,3240,,,0,59,,3241,,,0,20,,3242,,,0,19,,3243,,,0,58,,3244,,,0,22,,3245,,,0,19,,3246,,,0,69,,3247,,,0
663501,'1',635,,10146,,,0,13,,10147,,,0,11,,10148,,,0,54,,10149,,,0,13,,10197,,,0,4,,10198,,,0,9,,10192,,,0,10,,10150,,,0,4,,10191,,,0,48,,10151,,,0,8,,10193,,,0,8,,10152,,,0,8,,10155,,,0,4,,10199,,,0,3,,10194,,,0,11,,10156,,,0,9,,10157,,,0,7,,10158,,,0,47,,10159,,,0,7,,10160,,,0,8,,10161,,,0,7,,10162,,,0,2,,10200,,,0,15,,10195,,,0,13,,10163,,,0,55,,10164,,,0,20,,10165,,,0,68,,10166,,,0,27,,10167,,,0,29,,10168,,,0,70,,10169,,,0,29,,10170,,,0,70,,10171,,,0,31,,10172,,,0,68,,10173,,,0,13,,10196,,,0,12,,10190,,,0,51,,10174,,,0,11,,10175,,,0,12,,10176,,,0,10,,10177,,,0,11,,10178,,,0,12,,10179,,,0,55,,10180,,,0,10,,10181,,,0,13,,10182,,,0,14,,10183,,,0,53,,10184,,,0,11,,10185,,,0,11,,10186,,,0,14,,10187,,,0,11,,10188,,,0,51,,10189,,,0,19,,10153,,,0,24,,10154,,,0
663801,'1',614,,11457,,,0,20,,11458,,,0,16,,11445,,,0,55,,11470,,,0,15,,11481,,,0,12,,11483,,,0,12,,11501,,,0,12,,11459,,,0,52,,11502,,,0,10,,11469,,,0,11,,11474,,,0,10,,11473,,,0,10,,11475,,,0,10,,11494,,,0,52,,11460,,,0,12,,11467,,,0,13,,11436,,,0,13,,11490,,,0,55,,11461,,,0,15,,11491,,,0,15,,11484,,,0,15,,11492,,,0,55,,11437,,,0,15,,11495,,,0,15,,11485,,,0,15,,11482,,,0,55,,11438,,,0,15,,11496,,,0,15,,11486,,,0,15,,11443,,,0,55,,11439,,,0,15,,11497,,,0,15,,11487,,,0,15,,11444,,,0,55,,11440,,,0,15,,11498,,,0,15,,11471,,,0,15,,11446,,,0,55,,11441,,,0,15,,11499,,,0,15,,11447,,,0,15,,11468,,,0,55,,11476,,,0,12,,11500,,,0,12,,11442,,,0,12,,11477,,,0,12,,11488,,,0,52,,11478,,,0,13,,11489,,,0,15,,11463,,,0,15,,11462,,,0,55,,11472,,,0,15,,11493,,,0,15,,11464,,,0,15,,11465,,,0,55,,11466,,,0,14,,11448,,,0,15,,11449,,,0,14,,11450,,,0,59,,11451,,,0,20,,11452,,,0,21,,11453,,,0,60,,11454,,,0,20,,11455,,,0,20,,11456,,,0,70,,11479,,,0,34,,11480,,,0
663801,'2',730,,11504,,,0,70,,11525,,,0,30,,11519,,,0,70,,11518,,,0,31,,11517,,,0,70,,11516,,,0,21,,11531,,,0,23,,11524,,,0,60,,11505,,,0,20,,11523,,,0,20,,11522,,,0,60,,11521,,,0,16,,11515,,,0,16,,11514,,,0,15,,11530,,,0,55,,11513,,,0,15,,11532,,,0,12,,11512,,,0,13,,11529,,,0,55,,11511,,,0,15,,11510,,,0,15,,11509,,,0,15,,11528,,,0,56,,11508,,,0,15,,11507,,,0,15,,11506,,,0,15,,11527,,,0,55,,11545,,,0,16,,11544,,,0,16,,11543,,,0,15,,11526,,,0,55,,11542,,,0,16,,11541,,,0,15,,11540,,,0,16,,11520,,,0,56,,11539,,,0,28,,11533,,,0,67,,11538,,,0,28,,11537,,,0,72,,11536,,,0,28,,11535,,,0,70,,11534,,,0,30,,11503,,,0
663801,'3',830,,11547,,,0,70,,11562,,,0,30,,11561,,,0,71,,11569,,,0,30,,11568,,,0,70,,11567,,,0,31,,11560,,,0,70,,11559,,,0,30,,11558,,,0,69,,11557,,,0,28,,11556,,,0,30,,11555,,,0,70,,11554,,,0,71,,11553,,,0,31,,11552,,,0,70,,11551,,,0,31,,11550,,,0,70,,11549,,,0,30,,11548,,,0,70,,11566,,,0,29,,11565,,,0,70,,11564,,,0,29,,11563,,,0,70,,11546,,,0
