672700,'1',449,,30939,42,,,0,66,,30940,42,,,0,41,,30928,42,,,0,57,,30941,42,,,0,24,,30942,42,,,0,19,,30943,42,,,0,56,,30944,42,,,0,26,,30945,42,,,0,21,,30946,42,,,0,63,,30947,42,,,0,25,,30948,42,,,0,81,,30950,42,,,0,30,,30951,42,,,0,97,,30953,42,,,0,100,,30955,42,,,0,99,,30957,42,,,0,90,,30959,42,,,0,87,,30961,42,,,0,72,,30962,42,,,0,22,,30963,42,,,0,21,,30964,42,,,0,86,,30965,42,,,0,23,,30966,42,,,0,57,,30967,42,,,0,19,,30968,42,,,0,15,,30969,42,,,0,57,,30970,42,,,0,28,,30971,42,,,0,70,,30972,42,,,0,28,,30929,42,,,0,72,,30938,42,,,0,29,,30930,42,,,0,73,,30931,42,,,0,31,,30936,42,,,0,81,,30937,42,,,0,30,,30932,42,,,0,74,,30933,42,,,0,94,,30934,42,,,0,101,,30935,42,,,0
672700,'101',1610,,30973,42,,,0
672700,'2',742,,30977,42,,,0,105,,31008,42,,,0,101,,30985,42,,,0,101,,30997,42,,,0,99,,31004,42,,,0,104,,30981,42,,,0,99,,30980,42,,,0,103,,30988,42,,,0,103,,30989,42,,,0,95,,30999,42,,,0,98,,31001,42,,,0,95,,31003,42,,,0,113,,30996,42,,,0,70,,30990,42,,,0,20,,30991,42,,,0,69,,31007,42,,,0,29,,30986,42,,,0,70,,31002,42,,,0,25,,30983,42,,,0,77,,30978,42,,,0,106,,30993,42,,,0,91,,31005,42,,,0
672700,'201',1610,,31009,42,,,0
672700,'3',800,,31010,42,,,0,101,,31019,42,,,0,53,,31022,42,,,0,90,,31030,42,,,0,93,,31037,42,,,0,93,,31040,42,,,0,101,,31027,42,,,0,102,,31014,42,,,0,100,,31036,42,,,0,98,,31041,42,,,0,99,,31034,42,,,0,27,,31035,42,,,0,67,,31032,42,,,0,29,,31011,42,,,0,70,,31023,42,,,0,33,,31020,42,,,0,69,,31021,42,,,0,28,,31017,42,,,0,69,,31018,42,,,0,28,,31039,42,,,0,69,,31025,42,,,0,30,,31031,42,,,0,65,,31015,42,,,0,98,,31016,42,,,0,101,,31033,42,,,0
673000,'1',507,,31689,6,,,0,16,,31690,6,,,0,16,,31691,6,,,0,15,,31692,6,,,0,50,,31736,6,,,0,10,,31693,6,,,0,10,,31694,6,,,0,10,,31695,6,,,0,11,,31696,6,,,0,11,,31697,6,,,0,50,,31698,6,,,0,11,,31699,6,,,0,10,,31735,6,,,0,10,,31700,6,,,0,10,,31701,6,,,0,10,,31702,6,,,0,52,,31703,6,,,0,13,,31704,6,,,0,13,,31705,6,,,0,12,,31706,6,,,0,12,,31707,6,,,0,52,,31708,6,,,0,10,,31734,6,,,0,10,,31709,6,,,0,13,,31710,6,,,0,15,,31711,6,,,0,56,,31712,6,,,0,16,,31713,6,,,0,20,,31714,6,,,0,61,,31715,6,,,0,20,,31716,6,,,0,20,,31717,6,,,0,60,,31718,6,,,0,20,,31719,6,,,0,20,,31720,6,,,0,60,,31721,6,,,0,17,,31722,6,,,0,15,,31723,6,,,0,15,,31724,6,,,0,55,,31725,6,,,0,15,,31726,6,,,0,15,,31727,6,,,0,15,,31728,6,,,0,52,,31729,6,,,0,12,,31730,6,,,0,13,,31731,6,,,0,12,,31732,6,,,0,64,,31733,6,,,0,12,,31670,6,,,0,12,,31671,6,,,0,12,,31672,6,,,0,52,,31673,6,,,0,12,,31674,6,,,0,12,,31675,6,,,0,12,,31676,6,,,0,11,,31677,6,,,0,55,,31678,6,,,0,15,,31679,6,,,0,15,,31680,6,,,0,15,,31681,6,,,0,67,,31682,6,,,0,29,,31683,6,,,0,70,,31684,6,,,0,33,,31685,6,,,0,70,,31686,6,,,0,100,,31687,6,,,0,100,,31688,6,,,0
673000,'101',1600,,31737,6,,,0
673000,'2',700,,31765,6,,,0,20,,31753,6,,,0,20,,31755,6,,,0,60,,31775,6,,,0,20,,31752,6,,,0,22,,31764,6,,,0,60,,31776,6,,,0,22,,31751,6,,,0,20,,31763,6,,,0,60,,31777,6,,,0,21,,31750,6,,,0,20,,31767,6,,,0,60,,31762,6,,,0,20,,31749,6,,,0,17,,31782,6,,,0,16,,31768,6,,,0,55,,31738,6,,,0,15,,31769,6,,,0,14,,31783,6,,,0,14,,31748,6,,,0,55,,31761,6,,,0,15,,31747,6,,,0,17,,31784,6,,,0,15,,31770,6,,,0,55,,31760,6,,,0,15,,31746,6,,,0,15,,31771,6,,,0,15,,31778,6,,,0,55,,31759,6,,,0,15,,31745,6,,,0,15,,31772,6,,,0,15,,31758,6,,,0,54,,31779,6,,,0,15,,31744,6,,,0,15,,31774,6,,,0,15,,31757,6,,,0,55,,31780,6,,,0,15,,31773,6,,,0,15,,31785,6,,,0,15,,31743,6,,,0,55,,31756,6,,,0,20,,31742,6,,,0,20,,31781,6,,,0,60,,31754,6,,,0,20,,31741,6,,,0,70,,31766,6,,,0,30,,31740,6,,,0,70,,31739,6,,,0,99,,31786,6,,,0,100,,31787,6,,,0
673000,'201',1600,,31788,6,,,0
673000,'3',803,,31822,6,,,0,18,,31802,6,,,0,22,,31812,6,,,0,60,,31823,6,,,0,23,,31801,6,,,0,20,,31811,6,,,0,61,,31824,6,,,0,22,,31800,6,,,0,22,,31814,6,,,0,59,,31810,6,,,0,20,,31799,6,,,0,21,,31815,6,,,0,60,,31789,6,,,0,20,,31816,6,,,0,20,,31798,6,,,0,60,,31809,6,,,0,20,,31797,6,,,0,21,,31817,6,,,0,61,,31808,6,,,0,12,,31827,6,,,0,15,,31796,6,,,0,15,,31818,6,,,0,55,,31807,6,,,0,15,,31828,6,,,0,15,,31795,6,,,0,15,,31819,6,,,0,55,,31806,6,,,0,15,,31829,6,,,0,15,,31794,6,,,0,15,,31821,6,,,0,55,,31805,6,,,0,15,,31830,6,,,0,15,,31820,6,,,0,15,,31793,6,,,0,54,,31804,6,,,0,19,,31792,6,,,0,20,,31825,6,,,0,60,,31803,6,,,0,20,,31791,6,,,0,19,,31826,6,,,0,60,,31813,6,,,0,20,,31831,6,,,0,20,,31790,6,,,0,100,,31832,6,,,0,99,,31833,6,,,0
