667200,'1',548,,136642,1,,,0,11,,136643,1,,,0,56,2,136648,13,,,0,7,2,136653,13,,,0,16,2,136626,13,,,0,14,2,136647,13,,,0,61,2,136633,13,,,0,18,,136669,13,,,0,15,,136656,13,,,0,13,,136657,13,,,0,49,,136672,13,4,,0,14,,136668,13,,,0,12,,136646,13,,,0,13,,136627,13,,,0,59,,136634,13,,,0,19,,136649,13,,,0,22,2,136631,13,,,0,70,2,136636,13,,,0,30,2,136632,13,,,0,69,2,136664,13,,,0,30,2,136638,13,,,0,71,2,136660,13,,,0,29,2,136670,13,,,0,70,2,136667,13,,,0,30,2,136639,13,,,0,65,2,136661,13,,,0,30,,136645,13,,,0,73,,136644,13,,,0,27,,136628,13,,,0,65,,136663,13,,,0,10,,136641,13,,,0,11,,136658,13,,,0,15,,136671,13,,,0,61,,136654,13,,,0,19,,136630,13,,,0,23,,136637,13,,,0,9,,136640,13,,,0,58,,136652,13,,,0,4,,136655,13,,,0,19,,136650,13,,,0,8,,136662,13,4,,0,14,,136666,13,,,0,48,,136635,13,,,0,18,,136629,13,,,0,11,,136665,13,,,0,18,,136659,13,,,0,70,,136651,13,,,0
667200,'2',545,,136691,1,,,0,70,,136682,1,,,0,30,,136681,1,,,0,70,,136694,13,,,0,30,,136680,13,,,0,70,,136692,13,,,0,30,,136678,13,,,0,70,,136690,13,,,0,30,,136686,13,,,0,70,,136683,13,,,0,30,,136687,13,,,0,71,,136673,13,,,0,30,,136695,13,,,0,70,,136696,13,,,0,31,,136697,13,,,0,68,,136698,13,,,0,30,,136699,13,,,0,70,,136700,13,,,0,19,,136676,13,,,0,20,,136693,13,,,0,61,,136675,13,,,0,19,,136701,13,,,0,21,,136702,13,,,0,60,,136703,13,,,0,21,,136704,13,,,0,20,,136677,13,,,0,60,,136674,13,,,0,20,,136679,13,,,0,21,,136688,13,,,0,59,,136707,13,,,0,20,,136684,13,,,0,18,,136706,13,,,0,69,,136689,13,,,0,30,,136685,13,,,0,75,,136705,13,,,0
667200,'3',717,,136726,1,,,0,30,2,136720,13,,,0,70,2,136713,13,,,0,30,2,136711,13,,,0,70,2,136716,13,,,0,30,2,136715,13,,,0,70,2,136730,13,,,0,30,2,136719,13,,,0,70,2,136718,13,,,0,30,2,136727,13,,,0,70,2,136725,13,,,0,30,2,136724,13,,,0,71,2,136717,13,,,0,31,2,136722,13,,,0,70,2,136708,13,,,0,30,2,136714,13,,,0,71,2,136733,13,,,0,30,2,136732,13,,,0,70,2,136723,13,,,0,30,2,136721,13,,,0,70,2,136710,13,,,0,30,2,136729,13,,,0,70,2,136712,13,,,0,31,2,136728,13,,,0,70,2,136709,13,,,0,30,2,136731,13,,,0,70,2,136734,13,,,0
667900,'1',613,,138287,44,4,,0,27,,138300,44,4,,0,66,,138291,44,4,,0,33,,138302,44,4,,0,68,,138281,44,4,,0,36,,138304,44,4,,0,74,,138306,44,4,,0,35,,138303,44,4,,0,61,,138307,44,4,,0,31,,138305,44,4,,0,72,,138282,44,4,,0,31,,138314,44,4,,0,63,,138310,44,4,,0,33,,138286,44,4,,0,64,,138298,44,4,,0,29,,138313,44,4,,0,72,,138293,43,4,,0,34,,138295,43,4,,0,69,,138292,43,4,,0,30,,138294,43,4,,0,70,,138296,43,4,,0,24,,138308,43,4,,0,70,,138283,43,4,,0,31,,138290,43,4,,0,70,,138288,43,4,,0,35,,138297,44,4,,0,77,,138309,44,4,,0,25,,138311,44,4,,0,77,,138299,44,4,,0,24,,138312,44,4,,0,66,,138289,44,4,,0,33,,138280,44,4,,0,65,,138285,44,4,,0,29,,138301,44,4,,0,72,,138284,44,4,,0
667900,'101',1552,,138279,38,4,,0,3,,138278,38,4,,0
667900,'2',738,,138317,44,4,,0,70,,138316,44,4,,0,30,,138338,44,4,,0,71,,138343,44,4,,0,31,,138318,44,4,,0,66,,138335,44,4,,0,31,,138340,44,4,,0,76,,138344,44,4,,0,30,,138336,44,4,,0,72,,138326,44,4,,0,30,,138342,44,4,,0,71,,138339,44,4,,0,28,,138315,44,4,,0,67,,138324,43,4,,0,31,,138328,43,4,,0,69,,138334,43,4,,0,30,,138346,43,4,,0,70,,138341,43,4,,0,31,,138333,43,4,,0,69,,138322,43,4,,0,30,,138319,43,4,,0,70,,138345,43,4,,0,34,,138323,44,4,,0,68,,138332,44,4,,0,32,,138325,44,4,,0,68,,138330,44,4,,0,29,,138321,44,4,,0,71,,138329,44,4,,0,28,,138331,44,4,,0,70,,138320,44,4,,0,28,,138337,44,4,,0,70,,138327,44,4,,0
667900,'3',840,,138368,44,4,,0,69,,138350,44,4,,0,32,,138374,44,4,,0,70,,138349,44,4,,0,31,,138372,44,4,,0,70,,138367,44,4,,0,28,,138359,44,4,,0,71,,138361,44,4,,0,31,,138364,44,4,,0,70,,138356,44,4,,0,32,,138355,44,4,,0,74,,138363,43,4,,0,31,,138353,43,4,,0,71,,138354,43,4,,0,29,,138357,43,4,,0,69,,138369,43,4,,0,30,,138362,43,4,,0,67,,138351,43,4,,0,30,,138373,43,4,,0,71,,138358,43,4,,0,29,,138348,44,4,,0,69,,138360,44,4,,0,30,,138370,44,4,,0,70,,138347,44,4,,0,28,,138352,44,4,,0,69,,138366,44,4,,0,30,,138376,44,4,,0,70,,138371,44,4,,0,30,,138365,44,4,,0,66,,138375,44,4,,0
1671700,'1',2054,,158182,23,,,0,70,,158181,23,,,0,28,,158180,23,,,0,68,,158179,23,,,0,28,,158178,23,,,0,70,,158177,23,,,0,30,,158176,23,,,0,69,,158175,23,,,0,30,,158173,23,,,0,69,,158174,23,,,0
1671700,'2',2048,2,158191,23,,,0,72,2,158190,23,,,0,30,2,158189,23,,,0,71,2,158188,23,,,0,30,2,158187,23,,,0,69,2,158183,23,,,0,30,2,158186,23,,,0,69,2,158185,23,,,0,99,2,158184,23,,,0
1671700,'3',2051,4,158199,23,,,0,70,4,158198,23,,,0,28,4,158197,23,,,0,71,4,158196,23,,,0,31,4,158195,23,,,0,69,4,158194,23,,,0,30,4,158193,23,,,0,65,4,158192,23,,,0,30,4,158201,23,,,0,69,4,158200,23,,,0
