666600,'101_merged_15291780',822,,19111,35,,,0,5,,19109,35,,,0,831,,19110,35,,,0
666600,'1_merged_15291773',543,,19105,14,,,0,82,,19104,35,,,0,28,,19087,35,,,0,66,,19103,35,,,0,25,,19102,35,,,0,65,,19101,35,,,0,48,,19100,35,,,0,68,,19099,35,,,0,30,,19098,35,,,0,69,,19097,35,,,0,29,,19083,35,,,0,70,,19082,35,,,0,30,,19081,35,,,0,70,,19096,35,,,0,32,,19080,35,,,0,70,,19095,35,,,0,30,,19094,35,,,0,71,,19093,35,,,0,32,,19092,35,,,0,75,,19079,35,,,0,70,,19078,35,,,0,21,,19108,35,,,0,15,,19069,35,,,0,72,,19107,35,,,0,17,,19091,35,,,0,15,,19068,35,,,0,11,,19090,35,,,0,55,,19089,35,,,0,13,,19088,35,,,0,16,,19067,35,,,0,15,,19086,35,,,0,57,,19077,35,,,0,21,,19085,35,,,0,78,,19084,35,,,0,30,,19070,35,,,0,81,,19071,35,,,0,93,,19072,35,,,0,41,,19073,35,,,0,90,,19074,35,,,0,80,,19075,35,,,0,84,,19076,35,,,0,44,,19106,35,,,0
666600,'201',822,,19147,35,,,0,5,,19145,35,,,0,831,,19146,35,,,0
666600,'2_merged_15291775',717,,19112,35,,,0,32,,19113,35,,,0,70,,19114,35,,,0,30,,19115,35,,,0,72,,19116,35,,,0,30,,19117,35,,,0,70,,19118,35,,,0,31,,19119,35,,,0,70,,19120,35,,,0,30,,19121,35,,,0,70,,19122,35,,,0,31,,19123,35,,,0,70,,19124,35,,,0,30,,19125,35,,,0,70,,19126,35,,,0,30,,19127,35,,,0,70,,19128,35,,,0,30,,19129,35,,,0,71,,19130,35,,,0,31,,19131,35,,,0,68,,19132,35,,,0,31,,19133,35,,,0,68,,19134,35,,,0,28,,19135,35,,,0,70,,19136,35,,,0,30,,19137,35,,,0,100,,19138,35,,,0,100,,19139,35,,,0,98,,19140,35,,,0,100,,19141,35,,,0,100,,19142,35,,,0,100,,19143,35,,,0,74,,19144,35,,,0
666600,'3_merged_15291774',732,,19164,35,,,0,95,,19165,35,,,0,100,,19148,35,,,0,102,,19149,35,,,0,101,,19150,35,,,0,71,,19166,35,,,0,31,,19151,35,,,0,70,,19167,35,,,0,30,,19152,35,,,0,70,,19168,35,,,0,29,,19153,35,,,0,71,,19169,35,,,0,29,,19154,35,,,0,70,,19170,35,,,0,30,,19155,35,,,0,71,,19171,35,,,0,29,,19156,35,,,0,71,,19172,35,,,0,27,,19157,35,,,0,99,,19158,35,,,0,100,,19159,35,,,0,99,,19160,35,,,0,100,,19161,35,,,0,99,,19162,35,,,0,110,,19163,35,,,0
2263800,'101_merged_15291780',1628,,42529,27,,,0
2263800,'1_merged_15291773',522,,42509,27,,,0,30,,42510,27,,,0,71,,42511,27,,,0,12,,42512,27,,,0,14,,42513,27,,,0,60,,42514,27,,,0,13,,42515,27,,,0,20,,42516,27,,,0,10,,42517,27,,,0,58,,42518,27,,,0,24,,42519,27,,,0,19,,42520,27,,,0,64,,42485,27,,,0,22,,42486,27,,,0,70,,42487,27,,,0,30,,42488,27,,,0,70,,42489,27,,,0,32,,42490,27,,,0,70,,42491,27,,,0,30,,42492,27,,,0,72,,42493,27,,,0,31,,42494,27,,,0,74,,42495,27,,,0,30,,42496,27,,,0,67,,42497,27,,,0,33,,42498,27,,,0,55,,42499,27,,,0,15,,42500,27,,,0,29,,42501,27,,,0,11,,42502,27,,,0,53,,42476,27,,,0,15,,42507,27,,,0,15,,42508,27,,,0,15,,42477,27,,,0,62,,42506,27,,,0,22,,42528,27,,,0,17,,42479,27,,,0,64,,42527,27,,,0,24,,42521,27,,,0,62,,42478,27,,,0,34,,42503,27,,,0,66,,42504,27,,,0,31,,42505,27,,,0,72,,42480,27,,,0,25,,42525,27,,,0,70,,42526,27,,,0,27,,42481,27,,,0,72,,42524,27,,,0,29,,42482,27,,,0,70,,42523,27,,,0,30,,42483,27,,,0,70,,42522,27,,,0,30,,42484,27,,,0
2263800,'201',1628,,42571,27,,,0
2263800,'2_merged_15291775',619,,42530,27,,,0,20,,42531,27,,,0,70,,42532,27,,,0,31,,42533,27,,,0,71,,42534,27,,,0,31,,42535,27,,,0,70,,42536,27,,,0,31,,42537,27,,,0,71,,42538,27,,,0,31,,42539,27,,,0,71,,42540,27,,,0,31,,42541,27,,,0,70,,42542,27,,,0,31,,42543,27,,,0,70,,42544,27,,,0,30,,42545,27,,,0,70,,42546,27,,,0,30,,42547,27,,,0,70,,42548,27,,,0,30,,42549,27,,,0,70,,42550,27,,,0,30,,42551,27,,,0,70,,42552,27,,,0,30,,42553,27,,,0,70,,42554,27,,,0,25,,42555,27,,,0,67,,42556,27,,,0,30,,42557,27,,,0,69,,42558,27,,,0,30,,42559,27,,,0,70,,42560,27,,,0,29,,42561,27,,,0,70,,42562,27,,,0,28,,42563,27,,,0,70,,42564,27,,,0,28,,42565,27,,,0,70,,42566,27,,,0,48,,42567,27,,,0,67,,42568,27,,,0,83,,42569,27,,,0,30,,42570,27,,,0
2263800,'3_merged_15291774',649,,42584,27,,,0,70,,42575,27,,,0,30,,42585,27,,,0,73,,42586,27,,,0,30,,42587,27,,,0,71,,42588,27,,,0,31,,42589,27,,,0,70,,42591,27,,,0,30,,42592,27,,,0,70,,42590,27,,,0,30,,42593,27,,,0,71,,42594,27,,,0,32,,42595,27,,,0,69,,42596,27,,,0,30,,42597,27,,,0,70,,42598,27,,,0,30,,42599,27,,,0,70,,42600,27,,,0,31,,42601,27,,,0,69,,42602,27,,,0,30,,42603,27,,,0,70,,42604,27,,,0,30,,42605,27,,,0,70,,42606,27,,,0,30,,42607,27,,,0,68,,42608,27,,,0,30,,42609,27,,,0,70,,42572,27,,,0,27,,42573,27,,,0,72,,42574,27,,,0,31,,42576,27,,,0,77,,42577,27,,,0,71,,42578,27,,,0,27,,42579,27,,,0,25,,42580,27,,,0,69,,42581,27,,,0,30,,42582,27,,,0,68,,42583,27,,,0
