666701,'1',453,,136215,19,,,0,58,,136255,19,,,0,23,,136188,19,,,0,20,,136189,19,,,0,60,,136190,19,,,0,17,,136191,19,,,0,11,,136192,19,,,0,8,,136193,19,,,0,9,,136194,19,,,0,54,,136259,19,,,0,16,,136260,19,,,0,17,,136195,19,,,0,11,,136196,19,,,0,59,,136197,19,,,0,33,,136198,19,,,0,55,,136199,19,,,0,16,,136200,19,,,0,14,,136258,19,,,0,17,,136216,19,,,0,53,,136217,19,,,0,15,,136254,19,,,0,15,,136201,19,,,0,15,,136202,19,,,0,55,,136203,19,,,0,16,,136204,19,,,0,14,,136205,19,,,0,16,,136206,19,,,0,55,,136207,19,,,0,17,,136257,19,,,0,15,,136218,19,,,0,15,,136219,19,,,0,55,,136253,19,,,0,15,,136208,19,,,0,15,,136209,19,,,0,14,,136210,19,,,0,55,,136211,19,,,0,16,,136212,19,,,0,16,,136213,19,,,0,14,,136214,19,,,0,55,,136256,19,,,0,16,,136220,19,,,0,13,,136221,19,,,0,17,,136252,19,,,0,55,,136222,19,,,0,13,,136223,19,,,0,15,,136224,19,,,0,15,,136225,19,,,0,54,,136226,19,,,0,15,,136227,19,,,0,11,,136228,19,,,0,19,,136229,19,,,0,55,,136251,19,,,0,15,,136236,19,,,0,15,,136248,19,,,0,14,,136249,19,,,0,55,,136230,19,,,0,14,,136231,19,,,0,15,,136232,19,,,0,14,,136233,19,,,0,55,,136234,19,,,0,15,,136235,19,,,0,15,,136250,19,,,0,21,,136237,19,,,0,57,,136247,19,,,0,19,,136238,19,,,0,27,,136239,19,,,0,71,,136240,19,,,0,32,,136241,19,,,0,72,,136242,19,,,0,70,,136243,19,,,0,27,,136244,19,,,0,30,,136245,19,,,0,70,,136246,19,,,0
666701,'101',833,,136187,19,,,0
666701,'2',603,,136270,19,,,0,29,,136271,19,,,0,20,,136288,19,,,0,61,,136289,19,,,0,20,,136285,19,,,0,15,,136290,19,,,0,57,,136291,19,,,0,14,,136292,19,,,0,15,,136293,19,,,0,11,,136294,19,,,0,8,,136262,19,,,0,53,,136295,19,,,0,16,,136296,19,,,0,14,,136297,19,,,0,13,,136298,19,,,0,56,,136299,19,,,0,18,,136300,19,,,0,16,,136301,19,,,0,14,,136302,19,,,0,55,,136303,19,,,0,13,,136305,19,,,0,15,,136306,19,,,0,17,,136307,19,,,0,55,,136304,19,,,0,17,,136308,19,,,0,14,,136284,19,,,0,13,,136309,19,,,0,56,,136310,19,,,0,14,,136311,19,,,0,15,,136313,19,,,0,16,,136314,19,,,0,55,,136315,19,,,0,17,,136316,19,,,0,15,,136317,19,,,0,17,,136318,19,,,0,55,,136319,19,,,0,16,,136320,19,,,0,15,,136321,19,,,0,13,,136322,19,,,0,54,,136323,19,,,0,15,,136324,19,,,0,15,,136325,19,,,0,14,,136326,19,,,0,55,,136327,19,,,0,14,,136328,19,,,0,15,,136263,19,,,0,15,,136264,19,,,0,64,,136265,19,,,0,14,,136266,19,,,0,11,,136287,19,,,0,14,,136267,19,,,0,55,,136268,19,,,0,15,,136286,19,,,0,14,,136269,19,,,0,16,,136273,19,,,0,60,,136272,19,,,0,19,,136274,19,,,0,21,,136275,19,,,0,71,,136312,19,,,0,73,,136276,19,,,0,31,,136277,19,,,0,75,,136278,19,,,0,27,,136279,19,,,0,69,,136280,19,,,0,33,,136281,19,,,0,70,,136282,19,,,0,25,,136283,19,,,0
666701,'201',833,,136261,19,,,0
666701,'3',714,,136344,19,,,0,20,,136345,19,,,0,17,,136330,19,,,0,57,,136346,19,,,0,15,,136347,19,,,0,14,,136343,19,,,0,12,,136329,19,,,0,53,,136348,19,,,0,12,,136349,19,,,0,12,,136350,19,,,0,12,,136351,19,,,0,9,,136352,19,,,0,59,,136353,19,,,0,16,,136354,19,,,0,15,,136355,19,,,0,13,,136356,19,,,0,57,,136357,19,,,0,15,,136358,19,,,0,15,,136359,19,,,0,16,,136338,19,,,0,55,,136339,19,,,0,18,,136340,19,,,0,14,,136360,19,,,0,15,,136361,19,,,0,55,,136362,19,,,0,14,,136363,19,,,0,15,,136364,19,,,0,14,,136365,19,,,0,54,,136366,19,,,0,17,,136367,19,,,0,16,,136368,19,,,0,15,,136369,19,,,0,56,,136337,19,,,0,14,,136370,19,,,0,13,,136371,19,,,0,16,,136372,19,,,0,55,,136373,19,,,0,14,,136374,19,,,0,13,,136375,19,,,0,19,,136376,19,,,0,53,,136377,19,,,0,15,,136378,19,,,0,15,,136379,19,,,0,15,,136380,19,,,0,56,,136381,19,,,0,16,,136382,19,,,0,15,,136342,19,,,0,14,,136383,19,,,0,52,,136384,19,,,0,15,,136341,19,,,0,15,,136385,19,,,0,15,,136386,19,,,0,60,,136387,19,,,0,21,,136388,19,,,0,26,,136389,19,,,0,73,,136390,19,,,0,28,,136331,19,,,0,75,,136332,19,,,0,71,,136333,19,,,0,25,,136334,19,,,0,70,,136335,19,,,0,28,,136336,19,,,0
684101,'1',339,,155626,12,,,0,69,,155625,12,,,0,12,,155624,12,,,0,2007,,155628,12,,,0,30,,155622,12,,,0,75,,155621,12,,,0,70,,155620,12,,,0,30,,155623,12,,,0,75,,155627,12,,,0
684101,'2',335,,155629,12,,,0,70,,155634,12,,,0,32,,155635,12,,,0,66,,155636,12,,,0,29,,155633,12,,,0,1891,,155638,12,,,0,35,,155630,12,,,0,77,,155637,12,,,0,21,,155631,12,,,0,69,,155632,12,,,0,78,,155639,12,,,0
684101,'3',337,,155648,12,,,0,70,,155650,12,,,0,30,,155647,12,,,0,70,,155646,12,,,0,13,,155653,12,,,0,15,,155643,12,,,0,15,,155654,12,,,0,55,,155645,12,,,0,1750,,155651,12,,,0,74,,155652,12,,,0,30,,155640,12,,,0,67,,155641,12,,,0,30,,155642,12,,,0,78,,155644,12,,,0,70,,155649,12,,,0
750900,'1',956,,156227,9,,,0,75,,156228,9,,,0,75,,156229,9,,,0,35,,156230,9,,,0,75,,156231,9,,,0,35,,156232,9,,,0,75,,156233,9,,,0,75,,156234,9,,,0,35,,156235,9,,,0,75,,156236,9,,,0,35,,156237,9,,,0,76,,156238,9,,,0,35,,156239,9,,,0,74,,156240,9,,,0,75,,156241,9,,,0,35,,156242,9,,,0,75,,156243,9,,,0,35,,156244,9,,,0,70,,156245,9,,,0
750900,'2',806,,156246,9,,,0,30,,156247,9,,,0,70,,156248,9,,,0,25,,156249,9,,,0,20,,156250,9,,,0,61,,156251,9,,,0,20,,156252,9,,,0,20,,156253,9,,,0,60,,156254,9,,,0,20,,156255,9,,,0,20,,156256,9,,,0,60,,156257,9,,,0,20,,156258,9,,,0,20,,156259,9,,,0,60,,156260,9,,,0,20,,156261,9,,,0,20,,156262,9,,,0,60,,156263,9,,,0,20,,156264,9,,,0,20,,156265,9,,,0,60,,156266,9,,,0,20,,156267,9,,,0,20,,156268,9,,,0,60,,156269,9,,,0,20,,156270,9,,,0,20,,156271,9,,,0,59,,156272,9,,,0,20,,156273,9,,,0,20,,156274,9,,,0,60,,156275,9,,,0,23,,156276,9,,,0,17,,156277,9,,,0,60,,156278,9,,,0,20,,156279,9,,,0,20,,156280,9,,,0,60,,156281,9,,,0
750900,'3',805,,156282,9,,,0,30,,156283,9,,,0,71,,156284,9,,,0,25,,156285,9,,,0,20,,156286,9,,,0,60,,156287,9,,,0,20,,156288,9,,,0,22,,156289,9,,,0,60,,156290,9,,,0,20,,156291,9,,,0,20,,156292,9,,,0,60,,156293,9,,,0,20,,156294,9,,,0,20,,156295,9,,,0,60,,156296,9,,,0,20,,156297,9,,,0,20,,156298,9,,,0,60,,156299,9,,,0,20,,156300,9,,,0,23,,156301,9,,,0,60,,156302,9,,,0,19,,156303,9,,,0,20,,156304,9,,,0,60,,156305,9,,,0,20,,156306,9,,,0,20,,156307,9,,,0,60,,156308,9,,,0,20,,156309,9,,,0,20,,156310,9,,,0,60,,156311,9,,,0,20,,156312,9,,,0,20,,156313,9,,,0,60,,156314,9,,,0,20,,156315,9,,,0,20,,156316,9,,,0,60,,156317,9,,,0
