673701,'1',553,,149118,35,,,0,49,,149119,35,,,0,10,,149082,35,,,0,12,,149116,35,,,0,10,,149117,35,,,0,12,,149081,35,,,0,11,,149120,35,,,0,50,,149083,35,,,0,11,,149137,35,,,0,35,,149121,35,,,0,49,,149138,35,,,0,9,,149139,35,,,0,9,,149122,35,,,0,9,,149123,35,,,0,9,,149124,35,,,0,12,,149099,35,,,0,51,,149141,35,,,0,15,,149100,35,,,0,15,,149101,35,,,0,15,,149140,35,,,0,55,,149102,35,,,0,24,,149103,35,,,0,32,,149104,35,,,0,71,,149105,35,,,0,72,,149106,35,,,0,30,,149107,35,,,0,20,,149108,35,,,0,61,,149109,35,,,0,18,,149110,35,,,0,18,,149111,35,,,0,59,,149112,35,,,0,16,,149113,35,,,0,15,,149114,35,,,0,15,,149115,35,,,0,55,,149096,35,,,0,15,,149097,35,,,0,19,,149098,35,,,0,12,,149085,35,,,0,52,,149127,35,,,0,15,,149128,35,,,0,15,,149129,35,,,0,16,,149084,35,,,0,55,,149130,35,,,0,14,,149131,35,,,0,14,,149132,35,,,0,13,,149133,35,,,0,54,,149134,35,,,0,25,,149135,35,,,0,17,,149086,35,,,0,57,,149126,35,,,0,16,,149087,35,,,0,25,,149088,35,,,0,66,,149125,35,,,0,28,,149089,35,,,0,70,,149090,35,,,0,29,,149091,35,,,0,68,,149092,35,,,0,30,,149136,35,,,0,72,,149093,35,,,0,101,,149094,35,,,0,115,,149095,35,,,0
673701,'101',731,,149078,35,,,0,12,,149079,35,,,0,105,,149080,36,,,0,691,,149076,36,,,0,273,,149077,35,,,0
673701,'2',646,,149145,35,,,0,65,,149146,35,,,0,20,,149147,35,,,0,24,,149148,35,,,0,60,,149149,35,,,0,20,,149150,35,,,0,20,,149151,35,,,0,60,,149152,35,,,0,20,,149153,35,,,0,21,,149154,35,,,0,60,,149155,35,,,0,21,,149156,35,,,0,22,,149157,35,,,0,60,,149158,35,,,0,21,,149159,35,,,0,61,,149160,35,,,0,20,,149161,35,,,0,23,,149162,35,,,0,60,,149163,35,,,0,20,,149164,35,,,0,21,,149165,35,,,0,60,,149166,35,,,0,20,,149167,35,,,0,20,,149168,35,,,0,59,,149169,35,,,0,20,,149170,35,,,0,19,,149171,35,,,0,15,,149172,35,,,0,55,,149191,35,,,0,15,,149173,35,,,0,15,,149174,35,,,0,15,,149175,35,,,0,55,,149192,35,,,0,13,,149176,35,,,0,15,,149190,35,,,0,65,,149177,35,,,0,29,,149178,35,,,0,70,,149179,35,,,0,30,,149180,35,,,0,70,,149181,35,,,0,30,,149182,35,,,0,68,,149183,35,,,0,30,,149184,35,,,0,69,,149185,35,,,0,31,,149186,35,,,0,69,,149187,35,,,0,57,,149188,35,,,0,163,,149189,35,,,0
673701,'201',731,,149142,35,,,0,12,,149143,35,,,0,1069,,149144,35,,,0
673701,'3',628,,149205,35,,,0,30,,149204,35,,,0,71,,149203,35,,,0,71,,149202,35,,,0,31,,149198,35,,,0,73,,149200,35,,,0,32,,149197,35,,,0,72,,149201,35,,,0,33,,149216,35,,,0,73,,149207,35,,,0,32,,149210,35,,,0,71,,149206,35,,,0,31,,149218,35,,,0,64,,149196,35,,,0,20,,149229,35,,,0,20,,149208,35,,,0,69,,149195,35,,,0,32,,149199,35,,,0,68,,149194,35,,,0,27,,149220,35,,,0,60,,149193,35,,,0,20,,149226,35,,,0,20,,149215,35,,,0,60,,149224,35,,,0,19,,149223,35,,,0,20,,149225,35,,,0,70,,149212,35,,,0,20,,149222,35,,,0,18,,149213,35,,,0,60,,149227,35,,,0,19,,149219,35,,,0,68,,149228,35,,,0,33,,149214,35,,,0,72,,149211,35,,,0,108,,149221,35,,,0,105,,149217,35,,,0,110,,149209,35,,,0
681600,'1',724,,153295,32,,,0,100,,153294,32,,,0,100,,153293,32,,,0,100,,153292,32,,,0,100,,153291,32,,,0,100,,153290,32,,,0,100,,153289,32,,,0,100,,153288,32,,,0,100,,153286,32,,,0,100,,153285,32,,,0,100,,153284,32,,,0,100,,153283,32,,,0,100,,153282,32,,,0,100,,153281,32,,,0,100,,153287,32,,,0
681600,'2',924,,153296,32,,,0,100,,153297,32,,,0,100,,153298,32,,,0,100,,153299,32,,,0,100,,153300,32,,,0,100,,153301,32,,,0,100,,153302,32,,,0,100,,153303,32,,,0,100,,153304,32,,,0,100,,153305,32,,,0,100,,153306,32,,,0,100,,153307,32,,,0,100,,153308,32,,,0
681600,'3',924,,153311,32,,,0,100,,153310,32,,,0,100,,153309,32,,,0,100,,153318,32,,,0,100,,153317,32,,,0,100,,153316,32,,,0,100,,153315,32,,,0,100,,153314,32,,,0,100,,153313,32,,,0,100,,153312,32,,,0
828600,'1',622,,156414,29,,,0,30,,156421,29,,,0,72,,156415,29,,,0,32,,156416,29,,,0,70,,156417,29,,,0,30,,156418,29,,,0,70,,156420,29,,,0,100,,156419,29,,,0,100,,156423,29,,,0,100,,156424,29,,,0,100,,156425,29,,,0,101,,156426,29,,,0,101,,156427,29,,,0,30,,156428,29,,,0,70,,156422,29,,,0,30,,156429,29,,,0,70,,156409,29,,,0,28,,156410,29,,,0,70,,156411,29,,,0,98,,156412,29,,,0,100,,156413,29,,,0
828600,'2',927,,156430,29,,,0,100,,156431,29,,,0,101,,156432,29,,,0,100,,156433,29,,,0,101,,156434,29,,,0,100,,156435,29,,,0,100,,156436,29,,,0,99,,156437,29,,,0,100,,156438,29,,,0,100,,156439,29,,,0,100,,156440,29,,,0,100,,156441,29,,,0
828600,'3',928,,156442,29,,,0,102,,156443,29,,,0,100,,156444,29,,,0,100,,156445,29,,,0,99,,156446,29,,,0,100,,156447,29,,,0,99,,156448,29,,,0,100,,156449,29,,,0,100,,156450,29,,,0,100,,156451,29,,,0,100,,156452,29,,,0,100,,156453,29,,,0
