666601,'1',508,,19207,,,0,35,,19204,,,0,71,,19203,,,0,32,,19208,,,0,62,,19202,,,0,22,,19175,,,0,71,,19201,,,0,29,,19200,,,0,27,,19181,,,0,72,,19199,,,0,27,,19198,,,0,70,,19197,,,0,31,,19196,,,0,70,,19187,,,0,28,,19186,,,0,72,,19185,,,0,28,,19195,,,0,74,,19184,,,0,72,,19194,,,0,29,,19193,,,0,15,,19192,,,0,60,,19191,,,0,19,,19206,,,0,26,,19213,,,0,60,,19183,,,0,20,,19190,,,0,14,,19214,,,0,56,,19189,,,0,15,,19209,,,0,15,,19205,,,0,16,,19173,,,0,59,,19174,,,0,20,,19188,,,0,30,,19182,,,0,72,,19210,,,0,97,,19211,,,0,82,,19212,,,0,41,,19176,,,0,91,,19177,,,0,81,,19178,,,0,88,,19179,,,0,41,,19180,,,0
666601,'2',727,,19216,,,0,30,,19217,,,0,70,,19218,,,0,30,,19219,,,0,70,,19220,,,0,31,,19221,,,0,70,,19222,,,0,30,,19223,,,0,71,,19224,,,0,30,,19225,,,0,69,,19226,,,0,31,,19227,,,0,70,,19228,,,0,30,,19229,,,0,70,,19230,,,0,30,,19231,,,0,70,,19232,,,0,30,,19233,,,0,70,,19234,,,0,30,,19235,,,0,70,,19236,,,0,30,,19237,,,0,69,,19238,,,0,30,,19239,,,0,69,,19240,,,0,30,,19241,,,0,70,,19242,,,0,100,,19243,,,0,100,,19244,,,0,100,,19245,,,0,100,,19246,,,0,95,,19247,,,0
666601,'3',659,,19249,,,0,148,,19250,,,0,100,,19251,,,0,101,,19252,,,0,100,,19253,,,0,30,,19266,,,0,70,,19265,,,0,31,,19267,,,0,70,,19254,,,0,30,,19268,,,0,70,,19255,,,0,30,,19269,,,0,70,,19256,,,0,30,,19270,,,0,70,,19257,,,0,29,,19271,,,0,70,,19258,,,0,30,,19272,,,0,70,,19259,,,0,99,,19260,,,0,100,,19261,,,0,100,,19262,,,0,100,,19248,,,0,100,,19263,,,0,94,,19264,,,0
666700,'1',629,,19301,,,0,22,,19339,,,0,62,,19273,,,0,20,,19274,,,0,24,,19275,,,0,59,,19276,,,0,13,,19277,,,0,15,,19278,,,0,56,,19279,,,0,13,,19343,,,0,12,,19344,,,0,16,,19280,,,0,14,,19281,,,0,57,,19282,,,0,15,,19283,,,0,15,,19284,,,0,15,,19285,,,0,54,,19286,,,0,15,,19342,,,0,17,,19302,,,0,15,,19303,,,0,57,,19338,,,0,15,,19287,,,0,18,,19288,,,0,54,,19289,,,0,16,,19290,,,0,15,,19291,,,0,15,,19292,,,0,55,,19293,,,0,14,,19341,,,0,15,,19304,,,0,17,,19305,,,0,56,,19337,,,0,18,,19294,,,0,15,,19295,,,0,18,,19296,,,0,53,,19297,,,0,19,,19298,,,0,16,,19299,,,0,58,,19300,,,0,14,,19340,,,0,16,,19306,,,0,13,,19307,,,0,59,,19336,,,0,12,,19308,,,0,12,,19309,,,0,11,,19310,,,0,9,,19311,,,0,58,,19312,,,0,17,,19313,,,0,6,,19314,,,0,10,,19315,,,0,15,,19335,,,0,53,,19331,,,0,15,,19332,,,0,14,,19333,,,0,13,,19325,,,0,55,,19326,,,0,15,,19327,,,0,13,,19328,,,0,15,,19329,,,0,12,,19330,,,0,55,,19334,,,0,15,,19316,,,0,27,,19317,,,0,70,,19318,,,0,27,,19319,,,0,70,,19320,,,0,28,,19321,,,0,70,,19322,,,0,30,,19323,,,0,71,,19324,,,0
666700,'2',731,,19354,,,0,27,,19355,,,0,64,,19356,,,0,24,,19357,,,0,63,,19358,,,0,17,,19359,,,0,16,,19360,,,0,17,,19361,,,0,55,,19362,,,0,16,,19363,,,0,14,,19364,,,0,59,,19365,,,0,14,,19366,,,0,14,,19367,,,0,17,,19368,,,0,60,,19369,,,0,15,,19370,,,0,15,,19371,,,0,16,,19372,,,0,54,,19373,,,0,17,,19374,,,0,15,,19375,,,0,15,,19376,,,0,55,,19377,,,0,16,,19378,,,0,15,,19379,,,0,14,,19380,,,0,54,,19381,,,0,15,,19382,,,0,15,,19383,,,0,15,,19384,,,0,56,,19385,,,0,14,,19386,,,0,15,,19387,,,0,15,,19388,,,0,55,,19389,,,0,15,,19353,,,0,14,,19390,,,0,15,,19391,,,0,49,,19392,,,0,17,,19393,,,0,15,,19394,,,0,15,,19395,,,0,55,,19396,,,0,15,,19397,,,0,11,,19400,,,0,14,,19352,,,0,14,,19401,,,0,55,,19402,,,0,6,,19403,,,0,22,,19399,,,0,11,,19404,,,0,60,,19405,,,0,13,,19406,,,0,16,,19398,,,0,14,,19407,,,0,60,,19408,,,0,16,,19409,,,0,69,,19410,,,0,30,,19345,,,0,28,,19346,,,0,75,,19347,,,0,67,,19348,,,0,30,,19349,,,0,25,,19350,,,0,70,,19351,,,0
666700,'3',851,,19411,,,0,56,,19413,,,0,16,,19414,,,0,16,,19415,,,0,18,,19423,,,0,56,,19416,,,0,15,,19417,,,0,14,,19419,,,0,15,,19420,,,0,53,,19424,,,0,15,,19425,,,0,18,,19426,,,0,15,,19427,,,0,54,,19428,,,0,15,,19429,,,0,15,,19430,,,0,15,,19431,,,0,55,,19432,,,0,15,,19433,,,0,18,,19434,,,0,56,,19435,,,0,17,,19436,,,0,15,,19437,,,0,13,,19438,,,0,55,,19439,,,0,16,,19440,,,0,15,,19441,,,0,13,,19442,,,0,14,,19443,,,0,58,,19444,,,0,13,,19445,,,0,16,,19446,,,0,55,,19447,,,0,15,,19448,,,0,16,,19449,,,0,13,,19450,,,0,55,,19451,,,0,15,,19452,,,0,15,,19453,,,0,15,,19454,,,0,14,,19455,,,0,55,,19456,,,0,11,,19457,,,0,15,,19418,,,0,15,,19458,,,0,55,,19459,,,0,14,,19422,,,0,15,,19460,,,0,15,,19461,,,0,55,,19462,,,0,13,,19421,,,0,15,,19412,,,0,14,,19463,,,0,55,,19464,,,0,25,,19465,,,0,25,,19466,,,0,70,,19467,,,0,31,,19468,,,0,67,,19469,,,0,31,,19470,,,0,70,,19471,,,0
3003901,'1',523,,44533,,,0,24,,44522,,,0,7,,44534,,,0,63,,44532,,,0,10,,44535,,,0,20,,44531,,,0,10,,44536,,,0,59,,44530,,,0,11,,44537,,,0,20,,44529,,,0,10,,44538,,,0,63,,44523,,,0,17,,44539,,,0,68,,44540,,,0,30,,44541,,,0,66,,44542,,,0,30,,44543,,,0,73,,44544,,,0,27,,44545,,,0,73,,44546,,,0,30,,44501,,,0,70,,44502,,,0,28,,44503,,,0,76,,44504,,,0,30,,44505,,,0,71,,44506,,,0,29,,44507,,,0,70,,44508,,,0,30,,44509,,,0,70,,44510,,,0,13,,44528,,,0,17,,44511,,,0,10,,44527,,,0,59,,44512,,,0,10,,44526,,,0,28,,44513,,,0,12,,44525,,,0,50,,44514,,,0,24,,44515,,,0,11,,44524,,,0,59,,44516,,,0,34,,44517,,,0,97,,44518,,,0,100,,44519,,,0,98,,44520,,,0,98,,44521,,,0
3003901,'101',1536,,44547,,,0
3003901,'2',629,,44562,,,0,30,,44551,,,0,70,,44563,,,0,30,,44548,,,0,70,,44564,,,0,72,,44549,,,0,32,,44565,,,0,71,,44552,,,0,30,,44566,,,0,70,,44553,,,0,30,,44567,,,0,70,,44554,,,0,30,,44568,,,0,70,,44555,,,0,30,,44569,,,0,70,,44556,,,0,30,,44570,,,0,70,,44557,,,0,30,,44571,,,0,70,,44558,,,0,30,,44572,,,0,70,,44559,,,0,30,,44573,,,0,68,,44560,,,0,30,,44576,,,0,69,,44561,,,0,30,,44574,,,0,99,,44575,,,0,100,,44577,,,0,100,,44578,,,0,100,,44579,,,0,100,,44550,,,0
3003901,'3',628,,44581,,,0,100,,44582,,,0,101,,44583,,,0,101,,44584,,,0,102,,44585,,,0,100,,44586,,,0,70,,44599,,,0,30,,44587,,,0,70,,44600,,,0,30,,44588,,,0,70,,44601,,,0,30,,44589,,,0,70,,44602,,,0,30,,44590,,,0,70,,44603,,,0,33,,44591,,,0,67,,44604,,,0,30,,44592,,,0,70,,44605,,,0,29,,44593,,,0,101,,44594,,,0,99,,44595,,,0,98,,44596,,,0,99,,44597,,,0,100,,44598,,,0,100,,44580,,,0
3004001,'1',526,,44723,,,0,21,,44738,,,0,9,,44724,,,0,62,,44737,,,0,10,,44725,,,0,19,,44736,,,0,9,,44726,,,0,58,,44735,,,0,11,,44740,,,0,80,,44741,,,0,11,,44727,,,0,20,,44742,,,0,81,,44743,,,0,30,,44744,,,0,70,,44745,,,0,30,,44746,,,0,68,,44747,,,0,32,,44748,,,0,70,,44749,,,0,30,,44750,,,0,70,,44733,,,0,30,,44734,,,0,70,,44751,,,0,37,,44752,,,0,69,,44739,,,0,27,,44753,,,0,69,,44754,,,0,32,,44755,,,0,58,,44711,,,0,10,,44732,,,0,17,,44712,,,0,11,,44731,,,0,59,,44713,,,0,10,,44730,,,0,29,,44714,,,0,10,,44729,,,0,52,,44715,,,0,23,,44716,,,0,13,,44728,,,0,58,,44717,,,0,56,,44718,,,0,102,,44719,,,0,100,,44720,,,0,99,,44721,,,0,100,,44722,,,0
3004001,'101',751,,44756,,,0
3004001,'2',715,,44764,,,0,30,,44782,,,0,70,,44765,,,0,30,,44783,,,0,70,,44766,,,0,33,,44786,,,0,69,,44767,,,0,30,,44757,,,0,70,,44768,,,0,32,,44758,,,0,70,,44769,,,0,30,,44759,,,0,70,,44770,,,0,30,,44760,,,0,70,,44771,,,0,30,,44784,,,0,70,,44772,,,0,30,,44785,,,0,70,,44773,,,0,30,,44761,,,0,69,,44774,,,0,30,,44762,,,0,70,,44775,,,0,30,,44763,,,0,70,,44776,,,0,86,,44777,,,0,96,,44778,,,0,100,,44779,,,0,100,,44780,,,0,100,,44781,,,0
3004001,'201',751,,44787,,,0
3004001,'3',714,,44789,,,0,102,,44790,,,0,100,,44791,,,0,100,,44792,,,0,30,,44806,,,0,70,,44793,,,0,30,,44807,,,0,70,,44794,,,0,31,,44808,,,0,70,,44795,,,0,30,,44809,,,0,70,,44796,,,0,30,,44810,,,0,70,,44797,,,0,31,,44811,,,0,69,,44798,,,0,29,,44812,,,0,70,,44799,,,0,30,,44813,,,0,70,,44800,,,0,30,,44814,,,0,60,,44802,,,0,100,,44788,,,0,98,,44801,,,0,100,,44803,,,0,100,,44804,,,0,100,,44805,,,0
