666601,'1',508,,19207,,,0,36,,19204,,,0,70,,19203,,,0,33,,19208,,,0,61,,19202,,,0,22,,19175,,,0,71,,19201,,,0,29,,19200,,,0,27,,19181,,,0,72,,19199,,,0,28,,19198,,,0,70,,19197,,,0,31,,19196,,,0,70,,19187,,,0,28,,19186,,,0,72,,19185,,,0,28,,19195,,,0,74,,19184,,,0,72,,19194,,,0,28,,19193,,,0,16,,19192,,,0,60,,19191,,,0,19,,19206,,,0,26,,19213,,,0,60,,19183,,,0,20,,19190,,,0,14,,19214,,,0,56,,19189,,,0,15,,19209,,,0,15,,19205,,,0,16,,19173,,,0,59,,19174,,,0,20,,19188,,,0,30,,19182,,,0,71,,19210,,,0,97,,19211,,,0,82,,19212,,,0,41,,19176,,,0,92,,19177,,,0,81,,19178,,,0,88,,19179,,,0,41,,19180,,,0
666601,'2',727,,19216,,,0,30,,19217,,,0,70,,19218,,,0,30,,19219,,,0,71,,19220,,,0,31,,19221,,,0,70,,19222,,,0,30,,19223,,,0,70,,19224,,,0,30,,19225,,,0,70,,19226,,,0,71,,19227,,,0,30,,19228,,,0,70,,19229,,,0,30,,19230,,,0,70,,19231,,,0,30,,19232,,,0,70,,19233,,,0,29,,19234,,,0,30,,19235,,,0,70,,19236,,,0,30,,19237,,,0,69,,19238,,,0,30,,19239,,,0,70,,19240,,,0,30,,19241,,,0,70,,19242,,,0,99,,19243,,,0,100,,19244,,,0,100,,19245,,,0,100,,19246,,,0,95,,19247,,,0
666601,'3',659,,19249,,,0,148,,19250,,,0,101,,19251,,,0,100,,19252,,,0,100,,19253,,,0,30,,19266,,,0,70,,19265,,,0,31,,19267,,,0,70,,19254,,,0,30,,19268,,,0,70,,19255,,,0,30,,19269,,,0,70,,19256,,,0,30,,19270,,,0,70,,19257,,,0,29,,19271,,,0,70,,19258,,,0,30,,19272,,,0,70,,19259,,,0,100,,19260,,,0,99,,19261,,,0,100,,19262,,,0,100,,19248,,,0,100,,19263,,,0,94,,19264,,,0
666700,'1',630,,19301,,,0,22,,19339,,,0,62,,19273,,,0,20,,19274,,,0,24,,19275,,,0,59,,19276,,,0,13,,19277,,,0,15,,19278,,,0,56,,19279,,,0,13,,19343,,,0,12,,19344,,,0,16,,19280,,,0,14,,19281,,,0,57,,19282,,,0,15,,19283,,,0,15,,19284,,,0,15,,19285,,,0,54,,19286,,,0,15,,19342,,,0,17,,19302,,,0,15,,19303,,,0,57,,19338,,,0,15,,19287,,,0,18,,19288,,,0,54,,19289,,,0,16,,19290,,,0,15,,19291,,,0,15,,19292,,,0,55,,19293,,,0,14,,19341,,,0,15,,19304,,,0,17,,19305,,,0,56,,19337,,,0,19,,19294,,,0,15,,19295,,,0,17,,19296,,,0,53,,19297,,,0,20,,19298,,,0,16,,19299,,,0,58,,19300,,,0,14,,19340,,,0,15,,19306,,,0,13,,19307,,,0,60,,19336,,,0,11,,19308,,,0,12,,19309,,,0,11,,19310,,,0,9,,19311,,,0,58,,19312,,,0,17,,19313,,,0,6,,19314,,,0,10,,19315,,,0,15,,19335,,,0,53,,19331,,,0,15,,19332,,,0,14,,19333,,,0,13,,19325,,,0,55,,19326,,,0,15,,19327,,,0,13,,19328,,,0,15,,19329,,,0,52,,19330,,,0,15,,19334,,,0,15,,19316,,,0,27,,19317,,,0,70,,19318,,,0,27,,19319,,,0,70,,19320,,,0,28,,19321,,,0,70,,19322,,,0,30,,19323,,,0,71,,19324,,,0
666700,'2',732,,19354,,,0,27,,19355,,,0,64,,19356,,,0,24,,19357,,,0,63,,19358,,,0,17,,19359,,,0,16,,19360,,,0,57,,19361,,,0,15,,19362,,,0,16,,19363,,,0,14,,19364,,,0,59,,19365,,,0,14,,19366,,,0,14,,19367,,,0,17,,19368,,,0,60,,19369,,,0,15,,19370,,,0,15,,19371,,,0,16,,19372,,,0,54,,19373,,,0,18,,19374,,,0,15,,19375,,,0,15,,19376,,,0,55,,19377,,,0,15,,19378,,,0,15,,19379,,,0,14,,19380,,,0,55,,19381,,,0,15,,19382,,,0,14,,19383,,,0,15,,19384,,,0,56,,19385,,,0,14,,19386,,,0,15,,19387,,,0,15,,19388,,,0,55,,19389,,,0,15,,19353,,,0,14,,19390,,,0,15,,19391,,,0,49,,19392,,,0,17,,19393,,,0,15,,19394,,,0,15,,19395,,,0,55,,19396,,,0,15,,19397,,,0,11,,19400,,,0,14,,19352,,,0,14,,19401,,,0,55,,19402,,,0,6,,19403,,,0,22,,19399,,,0,11,,19404,,,0,60,,19405,,,0,13,,19406,,,0,16,,19398,,,0,14,,19407,,,0,60,,19408,,,0,16,,19409,,,0,69,,19410,,,0,30,,19345,,,0,28,,19346,,,0,75,,19347,,,0,67,,19348,,,0,30,,19349,,,0,25,,19350,,,0,70,,19351,,,0
666700,'3',852,,19411,,,0,56,,19413,,,0,16,,19414,,,0,16,,19415,,,0,18,,19423,,,0,56,,19416,,,0,15,,19417,,,0,14,,19419,,,0,15,,19420,,,0,53,,19424,,,0,15,,19425,,,0,18,,19426,,,0,15,,19427,,,0,54,,19428,,,0,15,,19429,,,0,15,,19430,,,0,15,,19431,,,0,55,,19432,,,0,15,,19433,,,0,18,,19434,,,0,56,,19435,,,0,17,,19436,,,0,15,,19437,,,0,13,,19438,,,0,55,,19439,,,0,16,,19440,,,0,15,,19441,,,0,13,,19442,,,0,54,,19443,,,0,18,,19444,,,0,13,,19445,,,0,16,,19446,,,0,55,,19447,,,0,15,,19448,,,0,16,,19449,,,0,13,,19450,,,0,55,,19451,,,0,15,,19452,,,0,15,,19453,,,0,15,,19454,,,0,54,,19455,,,0,15,,19456,,,0,11,,19457,,,0,15,,19418,,,0,15,,19458,,,0,55,,19459,,,0,14,,19422,,,0,15,,19460,,,0,15,,19461,,,0,55,,19462,,,0,13,,19421,,,0,15,,19412,,,0,14,,19463,,,0,55,,19464,,,0,25,,19465,,,0,25,,19466,,,0,70,,19467,,,0,30,,19468,,,0,67,,19469,,,0,31,,19470,,,0,70,,19471,,,0
2263800,'1',524,,42509,,,0,31,,42510,,,0,71,,42511,,,0,12,,42512,,,0,14,,42513,,,0,61,,42514,,,0,13,,42515,,,0,20,,42516,,,0,10,,42517,,,0,58,,42518,,,0,24,,42519,,,0,19,,42520,,,0,64,,42485,,,0,22,,42486,,,0,70,,42487,,,0,30,,42488,,,0,70,,42489,,,0,32,,42490,,,0,70,,42491,,,0,30,,42492,,,0,72,,42493,,,0,31,,42494,,,0,74,,42495,,,0,30,,42496,,,0,67,,42497,,,0,33,,42498,,,0,55,,42499,,,0,15,,42500,,,0,29,,42501,,,0,51,,42502,,,0,13,,42476,,,0,15,,42507,,,0,15,,42508,,,0,55,,42477,,,0,22,,42506,,,0,22,,42528,,,0,57,,42479,,,0,24,,42527,,,0,24,,42521,,,0,62,,42478,,,0,34,,42503,,,0,66,,42504,,,0,31,,42505,,,0,72,,42480,,,0,24,,42525,,,0,70,,42526,,,0,27,,42481,,,0,72,,42524,,,0,28,,42482,,,0,70,,42523,,,0,30,,42483,,,0,70,,42522,,,0,30,,42484,,,0
2263800,'101',1632,,42529,,,0
2263800,'2',622,,42530,,,0,20,,42531,,,0,70,,42532,,,0,31,,42533,,,0,71,,42534,,,0,31,,42535,,,0,70,,42536,,,0,31,,42537,,,0,72,,42538,,,0,31,,42539,,,0,71,,42540,,,0,31,,42541,,,0,70,,42542,,,0,31,,42543,,,0,70,,42544,,,0,30,,42545,,,0,70,,42546,,,0,30,,42547,,,0,70,,42548,,,0,30,,42549,,,0,70,,42550,,,0,30,,42551,,,0,70,,42552,,,0,30,,42553,,,0,70,,42554,,,0,25,,42555,,,0,67,,42556,,,0,30,,42557,,,0,69,,42558,,,0,30,,42559,,,0,70,,42560,,,0,28,,42561,,,0,70,,42562,,,0,28,,42563,,,0,70,,42564,,,0,28,,42565,,,0,70,,42566,,,0,47,,42567,,,0,67,,42568,,,0,83,,42569,,,0,30,,42570,,,0
2263800,'201',1632,,42571,,,0
2263800,'3',652,,42584,,,0,70,,42575,,,0,30,,42585,,,0,73,,42586,,,0,30,,42587,,,0,71,,42588,,,0,31,,42589,,,0,70,,42591,,,0,30,,42592,,,0,70,,42590,,,0,30,,42593,,,0,72,,42594,,,0,72,,42595,,,0,29,,42596,,,0,70,,42597,,,0,30,,42598,,,0,70,,42599,,,0,30,,42600,,,0,71,,42601,,,0,29,,42602,,,0,70,,42603,,,0,30,,42604,,,0,70,,42605,,,0,30,,42606,,,0,70,,42607,,,0,28,,42608,,,0,29,,42609,,,0,70,,42572,,,0,27,,42573,,,0,72,,42574,,,0,31,,42576,,,0,77,,42577,,,0,71,,42578,,,0,26,,42579,,,0,25,,42580,,,0,69,,42581,,,0,30,,42582,,,0,68,,42583,,,0
3003600,'1',556,,43728,,,0,55,,43729,,,0,15,,43730,,,0,14,,43731,,,0,15,,43726,,,0,56,,43732,,,0,15,,43733,,,0,14,,43734,,,0,16,,43735,,,0,55,,43736,,,0,20,,43737,,,0,14,,43738,,,0,57,,43750,,,0,14,,43739,,,0,14,,43740,,,0,13,,43741,,,0,68,,43742,,,0,31,,43779,,,0,70,,43743,,,0,30,,43744,,,0,70,,43745,,,0,29,,43746,,,0,70,,43747,,,0,30,,43748,,,0,70,,43749,,,0,38,,43751,,,0,66,,43752,,,0,15,,43753,,,0,20,,43727,,,0,52,,43754,,,0,15,,43755,,,0,16,,43756,,,0,15,,43757,,,0,56,,43758,,,0,15,,43759,,,0,16,,43760,,,0,15,,43761,,,0,5,,43762,,,0,49,,43763,,,0,24,,43765,,,0,13,,43766,,,0,13,,43767,,,0,62,,43768,,,0,31,,43769,,,0,67,,43770,,,0,26,,43771,,,0,70,,43772,,,0,30,,43773,,,0,70,,43774,,,0,30,,43775,,,0,69,,43776,,,0,29,,43777,,,0,70,,43778,,,0
3003600,'101',1540,,43780,,,0
3003600,'2',637,,43782,,,0,70,,43783,,,0,30,,43784,,,0,72,,43785,,,0,30,,43786,,,0,70,,43787,,,0,30,,43788,,,0,70,,43789,,,0,30,,43790,,,0,70,,43791,,,0,30,,43792,,,0,70,,43781,,,0,30,,43793,,,0,70,,43794,,,0,30,,43795,,,0,70,,43796,,,0,30,,43797,,,0,72,,43798,,,0,31,,43799,,,0,70,,43800,,,0,29,,43801,,,0,70,,43802,,,0,31,,43803,,,0,70,,43804,,,0,30,,43805,,,0,70,,43806,,,0,30,,43807,,,0,69,,43808,,,0,30,,43809,,,0,68,,43810,,,0,30,,43811,,,0,70,,43812,,,0,30,,43813,,,0,70,,43814,,,0,30,,43815,,,0,68,,43816,,,0
3003600,'3',737,,43818,,,0,71,,43817,,,0,30,,43819,,,0,70,,43820,,,0,30,,43821,,,0,71,,43822,,,0,30,,43823,,,0,70,,43824,,,0,30,,43825,,,0,71,,43826,,,0,30,,43827,,,0,70,,43828,,,0,30,,43829,,,0,71,,43830,,,0,30,,43841,,,0,70,,43842,,,0,30,,43831,,,0,70,,43832,,,0,30,,43833,,,0,71,,43834,,,0,30,,43835,,,0,69,,43836,,,0,30,,43837,,,0,69,,43838,,,0,30,,43839,,,0,70,,43840,,,0,30,,43843,,,0,70,,43844,,,0,30,,43845,,,0,69,,43846,,,0,30,,43847,,,0,70,,43848,,,0,30,,43849,,,0,70,,43850,,,0
3003900,'1',544,,44421,,,0,10,,44438,,,0,56,,44420,,,0,9,,44439,,,0,18,,44419,,,0,11,,44426,,,0,66,,44418,,,0,14,,44427,,,0,11,,44412,,,0,20,,44428,,,0,81,,44429,,,0,70,,44430,,,0,29,,44431,,,0,70,,44432,,,0,28,,44433,,,0,72,,44434,,,0,29,,44435,,,0,70,,44436,,,0,30,,44437,,,0,69,,44440,,,0,30,,44441,,,0,73,,44442,,,0,26,,44423,,,0,68,,44398,,,0,29,,44399,,,0,72,,44400,,,0,18,,44443,,,0,11,,44417,,,0,17,,44401,,,0,53,,44416,,,0,20,,44402,,,0,12,,44415,,,0,69,,44403,,,0,12,,44414,,,0,12,,44404,,,0,25,,44405,,,0,53,,44413,,,0,19,,44406,,,0,98,,44407,,,0,103,,44408,,,0,101,,44409,,,0,100,,44410,,,0,100,,44411,,,0
3003900,'2',713,,44462,,,0,30,,44473,,,0,70,,44463,,,0,29,,44448,,,0,71,,44444,,,0,28,,44446,,,0,70,,44445,,,0,29,,44447,,,0,69,,44464,,,0,29,,44449,,,0,69,,44465,,,0,30,,44450,,,0,70,,44466,,,0,30,,44451,,,0,70,,44467,,,0,30,,44452,,,0,70,,44468,,,0,30,,44453,,,0,70,,44469,,,0,30,,44454,,,0,70,,44470,,,0,30,,44455,,,0,72,,44471,,,0,30,,44456,,,0,87,,44457,,,0,102,,44458,,,0,100,,44459,,,0,100,,44460,,,0,100,,44461,,,0
3003900,'3',740,,44481,,,0,100,,44482,,,0,100,,44483,,,0,70,,44492,,,0,29,,44484,,,0,70,,44493,,,0,28,,44485,,,0,70,,44494,,,0,30,,44486,,,0,70,,44495,,,0,30,,44487,,,0,70,,44496,,,0,30,,44488,,,0,70,,44497,,,0,30,,44489,,,0,70,,44498,,,0,30,,44490,,,0,70,,44499,,,0,31,,44491,,,0,70,,44500,,,0,20,,44474,,,0,103,,44475,,,0,101,,44476,,,0,100,,44477,,,0,101,,44478,,,0,100,,44479,,,0
3003901,'1',524,,44533,,,0,24,,44522,,,0,7,,44534,,,0,63,,44532,,,0,10,,44535,,,0,20,,44531,,,0,10,,44536,,,0,59,,44530,,,0,11,,44537,,,0,20,,44529,,,0,10,,44538,,,0,62,,44523,,,0,17,,44539,,,0,68,,44540,,,0,30,,44541,,,0,66,,44542,,,0,30,,44543,,,0,73,,44544,,,0,27,,44545,,,0,73,,44546,,,0,30,,44501,,,0,70,,44502,,,0,28,,44503,,,0,77,,44504,,,0,30,,44505,,,0,71,,44506,,,0,29,,44507,,,0,69,,44508,,,0,30,,44509,,,0,70,,44510,,,0,13,,44528,,,0,17,,44511,,,0,11,,44527,,,0,59,,44512,,,0,10,,44526,,,0,28,,44513,,,0,12,,44525,,,0,50,,44514,,,0,24,,44515,,,0,11,,44524,,,0,59,,44516,,,0,34,,44517,,,0,97,,44518,,,0,100,,44519,,,0,98,,44520,,,0,98,,44521,,,0
3003901,'101',1537,,44547,,,0
3003901,'2',630,,44562,,,0,70,,44551,,,0,30,,44563,,,0,70,,44548,,,0,30,,44564,,,0,72,,44549,,,0,32,,44565,,,0,70,,44552,,,0,30,,44566,,,0,70,,44553,,,0,30,,44567,,,0,70,,44554,,,0,30,,44568,,,0,70,,44555,,,0,30,,44569,,,0,70,,44556,,,0,30,,44570,,,0,70,,44557,,,0,30,,44571,,,0,70,,44558,,,0,30,,44572,,,0,70,,44559,,,0,30,,44573,,,0,69,,44560,,,0,30,,44576,,,0,69,,44561,,,0,30,,44574,,,0,99,,44575,,,0,100,,44577,,,0,100,,44578,,,0,100,,44579,,,0,100,,44550,,,0
3003901,'3',629,,44581,,,0,100,,44582,,,0,101,,44583,,,0,101,,44584,,,0,102,,44585,,,0,100,,44586,,,0,70,,44599,,,0,30,,44587,,,0,70,,44600,,,0,30,,44588,,,0,70,,44601,,,0,30,,44589,,,0,70,,44602,,,0,30,,44590,,,0,70,,44603,,,0,33,,44591,,,0,67,,44604,,,0,30,,44592,,,0,70,,44605,,,0,29,,44593,,,0,101,,44594,,,0,99,,44595,,,0,98,,44596,,,0,99,,44597,,,0,100,,44598,,,0,100,,44580,,,0
3004000,'1',542,,44610,,,0,10,,44626,,,0,60,,44609,,,0,10,,44627,,,0,19,,44608,,,0,11,,44628,,,0,58,,44607,,,0,10,,44629,,,0,20,,44646,,,0,17,,44630,,,0,68,,44631,,,0,32,,44632,,,0,67,,44633,,,0,30,,44634,,,0,73,,44635,,,0,27,,44636,,,0,73,,44637,,,0,27,,44638,,,0,70,,44639,,,0,28,,44640,,,0,75,,44641,,,0,30,,44642,,,0,69,,44643,,,0,27,,44644,,,0,70,,44645,,,0,30,,44624,,,0,71,,44612,,,0,13,,44651,,,0,17,,44613,,,0,52,,44650,,,0,19,,44614,,,0,11,,44649,,,0,68,,44615,,,0,15,,44648,,,0,10,,44616,,,0,26,,44617,,,0,51,,44647,,,0,19,,44618,,,0,75,,44619,,,0,59,,44620,,,0,100,,44621,,,0,100,,44622,,,0,98,,44623,,,0
3004000,'2',659,,44664,,,0,70,,44672,,,0,30,,44684,,,0,70,,44673,,,0,29,,44653,,,0,69,,44674,,,0,29,,44654,,,0,69,,44675,,,0,30,,44655,,,0,70,,44676,,,0,30,,44656,,,0,69,,44677,,,0,29,,44657,,,0,69,,44678,,,0,31,,44658,,,0,70,,44679,,,0,30,,44659,,,0,70,,44680,,,0,30,,44660,,,0,70,,44681,,,0,29,,44661,,,0,73,,44682,,,0,30,,44662,,,0,70,,44683,,,0,30,,44665,,,0,100,,44666,,,0,100,,44667,,,0,102,,44668,,,0,100,,44669,,,0,100,,44670,,,0
3004000,'3',658,,44685,,,0,100,,44686,,,0,99,,44687,,,0,99,,44688,,,0,100,,44689,,,0,70,,44704,,,0,28,,44690,,,0,70,,44705,,,0,30,,44691,,,0,70,,44706,,,0,30,,44692,,,0,70,,44707,,,0,30,,44693,,,0,70,,44708,,,0,33,,44694,,,0,67,,44709,,,0,30,,44695,,,0,71,,44710,,,0,31,,44696,,,0,101,,44697,,,0,99,,44698,,,0,100,,44699,,,0,101,,44700,,,0,100,,44701,,,0,100,,44702,,,0
3004001,'1',526,,44723,,,0,21,,44738,,,0,9,,44724,,,0,63,,44737,,,0,10,,44725,,,0,19,,44736,,,0,9,,44726,,,0,58,,44735,,,0,11,,44740,,,0,80,,44741,,,0,11,,44727,,,0,20,,44742,,,0,81,,44743,,,0,30,,44744,,,0,70,,44745,,,0,30,,44746,,,0,68,,44747,,,0,32,,44748,,,0,70,,44749,,,0,30,,44750,,,0,70,,44733,,,0,30,,44734,,,0,70,,44751,,,0,36,,44752,,,0,69,,44739,,,0,28,,44753,,,0,69,,44754,,,0,32,,44755,,,0,58,,44711,,,0,10,,44732,,,0,17,,44712,,,0,11,,44731,,,0,59,,44713,,,0,10,,44730,,,0,29,,44714,,,0,10,,44729,,,0,52,,44715,,,0,23,,44716,,,0,13,,44728,,,0,58,,44717,,,0,56,,44718,,,0,142,,44719,,,0,100,,44720,,,0,58,,44721,,,0,100,,44722,,,0
3004001,'101',752,,44756,,,0
3004001,'2',716,,44764,,,0,30,,44782,,,0,70,,44765,,,0,30,,44783,,,0,70,,44766,,,0,33,,44786,,,0,69,,44767,,,0,30,,44757,,,0,70,,44768,,,0,32,,44758,,,0,70,,44769,,,0,30,,44759,,,0,70,,44770,,,0,30,,44760,,,0,70,,44771,,,0,30,,44784,,,0,70,,44772,,,0,30,,44785,,,0,70,,44773,,,0,30,,44761,,,0,69,,44774,,,0,30,,44762,,,0,70,,44775,,,0,30,,44763,,,0,70,,44776,,,0,86,,44777,,,0,96,,44778,,,0,100,,44779,,,0,100,,44780,,,0,100,,44781,,,0
3004001,'201',752,,44787,,,0
3004001,'3',715,,44789,,,0,102,,44790,,,0,100,,44791,,,0,100,,44792,,,0,30,,44806,,,0,70,,44793,,,0,30,,44807,,,0,70,,44794,,,0,31,,44808,,,0,70,,44795,,,0,30,,44809,,,0,70,,44796,,,0,30,,44810,,,0,70,,44797,,,0,31,,44811,,,0,69,,44798,,,0,29,,44812,,,0,70,,44799,,,0,30,,44813,,,0,70,,44800,,,0,30,,44814,,,0,60,,44802,,,0,100,,44788,,,0,98,,44801,,,0,100,,44803,,,0,100,,44804,,,0,100,,44805,,,0
3004100,'1',559,,44820,,,0,55,,44826,,,0,15,,44821,,,0,15,,44827,,,0,15,,44822,,,0,55,,44828,,,0,15,,44823,,,0,15,,44829,,,0,14,,44824,,,0,60,,44830,,,0,15,,44825,,,0,626,,44815,,,0,55,,44831,,,0,45,,44816,,,0,55,,44834,,,0,15,,44817,,,0,15,,44832,,,0,15,,44818,,,0,82,,44819,,,0,90,,44833,,,0
3004100,'101',1529,,44835,,,0,15,,44837,,,0,81,,44836,,,0
3004100,'201',1529,,44840,,,0,15,,44838,,,0,81,,44839,,,0
