672700,'1',425,,30939,,,0,23,,30940,,,0,81,,30928,,,0,17,,30941,,,0,64,,30942,,,0,19,,30943,,,0,15,,30944,,,0,63,,30945,,,0,20,,30946,,,0,22,,30947,,,0,64,,30948,,,0,24,,30949,0,35 8,0,16,,30950,,,0,70,,30951,,,0,27,,30952,0,35 8,0,70,,30953,,,0,29,,30954,0,35 8,0,71,,30955,,,0,30,,30956,0,35 8,0,70,,30957,,,0,30,,30958,0,35 8,0,61,,30959,,,0,29,,30960,0,35 8,0,19,,30961,,,0,71,,30962,,,0,20,,30963,,,0,63,,30964,,,0,45,,30965,,,0,63,,30966,,,0,17,,30967,,,0,20,,30968,,,0,56,,30969,,,0,17,,30970,,,0,28,,30971,,,0,71,,30972,,,0,70,,30929,,,0,34,,30938,,,0,70,,30930,,,0,32,,30931,,,0,72,,30936,,,0,41,,30937,,,0,71,,30932,,,0,34,,30933,,,0,94,,30934,,,0,103,,30935,,,0
672700,'101',1537,,30973,,,0
672700,'2',645,,30992,0,35 8,0,66,,30977,,,0,34,,30984,0,35 8,0,71,,31008,,,0,30,,30974,0,35 8,0,70,,30985,,,0,30,,30976,0,35 8,0,70,,30997,,,0,30,,30975,0,35 8,0,70,,31004,,,0,30,,30979,0,35 8,0,71,,30981,,,0,29,,30982,0,35 8,0,71,,30980,,,0,29,,30987,0,35 8,0,73,,30988,,,0,30,,31006,0,35 8,0,74,,30989,,,0,24,,30998,0,35 8,0,71,,30999,,,0,29,,31000,0,35 8,0,71,,31001,,,0,28,,30995,0,35 8,0,71,,31003,,,0,38,,30994,0,35 8,0,75,,30996,,,0,71,,30990,,,0,20,,30991,,,0,30,,31007,,,0,70,,30986,,,0,30,,31002,,,0,65,,30983,,,0,37,,30978,,,0,148,,30993,,,0,51,,31005,,,0
672700,'201',1537,,31009,,,0
672700,'3',732,,31010,,,0,100,,31019,,,0,92,,31022,,,0,91,,31030,,,0,27,,31024,0,35 8,0,63,,31037,,,0,28,,31013,0,35 8,0,26,,31040,,,0,70,,31026,0,35 8,0,29,,31027,,,0,71,,31028,0,35 8,0,71,,31014,,,0,29,,31012,0,35 8,0,71,,31036,,,0,29,,31038,0,35 8,0,29,,31041,,,0,71,,31029,0,35 8,0,29,,31034,,,0,70,,31035,,,0,30,,31032,,,0,70,,31011,,,0,30,,31023,,,0,72,,31020,,,0,70,,31021,,,0,28,,31017,,,0,30,,31018,,,0,69,,31039,,,0,29,,31025,,,0,70,,31031,,,0,25,,31015,,,0,98,,31016,,,0,101,,31033,,,0
3454201,'1',513,,50580,,,0,31,,50582,,,0,15,,50583,,,0,55,,50584,,,0,13,,50585,,,0,15,,50586,,,0,14,,50587,,,0,56,,50588,,,0,14,,50589,,,0,13,,50590,,,0,14,,50591,,,0,52,,50592,,,0,13,,50593,,,0,12,,50594,,,0,12,,50595,,,0,13,,50596,,,0,52,,50597,,,0,9,,50598,,,0,12,,50599,,,0,12,,50600,,,0,12,,50601,,,0,52,,50602,,,0,12,,50603,,,0,13,,50604,,,0,12,,50605,,,0,12,,50606,,,0,56,,50607,,,0,15,,50608,,,0,15,,50609,,,0,16,,50610,,,0,55,,50611,,,0,16,,50612,,,0,15,,50613,,,0,15,,50614,,,0,55,,50615,,,0,15,,50616,,,0,15,,50617,,,0,15,,50618,,,0,55,,50619,,,0,16,,50620,,,0,15,,50621,,,0,15,,50622,,,0,55,,50623,,,0,15,,50624,,,0,15,,50625,,,0,15,,50626,,,0,70,,50627,,,0,13,,50628,,,0,11,,50629,,,0,53,,50630,,,0,12,,50631,,,0,12,,50632,,,0,12,,50633,,,0,13,,50634,,,0,49,,50635,,,0,12,,50636,,,0,11,,50637,,,0,12,,50638,,,0,12,,50639,,,0,53,,50640,,,0,13,,50641,,,0,16,,50642,,,0,15,,50643,,,0,54,,50644,,,0,15,,50645,,,0,13,,50646,,,0,15,,50647,,,0,14,,50648,,,0,55,,50649,,,0,14,,50650,,,0,15,,50651,,,0,15,,50652,,,0,55,,50653,,,0,14,,50654,,,0,15,,50655,,,0,15,,50656,,,0,55,,50657,,,0,21,,50658,,,0,20,,50659,,,0,60,,50660,,,0,18,,50661,,,0,20,,50662,,,0,82,,50664,,,0,70,,50665,,,0
3454201,'101',1612,,50666,,,0
3454201,'2',535,,50722,,,0,70,,50721,,,0,20,,50720,,,0,21,,50719,,,0,60,,50718,,,0,20,,50717,,,0,21,,50716,,,0,60,,50715,,,0,21,,50714,,,0,21,,50693,,,0,55,,50692,,,0,16,,50713,,,0,15,,50712,,,0,15,,50711,,,0,55,,50710,,,0,16,,50709,,,0,15,,50708,,,0,15,,50707,,,0,55,,50706,,,0,15,,50705,,,0,15,,50704,,,0,15,,50703,,,0,55,,50702,,,0,17,,50701,,,0,15,,50700,,,0,16,,50699,,,0,55,,50698,,,0,15,,50697,,,0,15,,50696,,,0,15,,50695,,,0,55,,50694,,,0,16,,50723,,,0,15,,50724,,,0,14,,50725,,,0,55,,50726,,,0,15,,50727,,,0,15,,50728,,,0,15,,50729,,,0,55,,50730,,,0,16,,50731,,,0,15,,50732,,,0,15,,50733,,,0,55,,50734,,,0,14,,50735,,,0,15,,50736,,,0,15,,50737,,,0,55,,50738,,,0,15,,50739,,,0,15,,50740,,,0,13,,50691,,,0,55,,50690,,,0,15,,50689,,,0,15,,50688,,,0,15,,50687,,,0,55,,50686,,,0,14,,50685,,,0,15,,50684,,,0,15,,50683,,,0,55,,50682,,,0,15,,50681,,,0,15,,50680,,,0,17,,50679,,,0,60,,50678,,,0,20,,50677,,,0,20,,50676,,,0,60,,50675,,,0,18,,50674,,,0,20,,50673,,,0,60,,50672,,,0,19,,50671,,,0,20,,50670,,,0,60,,50669,,,0,20,,50668,,,0,73,,50667,,,0
3454201,'201',1612,,50741,,,0
3454201,'3',536,,50797,,,0,70,,50796,,,0,20,,50795,,,0,20,,50794,,,0,62,,50793,,,0,20,,50792,,,0,20,,50791,,,0,60,,50790,,,0,20,,50789,,,0,20,,50768,,,0,55,,50767,,,0,16,,50788,,,0,15,,50787,,,0,15,,50786,,,0,55,,50785,,,0,15,,50784,,,0,15,,50783,,,0,17,,50782,,,0,55,,50781,,,0,15,,50780,,,0,15,,50779,,,0,15,,50778,,,0,55,,50777,,,0,15,,50776,,,0,15,,50775,,,0,17,,50774,,,0,55,,50773,,,0,15,,50772,,,0,15,,50771,,,0,15,,50770,,,0,55,,50769,,,0,16,,50798,,,0,15,,50799,,,0,15,,50800,,,0,55,,50801,,,0,15,,50802,,,0,15,,50803,,,0,15,,50804,,,0,55,,50805,,,0,15,,50806,,,0,15,,50807,,,0,15,,50808,,,0,54,,50809,,,0,15,,50810,,,0,15,,50811,,,0,14,,50812,,,0,55,,50813,,,0,15,,50814,,,0,15,,50815,,,0,15,,50766,,,0,55,,50765,,,0,15,,50764,,,0,15,,50763,,,0,15,,50762,,,0,55,,50761,,,0,15,,50760,,,0,15,,50759,,,0,15,,50758,,,0,55,,50757,,,0,13,,50756,,,0,15,,50755,,,0,15,,50754,,,0,60,,50753,,,0,19,,50752,,,0,20,,50751,,,0,60,,50750,,,0,20,,50749,,,0,20,,50748,,,0,60,,50747,,,0,18,,50746,,,0,20,,50745,,,0,60,,50744,,,0,20,,50743,,,0,80,,50742,,,0
