674101,'1',454,,149920,5,0,98 71,0,180,,149921,27,0,88 49,0,69,,149923,27,0,88 49,0,20,,149924,27,,,0,19,,149925,27,,,0,60,,149926,27,,,0,16,,149927,27,,,0,26,,149929,27,,,0,56,,149930,27,,,0,15,,149931,27,,,0,14,,149932,27,,,0,15,,149933,27,,,0,62,,149934,27,,,0,25,,149935,27,,,0,22,,149936,27,,,0,60,,149976,27,,,0,20,,149937,27,,,0,20,,149977,27,,,0,60,,149938,27,,,0,20,,149939,27,,,0,19,,149978,27,,,0,60,,149940,27,,,0,20,,149941,27,,,0,20,,149979,27,,,0,60,,149942,27,,,0,17,,149943,27,,,0,18,,149944,27,,,0,54,,149945,27,,,0,16,,149946,27,,,0,15,,149947,27,,,0,17,,149948,27,,,0,70,,149950,27,,,0,15,,149951,27,,,0,69,,149953,27,0,88 49,0,11,,149954,27,,,0,11,,149955,27,,,0,25,,149957,27,0,88 49,0,71,,149959,27,,,0,31,,149961,27,,,0,55,,149962,27,,,0,11,,149963,27,,,0,20,,149964,27,,,0,20,,149965,27,,,0,61,,149966,27,,,0,23,,149967,27,,,0,59,,149968,27,,,0,20,,149969,27,,,0,20,,149970,27,,,0,71,,149971,27,,,0,30,,149972,27,,,0,110,,149973,27,,,0,91,,149974,27,,,0,180,,149975,27,,,0
674101,'2',555,,150000,27,,,0,90,,149999,27,,,0,90,,149998,27,,,0,21,,150029,27,,,0,61,,149997,27,,,0,21,,149996,27,,,0,20,,150030,27,,,0,60,,149995,27,,,0,20,,149989,27,,,0,20,,150031,27,,,0,61,,149994,27,,,0,21,,149993,27,,,0,60,,149992,27,,,0,20,,149981,27,,,0,22,,149991,27,,,0,59,,149990,27,,,0,20,,149980,27,,,0,20,,149988,27,,,0,60,,149987,27,,,0,20,,150023,27,,,0,20,,149986,27,,,0,60,,149985,27,,,0,21,,150022,27,,,0,22,,149984,27,,,0,60,,149983,27,,,0,15,,150028,27,,,0,15,,150021,27,,,0,14,,149982,27,,,0,55,,150017,27,,,0,15,,150020,27,,,0,15,,150024,27,,,0,15,,150016,27,,,0,53,,150015,27,,,0,15,,150019,27,,,0,13,,150025,27,,,0,15,,150014,27,,,0,15,,150013,27,,,0,55,,150018,27,,,0,15,,150026,27,,,0,15,,150012,27,,,0,15,,150011,27,,,0,55,,150027,27,,,0,20,,150010,27,,,0,72,,150009,27,,,0,30,,150008,27,,,0,71,,150007,27,,,0,30,,150006,27,,,0,72,,150005,27,,,0,37,,150004,27,,,0,100,,150003,27,,,0,110,,150002,27,,,0,163,,150001,27,,,0
674101,'3',552,,150052,27,,,0,88,,150051,27,,,0,90,,150050,27,,,0,72,,150049,27,,,0,29,,150048,27,,,0,23,,150081,27,,,0,59,,150047,27,,,0,20,,150041,27,,,0,21,,150082,27,,,0,61,,150046,27,,,0,20,,150045,27,,,0,22,,150044,27,,,0,60,,150033,27,,,0,20,,150043,27,,,0,20,,150042,27,,,0,60,,150032,27,,,0,20,,150040,27,,,0,19,,150039,27,,,0,62,,150075,27,,,0,20,,150038,27,,,0,21,,150037,27,,,0,60,,150074,27,,,0,20,,150036,27,,,0,62,,150035,27,,,0,20,,150073,27,,,0,18,,150034,27,,,0,13,,150076,27,,,0,56,,150069,27,,,0,15,,150072,27,,,0,15,,150068,27,,,0,15,,150077,27,,,0,55,,150067,27,,,0,15,,150071,27,,,0,15,,150066,27,,,0,13,,150078,27,,,0,55,,150065,27,,,0,15,,150070,27,,,0,15,,150064,27,,,0,15,,150079,27,,,0,58,,150063,27,,,0,20,,150062,27,,,0,20,,150080,27,,,0,60,,150061,27,,,0,28,,150060,27,,,0,70,,150059,27,,,0,30,,150058,27,,,0,70,,150057,27,,,0,38,,150056,27,,,0,100,,150055,27,,,0,110,,150054,27,,,0,163,,150053,27,,,0
674201,'1',1447,,150091,6,,,0,61,,150092,6,,,0,23,,150093,6,,,0,12,,150094,6,,,0,16,,150095,6,,,0,56,,150096,6,,,0,32,,150097,6,,,0,69,,150098,6,,,0,87,,150099,6,,,0,31,,150100,6,,,0
674301,'1',520,,150114,2,,,0,34,,150115,2,,,0,90,,150116,2,,,0,70,,150117,2,,,0,30,,150118,2,,,0,59,,150119,2,,,0,28,,150120,2,,,0,796,,150121,6,,,0,28,,150122,6,,,0,76,,150123,6,,,0,79,,150124,6,,,0,46,,150125,6,,,0,68,,150126,6,,,0
684301,'1',936,,155703,3,,,0,102,,155702,3,,,0,98,,155701,3,,,0,100,,155700,3,,,0,100,,155699,3,,,0,100,,155698,3,,,0,101,,155697,3,,,0,100,,155696,3,,,0,99,,155695,3,,,0,100,,155694,3,,,0,100,,155693,3,,,0,100,,155692,3,,,0,105,,155691,3,,,0
684301,'2',936,,155709,3,,,0,100,,155706,3,,,0,100,,155715,3,,,0,100,,155705,3,,,0,100,,155704,3,,,0,100,,155714,3,,,0,100,,155713,3,,,0,100,,155712,3,,,0,100,,155711,3,,,0,102,,155710,3,,,0,100,,155708,3,,,0,100,,155707,3,,,0
684301,'3',936,,155719,3,,,0,100,,155718,3,,,0,100,,155717,3,,,0,100,,155716,3,,,0,100,,155726,3,,,0,100,,155725,3,,,0,100,,155720,3,,,0,100,,155724,3,,,0,100,,155723,3,,,0,95,,155722,3,,,0,100,,155721,3,,,0
684401,'1',916,,155776,3,,,0,100,,155775,3,,,0,100,,155774,3,,,0,100,,155773,3,,,0,100,,155772,3,,,0,100,,155771,3,,,0,100,,155770,3,,,0,100,,155769,3,,,0,103,,155768,3,,,0,97,,155767,3,,,0,100,,155777,3,,,0,100,,155766,3,,,0,100,,155765,3,,,0
684401,'2',906,,155786,3,,,0,100,,155785,3,,,0,100,,155784,3,,,0,100,,155783,3,,,0,100,,155782,3,,,0,100,,155781,3,,,0,100,,155780,3,,,0,100,,155779,3,,,0,100,,155790,3,,,0,100,,155778,3,,,0,100,,155789,3,,,0,105,,155788,3,,,0,100,,155787,3,,,0
684401,'3',906,,155791,3,,,0,100,,155792,3,,,0,100,,155800,3,,,0,100,,155799,3,,,0,100,,155798,3,,,0,100,,155797,3,,,0,100,,155796,3,,,0,100,,155795,3,,,0,100,,155794,3,,,0,100,,155793,3,,,0,100,,155802,3,,,0,100,,155801,3,,,0
1169600,'1',531,,157681,3,,,0,70,,157682,3,,,0,30,,157683,3,,,0,70,,157684,3,,,0,30,,157685,3,,,0,70,,157686,3,,,0,31,,157687,3,,,0,70,,157688,3,,,0,29,,157707,3,,,0,70,,157689,3,,,0,30,,157708,3,,,0,70,,157690,3,,,0,30,,157709,3,,,0,71,,157691,3,,,0,30,,157710,3,,,0,70,,157692,3,,,0,30,,157711,3,,,0,70,,157693,3,,,0,30,,157712,3,,,0,70,,157694,3,,,0,30,,157713,3,,,0,70,,157695,3,,,0,30,,157696,3,,,0,70,,157697,3,,,0,30,,157698,3,,,0,70,,157699,3,,,0,30,,157700,3,,,0,70,,157701,3,,,0,30,,157714,3,,,0,20,,157702,3,,,0,79,,157715,3,,,0,70,,157703,3,,,0,30,,157716,3,,,0,70,,157704,3,,,0,30,,157717,3,,,0,70,,157705,3,,,0,30,,157718,3,,,0,70,,157706,3,,,0
1169600,'2',651,,157719,3,,,0,71,,157746,3,,,0,30,,157720,3,,,0,72,,157721,3,,,0,27,,157722,3,,,0,70,,157745,3,,,0,30,,157723,3,,,0,70,,157724,3,,,0,30,,157725,3,,,0,71,,157726,3,,,0,30,,157727,3,,,0,70,,157728,3,,,0,30,,157729,3,,,0,70,,157730,3,,,0,30,,157731,3,,,0,70,,157732,3,,,0,30,,157733,3,,,0,71,,157734,3,,,0,29,,157735,3,,,0,69,,157736,3,,,0,30,,157737,3,,,0,70,,157738,3,,,0,30,,157739,3,,,0,70,,157740,3,,,0,30,,157747,3,,,0,70,,157741,3,,,0,30,,157742,3,,,0,70,,157748,3,,,0,30,,157743,3,,,0,70,,157749,3,,,0,30,,157744,3,,,0
1169600,'3',726,,157773,3,,,0,30,,157750,3,,,0,70,,157751,3,,,0,30,,157774,3,,,0,70,,157752,3,,,0,30,,157753,3,,,0,65,,157754,3,,,0,30,,157755,3,,,0,70,,157756,3,,,0,30,,157757,3,,,0,70,,157758,3,,,0,30,,157759,3,,,0,70,,157760,3,,,0,30,,157761,3,,,0,70,,157762,3,,,0,30,,157763,3,,,0,70,,157764,3,,,0,30,,157765,3,,,0,70,,157766,3,,,0,30,,157767,3,,,0,70,,157768,3,,,0,30,,157769,3,,,0,70,,157775,3,,,0,30,,157770,3,,,0,70,,157776,3,,,0,30,,157771,3,,,0,70,,157777,3,,,0,30,,157772,3,,,0
