666600,'1',554,,135806,24,,,0,81,,135805,45,,,0,70,,135788,45,,,0,27,,135804,45,,,0,25,,135803,45,,,0,62,,135802,43,,,0,87,,135801,43,,,0,29,,135800,43,,,0,71,,135799,43,,,0,30,,135798,43,,,0,71,,135784,43,,,0,30,,135783,43,,,0,70,,135782,43,,,0,30,,135797,43,,,0,71,,135781,43,,,0,29,,135796,43,,,0,71,,135795,43,,,0,31,,135794,43,,,0,72,,135793,43,,,0,35,,135780,43,,,0,70,,135779,43,,,0,22,,135809,43,,,0,15,,135770,43,,,0,72,,135808,43,,,0,15,,135792,43,,,0,15,,135769,43,,,0,55,,135791,43,,,0,11,,135790,43,,,0,14,,135789,43,,,0,14,,135768,43,,,0,55,,135787,43,,,0,16,,135778,43,,,0,30,,135786,43,,,0,70,,135785,43,,,0,30,,135771,43,,,0,69,,135772,43,,,0,27,,135810,43,,,0,70,,135773,43,,,0,40,,135774,43,,,0,85,,135775,43,,,0,84,,135776,43,,,0,90,,135777,43,,,0,41,,135807,43,,,0
666600,'101',832,,135767,47,,,0,5,,135765,47,,,0,874,,135766,43,,,0
666600,'2',727,,135814,43,,,0,32,,135815,43,,,0,69,,135816,43,,,0,30,,135817,43,,,0,74,,135818,43,,,0,71,,135819,43,,,0,30,,135820,43,,,0,73,,135821,43,,,0,29,,135822,43,,,0,70,,135823,43,,,0,32,,135824,43,,,0,70,,135825,43,,,0,30,,135826,43,,,0,70,,135827,43,,,0,30,,135828,43,,,0,70,,135829,43,,,0,30,,135830,43,,,0,70,,135831,43,,,0,29,,135832,43,,,0,70,,135833,43,,,0,30,,135834,43,,,0,70,,135835,43,,,0,28,,135836,43,,,0,68,,135837,43,,,0,29,,135838,43,,,0,70,,135839,43,,,0,28,,135847,43,,,0,72,,135840,43,,,0,30,,135848,43,,,0,28,,135841,43,,,0,98,,135842,43,,,0,99,,135843,43,,,0,100,,135844,43,,,0,100,,135845,43,,,0,74,,135846,43,,,0
666600,'201',831,,135813,43,,,0,5,,135811,43,,,0,875,,135812,43,,,0
666600,'3',743,,135865,43,,,0,96,,135866,43,,,0,100,,135849,43,,,0,70,,135874,43,,,0,31,,135850,43,,,0,70,,135875,43,,,0,30,,135851,43,,,0,71,,135867,43,,,0,32,,135852,43,,,0,70,,135868,43,,,0,30,,135853,43,,,0,71,,135869,43,,,0,28,,135854,43,,,0,71,,135870,43,,,0,29,,135855,43,,,0,70,,135871,43,,,0,30,,135856,43,,,0,71,,135872,43,,,0,29,,135857,43,,,0,71,,135873,43,,,0,28,,135858,43,,,0,68,,135876,43,,,0,31,,135859,43,,,0,67,,135877,43,,,0,30,,135860,43,,,0,68,,135878,43,,,0,32,,135861,43,,,0,98,,135862,43,,,0,100,,135863,43,,,0,109,,135864,43,,,0
666701,'1',441,,136215,7,,,0,18,,136255,7,,,0,62,,136188,7,,,0,20,,136189,7,,,0,60,,136190,7,,,0,16,,136191,7,,,0,11,,136192,7,,,0,8,,136193,7,,,0,9,,136194,7,,,0,14,,136259,7,,,0,53,,136260,7,,,0,17,,136195,7,,,0,11,,136196,7,,,0,19,,136197,7,,,0,73,,136198,7,,,0,15,,136199,7,,,0,56,,136200,7,,,0,14,,136258,7,,,0,17,,136216,7,,,0,13,,136217,7,,,0,55,,136254,7,,,0,15,,136201,7,,,0,15,,136202,7,,,0,15,,136203,7,,,0,55,,136204,7,,,0,14,,136205,7,,,0,15,,136206,7,,,0,15,,136207,7,,,0,57,,136257,7,,,0,15,,136218,7,,,0,15,,136219,7,,,0,15,,136253,7,,,0,55,,136208,7,,,0,15,,136209,7,,,0,14,,136210,7,,,0,15,,136211,7,,,0,56,,136212,7,,,0,16,,136213,7,,,0,14,,136214,7,,,0,15,,136256,7,,,0,56,,136220,7,,,0,13,,136221,7,,,0,15,,136252,7,,,0,15,,136222,7,,,0,55,,136223,7,,,0,15,,136224,7,,,0,15,,136225,7,,,0,14,,136226,7,,,0,55,,136227,7,,,0,11,,136228,7,,,0,19,,136229,7,,,0,15,,136251,7,,,0,55,,136236,7,,,0,15,,136248,7,,,0,16,,136249,7,,,0,15,,136230,7,,,0,55,,136231,7,,,0,15,,136232,7,,,0,15,,136233,7,,,0,15,,136234,7,,,0,55,,136235,7,,,0,15,,136250,7,,,0,19,,136237,7,,,0,19,,136247,7,,,0,59,,136238,7,,,0,27,,136239,7,,,0,73,,136240,7,,,0,32,,136241,7,,,0,72,,136242,7,,,0,30,,136243,7,,,0,68,,136244,7,,,0,30,,136245,7,,,0,70,,136246,7,,,0
666701,'101',816,,136187,7,,,0
666701,'2',550,,136270,7,,,0,69,,136271,7,,,0,20,,136288,7,,,0,61,,136289,7,,,0,19,,136285,7,,,0,15,,136290,7,,,0,16,,136291,7,,,0,54,,136292,7,,,0,15,,136293,7,,,0,11,,136294,7,,,0,8,,136262,7,,,0,12,,136295,7,,,0,55,,136296,7,,,0,14,,136297,7,,,0,13,,136298,7,,,0,16,,136299,7,,,0,57,,136300,7,,,0,16,,136301,7,,,0,14,,136302,7,,,0,15,,136303,7,,,0,52,,136305,7,,,0,15,,136306,7,,,0,16,,136307,7,,,0,15,,136304,7,,,0,57,,136308,7,,,0,14,,136284,7,,,0,13,,136309,7,,,0,16,,136310,7,,,0,54,,136311,7,,,0,15,,136313,7,,,0,15,,136314,7,,,0,15,,136315,7,,,0,57,,136316,7,,,0,15,,136317,7,,,0,17,,136318,7,,,0,15,,136319,7,,,0,56,,136320,7,,,0,15,,136321,7,,,0,13,,136322,7,,,0,15,,136323,7,,,0,55,,136324,7,,,0,15,,136325,7,,,0,15,,136326,7,,,0,15,,136327,7,,,0,55,,136328,7,,,0,15,,136263,7,,,0,15,,136264,7,,,0,24,,136265,7,,,0,54,,136266,7,,,0,11,,136287,7,,,0,14,,136267,7,,,0,15,,136268,7,,,0,55,,136286,7,,,0,14,,136269,7,,,0,17,,136273,7,,,0,20,,136272,7,,,0,59,,136274,7,,,0,22,,136275,7,,,0,72,,136312,7,,,0,33,,136276,7,,,0,72,,136277,7,,,0,35,,136278,7,,,0,68,,136279,7,,,0,29,,136280,7,,,0,73,,136281,7,,,0,30,,136282,7,,,0,65,,136283,7,,,0
666701,'201',816,,136261,7,,,0
666701,'3',700,,136344,7,,,0,20,,136345,7,,,0,17,,136330,7,,,0,16,,136346,7,,,0,55,,136347,7,,,0,14,,136343,7,,,0,12,,136329,7,,,0,13,,136348,7,,,0,12,,136349,7,,,0,52,,136350,7,,,0,12,,136351,7,,,0,7,,136352,7,,,0,19,,136353,7,,,0,55,,136354,7,,,0,15,,136355,7,,,0,14,,136356,7,,,0,17,,136357,7,,,0,55,,136358,7,,,0,15,,136359,7,,,0,15,,136338,7,,,0,15,,136339,7,,,0,58,,136340,7,,,0,14,,136360,7,,,0,13,,136361,7,,,0,15,,136362,7,,,0,54,,136363,7,,,0,15,,136364,7,,,0,15,,136365,7,,,0,14,,136366,7,,,0,57,,136367,7,,,0,16,,136368,7,,,0,15,,136369,7,,,0,16,,136337,7,,,0,55,,136370,7,,,0,14,,136371,7,,,0,16,,136372,7,,,0,15,,136373,7,,,0,54,,136374,7,,,0,13,,136375,7,,,0,18,,136376,7,,,0,12,,136377,7,,,0,56,,136378,7,,,0,15,,136379,7,,,0,15,,136380,7,,,0,16,,136381,7,,,0,56,,136382,7,,,0,15,,136342,7,,,0,16,,136383,7,,,0,12,,136384,7,,,0,55,,136341,7,,,0,15,,136385,7,,,0,15,,136386,7,,,0,21,,136387,7,,,0,61,,136388,7,,,0,26,,136389,7,,,0,73,,136390,7,,,0,29,,136331,7,,,0,75,,136332,7,,,0,31,,136333,7,,,0,66,,136334,7,,,0,30,,136335,7,,,0,68,,136336,7,,,0
674901,'1',429,,150994,37,,,0,71,,151023,37,,,0,22,,151024,51,,,0,32,,151025,51,,,0,49,,151026,37,,,0,24,,150983,51,,,0,9,,151027,37,,,0,22,,151028,51,,,0,51,,151029,51,,,0,20,,151030,51,,,0,8,,150990,51,,,0,22,,151031,51,,,0,50,,151032,51,,,0,19,,151033,51,,,0,17,,151034,51,,,0,13,,151035,37,,,0,59,,151036,51,,,0,15,,151037,51,,,0,15,,151038,37,,,0,54,,150991,51,,,0,15,,151039,37,,,0,15,,151040,51,,,0,15,,151041,37,,,0,55,,151042,51,,,0,16,,151043,37,,,0,15,,151044,51,,,0,8,,151045,38,,,0,19,,151046,51,,,0,57,,151047,37,,,0,16,,151048,51,,,0,15,,151049,37,,,0,55,,151050,51,,,0,14,,151051,37,,,0,15,,151052,51,,,0,15,,151053,37,,,0,58,,151054,51,,,0,16,,151055,37,,,0,15,,151056,51,,,0,17,,151012,37,,,0,54,,151013,51,,,0,19,,150989,51,,,0,28,,151014,51,,,0,67,,151015,51,,,0,17,,151016,51,,,0,7,,151017,38,,,0,5,,151018,51,,,0,58,,151019,51,,,0,14,,151020,51,,,0,15,,151021,51,,,0,13,,151022,51,,,0,55,,150985,51,,,0,11,,150988,51,,,0,13,,151010,51,,,0,13,,150997,51,,,0,14,,150998,51,,,0,55,,150999,51,,,0,12,,151000,51,,,0,15,,151001,51,,,0,15,,151002,51,,,0,55,,150992,51,,,0,17,,150984,51,,,0,14,,150996,51,,,0,15,,151003,51,,,0,70,,151004,51,,,0,29,,151005,51,,,0,56,,151006,38,,,0,17,,150986,51,,,0,20,,151011,51,,,0,59,,150995,38,,,0,21,,151007,51,,,0,21,,151008,51,,,0,70,,150987,51,,,0,28,,151009,51,,,0,70,,150993,51,,,0,29,,151057,51,,,0
674901,'101',1609,,150981,37,,,0,5,,150980,51,,,0
674901,'2',555,,151060,51,,,0,70,,151061,37,,,0,26,,151062,51,,,0,67,,151063,37,,,0,20,,151064,51,,,0,15,,151065,37,,,0,55,,151066,51,,,0,13,,151067,37,,,0,16,,151068,51,,,0,16,,151069,37,,,0,55,,151070,51,,,0,15,,151071,37,,,0,18,,151072,51,,,0,15,,151073,37,,,0,59,,151074,51,,,0,15,,151075,37,,,0,15,,151076,51,,,0,55,,151077,37,,,0,14,,151078,51,,,0,15,,151079,37,,,0,18,,151080,51,,,0,55,,151081,37,,,0,13,,151082,51,,,0,19,,151083,37,,,0,14,,151084,51,,,0,55,,151085,37,,,0,14,,151086,51,,,0,15,,151087,37,,,0,16,,151088,51,,,0,56,,151089,37,,,0,15,,151090,51,,,0,15,,151091,37,,,0,14,,151092,51,,,0,55,,151093,37,,,0,18,,151094,51,,,0,15,,151095,37,,,0,15,,151096,51,,,0,52,,151097,37,,,0,14,,151098,51,,,0,14,,151099,37,,,0,15,,151100,51,,,0,60,,151101,37,,,0,15,,151102,51,,,0,15,,151103,37,,,0,15,,151104,51,,,0,54,,151105,37,,,0,13,,151106,51,,,0,15,,151107,37,,,0,15,,151108,51,,,0,55,,151109,37,,,0,14,,151110,51,,,0,11,,151111,37,,,0,18,,151112,51,,,0,55,,151113,51,,,0,14,,151114,51,,,0,15,,151115,51,,,0,23,,151116,51,,,0,70,,151117,51,,,0,29,,151118,51,,,0,70,,151119,51,,,0,26,,151120,51,,,0,70,,151121,51,,,0,27,,151122,51,,,0,70,,151123,51,,,0,30,,151124,51,,,0,70,,151125,51,,,0,26,,151126,51,,,0
674901,'201',1609,,151059,37,,,0,5,,151058,51,,,0
674901,'3',649,,151160,37,,,0,72,,151152,37,,,0,30,,151151,51,,,0,70,,151150,51,,,0,15,,151149,37,,,0,15,,151148,51,,,0,55,,151185,37,,,0,16,,151184,51,,,0,15,,151183,37,,,0,15,,151182,51,,,0,58,,151181,37,,,0,15,,151180,51,,,0,18,,151179,37,,,0,14,,151178,51,,,0,56,,151135,37,,,0,15,,151134,51,,,0,19,,151177,37,,,0,53,,151176,51,,,0,14,,151175,37,,,0,15,,151174,51,,,0,15,,151173,37,,,0,15,,151172,51,,,0,52,,151171,37,,,0,18,,151170,51,,,0,15,,151169,37,,,0,56,,151168,51,,,0,16,,151167,37,,,0,14,,151166,51,,,0,16,,151147,37,,,0,54,,151146,51,,,0,17,,151145,37,,,0,5,,151144,51,,,0,22,,151143,37,,,0,14,,151142,51,,,0,57,,151141,37,,,0,13,,151140,51,,,0,17,,151139,37,,,0,13,,151138,51,,,0,55,,151137,37,,,0,15,,151159,51,,,0,12,,151158,37,,,0,14,,151157,51,,,0,54,,151156,37,,,0,17,,151155,51,,,0,14,,151154,37,,,0,16,,151153,51,,,0,55,,151136,37,,,0,15,,151133,51,,,0,16,,151132,37,,,0,14,,151131,51,,,0,54,,151129,37,,,0,14,,151130,51,,,0,17,,151128,37,,,0,15,,151127,51,,,0,55,,151189,37,,,0,20,,151188,51,,,0,29,,151165,51,,,0,70,,151187,51,,,0,30,,151186,51,,,0,70,,151161,51,,,0,29,,151162,51,,,0,71,,151163,51,,,0,27,,151190,51,,,0,69,,151164,51,,,0
3003701,'1',528,,161706,12,,,0,72,,161707,12,,,0,28,,161708,12,,,0,25,,161705,12,,,0,5,,161709,12,,,0,63,,161704,12,,,0,8,,161710,12,,,0,24,,161703,12,,,0,60,,161697,12,,,0,19,,161711,12,,,0,74,,161712,12,,,0,28,,161713,12,,,0,70,,161714,12,,,0,29,,161715,12,,,0,72,,161716,12,,,0,29,,161717,12,,,0,66,,161718,12,,,0,36,,161719,12,,,0,70,,161720,12,,,0,30,,161721,12,,,0,71,,161722,12,,,0,29,,161723,12,,,0,75,,161724,12,,,0,33,,161725,12,,,0,68,,161726,12,,,0,10,,161741,12,,,0,10,,161742,12,,,0,10,,161727,12,,,0,60,,161740,12,,,0,15,,161728,12,,,0,4,,161702,12,,,0,20,,161729,12,,,0,5,,161701,12,,,0,64,,161730,12,,,0,3,,161700,12,,,0,16,,161696,12,,,0,17,,161731,12,,,0,3,,161699,12,,,0,68,,161732,12,,,0,18,,161733,12,,,0,6,,161698,12,,,0,74,,161734,12,,,0,97,,161735,12,,,0,99,,161736,12,,,0,98,,161737,12,,,0,101,,161738,12,,,0,95,,161739,12,,,0
3003701,'101',757,,161695,12,,,0,99,,161694,12,,,0,686,,161693,12,,,0
3003701,'2',655,,161747,12,,,0,71,,161762,12,,,0,31,,161748,12,,,0,70,,161769,12,,,0,73,,161749,12,,,0,30,,161770,12,,,0,71,,161750,12,,,0,31,,161763,12,,,0,70,,161751,12,,,0,32,,161764,12,,,0,72,,161752,12,,,0,30,,161765,12,,,0,74,,161753,12,,,0,30,,161766,12,,,0,70,,161754,12,,,0,30,,161767,12,,,0,70,,161755,12,,,0,28,,161768,12,,,0,70,,161774,12,,,0,30,,161771,12,,,0,69,,161756,12,,,0,28,,161772,12,,,0,70,,161744,12,,,0,28,,161773,12,,,0,70,,161745,12,,,0,105,,161746,12,,,0,98,,161757,12,,,0,98,,161758,12,,,0,98,,161759,12,,,0,100,,161760,12,,,0,57,,161761,12,,,0
3003701,'201',757,,161743,12,,,0
3003701,'3',701,,161788,12,,,0,101,,161790,12,,,0,103,,161791,12,,,0,103,,161792,12,,,0,102,,161789,12,,,0,30,,161793,12,,,0,70,,161775,12,,,0,30,,161794,12,,,0,72,,161776,12,,,0,32,,161795,12,,,0,70,,161777,12,,,0,30,,161796,12,,,0,70,,161778,12,,,0,27,,161797,12,,,0,70,,161779,12,,,0,30,,161798,12,,,0,70,,161780,12,,,0,30,,161799,12,,,0,59,,161801,12,,,0,20,,161781,12,,,0,20,,161800,12,,,0,68,,161782,12,,,0,100,,161783,12,,,0,99,,161784,12,,,0,98,,161785,12,,,0,97,,161786,12,,,0,99,,161787,12,,,0
3003801,'1',529,,161921,27,,,0,71,,161922,27,,,0,21,,161916,27,,,0,9,,161923,27,,,0,20,,161915,27,,,0,6,,161924,27,,,0,65,,161958,27,,,0,5,,161925,27,,,0,16,,161953,27,,,0,15,,161926,27,,,0,55,,161951,27,,,0,15,,161927,27,,,0,21,,161928,27,,,0,70,,161929,27,,,0,25,,161930,27,,,0,76,,161931,27,,,0,30,,161943,27,,,0,71,,161935,27,,,0,30,,161936,27,,,0,71,,161937,27,,,0,30,,161938,27,,,0,70,,161939,27,,,0,31,,161940,27,,,0,69,,161941,27,,,0,30,,161942,27,,,0,68,,161944,27,,,0,36,,161945,27,,,0,65,,161946,27,,,0,25,,161917,27,,,0,65,,161947,27,,,0,3,,161957,27,,,0,25,,161948,27,,,0,5,,161956,27,,,0,61,,161949,27,,,0,5,,161955,27,,,0,19,,161952,27,,,0,21,,161954,27,,,0,64,,161950,27,,,0,25,,161918,27,,,0,98,,161919,27,,,0,99,,161920,27,,,0,100,,161932,27,,,0,95,,161933,27,,,0,97,,161934,27,,,0
3003801,'101',858,,161914,27,,,0,599,,161912,27,,,0,60,,161911,27,,,0,83,,161913,27,,,0
3003801,'2',743,,161968,27,,,0,70,,161985,27,,,0,30,,161969,27,,,0,71,,161987,27,,,0,31,,161970,27,,,0,73,,161977,27,,,0,30,,161971,27,,,0,71,,161959,27,,,0,32,,161972,27,,,0,70,,161960,27,,,0,30,,161973,27,,,0,70,,161961,27,,,0,30,,161974,27,,,0,70,,161962,27,,,0,31,,161975,27,,,0,70,,161963,27,,,0,30,,161976,27,,,0,68,,161964,27,,,0,30,,161978,27,,,0,69,,161965,27,,,0,30,,161979,27,,,0,69,,161966,27,,,0,28,,161980,27,,,0,65,,161967,27,,,0,23,,161981,27,,,0,100,,161982,27,,,0,100,,161983,27,,,0,100,,161984,27,,,0,97,,161986,27,,,0,100,,161988,27,,,0
3003801,'3',733,,161992,27,,,0,100,,161993,27,,,0,102,,161994,27,,,0,102,,161995,27,,,0,100,,161996,27,,,0,72,,162007,27,,,0,30,,161997,27,,,0,70,,162008,27,,,0,30,,161999,27,,,0,71,,162009,27,,,0,29,,161998,27,,,0,70,,162010,27,,,0,30,,161990,27,,,0,70,,162011,27,,,0,30,,161991,27,,,0,70,,162012,27,,,0,30,,162000,27,,,0,70,,162013,27,,,0,29,,162001,27,,,0,99,,162002,27,,,0,99,,162003,27,,,0,99,,162004,27,,,0,100,,162005,27,,,0,95,,162006,27,,,0,98,,161989,27,,,0
3005101,'1',601,,164502,12,,,0,29,,164504,12,,,0,70,,164526,12,,,0,29,,164527,12,,,0,71,,164528,12,,,0,31,,164529,12,,,0,70,,164530,12,,,0,19,,164505,12,,,0,24,,164506,12,,,0,71,,164507,12,,,0,31,,164508,12,,,0,70,,164509,12,,,0,32,,164510,12,,,0,67,,164511,12,,,0,30,,164512,12,,,0,68,,164513,12,,,0,33,,164514,12,,,0,70,,164515,12,,,0,32,,164516,12,,,0,68,,164523,12,,,0,34,,164524,12,,,0,64,,164525,12,,,0,37,,164503,12,,,0,70,,164531,12,,,0,31,,164532,12,,,0,78,,164533,12,,,0,28,,164534,12,,,0,59,,164517,12,,,0,28,,164518,12,,,0,99,,164519,12,,,0,100,,164520,12,,,0,97,,164521,12,,,0,105,,164522,12,,,0
3005101,'2',711,,164543,12,,,0,30,,164544,12,,,0,72,,164545,12,,,0,32,,164546,12,,,0,70,,164550,12,,,0,30,,164551,12,,,0,72,,164552,12,,,0,30,,164553,12,,,0,71,,164554,12,,,0,30,,164541,12,,,0,70,,164542,12,,,0,31,,164555,12,,,0,70,,164556,12,,,0,30,,164557,12,,,0,70,,164558,12,,,0,30,,164559,12,,,0,70,,164560,12,,,0,30,,164561,12,,,0,70,,164562,12,,,0,30,,164563,12,,,0,70,,164547,12,,,0,30,,164548,12,,,0,69,,164549,12,,,0,30,,164535,12,,,0,69,,164536,12,,,0,22,,164537,12,,,0,105,,164538,12,,,0,98,,164539,12,,,0,94,,164540,12,,,0
3005101,'3',710,,164590,12,,,0,30,,164591,12,,,0,72,,164564,12,,,0,30,,164565,12,,,0,71,,164566,12,,,0,32,,164567,12,,,0,72,,164568,12,,,0,30,,164569,12,,,0,70,,164570,12,,,0,30,,164571,12,,,0,72,,164572,12,,,0,30,,164573,12,,,0,70,,164574,12,,,0,30,,164575,12,,,0,70,,164576,12,,,0,30,,164577,12,,,0,70,,164578,12,,,0,32,,164579,12,,,0,70,,164580,12,,,0,30,,164581,12,,,0,70,,164582,12,,,0,27,,164583,12,,,0,70,,164584,12,,,0,30,,164585,12,,,0,65,,164589,12,,,0,30,,164586,12,,,0,100,,164587,12,,,0,100,,164588,12,,,0
3780901,'1',525,,171656,7,,,0,10,,171657,7,,,0,10,,171658,7,,,0,11,,171659,7,,,0,50,,171660,7,,,0,13,,171661,7,,,0,9,,171662,7,,,0,10,,171663,7,,,0,10,,171664,7,,,0,11,,171665,7,,,0,50,,171666,7,,,0,9,,171667,7,,,0,12,,171668,7,,,0,10,,171669,7,,,0,10,,171670,7,,,0,8,,171671,7,,,0,50,,171672,7,,,0,10,,171673,7,,,0,12,,171674,7,,,0,10,,171675,7,,,0,10,,171676,7,,,0,50,,171677,7,,,0,11,,171678,7,,,0,9,,171679,7,,,0,14,,171680,7,,,0,16,,171681,7,,,0,56,,171682,7,,,0,15,,171683,7,,,0,15,,171684,7,,,0,15,,171685,7,,,0,56,,171686,7,,,0,15,,171687,7,,,0,16,,171688,7,,,0,15,,171689,7,,,0,56,,171690,7,,,0,15,,171691,7,,,0,15,,171692,7,,,0,15,,171693,7,,,0,55,,171694,7,,,0,15,,171695,7,,,0,15,,171696,7,,,0,15,,171697,7,,,0,55,,171698,7,,,0,15,,171699,7,,,0,15,,171700,7,,,0,15,,171701,7,,,0,51,,171702,7,,,0,18,,171703,7,,,0,13,,171704,7,,,0,19,,171705,7,,,0,50,,171706,7,,,0,10,,171745,7,,,0,12,,171707,7,,,0,10,,171708,7,,,0,9,,171709,7,,,0,11,,171710,7,,,0,49,,171711,7,,,0,10,,171712,7,,,0,10,,171713,7,,,0,13,,171714,7,,,0,7,,171715,7,,,0,10,,171716,7,,,0,49,,171717,7,,,0,9,,171718,7,,,0,9,,171719,7,,,0,7,,171720,7,,,0,15,,171721,7,,,0,56,,171722,7,,,0,13,,171723,7,,,0,15,,171724,7,,,0,15,,171725,7,,,0,15,,171726,7,,,0,55,,171727,7,,,0,14,,171728,7,,,0,15,,171729,7,,,0,13,,171730,7,,,0,55,,171731,7,,,0,14,,171732,7,,,0,15,,171733,7,,,0,15,,171734,7,,,0,55,,171735,7,,,0,13,,171736,7,,,0,15,,171737,7,,,0,15,,171738,7,,,0,55,,171739,7,,,0,13,,171740,7,,,0,15,,171741,7,,,0,15,,171742,7,,,0,55,,171743,7,,,0,17,,171744,7,,,0
3780901,'101',1545,,171655,7,,,0
3780901,'2',524,,171747,7,,,0,16,,171748,7,,,0,15,,171749,7,,,0,55,,171750,7,,,0,15,,171751,7,,,0,16,,171752,7,,,0,15,,171753,7,,,0,56,,171754,7,,,0,17,,171755,7,,,0,15,,171756,7,,,0,15,,171757,7,,,0,55,,171758,7,,,0,15,,171759,7,,,0,15,,171760,7,,,0,57,,171761,7,,,0,15,,171762,7,,,0,15,,171763,7,,,0,15,,171764,7,,,0,57,,171765,7,,,0,15,,171766,7,,,0,17,,171767,7,,,0,15,,171768,7,,,0,56,,171769,7,,,0,15,,171770,7,,,0,16,,171771,7,,,0,15,,171772,7,,,0,57,,171773,7,,,0,15,,171774,7,,,0,17,,171775,7,,,0,15,,171776,7,,,0,55,,171777,7,,,0,15,,171778,7,,,0,15,,171779,7,,,0,15,,171780,7,,,0,55,,171781,7,,,0,15,,171782,7,,,0,15,,171783,7,,,0,15,,171784,7,,,0,55,,171785,7,,,0,15,,171786,7,,,0,13,,171787,7,,,0,15,,171788,7,,,0,55,,171789,7,,,0,14,,171790,7,,,0,15,,171791,7,,,0,15,,171792,7,,,0,55,,171793,7,,,0,15,,171794,7,,,0,12,,171795,7,,,0,15,,171796,7,,,0,54,,171797,7,,,0,14,,171798,7,,,0,15,,171799,7,,,0,15,,171800,7,,,0,55,,171801,7,,,0,15,,171802,7,,,0,14,,171803,7,,,0,15,,171804,7,,,0,55,,171805,7,,,0,15,,171806,7,,,0,14,,171807,7,,,0,15,,171808,7,,,0,54,,171809,7,,,0,15,,171810,7,,,0,14,,171811,7,,,0,15,,171812,7,,,0,15,,171813,7,,,0,55,,171814,7,,,0,14,,171815,7,,,0,15,,171816,7,,,0,15,,171817,7,,,0,55,,171818,7,,,0,14,,171819,7,,,0,15,,171820,7,,,0,15,,171821,7,,,0,55,,171822,7,,,0,13,,171823,7,,,0
3780901,'201',1545,,171746,7,,,0
3780901,'3',519,,171824,7,,,0,15,,171825,7,,,0,15,,171826,7,,,0,57,,171827,7,,,0,14,,171828,7,,,0,15,,171829,7,,,0,15,,171830,7,,,0,55,,171831,7,,,0,15,,171832,7,,,0,16,,171833,7,,,0,15,,171834,7,,,0,57,,171835,7,,,0,15,,171836,7,,,0,16,,171837,7,,,0,15,,171838,7,,,0,56,,171839,7,,,0,14,,171840,7,,,0,15,,171841,7,,,0,18,,171842,7,,,0,55,,171843,7,,,0,16,,171844,7,,,0,15,,171845,7,,,0,16,,171846,7,,,0,55,,171847,7,,,0,17,,171848,7,,,0,15,,171849,7,,,0,55,,171850,7,,,0,15,,171851,7,,,0,17,,171852,7,,,0,15,,171853,7,,,0,55,,171854,7,,,0,15,,171855,7,,,0,15,,171856,7,,,0,15,,171857,7,,,0,55,,171858,7,,,0,15,,171859,7,,,0,15,,171860,7,,,0,15,,171861,7,,,0,55,,171862,7,,,0,15,,171863,7,,,0,15,,171864,7,,,0,15,,171865,7,,,0,53,,171866,7,,,0,15,,171867,7,,,0,15,,171868,7,,,0,15,,171869,7,,,0,55,,171870,7,,,0,15,,171871,7,,,0,13,,171872,7,,,0,15,,171873,7,,,0,15,,171874,7,,,0,55,,171875,7,,,0,15,,171876,7,,,0,15,,171877,7,,,0,14,,171878,7,,,0,55,,171879,7,,,0,15,,171880,7,,,0,15,,171881,7,,,0,13,,171882,7,,,0,55,,171883,7,,,0,15,,171884,7,,,0,15,,171885,7,,,0,15,,171886,7,,,0,55,,171887,7,,,0,15,,171888,7,,,0,15,,171889,7,,,0,15,,171890,7,,,0,55,,171891,7,,,0,13,,171892,7,,,0,15,,171893,7,,,0,15,,171894,7,,,0,55,,171895,7,,,0,11,,171896,7,,,0,15,,171897,7,,,0,15,,171898,7,,,0,55,,171899,7,,,0,15,,171900,7,,,0
