665700,'1',539,,133477,13,,,0,19,,133507,13,,,0,58,,133508,13,,,0,15,,133479,13,,,0,15,,133491,13,,,0,13,,133493,13,,,0,53,,133488,13,,,0,16,,133511,13,,,0,14,,133487,13,,,0,17,,133469,13,,,0,54,,133494,13,,,0,15,,133504,13,,,0,15,,133458,13,,,0,14,,133499,13,,,0,55,,133461,13,,,0,15,,133467,13,,,0,15,,133481,13,,,0,15,,133492,13,,,0,55,,133456,13,,,0,15,,133502,13,,,0,14,,133498,13,,,0,15,,133476,13,,,0,55,,133482,13,,,0,15,,133490,13,,,0,15,,133513,13,,,0,15,,133454,13,,,0,56,,133483,13,,,0,15,,133470,13,,,0,15,,133496,13,,,0,15,,133468,13,,,0,55,,133484,13,,,0,15,,133471,13,,,0,15,,133472,13,,,0,15,,133453,13,,,0,55,,133485,13,,,0,15,,133474,13,,,0,15,,133486,13,,,0,15,,133495,13,,,0,56,,133506,13,,,0,15,,133501,13,,,0,15,,133505,13,,,0,74,,133514,13,,,0,12,,133478,13,,,0,15,,133452,13,,,0,15,,133480,13,,,0,55,,133463,13,,,0,16,,133489,13,,,0,16,,133462,13,,,0,55,,133473,13,,,0,15,,133465,13,,,0,15,,133500,13,,,0,14,,133464,13,,,0,70,,133457,13,,,0,29,,133466,13,,,0,70,,133460,13,,,0,29,,133503,13,,,0,70,,133475,13,,,0,30,,133510,13,,,0,69,,133455,13,,,0,34,,133497,13,,,0,76,,133459,13,,,0,30,,133509,13,,,0,77,,133512,13,,,0
665700,'101',1600,,133451,13,,,0
665700,'2',606,,133539,13,,,0,98,,133543,13,,,0,107,,133541,13,,,0,104,,133526,13,,,0,29,,133553,13,,,0,70,,133522,13,,,0,30,,133549,13,,,0,66,,133516,13,,,0,32,,133537,13,,,0,60,,133548,13,,,0,20,,133554,13,,,0,21,,133527,13,,,0,60,,133546,13,,,0,20,,133555,13,,,0,21,,133542,13,,,0,60,,133551,13,,,0,20,,133521,13,,,0,20,,133556,13,,,0,60,,133550,13,,,0,20,,133520,13,,,0,20,,133528,13,,,0,61,,133538,13,,,0,20,,133519,13,,,0,20,,133535,13,,,0,60,,133540,13,,,0,21,,133518,13,,,0,19,,133524,13,,,0,62,,133525,13,,,0,20,,133517,13,,,0,18,,133547,13,,,0,69,,133533,13,,,0,30,,133544,13,,,0,67,,133536,13,,,0,33,,133530,13,,,0,70,,133523,13,,,0,30,,133552,13,,,0,70,,133534,13,,,0,30,,133545,13,,,0,69,,133529,13,,,0,35,,133531,13,,,0,82,,133532,13,,,0
665700,'201',1600,,133515,13,,,0
665700,'3',713,,133562,13,,,0,100,,133565,13,,,0,100,,133583,13,,,0,31,,133580,13,,,0,70,,133557,13,,,0,30,,133586,13,,,0,70,,133576,13,,,0,30,,133588,13,,,0,71,,133566,13,,,0,31,,133570,13,,,0,70,,133567,13,,,0,30,,133573,13,,,0,70,,133577,13,,,0,30,,133585,13,,,0,70,,133581,13,,,0,30,,133572,13,,,0,70,,133568,13,,,0,30,,133560,13,,,0,70,,133578,13,,,0,30,,133563,13,,,0,70,,133587,13,,,0,29,,133558,13,,,0,69,,133579,13,,,0,30,,133584,13,,,0,70,,133571,13,,,0,30,,133569,13,,,0,70,,133582,13,,,0,30,,133559,13,,,0,69,,133575,13,,,0,30,,133574,13,,,0,70,,133589,13,,,0,30,,133564,13,,,0,85,,133561,13,,,0
3329201,'1',550,,167631,11,,,0,51,,167630,11,,,0,14,,167620,11,,,0,14,,167629,11,,,0,16,,167627,11,,,0,13,,167626,11,,,0,55,,167625,11,,,0,15,,167624,11,,,0,16,,167623,11,,,0,57,,167622,11,,,0,16,,167621,11,,,0,15,,167607,11,,,0,15,,167606,11,,,0,57,,167605,11,,,0,21,,167604,11,,,0,31,,167603,11,,,0,70,,167602,11,,,0,31,,167601,11,,,0,70,,167628,11,,,0,28,,167613,11,,,0,73,,167600,11,,,0,29,,167599,11,,,0,71,,167598,11,,,0,74,,167597,11,,,0,26,,167596,11,,,0,15,,167595,11,,,0,58,,167643,11,,,0,15,,167642,11,,,0,30,,167641,11,,,0,55,,167644,11,,,0,16,,167640,11,,,0,27,,167639,11,,,0,13,,167638,11,,,0,55,,167637,11,,,0,14,,167636,11,,,0,13,,167635,11,,,0,15,,167634,11,,,0,57,,167633,11,,,0,20,,167632,11,,,0,69,,167619,11,,,0,33,,167618,11,,,0,26,,167617,11,,,0,69,,167616,11,,,0,31,,167615,11,,,0,72,,167614,11,,,0,70,,167612,11,,,0,28,,167611,11,,,0,29,,167610,11,,,0,73,,167609,11,,,0,98,,167608,11,,,0
3329201,'101',1531,,167594,11,,,0,99,,167593,11,,,0
3329201,'2',624,,167650,11,,,0,31,,167648,11,,,0,78,,167668,11,,,0,69,,167667,11,,,0,31,,167666,11,,,0,71,,167665,11,,,0,25,,167664,11,,,0,29,,167663,11,,,0,70,,167662,11,,,0,30,,167661,11,,,0,71,,167660,11,,,0,71,,167659,11,,,0,29,,167658,11,,,0,30,,167657,11,,,0,72,,167656,11,,,0,71,,167682,11,,,0,30,,167681,11,,,0,70,,167680,11,,,0,28,,167679,11,,,0,72,,167678,11,,,0,32,,167677,11,,,0,69,,167676,11,,,0,30,,167675,11,,,0,69,,167674,11,,,0,30,,167673,11,,,0,27,,167672,11,,,0,72,,167671,11,,,0,73,,167670,11,,,0,31,,167669,11,,,0,70,,167649,11,,,0,30,,167647,11,,,0,72,,167655,11,,,0,28,,167654,11,,,0,65,,167653,11,,,0,32,,167652,11,,,0,98,,167651,11,,,0
3329201,'201',1525,,167646,11,,,0,105,,167645,11,,,0
3329201,'3',721,,167715,11,,,0,36,,167714,11,,,0,70,,167713,11,,,0,32,,167712,11,,,0,69,,167711,11,,,0,31,,167710,11,,,0,69,,167709,11,,,0,30,,167708,11,,,0,72,,167707,11,,,0,28,,167706,11,,,0,71,,167705,11,,,0,28,,167704,11,,,0,65,,167703,11,,,0,30,,167702,11,,,0,71,,167701,11,,,0,29,,167700,11,,,0,71,,167699,11,,,0,30,,167698,11,,,0,71,,167697,11,,,0,29,,167696,11,,,0,68,,167695,11,,,0,29,,167694,11,,,0,71,,167693,11,,,0,35,,167692,11,,,0,74,,167691,11,,,0,70,,167690,11,,,0,30,,167689,11,,,0,71,,167688,11,,,0,29,,167687,11,,,0,71,,167686,11,,,0,29,,167685,11,,,0,29,,167684,11,,,0,100,,167683,11,,,0
