2263800,'101_merged_15524965',726,,101136,8,,,0,826,,101135,8,,,0
2263800,'1_merged_15524958',507,,101169,8,,,0,30,,101170,8,,,0,71,,101171,8,,,0,11,,101172,8,,,0,14,,101173,8,,,0,17,,101174,8,,,0,53,,101175,8,,,0,16,,101176,8,,,0,11,,101177,8,,,0,19,,101178,8,,,0,63,,101179,8,,,0,19,,101180,8,,,0,24,,101146,8,,,0,66,,101147,8,,,0,29,,101148,8,,,0,70,,101149,8,,,0,30,,101150,8,,,0,70,,101151,8,,,0,30,,101152,8,,,0,71,,101153,8,,,0,30,,101154,8,,,0,71,,101155,8,,,0,32,,101156,8,,,0,67,,101157,8,,,0,28,,101158,8,,,0,72,,101159,8,,,0,16,,101160,8,,,0,65,,101189,8,,,0,19,,101161,8,,,0,12,,101162,8,,,0,15,,101137,8,,,0,54,,101167,8,,,0,14,,101168,8,,,0,15,,101138,8,,,0,23,,101166,8,,,0,63,,101188,8,,,0,19,,101140,8,,,0,64,,101187,8,,,0,26,,101181,8,,,0,22,,101139,8,,,0,73,,101163,8,,,0,26,,101164,8,,,0,72,,101165,8,,,0,32,,101141,8,,,0,66,,101185,8,,,0,30,,101186,8,,,0,70,,101142,8,,,0,32,,101184,8,,,0,70,,101143,8,,,0,30,,101183,8,,,0,70,,101144,8,,,0,30,,101182,8,,,0,70,,101145,8,,,0
2263800,'2_merged_15524960',604,,101190,8,,,0,20,,101191,8,,,0,30,,101192,8,,,0,70,,101193,8,,,0,31,,101194,8,,,0,70,,101195,8,,,0,30,,101196,8,,,0,70,,101197,8,,,0,30,,101198,8,,,0,71,,101199,8,,,0,30,,101200,8,,,0,70,,101201,8,,,0,30,,101202,8,,,0,70,,101203,8,,,0,30,,101204,8,,,0,70,,101205,8,,,0,30,,101206,8,,,0,70,,101207,8,,,0,30,,101208,8,,,0,70,,101209,8,,,0,30,,101210,8,,,0,70,,101211,8,,,0,30,,101212,8,,,0,70,,101213,8,,,0,30,,101214,8,,,0,65,,101215,8,,,0,30,,101216,8,,,0,70,,101217,8,,,0,30,,101218,8,,,0,70,,101219,8,,,0,30,,101220,8,,,0,70,,101221,8,,,0,30,,101222,8,,,0,69,,101223,8,,,0,30,,101224,8,,,0,69,,101225,8,,,0,30,,101226,8,,,0,90,,101227,8,,,0,66,,101228,8,,,0,43,,101229,8,,,0,70,,101230,8,,,0
2263800,'3_merged_15524959',634,,101243,8,,,0,70,,101234,8,,,0,30,,101244,8,,,0,70,,101245,8,,,0,30,,101246,8,,,0,71,,101247,8,,,0,30,,101248,8,,,0,70,,101250,8,,,0,30,,101251,8,,,0,70,,101249,8,,,0,30,,101252,8,,,0,70,,101253,8,,,0,31,,101254,8,,,0,70,,101255,8,,,0,30,,101256,8,,,0,70,,101257,8,,,0,30,,101258,8,,,0,70,,101259,8,,,0,30,,101260,8,,,0,70,,101261,8,,,0,30,,101262,8,,,0,70,,101263,8,,,0,30,,101264,8,,,0,70,,101265,8,,,0,29,,101266,8,,,0,70,,101267,8,,,0,30,,101268,8,,,0,70,,101231,8,,,0,30,,101232,8,,,0,72,,101233,8,,,0,31,,101235,8,,,0,76,,101236,8,,,0,31,,101237,8,,,0,70,,101238,8,,,0,25,,101239,8,,,0,69,,101240,8,,,0,30,,101241,8,,,0,69,,101242,8,,,0
3004601,'101_merged_15524965',1625,,104425,8,,,0
3004601,'1_merged_15524958',445,,104442,8,,,0,62,,104443,8,,,0,20,,104444,8,,,0,18,,104445,8,,,0,55,,104446,8,,,0,14,,104428,8,,,0,16,,104447,8,,,0,12,,104448,8,,,0,16,,104449,8,,,0,52,,104450,8,,,0,18,,104429,8,,,0,11,,104479,8,,,0,13,,104458,8,,,0,53,,104459,8,,,0,22,,104460,8,,,0,21,,104461,8,,,0,69,,104462,8,,,0,30,,104463,8,,,0,70,,104464,8,,,0,30,,104465,8,,,0,71,,104466,8,,,0,30,,104467,8,,,0,71,,104468,8,,,0,30,,104469,8,,,0,70,,104470,8,,,0,30,,104471,8,,,0,71,,104472,8,,,0,29,,104473,8,,,0,60,,104426,8,,,0,20,,104477,8,,,0,19,,104480,8,,,0,62,,104478,8,,,0,33,,104451,8,,,0,12,,104452,8,,,0,53,,104453,8,,,0,15,,104454,8,,,0,15,,104455,8,,,0,15,,104456,8,,,0,63,,104457,8,,,0,21,,104427,8,,,0,64,,104475,8,,,0,16,,104476,8,,,0,30,,104430,8,,,0,69,,104431,8,,,0,31,,104474,8,,,0,69,,104432,8,,,0,30,,104433,8,,,0,70,,104441,8,,,0,30,,104434,8,,,0,70,,104435,8,,,0,30,,104440,8,,,0,70,,104436,8,,,0,30,,104437,8,,,0,70,,104439,8,,,0,30,,104438,8,,,0
3004601,'2_merged_15524960',525,,104518,8,,,0,30,,104493,8,,,0,70,,104519,8,,,0,30,,104520,8,,,0,70,,104521,8,,,0,30,,104481,8,,,0,70,,104482,8,,,0,31,,104483,8,,,0,70,,104484,8,,,0,30,,104485,8,,,0,71,,104486,8,,,0,30,,104487,8,,,0,70,,104488,8,,,0,30,,104489,8,,,0,70,,104490,8,,,0,31,,104491,8,,,0,70,,104492,8,,,0,30,,104494,8,,,0,70,,104495,8,,,0,30,,104496,8,,,0,70,,104497,8,,,0,30,,104498,8,,,0,70,,104499,8,,,0,30,,104500,8,,,0,70,,104501,8,,,0,30,,104502,8,,,0,69,,104503,8,,,0,29,,104504,8,,,0,70,,104505,8,,,0,30,,104506,8,,,0,70,,104507,8,,,0,32,,104508,8,,,0,68,,104509,8,,,0,30,,104510,8,,,0,70,,104511,8,,,0,30,,104512,8,,,0,70,,104513,8,,,0,30,,104514,8,,,0,70,,104515,8,,,0,30,,104516,8,,,0,70,,104517,8,,,0
3004601,'3_merged_15524959',525,,104523,8,,,0,30,,104524,8,,,0,70,,104525,8,,,0,30,,104526,8,,,0,70,,104527,8,,,0,30,,104528,8,,,0,70,,104529,8,,,0,30,,104530,8,,,0,71,,104531,8,,,0,30,,104532,8,,,0,70,,104533,8,,,0,30,,104534,8,,,0,70,,104535,8,,,0,30,,104522,8,,,0,71,,104536,8,,,0,30,,104537,8,,,0,70,,104538,8,,,0,30,,104539,8,,,0,70,,104540,8,,,0,30,,104541,8,,,0,70,,104542,8,,,0,30,,104543,8,,,0,73,,104544,8,,,0,27,,104545,8,,,0,73,,104546,8,,,0,27,,104547,8,,,0,70,,104548,8,,,0,30,,104549,8,,,0,69,,104550,8,,,0,30,,104551,8,,,0,70,,104552,8,,,0,30,,104553,8,,,0,70,,104554,8,,,0,30,,104555,8,,,0,69,,104556,8,,,0,30,,104557,8,,,0,70,,104558,8,,,0,30,,104559,8,,,0,70,,104560,8,,,0,30,,104561,8,,,0
3004900,'101_merged_15524965',1600,,105013,8,,,0,20,,105012,8,,,0
3004900,'1_merged_15524958',540,,105058,8,,,0,15,,105059,8,,,0,54,,105060,8,,,0,16,,105051,8,,,0,14,,105052,8,,,0,17,,105014,8,,,0,50,,105015,8,,,0,20,,105016,8,,,0,5,,105017,8,,,0,21,,105018,8,,,0,52,,105019,8,,,0,13,,105061,8,,,0,12,,105020,8,,,0,12,,105021,8,,,0,62,,105022,8,,,0,33,,105023,8,,,0,66,,105024,8,,,0,30,,105025,8,,,0,70,,105026,8,,,0,30,,105027,8,,,0,69,,105028,8,,,0,32,,105029,8,,,0,70,,105030,8,,,0,30,,105031,8,,,0,70,,105032,8,,,0,30,,105033,8,,,0,23,,105057,8,,,0,53,,105062,8,,,0,16,,105034,8,,,0,10,,105035,8,,,0,12,,105036,8,,,0,64,,105037,8,,,0,25,,105038,8,,,0,13,,105039,8,,,0,60,,105040,8,,,0,10,,105041,8,,,0,16,,105042,8,,,0,18,,105043,8,,,0,59,,105044,8,,,0,15,,105045,8,,,0,17,,105063,8,,,0,58,,105046,8,,,0,35,,105047,8,,,0,70,,105048,8,,,0,30,,105049,8,,,0,70,,105050,8,,,0,32,,105053,8,,,0,68,,105054,8,,,0,32,,105055,8,,,0,70,,105056,8,,,0
3004900,'2_merged_15524960',541,,105076,8,,,0,69,,105078,8,,,0,30,,105079,8,,,0,70,,105080,8,,,0,30,,105081,8,,,0,71,,105082,8,,,0,30,,105083,8,,,0,70,,105084,8,,,0,30,,105064,8,,,0,65,,105069,8,,,0,35,,105077,8,,,0,65,,105094,8,,,0,31,,105085,8,,,0,70,,105086,8,,,0,30,,105087,8,,,0,70,,105088,8,,,0,30,,105089,8,,,0,70,,105090,8,,,0,30,,105091,8,,,0,70,,105092,8,,,0,29,,105093,8,,,0,72,,105095,8,,,0,20,,105100,8,,,0,20,,105065,8,,,0,59,,105066,8,,,0,20,,105101,8,,,0,20,,105067,8,,,0,60,,105068,8,,,0,20,,105102,8,,,0,20,,105070,8,,,0,63,,105071,8,,,0,19,,105103,8,,,0,17,,105072,8,,,0,60,,105073,8,,,0,30,,105074,8,,,0,70,,105075,8,,,0,30,,105096,8,,,0,69,,105097,8,,,0,30,,105098,8,,,0,70,,105099,8,,,0
3004900,'3_merged_15524959',640,,105106,8,,,0,70,,105107,8,,,0,30,,105108,8,,,0,70,,105109,8,,,0,30,,105104,8,,,0,71,,105105,8,,,0,30,,105110,8,,,0,70,,105111,8,,,0,30,,105112,8,,,0,70,,105113,8,,,0,30,,105114,8,,,0,65,,105115,8,,,0,30,,105116,8,,,0,70,,105117,8,,,0,30,,105118,8,,,0,70,,105119,8,,,0,31,,105120,8,,,0,70,,105121,8,,,0,30,,105122,8,,,0,70,,105123,8,,,0,30,,105124,8,,,0,70,,105125,8,,,0,31,,105126,8,,,0,67,,105127,8,,,0,27,,105128,8,,,0,75,,105129,8,,,0,30,,105130,8,,,0,70,,105131,8,,,0,30,,105132,8,,,0,69,,105133,8,,,0,30,,105134,8,,,0,65,,105135,8,,,0,33,,105136,8,,,0,72,,105137,8,,,0
3058400,'1_merged_15524958',532,,106213,9,,,0,68,,106214,9,,,0,32,,106202,9,,,0,25,,106234,9,,,0,58,,106235,9,,,0,17,,106215,9,,,0,17,,106216,9,,,0,60,,106236,9,,,0,17,,106217,9,,,0,75,,106218,9,,,0,27,,106219,9,,,0,23,,106220,9,,,0,70,,106221,9,,,0,30,,106222,9,,,0,75,,106223,9,,,0,28,,106224,9,,,0,68,,106225,9,,,0,30,,106226,9,,,0,73,,106227,9,,,0,30,,106228,9,,,0,73,,106229,9,,,0,27,,106230,9,,,0,73,,106231,9,,,0,30,,106232,9,,,0,78,,106233,9,,,0,64,,106203,9,,,0,35,,106212,9,,,0,78,,106204,9,,,0,28,,106211,9,,,0,62,,106205,9,,,0,34,,106210,9,,,0,67,,106206,9,,,0,33,,106209,9,,,0,72,,106207,9,,,0,28,,106208,9,,,0,100,,106237,9,,,0
3058400,'2_merged_15524960',559,,106238,9,,,0,68,,106239,9,,,0,75,,106240,9,,,0,30,,106241,9,,,0,70,,106242,9,,,0,30,,106243,9,,,0,70,,106244,9,,,0,30,,106245,9,,,0,72,,106246,9,,,0,30,,106247,9,,,0,70,,106248,9,,,0,30,,106249,9,,,0,70,,106250,9,,,0,30,,106251,9,,,0,70,,106252,9,,,0,30,,106253,9,,,0,70,,106254,9,,,0,30,,106255,9,,,0,70,,106256,9,,,0,30,,106257,9,,,0,70,,106258,9,,,0,30,,106259,9,,,0,70,,106260,9,,,0,29,,106261,9,,,0,71,,106262,9,,,0,30,,106263,9,,,0,70,,106264,9,,,0,29,,106265,9,,,0,69,,106266,9,,,0,30,,106269,9,,,0,73,,106267,9,,,0,33,,106268,9,,,0,100,,106270,9,,,0,100,,106271,9,,,0
3058400,'3_merged_15524959',739,,106273,9,,,0,70,,106274,9,,,0,30,,106275,9,,,0,72,,106276,9,,,0,28,,106277,9,,,0,71,,106278,9,,,0,31,,106279,9,,,0,74,,106280,9,,,0,29,,106281,9,,,0,71,,106282,9,,,0,29,,106283,9,,,0,70,,106284,9,,,0,32,,106285,9,,,0,68,,106286,9,,,0,24,,106287,9,,,0,70,,106288,9,,,0,31,,106289,9,,,0,70,,106290,9,,,0,31,,106291,9,,,0,71,,106292,9,,,0,29,,106293,9,,,0,70,,106272,9,,,0,29,,106294,9,,,0,70,,106295,9,,,0,29,,106296,9,,,0,74,,106297,9,,,0,30,,106298,9,,,0,68,,106299,9,,,0,33,,106300,9,,,0,99,,106301,9,,,0,100,,106302,9,,,0
