674500,'1',1648,,150152,1,0,91 92,0,81,,150153,1,0,91 92,0,28,,150154,1,0,91 92,0,73,,150155,1,0,91 92,0,77,,150156,1,0,91 92,0
674500,'101',1457,,150151,1,0,91 92,0
674501,'1',1648,,150158,13,4,,0,81,,150159,13,4,,0,28,,150160,13,4,,0,73,,150161,13,4,,0,77,,150162,13,4,,0
674501,'101',1457,,150157,13,4,,0
682300,'1',753,,154770,1,,,0,69,,154782,1,,,0,30,,154764,1,,,0,70,,154783,1,,,0,29,,154784,1,,,0,70,,154765,1,,,0,30,,154766,1,,,0,70,,154767,1,,,0,30,,154768,1,,,0,70,,154771,1,,,0,31,,154772,1,,,0,70,,154773,1,,,0,25,,154776,1,,,0,70,,154777,1,,,0,85,,154778,1,,,0,25,,154779,1,,,0,25,,154774,1,,,0,70,,154769,1,,,0,30,,154785,1,,,0,70,,154786,1,,,0,29,,154780,1,,,0,70,,154775,1,,,0,30,,154781,1,,,0
682300,'2',851,,154793,1,,,0,71,,154792,1,,,0,30,,154791,1,,,0,69,,154790,1,,,0,30,,154789,1,,,0,70,,154788,1,,,0,30,,154787,1,,,0,70,,154807,1,,,0,30,,154806,1,,,0,70,,154805,1,,,0,31,,154804,1,,,0,69,,154803,1,,,0,30,,154802,1,,,0,70,,154801,1,,,0,30,,154800,1,,,0,71,,154799,1,,,0,30,,154798,1,,,0,70,,154797,1,,,0,30,,154796,1,,,0,70,,154795,1,,,0,30,,154794,1,,,0
682300,'3',852,,154821,1,,,0,80,,154822,1,,,0,79,,154823,1,,,0,40,,154808,1,,,0,80,,154809,1,,,0,80,,154810,1,,,0,41,,154811,1,,,0,80,,154812,1,,,0,79,,154813,1,,,0,40,,154814,1,,,0,80,,154815,1,,,0,80,,154816,1,,,0,40,,154817,1,,,0,80,,154818,1,,,0,80,,154819,1,,,0,40,,154820,1,,,0
682301,'1',753,,154844,13,4,,0,69,,154828,13,4,,0,30,,154829,13,4,,0,70,,154830,13,4,,0,29,,154831,13,4,,0,70,,154832,13,4,,0,30,,154833,13,4,,0,70,,154834,13,4,,0,30,,154835,13,4,,0,70,,154837,13,4,,0,31,,154838,13,4,,0,70,,154839,13,4,,0,25,,154840,13,4,,0,70,,154841,13,4,,0,85,,154836,13,4,,0,25,,154842,13,4,,0,25,,154824,13,4,,0,70,,154843,13,4,,0,30,,154845,13,4,,0,70,,154846,13,4,,0,29,,154826,13,4,,0,70,,154825,13,4,,0,30,,154827,13,4,,0
682301,'2',851,,154867,13,4,,0,71,,154866,13,4,,0,30,,154865,13,4,,0,69,,154864,13,4,,0,30,,154863,13,4,,0,70,,154862,13,4,,0,30,,154861,13,4,,0,70,,154847,13,4,,0,30,,154860,13,4,,0,70,,154859,13,4,,0,31,,154858,13,4,,0,69,,154857,13,4,,0,30,,154856,13,4,,0,70,,154855,13,4,,0,30,,154854,13,4,,0,71,,154853,13,4,,0,30,,154852,13,4,,0,70,,154850,13,4,,0,30,,154851,13,4,,0,70,,154849,13,4,,0,30,,154848,13,4,,0
682301,'3',852,,154868,13,4,,0,80,,154869,13,4,,0,79,,154870,13,4,,0,40,,154871,13,4,,0,80,,154872,13,4,,0,80,,154873,13,4,,0,41,,154874,13,4,,0,80,,154875,13,4,,0,79,,154876,13,4,,0,40,,154877,13,4,,0,80,,154878,13,4,,0,80,,154879,13,4,,0,40,,154880,13,4,,0,80,,154881,13,4,,0,80,,154882,13,4,,0,40,,154883,13,4,,0
