669901,'1',1544,,24622,,,0,56,,24623,,,0,20,,24630,,,0,20,,24624,,,0,72,,24625,,,0,16,,24626,,,0,29,,24627,,,0,59,,24628,,,0,26,,24629,,,0,15,,24619,,,0,55,,24620,,,0,29,,24621,,,0
671300,'1',509,,28631,,,0,15,,28630,,,0,15,,28629,,,0,13,,28628,,,0,55,,28624,,,0,15,,28627,,,0,15,,28582,,,0,15,,28620,,,0,58,,28583,,,0,14,,28619,,,0,15,,28584,,,0,15,,28621,,,0,56,,28585,,,0,19,,28586,,,0,18,,28622,,,0,61,,28587,,,0,19,,28623,,,0,25,,28605,,,0,65,,28606,,,0,30,,28607,,,0,70,,28608,,,0,30,,28609,,,0,70,,28610,,,0,30,,28612,,,0,69,,28613,,,0,29,,28615,,,0,70,,28616,,,0,30,,28617,,,0,60,,28626,,,0,15,,28618,,,0,15,,28625,,,0,15,,28575,,,0,55,,28604,,,0,15,,28588,,,0,15,,28611,,,0,15,,28589,,,0,55,,28590,,,0,15,,28591,,,0,13,,28592,,,0,13,,28593,,,0,11,,28594,,,0,53,,28595,,,0,15,,28596,,,0,15,,28576,,,0,16,,28597,,,0,55,,28577,,,0,16,,28598,,,0,15,,28578,,,0,16,,28599,,,0,55,,28632,,,0,15,,28579,,,0,19,,28633,,,0,59,,28580,,,0,20,,28614,,,0,20,,28634,,,0,59,,28600,,,0,18,,28581,,,0,20,,28635,,,0,62,,28601,,,0,20,,28636,,,0,31,,28602,,,0,72,,28637,,,0,30,,28603,,,0
671300,'2',530,,28681,,,0,21,,28680,,,0,60,,28678,,,0,20,,28657,,,0,20,,28654,,,0,60,,28658,,,0,22,,28641,,,0,21,,28653,,,0,59,,28640,,,0,21,,28648,,,0,22,,28652,,,0,60,,28647,,,0,25,,28656,,,0,70,,28646,,,0,30,,28638,,,0,70,,28645,,,0,30,,28655,,,0,70,,28675,,,0,29,,28674,,,0,70,,28673,,,0,30,,28672,,,0,70,,28671,,,0,30,,28670,,,0,70,,28679,,,0,30,,28669,,,0,62,,28668,,,0,21,,28667,,,0,21,,28651,,,0,60,,28666,,,0,20,,28665,,,0,20,,28650,,,0,60,,28664,,,0,20,,28663,,,0,30,,28649,,,0,70,,28662,,,0,30,,28661,,,0,70,,28644,,,0,31,,28643,,,0,70,,28659,,,0,30,,28642,,,0,69,,28660,,,0,28,,28639,,,0,104,,28677,,,0,144,,28676,,,0
671300,'3',535,,28717,,,0,70,,28716,,,0,26,,28687,,,0,20,,28720,,,0,60,,28686,,,0,21,,28691,,,0,19,,28718,,,0,60,,28692,,,0,20,,28693,,,0,20,,28719,,,0,64,,28694,,,0,26,,28688,,,0,70,,28695,,,0,30,,28689,,,0,70,,28696,,,0,30,,28690,,,0,70,,28702,,,0,30,,28703,,,0,69,,28704,,,0,31,,28705,,,0,70,,28706,,,0,29,,28707,,,0,70,,28708,,,0,30,,28709,,,0,70,,28710,,,0,30,,28721,,,0,70,,28711,,,0,30,,28712,,,0,70,,28714,,,0,30,,28715,,,0,70,,28713,,,0,30,,28682,,,0,71,,28697,,,0,30,,28698,,,0,70,,28685,,,0,30,,28699,,,0,69,,28684,,,0,45,,28700,,,0,145,,28701,,,0,100,,28683,,,0
682200,'1',651,,37577,,,0,60,,37554,,,0,16,,37549,,,0,4,,37566,,,0,22,,37578,,,0,61,,37555,,,0,19,,37567,,,0,19,,37579,,,0,62,,37556,,,0,27,,37568,,,0,68,,37557,,,0,29,,37573,,,0,70,,37558,,,0,30,,37574,,,0,20,,37559,,,0,72,,37569,,,0,70,,37560,,,0,33,,37570,,,0,72,,37561,,,0,40,,37571,,,0,72,,37551,,,0,11,,37562,,,0,20,,37572,,,0,5,,37589,,,0,61,,37580,,,0,18,,37563,,,0,20,,37553,,,0,60,,37581,,,0,21,,37575,,,0,7,,37550,,,0,10,,37552,,,0,62,,37582,,,0,16,,37564,,,0,20,,37576,,,0,57,,37583,,,0,20,,37565,,,0,23,,37584,,,0,62,,37585,,,0,29,,37586,,,0,79,,37587,,,0,36,,37588,,,0
682200,'2',753,,37601,,,0,73,,37602,,,0,29,,37618,,,0,3,,37593,,,0,70,,37603,,,0,31,,37594,,,0,71,,37604,,,0,70,,37595,,,0,30,,37605,,,0,71,,37596,,,0,31,,37606,,,0,71,,37597,,,0,31,,37607,,,0,70,,37600,,,0,30,,37608,,,0,24,,37619,,,0,49,,37598,,,0,29,,37609,,,0,71,,37599,,,0,33,,37610,,,0,15,,37620,,,0,54,,37590,,,0,32,,37611,,,0,71,,37591,,,0,32,,37612,,,0,67,,37592,,,0,25,,37613,,,0,70,,37614,,,0,27,,37615,,,0,67,,37616,,,0,31,,37617,,,0,100,,37621,,,0
682200,'3',821,,37633,,,0,37,,37622,,,0,1,,37649,,,0,69,,37634,,,0,30,,37627,,,0,70,,37635,,,0,30,,37628,,,0,70,,37636,,,0,31,,37629,,,0,70,,37637,,,0,30,,37630,,,0,72,,37638,,,0,70,,37631,,,0,32,,37639,,,0,23,,37650,,,0,48,,37632,,,0,30,,37640,,,0,70,,37623,,,0,31,,37641,,,0,11,,37651,,,0,62,,37624,,,0,29,,37642,,,0,69,,37625,,,0,30,,37643,,,0,67,,37626,,,0,29,,37644,,,0,69,,37645,,,0,28,,37646,,,0,30,,37647,,,0,71,,37648,,,0,100,,37652,,,0
1169201,'1',646,,40121,,,0,62,,40120,,,0,21,,40125,,,0,22,,40119,,,0,62,,40118,,,0,18,,40140,,,0,17,,40117,,,0,56,,40126,,,0,13,,40116,,,0,14,,40141,,,0,15,,40127,,,0,55,,40115,,,0,18,,40114,,,0,20,,40129,,,0,20,,40113,,,0,60,,40112,,,0,20,,40128,,,0,61,,40111,,,0,20,,40130,,,0,20,,40110,,,0,60,,40109,,,0,20,,40131,,,0,21,,40108,,,0,62,,40107,,,0,20,,40132,,,0,24,,40106,,,0,63,,40105,,,0,20,,40133,,,0,21,,40104,,,0,61,,40103,,,0,20,,40134,,,0,82,,40123,,,0,16,,40137,,,0,15,,40102,,,0,55,,40138,,,0,14,,40101,,,0,14,,40100,,,0,13,,40135,,,0,15,,40139,,,0,54,,40122,,,0,17,,40136,,,0,11,,40099,,,0,66,,40098,,,0,30,,40097,,,0,68,,40095,,,0,29,,40096,,,0,70,,40124,,,0,58,,40142,,,0,99,,40143,,,0,100,,40144,,,0
1169201,'101',1653,,40145,,,0
1169201,'2',739,,40146,,,0,62,,40172,,,0,20,,40147,,,0,20,,40148,,,0,62,,40173,,,0,23,,40171,,,0,20,,40149,,,0,64,,40174,,,0,20,,40150,,,0,20,,40151,,,0,63,,40175,,,0,20,,40152,,,0,20,,40153,,,0,59,,40176,,,0,21,,40154,,,0,19,,40155,,,0,60,,40177,,,0,22,,40156,,,0,20,,40157,,,0,60,,40178,,,0,20,,40158,,,0,20,,40159,,,0,62,,40179,,,0,21,,40160,,,0,20,,40161,,,0,59,,40180,,,0,18,,40164,,,0,20,,40162,,,0,59,,40181,,,0,20,,40163,,,0,20,,40165,,,0,60,,40182,,,0,18,,40166,,,0,20,,40167,,,0,58,,40187,,,0,20,,40168,,,0,26,,40169,,,0,70,,40170,,,0,100,,40183,,,0,97,,40184,,,0,97,,40185,,,0,98,,40186,,,0
1169201,'201',1653,,40188,,,0
1169201,'3',839,,40190,,,0,74,,40191,,,0,41,,40192,,,0,82,,40193,,,0,73,,40194,,,0,31,,40195,,,0,68,,40196,,,0,32,,40197,,,0,71,,40198,,,0,30,,40212,,,0,68,,40199,,,0,33,,40200,,,0,69,,40201,,,0,20,,40189,,,0,19,,40213,,,0,60,,40202,,,0,20,,40203,,,0,17,,40214,,,0,58,,40204,,,0,20,,40205,,,0,21,,40215,,,0,57,,40206,,,0,20,,40207,,,0,26,,40216,,,0,67,,40208,,,0,28,,40209,,,0,69,,40210,,,0,95,,40211,,,0,100,,40217,,,0,98,,40218,,,0,99,,40219,,,0
