681500,'1803_merged_15529708',1910,,153186,25,,,0,100,,153185,25,,,0,100,,153184,25,,,0,100,,153183,25,,,0
681500,'1_merged_15529700',450,,153208,25,,,0,90,,153189,25,,,0,70,,153207,25,,,0,30,,153188,25,,,0,70,,153206,25,,,0,30,,153187,25,,,0,70,,153205,25,,,0,100,,153204,25,,,0,100,,153203,25,,,0,100,,153202,25,,,0,100,,153201,25,,,0,100,,153200,25,,,0,100,,153199,25,,,0,100,,153198,25,,,0,100,,153197,25,,,0,100,,153196,25,,,0,100,,153195,25,,,0,100,,153194,25,,,0,100,,153193,25,,,0,100,,153192,25,,,0,100,,153191,25,,,0,100,,153190,25,,,0
681500,'2_merged_15529702',810,,153209,25,,,0,100,,153210,25,,,0,100,,153211,25,,,0,100,,153212,25,,,0,100,,153213,25,,,0,100,,153214,25,,,0,100,,153215,25,,,0,100,,153216,25,,,0,100,,153217,25,,,0,100,,153218,25,,,0,100,,153219,25,,,0,100,,153220,25,,,0,100,,153221,25,,,0,100,,153222,25,,,0,100,,153223,25,,,0,100,,153224,25,,,0
681500,'3_merged_15529701',910,,153230,25,,,0,100,,153229,25,,,0,100,,153228,25,,,0,100,,153227,25,,,0,100,,153226,25,,,0,100,,153225,25,,,0,100,,153234,25,,,0,100,,153233,25,,,0,100,,153231,25,,,0,100,,153232,25,,,0
3404500,'101_merged_15529707',817,,168390,6,0,101 102,0
3404500,'1_merged_15529700',609,,168408,6,,,0,100,,168406,6,,,0,100,,168405,6,,,0,100,,168404,6,,,0,100,,168403,6,,,0,100,,168402,6,,,0,100,,168401,6,,,0,100,,168400,6,,,0,100,,168399,6,,,0,103,,168398,6,,,0,97,,168397,6,,,0,100,,168396,6,,,0,100,,168395,6,,,0,100,,168394,6,,,0,100,,168393,6,,,0,100,,168392,6,,,0,100,,168391,6,,,0,100,,168407,6,,,0
3404500,'2_merged_15529702',709,,168409,6,,,0,100,,168410,6,,,0,100,,168411,6,,,0,100,,168412,6,,,0,100,,168413,6,,,0,100,,168414,6,,,0,100,,168415,6,,,0,100,,168416,6,,,0,100,,168417,6,,,0,100,,168418,6,,,0,100,,168419,6,,,0,100,,168420,6,,,0,100,,168421,6,,,0,100,,168422,6,,,0,100,,168423,6,,,0,100,,168424,6,,,0,100,,168425,6,,,0
3404500,'3_merged_15529701',809,,168440,6,,,0,100,,168439,6,,,0,100,,168438,6,,,0,100,,168437,6,,,0,100,,168436,6,,,0,100,,168435,6,,,0,100,,168434,6,,,0,100,,168433,6,,,0,100,,168432,6,,,0,100,,168431,6,,,0,100,,168430,6,,,0,100,,168429,6,,,0,100,,168428,6,,,0,100,,168427,6,,,0,100,,168426,6,,,0,100,,168441,6,,,0
5312700,'2_merged_15529702',849,,181206,19,,,0,100,,181207,19,,,0,100,,181208,19,,,0,100,,181209,19,,,0,100,,181210,19,,,0,100,,181211,19,,,0,100,,181212,19,,,0,100,,181213,19,,,0,100,,181214,19,,,0,100,,181215,19,,,0,100,,181216,19,,,0,100,,181217,19,,,0,100,,181218,19,,,0
5312700,'3_merged_15529701',849,,181219,19,,,0,100,,181220,19,,,0,100,,181221,19,,,0,100,,181222,19,,,0,100,,181223,19,,,0,100,,181224,19,,,0,100,,181225,19,,,0,100,,181226,19,,,0,100,,181227,19,,,0,100,,181228,19,,,0,100,,181229,19,,,0,100,,181230,19,,,0,100,,181231,19,,,0
