'152201merged14745388',661700,214000,4,'',0,1900,4,'',0,6000,4,'',0,2000,4,'',0,1800,4,'',0,6000,4,'',0,2000,4,'',0,2000,4,'',0,6000,4,'',0,1700,4,'',0,6700,4,'',0,3300,4,'',0
'152201merged14745388',661701,203000,,'',0,2000,,'',0,6000,,'',0,2100,,'',0,1900,,'',0,6000,,'',0,2000,,'',0,2000,,'',0,6000,,'',0,2300,,'',0,2000,,'',0,5100,,'',0,3000,,'',0
'152301merged14745389',661700,214000,4,'',0,1900,4,'',0,6000,4,'',0,2000,4,'',0,1800,4,'',0,6000,4,'',0,2000,4,'',0,2000,4,'',0,6000,4,'',0,1700,4,'',0,6700,4,'',0,3300,4,'',0
'152301merged14745389',661701,203000,,'',0,2000,,'',0,6000,,'',0,2100,,'',0,1900,,'',0,6000,,'',0,2000,,'',0,2000,,'',0,6000,,'',0,2300,,'',0,2000,,'',0,5100,,'',0,3000,,'',0
'1merged14745384',661700,52500,4,'',0,9100,4,'',0,2900,4,'',0,5900,4,'',0,1600,4,'',0,1300,4,'',0,1300,4,'',0,1200,4,'',0,5200,4,'',0,1300,4,'',0,1300,4,'',0,1000,4,'',0,1000,4,'',0,4900,4,'',0,1200,4,'',0,1300,4,'',0,1200,4,'',0,1500,4,'',0,5500,4,'',0,1300,4,'',0,1500,4,'',0,1500,4,'',0,5500,4,'',0,1700,4,'',0,1500,4,'',0,1500,4,'',0,5500,4,'',0,1800,4,'',0,1500,4,'',0,5500,4,'',0,1500,4,'',0,1500,4,'',0,1500,4,'',0,5600,4,'',0,1500,4,'',0,1700,4,'',0,1500,4,'',0,5600,4,'',0,1500,4,'',0,1500,4,'',0,1300,4,'',0,1100,4,'',0,5200,4,'',0,1200,4,'',0,1200,4,'',0,1300,4,'',0,5300,4,'',0,1300,4,'',0,1200,4,'',0,1200,4,'',0,1200,4,'',0,5200,4,'',0,1300,4,'',0,1100,4,'',0,2000,4,'',0,5700,4,'',0,2000,4,'',0,2000,4,'',0,5800,4,'',0,2000,4,'',0,2100,4,'',0,5900,4,'',0,2000,4,'',0
'1merged14745384',661701,53200,0,'Hastings',0,1900,,'',0,6000,,'',0,2100,,'',0,1500,,'',0,1100,,'',0,5100,,'',0,1200,,'',0,1300,,'',0,1000,,'',0,1100,,'',0,5300,,'',0,1100,,'',0,1300,,'',0,1300,,'',0,1300,,'',0,5600,,'',0,1400,,'',0,1600,,'',0,1500,,'',0,5500,,'',0,1500,,'',0,1500,,'',0,1500,,'',0,5500,,'',0,1500,,'',0,1300,,'',0,1500,,'',0,5400,,'',0,1500,,'',0,1500,,'',0,1600,,'',0,5600,,'',0,1500,,'',0,1500,,'',0,1500,,'',0,5500,,'',0,1500,,'',0,1400,,'',0,1200,,'',0,5300,,'',0,1300,,'',0,1100,,'',0,1300,,'',0,1300,,'',0,5100,,'',0,1200,,'',0,1300,,'',0,1400,,'',0,1200,,'',0,5300,,'',0,1200,,'',0,1200,,'',0,1400,,'',0,5200,,'',0,2200,,'',0,2200,,'',0,6100,,'',0,2400,,'',0,2000,,'',0,5800,,'',0,49700,0,'Downtown',0
'2merged14745386',661700,61500,4,'',0,3000,4,'',0,6000,4,'',0,2000,4,'',0,2100,4,'',0,6400,4,'',0,2100,4,'',0,2000,4,'',0,5600,4,'',0,1500,4,'',0,1500,4,'',0,1800,4,'',0,5500,4,'',0,1500,4,'',0,1500,4,'',0,1600,4,'',0,5500,4,'',0,1500,4,'',0,1500,4,'',0,1500,4,'',0,5500,4,'',0,1500,4,'',0,1500,4,'',0,5900,4,'',0,1500,4,'',0,1700,4,'',0,1500,4,'',0,5600,4,'',0,1400,4,'',0,1500,4,'',0,1600,4,'',0,5500,4,'',0,1600,4,'',0,1500,4,'',0,1500,4,'',0,5200,4,'',0,1200,4,'',0,1200,4,'',0,1300,4,'',0,1300,4,'',0,5300,4,'',0,1300,4,'',0,1200,4,'',0,1200,4,'',0,1200,4,'',0,5200,4,'',0,1000,4,'',0,1200,4,'',0,1200,4,'',0,1200,4,'',0,5500,4,'',0,1500,4,'',0,1500,4,'',0,1500,4,'',0,5400,4,'',0,1300,4,'',0,1900,4,'',0,2000,4,'',0,6000,4,'',0,2100,4,'',0,2100,4,'',0,6100,4,'',0,2000,4,'',0,1800,4,'',0,6000,4,'',0,2000,4,'',0,1600,4,'',0,5900,4,'',0,1800,4,'',0,7300,4,'',0,3200,4,'',0
'2merged14745386',661701,53800,0,'Hastings',0,6300,,'',0,2100,,'',0,2000,,'',0,6000,,'',0,2000,,'',0,1500,,'',0,1200,,'',0,5500,,'',0,1400,,'',0,1500,,'',0,1400,,'',0,5400,,'',0,1500,,'',0,1400,,'',0,1500,,'',0,5500,,'',0,1400,,'',0,1200,,'',0,1500,,'',0,1500,,'',0,5500,,'',0,1400,,'',0,1500,,'',0,1500,,'',0,5500,,'',0,1400,,'',0,1500,,'',0,1500,,'',0,5500,,'',0,1500,,'',0,1600,,'',0,1400,,'',0,5200,,'',0,1400,,'',0,1200,,'',0,1000,,'',0,1200,,'',0,5200,,'',0,1300,,'',0,1300,,'',0,1300,,'',0,1300,,'',0,5200,,'',0,1300,,'',0,1200,,'',0,1400,,'',0,5200,,'',0,1300,,'',0,1200,,'',0,1200,,'',0,1400,,'',0,5500,,'',0,1500,,'',0,1900,,'',0,6000,,'',0,2400,,'',0,2000,,'',0,6000,,'',0,2000,,'',0,2000,,'',0,6000,,'',0,2300,,'',0,2000,,'',0,6000,,'',0,2000,,'',0,2000,,'',0,6000,,'',0,2600,,'',0,2000,,'',0,5500,,'',0,2700,,'',0,7300,0,'Downtown',0
'3merged14745385',661700,63700,4,'',0,7100,4,'',0,3200,4,'',0,7000,4,'',0,3100,4,'',0,7500,4,'',0,2600,4,'',0,6200,4,'',0,2400,4,'',0,2400,4,'',0,6200,4,'',0,2000,4,'',0,1500,4,'',0,5500,4,'',0,1600,4,'',0,1500,4,'',0,1500,4,'',0,5500,4,'',0,1500,4,'',0,1500,4,'',0,1400,4,'',0,5400,4,'',0,1400,4,'',0,1500,4,'',0,1500,4,'',0,5500,4,'',0,1500,4,'',0,1500,4,'',0,1500,4,'',0,5500,4,'',0,1500,4,'',0,1500,4,'',0,1300,4,'',0,5500,4,'',0,1500,4,'',0,1500,4,'',0,1500,4,'',0,5500,4,'',0,1600,4,'',0,1600,4,'',0,1700,4,'',0,5600,4,'',0,1400,4,'',0,2000,4,'',0,2000,4,'',0,5800,4,'',0,2000,4,'',0,2100,4,'',0,6000,4,'',0,1800,4,'',0,2000,4,'',0,6000,4,'',0,2000,4,'',0,2000,4,'',0,6000,4,'',0,2000,4,'',0,2000,4,'',0,6000,4,'',0,1800,4,'',0,7000,4,'',0,2900,4,'',0
'3merged14745385',661701,61000,,'',0,3400,,'',0,6900,,'',0,3200,,'',0,7000,,'',0,2200,,'',0,2000,,'',0,6000,,'',0,1900,,'',0,2000,,'',0,6000,,'',0,1600,,'',0,1500,,'',0,5300,,'',0,1500,,'',0,1500,,'',0,1500,,'',0,1300,,'',0,5500,,'',0,1500,,'',0,1500,,'',0,1500,,'',0,5500,,'',0,1500,,'',0,1500,,'',0,1500,,'',0,5500,,'',0,1500,,'',0,1500,,'',0,1500,,'',0,5400,,'',0,1500,,'',0,1500,,'',0,1500,,'',0,5600,,'',0,1500,,'',0,1500,,'',0,1500,,'',0,5500,,'',0,1700,,'',0,1500,,'',0,5800,,'',0,2000,,'',0,2000,,'',0,6200,,'',0,2000,,'',0,2000,,'',0,6200,,'',0,2200,,'',0,2000,,'',0,6000,,'',0,2200,,'',0,2000,,'',0,6000,,'',0,1900,,'',0,2000,,'',0,5900,,'',0,2000,,'',0,2200,,'',0,5600,,'',0,3200,,'',0,8600,0,'Downtown',0
