674101,'1_merged_15524958',619,,91431,7,0,88 49,0,16,,91432,7,0,89 90 12,0,13,,91433,7,0,88 49,0,57,,91434,7,,,0,19,,91435,7,,,0,21,,91436,7,,,0,55,,91437,7,,,0,6,,91438,7,0,89 90 12,0,18,,91439,7,,,0,16,,91440,7,,,0,15,,91441,7,,,0,54,,91442,7,,,0,17,,91443,7,,,0,22,,91444,7,,,0,66,,91445,7,,,0,19,,91446,7,,,0,20,,91486,7,,,0,59,,91447,7,,,0,20,,91487,7,,,0,22,,91448,7,,,0,60,,91449,7,,,0,19,,91488,7,,,0,20,,91450,7,,,0,60,,91451,7,,,0,19,,91489,7,,,0,18,,91452,7,,,0,57,,91453,7,,,0,15,,91454,7,,,0,15,,91455,7,,,0,15,,91456,7,,,0,55,,91457,7,,,0,15,,91458,7,,,0,15,,91459,7,0,89 90 12,0,17,,91460,7,,,0,56,,91461,7,,,0,32,,91463,7,0,88 49,0,11,,91464,7,,,0,49,,91465,7,,,0,26,,91467,7,0,88 49,0,31,,91469,7,,,0,73,,91471,7,,,0,15,,91472,7,,,0,53,,91473,7,,,0,20,,91474,7,,,0,20,,91475,7,,,0,60,,91476,7,,,0,20,,91477,7,,,0,20,,91478,7,,,0,60,,91479,7,,,0,23,,91480,7,,,0,31,,91481,7,,,0,70,,91482,7,,,0,110,,91483,7,,,0,94,,91484,7,,,0,180,,91485,7,,,0
674101,'2_merged_15524960',539,,91510,7,,,0,90,,91509,7,,,0,90,,91508,7,,,0,21,,91539,7,,,0,60,,91507,7,,,0,20,,91506,7,,,0,20,,91540,7,,,0,60,,91505,7,,,0,20,,91499,7,,,0,20,,91541,7,,,0,60,,91504,7,,,0,20,,91503,7,,,0,20,,91502,7,,,0,60,,91491,7,,,0,23,,91501,7,,,0,19,,91500,7,,,0,60,,91490,7,,,0,19,,91498,7,,,0,20,,91497,7,,,0,60,,91533,7,,,0,20,,91496,7,,,0,20,,91495,7,,,0,60,,91532,7,,,0,20,,91494,7,,,0,20,,91493,7,,,0,15,,91538,7,,,0,55,,91531,7,,,0,15,,91492,7,,,0,15,,91527,7,,,0,15,,91530,7,,,0,55,,91534,7,,,0,15,,91526,7,,,0,15,,91525,7,,,0,15,,91529,7,,,0,55,,91535,7,,,0,15,,91524,7,,,0,15,,91523,7,,,0,15,,91528,7,,,0,55,,91536,7,,,0,15,,91522,7,,,0,15,,91521,7,,,0,13,,91537,7,,,0,60,,91520,7,,,0,32,,91519,7,,,0,70,,91518,7,,,0,31,,91517,7,,,0,70,,91516,7,,,0,34,,91515,7,,,0,77,,91514,7,,,0,100,,91513,7,,,0,110,,91512,7,,,0,165,,91511,7,,,0
674101,'3_merged_15524959',537,,91562,7,,,0,88,,91561,7,,,0,89,,91560,7,,,0,31,,91559,7,,,0,70,,91558,7,,,0,22,,91591,7,,,0,19,,91557,7,,,0,60,,91551,7,,,0,20,,91592,7,,,0,20,,91556,7,,,0,60,,91555,7,,,0,20,,91554,7,,,0,20,,91543,7,,,0,60,,91553,7,,,0,20,,91552,7,,,0,20,,91542,7,,,0,60,,91550,7,,,0,20,,91549,7,,,0,20,,91585,7,,,0,60,,91548,7,,,0,20,,91547,7,,,0,20,,91584,7,,,0,60,,91546,7,,,0,22,,91545,7,,,0,20,,91583,7,,,0,57,,91544,7,,,0,14,,91586,7,,,0,16,,91579,7,,,0,55,,91582,7,,,0,16,,91578,7,,,0,15,,91587,7,,,0,15,,91577,7,,,0,55,,91581,7,,,0,15,,91576,7,,,0,15,,91588,7,,,0,15,,91575,7,,,0,55,,91580,7,,,0,15,,91574,7,,,0,15,,91589,7,,,0,19,,91573,7,,,0,60,,91572,7,,,0,20,,91590,7,,,0,20,,91571,7,,,0,67,,91570,7,,,0,30,,91569,7,,,0,70,,91568,7,,,0,34,,91567,7,,,0,77,,91566,7,,,0,100,,91565,7,,,0,110,,91564,7,,,0,164,,91563,7,,,0
682201,'1_merged_15524958',603,,96148,31,,,0,20,,96159,31,,,0,15,,96138,32,,,0,5,,96164,31,,,0,15,,96149,31,,,0,60,,96165,31,,,0,24,,96168,31,,,0,59,,96169,31,,,0,26,,96150,31,,,0,23,,96166,31,,,0,70,,96151,31,,,0,28,,96143,31,,,0,69,,96152,31,,,0,30,,96144,31,,,0,64,,96153,31,,,0,30,,96145,31,,,0,71,,96154,31,,,0,35,,96146,31,,,0,71,,96155,31,,,0,30,,96147,31,,,0,77,,96156,31,,,0,26,,96163,31,,,0,51,,96140,32,,,0,10,,96170,31,,,0,20,,96157,31,,,0,22,,96167,31,,,0,62,,96171,31,,,0,22,,96160,31,,,0,9,,96139,32,,,0,55,,96141,31,,,0,18,,96172,31,,,0,18,,96161,31,,,0,20,,96142,31,,,0,60,,96173,31,,,0,20,,96162,31,,,0,62,,96158,31,,,0,23,,96174,31,,,0,30,,96175,31,,,0,80,,96176,31,,,0,78,,96177,31,,,0,100,,96178,31,,,0
682201,'2_merged_15524960',714,,96192,31,,,0,35,,96193,31,,,0,60,,96207,32,,,0,11,,96189,31,,,0,30,,96180,31,,,0,69,,96179,31,,,0,30,,96191,31,,,0,70,,96194,31,,,0,30,,96181,31,,,0,70,,96195,31,,,0,30,,96182,31,,,0,70,,96196,31,,,0,31,,96183,31,,,0,70,,96197,31,,,0,30,,96184,31,,,0,55,,96208,32,,,0,18,,96198,31,,,0,29,,96185,31,,,0,71,,96199,31,,,0,32,,96186,31,,,0,48,,96209,32,,,0,21,,96200,31,,,0,32,,96187,31,,,0,71,,96201,31,,,0,32,,96188,31,,,0,69,,96202,31,,,0,27,,96190,31,,,0,70,,96203,31,,,0,28,,96204,31,,,0,67,,96205,31,,,0,31,,96206,31,,,0,100,,96210,31,,,0
682201,'3_merged_15524959',742,,96223,31,,,0,71,,96238,32,,,0,6,,96212,31,,,0,30,,96213,31,,,0,69,,96211,31,,,0,30,,96214,31,,,0,70,,96225,31,,,0,30,,96215,31,,,0,70,,96226,31,,,0,30,,96216,31,,,0,70,,96227,31,,,0,30,,96217,31,,,0,70,,96228,31,,,0,30,,96218,31,,,0,7,,96239,32,,,0,64,,96229,31,,,0,30,,96219,31,,,0,70,,96230,31,,,0,31,,96220,31,,,0,7,,96240,32,,,0,65,,96231,31,,,0,30,,96221,31,,,0,71,,96232,31,,,0,29,,96222,31,,,0,68,,96233,31,,,0,31,,96224,31,,,0,69,,96234,31,,,0,29,,96235,31,,,0,70,,96236,31,,,0,32,,96237,31,,,0,100,,96241,31,,,0
682500,'1_merged_15524958',810,,96364,3,,,0,96,,96366,3,,,0,100,,96369,3,,,0,100,,96371,3,,,0,100,,96372,3,,,0,100,,96374,3,,,0,100,,96376,3,,,0,100,,96379,3,,,0,100,,96381,3,,,0,100,,96384,3,,,0,100,,96362,3,,,0,100,,96363,3,,,0
682500,'2_merged_15524960',911,,96391,3,,,0,100,,96389,3,,,0,100,,96387,3,,,0,100,,96385,3,,,0,100,,96404,3,,,0,100,,96402,3,,,0,100,,96400,3,,,0,100,,96398,3,,,0,100,,96396,3,,,0,100,,96394,3,,,0,100,,96392,3,,,0
682500,'3_merged_15524959',941,,96406,3,,,0,80,,96407,3,,,0,80,,96408,3,,,0,40,,96409,3,,,0,80,,96410,3,,,0,80,,96411,3,,,0,40,,96412,3,,,0,80,,96413,3,,,0,80,,96414,3,,,0,40,,96415,3,,,0,80,,96416,3,,,0,80,,96417,3,,,0,40,,96418,3,,,0,80,,96419,3,,,0
1169601,'1_merged_15524958',450,,99036,3,,,0,70,,99037,3,,,0,30,,99038,3,,,0,70,,99039,3,,,0,30,,99040,3,,,0,70,,99041,3,,,0,30,,99042,3,,,0,70,,99043,3,,,0,30,,99044,3,,,0,70,,99064,3,,,0,30,,99045,3,,,0,70,,99065,3,,,0,30,,99046,3,,,0,70,,99066,3,,,0,30,,99047,3,,,0,70,,99067,3,,,0,30,,99048,3,,,0,70,,99068,3,,,0,30,,99049,3,,,0,70,,99069,3,,,0,30,,99050,3,,,0,70,,99061,3,,,0,30,,99051,3,,,0,70,,99052,3,,,0,30,,99053,3,,,0,70,,99054,3,,,0,30,,99055,3,,,0,70,,99056,3,,,0,30,,99057,3,,,0,70,,99070,3,,,0,30,,99058,3,,,0,70,,99071,3,,,0,30,,99059,3,,,0,70,,99072,3,,,0,30,,99060,3,,,0,70,,99073,3,,,0,30,,99062,3,,,0,70,,99074,3,,,0,30,,99063,3,,,0
1169601,'2_merged_15524960',615,,99075,3,,,0,30,,99076,3,,,0,70,,99103,3,,,0,30,,99077,3,,,0,70,,99078,3,,,0,30,,99104,3,,,0,70,,99079,3,,,0,30,,99080,3,,,0,70,,99081,3,,,0,30,,99082,3,,,0,70,,99083,3,,,0,30,,99084,3,,,0,70,,99085,3,,,0,30,,99086,3,,,0,70,,99087,3,,,0,30,,99088,3,,,0,70,,99089,3,,,0,30,,99090,3,,,0,68,,99091,3,,,0,32,,99092,3,,,0,70,,99093,3,,,0,30,,99094,3,,,0,70,,99095,3,,,0,30,,99096,3,,,0,70,,99097,3,,,0,30,,99098,3,,,0,70,,99099,3,,,0,30,,99100,3,,,0,70,,99105,3,,,0,30,,99101,3,,,0,70,,99106,3,,,0,30,,99102,3,,,0
1169601,'3_merged_15524959',645,,99107,3,,,0,70,,99131,3,,,0,30,,99108,3,,,0,70,,99109,3,,,0,30,,99132,3,,,0,70,,99110,3,,,0,30,,99111,3,,,0,70,,99112,3,,,0,30,,99113,3,,,0,70,,99114,3,,,0,30,,99115,3,,,0,70,,99116,3,,,0,30,,99117,3,,,0,70,,99118,3,,,0,30,,99119,3,,,0,70,,99120,3,,,0,28,,99121,3,,,0,73,,99122,3,,,0,29,,99123,3,,,0,71,,99124,3,,,0,29,,99125,3,,,0,70,,99126,3,,,0,30,,99127,3,,,0,70,,99128,3,,,0,30,,99129,3,,,0,70,,99133,3,,,0,30,,99130,3,,,0,70,,99134,3,,,0,30,,99135,3,,,0
