'1201merged14514291',681900,220720,,'',0,10000,,'',0
'1merged14514299',681900,55820,,'',0,5300,,'',0,1200,,'',0,1100,,'',0,1200,,'',0,1200,,'',0,5000,,'',0,1000,,'',0,1000,,'',0,1000,,'',0,1000,,'',0,5200,,'',0,1490,,'',0,1100,,'',0,1200,,'',0,6900,,'',0,2900,,'',0,7000,,'',0,2910,,'',0,7000,,'',0,3090,,'',0,7200,,'',0,3000,,'',0,7000,,'',0,3100,,'',0,7000,,'',0,3090,,'',0,7250,,'',0,3000,,'',0,1500,,'',0,5500,,'',0,1500,,'',0,1500,,'',0,1200,,'',0,5200,,'',0,1250,,'',0,1200,,'',0,1200,,'',0,1200,,'',0,5200,,'',0,710,,'',0,1200,,'',0,1200,,'',0,1200,,'',0,5200,,'',0,1110,,'',0,1200,,'',0,1290,,'',0,1800,,'',0,5910,,'',0,2000,,'',0,2000,,'',0
'2merged14514301',681900,90610,,'',0,2000,,'',0,2000,,'',0,5910,,'',0,2000,,'',0,2000,,'',0,6000,,'',0,2000,,'',0,2000,,'',0,6190,,'',0,2100,,'',0,1500,,'',0,1500,,'',0,5500,,'',0,1500,,'',0,1500,,'',0,1500,,'',0,5500,,'',0,1500,,'',0,1690,,'',0,5500,,'',0,1500,,'',0,1500,,'',0,1600,,'',0,5500,,'',0,1500,,'',0,1500,,'',0,1500,,'',0,5500,,'',0,1210,,'',0,1500,,'',0,1500,,'',0,1500,,'',0,5500,,'',0,1500,,'',0,1500,,'',0,1500,,'',0,5500,,'',0,1500,,'',0,1400,,'',0,1500,,'',0,5500,,'',0,1500,,'',0,1500,,'',0,1500,,'',0,5410,,'',0,1500,,'',0,1800,,'',0,6000,,'',0,2710,,'',0,7000,,'',0,3000,,'',0,7000,,'',0
'3merged14514300',681900,90220,,'',0,2000,,'',0,2000,,'',0,6000,,'',0,2000,,'',0,2000,,'',0,6000,,'',0,2000,,'',0,2200,,'',0,6000,,'',0,2000,,'',0,2000,,'',0,6190,,'',0,2000,,'',0,2000,,'',0,6000,,'',0,2200,,'',0,2000,,'',0,6000,,'',0,2000,,'',0,2000,,'',0,6000,,'',0,2000,,'',0,2000,,'',0,6000,,'',0,1500,,'',0,1400,,'',0,1500,,'',0,5500,,'',0,1500,,'',0,1500,,'',0,1500,,'',0,5500,,'',0,1500,,'',0,1410,,'',0,1500,,'',0,5500,,'',0,1500,,'',0,1500,,'',0,2000,,'',0,5800,,'',0,2000,,'',0,2000,,'',0,6000,,'',0
'1merged14514299',829000,60400,,'',0,3800,,'',0,7050,,'',0,2090,,'',0,2090,,'',0,6500,,'',0,2400,,'',0,5810,,'',0,2000,,'',0,2000,,'',0,6000,,'',0,2000,,'',0,2500,,'',0,7000,,'',0,3090,,'',0,7100,,'',0,3000,,'',0,7000,,'',0,3190,,'',0,7000,,'',0,3090,,'',0,6190,,'',0,2600,,'',0,6500,,'',0,2500,,'',0,2400,,'',0,5920,,'',0,2300,,'',0,1900,,'',0,6300,,'',0,2210,,'',0,6200,,'',0,2500,,'',0,2000,,'',0,6910,,'',0,2960,,'',0,7200,,'',0,3000,,'',0,7600,,'',0
'2merged14514301',829000,82000,,'',0,3000,,'',0,6950,,'',0,3290,,'',0,7200,,'',0,3100,,'',0,7280,,'',0,3100,,'',0,7090,,'',0,7190,,'',0,2900,,'',0,7100,,'',0,3000,,'',0,7100,,'',0,2900,,'',0,6820,,'',0,3000,,'',0,7000,,'',0,3000,,'',0,2900,,'',0,6910,,'',0,2900,,'',0,6820,,'',0,2950,,'',0,6800,,'',0,2800,,'',0,6800,,'',0,2800,,'',0,6800,,'',0
'3merged14514300',829000,82540,,'',0,3310,,'',0,7690,,'',0,6760,,'',0,2430,,'',0,3000,,'',0,7000,,'',0,3000,,'',0,7200,,'',0,7200,,'',0,3000,,'',0,7100,,'',0,3280,,'',0,7000,,'',0,3000,,'',0,7000,,'',0,2910,,'',0,7000,,'',0,2900,,'',0,6910,,'',0,2900,,'',0,7000,,'',0,2910,,'',0,2910,,'',0,6950,,'',0,3000,,'',0,6810,,'',0,3000,,'',0,6900,,'',0
'1merged14514299',3780800,52910,4,'',0,1600,4,'',0,5500,4,'',0,1200,4,'',0,1200,4,'',0,1100,4,'',0,1100,4,'',0,900,4,'',0,4840,4,'',0,800,4,'',0,800,4,'',0,800,4,'',0,990,4,'',0,1170,4,'',0,900,4,'',0,5000,4,'',0,1100,4,'',0,1000,4,'',0,1000,4,'',0,1390,4,'',0,610,4,'',0,5000,4,'',0,1200,4,'',0,1100,4,'',0,1100,4,'',0,1200,4,'',0,5200,4,'',0,1200,4,'',0,1200,4,'',0,1300,4,'',0,1200,4,'',0,5200,4,'',0,1100,4,'',0,1100,4,'',0,1100,4,'',0,1200,4,'',0,5200,4,'',0,1200,4,'',0,1200,4,'',0,1200,4,'',0,1200,4,'',0,5200,4,'',0,1200,4,'',0,1200,4,'',0,1300,4,'',0,1200,4,'',0,5200,4,'',0,1200,4,'',0,1200,4,'',0,1290,4,'',0,1000,4,'',0,5000,4,'',0,1100,4,'',0,1000,4,'',0,1000,4,'',0,1000,4,'',0,900,4,'',0,4800,4,'',0,930,4,'',0,800,4,'',0,890,4,'',0,800,4,'',0,800,4,'',0,800,4,'',0,800,4,'',0,4800,4,'',0,800,4,'',0,710,4,'',0,800,4,'',0,610,4,'',0,800,4,'',0,1260,4,'',0,4300,4,'',0,710,4,'',0,800,4,'',0,700,4,'',0,800,4,'',0,720,4,'',0,1070,4,'',0,530,4,'',0,4800,4,'',0,800,4,'',0,970,4,'',0,800,4,'',0,530,4,'',0,1000,4,'',0,1000,4,'',0,4910,4,'',0,1160,4,'',0,840,4,'',0,1000,4,'',0,1000,4,'',0,1200,4,'',0,5300,4,'',0,1760,4,'',0,1250,4,'',0,1500,4,'',0,5500,4,'',0,1500,4,'',0,1400,4,'',0,1500,4,'',0,5460,4,'',0,1500,4,'',0,1300,4,'',0,1500,4,'',0,5600,4,'',0,1500,4,'',0,1590,4,'',0,1110,4,'',0,5890,4,'',0,1500,4,'',0,1700,4,'',0
'2merged14514301',3780800,52820,4,'',0,1500,4,'',0,1500,4,'',0,5500,4,'',0,1790,4,'',0,1500,4,'',0,5600,4,'',0,1500,4,'',0,1500,4,'',0,1500,4,'',0,5500,4,'',0,1500,4,'',0,1500,4,'',0,1640,4,'',0,5500,4,'',0,1500,4,'',0,1590,4,'',0,1500,4,'',0,5600,4,'',0,1500,4,'',0,1500,4,'',0,1500,4,'',0,5690,4,'',0,1600,4,'',0,1500,4,'',0,1500,4,'',0,5270,4,'',0,1100,4,'',0,1200,4,'',0,1400,4,'',0,1200,4,'',0,5200,4,'',0,1000,4,'',0,1200,4,'',0,1240,4,'',0,1200,4,'',0,5200,4,'',0,1200,4,'',0,1200,4,'',0,1200,4,'',0,1200,4,'',0,5100,4,'',0,1200,4,'',0,1300,4,'',0,1200,4,'',0,1200,4,'',0,5000,4,'',0,1100,4,'',0,1000,4,'',0,1000,4,'',0,1000,4,'',0,1000,4,'',0,5200,4,'',0,1000,4,'',0,1000,4,'',0,1000,4,'',0,1000,4,'',0,960,4,'',0,5000,4,'',0,1000,4,'',0,1000,4,'',0,910,4,'',0,1000,4,'',0,1000,4,'',0,4820,4,'',0,1000,4,'',0,1000,4,'',0,1000,4,'',0,1000,4,'',0,1200,4,'',0,5500,4,'',0,1970,4,'',0,840,4,'',0,1700,4,'',0,5300,4,'',0,1500,4,'',0,1310,4,'',0,1500,4,'',0,5600,4,'',0,1400,4,'',0,1360,4,'',0,1500,4,'',0,5500,4,'',0,1400,4,'',0,1400,4,'',0,1500,4,'',0,5500,4,'',0,1790,4,'',0,710,4,'',0,1900,4,'',0,5390,4,'',0,2100,4,'',0
'35301',3780800,260810,4,'',0,3400,4,'',0,7000,4,'',0
'3merged14514300',3780800,52740,4,'',0,1500,4,'',0,1580,4,'',0,5500,4,'',0,1500,4,'',0,1590,4,'',0,1500,4,'',0,5500,4,'',0,1600,4,'',0,1500,4,'',0,5500,4,'',0,1500,4,'',0,1500,4,'',0,1540,4,'',0,5500,4,'',0,1500,4,'',0,1600,4,'',0,1500,4,'',0,5600,4,'',0,1500,4,'',0,1590,4,'',0,1500,4,'',0,5500,4,'',0,1500,4,'',0,1690,4,'',0,1500,4,'',0,5580,4,'',0,1500,4,'',0,1500,4,'',0,1500,4,'',0,5300,4,'',0,1200,4,'',0,1200,4,'',0,1200,4,'',0,1200,4,'',0,5200,4,'',0,1200,4,'',0,1200,4,'',0,1200,4,'',0,1200,4,'',0,5200,4,'',0,1200,4,'',0,1200,4,'',0,1100,4,'',0,1300,4,'',0,5100,4,'',0,1300,4,'',0,1200,4,'',0,1200,4,'',0,1100,4,'',0,5000,4,'',0,1000,4,'',0,1000,4,'',0,930,4,'',0,1000,4,'',0,1000,4,'',0,5000,4,'',0,1000,4,'',0,1000,4,'',0,900,4,'',0,1000,4,'',0,1000,4,'',0,1000,4,'',0,5000,4,'',0,1000,4,'',0,1360,4,'',0,640,4,'',0,1000,4,'',0,810,4,'',0,5850,4,'',0,1150,4,'',0,1500,4,'',0,1500,4,'',0,5500,4,'',0,1400,4,'',0,1500,4,'',0,1500,4,'',0,5500,4,'',0,1460,4,'',0,1500,4,'',0,1500,4,'',0,5500,4,'',0,1500,4,'',0,1500,4,'',0,1690,4,'',0,5110,4,'',0,1400,4,'',0,1100,4,'',0,1900,4,'',0,6790,4,'',0
