674901,'1',446,,92533,8,,,0,68,,92534,8,,,0,30,,92492,8,,,0,72,,92537,8,,,0,11,,92538,8,,,0,19,,92539,8,,,0,8,,92499,8,,,0,57,,92540,8,,,0,11,,92541,8,,,0,18,,92542,8,,,0,17,,92543,8,,,0,73,,92545,8,,,0,15,,92546,8,,,0,68,,92500,8,,,0,31,,92549,8,,,0,70,,92551,8,,,0,29,,92553,8,,,0,65,,92555,8,,,0,33,,92557,8,,,0,70,,92559,8,,,0,30,,92561,8,,,0,72,,92563,8,,,0,30,,92565,8,,,0,68,,92522,8,,,0,20,,92498,8,,,0,22,,92523,8,,,0,68,,92524,8,,,0,18,,92525,8,,,0,12,,92527,8,,,0,59,,92528,8,,,0,15,,92529,8,,,0,15,,92530,8,,,0,18,,92531,8,,,0,54,,92494,8,,,0,13,,92497,8,,,0,13,,92519,8,,,0,15,,92506,8,,,0,55,,92507,8,,,0,18,,92508,8,,,0,12,,92509,8,,,0,15,,92510,8,,,0,55,,92511,8,,,0,15,,92501,8,,,0,17,,92493,8,,,0,14,,92505,8,,,0,55,,92512,8,,,0,30,,92513,8,,,0,70,,92514,8,,,0,33,,92495,8,,,0,63,,92520,8,,,0,40,,92516,8,,,0,65,,92517,8,,,0,30,,92496,8,,,0,70,,92518,8,,,0,30,,92502,8,,,0,70,,92566,8,,,0
674901,'101',1459,,92491,8,0,58 59,0,56,,92489,8,,,0
674901,'2',519,,92567,8,,,0,95,,92569,8,,,0,86,,92571,8,,,0,27,,92573,8,,,0,30,,92575,8,,,0,70,,92577,8,,,0,29,,92579,8,,,0,70,,92581,8,,,0,30,,92583,8,,,0,69,,92585,8,,,0,30,,92587,8,,,0,67,,92589,8,,,0,34,,92591,8,,,0,70,,92593,8,,,0,30,,92595,8,,,0,69,,92597,8,,,0,31,,92599,8,,,0,70,,92601,8,,,0,29,,92603,8,,,0,70,,92605,8,,,0,30,,92607,8,,,0,75,,92609,8,,,0,70,,92611,8,,,0,31,,92613,8,,,0,70,,92615,8,,,0,31,,92617,8,,,0,70,,92619,8,,,0,15,,92620,8,,,0,14,,92621,8,,,0,15,,92622,8,,,0,63,,92623,8,,,0,31,,92624,8,,,0,70,,92625,8,,,0,30,,92626,8,,,0,70,,92627,8,,,0,30,,92628,8,,,0,70,,92629,8,,,0,30,,92630,8,,,0,70,,92631,8,,,0,30,,92632,8,,,0,68,,92633,8,,,0
674901,'3',713,,92658,8,,,0,29,,92657,8,,,0,70,,92655,8,,,0,29,,92691,8,,,0,70,,92689,8,,,0,30,,92687,8,,,0,71,,92685,8,,,0,31,,92641,8,,,0,69,,92683,8,,,0,30,,92681,8,,,0,70,,92679,8,,,0,30,,92677,8,,,0,69,,92675,8,,,0,29,,92673,8,,,0,70,,92653,8,,,0,22,,92651,8,,,0,78,,92649,8,,,0,31,,92647,8,,,0,70,,92645,8,,,0,30,,92666,8,,,0,69,,92664,8,,,0,31,,92662,8,,,0,70,,92660,8,,,0,31,,92640,8,,,0,72,,92638,8,,,0,29,,92637,8,,,0,72,,92634,8,,,0,35,,92695,8,,,0,70,,92672,8,,,0,30,,92694,8,,,0,71,,92693,8,,,0,30,,92668,8,,,0,72,,92669,8,,,0,32,,92670,8,,,0,67,,92697,8,,,0,29,,92671,8,,,0
680501,'1',653,,94042,8,,,0,101,,94046,36,,,0,199,,94045,36,,,0,199,,94044,36,,,0,205,,94041,31,,,0,269,,94043,31,,,0,175,,94040,31,,,0,154,,94039,31,,,0
680501,'2',948,,94048,36,,,0,202,,94047,36,,,0,204,,94049,31,,,0,196,,94050,31,,,0,198,,94051,31,,,0,201,,94052,31,,,0
828901,'101',1502,,97863,13,,,0,5,,97864,13,,,0
3404201,'1',604,,108627,18,,,0,102,,108626,18,,,0,34,,108631,18,,,0,68,,108625,18,,,0,31,,108630,18,,,0,70,,108624,18,,,0,98,,108623,18,,,0,35,,108632,18,,,0,66,,108622,18,,,0,30,,108633,18,,,0,72,,108621,18,,,0,100,,108620,18,,,0,100,,108619,18,,,0,102,,108618,18,,,0,100,,108617,18,,,0,30,,108610,18,,,0,79,,108616,18,,,0,3,,108629,18,,,0,26,,108609,18,,,0,3,,108628,18,,,0,66,,108615,18,,,0,2,,108608,18,,,0,37,,108614,18,,,0,92,,108613,18,,,0,94,,108612,18,,,0,102,,108611,18,,,0
3404201,'2',940,,108639,18,,,0,100,,108640,18,,,0,100,,108638,18,,,0,100,,108641,18,,,0,102,,108637,18,,,0,99,,108642,18,,,0,101,,108636,18,,,0,100,,108643,18,,,0,100,,108635,18,,,0,98,,108644,18,,,0,93,,108634,18,,,0
3404201,'3',935,,108650,18,,,0,101,,108651,18,,,0,100,,108649,18,,,0,102,,108652,18,,,0,100,,108648,18,,,0,100,,108653,18,,,0,98,,108647,18,,,0,100,,108654,18,,,0,100,,108646,18,,,0,99,,108655,18,,,0,100,,108645,18,,,0
3404301,'1',811,,108710,20,,,0
3404301,'101',837,,108706,20,,,0
