661700,'152201_merged_15524962',2044,,60897,15,,,0,60,,60898,15,,,0,20,,60899,15,,,0,20,,60900,15,,,0,60,,60901,15,,,0,20,,60902,15,,,0,20,,60903,15,,,0,64,,60904,15,,,0,20,,60905,15,,,0,19,,60906,15,,,0,65,,60907,15,,,0,35,,60908,15,,,0
661700,'152301_merged_15524964',2044,,60909,15,,,0,60,,60910,15,,,0,20,,60911,15,,,0,20,,60912,15,,,0,60,,60913,15,,,0,20,,60914,15,,,0,20,,60915,15,,,0,64,,60916,15,,,0,20,,60917,15,,,0,19,,60918,15,,,0,65,,60919,15,,,0,35,,60920,15,,,0
661700,'1_merged_15524958',528,,60921,15,,,0,28,,60922,15,,,0,58,,60923,15,,,0,15,,60924,15,,,0,10,,60925,15,,,0,12,,60926,15,,,0,52,,60927,15,,,0,12,,60928,15,,,0,12,,60929,15,,,0,9,,60930,15,,,0,8,,60931,15,,,0,10,,60932,15,,,0,51,,60933,15,,,0,12,,60934,15,,,0,13,,60935,15,,,0,12,,60936,15,,,0,15,,60937,15,,,0,55,,60938,15,,,0,13,,60939,15,,,0,15,,60940,15,,,0,15,,60941,15,,,0,55,,60942,15,,,0,15,,60943,15,,,0,15,,60944,15,,,0,14,,60945,15,,,0,55,,60946,15,,,0,15,,60947,15,,,0,15,,60948,15,,,0,16,,60949,15,,,0,55,,60950,15,,,0,15,,60951,15,,,0,15,,60952,15,,,0,15,,60953,15,,,0,55,,60954,15,,,0,16,,60955,15,,,0,15,,60956,15,,,0,15,,60957,15,,,0,55,,60958,15,,,0,12,,60959,15,,,0,12,,60960,15,,,0,11,,60961,15,,,0,12,,60962,15,,,0,52,,60963,15,,,0,9,,60964,15,,,0,12,,60965,15,,,0,13,,60966,15,,,0,12,,60967,15,,,0,52,,60968,15,,,0,14,,60969,15,,,0,12,,60970,15,,,0,13,,60971,15,,,0,55,,60972,15,,,0,15,,60973,15,,,0,20,,60974,15,,,0,21,,60975,15,,,0,60,,60976,15,,,0,20,,60977,15,,,0,20,,60978,15,,,0,61,,60979,15,,,0,21,,60980,15,,,0,63,,60981,15,,,0,21,,60982,15,,,0
661700,'2_merged_15524960',600,,60985,15,,,0,20,,60986,15,,,0,20,,60987,15,,,0,19,,60988,15,,,0,60,,60989,15,,,0,21,,60990,15,,,0,60,,60991,15,,,0,14,,60992,15,,,0,13,,60993,15,,,0,15,,60994,15,,,0,16,,60995,15,,,0,55,,60996,15,,,0,14,,60997,15,,,0,15,,60998,15,,,0,13,,60999,15,,,0,55,,61000,15,,,0,14,,61001,15,,,0,15,,61002,15,,,0,13,,61003,15,,,0,55,,61004,15,,,0,15,,61005,15,,,0,15,,61006,15,,,0,15,,61007,15,,,0,55,,61008,15,,,0,16,,61009,15,,,0,16,,61010,15,,,0,16,,61011,15,,,0,56,,61012,15,,,0,15,,61013,15,,,0,15,,61014,15,,,0,15,,61015,15,,,0,56,,61016,15,,,0,15,,61017,15,,,0,15,,61018,15,,,0,12,,61019,15,,,0,52,,61020,15,,,0,12,,61021,15,,,0,13,,61022,15,,,0,13,,61023,15,,,0,13,,61024,15,,,0,53,,61025,15,,,0,12,,61026,15,,,0,12,,61027,15,,,0,12,,61028,15,,,0,13,,61029,15,,,0,52,,61030,15,,,0,12,,61031,15,,,0,12,,61032,15,,,0,13,,61033,15,,,0,55,,61034,15,,,0,15,,61035,15,,,0,15,,61036,15,,,0,18,,61037,15,,,0,54,,61038,15,,,0,14,,61039,15,,,0,19,,61040,15,,,0,20,,61041,15,,,0,60,,61042,15,,,0,21,,61043,15,,,0,62,,61044,15,,,0,21,,61045,15,,,0,20,,61046,15,,,0,61,,61047,15,,,0,21,,61048,15,,,0,20,,61049,15,,,0,60,,61050,15,,,0,19,,61051,15,,,0,16,,61052,15,,,0,75,,61053,15,,,0,32,,61054,15,,,0
661700,'3_merged_15524959',554,,61055,15,,,0,70,,61056,15,,,0,30,,61057,15,,,0,69,,61058,15,,,0,32,,61059,15,,,0,71,,61060,15,,,0,24,,61061,15,,,0,62,,61062,15,,,0,22,,61063,15,,,0,22,,61064,15,,,0,61,,61065,15,,,0,20,,61066,15,,,0,11,,61067,15,,,0,55,,61068,15,,,0,15,,61069,15,,,0,14,,61070,15,,,0,15,,61071,15,,,0,55,,61072,15,,,0,15,,61073,15,,,0,15,,61074,15,,,0,14,,61075,15,,,0,54,,61076,15,,,0,14,,61077,15,,,0,15,,61078,15,,,0,15,,61079,15,,,0,15,,61080,15,,,0,55,,61081,15,,,0,15,,61082,15,,,0,15,,61083,15,,,0,15,,61084,15,,,0,55,,61085,15,,,0,15,,61086,15,,,0,15,,61087,15,,,0,15,,61088,15,,,0,55,,61089,15,,,0,16,,61090,15,,,0,15,,61091,15,,,0,55,,61092,15,,,0,16,,61093,15,,,0,16,,61094,15,,,0,18,,61095,15,,,0,56,,61096,15,,,0,20,,61097,15,,,0,20,,61098,15,,,0,60,,61099,15,,,0,20,,61100,15,,,0,19,,61101,15,,,0,60,,61102,15,,,0,20,,61103,15,,,0,21,,61104,15,,,0,60,,61105,15,,,0,20,,61106,15,,,0,22,,61107,15,,,0,60,,61108,15,,,0,20,,61109,15,,,0,20,,61110,15,,,0,60,,61111,15,,,0,20,,61112,15,,,0,20,,61113,15,,,0,71,,61114,15,,,0,28,,61115,15,,,0
683300,'1_merged_15524958',2549,,96786,16,,,0,73,,96788,16,,,0,31,,96787,16,,,0
683300,'2_merged_15524960',2546,,96789,16,,,0,70,,96791,16,,,0,28,,96790,16,,,0
683300,'3_merged_15524959',2548,,96792,16,,,0,70,,96794,16,,,0,30,,96793,16,,,0,77,,96795,16,,,0
1671800,'152201_merged_15524962',2046,,99502,16,0,10,0,56,,99503,16,0,10,0,15,,99504,16,0,10,0,15,,99505,16,0,10,0,18,,99506,16,0,10,0,60,,99507,16,0,10,0,21,,99508,16,0,10,0,20,,99509,16,0,10,0,60,,99510,16,0,10,0,30,,99511,16,0,10,0,16,,99501,16,0,10,0,55,,99512,16,0,10,0,15,,99515,16,0,10,0,15,,99513,16,0,10,0,70,,99514,16,0,10,0
1671800,'152301_merged_15524964',2046,,99518,16,0,10,0,56,,99519,16,0,10,0,15,,99520,16,0,10,0,15,,99521,16,0,10,0,18,,99522,16,0,10,0,60,,99523,16,0,10,0,21,,99524,16,0,10,0,20,,99525,16,0,10,0,60,,99526,16,0,10,0,30,,99527,16,0,10,0,16,,99516,16,0,10,0,55,,99528,16,0,10,0,15,,99517,16,0,10,0,15,,99529,16,0,10,0,70,,99530,16,0,10,0
1671800,'1_merged_15524958',309,,99603,16,0,10,0,30,,99604,16,0,10,0,76,,99605,16,0,10,0,31,,99572,16,,,0,77,,99574,16,,,0,6,,99568,12,,,0,13,,99569,16,,,0,13,,99575,12,,,0,53,,99576,16,,,0,14,,99577,16,,,0,15,,99578,16,,,0,13,,99579,16,,,0,52,,99566,16,,,0,14,,99567,16,,,0,14,,99583,16,,,0,14,,99584,16,,,0,13,,99585,16,,,0,52,,99586,16,,,0,11,,99587,16,,,0,13,,99588,16,,,0,14,,99589,16,,,0,54,,99590,16,,,0,14,,99591,16,,,0,14,,99592,16,,,0,15,,99593,16,,,0,15,,99594,16,,,0,55,,99595,16,,,0,15,,99596,16,,,0,14,,99597,16,,,0,15,,99598,16,,,0,55,,99599,16,,,0,16,,99600,16,,,0,16,,99601,16,,,0,55,,99602,16,,,0,14,,99580,16,,,0,15,,99581,16,,,0,15,,99582,16,,,0,15,,99559,16,,,0,55,,99560,16,,,0,15,,99561,16,,,0,16,,99531,16,,,0,55,,99532,16,,,0,15,,99533,16,,,0,8,,99534,16,,,0,8,,99571,16,,,0,14,,99535,16,,,0,14,,99536,16,,,0,53,,99537,16,,,0,13,,99538,16,,,0,12,,99539,16,,,0,10,,99609,16,,,0,11,,99540,16,,,0,50,,99541,16,,,0,10,,99542,16,,,0,11,,99543,16,,,0,10,,99544,16,,,0,10,,99545,16,,,0,9,,99546,16,,,0,49,,99547,16,,,0,9,,99608,16,,,0,9,,99548,16,,,0,9,,99549,16,,,0,10,,99550,16,,,0,10,,99551,16,,,0,52,,99552,16,,,0,13,,99553,16,,,0,13,,99554,16,,,0,13,,99555,16,,,0,11,,99556,16,0,10,0,55,,99557,16,0,10,0,16,,99558,16,0,10,0,15,,99562,16,0,10,0,17,,99563,16,0,10,0,55,,99565,16,0,10,0,16,,99564,16,0,10,0
1671800,'2_merged_15524960',310,,99707,16,0,10,0,30,,99708,16,0,10,0,75,,99703,16,0,10,0,30,,99638,16,,,0,78,,99669,16,,,0,25,,99670,16,,,0,55,,99647,16,,,0,16,,99648,16,,,0,18,,99649,16,,,0,20,,99650,16,,,0,56,,99651,16,,,0,14,,99652,16,,,0,13,,99653,16,,,0,13,,99655,16,,,0,52,,99656,16,,,0,13,,99657,16,,,0,14,,99658,16,,,0,15,,99659,16,,,0,55,,99660,16,,,0,14,,99661,16,,,0,15,,99662,16,,,0,15,,99663,16,,,0,55,,99664,16,,,0,14,,99665,16,,,0,15,,99666,16,,,0,12,,99667,16,,,0,12,,99668,16,,,0,52,,99654,16,,,0,11,,99639,16,,,0,12,,99671,16,,,0,13,,99672,16,,,0,12,,99673,16,,,0,53,,99674,16,,,0,11,,99640,16,,,0,10,,99675,16,,,0,10,,99676,16,,,0,10,,99677,16,,,0,10,,99678,16,,,0,50,,99679,16,,,0,9,,99641,16,,,0,10,,99680,16,,,0,10,,99681,16,,,0,10,,99682,16,,,0,10,,99683,16,,,0,51,,99684,16,,,0,11,,99642,16,,,0,11,,99685,16,,,0,12,,99686,16,,,0,10,,99687,16,,,0,50,,99688,16,,,0,10,,99689,16,,,0,10,,99643,16,,,0,10,,99690,16,,,0,10,,99691,16,,,0,10,,99693,16,,,0,50,,99694,16,,,0,10,,99695,16,,,0,10,,99644,16,,,0,9,,99696,16,,,0,10,,99697,16,,,0,10,,99692,16,,,0,49,,99698,16,,,0,10,,99699,16,,,0,10,,99645,16,,,0,10,,99700,16,,,0,11,,99701,16,,,0,12,,99702,16,,,0,52,,99610,16,,,0,12,,99611,16,,,0,12,,99612,16,,,0,15,,99613,16,,,0,13,,99614,16,0,10,0,55,,99615,16,0,10,0,15,,99616,16,0,10,0,15,,99617,16,0,10,0,16,,99618,16,0,10,0,55,,99619,16,0,10,0,14,,99620,16,0,10,0,14,,99621,16,0,10,0,16,,99622,16,0,10,0,55,,99623,16,0,10,0,15,,99624,16,0,10,0,22,,99633,16,0,10,0,60,,99625,16,0,10,0,20,,99626,16,0,10,0,20,,99627,16,0,10,0,61,,99628,16,0,10,0,24,,99629,16,0,10,0,73,,99630,16,0,10,0,30,,99631,16,0,10,0,70,,99632,16,0,10,0
1671800,'3_merged_15524959',309,,99793,16,0,10,0,30,,99794,16,0,10,0,76,,99791,16,0,10,0,30,,99792,16,0,10,0,76,,99787,16,,,0,23,,99728,16,,,0,60,,99734,16,,,0,19,,99735,16,,,0,26,,99788,16,,,0,60,,99736,16,,,0,14,,99738,16,,,0,15,,99711,16,,,0,12,,99737,16,,,0,52,,99739,16,,,0,14,,99740,16,,,0,15,,99741,16,,,0,14,,99742,16,,,0,56,,99743,16,,,0,16,,99744,16,,,0,16,,99745,16,,,0,14,,99746,16,,,0,55,,99747,16,,,0,16,,99748,16,,,0,16,,99749,16,,,0,14,,99750,16,,,0,54,,99751,16,,,0,11,,99752,16,,,0,14,,99772,16,,,0,13,,99753,16,,,0,13,,99754,16,,,0,53,,99755,16,,,0,12,,99712,16,,,0,11,,99756,16,,,0,12,,99757,16,,,0,12,,99758,16,,,0,52,,99759,16,,,0,12,,99713,16,,,0,13,,99760,16,,,0,10,,99761,16,,,0,13,,99762,16,,,0,52,,99763,16,,,0,12,,99724,16,,,0,13,,99764,16,,,0,12,,99765,16,,,0,13,,99766,16,,,0,52,,99767,16,,,0,12,,99725,16,,,0,12,,99768,16,,,0,11,,99769,16,,,0,12,,99770,16,,,0,52,,99733,16,,,0,11,,99726,16,,,0,11,,99771,16,,,0,12,,99729,16,,,0,12,,99730,16,,,0,54,,99731,16,,,0,12,,99727,16,,,0,12,,99714,16,,,0,14,,99715,16,,,0,14,,99716,16,,,0,55,,99717,16,,,0,15,,99718,16,,,0,15,,99719,16,,,0,16,,99720,16,0,10,0,55,,99721,16,0,10,0,16,,99722,16,0,10,0,15,,99723,16,0,10,0,55,,99732,16,0,10,0,15,,99790,16,0,10,0,15,,99774,16,0,10,0,18,,99775,16,0,10,0,55,,99776,16,0,10,0,15,,99777,16,0,10,0,15,,99789,16,0,10,0,21,,99778,16,0,10,0,60,,99779,16,0,10,0,20,,99780,16,0,10,0,22,,99781,16,0,10,0,61,,99782,16,0,10,0,24,,99783,16,0,10,0,70,,99784,16,0,10,0,30,,99785,16,0,10,0,70,,99786,16,0,10,0
