672400,'1',453,,88604,40,,,0,66,,88607,40,,,0,20,,88634,40,,,0,64,,88597,40,,,0,22,,88609,40,,,0,16,,88598,40,,,0,15,,88636,40,,,0,55,,88620,40,,,0,13,,88641,40,,,0,15,,88642,40,,,0,16,,88643,40,,,0,56,,88644,40,,,0,15,,88608,40,,,0,15,,88645,40,,,0,16,,88602,40,,,0,55,,88646,40,,,0,14,,88618,40,,,0,15,,88647,40,,,0,15,,88630,40,,,0,57,,88621,40,,,0,17,,88648,40,,,0,18,,88649,40,,,0,60,,88622,40,,,0,20,,88616,40,,,0,20,,88632,40,,,0,60,,88623,40,,,0,20,,88633,40,,,0,20,,88603,40,,,0,61,,88624,40,,,0,20,,88601,40,,,0,19,,88613,40,,,0,60,,88625,40,,,0,20,,88617,40,,,0,20,,88637,40,,,0,55,,88606,40,,,0,15,,88627,40,,,0,15,,88612,40,,,0,15,,88638,40,,,0,55,,88614,40,,,0,15,,88619,40,,,0,15,,88605,40,,,0,15,,88650,40,,,0,55,,88651,40,,,0,15,,88652,40,,,0,15,,88653,40,,,0,15,,88654,40,,,0,56,,88655,40,,,0,15,,88656,40,,,0,16,,88657,40,,,0,15,,88658,40,,,0,55,,88659,40,,,0,15,,88660,40,,,0,15,,88661,40,,,0,16,,88610,40,,,0,57,,88662,40,,,0,25,,88611,40,,,0,25,,88635,40,,,0,69,,88599,40,,,0,30,,88626,40,,,0,70,,88628,40,,,0,75,,88600,40,,,0,24,,88615,40,,,0,30,,88639,40,,,0,68,,88629,40,,,0,30,,88640,40,,,0,67,,88631,40,,,0
672400,'2',444,,88700,40,,,0,75,,88704,40,,,0,34,,88705,40,,,0,69,,88706,40,,,0,32,,88707,40,,,0,72,,88708,40,,,0,31,,88709,40,,,0,69,,88710,40,,,0,30,,88711,40,,,0,61,,88712,40,,,0,15,,88724,40,,,0,15,,88725,40,,,0,55,,88726,40,,,0,15,,88727,40,,,0,15,,88728,40,,,0,15,,88664,40,,,0,55,,88665,40,,,0,15,,88666,40,,,0,16,,88667,40,,,0,15,,88668,40,,,0,55,,88669,40,,,0,15,,88670,40,,,0,15,,88671,40,,,0,15,,88672,40,,,0,55,,88673,40,,,0,15,,88674,40,,,0,14,,88675,40,,,0,16,,88676,40,,,0,55,,88677,40,,,0,15,,88678,40,,,0,15,,88679,40,,,0,15,,88680,40,,,0,55,,88681,40,,,0,15,,88682,40,,,0,14,,88683,40,,,0,15,,88684,40,,,0,55,,88685,40,,,0,14,,88686,40,,,0,15,,88663,40,,,0,18,,88687,40,,,0,56,,88688,40,,,0,15,,88689,40,,,0,17,,88690,40,,,0,15,,88691,40,,,0,55,,88692,40,,,0,15,,88693,40,,,0,15,,88713,40,,,0,22,,88714,40,,,0,61,,88715,40,,,0,20,,88716,40,,,0,60,,88717,40,,,0,20,,88718,40,,,0,26,,88720,40,,,0,70,,88722,40,,,0,30,,88723,40,,,0,68,,88696,40,,,0,30,,88697,40,,,0,73,,88698,40,,,0,26,,88719,40,,,0,64,,88701,40,,,0,28,,88695,40,,,0,79,,88702,40,,,0,29,,88694,40,,,0
672400,'3',516,,88753,40,,,0,32,,88757,40,,,0,70,,88758,40,,,0,30,,88759,40,,,0,70,,88760,40,,,0,28,,88761,40,,,0,61,,88762,40,,,0,21,,88763,40,,,0,21,,88764,40,,,0,60,,88765,40,,,0,23,,88766,40,,,0,20,,88767,40,,,0,60,,88768,40,,,0,20,,88769,40,,,0,20,,88770,40,,,0,60,,88771,40,,,0,20,,88772,40,,,0,20,,88773,40,,,0,58,,88774,40,,,0,21,,88775,40,,,0,20,,88776,40,,,0,60,,88777,40,,,0,20,,88778,40,,,0,20,,88779,40,,,0,61,,88780,40,,,0,18,,88781,40,,,0,18,,88740,40,,,0,55,,88782,40,,,0,14,,88783,40,,,0,15,,88784,40,,,0,14,,88741,40,,,0,56,,88785,40,,,0,15,,88786,40,,,0,15,,88787,40,,,0,16,,88742,40,,,0,55,,88788,40,,,0,15,,88789,40,,,0,15,,88729,40,,,0,15,,88743,40,,,0,55,,88730,40,,,0,16,,88731,40,,,0,15,,88732,40,,,0,15,,88744,40,,,0,55,,88738,40,,,0,16,,88739,40,,,0,18,,88737,40,,,0,19,,88745,40,,,0,58,,88733,40,,,0,19,,88734,40,,,0,69,,88735,40,,,0,30,,88736,40,,,0,70,,88749,40,,,0,29,,88750,40,,,0,69,,88751,40,,,0,31,,88746,40,,,0,69,,88754,40,,,0,31,,88748,40,,,0,70,,88755,40,,,0,30,,88747,40,,,0
672700,'1',453,,89385,46,,,0,63,,89386,46,,,0,43,,89374,46,,,0,60,,89387,46,,,0,20,,89388,46,,,0,18,,89389,46,,,0,58,,89390,46,,,0,26,,89391,46,,,0,63,,89392,46,,,0,30,,89393,46,,,0,68,,89394,46,,,0,22,,89395,46,,,0,16,,89396,46,,,0,64,,89397,46,,,0,27,,89398,46,,,0,70,,89399,46,,,0,30,,89400,46,,,0,70,,89401,46,,,0,25,,89402,46,,,0,30,,89403,46,,,0,72,,89404,46,,,0,22,,89405,46,,,0,70,,89406,46,,,0,16,,89407,46,,,0,73,,89408,46,,,0,24,,89409,46,,,0,23,,89410,46,,,0,79,,89411,46,,,0,68,,89412,46,,,0,11,,89413,46,,,0,26,,89414,46,,,0,15,,89415,46,,,0,61,,89416,46,,,0,25,,89417,46,,,0,65,,89418,46,,,0,31,,89375,46,,,0,72,,89384,46,,,0,29,,89376,46,,,0,74,,89377,46,,,0,30,,89382,46,,,0,78,,89383,46,,,0,28,,89378,46,,,0,74,,89379,46,,,0,94,,89380,46,,,0,103,,89381,46,,,0
672700,'101',1618,,89373,46,,,0
672700,'2',715,,89437,46,,,0,32,,89422,46,,,0,74,,89429,46,,,0,32,,89453,46,,,0,68,,89419,46,,,0,31,,89430,46,,,0,70,,89421,46,,,0,32,,89442,46,,,0,74,,89420,46,,,0,30,,89449,46,,,0,72,,89424,46,,,0,72,,89426,46,,,0,30,,89427,46,,,0,70,,89425,46,,,0,31,,89432,46,,,0,70,,89433,46,,,0,28,,89451,46,,,0,72,,89434,46,,,0,28,,89443,46,,,0,69,,89444,46,,,0,29,,89445,46,,,0,29,,89446,46,,,0,69,,89440,46,,,0,26,,89448,46,,,0,72,,89439,46,,,0,24,,89441,46,,,0,72,,89435,46,,,0,31,,89436,46,,,0,70,,89452,46,,,0,30,,89431,46,,,0,70,,89447,46,,,0,27,,89428,46,,,0,74,,89423,46,,,0,106,,89438,46,,,0,91,,89450,46,,,0
672700,'3',803,,89454,46,,,0,100,,89463,46,,,0,54,,89466,46,,,0,82,,89474,46,,,0,70,,89468,46,,,0,29,,89481,46,,,0,68,,89457,46,,,0,30,,89484,46,,,0,73,,89470,46,,,0,29,,89471,46,,,0,71,,89472,46,,,0,32,,89458,46,,,0,68,,89456,46,,,0,32,,89480,46,,,0,68,,89482,46,,,0,30,,89485,46,,,0,69,,89473,46,,,0,30,,89478,46,,,0,66,,89479,46,,,0,29,,89476,46,,,0,70,,89455,46,,,0,30,,89467,46,,,0,70,,89464,46,,,0,30,,89465,46,,,0,69,,89461,46,,,0,28,,89462,46,,,0,28,,89483,46,,,0,69,,89469,46,,,0,28,,89475,46,,,0,68,,89459,46,,,0,100,,89460,46,,,0,96,,89477,46,,,0
683000,'1',2523,,96730,10,,,0,32,,96731,10,,,0,68,,96732,10,,,0,30,,96733,10,,,0,70,,96734,10,,,0,32,,96735,10,,,0
683000,'2',2523,,96742,10,,,0,35,,96741,10,,,0,70,,96740,10,,,0,30,,96737,10,,,0,72,,96739,10,,,0,74,,96738,10,,,0
683000,'3',2523,,96749,10,,,0,30,,96748,10,,,0,70,,96743,10,,,0,30,,96747,10,,,0,70,,96746,10,,,0,80,,96745,10,,,0
