681401,'1',607,,153095,41,4,,0,123,,153096,41,4,,0,80,,153097,41,4,,0,20,,153098,41,4,,0,20,,153099,41,4,,0,60,,153100,41,4,,0,20,,153101,41,4,,0,20,,153102,41,4,,0,60,,153103,41,4,,0,20,,153104,41,4,,0,20,,153128,41,4,,0,60,,153105,41,4,,0,20,,153106,41,4,,0,20,,153129,41,4,,0,60,,153107,41,4,,0,20,,153108,41,4,,0,20,,153130,41,4,,0,60,,153109,41,4,,0,20,,153110,41,4,,0,20,,153131,41,4,,0,60,,153111,41,4,,0,20,,153112,41,4,,0,20,,153132,41,4,,0,60,,153113,41,4,,0,20,,153114,41,4,,0,20,,153133,41,4,,0,60,,153115,41,4,,0,20,,153116,41,4,,0,20,,153134,41,4,,0,60,,153117,41,4,,0,20,,153118,41,4,,0,20,,153135,41,4,,0,60,,153119,41,4,,0,20,,153120,41,4,,0,20,,153136,41,4,,0,60,,153121,41,4,,0,40,,153122,41,4,,0,100,,153123,41,4,,0,100,,153124,41,4,,0,100,,153125,41,4,,0,100,,153126,41,4,,0,100,,153127,41,4,,0
681401,'1803',2043,,153091,41,4,,0,100,,153092,41,4,,0,100,,153093,41,4,,0,100,,153094,41,4,,0
681401,'2',920,,153137,41,4,,0,20,,153138,41,4,,0,60,,153139,41,4,,0,20,,153140,41,4,,0,20,,153141,41,4,,0,60,,153142,41,4,,0,20,,153143,41,4,,0,20,,153144,41,4,,0,60,,153145,41,4,,0,20,,153146,41,4,,0,20,,153147,41,4,,0,60,,153148,41,4,,0,20,,153149,41,4,,0,20,,153150,41,4,,0,60,,153151,41,4,,0,20,,153152,41,4,,0,20,,153153,41,4,,0,60,,153154,41,4,,0,20,,153155,41,4,,0,20,,153156,41,4,,0,60,,153157,41,4,,0,20,,153158,41,4,,0,20,,153159,41,4,,0,60,,153160,41,4,,0,20,,153161,41,4,,0,20,,153162,41,4,,0,68,,153163,41,4,,0,32,,153164,41,4,,0,70,,153165,41,4,,0,30,,153166,41,4,,0,100,,153167,41,4,,0,100,,153168,41,4,,0,100,,153169,41,4,,0,100,,153170,41,4,,0,103,,153171,41,4,,0
681401,'3',943,,153172,41,4,,0,100,,153173,41,4,,0,100,,153174,41,4,,0,100,,153175,41,4,,0,100,,153176,41,4,,0,100,,153177,41,4,,0,100,,153178,41,4,,0,100,,153179,41,4,,0,100,,153180,41,4,,0,100,,153181,41,4,,0,100,,153182,41,4,,0
2338400,'1',706,,160620,16,4,,0,96,,160550,16,4,,0,106,,160551,16,4,,0,27,,160552,16,4,,0,13,,160553,16,4,,0,69,,160554,16,4,,0,33,,160555,16,4,,0,65,,160556,16,4,,0,28,,160557,16,4,,0,68,,160558,16,4,,0,31,,160559,16,4,,0,70,,160560,16,4,,0,30,,160561,16,4,,0,65,,160566,16,4,,0,27,,160568,16,4,,0,67,,160571,16,4,,0,45,,160573,16,4,,0,382,,160616,16,4,,0,72,,160596,16,4,,0,27,,160617,16,4,,0,23,,160599,16,4,,0,61,,160601,16,4,,0,21,,160618,16,4,,0,21,,160604,16,4,,0,64,,160606,16,4,,0,24,,160607,16,4,,0,65,,160609,16,4,,0
2338400,'101',821,,160523,16,0,93 110,0,19,,160524,16,0,93 110,0
2338400,'2',706,,160628,16,4,,0,30,,160630,16,4,,0,70,,160632,16,4,,0,30,,160634,16,4,,0,67,,160636,16,4,,0,24,,160710,16,4,,0,26,,160638,16,4,,0,64,,160640,16,4,,0,24,,160642,16,4,,0,64,,160644,16,4,,0,25,,160646,16,4,,0,27,,160648,16,4,,0,64,,160650,16,4,,0,26,,160652,16,4,,0,66,,160654,16,4,,0,24,,160656,16,4,,0,22,,160658,16,4,,0,60,,160700,16,4,,0,20,,160701,16,4,,0,20,,160702,16,4,,0,60,,160703,16,4,,0,20,,160704,16,4,,0,20,,160705,16,4,,0,60,,160706,16,4,,0,20,,160707,16,4,,0,20,,160708,16,4,,0,60,,160683,16,4,,0,20,,160684,16,4,,0,19,,160685,16,4,,0,59,,160686,16,4,,0,18,,160687,16,4,,0,18,,160688,16,4,,0,61,,160689,16,4,,0,19,,160690,16,4,,0,19,,160659,16,4,,0,66,,160661,16,4,,0,29,,160663,16,4,,0,69,,160665,16,4,,0,31,,160667,16,4,,0,72,,160669,16,4,,0,36,,160671,16,4,,0,79,,160673,16,4,,0
2338400,'201',821,,160621,16,4,,0,19,,160622,16,4,,0
2338400,'3',642,,160759,16,4,,0,73,,160758,16,4,,0,30,,160757,16,4,,0,70,,160756,16,4,,0,30,,160755,16,4,,0,101,,160753,16,4,,0,71,,160752,16,4,,0,30,,160751,16,4,,0,70,,160750,16,4,,0,31,,160749,16,4,,0,70,,160748,16,4,,0,30,,160747,16,4,,0,71,,160746,16,4,,0,32,,160745,16,4,,0,70,,160744,16,4,,0,29,,160743,16,4,,0,72,,160742,16,4,,0,32,,160741,16,4,,0,66,,160740,16,4,,0,31,,160739,16,4,,0,72,,160738,16,4,,0,31,,160737,16,4,,0,70,,160736,16,4,,0,29,,160735,16,4,,0,70,,160734,16,4,,0,30,,160733,16,4,,0,70,,160732,16,4,,0,28,,160731,16,4,,0,68,,160730,16,4,,0,29,,160729,16,4,,0,69,,160728,16,4,,0,39,,160727,16,4,,0,60,,160726,16,4,,0
2338401,'1',527,,160808,1,,,0,13,,160879,1,,,0,13,,160809,1,,,0,53,,160785,34,,,0,10,,160880,1,,,0,11,,160807,34,,,0,9,,160881,1,,,0,8,,160786,34,,,0,8,,160810,34,,,0,7,,160889,1,,,0,47,,160787,34,,,0,6,,160811,34,,,0,7,,160882,1,,,0,6,,160788,34,,,0,7,,160883,1,,,0,6,,160812,34,,,0,6,,160884,1,,,0,6,,160830,34,,,0,6,,160789,34,,,0,47,,160813,34,,,0,9,,160790,34,,,0,9,,160814,1,,,0,10,,160791,34,,,0,10,,160831,34,,,0,6,,160815,1,,,0,9,,160792,34,,,0,49,,160816,1,,,0,9,,160793,34,,,0,9,,160817,1,,,0,10,,160794,34,,,0,10,,160818,1,,,0,10,,160795,34,,,0,49,,160819,1,,,0,16,,160796,34,,,0,15,,160820,1,,,0,15,,160797,34,,,0,55,,160821,1,,,0,15,,160798,34,,,0,15,,160822,1,,,0,16,,160799,34,,,0,54,,160823,1,,,0,15,,160800,34,,,0,15,,160824,1,,,0,14,,160801,34,,,0,54,,160825,1,,,0,16,,160802,34,,,0,16,,160826,1,,,0,15,,160803,34,,,0,55,,160827,1,,,0,15,,160804,34,,,0,15,,160828,1,,,0,15,,160805,34,,,0,7,,160885,1,,,0,48,,160829,34,,,0,8,,160806,1,,,0,18,,160886,34,,,0,20,,160832,34,,,0,52,,160833,1,,,0,12,,160834,34,,,0,18,,160835,34,,,0,10,,160836,1,,,0,11,,160837,34,,,0,51,,160838,1,,,0,11,,160839,34,,,0,11,,160840,34,,,0,11,,160841,34,,,0,10,,160875,34,,,0,10,,160842,34,,,0,49,,160843,34,,,0,9,,160876,34,4,,0,9,,160844,34,,,0,9,,160845,34,,,0,9,,160846,34,,,0,9,,160847,34,,,0,9,,160849,34,,,0,49,,160873,34,,,0,10,,160848,34,,,0,9,,160877,34,4,,0,9,,160850,34,,,0,9,,160851,34,,,0,9,,160878,34,4,,0,48,,160874,34,,,0,9,,160852,34,,,0,10,,160853,34,,,0,10,,160854,34,,,0,10,,160855,34,,,0,10,,160856,34,,,0,50,,160857,34,,,0,10,,160858,34,,,0,10,,160859,34,,,0,10,,160860,1,,,0,10,,160861,34,,,0,10,,160862,1,,,0,51,,160863,34,,,0,7,,160864,1,,,0,13,,160865,34,,,0,12,,160887,1,,,0,13,,160866,34,,,0,12,,160867,1,,,0,53,,160888,34,,,0,13,,160868,1,,,0,13,,160869,34,,,0,17,,160870,34,,,0,62,,160871,34,,,0,21,,160872,34,,,0
2338401,'101',1514,,160784,7,4,,0,5,,160783,7,,,0,20,,160781,1,,,0,83,,160782,1,,,0
2338401,'2',633,,160893,34,,,0,17,,160894,1,,,0,54,,160895,34,,,0,14,,160896,1,,,0,15,,160897,34,,,0,13,,160978,1,,,0,13,,160898,34,,,0,56,,160899,1,,,0,15,,160900,34,,,0,15,,160901,1,,,0,55,,160902,34,,,0,15,,160903,1,,,0,15,,160904,34,,,0,15,,160905,1,,,0,55,,160906,34,,,0,14,,160907,1,,,0,13,,160908,34,,,0,13,,160909,1,,,0,13,,160910,34,,,0,53,,160911,1,,,0,12,,160912,34,,,0,12,,160913,1,,,0,12,,160914,34,,,0,12,,160915,1,,,0,52,,160916,1,,,0,12,,160917,34,,,0,12,,160918,1,,,0,12,,160919,34,,,0,12,,160920,1,,,0,52,,160921,34,,,0,12,,160922,1,,,0,12,,160923,34,,,0,12,,160924,1,,,0,12,,160925,34,,,0,52,,160926,1,,,0,12,,160927,34,,,0,12,,160928,1,,,0,12,,160929,34,,,0,12,,160930,1,,,0,51,,160931,34,,,0,10,,160959,1,,,0,10,,160968,34,,,0,9,,160960,1,,,0,10,,160969,34,,,0,10,,160961,1,,,0,50,,160970,34,,,0,10,,160962,1,,,0,10,,160971,34,,,0,10,,160963,1,,,0,10,,160972,34,,,0,10,,160964,1,,,0,50,,160973,34,,,0,10,,160965,1,,,0,10,,160974,34,,,0,10,,160966,1,,,0,10,,160976,34,,,0,10,,160967,1,,,0,50,,160932,34,,,0,10,,160933,1,,,0,10,,160934,34,,,0,9,,160935,1,,,0,11,,160975,34,,,0,10,,160936,1,,,0,50,,160937,34,,,0,10,,160977,34,4,,0,10,,160938,1,,,0,10,,160939,34,,,0,10,,160940,1,,,0,12,,160941,34,,,0,52,,160942,34,,,0,11,,160943,1,,,0,12,,160944,34,,,0,12,,160945,1,,,0,13,,160946,34,,,0,53,,160958,34,4,,0,9,,160947,1,,,0,11,,160948,1,,,0,14,,160949,34,,,0,14,,160950,1,,,0,55,,160951,34,,,0,15,,160952,1,,,0,16,,160953,34,,,0,57,,160954,1,,,0,14,,160955,34,,,0,25,,160956,34,,,0,86,,160957,34,,,0
2338401,'201',1519,,160890,1,,,0,20,,160892,1,,,0,83,,160891,1,,,0
2338401,'3',615,,161048,1,,,0,15,,161047,34,,,0,17,,161011,1,,,0,57,,161043,34,,,0,16,,161010,1,,,0,16,,161016,34,,,0,15,,161009,1,,,0,55,,161042,34,,,0,15,,161008,1,,,0,16,,161015,34,,,0,16,,161007,1,,,0,56,,161041,34,,,0,16,,161006,1,,,0,16,,161040,34,,,0,15,,161005,1,,,0,55,,161026,34,,,0,15,,161004,34,,,0,15,,161039,34,,,0,16,,161003,1,,,0,56,,161025,34,,,0,15,,161002,1,,,0,15,,161038,34,,,0,15,,161001,1,,,0,55,,161024,34,,,0,15,,161000,1,,,0,15,,161037,34,,,0,15,,160999,1,,,0,55,,161023,34,,,0,15,,160998,1,,,0,16,,161036,34,,,0,56,,160997,1,,,0,16,,161044,34,,,0,15,,160996,1,,,0,15,,161035,34,,,0,55,,160995,1,,,0,15,,161022,34,,,0,15,,160994,1,,,0,16,,161034,34,,,0,56,,160993,1,,,0,16,,161045,34,,,0,15,,160992,1,,,0,15,,161033,34,,,0,55,,160991,1,,,0,15,,161032,34,,,0,15,,160990,1,,,0,15,,161031,34,,,0,55,,160989,1,,,0,15,,161030,34,,,0,15,,160988,1,,,0,15,,161018,34,,,0,55,,160987,1,,,0,15,,161021,34,,,0,15,,160986,1,,,0,15,,161029,34,,,0,55,,160985,1,,,0,15,,161028,34,,,0,15,,160984,1,,,0,16,,161020,34,,,0,56,,160983,1,,,0,15,,161014,34,,,0,15,,160982,1,,,0,15,,161027,34,,,0,55,,160981,1,,,0,15,,161019,34,,,0,15,,160980,1,,,0,15,,161013,34,,,0,55,,161017,34,,,0,15,,160979,1,,,0,16,,161012,34,,,0,102,,161046,34,,,0
3182000,'1',709,,166561,22,4,,0,29,,166560,22,4,,0,72,,166559,22,4,,0,28,,166558,22,4,,0,70,,166557,22,4,,0,30,,166556,22,4,,0,70,,166555,22,4,,0,30,,166554,22,4,,0,70,,166553,22,4,,0,30,,166552,22,4,,0,70,,166551,22,4,,0,30,,166550,22,4,,0,70,,166549,22,4,,0,30,,166548,22,4,,0,70,,166547,22,4,,0,30,,166546,22,4,,0,70,,166545,22,4,,0,30,,166544,22,4,,0,70,,166543,22,4,,0,30,,166542,22,4,,0,70,,166541,22,4,,0,30,,166540,22,4,,0,70,,166539,22,4,,0,30,,166538,22,4,,0,70,,166537,22,4,,0,30,,166536,22,4,,0,70,,166535,22,4,,0,30,,166534,22,4,,0,70,,166533,22,4,,0,30,,166532,22,4,,0,70,,166531,22,4,,0,40,,166530,22,4,,0
3182000,'1803',1808,,166526,22,4,,0,100,,166527,22,4,,0,95,,166528,22,4,,0,100,,166529,22,4,,0
3182000,'2',808,,166562,22,4,,0,30,,166563,22,4,,0,70,,166564,22,4,,0,30,,166565,22,4,,0,70,,166566,22,4,,0,30,,166567,22,4,,0,70,,166568,22,4,,0,30,,166569,22,4,,0,70,,166570,22,4,,0,30,,166571,22,4,,0,70,,166572,22,4,,0,30,,166573,22,4,,0,70,,166574,22,4,,0,30,,166575,22,4,,0,70,,166576,22,4,,0,30,,166577,22,4,,0,70,,166578,22,4,,0,30,,166579,22,4,,0,70,,166580,22,4,,0,30,,166581,22,4,,0,70,,166582,22,4,,0,30,,166583,22,4,,0,70,,166584,22,4,,0,30,,166585,22,4,,0,70,,166586,22,4,,0,30,,166587,22,4,,0,70,,166588,22,4,,0,30,,166589,22,4,,0
3182000,'3',908,,166594,22,4,,0,30,,166595,22,4,,0,70,,166596,22,4,,0,30,,166597,22,4,,0,70,,166598,22,4,,0,30,,166599,22,4,,0,70,,166600,22,4,,0,30,,166601,22,4,,0,70,,166602,22,4,,0,30,,166603,22,4,,0,70,,166604,22,4,,0,30,,166605,22,4,,0,70,,166606,22,4,,0,30,,166607,22,4,,0,70,,166608,22,4,,0,30,,166609,22,4,,0,70,,166610,22,4,,0,30,,166611,22,4,,0,100,,166612,22,4,,0,95,,166613,22,4,,0,100,,166614,22,4,,0,100,,166615,22,4,,0
3182000,'32603',1808,,166590,22,4,,0,100,,166591,22,4,,0,95,,166592,22,4,,0,100,,166593,22,4,,0
