3003901,'1',532,,162150,28,,,0,24,,162139,28,,,0,47,,162151,28,,,0,21,,162149,28,,,0,11,,162152,28,,,0,22,,162148,28,,,0,50,,162153,28,,,0,19,,162147,28,,,0,11,,162154,28,,,0,20,,162146,28,,,0,50,,162155,28,,,0,23,,162140,28,,,0,17,,162156,28,,,0,68,,162157,28,,,0,31,,162158,28,,,0,66,,162159,28,,,0,33,,162160,28,,,0,72,,162161,28,,,0,28,,162162,28,,,0,74,,162163,28,,,0,25,,162118,28,,,0,70,,162119,28,,,0,30,,162120,28,,,0,77,,162121,28,,,0,34,,162122,28,,,0,67,,162123,28,,,0,29,,162124,28,,,0,69,,162125,28,,,0,30,,162126,28,,,0,71,,162127,28,,,0,12,,162145,28,,,0,17,,162128,28,,,0,9,,162144,28,,,0,59,,162129,28,,,0,10,,162143,28,,,0,28,,162130,28,,,0,51,,162142,28,,,0,10,,162131,28,,,0,26,,162132,28,,,0,9,,162141,28,,,0,59,,162133,28,,,0,34,,162134,28,,,0,96,,162135,28,,,0,100,,162136,28,,,0,98,,162137,28,,,0,97,,162138,28,,,0
3003901,'101',1549,,162117,28,,,0
3003901,'2',638,,162178,28,,,0,70,,162167,28,,,0,30,,162179,28,,,0,70,,162164,28,,,0,30,,162180,28,,,0,72,,162165,28,,,0,32,,162181,28,,,0,71,,162168,28,,,0,32,,162182,28,,,0,70,,162169,28,,,0,30,,162183,28,,,0,70,,162170,28,,,0,30,,162184,28,,,0,71,,162171,28,,,0,30,,162185,28,,,0,70,,162172,28,,,0,30,,162186,28,,,0,69,,162173,28,,,0,30,,162187,28,,,0,70,,162174,28,,,0,28,,162188,28,,,0,70,,162175,28,,,0,30,,162189,28,,,0,68,,162176,28,,,0,30,,162192,28,,,0,70,,162177,28,,,0,30,,162190,28,,,0,99,,162191,28,,,0,100,,162193,28,,,0,97,,162194,28,,,0,100,,162195,28,,,0,98,,162166,28,,,0
3003901,'3',637,,162197,28,,,0,100,,162198,28,,,0,101,,162199,28,,,0,101,,162200,28,,,0,102,,162201,28,,,0,101,,162202,28,,,0,70,,162215,28,,,0,30,,162203,28,,,0,70,,162216,28,,,0,30,,162204,28,,,0,70,,162217,28,,,0,30,,162205,28,,,0,70,,162218,28,,,0,30,,162206,28,,,0,70,,162219,28,,,0,33,,162207,28,,,0,67,,162220,28,,,0,30,,162208,28,,,0,68,,162221,28,,,0,30,,162209,28,,,0,101,,162210,28,,,0,99,,162211,28,,,0,100,,162212,28,,,0,99,,162213,28,,,0,99,,162214,28,,,0,100,,162196,28,,,0
3004001,'1',536,,162340,34,,,0,21,,162355,34,,,0,49,,162341,34,,,0,20,,162354,34,,,0,10,,162342,34,,,0,21,,162353,34,,,0,49,,162343,34,,,0,19,,162352,34,,,0,11,,162357,34,,,0,71,,162358,34,,,0,20,,162344,34,,,0,20,,162359,34,,,0,83,,162360,34,,,0,28,,162361,34,,,0,70,,162362,34,,,0,75,,162363,34,,,0,25,,162364,34,,,0,75,,162365,34,,,0,30,,162366,34,,,0,70,,162367,34,,,0,34,,162350,34,,,0,65,,162351,34,,,0,32,,162368,34,,,0,72,,162369,34,,,0,31,,162356,34,,,0,67,,162370,34,,,0,29,,162371,34,,,0,72,,162372,34,,,0,18,,162328,34,,,0,10,,162349,34,,,0,21,,162329,34,,,0,49,,162348,34,,,0,19,,162330,34,,,0,5,,162347,34,,,0,29,,162331,34,,,0,50,,162346,34,,,0,12,,162332,34,,,0,24,,162333,34,,,0,12,,162345,34,,,0,58,,162334,34,,,0,94,,162335,34,,,0,104,,162336,34,,,0,101,,162337,34,,,0,99,,162338,34,,,0,98,,162339,34,,,0
3004001,'101',803,,162327,34,,,0
3004001,'2',725,,162381,34,,,0,32,,162399,34,,,0,71,,162382,34,,,0,30,,162400,34,,,0,69,,162383,34,,,0,32,,162403,34,,,0,69,,162384,34,,,0,72,,162374,34,,,0,32,,162385,34,,,0,68,,162375,34,,,0,30,,162386,34,,,0,70,,162376,34,,,0,30,,162387,34,,,0,72,,162377,34,,,0,30,,162388,34,,,0,70,,162401,34,,,0,30,,162389,34,,,0,70,,162402,34,,,0,30,,162390,34,,,0,27,,162378,34,,,0,69,,162391,34,,,0,30,,162379,34,,,0,70,,162392,34,,,0,30,,162380,34,,,0,70,,162393,34,,,0,86,,162394,34,,,0,97,,162395,34,,,0,100,,162396,34,,,0,101,,162397,34,,,0,102,,162398,34,,,0
3004001,'201',803,,162373,34,,,0
3004001,'3',726,,162405,34,,,0,102,,162406,34,,,0,100,,162407,34,,,0,100,,162408,34,,,0,72,,162422,34,,,0,30,,162409,34,,,0,70,,162423,34,,,0,30,,162410,34,,,0,71,,162424,34,,,0,30,,162411,34,,,0,70,,162425,34,,,0,29,,162412,34,,,0,70,,162426,34,,,0,29,,162413,34,,,0,30,,162427,34,,,0,70,,162414,34,,,0,30,,162428,34,,,0,70,,162415,34,,,0,30,,162429,34,,,0,70,,162416,34,,,0,30,,162430,34,,,0,60,,162418,34,,,0,99,,162404,34,,,0,99,,162417,34,,,0,98,,162419,34,,,0,98,,162420,34,,,0,100,,162421,34,,,0
3004101,'1',630,,162457,14,,,0,15,,162469,14,,,0,55,,162458,14,,,0,16,,162470,14,,,0,15,,162468,14,,,0,15,,162471,14,,,0,55,,162459,14,,,0,15,,162472,14,,,0,15,,162460,14,,,0,14,,162473,14,,,0,55,,162461,14,,,0,631,,162462,14,,,0,13,,162474,14,,,0,56,,162463,14,,,0,15,,162475,14,,,0,21,,162464,14,,,0,12,,162476,14,,,0,9,,162479,14,,,0,51,,162465,14,,,0,11,,162477,14,,,0,16,,162466,14,,,0,79,,162467,14,,,0,89,,162478,14,,,0
