664601,'1',543,,14241,11,,,0,60,,14225,11,,,0,22,,14224,11,,,0,20,,14223,11,,,0,60,,14235,11,,,0,20,,14229,11,,,0,20,,14211,11,,,0,55,,14231,11,,,0,21,,14245,11,,,0,29,,14203,11,,,0,70,,14209,11,,,0,30,,14206,11,,,0,70,,14239,11,,,0,30,,14234,11,,,0,70,,14227,11,,,0,30,,14222,11,,,0,70,,14221,11,,,0,30,,14228,11,,,0,70,,14232,11,,,0,30,,14201,11,,,0,70,,14219,11,,,0,22,,14218,11,,,0,59,,14244,11,,,0,20,,14207,11,,,0,21,,14243,11,,,0,79,,14220,11,,,0,20,,14205,11,,,0,60,,14215,11,,,0,20,,14204,11,,,0,20,,14230,11,,,0,60,,14210,11,,,0,24,,14208,11,,,0,30,,14242,11,,,0,70,,14212,11,,,0,29,,14240,11,,,0,71,,14202,11,,,0,29,,14216,11,,,0,70,,14233,11,,,0,30,,14238,11,,,0,79,,14237,11,,,0,104,,14236,11,,,0,100,,14226,11,,,0,100,,14213,11,,,0
664601,'101',836,,14248,11,,,0,680,,14247,11,0,41 8,0,86,,14246,11,,,0
664601,'2',623,,14263,11,,,0,30,,14256,11,,,0,69,,14254,11,,,0,31,,14269,11,,,0,77,,14270,11,,,0,71,,14271,11,,,0,18,,14250,11,,,0,30,,14260,11,,,0,67,,14273,11,,,0,36,,14266,11,,,0,70,,14275,11,,,0,31,,14276,11,,,0,72,,14277,11,,,0,28,,14279,11,,,0,71,,14274,11,,,0,30,,14251,11,,,0,72,,14252,11,,,0,29,,14253,11,,,0,68,,14285,11,,,0,30,,14280,11,,,0,69,,14283,11,,,0,29,,14281,11,,,0,71,,14282,11,,,0,28,,14284,11,,,0,70,,14267,11,,,0,31,,14261,11,,,0,70,,14262,11,,,0,28,,14268,11,,,0,70,,14257,11,,,0,30,,14272,11,,,0,70,,14278,11,,,0,32,,14258,11,,,0,88,,14259,11,,,0,98,,14255,11,,,0,100,,14264,11,,,0,100,,14265,11,,,0
664601,'201',836,,14286,11,,,0,766,,14287,11,,,0
664601,'3',743,,14302,11,,,0,70,,14299,11,,,0,30,,14304,11,,,0,71,,14295,11,,,0,31,,14296,11,,,0,70,,14294,11,,,0,30,,14318,11,,,0,70,,14315,11,,,0,30,,14316,11,,,0,70,,14297,11,,,0,30,,14298,11,,,0,70,,14317,11,,,0,30,,14288,11,,,0,70,,14303,11,,,0,30,,14305,11,,,0,70,,14306,11,,,0,30,,14307,11,,,0,70,,14308,11,,,0,30,,14309,11,,,0,70,,14310,11,,,0,30,,14311,11,,,0,69,,14312,11,,,0,30,,14320,11,,,0,70,,14290,11,,,0,30,,14291,11,,,0,70,,14314,11,,,0,30,,14313,11,,,0,68,,14301,11,,,0,30,,14319,11,,,0,100,,14292,11,,,0,105,,14293,11,,,0,87,,14289,11,,,0,108,,14300,11,,,0
665400,'1',558,,16372,32,,,0,62,,16371,32,,,0,31,,16388,32,,,0,74,,16390,32,,,0,32,,16374,32,,,0,70,,16391,32,,,0,30,,16373,32,,,0,101,,16381,32,,,0,67,,16382,32,,,0,27,,16383,32,,,0,70,,16380,32,,,0,30,,16384,32,,,0,71,,16385,32,,,0,30,,16386,32,,,0,72,,16387,32,,,0,31,,16395,32,,,0,70,,16396,32,,,0,30,,16397,32,,,0,73,,16398,32,,,0,72,,16399,32,,,0,31,,16392,32,,,0,69,,16369,32,,,0,56,,16376,32,,,0,71,,16377,32,,,0,31,,16389,32,,,0,67,,16393,32,,,0,25,,16400,32,,,0,66,,16401,32,,,0,30,,16375,32,,,0,68,,16394,32,,,0,30,,16402,32,,,0,70,,16370,32,,,0,106,,16378,32,,,0,105,,16379,32,,,0
665400,'101',927,,16403,32,,,0,801,,16404,32,,,0
665400,'2',621,,16424,32,,,0,35,,16438,32,,,0,70,,16414,32,,,0,30,,16439,32,,,0,70,,16431,32,,,0,32,,16430,32,,,0,70,,16413,32,,,0,31,,16428,32,,,0,70,,16427,32,,,0,71,,16417,32,,,0,30,,16415,32,,,0,70,,16420,32,,,0,30,,16419,32,,,0,70,,16418,32,,,0,30,,16405,32,,,0,70,,16407,32,,,0,37,,16422,32,,,0,70,,16421,32,,,0,28,,16423,32,,,0,71,,16434,32,,,0,30,,16433,32,,,0,70,,16412,32,,,0,30,,16406,32,,,0,70,,16425,32,,,0,28,,16426,32,,,0,70,,16416,32,,,0,30,,16429,32,,,0,69,,16436,32,,,0,30,,16435,32,,,0,70,,16411,32,,,0,30,,16410,32,,,0,70,,16409,32,,,0,30,,16408,32,,,0,90,,16437,32,,,0,35,,16432,32,,,0
665400,'201',927,,16440,32,,,0,801,,16441,32,,,0
665400,'3',719,,16451,32,,,0,35,,16450,32,,,0,72,,16473,32,,,0,32,,16459,32,,,0,71,,16458,32,,,0,30,,16457,32,,,0,70,,16456,32,,,0,71,,16455,32,,,0,31,,16466,32,,,0,70,,16443,32,,,0,30,,16467,32,,,0,70,,16453,32,,,0,30,,16452,32,,,0,70,,16460,32,,,0,30,,16448,32,,,0,70,,16447,32,,,0,30,,16446,32,,,0,70,,16445,32,,,0,30,,16444,32,,,0,70,,16465,32,,,0,30,,16464,32,,,0,70,,16442,32,,,0,29,,16474,32,,,0,29,,16449,32,,,0,70,,16463,32,,,0,30,,16472,32,,,0,69,,16471,32,,,0,30,,16461,32,,,0,70,,16470,32,,,0,30,,16469,32,,,0,70,,16468,32,,,0,79,,16454,32,,,0,100,,16462,32,,,0
