2263800,'1',511,,160058,13,,,0,30,,160059,13,,,0,71,,160060,13,,,0,11,,160061,13,,,0,14,,160062,13,,,0,17,,160063,13,,,0,53,,160064,13,,,0,17,,160065,13,,,0,10,,160066,13,,,0,19,,160067,13,,,0,63,,160068,13,,,0,20,,160069,13,,,0,64,,160035,13,,,0,25,,160036,13,,,0,30,,160037,13,,,0,70,,160038,13,,,0,31,,160039,13,,,0,70,,160040,13,,,0,31,,160041,13,,,0,70,,160042,13,,,0,30,,160043,13,,,0,71,,160044,13,,,0,72,,160045,13,,,0,26,,160046,13,,,0,30,,160047,13,,,0,72,,160048,13,,,0,14,,160049,13,,,0,65,,160078,13,,,0,19,,160050,13,,,0,13,,160051,13,,,0,15,,160026,13,,,0,54,,160056,13,,,0,15,,160057,13,,,0,17,,160027,13,,,0,60,,160055,13,,,0,23,,160077,13,,,0,19,,160029,13,,,0,64,,160076,13,,,0,26,,160070,13,,,0,22,,160028,13,,,0,73,,160052,13,,,0,26,,160053,13,,,0,72,,160054,13,,,0,32,,160030,13,,,0,67,,160074,13,,,0,28,,160075,13,,,0,69,,160031,13,,,0,32,,160073,13,,,0,69,,160032,13,,,0,30,,160072,13,,,0,70,,160033,13,,,0,30,,160071,13,,,0,70,,160034,13,,,0
2263800,'101',730,,160025,13,,,0,827,,160024,13,,,0
2263800,'2',608,,160080,13,,,0,20,,160081,13,,,0,30,,160082,13,,,0,70,,160083,13,,,0,30,,160084,13,,,0,70,,160085,13,,,0,31,,160086,13,,,0,71,,160087,13,,,0,70,,160088,13,,,0,30,,160089,13,,,0,71,,160090,13,,,0,30,,160091,13,,,0,70,,160092,13,,,0,30,,160093,13,,,0,71,,160094,13,,,0,30,,160095,13,,,0,70,,160096,13,,,0,30,,160097,13,,,0,70,,160098,13,,,0,30,,160099,13,,,0,70,,160100,13,,,0,30,,160101,13,,,0,70,,160102,13,,,0,30,,160103,13,,,0,70,,160104,13,,,0,24,,160105,13,,,0,30,,160106,13,,,0,70,,160107,13,,,0,30,,160108,13,,,0,70,,160109,13,,,0,30,,160110,13,,,0,70,,160111,13,,,0,30,,160112,13,,,0,69,,160113,13,,,0,30,,160114,13,,,0,69,,160115,13,,,0,30,,160116,13,,,0,89,,160117,13,,,0,66,,160118,13,,,0,43,,160119,13,,,0,70,,160120,13,,,0
2263800,'201',1557,,160079,13,,,0
2263800,'3',638,,160133,13,,,0,69,,160124,13,,,0,31,,160134,13,,,0,70,,160135,13,,,0,30,,160136,13,,,0,71,,160137,13,,,0,30,,160138,13,,,0,71,,160140,13,,,0,30,,160141,13,,,0,70,,160139,13,,,0,31,,160142,13,,,0,70,,160143,13,,,0,30,,160144,13,,,0,70,,160145,13,,,0,30,,160146,13,,,0,70,,160147,13,,,0,30,,160148,13,,,0,70,,160149,13,,,0,30,,160150,13,,,0,70,,160151,13,,,0,30,,160152,13,,,0,70,,160153,13,,,0,30,,160154,13,,,0,70,,160155,13,,,0,30,,160156,13,,,0,70,,160157,13,,,0,30,,160158,13,,,0,70,,160121,13,,,0,30,,160122,13,,,0,71,,160123,13,,,0,31,,160125,13,,,0,77,,160126,13,,,0,31,,160127,13,,,0,68,,160128,13,,,0,25,,160129,13,,,0,68,,160130,13,,,0,30,,160131,13,,,0,70,,160132,13,,,0
3004000,'1',504,,162223,16,,,0,23,,162228,16,,,0,7,,162242,16,,,0,20,,162227,26,,,0,51,,162243,26,,,0,19,,162226,26,,,0,10,,162244,26,,,0,18,,162225,26,,,0,51,,162245,26,,,0,20,,162224,26,,,0,10,,162246,26,,,0,22,,162263,26,,,0,57,,162247,26,,,0,27,,162248,26,,,0,70,,162249,26,,,0,26,,162250,26,,,0,71,,162251,26,,,0,32,,162252,26,,,0,67,,162253,26,,,0,36,,162254,26,,,0,65,,162255,26,,,0,30,,162256,26,,,0,70,,162257,26,,,0,37,,162258,26,,,0,73,,162259,26,,,0,26,,162260,26,,,0,69,,162261,26,,,0,30,,162262,26,,,0,70,,162241,26,,,0,31,,162229,26,,,0,12,,162268,26,,,0,58,,162230,26,,,0,11,,162267,26,,,0,19,,162231,26,,,0,11,,162266,26,,,0,68,,162232,26,,,0,12,,162265,26,,,0,10,,162233,26,,,0,66,,162234,26,,,0,9,,162264,26,,,0,20,,162235,26,,,0,74,,162236,26,,,0,99,,162237,26,,,0,101,,162238,26,,,0,99,,162239,26,,,0,98,,162240,26,,,0
3004000,'101',1508,,162222,16,,,0
3004000,'2',610,,162279,16,,,0,30,,162287,16,,,0,69,,162280,26,,,0,30,,162288,26,,,0,70,,162300,26,,,0,29,,162289,26,,,0,71,,162269,26,,,0,29,,162290,26,,,0,69,,162270,26,,,0,30,,162291,26,,,0,70,,162271,26,,,0,30,,162292,26,,,0,70,,162272,26,,,0,30,,162293,26,,,0,70,,162273,26,,,0,30,,162294,26,,,0,70,,162274,26,,,0,30,,162295,26,,,0,70,,162275,26,,,0,30,,162296,26,,,0,70,,162276,26,,,0,30,,162297,26,,,0,70,,162277,26,,,0,30,,162298,26,,,0,72,,162278,26,,,0,30,,162299,26,,,0,69,,162281,26,,,0,100,,162282,26,,,0,100,,162283,26,,,0,101,,162284,26,,,0,100,,162285,26,,,0,100,,162286,26,,,0
3004000,'3',609,,162319,16,,,0,100,,162301,26,,,0,100,,162302,26,,,0,99,,162303,26,,,0,100,,162304,26,,,0,99,,162305,26,,,0,30,,162320,26,,,0,70,,162306,26,,,0,30,,162321,26,,,0,70,,162307,26,,,0,30,,162322,26,,,0,70,,162308,26,,,0,30,,162323,26,,,0,70,,162309,26,,,0,30,,162324,26,,,0,73,,162310,26,,,0,27,,162325,26,,,0,70,,162311,26,,,0,30,,162326,26,,,0,70,,162312,26,,,0,103,,162313,26,,,0,99,,162314,26,,,0,100,,162315,26,,,0,100,,162316,26,,,0,100,,162317,26,,,0,100,,162318,26,,,0
3058400,'1',536,,165673,14,,,0,69,,165674,14,,,0,30,,165662,14,,,0,65,,165694,14,,,0,18,,165695,14,,,0,19,,165675,14,,,0,18,,165676,14,,,0,60,,165696,14,,,0,17,,165677,14,,,0,74,,165678,14,,,0,26,,165679,14,,,0,27,,165680,14,,,0,70,,165681,14,,,0,26,,165682,14,,,0,76,,165683,14,,,0,27,,165684,14,,,0,65,,165685,14,,,0,33,,165686,14,,,0,73,,165687,14,,,0,30,,165688,14,,,0,74,,165689,14,,,0,67,,165690,14,,,0,35,,165691,14,,,0,70,,165692,14,,,0,38,,165693,14,,,0,60,,165663,14,,,0,42,,165672,14,,,0,75,,165664,14,,,0,28,,165671,14,,,0,60,,165665,14,,,0,35,,165670,14,,,0,68,,165666,14,,,0,30,,165669,14,,,0,71,,165667,14,,,0,32,,165668,14,,,0,98,,165697,14,,,0
3058400,'2',603,,165698,14,,,0,28,,165699,14,,,0,75,,165700,14,,,0,30,,165701,14,,,0,70,,165702,14,,,0,30,,165703,14,,,0,72,,165704,14,,,0,31,,165705,14,,,0,70,,165706,14,,,0,30,,165707,14,,,0,70,,165708,14,,,0,31,,165709,14,,,0,70,,165710,14,,,0,32,,165711,14,,,0,70,,165712,14,,,0,30,,165713,14,,,0,70,,165714,14,,,0,30,,165715,14,,,0,70,,165716,14,,,0,30,,165717,14,,,0,70,,165718,14,,,0,30,,165719,14,,,0,70,,165720,14,,,0,30,,165721,14,,,0,70,,165722,14,,,0,30,,165723,14,,,0,70,,165724,14,,,0,29,,165725,14,,,0,69,,165726,14,,,0,29,,165729,14,,,0,73,,165727,14,,,0,33,,165728,14,,,0,100,,165730,14,,,0,100,,165731,14,,,0
3058400,'3',744,,165733,14,,,0,72,,165734,14,,,0,30,,165735,14,,,0,70,,165736,14,,,0,30,,165737,14,,,0,70,,165738,14,,,0,30,,165739,14,,,0,72,,165740,14,,,0,31,,165741,14,,,0,71,,165742,14,,,0,31,,165743,14,,,0,71,,165744,14,,,0,30,,165745,14,,,0,70,,165746,14,,,0,28,,165747,14,,,0,70,,165748,14,,,0,31,,165749,14,,,0,70,,165750,14,,,0,30,,165751,14,,,0,71,,165752,14,,,0,30,,165753,14,,,0,70,,165732,14,,,0,29,,165754,14,,,0,69,,165755,14,,,0,29,,165756,14,,,0,70,,165757,14,,,0,31,,165758,14,,,0,70,,165759,14,,,0,28,,165760,14,,,0,99,,165761,14,,,0,100,,165762,14,,,0
