674901,'1',411,,150994,17,,,0,30,,151023,17,,,0,62,,151024,31,,,0,31,,151025,31,,,0,9,,151026,17,,,0,61,,150983,31,,,0,9,,151027,17,,,0,22,,151028,31,,,0,10,,151029,31,,,0,60,,151030,31,,,0,8,,150990,31,,,0,20,,151031,31,,,0,10,,151032,31,,,0,59,,151033,31,,,0,17,,151034,31,,,0,16,,151035,17,,,0,17,,151036,31,,,0,55,,151037,31,,,0,15,,151038,17,,,0,14,,150991,31,,,0,15,,151039,17,,,0,55,,151040,31,,,0,15,,151041,17,,,0,15,,151042,31,,,0,15,,151043,17,,,0,55,,151044,31,,,0,8,,151045,18,,,0,17,,151046,31,,,0,17,,151047,17,,,0,56,,151048,31,,,0,15,,151049,17,,,0,15,,151050,31,,,0,15,,151051,17,,,0,55,,151052,31,,,0,14,,151053,17,,,0,18,,151054,31,,,0,15,,151055,17,,,0,55,,151056,31,,,0,16,,151012,17,,,0,14,,151013,31,,,0,19,,150989,31,,,0,65,,151014,31,,,0,27,,151015,31,,,0,58,,151016,31,,,0,7,,151017,18,,,0,5,,151018,31,,,0,18,,151019,31,,,0,14,,151020,31,,,0,55,,151021,31,,,0,16,,151022,31,,,0,15,,150985,31,,,0,13,,150988,31,,,0,53,,151010,31,,,0,14,,150997,31,,,0,15,,150998,31,,,0,17,,150999,31,,,0,12,,151000,31,,,0,55,,151001,31,,,0,15,,151002,31,,,0,15,,150992,31,,,0,57,,150984,31,,,0,14,,150996,31,,,0,15,,151003,31,,,0,70,,151004,31,,,0,30,,151005,31,,,0,16,,151006,18,,,0,57,,150986,31,,,0,21,,151011,31,,,0,19,,150995,18,,,0,61,,151007,31,,,0,23,,151008,31,,,0,30,,150987,31,,,0,70,,151009,31,,,0,30,,150993,31,,,0,69,,151057,31,,,0
674901,'101',1536,,150981,17,,,0,5,,150980,31,,,0
674901,'2',537,,151060,31,,,0,69,,151061,17,,,0,26,,151062,31,,,0,68,,151063,17,,,0,17,,151064,31,,,0,15,,151065,17,,,0,15,,151066,31,,,0,53,,151067,17,,,0,15,,151068,31,,,0,15,,151069,17,,,0,15,,151070,31,,,0,55,,151071,17,,,0,17,,151072,31,,,0,15,,151073,17,,,0,15,,151074,31,,,0,55,,151075,17,,,0,15,,151076,31,,,0,15,,151077,17,,,0,14,,151078,31,,,0,55,,151079,17,,,0,16,,151080,31,,,0,14,,151081,17,,,0,14,,151082,31,,,0,58,,151083,17,,,0,15,,151084,31,,,0,15,,151085,17,,,0,15,,151086,31,,,0,55,,151087,17,,,0,15,,151088,31,,,0,15,,151089,17,,,0,15,,151090,31,,,0,55,,151091,17,,,0,15,,151092,31,,,0,15,,151093,17,,,0,16,,151094,31,,,0,55,,151095,17,,,0,15,,151096,31,,,0,14,,151097,17,,,0,15,,151098,31,,,0,55,,151099,17,,,0,15,,151100,31,,,0,20,,151101,17,,,0,15,,151102,31,,,0,55,,151103,17,,,0,15,,151104,31,,,0,14,,151105,17,,,0,15,,151106,31,,,0,55,,151107,17,,,0,15,,151108,31,,,0,15,,151109,17,,,0,15,,151110,31,,,0,51,,151111,17,,,0,19,,151112,31,,,0,15,,151113,31,,,0,15,,151114,31,,,0,55,,151115,31,,,0,23,,151116,31,,,0,70,,151117,31,,,0,30,,151118,31,,,0,70,,151119,31,,,0,28,,151120,31,,,0,30,,151121,31,,,0,70,,151122,31,,,0,30,,151123,31,,,0,70,,151124,31,,,0,30,,151125,31,,,0,66,,151126,31,,,0
674901,'201',1536,,151059,17,,,0,5,,151058,31,,,0
674901,'3',631,,151160,17,,,0,70,,151152,17,,,0,30,,151151,31,,,0,69,,151150,31,,,0,15,,151149,17,,,0,15,,151148,31,,,0,15,,151185,17,,,0,55,,151184,31,,,0,15,,151183,17,,,0,15,,151182,31,,,0,17,,151181,17,,,0,55,,151180,31,,,0,17,,151179,17,,,0,14,,151178,31,,,0,16,,151135,17,,,0,55,,151134,31,,,0,16,,151177,17,,,0,13,,151176,31,,,0,15,,151175,17,,,0,55,,151174,31,,,0,15,,151173,17,,,0,15,,151172,31,,,0,12,,151171,17,,,0,58,,151170,31,,,0,15,,151169,17,,,0,14,,151168,31,,,0,16,,151167,17,,,0,54,,151166,31,,,0,16,,151147,17,,,0,14,,151146,31,,,0,17,,151145,17,,,0,5,,151144,31,,,0,64,,151143,17,,,0,14,,151142,31,,,0,17,,151141,17,,,0,53,,151140,31,,,0,17,,151139,17,,,0,13,,151138,31,,,0,15,,151137,17,,,0,55,,151159,31,,,0,15,,151158,17,,,0,14,,151157,31,,,0,14,,151156,17,,,0,57,,151155,31,,,0,14,,151154,17,,,0,16,,151153,31,,,0,15,,151136,17,,,0,55,,151133,31,,,0,16,,151132,17,,,0,14,,151131,31,,,0,15,,151129,17,,,0,54,,151130,31,,,0,17,,151128,17,,,0,15,,151127,31,,,0,15,,151189,17,,,0,60,,151188,31,,,0,30,,151165,31,,,0,70,,151187,31,,,0,31,,151186,31,,,0,70,,151161,31,,,0,32,,151162,31,,,0,72,,151163,31,,,0,27,,151190,31,,,0,69,,151164,31,,,0
722401,'1',432,,155871,17,,,0,21,,155870,17,,,0,59,,155869,17,,,0,20,,155873,17,,,0,16,,155868,17,,,0,71,,155867,17,,,0,22,,155882,17,,,0,64,,155866,17,,,0,20,,155865,17,,,0,14,,155874,17,,,0,15,,155883,17,,,0,57,,155864,17,,,0,24,,155863,17,,,0,18,,155875,17,,,0,68,,155862,17,,,0,32,,155861,17,,,0,68,,155860,17,,,0,30,,155859,17,,,0,70,,155858,17,,,0,29,,155857,17,,,0,70,,155856,17,,,0,30,,155855,17,,,0,70,,155854,17,,,0,30,,155853,17,,,0,72,,155852,17,,,0,20,,155851,17,,,0,59,,155850,17,,,0,19,,155884,17,,,0,36,,155849,17,,,0,57,,155876,17,,,0,20,,155872,17,,,0,19,,155880,17,,,0,60,,155885,17,,,0,20,,155877,17,,,0,20,,155879,17,,,0,63,,155878,17,,,0,29,,155881,17,,,0,65,,155886,17,,,0,101,,155887,17,,,0,99,,155888,17,,,0
722401,'101',1539,,155848,17,,,0
722401,'201',1539,,155891,17,,,0
3454001,'1',531,,168559,3,,,0,70,,168560,3,,,0,30,,168561,3,,,0,70,,168562,3,,,0,30,,168563,3,,,0,70,,168564,3,,,0,30,,168565,3,,,0,71,,168566,3,,,0,39,,168567,3,,,0,80,,168568,3,,,0,80,,168569,3,,,0,40,,168570,3,,,0,80,,168571,3,,,0,80,,168572,3,,,0,40,,168573,3,,,0,80,,168574,3,,,0,80,,168575,3,,,0,40,,168576,3,,,0,75,,168577,3,,,0,30,,168578,3,,,0,71,,168579,3,,,0,29,,168580,3,,,0,79,,168581,3,,,0,90,,168582,3,,,0,41,,168583,3,,,0,80,,168584,3,,,0,80,,168585,3,,,0,40,,168586,3,,,0
3454001,'2',816,,168587,3,,,0,85,,168588,3,,,0,45,,168589,3,,,0,85,,168590,3,,,0,85,,168591,3,,,0,85,,168592,3,,,0,46,,168593,3,,,0,85,,168594,3,,,0,85,,168595,3,,,0,85,,168596,3,,,0,45,,168597,3,,,0,85,,168598,3,,,0,85,,168599,3,,,0,85,,168600,3,,,0,45,,168601,3,,,0,85,,168602,3,,,0,85,,168603,3,,,0,85,,168604,3,,,0,45,,168605,3,,,0
3454001,'3',816,,168606,3,,,0,85,,168607,3,,,0,45,,168608,3,,,0,85,,168609,3,,,0,85,,168610,3,,,0,85,,168611,3,,,0,46,,168612,3,,,0,85,,168613,3,,,0,85,,168614,3,,,0,85,,168615,3,,,0,45,,168616,3,,,0,85,,168617,3,,,0,85,,168618,3,,,0,85,,168619,3,,,0,45,,168620,3,,,0,85,,168621,3,,,0,85,,168622,3,,,0,85,,168623,3,,,0,45,,168624,3,,,0
