667200,'101_merged_15529685',1516,,78232,6,,,0
667600,'1_merged_15529678',457,,79096,14,,,0,77,,79136,14,,,0,21,,79103,22,,,0,62,,79097,14,,,0,17,,79104,22,,,0,14,,79105,22,,,0,52,,79126,22,,,0,17,,79121,22,,,0,17,,79106,22,,,0,14,,79102,22,,,0,56,,79084,22,,,0,18,,79091,22,,,0,20,,79107,22,,,0,73,,79118,22,,,0,27,,79113,22,,,0,69,,79115,22,,,0,29,,79134,22,,,0,70,,79133,22,,,0,29,,79114,22,,,0,68,,79132,22,,,0,28,,79135,22,,,0,72,,79098,22,,,0,31,,79128,22,,,0,71,,79112,22,,,0,30,,79117,22,,,0,70,,79090,22,,,0,30,,79116,22,,,0,17,,79137,22,,,0,57,,79092,22,,,0,10,,79138,22,,,0,15,,79086,22,,,0,16,,79087,22,,,0,58,,79094,22,,,0,20,,79100,22,,,0,11,,79101,22,,,0,11,,79110,22,,,0,58,,79089,22,,,0,11,,79131,22,,,0,18,,79108,22,,,0,11,,79124,22,,,0,58,,79119,22,,,0,13,,79130,22,,,0,29,,79111,22,,,0,70,,79109,22,,,0,31,,79127,22,,,0,70,,79088,22,,,0,30,,79125,22,,,0,69,,79120,22,,,0,35,,79099,22,,,0,66,,79093,22,,,0,28,,79129,22,,,0,67,,79085,22,,,0,30,,79095,22,,,0,71,,79123,22,,,0,35,,79122,22,,,0
667600,'2_merged_15529680',517,,79169,8,,,0,30,,79139,8,,,0,71,,79170,22,,,0,31,,79142,22,,,0,70,,79179,22,,,0,31,,79152,22,,,0,70,,79174,22,,,0,30,,79163,22,,,0,76,,79162,22,,,0,82,,79148,22,,,0,31,,79171,22,,,0,71,,79147,22,,,0,30,,79175,22,,,0,70,,79180,22,,,0,30,,79173,22,,,0,70,,79154,22,,,0,31,,79141,22,,,0,70,,79178,22,,,0,31,,79159,22,,,0,69,,79144,22,,,0,30,,79160,22,,,0,70,,79151,22,,,0,30,,79161,22,,,0,70,,79145,22,,,0,30,,79150,22,,,0,70,,79146,22,,,0,29,,79164,22,,,0,68,,79176,22,,,0,15,,79165,22,,,0,29,,79177,22,,,0,71,,79143,22,,,0,30,,79140,22,,,0,70,,79149,22,,,0,30,,79156,22,,,0,69,,79158,22,,,0,30,,79157,22,,,0,69,,79166,22,,,0,30,,79172,22,,,0,69,,79167,22,,,0,31,,79155,22,,,0,70,,79168,22,,,0,32,,79153,22,,,0
667600,'3_merged_15529679',650,,79181,8,,,0,99,,79194,22,,,0,100,,79193,22,,,0,69,,79212,22,,,0,29,,79211,22,,,0,71,,79213,22,,,0,31,,79206,22,,,0,71,,79183,22,,,0,30,,79182,22,,,0,72,,79210,22,,,0,30,,79209,22,,,0,70,,79195,22,,,0,30,,79189,22,,,0,71,,79201,22,,,0,32,,79202,22,,,0,70,,79203,22,,,0,29,,79204,22,,,0,70,,79187,22,,,0,28,,79190,22,,,0,71,,79207,22,,,0,29,,79185,22,,,0,70,,79198,22,,,0,29,,79208,22,,,0,71,,79186,22,,,0,33,,79197,22,,,0,67,,79191,22,,,0,30,,79200,22,,,0,69,,79188,22,,,0,29,,79184,22,,,0,69,,79192,22,,,0,30,,79199,22,,,0,69,,79205,22,,,0,36,,79196,22,,,0
667700,'101_merged_15529685',1618,,79343,22,,,0
667700,'1101_merged_15529689',2522,,79344,22,,,0
667700,'1201_merged_15529671',2522,,79345,22,,,0
667700,'1_merged_15529678',621,,79383,22,,,0,29,,79356,22,,,0,71,,79364,22,,,0,30,,79371,22,,,0,73,,79381,22,,,0,29,,79367,22,,,0,78,,79351,22,,,0,24,,79389,22,,,0,87,,79350,22,,,0,71,,79358,22,,,0,29,,79365,22,,,0,70,,79363,22,,,0,30,,79362,22,,,0,71,,79372,22,,,0,31,,79349,22,,,0,69,,79387,22,,,0,16,,79352,22,,,0,71,,79353,22,,,0,25,,79346,22,,,0,20,,79377,22,,,0,14,,79357,22,,,0,70,,79360,22,,,0,19,,79368,22,,,0,52,,79361,22,,,0,19,,79378,22,,,0,12,,79373,22,,,0,19,,79384,22,,,0,60,,79388,22,,,0,13,,79374,22,,,0,15,,79385,22,,,0,12,,79382,22,,,0,56,,79375,22,,,0,10,,79355,22,,,0,11,,79376,22,,,0,14,,79370,22,,,0,16,,79390,22,,,0,57,,79366,22,,,0,15,,79348,22,,,0,15,,79386,22,,,0,11,,79347,22,,,0,68,,79379,22,,,0,29,,79369,22,,,0,69,,79359,22,,,0,30,,79392,22,,,0,68,,79380,22,,,0,30,,79391,22,,,0,70,,79354,22,,,0
667700,'2_merged_15529680',653,,79420,22,,,0,66,,79421,22,,,0,31,,79400,22,,,0,70,,79428,22,,,0,32,,79429,22,,,0,72,,79396,22,,,0,30,,79426,22,,,0,69,,79403,22,,,0,32,,79434,22,,,0,71,,79398,22,,,0,28,,79433,22,,,0,71,,79435,22,,,0,31,,79401,22,,,0,70,,79399,22,,,0,32,,79438,22,,,0,56,,79409,22,,,0,20,,79436,22,,,0,22,,79394,22,,,0,59,,79419,22,,,0,19,,79425,22,,,0,22,,79424,22,,,0,59,,79418,22,,,0,20,,79395,22,,,0,21,,79402,22,,,0,59,,79417,22,,,0,24,,79437,22,,,0,19,,79404,22,,,0,60,,79416,22,,,0,23,,79430,22,,,0,60,,79427,22,,,0,24,,79415,22,,,0,16,,79408,22,,,0,14,,79405,22,,,0,55,,79423,22,,,0,16,,79414,22,,,0,29,,79431,22,,,0,72,,79422,22,,,0,28,,79406,22,,,0,69,,79411,22,,,0,30,,79410,22,,,0,70,,79432,22,,,0,30,,79413,22,,,0,69,,79397,22,,,0,32,,79412,22,,,0,64,,79407,22,,,0,36,,79393,22,,,0
667700,'3_merged_15529679',824,,79456,22,,,0,30,,79450,22,,,0,70,,79459,22,,,0,29,,79449,22,,,0,70,,79457,22,,,0,30,,79448,22,,,0,69,,79458,22,,,0,32,,79439,22,,,0,69,,79460,22,,,0,32,,79447,22,,,0,69,,79443,22,,,0,32,,79455,22,,,0,70,,79462,22,,,0,31,,79454,22,,,0,53,,79476,22,,,0,30,,79463,22,,,0,15,,79453,22,,,0,57,,79475,22,,,0,29,,79466,22,,,0,16,,79452,22,,,0,55,,79474,22,,,0,32,,79464,22,,,0,13,,79451,22,,,0,56,,79473,22,,,0,29,,79461,22,,,0,14,,79446,22,,,0,57,,79472,22,,,0,26,,79441,22,,,0,15,,79445,22,,,0,59,,79471,22,,,0,26,,79440,22,,,0,17,,79444,22,,,0,67,,79442,22,,,0,30,,79470,22,,,0,71,,79467,22,,,0,30,,79469,22,,,0,71,,79465,22,,,0,34,,79468,22,,,0
668200,'101_merged_15529685',1723,,80343,35,,,0
668200,'1_merged_15529678',540,,80436,35,,,0,60,,80366,35,,,0,13,,80431,35,,,0,10,,80367,35,,,0,8,,80401,35,,,0,11,,80358,35,,,0,8,,80427,35,,,0,8,,80347,35,,,0,48,,80432,35,,,0,7,,80349,35,,,0,7,,80428,35,,,0,8,,80375,35,,,0,9,,80348,35,,,0,7,,80364,35,,,0,7,,80346,35,,,0,51,,80433,35,,,0,7,,80345,35,,,0,9,,80419,35,,,0,8,,80378,35,,,0,7,,80425,35,,,0,7,,80422,35,,,0,6,,80438,35,,,0,6,,80389,35,,,0,48,,80400,35,,,0,8,,80437,35,,,0,7,,80360,35,,,0,8,,80420,35,,,0,10,,80362,35,,,0,15,,80395,35,,,0,55,,80356,35,,,0,14,,80352,35,,,0,14,,80382,35,,,0,15,,80385,35,,,0,55,,80399,35,,,0,15,,80384,35,,,0,15,,80413,35,,,0,16,,80383,35,,,0,55,,80387,35,,,0,14,,80381,35,,,0,14,,80370,35,,,0,15,,80372,35,,,0,14,,80363,35,,,0,55,,80374,35,,,0,15,,80416,35,,,0,17,,80409,35,,,0,55,,80417,35,,,0,15,,80376,35,,,0,13,,80357,35,,,0,15,,80407,35,,,0,13,,80369,35,,,0,50,,80406,35,,,0,9,,80430,35,,,0,10,,80434,35,,,0,10,,80368,35,,,0,10,,80365,35,,,0,11,,80373,35,,,0,51,,80355,35,,,0,12,,80435,35,,,0,11,,80388,35,,,0,8,,80402,35,,,0,9,,80421,35,,,0,9,,80423,35,,,0,49,,80361,35,,,0,8,,80354,35,,,0,19,,80353,35,,,0,10,,80377,35,,,0,10,,80359,35,,,0,48,,80424,35,,,0,10,,80429,35,,,0,10,,80415,35,,,0,9,,80394,35,,,0,10,,80393,35,,,0,6,,80351,35,,,0,55,,80350,35,,,0,14,,80392,35,,,0,15,,80391,35,,,0,13,,80390,35,,,0,14,,80405,35,,,0,54,,80414,35,,,0,15,,80404,35,,,0,14,,80412,35,,,0,16,,80403,35,,,0,55,,80411,35,,,0,15,,80386,35,,,0,14,,80410,35,,,0,60,,80408,35,,,0,20,,80398,35,,,0,18,,80397,35,,,0,63,,80396,35,,,0,22,,80344,35,,,0,20,,80379,35,,,0,67,,80380,35,,,0,31,,80418,35,,,0,72,,80371,35,,,0,29,,80426,8,,,0
668200,'2_merged_15529680',641,,80512,35,,,0,59,,80511,35,,,0,19,,80510,35,,,0,22,,80476,35,,,0,61,,80509,35,,,0,17,,80446,35,,,0,16,,80508,35,,,0,15,,80514,35,,,0,54,,80507,35,,,0,16,,80515,35,,,0,16,,80506,35,,,0,17,,80470,35,,,0,55,,80440,35,,,0,15,,80505,35,,,0,15,,80503,35,,,0,15,,80453,35,,,0,55,,80504,35,,,0,14,,80441,35,,,0,16,,80502,35,,,0,18,,80451,35,,,0,55,,80484,35,,,0,17,,80458,35,,,0,15,,80475,35,,,0,16,,80496,35,,,0,55,,80468,35,,,0,14,,80442,35,,,0,15,,80439,35,,,0,12,,80445,35,,,0,52,,80495,35,,,0,13,,80450,35,,,0,12,,80459,35,,,0,10,,80462,35,,,0,13,,80443,35,,,0,50,,80480,35,,,0,10,,80494,35,,,0,10,,80444,35,,,0,10,,80474,35,,,0,10,,80457,35,,,0,9,,80455,35,,,0,50,,80483,35,,,0,10,,80456,35,,,0,10,,80493,35,,,0,10,,80477,35,,,0,11,,80448,35,,,0,10,,80469,35,,,0,50,,80492,35,,,0,9,,80482,35,,,0,10,,80485,35,,,0,8,,80516,35,,,0,9,,80479,35,,,0,10,,80478,35,,,0,49,,80481,35,,,0,11,,80491,35,,,0,10,,80473,35,,,0,10,,80463,35,,,0,9,,80490,35,,,0,10,,80464,35,,,0,50,,80472,35,,,0,17,,80447,35,,,0,8,,80501,35,,,0,11,,80489,35,,,0,18,,80460,35,,,0,54,,80500,35,,,0,16,,80465,35,,,0,9,,80499,35,,,0,12,,80488,35,,,0,12,,80498,35,,,0,55,,80513,35,,,0,18,,80497,35,,,0,22,,80466,35,,,0,54,,80518,35,,,0,14,,80517,35,,,0,15,,80487,35,,,0,14,,80461,35,,,0,60,,80467,35,,,0,20,,80486,35,,,0,18,,80454,35,,,0,60,,80519,35,,,0,20,,80471,35,,,0,18,,80452,35,,,0,70,,80449,35,,,0
668200,'3_merged_15529679',632,,80544,35,,,0,20,,80543,35,,,0,60,,80542,35,,,0,20,,80541,35,,,0,20,,80539,35,,,0,63,,80538,35,,,0,18,,80528,35,,,0,15,,80527,35,,,0,57,,80566,35,,,0,15,,80526,35,,,0,16,,80581,35,,,0,16,,80525,35,,,0,55,,80520,35,,,0,16,,80568,35,,,0,15,,80537,35,,,0,14,,80573,35,,,0,55,,80536,35,,,0,16,,80545,35,,,0,15,,80535,35,,,0,16,,80554,35,,,0,55,,80534,35,,,0,16,,80561,35,,,0,15,,80523,35,,,0,13,,80524,35,,,0,57,,80522,35,,,0,13,,80552,35,,,0,17,,80521,35,,,0,15,,80560,35,,,0,55,,80559,35,,,0,15,,80571,35,,,0,15,,80558,35,,,0,15,,80550,35,,,0,54,,80557,35,,,0,16,,80567,35,,,0,16,,80556,35,,,0,15,,80562,35,,,0,56,,80555,35,,,0,14,,80551,35,,,0,15,,80570,35,,,0,60,,80565,35,,,0,11,,80582,35,,,0,15,,80569,35,,,0,14,,80564,35,,,0,15,,80580,35,,,0,55,,80548,35,,,0,14,,80572,35,,,0,14,,80547,35,,,0,14,,80579,35,,,0,54,,80546,35,,,0,17,,80533,35,,,0,15,,80563,35,,,0,13,,80532,35,,,0,56,,80531,35,,,0,15,,80576,35,,,0,13,,80530,35,,,0,14,,80575,35,,,0,57,,80529,35,,,0,20,,80540,35,,,0,25,,80574,35,,,0,65,,80553,35,,,0,30,,80578,35,,,0,70,,80577,35,,,0,29,,80549,35,,,0
683700,'1101_merged_15529689',2701,,96920,49,,,0
683700,'1201_merged_15529671',2701,,96921,49,,,0
683700,'1_merged_15529678',2541,,96928,49,,,0,60,,96927,49,,,0,20,,96923,49,,,0,29,,96926,49,,,0,74,,96925,49,,,0,19,,96924,49,,,0,68,,96922,49,,,0
683700,'2_merged_15529680',529,,96937,23,,,0,2019,,96931,49,,,0,62,,96936,49,,,0,14,,96930,49,,,0,19,,96935,49,,,0,60,,96932,49,,,0,30,,96934,49,,,0,12,,96933,49,,,0,74,,96929,49,,,0
683700,'3_merged_15529679',559,,96946,23,,,0,74,,96947,23,,,0,71,,96948,23,,,0,30,,96949,43,,,0,1687,,96942,49,,,0,32,,96941,49,,,0,70,,96940,49,,,0,77,,96939,49,,,0,31,,96938,49,,,0,24,,96945,49,,,0,88,,96944,49,,,0,65,,96943,49,,,0
2263900,'1_merged_15529678',604,,101405,24,,,0,30,,101406,24,,,0,68,,101407,24,,,0,32,,101408,24,,,0,70,,101409,24,,,0,30,,101410,24,,,0,70,,101411,24,,,0,30,,101412,24,,,0,70,,101413,24,,,0,30,,101414,24,,,0,70,,101415,24,,,0,30,,101416,24,,,0,70,,101417,24,,,0,30,,101418,24,,,0,70,,101419,24,,,0,30,,101420,24,,,0,70,,101421,24,,,0,30,,101422,24,,,0,70,,101423,24,,,0,30,,101424,24,,,0,70,,101425,24,,,0,30,,101426,24,,,0,72,,101427,24,,,0,30,,101428,24,,,0,70,,101429,24,,,0,30,,101430,24,,,0,68,,101431,24,,,0,30,,101432,24,,,0,100,,101433,24,,,0
2263900,'2_merged_15529680',634,,101434,24,,,0,68,,101435,24,,,0,30,,101436,24,,,0,70,,101437,24,,,0,30,,101438,24,,,0,70,,101439,24,,,0,30,,101440,24,,,0,72,,101441,24,,,0,30,,101442,24,,,0,70,,101443,24,,,0,30,,101444,24,,,0,70,,101445,24,,,0,15,,101446,24,,,0,15,,101447,24,,,0,15,,101448,24,,,0,55,,101449,24,,,0,15,,101450,24,,,0,15,,101451,24,,,0,15,,101452,24,,,0,55,,101453,24,,,0,15,,101454,24,,,0,15,,101455,24,,,0,15,,101456,24,,,0,55,,101457,24,,,0,15,,101458,24,,,0,15,,101459,24,,,0,15,,101460,24,,,0,55,,101461,24,,,0,15,,101462,24,,,0,15,,101463,24,,,0,15,,101464,24,,,0,55,,101465,24,,,0,15,,101466,24,,,0,15,,101467,24,,,0,15,,101468,24,,,0,55,,101469,24,,,0,15,,101470,24,,,0,15,,101471,24,,,0,15,,101472,24,,,0,55,,101473,24,,,0,15,,101474,24,,,0,15,,101475,24,,,0,15,,101476,24,,,0,85,,101477,24,,,0
2263900,'3_merged_15529679',803,,101478,24,,,0,29,,101479,24,,,0,70,,101480,24,,,0,30,,101481,24,,,0,70,,101482,24,,,0,30,,101483,24,,,0,71,,101484,24,,,0,30,,101485,24,,,0,70,,101486,24,,,0,15,,101487,24,,,0,15,,101488,24,,,0,15,,101489,24,,,0,56,,101490,24,,,0,15,,101491,24,,,0,15,,101492,24,,,0,15,,101493,24,,,0,55,,101494,24,,,0,15,,101495,24,,,0,15,,101496,24,,,0,15,,101497,24,,,0,55,,101498,24,,,0,15,,101499,24,,,0,15,,101500,24,,,0,15,,101501,24,,,0,55,,101502,24,,,0,15,,101503,24,,,0,15,,101504,24,,,0,15,,101505,24,,,0,55,,101506,24,,,0,15,,101507,24,,,0,15,,101508,24,,,0,15,,101509,24,,,0,55,,101510,24,,,0,15,,101511,24,,,0,15,,101512,24,,,0,14,,101513,24,,,0,55,,101514,24,,,0,15,,101515,24,,,0,15,,101516,24,,,0,15,,101517,24,,,0,85,,101518,24,,,0
