670901,'1',456,,144908,2,,,0,63,,144898,2,,,0,20,,144910,2,,,0,20,,144899,2,,,0,81,,144906,2,,,0,60,,144911,2,,,0,20,,144915,2,,,0,15,,144887,2,,,0,15,,144890,2,,,0,60,,144912,2,,,0,20,,144889,2,,,0,70,,144913,2,,,0,30,,144888,2,,,0,100,,144902,2,,,0,100,,144903,2,,,0,100,,144905,2,,,0,100,,144914,2,,,0,75,,144904,2,,,0,30,,144909,2,,,0,70,,144900,2,,,0,30,,144892,2,,,0,66,,144886,2,,,0,26,,144893,2,,,0,30,,144894,2,,,0,70,,144895,2,,,0,32,,144896,2,,,0,77,,144891,2,,,0,77,,144907,2,,,0,105,,144897,2,,,0,107,,144901,2,,,0
670901,'101',620,,144885,2,,,0
670901,'2',756,,144929,2,,,0,102,,144927,2,,,0,100,,144926,2,,,0,100,,144924,2,,,0,100,,144923,2,,,0,100,,144922,2,,,0,100,,144921,2,,,0,100,,144925,2,,,0,100,,144918,2,,,0,100,,144920,2,,,0,100,,144928,2,,,0,100,,144919,2,,,0,100,,144917,2,,,0,100,,144930,2,,,0
670901,'201',620,,144916,2,,,0
670901,'3',1116,,144932,2,,,0,105,,144937,2,,,0,105,,144938,2,,,0,100,,144934,2,,,0,100,,144933,2,,,0,100,,144935,2,,,0,100,,144931,2,,,0,100,,144941,2,,,0,100,,144936,2,,,0,95,,144940,2,,,0,96,,144939,2,,,0
671200,'1',521,,145010,15,,,0,21,,145011,15,,,0,60,,145037,15,,,0,10,,145012,15,,,0,11,,145026,15,,,0,10,,145075,15,,,0,10,,145035,15,,,0,9,,145027,15,,,0,6,,145036,15,,,0,54,,145028,15,,,0,19,,145029,15,,,0,8,,145062,15,,,0,8,,145030,15,,,0,9,,144988,15,,,0,48,,145068,15,,,0,17,,144996,15,,,0,10,,145033,15,,,0,12,,145053,15,,,0,12,,145034,15,,,0,52,,144997,15,,,0,14,,145013,15,,,0,13,,144998,15,,,0,13,,145014,15,,,0,54,,144985,15,,,0,15,,145015,15,,,0,15,,144999,15,,,0,15,,145016,15,,,0,55,,144987,15,,,0,16,,145017,15,,,0,15,,145000,15,,,0,15,,145018,15,,,0,55,,145054,15,,,0,16,,145019,15,,,0,15,,145001,15,,,0,15,,145020,15,,,0,55,,145025,15,,,0,15,,145021,15,,,0,15,,145002,15,,,0,15,,145031,15,,,0,54,,145032,15,,,0,13,,145003,15,,,0,11,,145022,15,,,0,10,,145079,15,,,0,10,,145055,15,,,0,10,,145091,15,,,0,50,,144992,15,,,0,12,,145009,15,,,0,23,,145051,15,,,0,11,,145061,15,,,0,54,,145004,15,,,0,7,,145038,15,,,0,6,,145080,15,,,0,7,,145039,15,,,0,7,,145069,15,,,0,14,,144989,15,,,0,7,,145040,15,,,0,53,,145088,15,,,0,6,,145041,15,,,0,12,,145089,15,,,0,8,,145042,15,,,0,14,,145043,15,,,0,5,,145006,15,,,0,51,,145090,15,,,0,5,,145056,15,,,0,13,,145059,15,,,0,6,,145058,15,,,0,8,,145023,15,,,0,6,,145081,15,,,0,7,,145063,15,,,0,8,,145070,15,,,0,48,,144986,15,,,0,8,,145024,15,,,0,9,,145007,15,,,0,10,,145064,15,,,0,10,,144991,15,,,0,10,,145082,15,,,0,50,,145071,15,,,0,10,,145060,15,,,0,10,,144993,15,,,0,9,,145076,15,,,0,10,,145077,15,,,0,11,,145083,15,,,0,50,,145072,15,,,0,10,,144994,15,,,0,9,,144995,15,,,0,10,,145065,15,,,0,10,,145078,15,,,0,10,,145084,15,,,0,50,,145073,15,,,0,11,,144984,15,,,0,11,,145044,15,,,0,12,,145045,15,,,0,12,,145074,15,,,0,12,,145085,15,,,0,52,,145066,15,,,0,12,,145046,15,,,0,15,,145067,15,,,0,15,,145086,15,,,0,55,,145047,15,,,0,14,,145048,15,,,0,32,,145049,15,,,0,72,,145050,15,,,0
671200,'101',705,,144979,15,,,0,16,,144981,15,,,0,91,,144982,15,,,0,718,,144983,15,,,0,29,,144980,15,,,0
671200,'2',630,,145122,15,,,0,25,,145121,15,,,0,61,,145171,15,,,0,15,,145120,15,,,0,15,,145178,15,,,0,55,,145144,15,,,0,15,,145119,15,,,0,15,,145108,15,,,0,15,,145179,15,,,0,55,,145140,15,,,0,15,,145118,15,,,0,15,,145152,15,,,0,15,,145153,15,,,0,55,,145154,15,,,0,15,,145155,15,,,0,15,,145156,15,,,0,15,,145157,15,,,0,55,,145158,15,,,0,16,,145159,15,,,0,15,,145160,15,,,0,16,,145161,15,,,0,55,,145162,15,,,0,14,,145163,15,,,0,14,,145164,15,,,0,15,,145165,15,,,0,55,,145166,15,,,0,15,,145167,15,,,0,15,,145168,15,,,0,15,,145169,15,,,0,55,,145170,15,,,0,15,,145117,15,,,0,15,,145105,15,,,0,15,,145146,15,,,0,55,,145132,15,,,0,15,,145104,15,,,0,15,,145103,15,,,0,15,,145102,15,,,0,56,,145101,15,,,0,15,,145133,15,,,0,15,,145112,15,,,0,14,,145141,15,,,0,54,,145151,15,,,0,13,,145113,15,,,0,10,,145114,15,,,0,10,,145115,15,,,0,10,,145142,15,,,0,10,,145116,15,,,0,50,,145109,15,,,0,10,,145175,15,,,0,9,,145134,15,,,0,10,,145107,15,,,0,10,,145143,15,,,0,10,,145110,15,,,0,49,,145111,15,,,0,10,,145176,15,,,0,9,,145135,15,,,0,10,,145106,15,,,0,9,,145145,15,,,0,11,,145100,15,,,0,51,,145099,15,,,0,10,,145177,15,,,0,10,,145098,15,,,0,10,,145147,15,,,0,10,,145136,15,,,0,10,,145172,15,,,0,51,,145097,15,,,0,12,,145131,15,,,0,12,,145148,15,,,0,12,,145137,15,,,0,14,,145173,15,,,0,53,,145130,15,,,0,12,,145129,15,,,0,13,,145149,15,,,0,14,,145138,15,,,0,56,,145128,15,,,0,15,,145127,15,,,0,15,,145174,15,,,0,15,,145139,15,,,0,60,,145126,15,,,0,19,,145125,15,,,0,20,,145150,15,,,0,60,,145124,15,,,0,29,,145123,15,,,0
671200,'201',705,,145096,15,,,0,16,,145094,15,,,0,91,,145092,15,,,0,718,,145093,15,,,0,29,,145095,15,,,0
671200,'3',815,,145182,15,,,0,15,,145246,15,,,0,15,,145181,15,,,0,56,,145247,15,,,0,15,,145180,15,,,0,15,,145188,15,,,0,16,,145189,15,,,0,55,,145190,15,,,0,15,,145191,15,,,0,15,,145192,15,,,0,13,,145193,15,,,0,55,,145194,15,,,0,16,,145195,15,,,0,15,,145196,15,,,0,15,,145197,15,,,0,55,,145198,15,,,0,16,,145199,15,,,0,15,,145200,15,,,0,15,,145201,15,,,0,55,,145202,15,,,0,15,,145203,15,,,0,15,,145204,15,,,0,15,,145205,15,,,0,55,,145206,15,,,0,16,,145207,15,,,0,15,,145208,15,,,0,15,,145209,15,,,0,55,,145210,15,,,0,15,,145211,15,,,0,15,,145212,15,,,0,15,,145213,15,,,0,55,,145214,15,,,0,15,,145215,15,,,0,15,,145187,15,,,0,12,,145216,15,,,0,12,,145217,15,,,0,52,,145218,15,,,0,10,,145219,15,,,0,11,,145220,15,,,0,11,,145221,15,,,0,11,,145222,15,,,0,52,,145223,15,,,0,12,,145224,15,,,0,12,,145225,15,,,0,12,,145226,15,,,0,13,,145227,15,,,0,53,,145228,15,,,0,13,,145229,15,,,0,12,,145230,15,,,0,12,,145231,15,,,0,12,,145232,15,,,0,52,,145185,15,,,0,13,,145233,15,,,0,15,,145234,15,,,0,15,,145235,15,,,0,55,,145236,15,,,0,15,,145237,15,,,0,15,,145238,15,,,0,15,,145239,15,,,0,56,,145240,15,,,0,12,,145241,15,,,0,15,,145242,15,,,0,15,,145243,15,,,0,55,,145244,15,,,0,15,,145184,15,,,0,15,,145245,15,,,0,15,,145186,15,,,0,55,,145183,15,,,0
681900,'1',556,,153803,40,,,0,56,,153804,40,,,0,15,,153805,40,,,0,14,,153806,40,,,0,15,,153807,40,,,0,55,,153808,40,,,0,15,,153809,40,,,0,17,,153810,40,,,0,15,,153811,40,,,0,57,,153812,40,,,0,12,,153813,40,,,0,8,,153814,40,,,0,20,,153815,40,,,0,60,,153816,40,,,0,19,,153817,40,,,0,20,,153818,40,,,0,60,,153819,40,,,0,19,,153820,40,,,0,20,,153821,40,,,0,62,,153822,40,,,0,21,,153823,40,,,0,65,,153824,40,,,0,16,,153825,40,,,0,24,,153826,40,,,0,17,,153827,40,,,0,61,,153828,40,,,0,20,,153829,40,,,0,20,,153830,40,,,0,60,,153831,40,,,0,21,,153832,40,,,0,71,,153833,40,,,0,15,,153834,40,,,0,15,,153835,40,,,0,7,,153873,40,,,0,8,,153836,40,,,0,55,,153875,40,,,0,15,,153839,40,,,0,15,,153840,40,,,0,15,,153841,40,,,0,55,,153842,40,,,0,13,,153843,40,,,0,15,,153844,40,,,0,13,,153845,40,,,0,55,,153846,40,,,0,15,,153847,40,,,0,17,,153848,40,,,0,15,,153849,40,,,0,51,,153850,40,,,0,15,,153851,40,,,0,15,,153852,40,,,0,15,,153853,40,,,0,53,,153854,40,,,0,15,,153855,40,,,0,18,,153856,40,,,0,20,,153857,40,,,0,59,,153858,40,,,0,20,,153870,40,,,0,73,,153801,40,,,0,102,,153802,40,,,0,107,,153871,40,,,0
681900,'2',705,,153929,40,,,0,100,,153930,40,,,0,99,,153876,40,,,0,20,,153877,40,,,0,20,,153878,40,,,0,59,,153879,40,,,0,20,,153880,40,,,0,20,,153881,40,,,0,62,,153882,40,,,0,20,,153883,40,,,0,20,,153884,40,,,0,60,,153885,40,,,0,21,,153886,40,,,0,15,,153887,40,,,0,15,,153888,40,,,0,55,,153889,40,,,0,15,,153890,40,,,0,15,,153891,40,,,0,15,,153892,40,,,0,55,,153893,40,,,0,15,,153894,40,,,0,15,,153895,40,,,0,15,,153896,40,,,0,57,,153897,40,,,0,15,,153898,40,,,0,16,,153899,40,,,0,15,,153900,40,,,0,55,,153901,40,,,0,15,,153902,40,,,0,13,,153903,40,,,0,15,,153904,40,,,0,54,,153905,40,,,0,15,,153906,40,,,0,15,,153907,40,,,0,15,,153908,40,,,0,55,,153909,40,,,0,15,,153910,40,,,0,15,,153911,40,,,0,15,,153912,40,,,0,55,,153913,40,,,0,15,,153914,40,,,0,12,,153915,40,,,0,15,,153916,40,,,0,55,,153917,40,,,0,15,,153918,40,,,0,17,,153919,40,,,0,15,,153920,40,,,0,54,,153921,40,,,0,15,,153922,40,,,0,18,,153923,40,,,0,60,,153924,40,,,0,33,,153925,40,,,0,67,,153926,40,,,0,30,,153927,40,,,0,70,,153928,40,,,0
681900,'3',800,,153975,40,,,0,100,,153963,40,,,0,20,,153973,40,,,0,20,,153931,40,,,0,60,,153932,40,,,0,20,,153933,40,,,0,20,,153964,40,,,0,60,,153934,40,,,0,20,,153935,40,,,0,20,,153965,40,,,0,62,,153936,40,,,0,20,,153937,40,,,0,20,,153966,40,,,0,63,,153938,40,,,0,20,,153939,40,,,0,20,,153967,40,,,0,60,,153940,40,,,0,20,,153941,40,,,0,21,,153968,40,,,0,60,,153942,40,,,0,20,,153943,40,,,0,20,,153969,40,,,0,60,,153956,40,,,0,20,,153944,40,,,0,20,,153957,40,,,0,60,,153945,40,,,0,15,,153974,40,,,0,15,,153946,40,,,0,15,,153958,40,,,0,55,,153970,40,,,0,14,,153947,40,,,0,15,,153948,40,,,0,15,,153959,40,,,0,55,,153971,40,,,0,15,,153949,40,,,0,14,,153950,40,,,0,15,,153960,40,,,0,55,,153972,40,,,0,15,,153951,40,,,0,15,,153952,40,,,0,20,,153961,40,,,0,59,,153953,40,,,0,20,,153954,40,,,0,20,,153962,40,,,0,60,,153955,40,,,0,98,,153976,40,,,0
732101,'1',535,,156036,2,0,76 77 89,0,71,,156032,2,0,76 77 89,0,33,,156007,2,0,76 77 89,0,72,,156008,2,0,76 77 89,0,32,,156020,2,0,76 77 89,0,71,,156031,2,0,76 77 89,0,31,,156021,2,0,76 77 89,0,71,,156015,2,0,76 77 89,0,31,,156022,2,0,76 77 89,0,70,,156010,2,0,76 77 89,0,30,,156023,2,0,76 77 89,0,70,,156016,2,0,76 77 89,0,30,,156024,2,0,76 77 89,0,68,,156011,2,0,76 77 89,0,28,,156025,2,0,76 77 89,0,70,,156017,2,0,76 77 89,0,30,,156026,2,0,76 77 89,0,70,,156012,2,0,76 77 89,0,30,,156027,2,0,76 77 89,0,70,,156018,2,0,76 77 89,0,30,,156028,2,0,76 77 89,0,70,,156013,2,0,76 77 89,0,30,,156029,2,0,76 77 89,0,72,,156019,2,0,76 77 89,0,32,,156030,2,0,76 77 89,0,72,,156014,2,0,76 77 89,0,32,,156033,2,0,76 77 89,0,72,,156037,2,0,76 77 89,0,33,,156034,2,0,76 77 89,0,72,,156038,2,0,76 77 89,0,30,,156035,2,0,76 77 89,0,99,,156009,2,0,76 77 89,0,100,,156006,2,0,76 77 89,0,149,,156039,2,0,76 77 89,0
732101,'2',540,,156078,2,0,76 77 89,0,71,,156062,2,0,76 77 89,0,30,,156061,2,0,76 77 89,0,69,,156060,2,0,76 77 89,0,20,,156059,2,0,76 77 89,0,20,,156079,2,0,76 77 89,0,60,,156058,2,0,76 77 89,0,28,,156057,2,0,76 77 89,0,68,,156067,2,0,76 77 89,0,28,,156056,2,0,76 77 89,0,70,,156066,2,0,76 77 89,0,20,,156077,2,0,76 77 89,0,20,,156043,2,0,76 77 89,0,60,,156065,2,0,76 77 89,0,20,,156055,2,0,76 77 89,0,20,,156070,2,0,76 77 89,0,59,,156064,2,0,76 77 89,0,19,,156054,2,0,76 77 89,0,20,,156071,2,0,76 77 89,0,60,,156063,2,0,76 77 89,0,20,,156053,2,0,76 77 89,0,20,,156072,2,0,76 77 89,0,60,,156042,2,0,76 77 89,0,20,,156052,2,0,76 77 89,0,21,,156073,2,0,76 77 89,0,61,,156041,2,0,76 77 89,0,21,,156049,2,0,76 77 89,0,19,,156074,2,0,76 77 89,0,59,,156040,2,0,76 77 89,0,19,,156048,2,0,76 77 89,0,20,,156075,2,0,76 77 89,0,60,,156069,2,0,76 77 89,0,20,,156047,2,0,76 77 89,0,20,,156076,2,0,76 77 89,0,70,,156068,2,0,76 77 89,0,30,,156046,2,0,76 77 89,0,70,,156080,2,0,76 77 89,0,33,,156045,2,0,76 77 89,0,73,,156081,2,0,76 77 89,0,29,,156044,2,0,76 77 89,0,154,,156050,2,0,76 77 89,0,99,,156051,2,0,76 77 89,0,59,,156082,2,0,76 77 89,0
732101,'3',649,,156109,2,0,76 77 89,0,69,,156108,2,0,76 77 89,0,30,,156107,2,0,76 77 89,0,70,,156106,2,0,76 77 89,0,30,,156105,2,0,76 77 89,0,70,,156104,2,0,76 77 89,0,30,,156103,2,0,76 77 89,0,69,,156087,2,0,76 77 89,0,29,,156102,2,0,76 77 89,0,60,,156086,2,0,76 77 89,0,20,,156101,2,0,76 77 89,0,20,,156110,2,0,76 77 89,0,60,,156085,2,0,76 77 89,0,20,,156100,2,0,76 77 89,0,20,,156111,2,0,76 77 89,0,60,,156084,2,0,76 77 89,0,20,,156099,2,0,76 77 89,0,20,,156112,2,0,76 77 89,0,60,,156083,2,0,76 77 89,0,20,,156098,2,0,76 77 89,0,20,,156113,2,0,76 77 89,0,60,,156091,2,0,76 77 89,0,20,,156097,2,0,76 77 89,0,20,,156114,2,0,76 77 89,0,60,,156090,2,0,76 77 89,0,20,,156096,2,0,76 77 89,0,20,,156115,2,0,76 77 89,0,60,,156089,2,0,76 77 89,0,20,,156095,2,0,76 77 89,0,21,,156116,2,0,76 77 89,0,60,,156088,2,0,76 77 89,0,20,,156117,2,0,76 77 89,0,20,,156094,2,0,76 77 89,0,68,,156118,2,0,76 77 89,0,32,,156093,2,0,76 77 89,0,73,,156119,2,0,76 77 89,0,33,,156092,2,0,76 77 89,0,101,,156120,2,0,76 77 89,0,104,,156121,2,0,76 77 89,0,101,,156122,2,0,76 77 89,0
1770700,'1',938,,159169,2,,,0,70,,159170,2,,,0,30,,159171,2,,,0,69,,159172,2,,,0,30,,159173,2,,,0,69,,159174,2,,,0,30,,159175,2,,,0,70,,159176,2,,,0,31,,159177,2,,,0,69,,159178,2,,,0,29,,159179,2,,,0
4885500,'1',700,,175478,2,0,129 132 71,0,30,,175479,2,0,129 132 71,0,70,,175480,2,0,129 132 71,0,30,,175481,2,0,129 132 71,0,70,,175482,2,0,129 132 71,0,30,,175483,2,0,129 132 71,0,70,,175484,2,0,129 132 71,0,30,,175485,2,0,129 132 71,0,70,,175486,2,0,129 132 71,0,30,,175487,2,0,129 132 71,0,70,,175488,2,0,129 132 71,0,30,,175489,2,0,129 132 71,0,70,,175490,2,0,129 132 71,0,30,,175491,2,0,129 132 71,0,70,,175492,2,0,129 132 71,0,31,,175493,2,0,129 132 71,0,70,,175494,2,0,129 132 71,0,30,,175495,2,0,129 132 71,0,70,,175496,2,0,129 132 71,0,30,,175497,2,0,129 132 71,0,70,,175498,2,0,129 132 71,0,30,,175499,2,0,129 132 71,0,70,,175500,2,0,129 132 71,0,30,,175501,2,0,129 132 71,0,70,,175502,2,0,129 132 71,0,30,,175503,2,0,129 132 71,0,70,,175504,2,0,129 132 71,0,30,,175505,2,0,129 132 71,0,69,,175506,2,0,129 132 71,0
4885500,'2',802,,175507,2,0,129 132 71,0,28,,175508,2,0,129 132 71,0,70,,175509,2,0,129 132 71,0,30,,175510,2,0,129 132 71,0,70,,175511,2,0,129 132 71,0,30,,175512,2,0,129 132 71,0,71,,175513,2,0,129 132 71,0,30,,175514,2,0,129 132 71,0,70,,175515,2,0,129 132 71,0,30,,175516,2,0,129 132 71,0,70,,175517,2,0,129 132 71,0,30,,175518,2,0,129 132 71,0,70,,175519,2,0,129 132 71,0,30,,175520,2,0,129 132 71,0,70,,175521,2,0,129 132 71,0,30,,175522,2,0,129 132 71,0,70,,175523,2,0,129 132 71,0,30,,175524,2,0,129 132 71,0,70,,175525,2,0,129 132 71,0,30,,175526,2,0,129 132 71,0,70,,175527,2,0,129 132 71,0,30,,175528,2,0,129 132 71,0,70,,175529,2,0,129 132 71,0,30,,175530,2,0,129 132 71,0,70,,175531,2,0,129 132 71,0
4885500,'3',800,,175532,2,0,129 132 71,0,30,,175533,2,0,129 132 71,0,70,,175534,2,0,129 132 71,0,30,,175535,2,0,129 132 71,0,70,,175536,2,0,129 132 71,0,30,,175537,2,0,129 132 71,0,70,,175538,2,0,129 132 71,0,30,,175539,2,0,129 132 71,0,70,,175540,2,0,129 132 71,0,30,,175541,2,0,129 132 71,0,70,,175542,2,0,129 132 71,0,30,,175543,2,0,129 132 71,0,70,,175544,2,0,129 132 71,0,30,,175545,2,0,129 132 71,0,70,,175546,2,0,129 132 71,0,30,,175547,2,0,129 132 71,0,70,,175548,2,0,129 132 71,0,30,,175549,2,0,129 132 71,0,70,,175550,2,0,129 132 71,0,30,,175551,2,0,129 132 71,0,70,,175552,2,0,129 132 71,0,30,,175553,2,0,129 132 71,0,70,,175554,2,0,129 132 71,0
