'1',664501,51500,4,'',0,2300,4,'',0,2000,4,'',0,5000,4,'',0,1000,4,'',0,1300,4,'',0,1200,4,'',0,1200,4,'',0,5000,4,'',0,900,4,'',0,900,4,'',0,900,4,'',0,900,4,'',0,800,4,'',0,5100,4,'',0,800,4,'',0,900,4,'',0,800,4,'',0,900,4,'',0,800,4,'',0,900,4,'',0,5000,4,'',0,1000,4,'',0,1100,4,'',0,1000,4,'',0,1200,4,'',0,5600,4,'',0,1500,4,'',0,1500,4,'',0,1500,4,'',0,5500,4,'',0,1500,4,'',0,1500,4,'',0,1500,4,'',0,5500,4,'',0,1500,4,'',0,1500,4,'',0,1500,4,'',0,5600,4,'',0,1500,4,'',0,1600,4,'',0,1500,4,'',0,5500,4,'',0,1400,4,'',0,1500,4,'',0,1500,4,'',0,5400,4,'',0,1700,4,'',0,1500,4,'',0,1500,4,'',0,800,4,'',0,5000,4,'',0,1000,4,'',0,800,4,'',0,600,4,'',0,800,4,'',0,600,4,'',0,1000,4,'',0,4800,4,'',0,800,4,'',0,500,4,'',0,1100,4,'',0,900,4,'',0,800,4,'',0,600,4,'',0,800,4,'',0,5000,4,'',0,700,4,'',0,900,4,'',0,500,4,'',0,1200,4,'',0,900,4,'',0,5400,4,'',0,1400,4,'',0,1300,4,'',0,1400,4,'',0,1500,4,'',0,5500,4,'',0,1600,4,'',0,1400,4,'',0,1500,4,'',0,5500,4,'',0,1400,4,'',0,1300,4,'',0,1700,4,'',0,5500,4,'',0,800,4,'',0,2000,4,'',0,7400,4,'',0,2500,4,'',0,6900,4,'',0,2800,4,'',0,7200,4,'',0,3000,4,'',0,7300,4,'',0
'2',664501,53000,4,'',0,7000,4,'',0,2500,4,'',0,2000,4,'',0,6000,4,'',0,2200,4,'',0,1500,4,'',0,1700,4,'',0,5400,4,'',0,1600,4,'',0,1500,4,'',0,5600,4,'',0,1300,4,'',0,1400,4,'',0,1200,4,'',0,1200,4,'',0,5200,4,'',0,1200,4,'',0,1400,4,'',0,1200,4,'',0,1200,4,'',0,5300,4,'',0,1200,4,'',0,1200,4,'',0,1200,4,'',0,1200,4,'',0,5200,4,'',0,1200,4,'',0,900,4,'',0,1200,4,'',0,1200,4,'',0,5400,4,'',0,1200,4,'',0,1200,4,'',0,1200,4,'',0,1200,4,'',0,5200,4,'',0,1200,4,'',0,1200,4,'',0,1300,4,'',0,1200,4,'',0,5200,4,'',0,1200,4,'',0,1200,4,'',0,1100,4,'',0,1200,4,'',0,5200,4,'',0,1200,4,'',0,1200,4,'',0,1200,4,'',0,1200,4,'',0,5200,4,'',0,1200,4,'',0,1200,4,'',0,1200,4,'',0,1300,4,'',0,5200,4,'',0,1200,4,'',0,1300,4,'',0,1500,4,'',0,5400,4,'',0,1500,4,'',0,1500,4,'',0,1400,4,'',0,1500,4,'',0,5600,4,'',0,1500,4,'',0,1400,4,'',0,1300,4,'',0,5500,4,'',0,1400,4,'',0,1500,4,'',0,1500,4,'',0,5500,4,'',0,1400,4,'',0,1500,4,'',0,6700,4,'',0,2900,4,'',0,7000,4,'',0,2900,4,'',0,7000,4,'',0,3000,4,'',0,7000,4,'',0
'3',664501,60100,4,'',0,1900,4,'',0,2700,4,'',0,6000,4,'',0,1500,4,'',0,1900,4,'',0,1800,4,'',0,5700,4,'',0,2000,4,'',0,1600,4,'',0,5600,4,'',0,1600,4,'',0,1500,4,'',0,1500,4,'',0,5500,4,'',0,1400,4,'',0,1700,4,'',0,1700,4,'',0,5500,4,'',0,1500,4,'',0,1500,4,'',0,1500,4,'',0,5500,4,'',0,1500,4,'',0,1500,4,'',0,1600,4,'',0,5500,4,'',0,1500,4,'',0,1500,4,'',0,1500,4,'',0,5500,4,'',0,1500,4,'',0,1500,4,'',0,1500,4,'',0,5500,4,'',0,1400,4,'',0,1500,4,'',0,1500,4,'',0,5800,4,'',0,1200,4,'',0,1500,4,'',0,1500,4,'',0,5500,4,'',0,1800,4,'',0,1300,4,'',0,1300,4,'',0,5500,4,'',0,1500,4,'',0,1400,4,'',0,1500,4,'',0,5500,4,'',0,1500,4,'',0,1500,4,'',0,1300,4,'',0,5500,4,'',0,1500,4,'',0,1500,4,'',0,1500,4,'',0,5500,4,'',0,1500,4,'',0,1500,4,'',0,6500,4,'',0,3000,4,'',0,7000,4,'',0,2700,4,'',0,7000,4,'',0,3000,4,'',0,7000,4,'',0,3400,4,'',0
'35301',664501,263900,4,'',0,1500,4,'',0,5900,4,'',0
'1',3329200,62600,4,'',0,2800,4,'',0,6200,4,'',0,1700,4,'',0,1900,4,'',0,5600,4,'',0,1400,4,'',0,1700,4,'',0,1900,4,'',0,5400,4,'',0,1400,4,'',0,1500,4,'',0,1700,4,'',0,5700,4,'',0,1700,4,'',0,7100,4,'',0,3000,4,'',0,7100,4,'',0,2900,4,'',0,7300,4,'',0,3000,4,'',0,6800,4,'',0,3900,4,'',0,7200,4,'',0,3100,4,'',0,7000,4,'',0,1300,4,'',0,1800,4,'',0,5300,4,'',0,1600,4,'',0,1600,4,'',0,1700,4,'',0,5300,4,'',0,1500,4,'',0,1200,4,'',0,1300,4,'',0,1600,4,'',0,5900,4,'',0,2000,4,'',0,6800,4,'',0,3100,4,'',0,6400,4,'',0,3100,4,'',0,2700,4,'',0,6800,4,'',0,2700,4,'',0,7100,4,'',0,2900,4,'',0,10000,4,'',0
'1',3329201,54100,,'',0,1000,,'',0,5500,,'',0,1300,,'',0,1600,,'',0,1300,,'',0,5500,,'',0,1600,,'',0,1500,,'',0,1600,,'',0,5500,,'',0,1500,,'',0,1500,,'',0,1600,,'',0,5700,,'',0,3200,,'',0,7000,,'',0,3100,,'',0,7000,,'',0,3100,,'',0,6900,,'',0,3000,,'',0,7100,,'',0,3000,,'',0,7000,,'',0,1200,,'',0,1100,,'',0,2000,,'',0,7100,,'',0,1700,,'',0,1400,,'',0,5400,,'',0,1800,,'',0,1300,,'',0,5900,,'',0,1000,,'',0,1400,,'',0,1600,,'',0,1700,,'',0,6200,,'',0,2800,,'',0,7400,,'',0,2800,,'',0,7000,,'',0,3000,,'',0,7300,,'',0,2900,,'',0,7000,,'',0,2900,,'',0,7100,,'',0,10000,,'',0
'101',3329200,152800,4,'',0
'101',3329201,151300,,'',0
'2',3329200,65400,4,'',0,6400,4,'',0,3000,4,'',0,7400,4,'',0,2400,4,'',0,8200,4,'',0,3100,4,'',0,7200,4,'',0,7200,4,'',0,3000,4,'',0,7000,4,'',0,3000,4,'',0,7600,4,'',0,2900,4,'',0,7000,4,'',0,3000,4,'',0,7100,4,'',0,3000,4,'',0,6800,4,'',0,3000,4,'',0,7000,4,'',0,2700,4,'',0,7000,4,'',0,2900,4,'',0,6900,4,'',0,2900,4,'',0,6900,4,'',0,2600,4,'',0,3200,4,'',0,7500,4,'',0,7000,4,'',0,2700,4,'',0,2700,4,'',0,6500,4,'',0,3200,4,'',0,9800,4,'',0
'2',3329201,61400,,'',0,3100,,'',0,7200,,'',0,3500,,'',0,6800,,'',0,2900,,'',0,6800,,'',0,2900,,'',0,7000,,'',0,2900,,'',0,6900,,'',0,2900,,'',0,6900,,'',0,3000,,'',0,7000,,'',0,3200,,'',0,7000,,'',0,3000,,'',0,6900,,'',0,3100,,'',0,6900,,'',0,3100,,'',0,7300,,'',0,2900,,'',0,6600,,'',0,3700,,'',0,7500,,'',0,3200,,'',0,7000,,'',0,2800,,'',0,6700,,'',0,3400,,'',0,6400,,'',0,2900,,'',0,7400,,'',0,9800,,'',0
'201',3329201,151300,,'',0
'3',3329200,75200,4,'',0,7000,4,'',0,3000,4,'',0,7000,4,'',0,3000,4,'',0,7000,4,'',0,3200,4,'',0,7200,4,'',0,7400,4,'',0,2800,4,'',0,7200,4,'',0,3000,4,'',0,7200,4,'',0,3100,4,'',0,7600,4,'',0,2400,4,'',0,7000,4,'',0,3600,4,'',0,6500,4,'',0,3000,4,'',0,7100,4,'',0,3000,4,'',0,2400,4,'',0,6900,4,'',0,2800,4,'',0,6900,4,'',0,3200,4,'',0,6700,4,'',0,2900,4,'',0,6900,4,'',0,2900,4,'',0,6800,4,'',0,3000,4,'',0,10200,4,'',0
'3',3329201,71400,,'',0,3500,,'',0,7000,,'',0,3000,,'',0,7000,,'',0,3000,,'',0,7000,,'',0,3000,,'',0,7100,,'',0,2900,,'',0,7200,,'',0,2900,,'',0,5700,,'',0,3000,,'',0,7700,,'',0,2600,,'',0,7000,,'',0,3300,,'',0,7100,,'',0,2600,,'',0,7200,,'',0,2800,,'',0,7100,,'',0,3700,,'',0,7500,,'',0,3000,,'',0,7000,,'',0,3000,,'',0,6700,,'',0,3300,,'',0,7000,,'',0,2900,,'',0,10000,,'',0
