670800,'1',532,,27691,17,,,0,22,,27687,18,,,0,56,,27661,18,,,0,17,,27666,17,,,0,16,,27689,17,,,0,15,,27656,17,,,0,67,,27688,18,,,0,12,,27695,18,,,0,14,,27690,18,,,0,53,,27668,18,,,0,17,,27651,18,,,0,19,,27667,18,,,0,19,,27653,18,,,0,67,,27658,17,,,0,30,,27659,17,,,0,70,,27671,17,,,0,30,,27654,17,,,0,70,,27672,17,,,0,30,,27677,17,,,0,70,,27673,17,,,0,30,,27660,17,,,0,70,,27674,17,,,0,30,,27684,17,,,0,71,,27675,17,,,0,31,,27662,17,,,0,58,,27664,18,,,0,20,,27669,17,,,0,80,,27650,18,,,0,20,,27665,18,,,0,19,,27678,18,,,0,59,,27692,18,,,0,14,,27679,18,,,0,15,,27680,18,,,0,15,,27670,18,,,0,55,,27693,18,,,0,15,,27681,17,,,0,15,,27682,17,,,0,14,,27694,17,,,0,55,,27663,17,,,0,19,,27686,17,,,0,20,,27696,17,,,0,60,,27685,17,,,0,19,,27676,17,,,0,20,,27697,17,,,0,60,,27655,17,,,0,98,,27657,17,,,0,98,,27683,17,,,0,103,,27652,17,,,0
670800,'101',713,,27699,18,,,0,793,,27700,12,,,0,50,,27698,18,,,0
670800,'2',550,,27735,17,,,0,56,,27734,17,,,0,17,,27723,17,,,0,20,,27736,17,,,0,60,,27722,18,,,0,21,,27707,17,,,0,20,,27737,18,,,0,60,,27721,18,,,0,29,,27706,18,,,0,70,,27720,18,,,0,30,,27701,17,,,0,71,,27719,17,,,0,31,,27727,17,,,0,70,,27718,17,,,0,30,,27705,17,,,0,70,,27717,17,,,0,30,,27703,17,,,0,70,,27716,17,,,0,31,,27702,17,,,0,70,,27715,17,,,0,30,,27728,17,,,0,70,,27714,17,,,0,30,,27738,18,,,0,70,,27713,18,,,0,30,,27731,18,,,0,70,,27712,18,,,0,30,,27704,18,,,0,70,,27711,18,,,0,30,,27733,17,,,0,70,,27710,17,,,0,28,,27732,17,,,0,69,,27709,17,,,0,30,,27730,17,,,0,69,,27708,17,,,0,32,,27729,17,,,0,97,,27726,17,,,0,100,,27725,17,,,0,99,,27724,17,,,0
670800,'201',713,,27739,18,,,0,843,,27740,17,,,0
670800,'3',632,,27741,17,,,0,20,,27772,17,,,0,60,,27771,18,,,0,20,,27770,18,,,0,71,,27749,18,,,0,30,,27769,18,,,0,70,,27759,18,,,0,30,,27768,17,,,0,71,,27758,17,,,0,30,,27767,17,,,0,70,,27754,17,,,0,30,,27766,17,,,0,71,,27753,17,,,0,23,,27765,17,,,0,20,,27775,17,,,0,60,,27752,17,,,0,21,,27776,17,,,0,20,,27764,17,,,0,60,,27751,17,,,0,20,,27763,17,,,0,20,,27777,17,,,0,60,,27755,17,,,0,20,,27746,18,,,0,20,,27778,18,,,0,60,,27750,18,,,0,20,,27745,18,,,0,20,,27779,18,,,0,59,,27756,18,,,0,20,,27773,18,,,0,20,,27780,18,,,0,60,,27762,18,,,0,20,,27744,17,,,0,20,,27774,17,,,0,60,,27757,17,,,0,30,,27743,17,,,0,69,,27747,17,,,0,30,,27742,17,,,0,71,,27761,17,,,0,95,,27748,17,,,0,98,,27760,17,,,0,100,,27781,17,,,0
670901,'1',519,,27985,25,,,0,23,,27975,25,,,0,61,,27987,25,,,0,20,,27976,25,,,0,84,,27983,25,,,0,20,,27988,25,,,0,18,,27992,25,,,0,55,,27964,25,,,0,15,,27967,25,,,0,21,,27989,25,,,0,20,,27966,25,,,0,69,,27990,25,,,0,32,,27965,25,,,0,99,,27979,25,,,0,100,,27980,25,,,0,101,,27982,25,,,0,102,,27991,25,,,0,76,,27981,25,,,0,70,,27986,25,,,0,30,,27977,25,,,0,70,,27969,25,,,0,27,,27963,25,,,0,69,,27970,25,,,0,29,,27971,25,,,0,29,,27972,25,,,0,69,,27973,25,,,0,72,,27968,25,,,0,36,,27984,25,,,0,105,,27974,25,,,0,107,,27978,25,,,0
670901,'101',645,,27993,25,,,0
670901,'2',820,,28006,25,,,0,103,,28004,25,,,0,100,,28003,25,,,0,101,,28001,25,,,0,101,,28000,25,,,0,100,,27999,25,,,0,100,,27998,25,,,0,101,,28002,25,,,0,100,,27995,25,,,0,99,,27997,25,,,0,100,,28005,25,,,0,100,,27996,25,,,0,99,,27994,25,,,0,99,,28007,25,,,0
670901,'201',645,,28008,25,,,0
670901,'3',1143,,28010,25,,,0,105,,28015,25,,,0,104,,28016,25,,,0,100,,28012,25,,,0,100,,28011,25,,,0,100,,28013,25,,,0,100,,28009,25,,,0,100,,28019,25,,,0,100,,28014,25,,,0,94,,28018,25,,,0,97,,28017,25,,,0
