666701,'1',501,,19499,30,,,0,18,,19539,30,,,0,22,,19472,30,,,0,62,,19473,30,,,0,20,,19474,30,,,0,18,,19475,30,,,0,10,,19476,30,,,0,8,,19477,30,,,0,52,,19478,30,,,0,14,,19543,30,,,0,16,,19544,30,,,0,16,,19479,30,,,0,54,,19480,30,,,0,19,,19481,30,,,0,72,,19482,30,,,0,15,,19483,30,,,0,12,,19484,30,,,0,14,,19542,30,,,0,15,,19500,30,,,0,55,,19501,30,,,0,15,,19538,30,,,0,15,,19485,30,,,0,16,,19486,30,,,0,55,,19487,30,,,0,16,,19488,30,,,0,14,,19489,30,,,0,57,,19490,30,,,0,15,,19491,30,,,0,17,,19541,30,,,0,15,,19502,30,,,0,55,,19503,30,,,0,15,,19537,30,,,0,13,,19492,30,,,0,15,,19493,30,,,0,55,,19494,30,,,0,15,,19495,30,,,0,18,,19496,30,,,0,16,,19497,30,,,0,56,,19498,30,,,0,15,,19540,30,,,0,15,,19504,30,,,0,13,,19505,30,,,0,55,,19536,30,,,0,15,,19506,30,,,0,15,,19507,30,,,0,15,,19508,30,,,0,55,,19509,30,,,0,14,,19510,30,,,0,14,,19511,30,,,0,11,,19512,30,,,0,58,,19513,30,,,0,15,,19535,30,,,0,15,,19520,30,,,0,15,,19532,30,,,0,13,,19533,30,,,0,55,,19514,30,,,0,14,,19515,30,,,0,15,,19516,30,,,0,14,,19517,30,,,0,55,,19518,30,,,0,15,,19519,30,,,0,15,,19534,30,,,0,59,,19521,30,,,0,18,,19531,30,,,0,19,,19522,30,,,0,67,,19523,30,,,0,30,,19524,30,,,0,72,,19525,30,,,0,32,,19526,30,,,0,70,,19527,30,,,0,26,,19528,30,,,0,70,,19529,30,,,0,30,,19530,30,,,0
666701,'101',847,,19545,30,,,0
666701,'2',611,,19554,30,,,0,30,,19555,30,,,0,60,,19572,30,,,0,22,,19573,30,,,0,20,,19569,30,,,0,15,,19574,30,,,0,56,,19575,30,,,0,14,,19576,30,,,0,16,,19577,30,,,0,11,,19578,30,,,0,51,,19546,30,,,0,10,,19579,30,,,0,16,,19580,30,,,0,14,,19581,30,,,0,13,,19582,30,,,0,56,,19583,30,,,0,19,,19584,30,,,0,15,,19585,30,,,0,56,,19586,30,,,0,16,,19587,30,,,0,16,,19589,30,,,0,15,,19590,30,,,0,54,,19591,30,,,0,17,,19588,30,,,0,15,,19592,30,,,0,14,,19568,30,,,0,53,,19593,30,,,0,16,,19594,30,,,0,14,,19595,30,,,0,15,,19597,30,,,0,55,,19598,30,,,0,15,,19599,30,,,0,17,,19600,30,,,0,15,,19601,30,,,0,55,,19602,30,,,0,15,,19603,30,,,0,16,,19604,30,,,0,12,,19605,30,,,0,55,,19606,30,,,0,12,,19607,30,,,0,19,,19608,30,,,0,15,,19609,30,,,0,54,,19610,30,,,0,15,,19611,30,,,0,15,,19612,30,,,0,15,,19547,30,,,0,55,,19548,30,,,0,21,,19549,30,,,0,15,,19550,30,,,0,8,,19571,30,,,0,56,,19551,30,,,0,15,,19552,30,,,0,15,,19570,30,,,0,14,,19553,30,,,0,57,,19557,30,,,0,19,,19556,30,,,0,17,,19558,30,,,0,59,,19559,30,,,0,33,,19596,30,,,0,73,,19560,30,,,0,31,,19561,30,,,0,75,,19562,30,,,0,28,,19563,30,,,0,69,,19564,30,,,0,32,,19565,30,,,0,70,,19566,30,,,0,25,,19567,30,,,0
666701,'201',847,,19613,30,,,0
666701,'3',721,,19629,30,,,0,20,,19630,30,,,0,17,,19615,30,,,0,56,,19631,30,,,0,15,,19632,30,,,0,16,,19628,30,,,0,12,,19614,30,,,0,53,,19633,30,,,0,12,,19634,30,,,0,12,,19635,30,,,0,12,,19636,30,,,0,10,,19637,30,,,0,59,,19638,30,,,0,16,,19639,30,,,0,15,,19640,30,,,0,54,,19641,30,,,0,17,,19642,30,,,0,15,,19643,30,,,0,15,,19644,30,,,0,55,,19623,30,,,0,15,,19624,30,,,0,18,,19625,30,,,0,18,,19645,30,,,0,52,,19646,30,,,0,15,,19647,30,,,0,15,,19648,30,,,0,15,,19649,30,,,0,55,,19650,30,,,0,15,,19651,30,,,0,13,,19652,30,,,0,16,,19653,30,,,0,57,,19654,30,,,0,14,,19622,30,,,0,15,,19655,30,,,0,14,,19656,30,,,0,56,,19657,30,,,0,15,,19658,30,,,0,15,,19659,30,,,0,13,,19660,30,,,0,58,,19661,30,,,0,10,,19662,30,,,0,16,,19663,30,,,0,15,,19664,30,,,0,55,,19665,30,,,0,15,,19666,30,,,0,15,,19667,30,,,0,15,,19627,30,,,0,56,,19668,30,,,0,11,,19669,30,,,0,16,,19626,30,,,0,15,,19670,30,,,0,14,,19671,30,,,0,60,,19672,30,,,0,21,,19673,30,,,0,67,,19674,30,,,0,30,,19675,30,,,0,69,,19616,30,,,0,35,,19617,30,,,0,67,,19618,30,,,0,30,,19619,30,,,0,70,,19620,30,,,0,33,,19621,30,,,0
684101,'1',346,,38619,22,,,0,69,,38618,22,,,0,13,,38617,22,,,0,2006,,38621,22,,,0,70,,38615,22,,,0,35,,38614,22,,,0,70,,38613,22,,,0,30,,38616,22,,,0,75,,38620,22,,,0
684101,'2',343,,38622,22,,,0,72,,38627,22,,,0,31,,38628,22,,,0,68,,38629,22,,,0,28,,38626,22,,,0,1888,,38631,22,,,0,75,,38623,22,,,0,37,,38630,22,,,0,59,,38624,22,,,0,31,,38625,22,,,0,78,,38632,22,,,0
684101,'3',346,,38641,22,,,0,70,,38643,22,,,0,29,,38640,22,,,0,70,,38639,22,,,0,14,,38646,22,,,0,13,,38636,22,,,0,15,,38647,22,,,0,56,,38638,22,,,0,1789,,38644,22,,,0,34,,38645,22,,,0,70,,38633,22,,,0,27,,38634,22,,,0,70,,38635,22,,,0,38,,38637,22,,,0,70,,38642,22,,,0
3004301,'1',444,,45059,4,,,0,59,,45058,4,,,0,19,,45057,4,,,0,21,,45056,4,,,0,58,,45071,4,,,0,17,,45070,4,,,0,14,,45069,4,,,0,14,,45068,4,,,0,56,,45067,4,,,0,18,,45066,4,,,0,13,,45065,4,,,0,16,,45064,4,,,0,56,,45063,4,,,0,17,,45062,4,,,0,15,,45061,4,,,0,17,,45060,4,,,0,57,,45037,4,,,0,14,,45036,4,,,0,16,,45081,4,,,0,59,,45035,4,,,0,12,,45080,4,,,0,15,,45034,4,,,0,15,,45079,4,,,0,15,,45033,4,,,0,55,,45078,4,,,0,15,,45032,4,,,0,15,,45077,4,,,0,15,,45031,4,,,0,55,,45076,4,,,0,15,,45018,4,,,0,15,,45075,4,,,0,15,,45030,4,,,0,55,,45074,4,,,0,15,,45029,4,,,0,15,,45073,4,,,0,15,,45055,4,,,0,55,,45072,4,,,0,23,,45054,4,,,0,67,,45053,4,,,0,17,,45052,4,,,0,16,,45051,4,,,0,14,,45050,4,,,0,56,,45049,4,,,0,16,,45048,4,,,0,14,,45047,4,,,0,15,,45046,4,,,0,55,,45045,4,,,0,19,,45044,4,,,0,11,,45043,4,,,0,15,,45042,4,,,0,55,,45041,4,,,0,15,,45040,4,,,0,17,,45039,4,,,0,13,,45038,4,,,0,53,,45028,4,,,0,19,,45027,4,,,0,21,,45082,4,,,0,60,,45026,4,,,0,20,,45025,4,,,0,20,,45083,4,,,0,60,,45024,4,,,0,30,,45023,4,,,0,70,,45017,4,,,0,30,,45022,4,,,0,70,,45021,4,,,0,30,,45020,4,,,0,71,,45019,4,,,0
3004301,'2',607,,45086,4,,,0,30,,45117,4,,,0,70,,45116,4,,,0,30,,45115,4,,,0,70,,45114,4,,,0,30,,45113,4,,,0,70,,45112,4,,,0,32,,45111,4,,,0,70,,45110,4,,,0,18,,45109,4,,,0,20,,45119,4,,,0,61,,45108,4,,,0,19,,45107,4,,,0,20,,45120,4,,,0,60,,45106,4,,,0,20,,45105,4,,,0,20,,45121,4,,,0,60,,45104,4,,,0,20,,45103,4,,,0,20,,45122,4,,,0,60,,45102,4,,,0,20,,45101,4,,,0,20,,45123,4,,,0,60,,45100,4,,,0,20,,45099,4,,,0,20,,45124,4,,,0,60,,45098,4,,,0,20,,45097,4,,,0,20,,45125,4,,,0,55,,45085,4,,,0,25,,45096,4,,,0,20,,45126,4,,,0,54,,45095,4,,,0,36,,45094,4,,,0,65,,45093,4,,,0,35,,45092,4,,,0,70,,45091,4,,,0,30,,45090,4,,,0,70,,45089,4,,,0,30,,45118,4,,,0,70,,45088,4,,,0,25,,45127,4,,,0,75,,45087,4,,,0
3004301,'3',707,,45154,4,,,0,30,,45153,4,,,0,70,,45152,4,,,0,30,,45151,4,,,0,69,,45150,4,,,0,31,,45149,4,,,0,70,,45148,4,,,0,20,,45155,4,,,0,20,,45147,4,,,0,61,,45146,4,,,0,19,,45156,4,,,0,15,,45145,4,,,0,61,,45144,4,,,0,20,,45157,4,,,0,20,,45143,4,,,0,60,,45142,4,,,0,20,,45158,4,,,0,20,,45141,4,,,0,59,,45140,4,,,0,20,,45159,4,,,0,20,,45139,4,,,0,60,,45138,4,,,0,20,,45160,4,,,0,20,,45136,4,,,0,60,,45135,4,,,0,20,,45161,4,,,0,20,,45134,4,,,0,60,,45133,4,,,0,25,,45162,4,,,0,20,,45132,4,,,0,70,,45131,4,,,0,30,,45165,4,,,0,70,,45166,4,,,0,30,,45137,4,,,0,70,,45130,4,,,0,20,,45129,4,,,0,80,,45128,4,,,0,30,,45163,4,,,0,70,,45168,4,,,0,30,,45164,4,,,0,70,,45167,4,,,0
