666401,'1',616,,135460,45,,,0,30,,135461,45,,,0,68,,135443,45,,,0,32,,135476,45,,,0,74,,135444,45,,,0,28,,135445,45,,,0,78,,135446,45,,,0,26,,135447,45,,,0,69,,135449,45,,,0,30,,135450,45,,,0,70,,135451,45,,,0,31,,135452,45,,,0,71,,135454,45,,,0,29,,135453,45,,,0,70,,135448,45,,,0,30,,135455,45,,,0,70,,135456,45,,,0,30,,135462,45,,,0,71,,135463,45,,,0,29,,135466,45,,,0,70,,135464,45,,,0,30,,135465,45,,,0,70,,135457,45,,,0,30,,135467,45,,,0,70,,135468,45,,,0,32,,135469,45,,,0,73,,135470,45,,,0,31,,135471,45,,,0,71,,135472,45,,,0,26,,135473,45,,,0,84,,135479,45,,,0,80,,135458,45,,,0,82,,135478,45,,,0,39,,135459,45,,,0,80,,135474,45,,,0,80,,135477,45,,,0,38,,135475,45,,,0
666401,'2',551,,135480,45,,,0,70,,135481,45,,,0,30,,135482,45,,,0,70,,135483,45,,,0,32,,135484,45,,,0,72,,135485,45,,,0,30,,135486,45,,,0,72,,135487,45,,,0,31,,135488,45,,,0,70,,135489,45,,,0,30,,135490,45,,,0,70,,135491,45,,,0,31,,135492,45,,,0,70,,135493,45,,,0,72,,135494,45,,,0,30,,135495,45,,,0,70,,135496,45,,,0,28,,135497,45,,,0,30,,135498,45,,,0,72,,135499,45,,,0,71,,135500,45,,,0,28,,135501,45,,,0,29,,135502,45,,,0,71,,135503,45,,,0,70,,135504,45,,,0,30,,135505,45,,,0,70,,135506,45,,,0,27,,135507,45,,,0,31,,135508,45,,,0,70,,135509,45,,,0,28,,135510,45,,,0,98,,135511,45,,,0,100,,135512,45,,,0,100,,135513,45,,,0,185,,135514,45,,,0
666401,'3',659,,135522,45,,,0,100,,135523,45,,,0,141,,135524,45,,,0,47,,135525,45,,,0,103,,135526,45,,,0,100,,135527,45,,,0,65,,135540,45,,,0,33,,135528,45,,,0,69,,135534,45,,,0,31,,135529,45,,,0,70,,135535,45,,,0,31,,135530,45,,,0,66,,135536,45,,,0,34,,135531,45,,,0,68,,135537,45,,,0,33,,135521,45,,,0,67,,135538,45,,,0,33,,135532,45,,,0,67,,135539,45,,,0,33,,135533,45,,,0,99,,135518,45,,,0,100,,135515,45,,,0,98,,135520,45,,,0,100,,135516,45,,,0,173,,135517,45,,,0,122,,135519,45,,,0
684101,'1',352,,155626,28,,,0,69,,155625,28,,,0,12,,155624,28,,,0,2006,,155628,28,,,0,70,,155622,28,,,0,35,,155621,28,,,0,70,,155620,28,,,0,30,,155623,28,,,0,75,,155627,28,,,0
684101,'2',348,,155629,28,,,0,70,,155634,28,,,0,32,,155635,28,,,0,67,,155636,28,,,0,29,,155633,28,,,0,1890,,155638,28,,,0,75,,155630,28,,,0,37,,155637,28,,,0,61,,155631,28,,,0,29,,155632,28,,,0,78,,155639,28,,,0
684101,'3',350,,155648,28,,,0,70,,155650,28,,,0,30,,155647,28,,,0,70,,155646,28,,,0,13,,155653,28,,,0,15,,155643,28,,,0,55,,155654,28,,,0,15,,155645,28,,,0,1790,,155651,28,,,0,34,,155652,28,,,0,70,,155640,28,,,0,27,,155641,28,,,0,70,,155642,28,,,0,38,,155644,28,,,0,70,,155649,28,,,0
3004301,'1',459,,162752,27,,,0,59,,162751,27,,,0,20,,162750,27,,,0,21,,162749,27,,,0,58,,162764,27,,,0,18,,162763,27,,,0,14,,162762,27,,,0,54,,162761,27,,,0,16,,162760,27,,,0,18,,162759,27,,,0,14,,162758,27,,,0,56,,162757,27,,,0,16,,162756,27,,,0,17,,162755,27,,,0,15,,162754,27,,,0,57,,162753,27,,,0,19,,162730,27,,,0,14,,162729,27,,,0,14,,162774,27,,,0,59,,162728,27,,,0,12,,162773,27,,,0,15,,162727,27,,,0,55,,162772,27,,,0,15,,162726,27,,,0,16,,162771,27,,,0,15,,162725,27,,,0,55,,162770,27,,,0,15,,162724,27,,,0,15,,162769,27,,,0,15,,162711,27,,,0,55,,162768,27,,,0,15,,162723,27,,,0,15,,162767,27,,,0,15,,162722,27,,,0,55,,162766,27,,,0,15,,162748,27,,,0,15,,162765,27,,,0,23,,162747,27,,,0,67,,162746,27,,,0,23,,162745,27,,,0,12,,162744,27,,,0,54,,162743,27,,,0,16,,162742,27,,,0,16,,162741,27,,,0,59,,162740,27,,,0,10,,162739,27,,,0,14,,162738,27,,,0,19,,162737,27,,,0,11,,162736,27,,,0,59,,162735,27,,,0,11,,162734,27,,,0,15,,162733,27,,,0,16,,162732,27,,,0,53,,162731,27,,,0,12,,162721,27,,,0,19,,162720,27,,,0,60,,162775,27,,,0,20,,162719,27,,,0,20,,162718,27,,,0,60,,162776,27,,,0,19,,162717,27,,,0,30,,162716,27,,,0,69,,162710,27,,,0,30,,162715,27,,,0,69,,162714,27,,,0,30,,162713,27,,,0,71,,162712,27,,,0
3004301,'101',1539,,162709,22,,,0
3004301,'2',621,,162778,27,,,0,30,,162809,27,,,0,72,,162808,27,,,0,30,,162807,27,,,0,71,,162806,27,,,0,31,,162805,27,,,0,69,,162804,27,,,0,32,,162803,27,,,0,71,,162802,27,,,0,18,,162801,27,,,0,60,,162811,27,,,0,22,,162800,27,,,0,19,,162799,27,,,0,59,,162812,27,,,0,20,,162798,27,,,0,20,,162797,27,,,0,61,,162813,27,,,0,20,,162796,27,,,0,20,,162795,27,,,0,60,,162814,27,,,0,20,,162794,27,,,0,20,,162793,27,,,0,60,,162815,27,,,0,19,,162792,27,,,0,20,,162791,27,,,0,60,,162816,27,,,0,20,,162790,27,,,0,20,,162789,27,,,0,60,,162817,27,,,0,15,,162777,27,,,0,25,,162788,27,,,0,59,,162818,27,,,0,14,,162787,27,,,0,36,,162786,27,,,0,65,,162785,27,,,0,36,,162784,27,,,0,69,,162783,27,,,0,30,,162782,27,,,0,70,,162781,27,,,0,30,,162810,27,,,0,69,,162780,27,,,0,32,,162819,27,,,0,68,,162779,27,,,0
3004301,'3',723,,162846,27,,,0,30,,162845,27,,,0,71,,162844,27,,,0,30,,162843,27,,,0,69,,162842,27,,,0,31,,162841,27,,,0,71,,162840,27,,,0,20,,162847,27,,,0,60,,162839,27,,,0,22,,162838,27,,,0,19,,162848,27,,,0,55,,162837,27,,,0,20,,162836,27,,,0,20,,162849,27,,,0,60,,162835,27,,,0,20,,162834,27,,,0,20,,162850,27,,,0,60,,162833,27,,,0,20,,162832,27,,,0,20,,162851,27,,,0,59,,162831,27,,,0,20,,162830,27,,,0,20,,162852,27,,,0,60,,162828,27,,,0,20,,162827,27,,,0,20,,162853,27,,,0,60,,162826,27,,,0,20,,162825,27,,,0,24,,162854,27,,,0,60,,162824,27,,,0,30,,162823,27,,,0,70,,162857,27,,,0,30,,162858,27,,,0,76,,162829,27,,,0,22,,162822,27,,,0,20,,162821,27,,,0,80,,162820,27,,,0,70,,162855,27,,,0,29,,162860,27,,,0,82,,162856,27,,,0,18,,162859,27,,,0
