670901,'101_merged_15529707',621,,144885,4,,,0
670901,'1_merged_15529700',458,,144908,4,,,0,63,,144898,4,,,0,20,,144910,4,,,0,60,,144899,4,,,0,40,,144906,4,,,0,60,,144911,4,,,0,20,,144915,4,,,0,15,,144887,4,,,0,15,,144890,4,,,0,60,,144912,4,,,0,20,,144889,4,,,0,70,,144913,4,,,0,30,,144888,4,,,0,101,,144902,4,,,0,100,,144903,4,,,0,100,,144905,4,,,0,100,,144914,4,,,0,75,,144904,4,,,0,30,,144909,4,,,0,70,,144900,4,,,0,30,,144892,4,,,0,67,,144886,4,,,0,26,,144893,4,,,0,70,,144894,4,,,0,30,,144895,4,,,0,71,,144896,4,,,0,37,,144891,4,,,0,77,,144907,4,,,0,105,,144897,4,,,0,107,,144901,4,,,0
670901,'201',621,,144916,4,,,0
670901,'2_merged_15529702',757,,144929,4,,,0,102,,144927,4,,,0,100,,144926,4,,,0,141,,144924,4,,,0,100,,144923,4,,,0,100,,144922,4,,,0,100,,144921,4,,,0,100,,144925,4,,,0,100,,144918,4,,,0,100,,144920,4,,,0,100,,144928,4,,,0,100,,144919,4,,,0,100,,144917,4,,,0,100,,144930,4,,,0
670901,'3_merged_15529701',1118,,144932,4,,,0,105,,144937,4,,,0,105,,144938,4,,,0,100,,144934,4,,,0,100,,144933,4,,,0,100,,144935,4,,,0,100,,144931,4,,,0,100,,144941,4,,,0,100,,144936,4,,,0,94,,144940,4,,,0,96,,144939,4,,,0
671200,'101_merged_15529707',707,,144979,20,,,0,16,,144981,20,,,0,91,,144982,20,,,0,718,,144983,20,,,0,69,,144980,20,,,0
671200,'1_merged_15529700',523,,145010,20,,,0,21,,145011,20,,,0,60,,145037,20,,,0,10,,145012,20,,,0,11,,145026,20,,,0,10,,145075,20,,,0,10,,145035,20,,,0,9,,145027,20,,,0,46,,145036,20,,,0,14,,145028,20,,,0,19,,145029,20,,,0,8,,145062,20,,,0,8,,145030,20,,,0,9,,144988,20,,,0,48,,145068,20,,,0,17,,144996,20,,,0,10,,145033,20,,,0,12,,145053,20,,,0,12,,145034,20,,,0,52,,144997,20,,,0,14,,145013,20,,,0,13,,144998,20,,,0,13,,145014,20,,,0,54,,144985,20,,,0,15,,145015,20,,,0,15,,144999,20,,,0,15,,145016,20,,,0,55,,144987,20,,,0,16,,145017,20,,,0,15,,145000,20,,,0,15,,145018,20,,,0,55,,145054,20,,,0,16,,145019,20,,,0,15,,145001,20,,,0,15,,145020,20,,,0,55,,145025,20,,,0,15,,145021,20,,,0,15,,145002,20,,,0,15,,145031,20,,,0,54,,145032,20,,,0,13,,145003,20,,,0,11,,145022,20,,,0,10,,145079,20,,,0,10,,145055,20,,,0,10,,145091,20,,,0,50,,144992,20,,,0,12,,145009,20,,,0,23,,145051,20,,,0,11,,145061,20,,,0,54,,145004,20,,,0,7,,145038,20,,,0,6,,145080,20,,,0,7,,145039,20,,,0,7,,145069,20,,,0,14,,144989,20,,,0,7,,145040,20,,,0,53,,145088,20,,,0,6,,145041,20,,,0,12,,145089,20,,,0,8,,145042,20,,,0,14,,145043,20,,,0,5,,145006,20,,,0,51,,145090,20,,,0,5,,145056,20,,,0,13,,145059,20,,,0,6,,145058,20,,,0,8,,145023,20,,,0,6,,145081,20,,,0,7,,145063,20,,,0,8,,145070,20,,,0,48,,144986,20,,,0,8,,145024,20,,,0,9,,145007,20,,,0,10,,145064,20,,,0,10,,144991,20,,,0,10,,145082,20,,,0,50,,145071,20,,,0,10,,145060,20,,,0,10,,144993,20,,,0,9,,145076,20,,,0,10,,145077,20,,,0,11,,145083,20,,,0,50,,145072,20,,,0,10,,144994,20,,,0,9,,144995,20,,,0,10,,145065,20,,,0,10,,145078,20,,,0,10,,145084,20,,,0,50,,145073,20,,,0,11,,144984,20,,,0,11,,145044,20,,,0,12,,145045,20,,,0,12,,145074,20,,,0,52,,145085,20,,,0,12,,145066,20,,,0,12,,145046,20,,,0,15,,145067,20,,,0,15,,145086,20,,,0,55,,145047,20,,,0,14,,145048,20,,,0,32,,145049,20,,,0,72,,145050,20,,,0
671200,'201',707,,145096,20,,,0,16,,145094,20,,,0,91,,145092,20,,,0,718,,145093,20,,,0,69,,145095,20,,,0
671200,'2_merged_15529702',632,,145122,20,,,0,25,,145121,20,,,0,61,,145171,20,,,0,15,,145120,20,,,0,15,,145178,20,,,0,55,,145144,20,,,0,15,,145119,20,,,0,15,,145108,20,,,0,15,,145179,20,,,0,55,,145140,20,,,0,15,,145118,20,,,0,15,,145152,20,,,0,15,,145153,20,,,0,55,,145154,20,,,0,15,,145155,20,,,0,15,,145156,20,,,0,15,,145157,20,,,0,55,,145158,20,,,0,16,,145159,20,,,0,15,,145160,20,,,0,16,,145161,20,,,0,55,,145162,20,,,0,14,,145163,20,,,0,14,,145164,20,,,0,15,,145165,20,,,0,55,,145166,20,,,0,15,,145167,20,,,0,15,,145168,20,,,0,15,,145169,20,,,0,55,,145170,20,,,0,15,,145117,20,,,0,15,,145105,20,,,0,15,,145146,20,,,0,55,,145132,20,,,0,15,,145104,20,,,0,15,,145103,20,,,0,15,,145102,20,,,0,56,,145101,20,,,0,15,,145133,20,,,0,15,,145112,20,,,0,14,,145141,20,,,0,54,,145151,20,,,0,13,,145113,20,,,0,10,,145114,20,,,0,10,,145115,20,,,0,10,,145142,20,,,0,10,,145116,20,,,0,50,,145109,20,,,0,10,,145175,20,,,0,9,,145134,20,,,0,10,,145107,20,,,0,10,,145143,20,,,0,10,,145110,20,,,0,49,,145111,20,,,0,10,,145176,20,,,0,9,,145135,20,,,0,10,,145106,20,,,0,9,,145145,20,,,0,11,,145100,20,,,0,51,,145099,20,,,0,10,,145177,20,,,0,10,,145098,20,,,0,10,,145147,20,,,0,10,,145136,20,,,0,10,,145172,20,,,0,51,,145097,20,,,0,12,,145131,20,,,0,12,,145148,20,,,0,12,,145137,20,,,0,14,,145173,20,,,0,53,,145130,20,,,0,12,,145129,20,,,0,13,,145149,20,,,0,14,,145138,20,,,0,56,,145128,20,,,0,15,,145127,20,,,0,15,,145174,20,,,0,15,,145139,20,,,0,60,,145126,20,,,0,19,,145125,20,,,0,20,,145150,20,,,0,60,,145124,20,,,0,29,,145123,20,,,0
671200,'3_merged_15529701',817,,145182,20,,,0,15,,145246,20,,,0,15,,145181,20,,,0,56,,145247,20,,,0,15,,145180,20,,,0,15,,145188,20,,,0,16,,145189,20,,,0,55,,145190,20,,,0,15,,145191,20,,,0,15,,145192,20,,,0,13,,145193,20,,,0,55,,145194,20,,,0,16,,145195,20,,,0,15,,145196,20,,,0,15,,145197,20,,,0,55,,145198,20,,,0,16,,145199,20,,,0,15,,145200,20,,,0,15,,145201,20,,,0,55,,145202,20,,,0,15,,145203,20,,,0,15,,145204,20,,,0,15,,145205,20,,,0,55,,145206,20,,,0,16,,145207,20,,,0,15,,145208,20,,,0,15,,145209,20,,,0,55,,145210,20,,,0,15,,145211,20,,,0,15,,145212,20,,,0,15,,145213,20,,,0,55,,145214,20,,,0,15,,145215,20,,,0,15,,145187,20,,,0,12,,145216,20,,,0,12,,145217,20,,,0,52,,145218,20,,,0,10,,145219,20,,,0,11,,145220,20,,,0,11,,145221,20,,,0,11,,145222,20,,,0,52,,145223,20,,,0,12,,145224,20,,,0,12,,145225,20,,,0,12,,145226,20,,,0,13,,145227,20,,,0,53,,145228,20,,,0,13,,145229,20,,,0,12,,145230,20,,,0,12,,145231,20,,,0,12,,145232,20,,,0,52,,145185,20,,,0,13,,145233,20,,,0,15,,145234,20,,,0,15,,145235,20,,,0,55,,145236,20,,,0,15,,145237,20,,,0,15,,145238,20,,,0,15,,145239,20,,,0,56,,145240,20,,,0,12,,145241,20,,,0,15,,145242,20,,,0,15,,145243,20,,,0,55,,145244,20,,,0,15,,145184,20,,,0,15,,145245,20,,,0,15,,145186,20,,,0,55,,145183,20,,,0
673701,'101_merged_15529707',647,,149078,8,,,0,10,,149079,8,,,0,101,,149080,8,,,0,685,,149076,8,,,0,281,,149077,8,,,0
673701,'1_merged_15529700',514,,149118,8,,,0,9,,149119,8,,,0,10,,149082,8,,,0,10,,149116,8,,,0,10,,149117,8,,,0,51,,149081,8,,,0,10,,149120,8,,,0,10,,149083,8,,,0,11,,149137,8,,,0,72,,149121,8,,,0,8,,149138,8,,,0,9,,149139,8,,,0,9,,149122,8,,,0,9,,149123,8,,,0,9,,149124,8,,,0,52,,149099,8,,,0,10,,149141,8,,,0,15,,149100,8,,,0,15,,149101,8,,,0,15,,149140,8,,,0,55,,149102,8,,,0,24,,149103,8,,,0,71,,149104,8,,,0,30,,149105,8,,,0,70,,149106,8,,,0,30,,149107,8,,,0,20,,149108,8,,,0,60,,149109,8,,,0,18,,149110,8,,,0,18,,149111,8,,,0,59,,149112,8,,,0,16,,149113,8,,,0,16,,149114,8,,,0,55,,149115,8,,,0,15,,149096,8,,,0,15,,149097,8,,,0,17,,149098,8,,,0,12,,149085,8,,,0,52,,149127,8,,,0,12,,149128,8,,,0,15,,149129,8,,,0,15,,149084,8,,,0,55,,149130,8,,,0,15,,149131,8,,,0,14,,149132,8,,,0,14,,149133,8,,,0,57,,149134,8,,,0,31,,149135,8,,,0,18,,149086,8,,,0,57,,149126,8,,,0,16,,149087,8,,,0,26,,149088,8,,,0,69,,149125,8,,,0,30,,149089,8,,,0,70,,149090,8,,,0,30,,149091,8,,,0,69,,149092,8,,,0,30,,149136,8,,,0,73,,149093,8,,,0,102,,149094,8,,,0,116,,149095,8,,,0
673701,'201',647,,149142,8,,,0,10,,149143,8,,,0,1067,,149144,8,,,0
673701,'2_merged_15529702',609,,149145,8,,,0,25,,149146,8,,,0,20,,149147,8,,,0,61,,149148,8,,,0,20,,149149,8,,,0,20,,149150,8,,,0,60,,149151,8,,,0,20,,149152,8,,,0,20,,149153,8,,,0,60,,149154,8,,,0,20,,149155,8,,,0,20,,149156,8,,,0,61,,149157,8,,,0,20,,149158,8,,,0,20,,149159,8,,,0,60,,149160,8,,,0,20,,149161,8,,,0,20,,149162,8,,,0,60,,149163,8,,,0,20,,149164,8,,,0,20,,149165,8,,,0,60,,149166,8,,,0,20,,149167,8,,,0,20,,149168,8,,,0,61,,149169,8,,,0,20,,149170,8,,,0,20,,149171,8,,,0,55,,149172,8,,,0,15,,149191,8,,,0,15,,149173,8,,,0,15,,149174,8,,,0,55,,149175,8,,,0,15,,149192,8,,,0,15,,149176,8,,,0,15,,149190,8,,,0,65,,149177,8,,,0,30,,149178,8,,,0,70,,149179,8,,,0,30,,149180,8,,,0,70,,149181,8,,,0,30,,149182,8,,,0,70,,149183,8,,,0,30,,149184,8,,,0,71,,149185,8,,,0,31,,149186,8,,,0,70,,149187,8,,,0,98,,149188,8,,,0,123,,149189,8,,,0
673701,'3_merged_15529701',554,,149205,8,,,0,70,,149204,8,,,0,30,,149203,8,,,0,70,,149202,8,,,0,30,,149198,8,,,0,71,,149200,8,,,0,31,,149197,8,,,0,72,,149201,8,,,0,72,,149216,8,,,0,33,,149207,8,,,0,72,,149210,8,,,0,31,,149206,8,,,0,70,,149218,8,,,0,22,,149196,8,,,0,20,,149229,8,,,0,60,,149208,8,,,0,29,,149195,8,,,0,70,,149199,8,,,0,30,,149194,8,,,0,67,,149220,8,,,0,20,,149193,8,,,0,20,,149226,8,,,0,60,,149215,8,,,0,20,,149224,8,,,0,20,,149223,8,,,0,60,,149225,8,,,0,30,,149212,8,,,0,20,,149222,8,,,0,60,,149213,8,,,0,20,,149227,8,,,0,19,,149219,8,,,0,68,,149228,8,,,0,33,,149214,8,,,0,73,,149211,8,,,0,108,,149221,8,,,0,105,,149217,8,,,0,110,,149209,8,,,0
673900,'101_merged_15529707',1552,,149715,3,0,86 87,0,81,,149714,3,0,86 87,0
673900,'1_merged_15529700',1522,,149721,3,0,85 12,0,90,,149722,3,0,86 87,0,39,,149718,3,0,86 87,0,57,,149720,3,0,86 87,0,25,,149724,3,0,86 87,0,23,,149723,3,0,86 87,0,65,,149719,3,0,86 87,0
673900,'201',1552,,149727,3,0,86 87,0,81,,149726,3,0,86 87,0
1770700,'101_merged_15529707',1546,,159135,3,,,0
1770700,'1_merged_15529700',510,,159161,2,,,0,18,,159162,2,,,0,15,,159163,2,,,0,13,,159164,2,,,0,55,,159180,3,,,0,16,,159181,3,,,0,17,,159182,3,,,0,56,,159165,3,,,0,15,,159166,3,,,0,16,,159167,3,,,0,15,,159183,3,,,0,56,,159184,3,,,0,14,,159185,3,,,0,14,,159186,3,,,0,13,,159187,3,,,0,13,,159188,3,,,0,55,,159168,3,,,0,15,,159189,3,,,0,14,,159169,4,,,0,17,,159190,3,,,0,53,,159170,4,,,0,15,,159191,3,,,0,15,,159171,4,,,0,15,,159192,3,,,0,54,,159172,4,,,0,14,,159193,3,,,0,16,,159173,4,,,0,14,,159194,3,,,0,55,,159174,4,,,0,15,,159195,3,,,0,15,,159175,4,,,0,15,,159196,3,,,0,55,,159176,4,,,0,16,,159197,3,,,0,15,,159177,4,,,0,14,,159198,3,,,0,55,,159178,4,,,0,15,,159199,3,,,0,14,,159179,4,,,0,11,,159200,3,,,0,55,,159201,3,,,0,14,,159202,3,,,0,15,,159203,3,,,0,70,,159136,3,,,0,12,,159137,3,,,0,16,,159204,3,,,0,15,,159138,3,,,0,55,,159139,3,,,0,16,,159140,3,,,0,15,,159141,3,,,0,18,,159142,3,,,0,57,,159143,3,,,0,17,,159144,3,,,0,14,,159145,3,,,0,17,,159146,3,,,0,55,,159147,3,,,0,15,,159148,3,,,0,15,,159156,3,,,0,17,,159149,3,,,0,54,,159157,3,,,0,15,,159150,3,,,0,15,,159158,3,,,0,14,,159151,3,,,0,55,,159159,3,,,0,14,,159152,3,,,0,24,,159153,3,,,0,61,,159160,3,,,0,17,,159154,3,,,0,81,,159155,3,,,0
1770700,'201',1546,,159205,3,,,0
1770700,'2_merged_15529702',556,,159241,3,,,0,72,,159242,3,,,0,30,,159243,3,,,0,55,,159257,3,,,0,16,,159244,3,,,0,15,,159258,3,,,0,15,,159247,3,,,0,55,,159259,3,,,0,15,,159207,3,,,0,20,,159260,3,,,0,51,,159208,3,,,0,12,,159210,3,,,0,15,,159209,3,,,0,15,,159211,3,,,0,14,,159233,3,,,0,55,,159212,3,,,0,15,,159234,3,,,0,15,,159213,3,,,0,15,,159235,3,,,0,53,,159214,3,,,0,17,,159236,3,,,0,15,,159255,3,,,0,14,,159237,3,,,0,55,,159215,3,,,0,16,,159238,3,,,0,14,,159216,3,,,0,13,,159239,3,,,0,55,,159217,3,,,0,15,,159240,3,,,0,15,,159218,3,,,0,15,,159245,3,,,0,55,,159219,3,,,0,15,,159248,3,,,0,15,,159220,3,,,0,15,,159249,3,,,0,55,,159221,3,,,0,15,,159250,3,,,0,15,,159222,3,,,0,15,,159251,3,,,0,56,,159223,3,,,0,17,,159252,3,,,0,16,,159224,3,,,0,16,,159253,3,,,0,55,,159225,3,,,0,17,,159254,3,,,0,11,,159226,3,,,0,16,,159261,3,,,0,55,,159227,3,,,0,14,,159262,3,,,0,16,,159228,3,,,0,15,,159263,3,,,0,55,,159229,3,,,0,15,,159264,3,,,0,15,,159230,3,,,0,15,,159265,3,,,0,55,,159231,3,,,0,15,,159266,3,,,0,19,,159232,3,,,0,60,,159267,3,,,0,20,,159206,3,,,0,15,,159268,3,,,0,65,,159269,3,,,0,24,,159256,3,,,0,71,,159246,3,,,0
1770700,'3_merged_15529701',557,,159275,3,,,0,72,,159276,3,,,0,30,,159277,3,,,0,70,,159278,3,,,0,30,,159279,3,,,0,54,,159300,3,,,0,14,,159280,3,,,0,15,,159301,3,,,0,15,,159281,3,,,0,55,,159317,3,,,0,15,,159307,3,,,0,15,,159318,3,,,0,15,,159282,3,,,0,55,,159308,3,,,0,14,,159283,3,,,0,15,,159309,3,,,0,15,,159284,3,,,0,55,,159310,3,,,0,15,,159285,3,,,0,15,,159311,3,,,0,15,,159286,3,,,0,55,,159312,3,,,0,15,,159287,3,,,0,15,,159313,3,,,0,15,,159288,3,,,0,55,,159314,3,,,0,15,,159289,3,,,0,15,,159273,3,,,0,15,,159290,3,,,0,55,,159315,3,,,0,15,,159291,3,,,0,15,,159316,3,,,0,15,,159292,3,,,0,55,,159320,3,,,0,13,,159293,3,,,0,15,,159321,3,,,0,16,,159294,3,,,0,55,,159322,3,,,0,15,,159295,3,,,0,15,,159323,3,,,0,15,,159296,3,,,0,55,,159324,3,,,0,15,,159297,3,,,0,15,,159325,3,,,0,15,,159298,3,,,0,55,,159326,3,,,0,14,,159299,3,,,0,16,,159270,3,,,0,15,,159302,3,,,0,55,,159271,3,,,0,20,,159303,3,,,0,19,,159272,3,,,0,59,,159304,3,,,0,18,,159319,3,,,0,20,,159305,3,,,0,63,,159274,3,,,0,20,,159306,3,,,0
4885500,'1_merged_15529700',702,,175478,4,,,0,30,,175479,4,,,0,70,,175480,4,,,0,30,,175481,4,,,0,70,,175482,4,,,0,30,,175483,4,,,0,70,,175484,4,,,0,30,,175485,4,,,0,70,,175486,4,,,0,30,,175487,4,,,0,70,,175488,4,,,0,30,,175489,4,,,0,70,,175490,4,,,0,30,,175491,4,,,0,70,,175492,4,,,0,30,,175493,4,,,0,71,,175494,4,,,0,30,,175495,4,,,0,70,,175496,4,,,0,30,,175497,4,,,0,69,,175498,4,,,0,30,,175499,4,,,0,70,,175500,4,,,0,30,,175501,4,,,0,70,,175502,4,,,0,30,,175503,4,,,0,70,,175504,4,,,0,30,,175505,4,,,0,70,,175506,4,,,0
4885500,'2_merged_15529702',804,,175507,4,,,0,28,,175508,4,,,0,70,,175509,4,,,0,30,,175510,4,,,0,70,,175511,4,,,0,30,,175512,4,,,0,70,,175513,4,,,0,30,,175514,4,,,0,70,,175515,4,,,0,30,,175516,4,,,0,70,,175517,4,,,0,30,,175518,4,,,0,70,,175519,4,,,0,30,,175520,4,,,0,70,,175521,4,,,0,30,,175522,4,,,0,70,,175523,4,,,0,30,,175524,4,,,0,70,,175525,4,,,0,30,,175526,4,,,0,70,,175527,4,,,0,30,,175528,4,,,0,70,,175529,4,,,0,30,,175530,4,,,0,70,,175531,4,,,0
4885500,'3_merged_15529701',802,,175532,4,,,0,30,,175533,4,,,0,70,,175534,4,,,0,30,,175535,4,,,0,70,,175536,4,,,0,30,,175537,4,,,0,70,,175538,4,,,0,30,,175539,4,,,0,70,,175540,4,,,0,30,,175541,4,,,0,70,,175542,4,,,0,30,,175543,4,,,0,70,,175544,4,,,0,30,,175545,4,,,0,70,,175546,4,,,0,30,,175547,4,,,0,70,,175548,4,,,0,30,,175549,4,,,0,70,,175550,4,,,0,30,,175551,4,,,0,70,,175552,4,,,0,30,,175553,4,,,0,70,,175554,4,,,0
