674900,'1',541,,33875,21,,,0,13,,33876,21,,,0,57,,33877,21,,,0,17,,33878,21,,,0,15,,33879,21,,,0,16,,33880,21,,,0,56,,33881,21,,,0,32,,33882,21,,,0,53,,33883,21,0,58 59,0,15,,33884,21,0,58 59,0,15,,33821,21,,,0,14,,33866,21,0,58 59,0,15,,33867,21,,,0,54,,33868,21,0,58 59,0,16,,33869,21,,,0,8,,33870,21,0,60 61 8,0,9,,33871,21,0,58 59,0,11,,33872,21,,,0,55,,33873,21,0,58 59,0,15,,33874,21,,,0,15,,33822,21,0,58 59,0,17,,33847,21,,,0,55,,33848,21,0,58 59,0,15,,33849,21,,,0,15,,33850,21,0,58 59,0,15,,33851,21,,,0,55,,33852,21,0,58 59,0,15,,33853,21,,,0,12,,33854,21,0,58 59,0,18,,33855,21,,,0,55,,33856,21,0,58 59,0,15,,33857,21,,,0,15,,33858,21,0,58 59,0,13,,33859,21,,,0,58,,33860,21,0,60 61 8,0,37,,33861,21,,,0,56,,33862,21,,,0,15,,33863,21,,,0,15,,33864,21,,,0,17,,33865,21,,,0,54,,33813,21,,,0,14,,33819,21,,,0,23,,33841,21,,,0,9,,33823,21,,,0,61,,33812,21,,,0,8,,33842,21,,,0,23,,33843,21,,,0,10,,33844,21,,,0,56,,33845,21,,,0,12,,33846,21,,,0,8,,33820,21,,,0,19,,33814,21,,,0,48,,33824,21,,,0,17,,33825,21,,,0,14,,33836,21,,,0,16,,33837,21,,,0,54,,33838,21,,,0,13,,33839,21,0,60 61 8,0,17,,33840,21,,,0,15,,33818,21,,,0,54,,33815,21,,,0,15,,33828,21,0,60 61 8,0,15,,33829,21,,,0,70,,33830,21,,,0,30,,33831,21,,,0,70,,33816,21,,,0,29,,33833,21,,,0,30,,33827,21,,,0,66,,33832,21,,,0,30,,33817,21,,,0,70,,33835,21,0,58 59,0,29,,33826,21,0,58 59,0,70,,33834,21,0,58 59,0
674900,'101',728,,33885,21,0,62 63 64,0,23,,33886,3,,,0
674900,'2',627,,33889,21,,,0,30,,33890,21,,,0,67,,33891,21,,,0,15,,33892,21,,,0,15,,33893,21,0,58 59,0,55,,33894,21,,,0,10,,33895,21,0,58 59,0,15,,33896,21,,,0,15,,33897,21,0,58 59,0,56,,33898,21,,,0,15,,33899,21,0,58 59,0,16,,33900,21,,,0,15,,33901,21,0,58 59,0,57,,33902,21,,,0,15,,33903,21,0,58 59,0,15,,33904,21,,,0,15,,33905,21,0,58 59,0,57,,33906,21,,,0,15,,33907,21,0,58 59,0,14,,33908,21,,,0,15,,33909,21,0,58 59,0,55,,33910,21,,,0,15,,33911,21,0,58 59,0,17,,33912,21,,,0,15,,33913,21,0,58 59,0,55,,33914,21,,,0,15,,33915,21,0,58 59,0,16,,33916,21,,,0,15,,33917,21,0,58 59,0,53,,33918,21,,,0,15,,33919,21,0,58 59,0,16,,33920,21,,,0,15,,33921,21,0,58 59,0,55,,33922,21,,,0,15,,33923,21,0,58 59,0,17,,33924,21,,,0,13,,33925,21,0,58 59,0,57,,33926,21,,,0,14,,33927,21,0,58 59,0,14,,33928,21,,,0,15,,33929,21,0,58 59,0,55,,33930,21,,,0,15,,33931,21,0,58 59,0,15,,33932,21,,,0,15,,33933,21,0,58 59,0,55,,33934,21,,,0,15,,33935,21,0,58 59,0,12,,33936,21,,,0,15,,33937,21,,,0,55,,33938,21,,,0,20,,33939,21,,,0,20,,33940,21,,,0,60,,33941,21,,,0,19,,33942,21,,,0,20,,33943,21,,,0,60,,33944,21,,,0,23,,33945,21,,,0,70,,33946,21,,,0,30,,33947,21,,,0,70,,33948,21,,,0,28,,33949,21,,,0,30,,33950,21,,,0,69,,33951,21,,,0,30,,33952,21,,,0,68,,33953,21,0,58 59,0,75,,33887,21,0,58 59,0,25,,33888,21,0,58 59,0
674900,'201',727,,33954,21,,,0
674900,'3',632,,33984,21,,,0,72,,33983,21,,,0,23,,33989,21,,,0,29,,33988,21,,,0,55,,34000,21,0,58 59,0,17,,33999,21,,,0,15,,33998,21,0,58 59,0,16,,33997,21,,,0,56,,33996,21,0,58 59,0,15,,33995,21,,,0,14,,34019,21,0,58 59,0,56,,34018,21,,,0,15,,33994,21,0,58 59,0,16,,33993,21,,,0,15,,33992,21,0,58 59,0,55,,33991,21,,,0,10,,33990,21,0,58 59,0,14,,33987,21,,,0,16,,33986,21,0,58 59,0,15,,33985,21,,,0,53,,34011,21,0,58 59,0,19,,33959,21,,,0,15,,33958,21,0,58 59,0,15,,33957,21,,,0,55,,33956,21,0,58 59,0,15,,33955,21,,,0,17,,34017,21,0,58 59,0,7,,34016,21,,,0,63,,34015,21,0,58 59,0,15,,34014,21,,,0,15,,34013,21,0,58 59,0,55,,34012,21,,,0,15,,34010,21,0,58 59,0,14,,34009,21,,,0,14,,34008,21,0,58 59,0,16,,34007,21,,,0,45,,34006,21,0,58 59,0,25,,34005,21,,,0,15,,34004,21,0,58 59,0,14,,34003,21,,,0,55,,34002,21,0,58 59,0,14,,34001,21,,,0,15,,33972,21,0,58 59,0,15,,33982,21,,,0,55,,33981,21,0,58 59,0,20,,33980,21,,,0,14,,33979,21,0,58 59,0,56,,33978,21,,,0,14,,33977,21,0,58 59,0,16,,33976,21,,,0,15,,33975,21,0,58 59,0,53,,33974,21,,,0,15,,33973,21,0,58 59,0,15,,33971,21,,,0,15,,33970,21,0,58 59,0,11,,33969,21,,,0,60,,33968,21,,,0,20,,33967,21,,,0,71,,33966,21,,,0,31,,33965,21,,,0,70,,33964,21,,,0,28,,33963,21,,,0,70,,33962,21,,,0,29,,33961,21,,,0,102,,33960,21,0,58 59,0
674900,'701',1439,,34020,21,0,62 63 64,0
674900,'801',1433,,34021,21,,,0
722400,'1',554,,38826,27,,,0,59,,38824,27,,,0,23,,38801,27,,,0,10,,38799,27,,,0,62,,38827,27,,,0,9,,38831,27,,,0,23,,38825,27,,,0,60,,38822,27,,,0,10,,38828,27,,,0,26,,38821,27,,,0,18,,38820,27,,,0,63,,38832,27,,,0,17,,38817,27,,,0,73,,38816,27,,,0,26,,38814,27,,,0,70,,38813,27,,,0,30,,38812,27,,,0,71,,38811,27,,,0,30,,38810,27,,,0,71,,38809,27,,,0,30,,38815,27,,,0,72,,38808,27,,,0,32,,38823,27,,,0,71,,38819,27,,,0,32,,38829,27,,,0,61,,38818,27,,,0,20,,38807,27,,,0,25,,38830,27,,,0,54,,38806,27,,,0,20,,38798,27,,,0,18,,38796,27,,,0,13,,38833,27,,,0,54,,38805,27,,,0,22,,38804,27,,,0,71,,38803,27,,,0,21,,38802,27,,,0,19,,38797,27,,,0,60,,38800,27,,,0,34,,38837,27,,,0
1294000,'1',538,,40475,24,,,0,70,,40476,24,,,0,32,,40477,24,,,0,73,,40478,24,,,0,33,,40479,24,,,0,72,,40480,24,,,0,898,,40495,24,,,0,26,,40496,24,,,0,66,,40497,24,,,0,25,,40498,24,,,0,67,,40499,24,,,0
1294000,'101',1623,,40509,24,,,0,27,,40510,24,,,0
1294000,'201',1623,,40545,24,,,0,27,,40544,24,,,0
