674100,'1',437,,91251,35,,,0,70,,91252,35,,,0,27,,91253,35,,,0,17,,91254,35,,,0,55,,91255,35,,,0,19,,91256,35,,,0,9,,91258,18,,,0,9,,91259,18,,,0,11,,91261,18,,,0,62,,91263,32,,,0,21,,91265,18,,,0,11,,91266,32,,,0,65,,91268,35,,,0,15,,91269,35,,,0,15,,91270,32,,,0,13,,91271,35,,,0,55,,91272,35,,,0,13,,91273,18,,,0,15,,91274,35,,,0,16,,91275,35,,,0,55,,91276,35,,,0,19,,91277,35,,,0,30,,91278,35,,,0,68,,91279,35,,,0,20,,91320,35,,,0,60,,91280,35,,,0,20,,91281,35,,,0,20,,91318,35,,,0,60,,91282,35,,,0,20,,91317,35,,,0,19,,91283,35,,,0,61,,91319,35,,,0,20,,91284,35,,,0,18,,91285,35,,,0,12,,91286,35,,,0,55,,91287,35,,,0,13,,91288,35,,,0,16,,91289,35,,,0,15,,91290,35,,,0,55,,91291,35,,,0,15,,91292,35,,,0,15,,91293,35,,,0,15,,91294,35,,,0,55,,91295,35,,,0,15,,91296,35,,,0,16,,91297,35,,,0,15,,91298,32,,,0,55,,91299,35,,,0,16,,91300,35,,,0,21,,91301,32,,,0,61,,91302,35,,,0,19,,91303,35,,,0,19,,91304,35,,,0,59,,91305,35,,,0,20,,91306,35,,,0,20,,91307,35,,,0,60,,91308,35,,,0,27,,91309,35,,,0,70,,91310,35,,,0,30,,91311,35,,,0,70,,91312,35,,,0,30,,91313,35,,,0,100,,91314,35,,,0,92,,91315,35,,,0
674100,'101',1530,,91250,35,,,0
674100,'2',440,,91366,35,,,0,104,,91365,35,,,0,105,,91364,35,,,0,70,,91363,35,,,0,22,,91371,35,,,0,62,,91362,35,,,0,22,,91360,35,,,0,20,,91372,35,,,0,62,,91359,35,,,0,21,,91358,35,,,0,20,,91373,35,,,0,61,,91357,35,,,0,20,,91361,35,,,0,22,,91374,35,,,0,61,,91356,35,,,0,21,,91355,35,,,0,20,,91327,35,,,0,60,,91354,35,,,0,20,,91353,35,,,0,20,,91326,35,,,0,60,,91352,35,,,0,20,,91351,35,,,0,20,,91325,35,,,0,60,,91350,35,,,0,20,,91349,35,,,0,20,,91324,35,,,0,62,,91336,35,,,0,21,,91335,35,,,0,20,,91323,35,,,0,57,,91348,35,,,0,15,,91367,35,,,0,15,,91347,35,,,0,15,,91322,35,,,0,55,,91346,35,,,0,15,,91368,35,,,0,15,,91345,35,,,0,15,,91321,35,,,0,55,,91328,35,,,0,15,,91369,35,,,0,15,,91344,35,,,0,60,,91343,35,,,0,20,,91342,35,,,0,20,,91370,35,,,0,60,,91341,35,,,0,20,,91340,35,,,0,32,,91339,35,,,0,69,,91338,35,,,0,30,,91330,35,,,0,70,,91337,35,,,0,30,,91329,35,,,0,77,,91334,35,,,0,97,,91333,35,,,0,108,,91332,35,,,0,123,,91331,35,,,0
674100,'3',440,,91420,35,,,0,105,,91419,35,,,0,104,,91418,35,,,0,72,,91417,35,,,0,31,,91416,35,,,0,70,,91414,35,,,0,20,,91426,35,,,0,61,,91413,35,,,0,20,,91412,35,,,0,20,,91427,35,,,0,60,,91411,35,,,0,22,,91415,35,,,0,19,,91428,35,,,0,61,,91410,35,,,0,21,,91409,35,,,0,19,,91429,35,,,0,13,,91381,35,,,0,60,,91408,35,,,0,20,,91407,35,,,0,20,,91380,35,,,0,60,,91406,35,,,0,20,,91405,35,,,0,20,,91379,35,,,0,60,,91404,35,,,0,20,,91403,35,,,0,20,,91378,35,,,0,60,,91390,35,,,0,20,,91389,35,,,0,20,,91377,35,,,0,57,,91402,35,,,0,15,,91421,35,,,0,14,,91401,35,,,0,15,,91376,35,,,0,55,,91400,35,,,0,14,,91422,35,,,0,15,,91399,35,,,0,15,,91375,35,,,0,55,,91382,35,,,0,14,,91423,35,,,0,15,,91398,35,,,0,15,,91397,35,,,0,55,,91424,35,,,0,16,,91396,35,,,0,16,,91425,35,,,0,59,,91395,35,,,0,20,,91394,35,,,0,32,,91393,35,,,0,69,,91392,35,,,0,30,,91384,35,,,0,70,,91391,35,,,0,30,,91383,35,,,0,74,,91388,35,,,0,100,,91387,35,,,0,106,,91386,35,,,0,123,,91385,35,,,0
682200,'1',618,,96061,3,,,0,20,,96038,3,,,0,8,,96033,3,,,0,12,,96050,3,,,0,60,,96062,3,,,0,21,,96039,3,,,0,19,,96051,3,,,0,61,,96063,3,,,0,23,,96040,3,,,0,66,,96052,3,,,0,29,,96041,3,,,0,69,,96057,3,,,0,30,,96042,3,,,0,66,,96058,3,,,0,24,,96043,3,,,0,31,,96053,3,,,0,70,,96044,3,,,0,75,,96054,3,,,0,31,,96045,3,,,0,75,,96055,3,,,0,19,,96074,3,,,0,20,,96046,3,,,0,60,,96056,3,,,0,5,,96073,3,,,0,21,,96064,3,,,0,20,,96047,3,,,0,60,,96037,3,,,0,20,,96065,3,,,0,21,,96059,3,,,0,3,,96034,3,,,0,61,,96036,3,,,0,18,,96066,3,,,0,18,,96048,3,,,0,60,,96060,3,,,0,20,,96067,3,,,0,20,,96049,3,,,0,62,,96068,3,,,0,22,,96069,3,,,0,69,,96070,3,,,0,40,,96071,3,,,0,76,,96072,3,,,0
682200,'2',724,,96086,3,,,0,33,,96087,3,,,0,61,,96103,3,,,0,10,,96078,3,,,0,30,,96088,3,,,0,70,,96079,3,,,0,30,,96089,3,,,0,70,,96080,3,,,0,31,,96090,3,,,0,70,,96081,3,,,0,30,,96091,3,,,0,70,,96082,3,,,0,71,,96092,3,,,0,30,,96085,3,,,0,70,,96093,3,,,0,20,,96104,3,,,0,13,,96083,3,,,0,69,,96094,3,,,0,31,,96084,3,,,0,72,,96095,3,,,0,13,,96105,3,,,0,16,,96075,3,,,0,72,,96096,3,,,0,31,,96076,3,,,0,72,,96097,3,,,0,29,,96077,3,,,0,66,,96098,3,,,0,30,,96099,3,,,0,67,,96100,3,,,0,27,,96101,3,,,0,31,,96102,3,,,0,100,,96106,3,,,0
682200,'3',750,,96118,3,,,0,71,,96134,3,,,0,6,,96107,3,,,0,30,,96119,3,,,0,70,,96112,3,,,0,30,,96120,3,,,0,70,,96113,3,,,0,31,,96121,3,,,0,70,,96114,3,,,0,30,,96122,3,,,0,70,,96115,3,,,0,30,,96123,3,,,0,70,,96116,3,,,0,30,,96124,3,,,0,60,,96135,3,,,0,11,,96117,3,,,0,30,,96125,3,,,0,70,,96108,3,,,0,71,,96126,3,,,0,7,,96136,3,,,0,25,,96109,3,,,0,70,,96127,3,,,0,31,,96110,3,,,0,67,,96128,3,,,0,28,,96111,3,,,0,31,,96129,3,,,0,69,,96130,3,,,0,30,,96131,3,,,0,70,,96132,3,,,0,31,,96133,3,,,0,99,,96137,3,,,0
682300,'1',757,,96248,6,,,0,69,,96260,6,,,0,30,,96242,6,,,0,70,,96261,6,,,0,29,,96262,6,,,0,70,,96243,6,,,0,30,,96244,6,,,0,70,,96245,6,,,0,30,,96246,6,,,0,70,,96249,6,,,0,31,,96250,6,,,0,70,,96251,6,,,0,25,,96254,6,,,0,71,,96255,6,,,0,85,,96256,6,,,0,25,,96257,6,,,0,24,,96252,6,,,0,70,,96247,6,,,0,30,,96263,6,,,0,70,,96264,6,,,0,28,,96258,6,,,0,70,,96253,6,,,0,30,,96259,6,,,0
682300,'2',854,,96271,6,,,0,72,,96270,6,,,0,30,,96269,6,,,0,69,,96268,6,,,0,30,,96267,6,,,0,70,,96266,6,,,0,30,,96265,6,,,0,70,,96285,6,,,0,30,,96284,6,,,0,70,,96283,6,,,0,31,,96282,6,,,0,69,,96281,6,,,0,30,,96280,6,,,0,70,,96279,6,,,0,30,,96278,6,,,0,71,,96277,6,,,0,30,,96276,6,,,0,70,,96275,6,,,0,30,,96274,6,,,0,70,,96273,6,,,0,29,,96272,6,,,0
682300,'3',855,,96299,6,,,0,80,,96300,6,,,0,80,,96301,6,,,0,40,,96286,6,,,0,80,,96287,6,,,0,80,,96288,6,,,0,41,,96289,6,,,0,80,,96290,6,,,0,79,,96291,6,,,0,40,,96292,6,,,0,79,,96293,6,,,0,80,,96294,6,,,0,40,,96295,6,,,0,80,,96296,6,,,0,80,,96297,6,,,0,40,,96298,6,,,0
682501,'1',850,,96430,10,,,0,100,,96432,10,,,0,100,,96434,10,,,0,100,,96436,10,,,0,100,,96438,10,,,0,100,,96420,10,,,0,100,,96422,10,,,0,100,,96424,10,,,0,100,,96440,10,,,0,101,,96441,10,,,0,100,,96428,10,,,0
682501,'2',956,,96458,10,,,0,99,,96456,10,,,0,100,,96454,10,,,0,101,,96460,10,,,0,100,,96451,10,,,0,99,,96449,10,,,0,100,,96447,10,,,0,100,,96446,10,,,0,100,,96444,10,,,0,100,,96462,10,,,0
1169600,'1',602,,98939,36,,,0,29,,98940,36,,,0,70,,98941,36,,,0,32,,98942,36,,,0,72,,98943,36,,,0,30,,98944,36,,,0,71,,98945,36,,,0,30,,98946,36,,,0,68,,98965,36,,,0,32,,98947,36,,,0,70,,98966,36,,,0,30,,98948,36,,,0,70,,98967,36,,,0,30,,98949,36,,,0,70,,98968,36,,,0,30,,98950,36,,,0,70,,98969,36,,,0,30,,98951,36,,,0,70,,98970,36,,,0,32,,98952,36,,,0,70,,98971,36,,,0,30,,98953,36,,,0,68,,98954,36,,,0,27,,98955,36,,,0,70,,98956,36,,,0,30,,98957,36,,,0,70,,98958,36,,,0,30,,98959,36,,,0,70,,98972,36,,,0,20,,98960,36,,,0,79,,98973,36,,,0,30,,98961,36,,,0,70,,98974,36,,,0,30,,98962,36,,,0,70,,98975,36,,,0,30,,98963,36,,,0,70,,98976,36,,,0,30,,98964,36,,,0
1169600,'2',724,,98977,36,,,0,29,,99004,36,,,0,70,,98978,36,,,0,35,,98979,36,,,0,67,,98980,36,,,0,30,,99003,36,,,0,71,,98981,36,,,0,30,,98982,36,,,0,70,,98983,36,,,0,31,,98984,36,,,0,70,,98985,36,,,0,30,,98986,36,,,0,70,,98987,36,,,0,30,,98988,36,,,0,70,,98989,36,,,0,29,,98990,36,,,0,72,,98991,36,,,0,31,,98992,36,,,0,69,,98993,36,,,0,29,,98994,36,,,0,69,,98995,36,,,0,29,,98996,36,,,0,70,,98997,36,,,0,30,,98998,36,,,0,70,,99005,36,,,0,30,,98999,36,,,0,68,,99000,36,,,0,30,,99006,36,,,0,70,,99001,36,,,0,30,,99007,36,,,0,70,,99002,36,,,0
1169600,'3',757,,99031,36,,,0,70,,99008,36,,,0,32,,99009,36,,,0,70,,99032,36,,,0,29,,99010,36,,,0,71,,99011,36,,,0,25,,99012,36,,,0,70,,99013,36,,,0,31,,99014,36,,,0,70,,99015,36,,,0,30,,99016,36,,,0,70,,99017,36,,,0,30,,99018,36,,,0,70,,99019,36,,,0,30,,99020,36,,,0,70,,99021,36,,,0,30,,99022,36,,,0,70,,99023,36,,,0,29,,99024,36,,,0,70,,99025,36,,,0,29,,99026,36,,,0,70,,99027,36,,,0,30,,99033,36,,,0,70,,99028,36,,,0,30,,99034,36,,,0,70,,99029,36,,,0,30,,99035,36,,,0,70,,99030,36,,,0
