671401,'1',902,,145852,37,4,,0,31,,145874,37,4,,0,14,,145854,37,4,,0,70,,145856,37,4,,0,15,,145857,37,4,,0,15,,145884,37,4,,0,64,,145858,37,4,,0,30,,145859,37,4,,0,71,,145860,37,4,,0,30,,145861,37,4,,0,71,,145862,37,4,,0,30,,145863,37,4,,0,71,,145865,37,4,,0,30,,145847,37,4,,0,71,,145848,37,4,,0,23,,145846,37,4,,0,21,,145849,37,4,,0,60,,145842,37,4,,0
672001,'1',545,,146417,22,4,,0,66,,146419,22,4,,0,27,,146420,22,4,,0,71,,146421,22,4,,0,33,,146422,22,4,,0,71,,146423,22,4,,0,798,,146418,22,4,,0,29,,146416,22,4,,0,71,,146424,22,4,,0,33,,146425,22,4,,0,78,,146426,22,4,,0,27,,146427,22,4,,0,70,,146428,22,4,,0,28,,146415,22,4,,0
1870501,'1',620,,159692,51,,,0,11,,159650,51,,,0,15,,159652,51,,,0,58,,159687,51,,,0,17,,159677,51,,,0,23,,159651,51,,,0,63,,159678,51,,,0,20,,159653,51,,,0,22,,159654,51,,,0,154,,159680,51,,,0,452,,159664,51,,,0,179,,159686,51,,,0,17,,159668,51,,,0,57,,159682,51,,,0,21,,159669,51,,,0,21,,159670,51,,,0,61,,159683,51,,,0,18,,159672,51,,,0,21,,159671,51,,,0,58,,159684,51,,,0,19,,159674,51,,,0,21,,159675,51,,,0,61,,159676,51,,,0,29,,159646,51,,,0,69,,159647,51,,,0,29,,159648,51,,,0,95,,159689,51,,,0,100,,159690,51,,,0,100,,159691,51,,,0
1870501,'2',632,,159711,51,,,0,70,,159712,51,,,0,31,,159713,51,,,0,70,,159714,51,,,0,33,,159715,51,,,0,70,,159716,51,,,0,33,,159717,51,,,0,72,,159718,51,,,0,32,,159696,51,,,0,71,,159697,51,,,0,31,,159698,51,,,0,73,,159699,51,,,0,32,,159700,51,,,0,72,,159701,51,,,0,32,,159702,51,,,0,70,,159703,51,,,0,30,,159704,51,,,0,70,,159705,51,,,0,30,,159706,51,,,0,70,,159707,51,,,0,30,,159708,51,,,0,69,,159709,51,,,0,30,,159710,51,,,0,68,,159719,51,,,0,26,,159720,51,,,0,68,,159721,51,,,0,30,,159722,51,,,0,69,,159723,51,,,0,29,,159693,51,,,0,69,,159694,51,,,0,30,,159695,51,,,0,93,,159724,51,,,0,100,,159725,51,,,0,100,,159726,51,,,0
1870501,'3',625,,159753,51,,,0,30,,159754,51,,,0,70,,159755,51,,,0,30,,159756,51,,,0,71,,159727,51,,,0,31,,159728,51,,,0,71,,159729,51,,,0,73,,159730,51,,,0,30,,159731,51,,,0,72,,159732,51,,,0,32,,159733,51,,,0,73,,159734,51,,,0,31,,159735,51,,,0,70,,159736,51,,,0,30,,159737,51,,,0,72,,159738,51,,,0,32,,159739,51,,,0,70,,159740,51,,,0,30,,159741,51,,,0,70,,159742,51,,,0,30,,159743,51,,,0,70,,159744,51,,,0,30,,159745,51,,,0,70,,159746,51,,,0,29,,159747,51,,,0,69,,159748,51,,,0,30,,159749,51,,,0,69,,159750,51,,,0,30,,159751,51,,,0,70,,159757,51,,,0,30,,159752,51,,,0,96,,159758,51,,,0,100,,159759,51,,,0,100,,159760,51,,,0
3181701,'1',530,,166050,2,,,0,70,,166051,2,,,0,30,,166052,2,,,0,71,,166024,2,,,0,29,,166025,2,,,0,70,,166026,2,,,0,30,,166049,2,,,0,70,,166027,2,,,0,30,,166028,2,,,0,70,,166039,2,,,0,30,,166040,2,,,0,70,,166041,2,,,0,30,,166042,2,,,0,70,,166043,2,,,0,30,,166044,2,,,0,70,,166045,2,,,0,30,,166030,2,,,0,70,,166029,2,,,0,31,,166031,2,,,0,70,,166032,2,,,0,30,,166033,2,,,0,70,,166034,2,,,0,30,,166035,2,,,0,69,,166036,2,,,0,30,,166037,2,,,0,70,,166038,2,,,0,34,,166046,2,,,0,66,,166047,2,,,0,30,,166048,2,,,0
3181701,'2',800,,166053,2,,,0,100,,166054,2,,,0,100,,166055,2,,,0,100,,166056,2,,,0,100,,166057,2,,,0,100,,166066,2,,,0,100,,166058,2,,,0,100,,166059,2,,,0,100,,166060,2,,,0,100,,166061,2,,,0,100,,166062,2,,,0,100,,166063,2,,,0,100,,166064,2,,,0,100,,166065,2,,,0
3181701,'3',905,,166070,2,,,0,100,,166071,2,,,0,99,,166072,2,,,0,99,,166073,2,,,0,55,,166074,2,,,0,142,,166075,2,,,0,100,,166076,2,,,0,101,,166067,2,,,0,99,,166068,2,,,0,101,,166069,2,,,0
3181801,'1',933,,166211,2,,,0,70,,166212,2,,,0,28,,166213,2,,,0,70,,166214,2,,,0,30,,166215,2,,,0,70,,166216,2,,,0,29,,166217,2,,,0,70,,166218,2,,,0,30,,166219,2,,,0,71,,166220,2,,,0,32,,166221,2,,,0,70,,166222,2,,,0,30,,166223,2,,,0,70,,166224,2,,,0,28,,166225,2,,,0,70,,166226,2,,,0,30,,166227,2,,,0,70,,166228,2,,,0,30,,166229,2,,,0,70,,166230,2,,,0,30,,166206,2,,,0,70,,166207,2,,,0,30,,166208,2,,,0,72,,166209,2,,,0,30,,166210,2,,,0
3181801,'1201',2213,,166201,2,,,0,40,,166203,2,,,0,80,,166202,2,,,0,70,,166204,2,,,0,30,,166205,2,,,0
3181801,'2',801,,166260,2,,,0,30,,166231,2,,,0,70,,166261,2,,,0,30,,166247,2,,,0,69,,166233,2,,,0,30,,166232,2,,,0,70,,166234,2,,,0,30,,166238,2,,,0,70,,166235,2,,,0,30,,166248,2,,,0,29,,166236,2,,,0,70,,166249,2,,,0,30,,166237,2,,,0,55,,166265,2,,,0,15,,166251,2,,,0,15,,166266,2,,,0,15,,166250,2,,,0,55,,166267,2,,,0,15,,166252,2,,,0,15,,166268,2,,,0,15,,166239,2,,,0,55,,166269,2,,,0,15,,166253,2,,,0,15,,166270,2,,,0,15,,166240,2,,,0,55,,166271,2,,,0,15,,166254,2,,,0,15,,166272,2,,,0,15,,166241,2,,,0,55,,166273,2,,,0,15,,166255,2,,,0,15,,166274,2,,,0,56,,166242,2,,,0,15,,166275,2,,,0,15,,166256,2,,,0,15,,166276,2,,,0,55,,166243,2,,,0,15,,166277,2,,,0,15,,166257,2,,,0,15,,166278,2,,,0,55,,166244,2,,,0,15,,166279,2,,,0,15,,166258,2,,,0,15,,166280,2,,,0,56,,166245,2,,,0,30,,166262,2,,,0,71,,166246,2,,,0,30,,166259,2,,,0,70,,166263,2,,,0,30,,166264,2,,,0
3181801,'3',832,,166305,2,,,0,70,,166291,2,,,0,30,,166306,2,,,0,70,,166292,2,,,0,29,,166307,2,,,0,70,,166293,2,,,0,29,,166304,2,,,0,70,,166294,2,,,0,30,,166281,2,,,0,71,,166295,2,,,0,29,,166282,2,,,0,71,,166296,2,,,0,15,,166308,2,,,0,15,,166283,2,,,0,15,,166309,2,,,0,55,,166297,2,,,0,15,,166310,2,,,0,15,,166284,2,,,0,15,,166311,2,,,0,55,,166298,2,,,0,15,,166312,2,,,0,14,,166285,2,,,0,15,,166313,2,,,0,55,,166299,2,,,0,14,,166314,2,,,0,15,,166286,2,,,0,15,,166315,2,,,0,15,,166300,2,,,0,55,,166316,2,,,0,15,,166287,2,,,0,15,,166317,2,,,0,58,,166301,2,,,0,15,,166318,2,,,0,15,,166288,2,,,0,15,,166319,2,,,0,55,,166302,2,,,0,15,,166320,2,,,0,15,,166289,2,,,0,15,,166321,2,,,0,55,,166303,2,,,0,15,,166322,2,,,0,15,,166290,2,,,0,15,,166323,2,,,0
