664900,'1',452,,14916,,,0,64,,14950,,,0,23,,14961,,,0,15,,14959,,,0,54,,14931,,,0,15,,14925,,,0,15,,14976,,,0,16,,14977,,,0,56,,14978,,,0,16,,14979,,,0,15,,14980,,,0,16,,14981,,,0,55,,14982,,,0,15,,14983,,,0,15,,14984,,,0,12,,14985,,,0,55,,14986,,,0,15,,14967,,,0,15,,14938,,,0,17,,14932,,,0,56,,14918,,,0,14,,14971,,,0,15,,14951,,,0,15,,14927,,,0,55,,14914,,,0,15,,14966,,,0,16,,14935,,,0,13,,14948,,,0,55,,14973,,,0,15,,14939,,,0,16,,14974,,,0,15,,14921,,,0,55,,14936,,,0,14,,14972,,,0,15,,14955,,,0,15,,14975,,,0,57,,14969,,,0,16,,14954,,,0,15,,14968,,,0,15,,14947,,,0,54,,14957,,,0,14,,14915,,,0,18,,14930,,,0,57,,14965,,,0,12,,14912,,,0,19,,14963,,,0,15,,14964,,,0,60,,14970,,,0,13,,14962,,,0,18,,14929,,,0,13,,14958,,,0,55,,14934,,,0,11,,14933,,,0,11,,14937,,,0,15,,14960,,,0,15,,14920,,,0,52,,14956,,,0,14,,14949,,,0,12,,14928,,,0,15,,14922,,,0,56,,14923,,,0,15,,14919,,,0,15,,14913,,,0,15,,14943,,,0,55,,14924,,,0,16,,14917,,,0,14,,14926,,,0,67,,14940,,,0,30,,14941,,,0,76,,14942,,,0,31,,14944,,,0,71,,14945,,,0,38,,14946,,,0,71,,14952,,,0,34,,14953,,,0
664900,'101',1553,,15004,,,0
664900,'2',454,,15010,,,0,82,,15055,,,0,72,,15023,,,0,39,,15067,,,0,74,,15048,,,0,30,,15033,,,0,70,,15051,,,0,17,,15030,,,0,11,,15012,,,0,55,,15006,,,0,15,,15024,,,0,15,,15013,,,0,15,,15008,,,0,55,,15058,,,0,15,,15026,,,0,15,,15049,,,0,15,,15037,,,0,55,,15011,,,0,17,,15053,,,0,15,,15016,,,0,13,,15065,,,0,55,,15059,,,0,15,,15035,,,0,15,,15072,,,0,16,,15052,,,0,56,,15071,,,0,15,,15005,,,0,15,,15015,,,0,15,,15038,,,0,55,,15014,,,0,16,,15031,,,0,14,,15020,,,0,15,,15060,,,0,55,,15027,,,0,16,,15036,,,0,15,,15050,,,0,15,,15070,,,0,55,,15009,,,0,15,,15019,,,0,15,,15068,,,0,14,,15025,,,0,55,,15039,,,0,15,,15029,,,0,15,,15018,,,0,14,,15021,,,0,55,,15022,,,0,16,,15028,,,0,15,,15034,,,0,14,,15045,,,0,55,,15032,,,0,16,,15044,,,0,14,,15054,,,0,15,,15042,,,0,55,,15056,,,0,15,,15043,,,0,15,,15057,,,0,15,,15041,,,0,55,,15046,,,0,15,,15040,,,0,15,,15069,,,0,70,,15017,,,0,30,,15061,,,0,73,,15062,,,0,23,,15063,,,0,70,,15064,,,0,32,,15066,,,0,71,,15047,,,0,27,,15007,,,0
664900,'3',612,,15101,,,0,36,,15102,,,0,70,,15103,,,0,31,,15104,,,0,70,,15105,,,0,30,,15106,,,0,70,,15107,,,0,15,,15130,,,0,15,,15108,,,0,55,,15092,,,0,15,,15136,,,0,15,,15089,,,0,15,,15084,,,0,55,,15073,,,0,15,,15080,,,0,15,,15074,,,0,15,,15083,,,0,55,,15131,,,0,15,,15081,,,0,15,,15126,,,0,15,,15078,,,0,55,,15127,,,0,15,,15125,,,0,15,,15128,,,0,15,,15129,,,0,55,,15095,,,0,15,,15097,,,0,15,,15076,,,0,15,,15098,,,0,55,,15087,,,0,15,,15099,,,0,15,,15122,,,0,15,,15135,,,0,55,,15123,,,0,15,,15134,,,0,15,,15093,,,0,15,,15091,,,0,55,,15094,,,0,16,,15118,,,0,15,,15075,,,0,15,,15119,,,0,55,,15133,,,0,14,,15109,,,0,15,,15117,,,0,15,,15110,,,0,55,,15082,,,0,14,,15115,,,0,15,,15111,,,0,15,,15077,,,0,55,,15112,,,0,15,,15079,,,0,15,,15113,,,0,14,,15090,,,0,55,,15114,,,0,15,,15120,,,0,15,,15116,,,0,70,,15121,,,0,30,,15085,,,0,70,,15086,,,0,29,,15124,,,0,70,,15096,,,0,30,,15088,,,0,80,,15100,,,0,39,,15132,,,0
665701,'1',556,,16889,,,0,66,,16879,,,0,29,,16873,,,0,60,,16833,,,0,19,,16852,,,0,17,,16870,,,0,56,,16878,,,0,15,,16881,,,0,15,,16869,,,0,15,,16849,,,0,55,,16868,,,0,17,,16848,,,0,14,,16882,,,0,15,,16863,,,0,54,,16871,,,0,14,,16887,,,0,15,,16835,,,0,14,,16864,,,0,55,,16830,,,0,15,,16836,,,0,14,,16859,,,0,16,,16865,,,0,55,,16875,,,0,16,,16837,,,0,15,,16874,,,0,15,,16866,,,0,55,,16886,,,0,15,,16838,,,0,15,,16883,,,0,15,,16867,,,0,55,,16884,,,0,16,,16839,,,0,16,,16858,,,0,16,,16846,,,0,53,,16855,,,0,16,,16840,,,0,13,,16829,,,0,17,,16847,,,0,55,,16842,,,0,15,,16834,,,0,15,,16850,,,0,15,,16841,,,0,55,,16843,,,0,15,,16872,,,0,15,,16857,,,0,14,,16854,,,0,55,,16890,,,0,14,,16844,,,0,13,,16851,,,0,15,,16831,,,0,14,,16845,,,0,55,,16892,,,0,23,,16860,,,0,69,,16891,,,0,29,,16853,,,0,68,,16885,,,0,27,,16880,,,0,27,,16876,,,0,69,,16856,,,0,29,,16832,,,0,70,,16861,,,0,30,,16877,,,0,73,,16862,,,0,73,,16888,,,0
665701,'2',713,,16916,,,0,101,,16903,,,0,33,,16895,,,0,76,,16913,,,0,35,,16899,,,0,72,,16905,,,0,71,,16896,,,0,22,,16931,,,0,20,,16917,,,0,60,,16932,,,0,26,,16909,,,0,19,,16926,,,0,60,,16933,,,0,20,,16908,,,0,20,,16912,,,0,60,,16934,,,0,20,,16914,,,0,20,,16927,,,0,60,,16935,,,0,20,,16928,,,0,20,,16904,,,0,60,,16936,,,0,20,,16901,,,0,20,,16925,,,0,60,,16894,,,0,22,,16897,,,0,19,,16922,,,0,60,,16929,,,0,20,,16921,,,0,20,,16924,,,0,59,,16902,,,0,20,,16910,,,0,18,,16923,,,0,60,,16898,,,0,23,,16900,,,0,28,,16919,,,0,67,,16918,,,0,33,,16907,,,0,70,,16906,,,0,30,,16893,,,0,70,,16911,,,0,29,,16915,,,0,70,,16930,,,0,30,,16920,,,0
665701,'3',743,,16964,,,0,95,,16965,,,0,100,,16966,,,0,70,,16937,,,0,31,,16945,,,0,69,,16970,,,0,30,,16938,,,0,70,,16947,,,0,31,,16944,,,0,70,,16946,,,0,30,,16951,,,0,70,,16960,,,0,30,,16959,,,0,69,,16949,,,0,30,,16957,,,0,69,,16956,,,0,30,,16955,,,0,70,,16954,,,0,32,,16942,,,0,70,,16958,,,0,30,,16961,,,0,69,,16953,,,0,30,,16969,,,0,70,,16968,,,0,28,,16967,,,0,70,,16952,,,0,28,,16950,,,0,70,,16943,,,0,30,,16941,,,0,70,,16940,,,0,28,,16939,,,0,70,,16948,,,0,19,,16963,,,0,36,,16962,,,0
665701,'401',1552,,16971,,,0
3329200,'1',607,,49116,,,0,34,,49115,,,0,61,,49114,,,0,17,,49113,,,0,17,,49112,,,0,17,,49111,,,0,57,,49110,,,0,18,,49108,,,0,18,,49107,,,0,56,,49106,,,0,14,,49105,,,0,15,,49104,,,0,15,,49103,,,0,57,,49102,,,0,16,,49101,,,0,30,,49100,,,0,71,,49109,,,0,30,,49099,,,0,71,,49098,,,0,31,,49097,,,0,70,,49096,,,0,32,,49095,,,0,72,,49094,,,0,31,,49093,,,0,76,,49092,,,0,67,,49091,,,0,16,,49090,,,0,14,,49089,,,0,14,,49088,,,0,56,,49086,,,0,16,,49085,,,0,15,,49084,,,0,14,,49083,,,0,14,,49082,,,0,53,,49081,,,0,15,,49069,,,0,17,,49087,,,0,58,,49071,,,0,22,,49070,,,0,29,,49080,,,0,71,,49079,,,0,28,,49078,,,0,70,,49077,,,0,25,,49073,,,0,70,,49072,,,0,26,,49076,,,0,72,,49075,,,0,26,,49074,,,0,105,,49068,,,0
3329200,'101',1550,,49117,,,0
3329200,'2',640,,49153,,,0,61,,49152,,,0,28,,49151,,,0,72,,49150,,,0,33,,49149,,,0,83,,49148,,,0,33,,49147,,,0,75,,49146,,,0,30,,49145,,,0,70,,49144,,,0,29,,49143,,,0,68,,49142,,,0,33,,49141,,,0,72,,49140,,,0,28,,49139,,,0,71,,49138,,,0,30,,49137,,,0,72,,49135,,,0,31,,49136,,,0,69,,49134,,,0,74,,49133,,,0,26,,49132,,,0,28,,49131,,,0,70,,49130,,,0,30,,49129,,,0,71,,49128,,,0,30,,49127,,,0,68,,49126,,,0,27,,49118,,,0,70,,49125,,,0,28,,49124,,,0,70,,49123,,,0,28,,49122,,,0,71,,49121,,,0,30,,49120,,,0,90,,49119,,,0
3329200,'3',739,,49158,,,0,70,,49157,,,0,27,,49156,,,0,70,,49155,,,0,33,,49154,,,0,70,,49187,,,0,31,,49186,,,0,72,,49185,,,0,34,,49184,,,0,70,,49183,,,0,29,,49182,,,0,72,,49181,,,0,31,,49180,,,0,70,,49179,,,0,33,,49178,,,0,67,,49177,,,0,30,,49176,,,0,73,,49175,,,0,29,,49174,,,0,70,,49173,,,0,29,,49159,,,0,70,,49172,,,0,23,,49171,,,0,71,,49170,,,0,31,,49169,,,0,68,,49168,,,0,34,,49167,,,0,70,,49166,,,0,29,,49165,,,0,69,,49164,,,0,29,,49163,,,0,67,,49162,,,0,32,,49161,,,0,100,,49160,,,0
