670400,'1_merged_15524958',634,,84176,60,,,0,74,,84174,60,,,0,15,,84231,60,,,0,30,,84242,60,,,0,72,,84228,60,,,0,30,,84171,60,,,0,68,,84212,60,,,0,30,,84210,60,,,0,66,,84197,60,,,0,28,,84190,60,,,0,70,,84188,60,,,0,31,,84186,60,,,0,70,,84184,60,,,0,29,,84206,60,,,0,69,,84204,60,,,0,31,,84202,60,,,0,73,,84170,60,,,0,34,,84168,60,,,0,72,,84166,60,,,0,33,,84238,60,,,0,71,,84237,60,,,0,14,,84227,60,,,0,15,,84236,60,,,0,55,,84240,60,,,0,14,,84235,60,,,0,15,,84179,60,,,0,15,,84233,60,,,0,55,,84241,60,,,0,12,,84199,60,,,0,10,,84183,60,,,0,10,,84229,60,,,0,12,,84182,60,,,0,50,,84181,60,,,0,12,,84177,60,,,0,20,,84230,60,,,0,62,,84225,60,,,0,24,,84223,60,,,0,26,,84221,60,,,0,69,,84178,60,,,0,29,,84218,60,,,0,66,,84180,60,,,0,92,,84215,60,,,0,98,,84196,60,,,0,95,,84194,60,,,0,58,,84192,60,,,0,143,,84191,60,,,0
670400,'2_merged_15524960',701,,84289,60,,,0,28,,84263,60,,,0,80,,84264,60,,,0,33,,84265,60,,,0,77,,84267,60,,,0,32,,84268,60,,,0,70,,84269,60,,,0,27,,84270,60,,,0,72,,84266,60,,,0,30,,84262,60,,,0,71,,84291,60,,,0,30,,84271,60,,,0,68,,84294,60,,,0,29,,84296,60,,,0,72,,84298,60,,,0,32,,84300,60,,,0,71,,84302,60,,,0,32,,84304,60,,,0,70,,84306,60,,,0,29,,84277,60,,,0,70,,84309,60,,,0,30,,84311,60,,,0,72,,84286,60,,,0,31,,84312,60,,,0,69,,84243,60,,,0,28,,84244,60,,,0,68,,84284,60,,,0,24,,84247,60,,,0,99,,84250,60,,,0,91,,84252,60,,,0,107,,84255,60,,,0,96,,84257,60,,,0,114,,84259,60,,,0,155,,84260,60,,,0
670400,'3_merged_15524959',654,,84335,60,,,0,146,,84315,60,,,0,20,,84333,60,,,0,30,,84371,60,,,0,72,,84330,60,,,0,33,,84343,60,,,0,70,,84341,60,,,0,31,,84353,60,,,0,72,,84373,60,,,0,72,,84346,60,,,0,30,,84365,60,,,0,70,,84339,60,,,0,31,,84357,60,,,0,70,,84360,60,,,0,31,,84344,60,,,0,70,,84372,60,,,0,32,,84361,60,,,0,70,,84314,60,,,0,30,,84364,60,,,0,71,,84370,60,,,0,31,,84313,60,,,0,70,,84345,60,,,0,29,,84375,60,,,0,23,,84338,60,,,0,70,,84374,60,,,0,28,,84358,60,,,0,72,,84347,60,,,0,72,,84359,60,,,0,110,,84340,60,,,0,99,,84348,60,,,0,100,,84352,60,,,0,129,,84319,60,,,0,72,,84362,60,,,0
681500,'1803_merged_15524966',1912,,94665,30,,,0,100,,94664,30,,,0,100,,94663,30,,,0,100,,94662,30,,,0
681500,'1_merged_15524958',452,,94687,30,,,0,90,,94668,30,,,0,70,,94686,30,,,0,30,,94667,30,,,0,70,,94685,30,,,0,30,,94666,30,,,0,70,,94684,30,,,0,100,,94683,30,,,0,100,,94682,30,,,0,100,,94681,30,,,0,100,,94680,30,,,0,100,,94679,30,,,0,100,,94678,30,,,0,100,,94677,30,,,0,100,,94676,30,,,0,100,,94675,30,,,0,100,,94674,30,,,0,100,,94673,30,,,0,100,,94672,30,,,0,100,,94671,30,,,0,100,,94670,30,,,0,100,,94669,30,,,0
681500,'2_merged_15524960',812,,94688,30,,,0,100,,94689,30,,,0,100,,94690,30,,,0,100,,94691,30,,,0,100,,94692,30,,,0,100,,94693,30,,,0,100,,94694,30,,,0,100,,94695,30,,,0,100,,94696,30,,,0,100,,94697,30,,,0,100,,94698,30,,,0,100,,94699,30,,,0,100,,94700,30,,,0,100,,94701,30,,,0,100,,94702,30,,,0,100,,94703,30,,,0
681500,'3_merged_15524959',912,,94709,30,,,0,100,,94708,30,,,0,100,,94707,30,,,0,100,,94706,30,,,0,100,,94705,30,,,0,100,,94704,30,,,0,100,,94713,30,,,0,100,,94712,30,,,0,100,,94710,30,,,0,100,,94711,30,,,0
681601,'1_merged_15524958',802,,94804,30,,,0,100,,94803,30,,,0,100,,94802,30,,,0,100,,94801,30,,,0,100,,94800,30,,,0,100,,94799,30,,,0,100,,94798,30,,,0,100,,94812,30,,,0,100,,94811,30,,,0,100,,94810,30,,,0,100,,94809,30,,,0,100,,94808,30,,,0,100,,94807,30,,,0,100,,94806,30,,,0,100,,94805,30,,,0
681601,'2_merged_15524960',1002,,94813,30,,,0,100,,94814,30,,,0,100,,94815,30,,,0,100,,94816,30,,,0,100,,94817,30,,,0,100,,94818,30,,,0,100,,94819,30,,,0,100,,94820,30,,,0,100,,94821,30,,,0,100,,94822,30,,,0,100,,94823,30,,,0,100,,94824,30,,,0,99,,94825,30,,,0
681601,'3_merged_15524959',1000,,94834,30,,,0,100,,94833,30,,,0,100,,94832,30,,,0,100,,94831,30,,,0,100,,94835,30,,,0,100,,94830,30,,,0,100,,94829,30,,,0,100,,94828,30,,,0,100,,94827,30,,,0,100,,94826,30,,,0
2903800,'1_merged_15524958',559,,102174,39,,,0,60,,102194,39,,,0,13,,102173,40,,,0,12,,102172,39,,,0,12,,102185,40,,,0,52,,102211,40,,,0,16,,102207,39,,,0,16,,102171,40,,,0,16,,102176,40,,,0,58,,102195,40,,,0,17,,102170,40,,,0,15,,102169,40,,,0,55,,102168,40,,,0,14,,102196,40,,,0,13,,102167,40,,,0,13,,102166,40,,,0,14,,102165,40,,,0,55,,102197,40,,,0,15,,102164,40,,,0,15,,102188,40,,,0,15,,102206,40,,,0,55,,102163,40,,,0,16,,102189,40,,,0,20,,102162,40,,,0,61,,102190,40,,,0,22,,102161,40,,,0,20,,102160,40,,,0,60,,102191,40,,,0,21,,102159,40,,,0,20,,102158,40,,,0,60,,102192,40,,,0,22,,102157,40,,,0,20,,102156,40,,,0,65,,102193,39,,,0,21,,102155,39,,,0,19,,102198,40,,,0,54,,102205,40,,,0,15,,102187,40,,,0,15,,102199,40,,,0,16,,102154,40,,,0,56,,102153,40,,,0,18,,102175,40,,,0,13,,102200,40,,,0,13,,102152,40,,,0,51,,102184,40,,,0,14,,102201,40,,,0,14,,102183,40,,,0,16,,102182,40,,,0,57,,102210,39,,,0,16,,102181,40,,,0,15,,102180,40,,,0,14,,102202,40,,,0,60,,102179,40,,,0,20,,102186,40,,,0,20,,102203,40,,,0,66,,102204,40,,,0,25,,102178,40,,,0,67,,102177,40,,,0,100,,102208,40,,,0,100,,102209,40,,,0
2903800,'2_merged_15524960',721,,102259,39,,,0,11,,102255,40,,,0,16,,102254,40,,,0,55,,102227,40,,,0,18,,102241,40,,,0,20,,102228,40,,,0,60,,102229,40,,,0,21,,102242,40,,,0,21,,102230,40,,,0,60,,102231,40,,,0,20,,102243,40,,,0,21,,102232,40,,,0,60,,102233,40,,,0,20,,102244,40,,,0,21,,102234,40,,,0,60,,102235,40,,,0,22,,102245,40,,,0,21,,102236,40,,,0,60,,102237,40,,,0,20,,102246,40,,,0,20,,102238,40,,,0,60,,102239,40,,,0,21,,102247,40,,,0,20,,102240,40,,,0,60,,102212,40,,,0,19,,102248,40,,,0,21,,102213,40,,,0,60,,102214,40,,,0,20,,102249,40,,,0,20,,102215,40,,,0,60,,102216,40,,,0,21,,102250,40,,,0,20,,102217,40,,,0,60,,102218,40,,,0,19,,102251,40,,,0,19,,102219,40,,,0,60,,102220,40,,,0,20,,102252,40,,,0,18,,102221,40,,,0,60,,102256,40,,,0,20,,102222,40,,,0,20,,102253,40,,,0,60,,102223,40,,,0,20,,102224,40,,,0,17,,102225,40,,,0,59,,102226,40,,,0,99,,102257,40,,,0,58,,102258,40,,,0
2903800,'3_merged_15524959',740,,102289,39,,,0,70,,102260,39,,,0,30,,102261,40,,,0,70,,102262,40,,,0,32,,102263,40,,,0,70,,102264,40,,,0,30,,102265,40,,,0,70,,102266,40,,,0,32,,102267,40,,,0,70,,102268,40,,,0,30,,102269,40,,,0,72,,102270,40,,,0,31,,102271,40,,,0,70,,102272,40,,,0,30,,102273,40,,,0,60,,102290,39,,,0,20,,102274,40,,,0,19,,102275,40,,,0,59,,102291,39,,,0,20,,102276,40,,,0,20,,102277,40,,,0,60,,102292,40,,,0,20,,102278,40,,,0,20,,102279,40,,,0,60,,102293,40,,,0,20,,102280,40,,,0,19,,102281,40,,,0,60,,102294,40,,,0,20,,102282,40,,,0,18,,102283,40,,,0,60,,102295,40,,,0,20,,102284,40,,,0,21,,102285,40,,,0,70,,102286,40,,,0,29,,102287,40,,,0,70,,102288,40,,,0,97,,102296,40,,,0,100,,102297,40,,,0
3404501,'1_merged_15524958',722,,108926,31,,,0,100,,108925,31,,,0,100,,108924,31,,,0,100,,108923,31,,,0,100,,108922,31,,,0,100,,108921,31,,,0,100,,108920,31,,,0,100,,108919,31,,,0,100,,108918,31,,,0,100,,108917,31,,,0,100,,108916,31,,,0,100,,108915,31,,,0,100,,108914,31,,,0,100,,108913,31,,,0,100,,108912,31,,,0,96,,108911,31,,,0,104,,108910,31,,,0,100,,108927,31,,,0
3404501,'2_merged_15524960',822,,108928,31,,,0,100,,108929,31,,,0,100,,108930,31,,,0,100,,108931,31,,,0,100,,108932,31,,,0,100,,108933,31,,,0,100,,108934,31,,,0,100,,108935,31,,,0,100,,108936,31,,,0,100,,108937,31,,,0,100,,108938,31,,,0,100,,108939,31,,,0,100,,108940,31,,,0,100,,108941,31,,,0,100,,108942,31,,,0,100,,108943,31,,,0,100,,108944,31,,,0
3404501,'3_merged_15524959',922,,108950,31,,,0,100,,108949,31,,,0,100,,108948,31,,,0,100,,108947,31,,,0,100,,108946,31,,,0,100,,108945,31,,,0,100,,108958,31,,,0,100,,108957,31,,,0,100,,108951,31,,,0,100,,108955,31,,,0,100,,108954,31,,,0,100,,108956,31,,,0,100,,108953,31,,,0,100,,108952,31,,,0,100,,108959,31,,,0,100,,108960,31,,,0
