664500,'1',545,,13649,,,0,60,,13617,,,0,20,,13630,,,0,17,,13568,,,0,17,,13640,,,0,53,,13652,,,0,12,,13636,,,0,13,,13576,,,0,9,,13570,,,0,10,,13579,,,0,48,,13595,,,0,9,,13650,,,0,8,,13564,,,0,9,,13614,,,0,8,,13641,,,0,8,,13567,,,0,9,,13598,,,0,49,,13651,,,0,8,,13563,,,0,9,,13569,,,0,11,,13596,,,0,11,,13586,,,0,12,,13642,,,0,52,,13599,,,0,12,,13631,,,0,14,,13618,,,0,12,,13602,,,0,12,,13643,,,0,51,,13658,,,0,12,,13632,,,0,13,,13615,,,0,12,,13600,,,0,12,,13644,,,0,52,,13659,,,0,12,,13633,,,0,12,,13604,,,0,13,,13588,,,0,13,,13645,,,0,52,,13660,,,0,12,,13634,,,0,12,,13603,,,0,12,,13575,,,0,12,,13646,,,0,52,,13661,,,0,12,,13635,,,0,13,,13572,,,0,12,,13587,,,0,52,,13647,,,0,12,,13656,,,0,9,,13597,,,0,10,,13605,,,0,9,,13657,,,0,10,,13589,,,0,9,,13653,,,0,49,,13654,,,0,10,,13648,,,0,10,,13606,,,0,9,,13655,,,0,10,,13638,,,0,9,,13607,,,0,50,,13608,,,0,9,,13610,,,0,9,,13620,,,0,8,,13624,,,0,9,,13581,,,0,10,,13639,,,0,49,,13561,,,0,8,,13582,,,0,10,,13566,,,0,8,,13611,,,0,10,,13625,,,0,9,,13583,,,0,9,,13628,,,0,48,,13637,,,0,9,,13574,,,0,9,,13623,,,0,8,,13584,,,0,9,,13619,,,0,9,,13601,,,0,9,,13565,,,0,49,,13585,,,0,9,,13562,,,0,9,,13662,,,0,10,,13612,,,0,12,,13573,,,0,13,,13592,,,0,56,,13580,,,0,13,,13593,,,0,15,,13594,,,0,14,,13626,,,0,53,,13571,,,0,15,,13577,,,0,15,,13578,,,0,16,,13627,,,0,56,,13629,,,0,28,,13591,,,0,69,,13621,,,0,29,,13622,,,0,70,,13609,,,0,28,,13590,,,0,70,,13613,,,0,30,,13616,,,0
664500,'2',553,,13717,,,0,73,,13713,,,0,25,,13720,,,0,59,,13680,,,0,16,,13746,,,0,14,,13674,,,0,16,,13673,,,0,55,,13679,,,0,15,,13693,,,0,15,,13686,,,0,14,,13709,,,0,57,,13681,,,0,15,,13685,,,0,13,,13702,,,0,14,,13700,,,0,52,,13704,,,0,12,,13710,,,0,13,,13699,,,0,12,,13721,,,0,15,,13688,,,0,53,,13716,,,0,12,,13689,,,0,12,,13701,,,0,12,,13724,,,0,12,,13725,,,0,52,,13726,,,0,12,,13739,,,0,12,,13728,,,0,12,,13727,,,0,12,,13729,,,0,52,,13730,,,0,12,,13740,,,0,13,,13731,,,0,12,,13732,,,0,52,,13733,,,0,12,,13734,,,0,12,,13741,,,0,12,,13735,,,0,12,,13736,,,0,52,,13737,,,0,13,,13738,,,0,12,,13742,,,0,12,,13663,,,0,12,,13664,,,0,51,,13665,,,0,11,,13666,,,0,12,,13743,,,0,12,,13667,,,0,12,,13668,,,0,12,,13669,,,0,52,,13670,,,0,12,,13744,,,0,12,,13671,,,0,12,,13675,,,0,11,,13676,,,0,52,,13677,,,0,12,,13678,,,0,12,,13694,,,0,12,,13745,,,0,11,,13711,,,0,52,,13698,,,0,12,,13703,,,0,12,,13747,,,0,12,,13683,,,0,10,,13718,,,0,52,,13714,,,0,15,,13695,,,0,16,,13682,,,0,14,,13705,,,0,55,,13706,,,0,15,,13712,,,0,15,,13719,,,0,15,,13722,,,0,55,,13723,,,0,14,,13696,,,0,15,,13707,,,0,15,,13672,,,0,55,,13691,,,0,29,,13697,,,0,69,,13708,,,0,29,,13692,,,0,69,,13684,,,0,30,,13687,,,0,70,,13690,,,0,30,,13715,,,0
664500,'3',623,,13789,,,0,19,,13783,,,0,69,,13794,,,0,20,,13793,,,0,15,,13748,,,0,58,,13799,,,0,15,,13802,,,0,20,,13798,,,0,12,,13815,,,0,52,,13752,,,0,14,,13797,,,0,19,,13809,,,0,15,,13796,,,0,55,,13763,,,0,17,,13795,,,0,15,,13816,,,0,16,,13751,,,0,53,,13804,,,0,17,,13785,,,0,12,,13803,,,0,12,,13805,,,0,52,,13756,,,0,12,,13823,,,0,11,,13776,,,0,12,,13784,,,0,12,,13767,,,0,12,,13817,,,0,52,,13801,,,0,13,,13750,,,0,12,,13758,,,0,12,,13769,,,0,52,,13818,,,0,12,,13774,,,0,13,,13762,,,0,12,,13812,,,0,12,,13786,,,0,52,,13819,,,0,12,,13814,,,0,11,,13777,,,0,12,,13759,,,0,12,,13773,,,0,52,,13820,,,0,12,,13766,,,0,12,,13810,,,0,11,,13813,,,0,12,,13821,,,0,12,,13764,,,0,52,,13779,,,0,12,,13755,,,0,12,,13811,,,0,12,,13822,,,0,11,,13765,,,0,53,,13787,,,0,12,,13753,,,0,14,,13782,,,0,15,,13792,,,0,55,,13781,,,0,15,,13772,,,0,15,,13761,,,0,15,,13791,,,0,55,,13768,,,0,14,,13778,,,0,13,,13775,,,0,15,,13800,,,0,55,,13807,,,0,15,,13760,,,0,13,,13806,,,0,70,,13780,,,0,30,,13754,,,0,70,,13757,,,0,30,,13771,,,0,70,,13790,,,0,29,,13808,,,0,70,,13770,,,0,30,,13788,,,0,71,,13749,,,0
670500,'3',704,,26350,4,,0
679601,'1',622,,35253,,,0,30,,35218,,,0,70,,35219,,,0,36,,35220,,,0,72,,35221,,,0,70,,35222,,,0,28,,35223,,,0,29,,35224,,,0,68,,35225,,,0,30,,35226,,,0,72,,35227,,,0,30,,35228,,,0,73,,35229,,,0,29,,35230,,,0,70,,35231,,,0,28,,35232,,,0,70,,35233,,,0,77,,35234,,,0,35,,35235,,,0,76,,35236,,,0,30,,35237,,,0,78,,35245,,,0,36,,35246,,,0,67,,35247,,,0,32,,35248,,,0,74,,35249,,,0,70,,35250,,,0,27,,35251,,,0,28,,35252,,,0,69,,35244,,,0,26,,35243,,,0,70,,35242,,,0,30,,35241,,,0,70,,35240,,,0,30,,35239,,,0,70,,35238,,,0
679601,'2',728,,35284,,,0,30,,35285,,,0,70,,35286,,,0,30,,35282,,,0,70,,35281,,,0,30,,35280,,,0,72,,35279,,,0,70,,35278,,,0,31,,35277,,,0,70,,35276,,,0,30,,35275,,,0,70,,35274,,,0,32,,35273,,,0,77,,35272,,,0,33,,35271,,,0,76,,35270,,,0,37,,35269,,,0,74,,35268,,,0,76,,35267,,,0,34,,35266,,,0,74,,35265,,,0,37,,35264,,,0,74,,35263,,,0,32,,35262,,,0,70,,35261,,,0,30,,35260,,,0,70,,35259,,,0,30,,35258,,,0,70,,35257,,,0,30,,35256,,,0,70,,35255,,,0,30,,35254,,,0,70,,35283,,,0
679601,'3',828,,35319,,,0,30,,35317,,,0,70,,35318,,,0,30,,35316,,,0,71,,35315,,,0,71,,35314,,,0,29,,35313,,,0,27,,35312,,,0,70,,35311,,,0,30,,35310,,,0,70,,35309,,,0,32,,35308,,,0,70,,35307,,,0,30,,35306,,,0,69,,35305,,,0,30,,35304,,,0,71,,35303,,,0,72,,35302,,,0,30,,35301,,,0,70,,35300,,,0,31,,35299,,,0,69,,35298,,,0,29,,35297,,,0,30,,35296,,,0,71,,35295,,,0,29,,35294,,,0,70,,35293,,,0,30,,35292,,,0,70,,35291,,,0,30,,35290,,,0,69,,35289,,,0,30,,35288,,,0,70,,35287,,,0
683400,'1',2635,,38330,,,0,67,,38328,,,0,21,,38325,0,6 7 8,0,28,,38329,,,0,55,,38327,,,0,19,,38326,,,0,31,,38324,,,0,65,,38331,,,0
683400,'1201',2650,,38332,,,0,62,,38335,,,0,25,,38333,0,6 7 8,0,104,,38334,,,0
683400,'2',533,,38345,,,0,14,,38344,,,0,71,,38348,,,0,25,,38343,,,0,65,,38342,,,0,1904,,38349,,,0,19,,38350,,,0,20,,38347,,,0,60,,38351,,,0,15,,38340,,,0,15,,38337,,,0,15,,38339,,,0,60,,38338,,,0,21,,38341,0,6 7 8,0,20,,38336,0,6 7 8,0,64,,38346,,,0
683400,'3',537,,38361,,,0,70,,38362,,,0,15,,38363,,,0,15,,38369,,,0,15,,38368,,,0,56,,38364,,,0,24,,38352,,,0,19,,38370,,,0,54,,38365,,,0,1737,,38367,,,0,61,,38366,,,0,22,,38356,,,0,78,,38353,,,0,20,,38358,0,6 7 8,0,20,,38354,,,0,62,,38355,,,0,20,,38357,0,6 7 8,0,20,,38359,0,6 7 8,0,61,,38360,,,0
683401,'1',2507,,38373,,,0,28,,38372,,,0,72,,38371,,,0
683401,'2',2422,,38377,,,0,81,,38376,,,0,30,,38375,,,0,71,,38374,,,0
683401,'3',2506,,38378,,,0,30,,38379,,,0,70,,38380,,,0
1671901,'1',551,,41527,,,0,96,,41526,,,0,73,,41525,,,0,30,,41524,,,0,71,,41523,,,0,30,,41522,,,0,70,,41528,,,0,30,,41521,,,0,69,,41529,,,0,30,,41520,,,0,70,,41530,,,0,30,,41519,,,0,70,,41531,,,0,30,,41518,,,0,70,,41532,,,0,31,,41517,,,0,72,,41533,,,0,29,,41516,,,0,71,,41515,,,0,85,,41514,,,0,30,,41513,,,0,74,,41512,,,0,25,,41511,,,0,68,,41510,,,0,30,,41509,,,0,70,,41508,,,0,42,,41507,,,0,99,,41506,,,0,100,,41505,,,0,100,,41504,,,0,100,,41503,,,0,98,,41502,,,0,100,,41501,,,0
1671901,'2',549,,41538,,,0,95,,41539,,,0,100,,41540,,,0,102,,41541,,,0,103,,41542,,,0,100,,41543,,,0,70,,41555,,,0,32,,41537,,,0,72,,41556,,,0,32,,41544,,,0,70,,41557,,,0,28,,41545,,,0,70,,41558,,,0,30,,41546,,,0,68,,41559,,,0,30,,41547,,,0,70,,41560,,,0,30,,41548,,,0,69,,41561,,,0,31,,41549,,,0,98,,41550,,,0,98,,41551,,,0,99,,41552,,,0,100,,41553,,,0,99,,41554,,,0,100,,41534,,,0,100,,41535,,,0,98,,41536,,,0
1671901,'3',651,,41574,,,0,100,,41575,,,0,101,,41576,,,0,100,,41562,,,0,101,,41577,,,0,70,,41581,,,0,30,,41578,,,0,70,,41582,,,0,25,,41579,,,0,75,,41583,,,0,25,,41580,,,0,75,,41584,,,0,26,,41563,,,0,75,,41585,,,0,25,,41564,,,0,75,,41586,,,0,23,,41565,,,0,75,,41587,,,0,25,,41566,,,0,105,,41567,,,0,99,,41568,,,0,100,,41569,,,0,99,,41570,,,0,100,,41571,,,0,95,,41572,,,0,100,,41573,,,0
4609901,'1',603,,55765,,,0,16,,55766,,,0,15,,55767,,,0,15,,55768,,,0,55,,55769,,,0,15,,55770,,,0,12,,55771,,,0,12,,55772,,,0,12,,55835,,,0,53,,55773,,,0,14,,55774,,,0,12,,55775,,,0,12,,55776,,,0,12,,55836,,,0,52,,55777,,,0,11,,55778,,,0,15,,55779,,,0,13,,55780,,,0,55,,55781,,,0,15,,55782,,,0,15,,55783,,,0,15,,55784,,,0,55,,55785,,,0,15,,55786,,,0,15,,55787,,,0,17,,55788,,,0,55,,55789,,,0,15,,55790,,,0,15,,55791,,,0,15,,55792,,,0,55,,55793,,,0,15,,55794,,,0,15,,55795,,,0,15,,55796,,,0,55,,55797,,,0,17,,55798,,,0,15,,55799,,,0,17,,55800,,,0,55,,55801,,,0,15,,55802,,,0,15,,55803,,,0,15,,55804,,,0,55,,55805,,,0,15,,55806,,,0,12,,55807,,,0,11,,55808,,,0,10,,55837,,,0,52,,55809,,,0,13,,55810,,,0,12,,55811,,,0,10,,55812,,,0,14,,55838,,,0,52,,55813,,,0,10,,55814,,,0,12,,55815,,,0,12,,55816,,,0,12,,55839,,,0,51,,55817,,,0,12,,55818,,,0,15,,55819,,,0,14,,55820,,,0,55,,55821,,,0,14,,55822,,,0,15,,55823,,,0,15,,55824,,,0,60,,55825,,,0,20,,55826,,,0,20,,55827,,,0,60,,55828,,,0,18,,55829,,,0,20,,55830,,,0,60,,55831,,,0,20,,55832,,,0,20,,55833,,,0,60,,55834,,,0
4609901,'2',633,,55840,,,0,70,,55841,,,0,13,,55842,,,0,17,,55843,,,0,15,,55844,,,0,53,,55845,,,0,17,,55846,,,0,13,,55847,,,0,15,,55848,,,0,57,,55849,,,0,16,,55850,,,0,15,,55851,,,0,15,,55852,,,0,55,,55853,,,0,18,,55854,,,0,15,,55855,,,0,15,,55856,,,0,55,,55857,,,0,15,,55858,,,0,15,,55859,,,0,15,,55860,,,0,55,,55861,,,0,15,,55862,,,0,15,,55863,,,0,15,,55864,,,0,55,,55865,,,0,15,,55866,,,0,15,,55867,,,0,15,,55868,,,0,55,,55869,,,0,15,,55870,,,0,15,,55871,,,0,15,,55872,,,0,55,,55873,,,0,15,,55874,,,0,15,,55875,,,0,15,,55876,,,0,55,,55877,,,0,15,,55878,,,0,15,,55879,,,0,17,,55880,,,0,55,,55881,,,0,15,,55882,,,0,15,,55883,,,0,15,,55884,,,0,55,,55885,,,0,14,,55886,,,0,14,,55887,,,0,15,,55888,,,0,55,,55889,,,0,14,,55890,,,0,15,,55891,,,0,15,,55892,,,0,55,,55893,,,0,15,,55894,,,0,15,,55895,,,0,13,,55896,,,0,60,,55897,,,0,20,,55898,,,0,20,,55899,,,0,60,,55900,,,0,20,,55901,,,0,20,,55902,,,0,60,,55903,,,0,20,,55904,,,0,20,,55905,,,0,60,,55906,,,0
4609901,'3',807,,55968,,,0,15,,55907,,,0,15,,55908,,,0,15,,55909,,,0,51,,55910,,,0,15,,55911,,,0,15,,55912,,,0,15,,55913,,,0,53,,55914,,,0,16,,55915,,,0,16,,55916,,,0,15,,55917,,,0,55,,55918,,,0,15,,55919,,,0,15,,55920,,,0,17,,55921,,,0,55,,55922,,,0,15,,55923,,,0,15,,55924,,,0,15,,55925,,,0,55,,55926,,,0,15,,55927,,,0,15,,55928,,,0,15,,55929,,,0,55,,55930,,,0,13,,55931,,,0,15,,55932,,,0,15,,55933,,,0,55,,55934,,,0,15,,55935,,,0,15,,55936,,,0,15,,55937,,,0,55,,55938,,,0,15,,55939,,,0,15,,55940,,,0,15,,55941,,,0,53,,55942,,,0,17,,55943,,,0,15,,55944,,,0,15,,55945,,,0,55,,55946,,,0,16,,55947,,,0,17,,55948,,,0,15,,55949,,,0,55,,55950,,,0,14,,55951,,,0,15,,55952,,,0,13,,55953,,,0,55,,55954,,,0,15,,55955,,,0,15,,55956,,,0,15,,55957,,,0,60,,55958,,,0,20,,55959,,,0,20,,55960,,,0,60,,55961,,,0,18,,55962,,,0,18,,55963,,,0,60,,55964,,,0,20,,55965,,,0,20,,55966,,,0,60,,55967,,,0
