667900,'1',605,,21520,,,0,25,,21511,,,0,72,,21522,,,0,27,,21501,,,0,73,,21524,,,0,33,,21526,,,0,75,,21523,,,0,23,,21527,,,0,72,,21525,,,0,29,,21502,,,0,70,,21534,,,0,23,,21530,,,0,32,,21506,,,0,64,,21518,,,0,29,,21533,,,0,71,,21513,,,0,30,,21515,,,0,68,,21512,,,0,29,,21514,,,0,71,,21516,,,0,26,,21528,,,0,70,,21503,,,0,33,,21510,,,0,71,,21508,,,0,79,,21517,,,0,41,,21529,,,0,63,,21531,,,0,34,,21519,,,0,70,,21532,,,0,25,,21509,,,0,72,,21500,,,0,28,,21505,,,0,70,,21521,,,0,30,,21504,,,0
667900,'2',703,,21539,,,0,101,,21560,,,0,31,,21565,,,0,68,,21540,,,0,26,,21557,,,0,72,,21562,,,0,33,,21566,,,0,71,,21558,,,0,30,,21548,,,0,68,,21564,,,0,28,,21561,,,0,28,,21537,,,0,70,,21546,,,0,29,,21550,,,0,70,,21556,,,0,30,,21568,,,0,70,,21563,,,0,30,,21555,,,0,70,,21544,,,0,30,,21541,,,0,70,,21567,,,0,76,,21545,,,0,30,,21554,,,0,70,,21547,,,0,29,,21552,,,0,71,,21543,,,0,32,,21551,,,0,69,,21553,,,0,30,,21542,,,0,69,,21559,,,0,30,,21549,,,0
667900,'3',805,,21590,,,0,28,,21572,,,0,72,,21596,,,0,30,,21571,,,0,70,,21594,,,0,30,,21589,,,0,67,,21581,,,0,30,,21583,,,0,70,,21586,,,0,30,,21578,,,0,72,,21577,,,0,31,,21585,,,0,71,,21575,,,0,32,,21576,,,0,70,,21579,,,0,30,,21591,,,0,70,,21584,,,0,30,,21573,,,0,70,,21595,,,0,31,,21580,,,0,69,,21570,,,0,29,,21582,,,0,70,,21592,,,0,30,,21569,,,0,70,,21574,,,0,30,,21588,,,0,70,,21598,,,0,30,,21593,,,0,70,,21587,,,0,27,,21597,,,0
667901,'1',600,,21613,4,,0,25,,21614,4,,0,27,,21628,4,,0,71,,21615,4,,0,28,,21627,4,,0,79,,21607,4,,0,73,,21631,4,,0,32,,21622,4,,0,65,,21602,4,,0,28,,21621,4,,0,31,,21600,4,,0,72,,21630,4,,0,74,,21603,4,,0,30,,21618,4,,0,70,,21609,4,,0,30,,21617,4,,0,70,,21608,4,,0,30,,21620,4,,0,71,,21624,4,,0,32,,21606,4,,0,71,,21623,4,,0,28,,21601,4,,0,72,,21632,4,,0,27,,21626,4,,0,70,,21616,4,,0,30,,21612,4,,0,23,,21605,4,,0,74,,21611,4,,0,69,,21604,4,,0,24,,21599,4,,0,74,,21625,4,,0,26,,21629,4,,0,30,,21610,4,,0,72,,21619,4,,0
667901,'2',720,,21658,4,,0,103,,21640,4,,0,31,,21633,4,,0,70,,21653,4,,0,32,,21655,4,,0,73,,21645,4,,0,30,,21636,4,,0,70,,21635,4,,0,71,,21651,4,,0,30,,21637,4,,0,72,,21644,4,,0,30,,21641,4,,0,70,,21634,4,,0,31,,21652,4,,0,70,,21663,4,,0,29,,21646,4,,0,70,,21650,4,,0,31,,21643,4,,0,70,,21638,4,,0,33,,21649,4,,0,23,,21654,4,,0,70,,21662,4,,0,30,,21642,4,,0,69,,21657,4,,0,28,,21648,4,,0,70,,21660,4,,0,31,,21661,4,,0,69,,21647,4,,0,29,,21656,4,,0,70,,21639,4,,0
667901,'3',753,,21676,4,,0,70,,21666,4,,0,30,,21681,4,,0,71,,21683,4,,0,30,,21670,4,,0,71,,21688,4,,0,30,,21680,4,,0,70,,21692,4,,0,32,,21691,4,,0,70,,21664,4,,0,32,,21687,4,,0,71,,21669,4,,0,71,,21679,4,,0,30,,21682,4,,0,69,,21668,4,,0,31,,21685,4,,0,70,,21675,4,,0,30,,21686,4,,0,71,,21665,4,,0,30,,21667,4,,0,70,,21684,4,,0,29,,21671,4,,0,69,,21672,4,,0,29,,21690,4,,0,30,,21673,4,,0,68,,21678,4,,0,30,,21677,4,,0,70,,21693,4,,0,32,,21674,4,,0,68,,21689,4,,0
668000,'1',656,,21709,4,,0,101,,21698,4,,0,71,,21726,4,,0,29,,21708,4,,0,71,,21722,4,,0,20,,21728,4,,0,69,,21710,4,,0,31,,21711,4,,0,57,,21731,4,,0,16,,21727,4,,0,31,,21712,4,,0,70,,21713,4,,0,28,,21714,4,,0,71,,21715,4,,0,28,,21716,4,,0,71,,21717,4,,0,29,,21718,4,,0,70,,21719,4,,0,14,,21729,4,,0,17,,21723,4,,0,59,,21730,4,,0,12,,21724,4,,0,19,,21732,4,,0,10,,21725,4,,0,61,,21720,4,,0,11,,21694,4,,0,19,,21707,4,,0,10,,21695,4,,0,58,,21721,4,,0,13,,21696,4,,0,10,,21701,4,,0,15,,21697,4,,0,59,,21702,4,,0,20,,21706,4,,0,102,,21704,4,,0,99,,21699,4,,0,102,,21700,4,,0,99,,21705,4,,0,100,,21703,4,,0
668000,'2',655,,21779,4,,0,103,,21735,4,,0,100,,21780,4,,0,66,,21739,4,,0,15,,21760,4,,0,16,,21778,4,,0,56,,21759,4,,0,16,,21738,4,,0,15,,21758,4,,0,15,,21734,4,,0,55,,21757,4,,0,15,,21770,4,,0,15,,21756,4,,0,15,,21776,4,,0,55,,21755,4,,0,17,,21769,4,,0,15,,21754,4,,0,14,,21740,4,,0,55,,21753,4,,0,16,,21774,4,,0,15,,21752,4,,0,57,,21767,4,,0,15,,21751,4,,0,16,,21772,4,,0,15,,21750,4,,0,55,,21768,4,,0,15,,21749,4,,0,15,,21771,4,,0,16,,21748,4,,0,56,,21742,4,,0,15,,21747,4,,0,15,,21781,4,,0,15,,21763,4,,0,52,,21766,4,,0,15,,21746,4,,0,16,,21777,4,,0,15,,21745,4,,0,55,,21737,4,,0,15,,21744,4,,0,14,,21764,4,,0,15,,21743,4,,0,54,,21741,4,,0,28,,21765,4,,0,101,,21773,4,,0,101,,21733,4,,0,98,,21782,4,,0,99,,21762,4,,0,98,,21775,4,,0
668000,'3',857,,21800,4,,0,70,,21805,4,,0,15,,21792,4,,0,15,,21799,4,,0,55,,21797,4,,0,16,,21807,4,,0,15,,21796,4,,0,13,,21808,4,,0,57,,21795,4,,0,16,,21815,4,,0,15,,21794,4,,0,56,,21804,4,,0,15,,21793,4,,0,17,,21788,4,,0,15,,21798,4,,0,54,,21810,4,,0,15,,21786,4,,0,15,,21819,4,,0,19,,21785,4,,0,53,,21811,4,,0,15,,21784,4,,0,14,,21817,4,,0,15,,21783,4,,0,55,,21790,4,,0,14,,21828,4,,0,16,,21789,4,,0,13,,21827,4,,0,57,,21812,4,,0,15,,21826,4,,0,17,,21806,4,,0,14,,21825,4,,0,55,,21787,4,,0,16,,21824,4,,0,15,,21820,4,,0,15,,21823,4,,0,55,,21813,4,,0,15,,21822,4,,0,10,,21803,4,,0,14,,21821,4,,0,15,,21801,4,,0,70,,21802,4,,0,101,,21818,4,,0,100,,21814,4,,0,98,,21809,4,,0,99,,21791,4,,0
668001,'1',657,,21864,,,0,69,,21844,,,0,30,,21865,,,0,80,,21843,,,0,72,,21832,,,0,22,,21833,,,0,26,,21834,,,0,69,,21829,,,0,31,,21830,,,0,66,,21831,,,0,35,,21835,,,0,70,,21836,,,0,28,,21837,,,0,72,,21838,,,0,27,,21839,,,0,71,,21840,,,0,29,,21849,,,0,57,,21857,,,0,13,,21856,,,0,14,,21858,,,0,17,,21845,,,0,59,,21859,,,0,12,,21854,,,0,16,,21860,,,0,13,,21842,,,0,59,,21861,,,0,13,,21841,,,0,19,,21862,,,0,11,,21866,,,0,57,,21863,,,0,13,,21852,,,0,15,,21868,,,0,15,,21867,,,0,74,,21851,,,0,101,,21853,,,0,101,,21847,,,0,102,,21846,,,0,100,,21848,,,0,99,,21855,,,0
668001,'2',630,,21915,,,0,100,,21878,,,0,98,,21875,,,0,31,,21913,,,0,70,,21910,,,0,16,,21905,,,0,55,,21877,,,0,15,,21904,,,0,15,,21911,,,0,15,,21903,,,0,55,,21876,,,0,15,,21909,,,0,15,,21917,,,0,15,,21902,,,0,55,,21879,,,0,15,,21901,,,0,15,,21912,,,0,15,,21900,,,0,55,,21874,,,0,15,,21899,,,0,15,,21881,,,0,14,,21893,,,0,15,,21872,,,0,55,,21898,,,0,15,,21880,,,0,14,,21897,,,0,16,,21889,,,0,55,,21907,,,0,15,,21908,,,0,14,,21895,,,0,15,,21888,,,0,54,,21896,,,0,16,,21873,,,0,14,,21894,,,0,15,,21891,,,0,55,,21887,,,0,15,,21918,,,0,15,,21869,,,0,15,,21870,,,0,55,,21892,,,0,15,,21886,,,0,31,,21916,,,0,71,,21885,,,0,101,,21884,,,0,102,,21883,,,0,102,,21882,,,0,100,,21914,,,0,98,,21871,,,0
668001,'3',903,,21956,,,0,30,,21945,,,0,15,,21949,,,0,53,,21955,,,0,17,,21948,,,0,15,,21919,,,0,15,,21947,,,0,52,,21935,,,0,18,,21934,,,0,14,,21928,,,0,15,,21946,,,0,54,,21957,,,0,16,,21933,,,0,15,,21936,,,0,15,,21925,,,0,54,,21920,,,0,15,,21924,,,0,15,,21937,,,0,15,,21923,,,0,54,,21938,,,0,16,,21922,,,0,15,,21954,,,0,15,,21961,,,0,11,,21932,,,0,57,,21960,,,0,14,,21958,,,0,16,,21959,,,0,56,,21926,,,0,16,,21944,,,0,15,,21927,,,0,15,,21943,,,0,55,,21939,,,0,15,,21942,,,0,15,,21950,,,0,15,,21941,,,0,55,,21953,,,0,15,,21940,,,0,16,,21952,,,0,70,,21921,,,0,32,,21931,,,0,100,,21930,,,0,100,,21951,,,0,98,,21929,,,0
668600,'1',816,,22686,4,,0,829,,22691,4,,0,64,,22690,4,,0,44,,22689,4,,0,72,,22687,4,,0,30,,22688,4,,0
668601,'1',626,,22693,,,0,20,,22695,,,0,95,,22694,,,0,85,,22692,,,0
