667200,'1_merged_15529700',549,,136642,2,,,0,51,,136643,2,,,0,16,,136648,14,,,0,7,,136653,14,,,0,16,,136626,14,,,0,14,,136647,14,,,0,61,,136633,14,,,0,18,,136669,14,,,0,15,,136656,14,,,0,53,,136657,14,,,0,23,,136668,14,,,0,12,,136646,14,,,0,13,,136627,14,,,0,59,,136634,14,,,0,19,,136649,14,,,0,22,,136631,14,,,0,70,,136636,14,,,0,30,,136632,14,,,0,69,,136664,14,,,0,30,,136638,14,,,0,71,,136660,14,,,0,29,,136670,14,,,0,70,,136667,14,,,0,30,,136639,14,,,0,65,,136661,14,,,0,30,,136645,14,,,0,73,,136644,14,,,0,27,,136628,14,,,0,65,,136663,14,,,0,10,,136641,14,,,0,11,,136658,14,,,0,15,,136671,14,,,0,61,,136654,14,,,0,19,,136630,14,,,0,23,,136637,14,,,0,9,,136640,14,,,0,58,,136652,14,,,0,4,,136655,14,,,0,19,,136650,14,,,0,22,,136666,14,,,0,48,,136635,14,,,0,18,,136629,14,,,0,11,,136665,14,,,0,18,,136659,14,,,0,70,,136651,14,,,0
667200,'2_merged_15529702',546,,136691,2,,,0,70,,136682,2,,,0,30,,136681,2,,,0,70,,136694,14,,,0,30,,136680,14,,,0,70,,136692,14,,,0,30,,136678,14,,,0,70,,136690,14,,,0,30,,136686,14,,,0,70,,136683,14,,,0,30,,136687,14,,,0,71,,136673,14,,,0,30,,136695,14,,,0,70,,136696,14,,,0,31,,136697,14,,,0,68,,136698,14,,,0,30,,136699,14,,,0,70,,136700,14,,,0,19,,136676,14,,,0,20,,136693,14,,,0,61,,136675,14,,,0,19,,136701,14,,,0,21,,136702,14,,,0,60,,136703,14,,,0,21,,136704,14,,,0,20,,136677,14,,,0,60,,136674,14,,,0,20,,136679,14,,,0,21,,136688,14,,,0,59,,136707,14,,,0,20,,136684,14,,,0,18,,136706,14,,,0,69,,136689,14,,,0,30,,136685,14,,,0,75,,136705,14,,,0
667200,'3_merged_15529701',718,,136726,2,,,0,30,,136720,14,,,0,70,,136713,14,,,0,30,,136711,14,,,0,70,,136716,14,,,0,30,,136715,14,,,0,70,,136730,14,,,0,30,,136719,14,,,0,70,,136718,14,,,0,30,,136727,14,,,0,70,,136725,14,,,0,30,,136724,14,,,0,71,,136717,14,,,0,31,,136722,14,,,0,70,,136708,14,,,0,30,,136714,14,,,0,71,,136733,14,,,0,30,,136732,14,,,0,70,,136723,14,,,0,30,,136721,14,,,0,70,,136710,14,,,0,30,,136729,14,,,0,70,,136712,14,,,0,31,,136728,14,,,0,70,,136709,14,,,0,30,,136731,14,,,0,70,,136734,14,,,0
667300,'101_merged_15529707',814,,136842,2,,,0,825,,136841,14,,,0,88,,136840,14,,,0
667300,'1_merged_15529700',525,,136873,2,,,0,75,,136881,2,,,0,20,,136872,2,,,0,11,,136882,2,,,0,27,,136871,2,,,0,62,,136870,2,,,0,221,,136867,2,,,0,65,,136866,2,,,0,29,,136865,14,,,0,70,,136857,14,,,0,28,,136856,14,,,0,68,,136855,14,,,0,32,,136854,14,,,0,70,,136853,14,,,0,30,,136874,14,,,0,20,,136852,14,,,0,79,,136851,14,,,0,26,,136850,14,,,0,69,,136869,14,,,0,28,,136860,14,,,0,46,,136868,14,,,0,15,,136864,14,,,0,36,,136859,14,,,0,61,,136858,14,,,0,28,,136863,14,,,0,16,,136877,14,,,0,53,,136862,14,,,0,15,,136848,14,,,0,29,,136861,14,,,0,71,,136876,2,,,0,30,,136885,2,,,0,70,,136879,2,,,0,31,,136886,2,,,0,71,,136849,2,,,0,98,,136878,2,,,0,100,,136880,2,,,0,100,,136847,2,,,0,96,,136875,2,,,0
667300,'201',1639,,136888,14,,,0,88,,136889,14,,,0
667300,'2_merged_15529702',620,,136890,2,,,0,99,,136891,2,,,0,102,,136892,2,,,0,105,,136893,2,,,0,18,,136894,2,,,0,57,,136924,2,,,0,20,,136895,2,,,0,20,,136896,14,,,0,60,,136897,14,,,0,20,,136925,14,,,0,20,,136912,14,,,0,60,,136898,14,,,0,20,,136926,14,,,0,20,,136913,14,,,0,60,,136899,14,,,0,20,,136927,14,,,0,20,,136914,14,,,0,60,,136900,14,,,0,21,,136928,14,,,0,19,,136901,14,,,0,60,,136932,14,,,0,20,,136915,14,,,0,20,,136902,14,,,0,60,,136929,14,,,0,20,,136916,14,,,0,20,,136903,14,,,0,60,,136930,14,,,0,20,,136917,14,,,0,20,,136918,14,,,0,60,,136931,14,,,0,20,,136919,14,,,0,22,,136911,14,,,0,72,,136904,14,,,0,34,,136920,2,,,0,70,,136905,2,,,0,30,,136921,2,,,0,72,,136906,2,,,0,29,,136923,2,,,0,71,,136907,2,,,0,29,,136922,2,,,0,71,,136908,2,,,0,100,,136909,2,,,0,101,,136910,2,,,0
667300,'3_merged_15529701',654,,136933,2,,,0,94,,136934,2,,,0,71,,136976,2,,,0,20,,136962,2,,,0,61,,136977,2,,,0,20,,136953,14,,,0,22,,136955,14,,,0,60,,136968,14,,,0,20,,136935,14,,,0,20,,136936,14,,,0,61,,136952,14,,,0,19,,136969,14,,,0,20,,136937,14,,,0,60,,136961,14,,,0,20,,136970,14,,,0,20,,136938,14,,,0,60,,136960,14,,,0,19,,136971,14,,,0,21,,136939,14,,,0,59,,136959,14,,,0,20,,136972,14,,,0,21,,136940,14,,,0,60,,136958,14,,,0,20,,136973,14,,,0,20,,136941,14,,,0,60,,136974,14,,,0,20,,136957,14,,,0,20,,136942,14,,,0,60,,136975,14,,,0,20,,136956,14,,,0,20,,136943,14,,,0,60,,136944,14,,,0,25,,136954,14,,,0,28,,136965,14,,,0,71,,136945,2,,,0,30,,136963,2,,,0,70,,136946,2,,,0,30,,136964,2,,,0,70,,136947,2,,,0,30,,136966,2,,,0,70,,136948,2,,,0,30,,136967,2,,,0,70,,136949,2,,,0,100,,136950,2,,,0,100,,136951,2,,,0
1671700,'1_merged_15529700',2055,,158182,24,,,0,70,,158181,24,,,0,28,,158180,24,,,0,68,,158179,24,,,0,28,,158178,24,,,0,70,,158177,24,,,0,30,,158176,24,,,0,69,,158175,24,,,0,30,,158173,24,,,0,69,,158174,24,,,0
1671700,'2_merged_15529702',2049,,158191,24,,,0,72,,158190,24,,,0,30,,158189,24,,,0,71,,158188,24,,,0,30,,158187,24,,,0,69,,158183,24,,,0,30,,158186,24,,,0,69,,158185,24,,,0,99,,158184,24,,,0
1671700,'3_merged_15529701',2052,,158199,24,,,0,70,,158198,24,,,0,28,,158197,24,,,0,71,,158196,24,,,0,31,,158195,24,,,0,69,,158194,24,,,0,30,,158193,24,,,0,65,,158192,24,,,0,30,,158201,24,,,0,69,,158200,24,,,0
2263900,'1_merged_15529700',546,,160296,2,,,0,70,,160297,2,,,0,30,,160298,2,,,0,70,,160299,2,,,0,30,,160300,2,,,0,70,,160301,2,,,0,30,,160302,2,,,0,70,,160303,2,,,0,30,,160304,2,,,0,70,,160305,2,,,0,30,,160306,2,,,0,70,,160307,2,,,0,30,,160308,2,,,0,70,,160309,2,,,0,30,,160310,2,,,0,70,,160311,2,,,0,30,,160312,2,,,0,70,,160313,2,,,0,30,,160314,2,,,0,70,,160315,2,,,0,30,,160316,2,,,0,70,,160317,2,,,0,30,,160318,2,,,0,70,,160319,2,,,0,30,,160320,2,,,0,70,,160321,2,,,0,30,,160322,2,,,0,70,,160323,2,,,0,100,,160324,2,,,0
2263900,'2_merged_15529702',616,,160325,2,,,0,30,,160326,2,,,0,70,,160327,2,,,0,30,,160328,2,,,0,70,,160329,2,,,0,30,,160330,2,,,0,70,,160331,2,,,0,30,,160332,2,,,0,70,,160333,2,,,0,30,,160334,2,,,0,70,,160335,2,,,0,30,,160336,2,,,0,55,,160337,2,,,0,15,,160338,2,,,0,15,,160339,2,,,0,15,,160340,2,,,0,55,,160341,2,,,0,15,,160342,2,,,0,15,,160343,2,,,0,15,,160344,2,,,0,55,,160345,2,,,0,15,,160346,2,,,0,15,,160347,2,,,0,15,,160348,2,,,0,55,,160349,2,,,0,15,,160350,2,,,0,15,,160351,2,,,0,15,,160352,2,,,0,55,,160353,2,,,0,15,,160354,2,,,0,15,,160355,2,,,0,15,,160356,2,,,0,55,,160357,2,,,0,15,,160358,2,,,0,15,,160359,2,,,0,15,,160360,2,,,0,55,,160361,2,,,0,15,,160362,2,,,0,15,,160363,2,,,0,15,,160364,2,,,0,55,,160365,2,,,0,15,,160366,2,,,0,15,,160367,2,,,0,85,,160368,2,,,0
2263900,'3_merged_15529701',746,,160369,2,,,0,70,,160370,2,,,0,30,,160371,2,,,0,70,,160372,2,,,0,30,,160373,2,,,0,70,,160374,2,,,0,30,,160375,2,,,0,70,,160376,2,,,0,30,,160377,2,,,0,55,,160378,2,,,0,15,,160379,2,,,0,15,,160380,2,,,0,15,,160381,2,,,0,55,,160382,2,,,0,15,,160383,2,,,0,15,,160384,2,,,0,15,,160385,2,,,0,55,,160386,2,,,0,15,,160387,2,,,0,15,,160388,2,,,0,15,,160389,2,,,0,55,,160390,2,,,0,15,,160391,2,,,0,15,,160392,2,,,0,15,,160393,2,,,0,55,,160394,2,,,0,15,,160395,2,,,0,15,,160396,2,,,0,15,,160397,2,,,0,55,,160398,2,,,0,15,,160399,2,,,0,15,,160400,2,,,0,15,,160401,2,,,0,55,,160402,2,,,0,15,,160403,2,,,0,15,,160404,2,,,0,15,,160405,2,,,0,55,,160406,2,,,0,15,,160407,2,,,0,15,,160408,2,,,0,85,,160409,2,,,0
3930700,'1_merged_15529700',544,,173627,2,,,0,15,,173628,2,,,0,51,,173629,2,,,0,18,,173630,2,,,0,16,,173631,2,,,0,15,,173632,2,,,0,49,,173633,2,,,0,9,,173634,2,,,0,9,,173635,2,,,0,10,,173636,2,,,0,9,,173637,2,,,0,5,,173638,2,,,0,5,,173639,2,,,0,45,,173640,2,,,0,6,,173641,2,,,0,5,,173728,2,,,0,5,,173642,2,,,0,6,,173643,2,,,0,5,,173644,2,,,0,4,,173645,2,,,0,6,,173646,2,,,0,9,,173647,2,,,0,6,,173648,2,,,0,5,,173649,2,,,0,45,,173650,2,,,0,11,,173651,2,,,0,9,,173652,2,,,0,10,,173653,2,,,0,11,,173654,2,,,0,10,,173655,2,,,0,50,,173656,2,,,0,10,,173657,2,,,0,10,,173658,2,,,0,10,,173659,2,,,0,9,,173660,2,,,0,10,,173661,2,,,0,50,,173662,2,,,0,11,,173663,2,,,0,10,,173664,2,,,0,10,,173665,2,,,0,9,,173666,2,,,0,10,,173667,2,,,0,50,,173668,2,,,0,10,,173669,2,,,0,10,,173670,2,,,0,10,,173671,2,,,0,10,,173672,2,,,0,10,,173673,2,,,0,50,,173674,2,,,0,10,,173675,2,,,0,10,,173676,2,,,0,10,,173677,2,,,0,10,,173678,2,,,0,10,,173679,2,,,0,50,,173680,2,,,0,11,,173681,2,,,0,10,,173682,2,,,0,10,,173683,2,,,0,9,,173684,2,,,0,12,,173685,2,,,0,49,,173686,2,,,0,11,,173687,2,,,0,10,,173688,2,,,0,10,,173689,2,,,0,10,,173690,2,,,0,10,,173691,2,,,0,50,,173692,2,,,0,10,,173693,2,,,0,10,,173694,2,,,0,10,,173695,2,,,0,10,,173696,2,,,0,10,,173697,2,,,0,50,,173698,2,,,0,10,,173699,2,,,0,10,,173700,2,,,0,10,,173701,2,,,0,10,,173702,2,,,0,9,,173703,2,,,0,51,,173704,2,,,0,11,,173705,2,,,0,18,,173706,2,,,0,16,,173707,2,,,0,54,,173708,2,,,0,15,,173709,2,,,0,15,,173710,2,,,0,15,,173711,2,,,0,55,,173712,2,,,0,15,,173713,2,,,0,15,,173714,2,,,0,14,,173715,2,,,0,56,,173716,2,,,0,14,,173717,2,,,0,15,,173718,2,,,0,14,,173719,2,,,0,56,,173720,2,,,0,15,,173721,2,,,0,30,,173722,2,,,0,69,,173723,2,,,0,30,,173724,2,,,0,70,,173725,2,,,0,30,,173726,2,,,0,70,,173727,2,,,0
3930700,'2_merged_15529702',618,,173729,2,,,0,30,,173730,2,,,0,71,,173731,2,,,0,30,,173732,2,,,0,70,,173733,2,,,0,30,,173734,2,,,0,70,,173735,2,,,0,30,,173736,2,,,0,70,,173737,2,,,0,31,,173738,2,,,0,69,,173739,2,,,0,29,,173740,2,,,0,72,,173741,2,,,0,30,,173742,2,,,0,70,,173743,2,,,0,30,,173744,2,,,0,70,,173745,2,,,0,30,,173746,2,,,0,69,,173747,2,,,0,31,,173748,2,,,0,71,,173749,2,,,0,30,,173750,2,,,0,69,,173751,2,,,0,30,,173752,2,,,0,70,,173753,2,,,0,30,,173754,2,,,0,70,,173755,2,,,0,29,,173756,2,,,0,70,,173757,2,,,0,30,,173758,2,,,0,70,,173759,2,,,0,30,,173760,2,,,0,70,,173761,2,,,0,29,,173762,2,,,0,71,,173763,2,,,0,30,,173764,2,,,0,71,,173765,2,,,0,31,,173766,2,,,0,67,,173767,2,,,0
3930700,'3_merged_15529701',748,,173768,2,,,0,69,,173769,2,,,0,30,,173770,2,,,0,72,,173771,2,,,0,30,,173772,2,,,0,70,,173773,2,,,0,28,,173774,2,,,0,73,,173775,2,,,0,30,,173776,2,,,0,70,,173777,2,,,0,30,,173778,2,,,0,70,,173779,2,,,0,30,,173780,2,,,0,70,,173781,2,,,0,30,,173782,2,,,0,68,,173783,2,,,0,32,,173784,2,,,0,70,,173785,2,,,0,30,,173786,2,,,0,67,,173787,2,,,0,30,,173788,2,,,0,70,,173789,2,,,0,29,,173790,2,,,0,71,,173791,2,,,0,30,,173792,2,,,0,70,,173793,2,,,0,31,,173794,2,,,0,70,,173795,2,,,0,31,,173796,2,,,0,72,,173797,2,,,0,27,,173798,2,,,0,74,,173799,2,,,0,25,,173800,2,,,0,71,,173801,2,,,0,30,,173802,2,,,0,69,,173803,2,,,0
