3004200,'2_merged_15529702',813,,162480,11,,,0,35,,162481,11,,,0,75,,162482,11,,,0,35,,162483,11,,,0,75,,162484,11,,,0,74,,162485,11,,,0,35,,162486,11,,,0,76,,162487,11,,,0,36,,162488,11,,,0,74,,162489,11,,,0,75,,162490,11,,,0,35,,162491,11,,,0,75,,162492,11,,,0,35,,162493,11,,,0,76,,162494,11,,,0,34,,162495,11,,,0,74,,162496,11,,,0,73,,162497,11,,,0,34,,162498,11,,,0
3004200,'3_merged_15529701',812,,162499,11,,,0,35,,162500,11,,,0,75,,162501,11,,,0,35,,162502,11,,,0,75,,162503,11,,,0,76,,162504,11,,,0,35,,162505,11,,,0,75,,162506,11,,,0,35,,162507,11,,,0,75,,162508,11,,,0,75,,162509,11,,,0,35,,162510,11,,,0,75,,162511,11,,,0,34,,162512,11,,,0,75,,162513,11,,,0,35,,162514,11,,,0,75,,162515,11,,,0,72,,162516,11,,,0,34,,162517,11,,,0
3004500,'1_merged_15529700',611,,163053,19,,,0,31,,163054,19,,,0,64,,163055,19,,,0,34,,163057,19,,,0,63,,163029,19,,,0,30,,163030,19,,,0,70,,163031,19,,,0,25,,163032,19,,,0,75,,163047,19,,,0,30,,163033,19,,,0,70,,163048,19,,,0,30,,163034,19,,,0,70,,163049,19,,,0,30,,163035,19,,,0,70,,163050,19,,,0,31,,163036,19,,,0,70,,163051,19,,,0,25,,163037,19,,,0,30,,163052,19,,,0,69,,163038,19,,,0,26,,163039,19,,,0,81,,163040,19,,,0,70,,163041,19,,,0,30,,163045,19,,,0,79,,163046,19,,,0,17,,163056,19,,,0,72,,163042,19,,,0,39,,163043,19,,,0,100,,163044,19,,,0
3004500,'2_merged_15529702',826,,163070,19,,,0,30,,163071,19,,,0,70,,163069,19,,,0,30,,163072,19,,,0,71,,163068,19,,,0,30,,163073,19,,,0,70,,163067,19,,,0,30,,163074,19,,,0,65,,163066,19,,,0,35,,163075,19,,,0,72,,163065,19,,,0,30,,163076,19,,,0,69,,163064,19,,,0,30,,163077,19,,,0,70,,163063,19,,,0,30,,163078,19,,,0,70,,163062,19,,,0,30,,163079,19,,,0,71,,163061,19,,,0,30,,163080,19,,,0,70,,163060,19,,,0,25,,163081,19,,,0,75,,163059,19,,,0,30,,163082,19,,,0,70,,163058,19,,,0
3004500,'3_merged_15529701',826,,163095,19,,,0,30,,163096,19,,,0,70,,163094,19,,,0,31,,163097,19,,,0,70,,163093,19,,,0,30,,163098,19,,,0,70,,163092,19,,,0,30,,163099,19,,,0,67,,163091,19,,,0,33,,163100,19,,,0,72,,163090,19,,,0,29,,163101,19,,,0,71,,163089,19,,,0,30,,163102,19,,,0,70,,163088,19,,,0,30,,163103,19,,,0,70,,163087,19,,,0,30,,163104,19,,,0,70,,163086,19,,,0,30,,163105,19,,,0,68,,163085,19,,,0,30,,163106,19,,,0,70,,163084,19,,,0,30,,163107,19,,,0,70,,163083,19,,,0
3004600,'101_merged_15529707',1617,,163189,13,,,0
3004600,'1_merged_15529700',436,,163196,13,,,0,74,,163197,13,,,0,17,,163198,13,,,0,18,,163194,13,,,0,12,,163226,13,,,0,55,,163227,13,,,0,14,,163228,13,,,0,16,,163229,13,,,0,12,,163195,13,,,0,59,,163222,13,,,0,16,,163223,13,,,0,15,,163224,13,,,0,57,,163225,13,,,0,15,,163193,13,,,0,19,,163246,13,,,0,19,,163230,13,,,0,63,,163231,13,,,0,23,,163232,13,,,0,70,,163233,13,,,0,30,,163234,13,,,0,70,,163235,13,,,0,30,,163236,13,,,0,71,,163237,13,,,0,29,,163238,13,,,0,70,,163239,13,,,0,32,,163240,13,,,0,67,,163241,13,,,0,31,,163242,13,,,0,73,,163243,13,,,0,22,,163245,13,,,0,13,,163244,13,,,0,57,,163190,13,,,0,30,,163219,13,,,0,15,,163220,13,,,0,56,,163221,13,,,0,14,,163191,13,,,0,16,,163213,13,,,0,14,,163214,13,,,0,52,,163215,13,,,0,14,,163216,13,,,0,22,,163217,13,,,0,66,,163218,13,,,0,21,,163192,13,,,0,23,,163211,13,,,0,64,,163212,13,,,0,29,,163199,13,,,0,70,,163200,13,,,0,30,,163210,13,,,0,69,,163201,13,,,0,30,,163202,13,,,0,70,,163209,13,,,0,30,,163203,13,,,0,70,,163204,13,,,0,30,,163208,13,,,0,70,,163205,13,,,0,30,,163206,13,,,0,70,,163207,13,,,0
3004600,'201',1617,,163247,13,,,0
3004600,'2_merged_15529702',545,,163272,13,,,0,70,,163273,13,,,0,30,,163274,13,,,0,70,,163275,13,,,0,30,,163276,13,,,0,71,,163277,13,,,0,31,,163278,13,,,0,70,,163279,13,,,0,30,,163288,13,,,0,70,,163289,13,,,0,30,,163248,13,,,0,70,,163249,13,,,0,30,,163250,13,,,0,71,,163251,13,,,0,30,,163252,13,,,0,70,,163253,13,,,0,30,,163254,13,,,0,70,,163255,13,,,0,30,,163256,13,,,0,70,,163257,13,,,0,30,,163258,13,,,0,70,,163259,13,,,0,30,,163260,13,,,0,70,,163280,13,,,0,30,,163261,13,,,0,70,,163262,13,,,0,29,,163263,13,,,0,70,,163264,13,,,0,30,,163265,13,,,0,69,,163266,13,,,0,30,,163267,13,,,0,70,,163268,13,,,0,30,,163269,13,,,0,70,,163270,13,,,0,30,,163271,13,,,0,69,,163281,13,,,0,30,,163282,13,,,0,70,,163283,13,,,0,30,,163284,13,,,0,70,,163285,13,,,0,30,,163286,13,,,0,70,,163287,13,,,0
3004600,'3_merged_15529701',545,,163306,13,,,0,70,,163308,13,,,0,30,,163309,13,,,0,71,,163310,13,,,0,30,,163311,13,,,0,71,,163312,13,,,0,30,,163313,13,,,0,70,,163314,13,,,0,30,,163315,13,,,0,70,,163316,13,,,0,30,,163317,13,,,0,70,,163318,13,,,0,30,,163319,13,,,0,70,,163320,13,,,0,30,,163321,13,,,0,71,,163322,13,,,0,30,,163323,13,,,0,70,,163324,13,,,0,30,,163325,13,,,0,70,,163326,13,,,0,30,,163327,13,,,0,70,,163328,13,,,0,30,,163329,13,,,0,70,,163307,13,,,0,30,,163292,13,,,0,70,,163293,13,,,0,29,,163294,13,,,0,70,,163295,13,,,0,29,,163296,13,,,0,70,,163290,13,,,0,30,,163291,13,,,0,69,,163297,13,,,0,30,,163298,13,,,0,70,,163299,13,,,0,30,,163300,13,,,0,70,,163301,13,,,0,30,,163302,13,,,0,70,,163303,13,,,0,30,,163304,13,,,0,70,,163305,13,,,0
