666700,'1',609,,19301,36,,,0,20,,19339,36,,,0,22,,19273,36,,,0,60,,19274,36,,,0,22,,19275,36,,,0,18,,19276,36,,,0,53,,19277,36,,,0,13,,19278,36,,,0,15,,19279,36,,,0,13,,19343,36,,,0,14,,19344,36,,,0,56,,19280,36,,,0,15,,19281,36,,,0,16,,19282,36,,,0,55,,19283,36,,,0,15,,19284,36,,,0,15,,19285,36,,,0,14,,19286,36,,,0,55,,19342,36,,,0,16,,19302,36,,,0,15,,19303,36,,,0,16,,19338,36,,,0,55,,19287,36,,,0,17,,19288,36,,,0,14,,19289,36,,,0,16,,19290,36,,,0,55,,19291,36,,,0,14,,19292,36,,,0,15,,19293,36,,,0,15,,19341,36,,,0,55,,19304,36,,,0,17,,19305,36,,,0,16,,19337,36,,,0,16,,19294,36,,,0,55,,19295,36,,,0,18,,19296,36,,,0,14,,19297,36,,,0,17,,19298,36,,,0,56,,19299,36,,,0,18,,19300,36,,,0,14,,19340,36,,,0,56,,19306,36,,,0,13,,19307,36,,,0,18,,19336,36,,,0,13,,19308,36,,,0,12,,19309,36,,,0,54,,19310,36,,,0,13,,19311,36,,,0,16,,19312,36,,,0,17,,19313,36,,,0,46,,19314,36,,,0,14,,19315,36,,,0,15,,19335,36,,,0,13,,19331,36,,,0,15,,19332,36,,,0,55,,19333,36,,,0,13,,19325,36,,,0,14,,19326,36,,,0,15,,19327,36,,,0,54,,19328,36,,,0,15,,19329,36,,,0,13,,19330,36,,,0,15,,19334,36,,,0,55,,19316,36,,,0,28,,19317,36,,,0,70,,19318,36,,,0,30,,19319,36,,,0,70,,19320,36,,,0,29,,19321,36,,,0,70,,19322,36,,,0,30,,19323,36,,,0,71,,19324,36,,,0
666700,'2',710,,19354,36,,,0,27,,19355,36,,,0,22,,19356,36,,,0,63,,19357,36,,,0,24,,19358,36,,,0,56,,19359,36,,,0,15,,19360,36,,,0,16,,19361,36,,,0,15,,19362,36,,,0,56,,19363,36,,,0,14,,19364,36,,,0,18,,19365,36,,,0,14,,19366,36,,,0,54,,19367,36,,,0,15,,19368,36,,,0,20,,19369,36,,,0,15,,19370,36,,,0,55,,19371,36,,,0,15,,19372,36,,,0,14,,19373,36,,,0,16,,19374,36,,,0,55,,19375,36,,,0,15,,19376,36,,,0,15,,19377,36,,,0,17,,19378,36,,,0,54,,19379,36,,,0,14,,19380,36,,,0,14,,19381,36,,,0,15,,19382,36,,,0,55,,19383,36,,,0,15,,19384,36,,,0,17,,19385,36,,,0,15,,19386,36,,,0,55,,19387,36,,,0,15,,19388,36,,,0,15,,19389,36,,,0,15,,19353,36,,,0,54,,19390,36,,,0,15,,19391,36,,,0,9,,19392,36,,,0,19,,19393,36,,,0,56,,19394,36,,,0,15,,19395,36,,,0,15,,19396,36,,,0,15,,19397,36,,,0,53,,19400,36,,,0,14,,19352,36,,,0,15,,19401,36,,,0,15,,19402,36,,,0,6,,19403,36,,,0,62,,19399,36,,,0,11,,19404,36,,,0,18,,19405,36,,,0,53,,19406,36,,,0,17,,19398,36,,,0,14,,19407,36,,,0,20,,19408,36,,,0,56,,19409,36,,,0,31,,19410,36,,,0,70,,19345,36,,,0,28,,19346,36,,,0,75,,19347,36,,,0,29,,19348,36,,,0,70,,19349,36,,,0,25,,19350,36,,,0,70,,19351,36,,,0
666700,'3',828,,19411,36,,,0,16,,19413,36,,,0,15,,19414,36,,,0,56,,19415,36,,,0,18,,19423,36,,,0,16,,19416,36,,,0,54,,19417,36,,,0,14,,19419,36,,,0,15,,19420,36,,,0,12,,19424,36,,,0,15,,19425,36,,,0,56,,19426,36,,,0,15,,19427,36,,,0,15,,19428,36,,,0,55,,19429,36,,,0,15,,19430,36,,,0,15,,19431,36,,,0,15,,19432,36,,,0,55,,19433,36,,,0,16,,19434,36,,,0,16,,19435,36,,,0,18,,19436,36,,,0,55,,19437,36,,,0,13,,19438,36,,,0,15,,19439,36,,,0,15,,19440,36,,,0,55,,19441,36,,,0,14,,19442,36,,,0,14,,19443,36,,,0,18,,19444,36,,,0,54,,19445,36,,,0,17,,19446,36,,,0,15,,19447,36,,,0,15,,19448,36,,,0,56,,19449,36,,,0,14,,19450,36,,,0,15,,19451,36,,,0,15,,19452,36,,,0,55,,19453,36,,,0,15,,19454,36,,,0,15,,19455,36,,,0,15,,19456,36,,,0,52,,19457,36,,,0,15,,19418,36,,,0,15,,19458,36,,,0,15,,19459,36,,,0,55,,19422,36,,,0,15,,19460,36,,,0,15,,19461,36,,,0,15,,19462,36,,,0,53,,19421,36,,,0,15,,19412,36,,,0,14,,19463,36,,,0,15,,19464,36,,,0,65,,19465,36,,,0,29,,19466,36,,,0,70,,19467,36,,,0,31,,19468,36,,,0,67,,19469,36,,,0,31,,19470,36,,,0,70,,19471,36,,,0
684100,'1',433,,38583,23,,,0,169,,38572,73,,,0,31,,38573,73,,,0,9,,38580,73,,,0,1988,,38582,23,,,0,10,,38581,73,,,0,70,,38575,73,,,0,20,,38577,73,,,0,20,,38574,73,,,0,62,,38576,73,,,0,30,,38578,73,,,0,75,,38579,73,,,0
684100,'2',550,,38584,73,,,0,74,,38591,73,,,0,35,,38592,73,,,0,72,,38593,73,,,0,70,,38589,73,,,0,1802,,38585,23,,,0,40,,38595,73,,,0,74,,38586,73,,,0,17,,38590,73,,,0,20,,38594,73,,,0,60,,38587,73,,,0,30,,38588,73,,,0,80,,38596,73,,,0
684100,'3',550,,38607,73,,,0,73,,38608,73,,,0,31,,38609,73,,,0,72,,38610,73,,,0,17,,38611,73,,,0,13,,38603,73,,,0,56,,38612,73,,,0,13,,38604,73,,,0,1705,,38605,23,,,0,81,,38597,73,,,0,30,,38598,73,,,0,72,,38601,73,,,0,30,,38600,73,,,0,70,,38599,73,,,0,35,,38602,73,,,0,75,,38606,73,,,0
3004400,'1',617,,45186,8,0,66,0,30,,45187,8,0,66,0,69,,45188,8,0,66,0,25,,45189,8,0,66,0,74,,45190,8,0,66,0,30,,45191,8,0,66,0,80,,45192,8,0,66,0,80,,45169,8,0,66,0,40,,45193,8,0,66,0,80,,45194,8,0,66,0,80,,45170,8,0,66,0,40,,45195,8,0,66,0,80,,45196,8,0,66,0,80,,45171,8,0,66,0,38,,45172,8,0,66,0,68,,45184,8,0,66,0,31,,45173,8,0,66,0,82,,45185,8,0,66,0,30,,45174,8,0,66,0,70,,45175,8,0,66,0,82,,45176,8,0,66,0,17,,45177,8,0,66,0,30,,45178,8,0,66,0,97,,45179,8,0,66,0,100,,45180,8,0,66,0,99,,45181,8,,,0,100,,45182,8,,,0,100,,45183,8,,,0
3004400,'2',740,,45212,8,0,66,0,100,,45211,8,0,66,0,100,,45210,8,0,66,0,101,,45209,8,0,66,0,100,,45206,8,0,66,0,100,,45208,8,0,66,0,100,,45207,8,0,66,0,100,,45205,8,0,66,0,100,,45204,8,0,66,0,100,,45213,8,0,66,0,100,,45203,8,0,66,0,100,,45202,8,0,66,0,104,,45201,8,0,66,0,102,,45200,8,0,66,0,100,,45199,8,0,66,0,98,,45198,8,,,0,103,,45197,8,,,0
3004400,'3',841,,45228,8,0,66,0,100,,45227,8,0,66,0,99,,45226,8,0,66,0,100,,45225,8,0,66,0,100,,45224,8,0,66,0,102,,45223,8,0,66,0,100,,45222,8,0,66,0,100,,45229,8,0,66,0,99,,45221,8,0,66,0,100,,45220,8,0,66,0,100,,45219,8,0,66,0,105,,45218,8,0,66,0,102,,45217,8,0,66,0,100,,45216,8,0,66,0,98,,45215,8,,,0,100,,45214,8,,,0
3004500,'1',603,,45313,8,,,0,32,,45314,8,,,0,65,,45315,8,,,0,31,,45317,8,,,0,24,,45289,8,,,0,70,,45290,8,,,0,29,,45291,8,,,0,68,,45292,8,,,0,33,,45307,8,,,0,70,,45293,8,,,0,30,,45308,8,,,0,70,,45294,8,,,0,30,,45309,8,,,0,70,,45295,8,,,0,30,,45310,8,,,0,71,,45296,8,,,0,30,,45311,8,,,0,65,,45297,8,,,0,30,,45312,8,,,0,68,,45298,8,,,0,26,,45299,8,,,0,81,,45300,8,,,0,30,,45301,8,,,0,70,,45305,8,,,0,80,,45306,8,,,0,17,,45316,8,,,0,32,,45302,8,,,0,80,,45303,8,,,0,100,,45304,8,,,0
3004500,'2',820,,45330,8,,,0,100,,45329,8,,,0,100,,45328,8,,,0,100,,45327,8,,,0,95,,45326,8,,,0,105,,45325,8,,,0,100,,45324,8,,,0,100,,45323,8,,,0,100,,45322,8,,,0,100,,45321,8,,,0,100,,45320,8,,,0,100,,45319,8,,,0,100,,45318,8,,,0
3004500,'3',819,,45343,8,,,0,100,,45342,8,,,0,100,,45341,8,,,0,100,,45340,8,,,0,100,,45339,8,,,0,101,,45338,8,,,0,100,,45337,8,,,0,100,,45336,8,,,0,100,,45335,8,,,0,100,,45334,8,,,0,100,,45333,8,,,0,100,,45332,8,,,0,100,,45331,8,,,0
3004600,'1',431,,45407,7,,,0,74,,45408,7,,,0,17,,45409,7,,,0,18,,45405,7,,,0,12,,45437,7,,,0,55,,45438,7,,,0,14,,45439,7,,,0,16,,45440,7,,,0,12,,45406,7,,,0,58,,45433,7,,,0,16,,45434,7,,,0,14,,45435,7,,,0,17,,45436,7,,,0,55,,45404,7,,,0,19,,45457,7,,,0,20,,45441,7,,,0,61,,45442,7,,,0,25,,45443,7,,,0,70,,45444,7,,,0,30,,45445,7,,,0,70,,45446,7,,,0,30,,45447,7,,,0,70,,45448,7,,,0,29,,45449,7,,,0,71,,45450,7,,,0,30,,45451,7,,,0,68,,45452,7,,,0,31,,45453,7,,,0,72,,45454,7,,,0,22,,45456,7,,,0,14,,45455,7,,,0,16,,45401,7,,,0,69,,45430,7,,,0,14,,45431,7,,,0,18,,45432,7,,,0,52,,45402,7,,,0,17,,45424,7,,,0,13,,45425,7,,,0,13,,45426,7,,,0,55,,45427,7,,,0,22,,45428,7,,,0,26,,45429,7,,,0,61,,45403,7,,,0,25,,45422,7,,,0,63,,45423,7,,,0,30,,45410,7,,,0,70,,45411,7,,,0,30,,45421,7,,,0,70,,45412,7,,,0,30,,45413,7,,,0,70,,45420,7,,,0,30,,45414,7,,,0,70,,45415,7,,,0,30,,45419,7,,,0,70,,45416,7,,,0,30,,45417,7,,,0,70,,45418,7,,,0
3004600,'101',1609,,45458,7,,,0
3004600,'2',540,,45483,7,,,0,70,,45484,7,,,0,30,,45485,7,,,0,70,,45486,7,,,0,30,,45487,7,,,0,70,,45488,7,,,0,30,,45489,7,,,0,70,,45490,7,,,0,30,,45499,7,,,0,70,,45500,7,,,0,30,,45459,7,,,0,71,,45460,7,,,0,30,,45461,7,,,0,70,,45462,7,,,0,30,,45463,7,,,0,70,,45464,7,,,0,30,,45465,7,,,0,70,,45466,7,,,0,30,,45467,7,,,0,70,,45468,7,,,0,30,,45469,7,,,0,70,,45470,7,,,0,30,,45471,7,,,0,70,,45491,7,,,0,30,,45472,7,,,0,70,,45473,7,,,0,30,,45474,7,,,0,69,,45475,7,,,0,30,,45476,7,,,0,70,,45477,7,,,0,30,,45478,7,,,0,70,,45479,7,,,0,30,,45480,7,,,0,70,,45481,7,,,0,30,,45482,7,,,0,70,,45492,7,,,0,30,,45493,7,,,0,70,,45494,7,,,0,30,,45495,7,,,0,70,,45496,7,,,0,30,,45497,7,,,0,70,,45498,7,,,0
3004600,'201',1609,,45501,7,,,0
3004600,'3',540,,45518,7,,,0,70,,45520,7,,,0,30,,45521,7,,,0,70,,45522,7,,,0,30,,45523,7,,,0,70,,45524,7,,,0,30,,45525,7,,,0,70,,45526,7,,,0,30,,45527,7,,,0,70,,45528,7,,,0,30,,45529,7,,,0,70,,45530,7,,,0,30,,45531,7,,,0,70,,45532,7,,,0,30,,45533,7,,,0,71,,45534,7,,,0,30,,45535,7,,,0,70,,45536,7,,,0,30,,45537,7,,,0,70,,45538,7,,,0,30,,45539,7,,,0,70,,45540,7,,,0,30,,45541,7,,,0,70,,45519,7,,,0,30,,45504,7,,,0,70,,45505,7,,,0,29,,45506,7,,,0,70,,45507,7,,,0,30,,45508,7,,,0,70,,45502,7,,,0,30,,45503,7,,,0,70,,45509,7,,,0,30,,45510,7,,,0,70,,45511,7,,,0,30,,45512,7,,,0,70,,45513,7,,,0,30,,45514,7,,,0,70,,45515,7,,,0,30,,45516,7,,,0,70,,45517,7,,,0
