672601,'1',611,,30843,19,,,0,89,,30844,47,,,0,33,,30845,47,,,0,72,,30846,47,,,0,31,,30847,47,,,0,70,,30848,47,,,0,34,,30849,47,,,0,72,,30850,47,,,0,25,,30851,41,,,0,65,,30852,41,,,0,37,,30853,41,,,0,70,,30854,41,,,0,30,,30855,41,,,0,65,,30856,41,,,0,40,,30857,41,,,0,74,,30858,41,,,0,31,,30859,41,,,0,61,,30860,41,,,0,27,,30861,41,,,0,74,,30862,47,,,0,30,,30863,47,,,0,76,,30864,47,,,0,24,,30865,47,,,0,68,,30866,47,,,0,31,,30867,47,,,0,72,,30868,41,,,0,27,,30869,41,,,0,68,,30870,41,,,0,31,,30837,41,,,0
672601,'2',713,,30891,41,,,0,101,,30878,41,,,0,33,,30893,41,,,0,69,,30894,41,,,0,30,,30892,41,,,0,70,,30895,41,,,0,28,,30876,41,,,0,68,,30896,41,,,0,28,,30877,41,,,0,68,,30897,41,,,0,31,,30879,41,,,0,72,,30898,41,,,0,28,,30880,41,,,0,68,,30899,41,,,0,30,,30882,41,,,0,71,,30883,41,,,0,30,,30900,41,,,0,70,,30871,41,,,0,30,,30890,41,,,0,69,,30872,41,,,0,32,,30881,41,,,0,72,,30873,41,,,0,31,,30885,41,,,0,71,,30874,41,,,0,28,,30884,41,,,0,73,,30875,41,,,0
672601,'3',826,,30927,41,,,0,80,,30917,41,,,0,30,,30901,41,,,0,77,,30918,41,,,0,34,,30914,41,,,0,78,,30919,41,,,0,34,,30909,41,,,0,63,,30920,41,,,0,31,,30902,41,,,0,67,,30921,41,,,0,28,,30903,41,,,0,72,,30926,41,,,0,29,,30913,41,,,0,69,,30922,41,,,0,29,,30904,41,,,0,68,,30923,41,,,0,29,,30905,41,,,0,72,,30924,41,,,0,28,,30906,41,,,0,70,,30925,41,,,0,30,,30907,41,,,0
3454300,'1',504,,50879,22,0,37,0,22,,50880,22,0,37,0,15,,50890,22,0,37,0,15,,50816,22,0,37,0,55,,50817,22,0,37,0,13,,50818,22,0,37,0,16,,50889,22,0,37,0,12,,50819,22,0,37,0,52,,50820,22,0,37,0,13,,50821,22,0,37,0,14,,50888,22,0,37,0,11,,50822,22,0,37,0,12,,50823,22,0,37,0,52,,50824,22,0,37,0,14,,50825,22,0,37,0,13,,50887,22,0,37,0,12,,50826,22,0,37,0,11,,50827,22,0,37,0,51,,50828,22,0,37,0,15,,50829,22,0,37,0,15,,50886,22,0,37,0,16,,50830,22,0,37,0,55,,50831,22,0,37,0,15,,50832,22,0,37,0,15,,50885,22,0,37,0,16,,50833,22,0,37,0,55,,50834,22,0,37,0,15,,50835,22,0,37,0,15,,50884,22,0,37,0,15,,50836,22,0,37,0,55,,50837,22,0,37,0,16,,50838,22,0,37,0,15,,50883,22,0,37,0,16,,50839,22,0,37,0,56,,50840,22,0,37,0,15,,50841,22,0,37,0,15,,50882,22,0,37,0,17,,50876,22,0,37,0,55,,50877,22,0,37,0,18,,50878,22,0,37,0,15,,50891,22,0,37,0,53,,50842,22,0,37,0,16,,50843,22,0,37,0,21,,50844,22,0,37,0,9,,50845,22,0,37,0,64,,50846,22,0,37,0,12,,50847,22,0,37,0,11,,50848,22,0,37,0,11,,50849,22,0,37,0,11,,50850,22,0,37,0,52,,50851,22,0,37,0,12,,50852,22,0,37,0,12,,50853,22,0,37,0,12,,50854,22,0,37,0,11,,50855,22,0,37,0,50,,50856,22,0,37,0,12,,50857,22,0,37,0,12,,50858,22,0,37,0,12,,50859,22,0,37,0,6,,50860,22,,,0,55,,50861,22,,,0,15,,50862,22,,,0,15,,50863,22,,,0,18,,50864,22,,,0,55,,50865,22,,,0,15,,50866,22,,,0,14,,50867,22,,,0,71,,50868,22,,,0,28,,50869,22,,,0,70,,50870,22,,,0,25,,50871,22,,,0,73,,50872,22,,,0,28,,50873,22,,,0,31,,50874,22,,,0,145,,50875,22,0,37,0,96,,50881,22,0,37,0
3454300,'101',1558,,50892,22,0,37,0
3454300,'2',539,,50920,22,,,0,67,,50919,22,,,0,30,,50918,22,,,0,64,,50917,22,,,0,32,,50916,22,,,0,71,,50915,22,,,0,33,,50914,22,,,0,71,,50913,22,,,0,21,,50893,22,,,0,21,,50912,22,,,0,60,,50911,22,,,0,20,,50910,22,,,0,21,,50909,22,,,0,60,,50908,22,,,0,20,,50907,22,,,0,21,,50906,22,,,0,60,,50905,22,,,0,20,,50904,22,,,0,21,,50903,22,,,0,60,,50902,22,,,0,20,,50901,22,,,0,20,,50900,22,,,0,60,,50899,22,,,0,20,,50898,22,,,0,20,,50897,22,,,0,60,,50896,22,,,0,20,,50895,22,,,0,20,,50894,22,,,0,60,,50941,22,,,0,20,,50940,22,,,0,20,,50939,22,,,0,60,,50938,22,,,0,20,,50937,22,,,0,20,,50936,22,,,0,60,,50935,22,,,0,20,,50934,22,,,0,18,,50933,22,,,0,60,,50932,22,,,0,29,,50931,22,,,0,70,,50930,22,,,0,30,,50929,22,,,0,70,,50928,22,,,0,32,,50927,22,,,0,70,,50926,22,,,0,29,,50925,22,,,0,70,,50924,22,,,0,98,,50923,22,,,0,100,,50922,22,0,37,0,97,,50921,22,0,37,0
3454300,'2001',1437,,50942,10,0,37,0
3454300,'201',1558,,50943,22,0,37,0
3454300,'3',539,,50986,22,,,0,76,,50987,22,,,0,30,,50944,22,,,0,71,,50945,22,,,0,30,,50946,22,,,0,70,,50947,22,,,0,30,,50971,22,,,0,68,,50972,22,,,0,28,,50973,22,,,0,67,,50974,22,,,0,27,,50979,22,,,0,20,,50975,22,,,0,60,,50976,22,,,0,20,,50980,22,,,0,19,,50977,22,,,0,60,,50978,22,,,0,20,,50981,22,,,0,20,,50948,22,,,0,60,,50949,22,,,0,22,,50982,22,,,0,19,,50950,22,,,0,60,,50951,22,,,0,20,,50983,22,,,0,20,,50952,22,,,0,60,,50953,22,,,0,20,,50984,22,,,0,21,,50954,22,,,0,58,,50955,22,,,0,20,,50985,22,,,0,20,,50956,22,,,0,66,,50957,22,,,0,27,,50958,22,,,0,67,,50959,22,,,0,34,,50960,22,,,0,75,,50961,22,,,0,76,,50962,22,,,0,35,,50963,22,,,0,74,,50964,22,,,0,35,,50965,22,,,0,75,,50966,22,,,0,35,,50967,22,,,0,147,,50968,22,,,0,103,,50969,22,0,37,0,100,,50970,22,0,37,0
3454300,'62101',1518,,50988,10,0,37,0
