3004200,'2_merged_15529702',811,,162480,10,,,0,35,,162481,10,,,0,75,,162482,10,,,0,35,,162483,10,,,0,76,,162484,10,,,0,74,,162485,10,,,0,35,,162486,10,,,0,75,,162487,10,,,0,36,,162488,10,,,0,75,,162489,10,,,0,75,,162490,10,,,0,35,,162491,10,,,0,75,,162492,10,,,0,35,,162493,10,,,0,75,,162494,10,,,0,34,,162495,10,,,0,75,,162496,10,,,0,73,,162497,10,,,0,34,,162498,10,,,0
3004200,'3_merged_15529701',811,,162499,10,,,0,35,,162500,10,,,0,75,,162501,10,,,0,35,,162502,10,,,0,75,,162503,10,,,0,75,,162504,10,,,0,35,,162505,10,,,0,75,,162506,10,,,0,35,,162507,10,,,0,75,,162508,10,,,0,76,,162509,10,,,0,35,,162510,10,,,0,75,,162511,10,,,0,34,,162512,10,,,0,75,,162513,10,,,0,35,,162514,10,,,0,75,,162515,10,,,0,72,,162516,10,,,0,34,,162517,10,,,0
3004500,'1_merged_15529700',610,,163053,18,,,0,31,,163054,18,,,0,64,,163055,18,,,0,34,,163057,18,,,0,63,,163029,18,,,0,30,,163030,18,,,0,70,,163031,18,,,0,25,,163032,18,,,0,75,,163047,18,,,0,30,,163033,18,,,0,70,,163048,18,,,0,30,,163034,18,,,0,70,,163049,18,,,0,30,,163035,18,,,0,70,,163050,18,,,0,30,,163036,18,,,0,70,,163051,18,,,0,25,,163037,18,,,0,30,,163052,18,,,0,70,,163038,18,,,0,26,,163039,18,,,0,81,,163040,18,,,0,70,,163041,18,,,0,30,,163045,18,,,0,78,,163046,18,,,0,17,,163056,18,,,0,73,,163042,18,,,0,39,,163043,18,,,0,100,,163044,18,,,0
3004500,'2_merged_15529702',825,,163070,18,,,0,30,,163071,18,,,0,70,,163069,18,,,0,30,,163072,18,,,0,71,,163068,18,,,0,30,,163073,18,,,0,70,,163067,18,,,0,30,,163074,18,,,0,65,,163066,18,,,0,35,,163075,18,,,0,71,,163065,18,,,0,30,,163076,18,,,0,70,,163064,18,,,0,30,,163077,18,,,0,70,,163063,18,,,0,30,,163078,18,,,0,70,,163062,18,,,0,30,,163079,18,,,0,70,,163061,18,,,0,30,,163080,18,,,0,70,,163060,18,,,0,25,,163081,18,,,0,75,,163059,18,,,0,30,,163082,18,,,0,70,,163058,18,,,0
3004500,'3_merged_15529701',825,,163095,18,,,0,30,,163096,18,,,0,70,,163094,18,,,0,31,,163097,18,,,0,70,,163093,18,,,0,30,,163098,18,,,0,70,,163092,18,,,0,30,,163099,18,,,0,67,,163091,18,,,0,33,,163100,18,,,0,71,,163090,18,,,0,29,,163101,18,,,0,71,,163089,18,,,0,30,,163102,18,,,0,70,,163088,18,,,0,30,,163103,18,,,0,70,,163087,18,,,0,30,,163104,18,,,0,70,,163086,18,,,0,30,,163105,18,,,0,69,,163085,18,,,0,30,,163106,18,,,0,70,,163084,18,,,0,30,,163107,18,,,0,70,,163083,18,,,0
3004600,'101_merged_15529707',1615,,163189,12,,,0
3004600,'1_merged_15529700',435,,163196,12,,,0,74,,163197,12,,,0,17,,163198,12,,,0,18,,163194,12,,,0,12,,163226,12,,,0,55,,163227,12,,,0,14,,163228,12,,,0,16,,163229,12,,,0,12,,163195,12,,,0,59,,163222,12,,,0,16,,163223,12,,,0,15,,163224,12,,,0,16,,163225,12,,,0,55,,163193,12,,,0,19,,163246,12,,,0,20,,163230,12,,,0,63,,163231,12,,,0,23,,163232,12,,,0,70,,163233,12,,,0,30,,163234,12,,,0,70,,163235,12,,,0,30,,163236,12,,,0,70,,163237,12,,,0,29,,163238,12,,,0,70,,163239,12,,,0,32,,163240,12,,,0,67,,163241,12,,,0,31,,163242,12,,,0,74,,163243,12,,,0,22,,163245,12,,,0,13,,163244,12,,,0,56,,163190,12,,,0,30,,163219,12,,,0,15,,163220,12,,,0,56,,163221,12,,,0,14,,163191,12,,,0,16,,163213,12,,,0,14,,163214,12,,,0,52,,163215,12,,,0,14,,163216,12,,,0,22,,163217,12,,,0,66,,163218,12,,,0,21,,163192,12,,,0,24,,163211,12,,,0,64,,163212,12,,,0,29,,163199,12,,,0,70,,163200,12,,,0,30,,163210,12,,,0,69,,163201,12,,,0,30,,163202,12,,,0,70,,163209,12,,,0,30,,163203,12,,,0,70,,163204,12,,,0,30,,163208,12,,,0,70,,163205,12,,,0,30,,163206,12,,,0,70,,163207,12,,,0
3004600,'201',1615,,163247,12,,,0
3004600,'2_merged_15529702',544,,163272,12,,,0,70,,163273,12,,,0,30,,163274,12,,,0,70,,163275,12,,,0,30,,163276,12,,,0,71,,163277,12,,,0,30,,163278,12,,,0,70,,163279,12,,,0,30,,163288,12,,,0,70,,163289,12,,,0,30,,163248,12,,,0,70,,163249,12,,,0,30,,163250,12,,,0,71,,163251,12,,,0,30,,163252,12,,,0,70,,163253,12,,,0,30,,163254,12,,,0,70,,163255,12,,,0,30,,163256,12,,,0,70,,163257,12,,,0,30,,163258,12,,,0,70,,163259,12,,,0,30,,163260,12,,,0,70,,163280,12,,,0,30,,163261,12,,,0,70,,163262,12,,,0,30,,163263,12,,,0,70,,163264,12,,,0,29,,163265,12,,,0,70,,163266,12,,,0,30,,163267,12,,,0,70,,163268,12,,,0,30,,163269,12,,,0,70,,163270,12,,,0,30,,163271,12,,,0,69,,163281,12,,,0,30,,163282,12,,,0,70,,163283,12,,,0,30,,163284,12,,,0,70,,163285,12,,,0,30,,163286,12,,,0,70,,163287,12,,,0
3004600,'3_merged_15529701',544,,163306,12,,,0,70,,163308,12,,,0,30,,163309,12,,,0,71,,163310,12,,,0,30,,163311,12,,,0,70,,163312,12,,,0,30,,163313,12,,,0,70,,163314,12,,,0,30,,163315,12,,,0,70,,163316,12,,,0,30,,163317,12,,,0,70,,163318,12,,,0,31,,163319,12,,,0,70,,163320,12,,,0,30,,163321,12,,,0,70,,163322,12,,,0,30,,163323,12,,,0,70,,163324,12,,,0,30,,163325,12,,,0,70,,163326,12,,,0,30,,163327,12,,,0,70,,163328,12,,,0,30,,163329,12,,,0,70,,163307,12,,,0,30,,163292,12,,,0,70,,163293,12,,,0,30,,163294,12,,,0,69,,163295,12,,,0,30,,163296,12,,,0,70,,163290,12,,,0,30,,163291,12,,,0,69,,163297,12,,,0,30,,163298,12,,,0,70,,163299,12,,,0,30,,163300,12,,,0,70,,163301,12,,,0,30,,163302,12,,,0,70,,163303,12,,,0,30,,163304,12,,,0,70,,163305,12,,,0
