664301,'1',548,,13204,,,0,60,,13205,,,0,21,,13206,,,0,24,,13207,,,0,58,,13208,,,0,23,,13209,,,0,20,,13210,,,0,60,,13211,,,0,24,,13212,,,0,20,,13213,,,0,58,,13214,,,0,18,,13215,,,0,69,,13216,,,0,30,,13217,,,0,69,,13218,,,0,29,,13219,,,0,71,,13220,,,0,32,,13221,,,0,70,,13222,,,0,31,,13223,,,0,71,,13224,,,0,32,,13225,,,0,65,,13226,,,0,22,,13227,,,0,21,,13228,,,0,60,,13187,,,0,19,,13188,,,0,15,,13189,,,0,60,,13190,,,0,20,,13191,,,0,21,,13192,,,0,16,,13193,,,0,60,,13194,,,0,16,,13195,,,0,70,,13196,,,0,28,,13197,,,0,70,,13198,,,0,28,,13199,,,0,99,,13200,,,0,101,,13201,,,0,97,,13202,,,0,100,,13203,,,0
664301,'2',628,,13230,,,0,30,,13231,,,0,70,,13232,,,0,30,,13233,,,0,71,,13234,,,0,71,,13235,,,0,31,,13236,,,0,72,,13237,,,0,31,,13238,,,0,71,,13239,,,0,30,,13240,,,0,71,,13241,,,0,31,,13242,,,0,70,,13243,,,0,30,,13244,,,0,68,,13245,,,0,31,,13246,,,0,70,,13247,,,0,29,,13248,,,0,70,,13249,,,0,30,,13250,,,0,70,,13251,,,0,30,,13252,,,0,70,,13253,,,0,30,,13254,,,0,69,,13255,,,0,29,,13256,,,0,68,,13257,,,0,28,,13258,,,0,29,,13259,,,0,65,,13260,,,0,29,,13261,,,0,90,,13265,,,0,95,,13262,,,0,114,,13263,,,0,101,,13264,,,0
664301,'3',758,,13274,,,0,72,,13273,,,0,70,,13272,,,0,30,,13271,,,0,70,,13270,,,0,30,,13282,,,0,74,,13269,,,0,29,,13267,,,0,70,,13266,,,0,31,,13297,,,0,72,,13296,,,0,30,,13295,,,0,70,,13294,,,0,29,,13293,,,0,68,,13268,,,0,28,,13292,,,0,71,,13291,,,0,29,,13290,,,0,70,,13289,,,0,29,,13288,,,0,70,,13287,,,0,30,,13286,,,0,70,,13285,,,0,30,,13284,,,0,29,,13283,,,0,70,,13279,,,0,25,,13281,,,0,71,,13280,,,0,22,,13278,,,0,91,,13277,,,0,108,,13276,,,0,105,,13275,,,0
666201,'1',531,,18321,,,0,18,,18330,,,0,53,,18319,,,0,27,,18318,,,0,21,,18317,,,0,55,,18316,,,0,15,,18315,,,0,14,,18323,,,0,17,,18314,,,0,56,,18303,,,0,13,,18313,,,0,19,,18324,,,0,15,,18312,,,0,50,,18329,,,0,6,,18311,,,0,15,,18310,,,0,10,,18325,,,0,10,,18278,,,0,13,,18309,,,0,60,,18284,,,0,20,,18277,,,0,20,,18308,,,0,60,,18307,,,0,20,,18276,,,0,20,,18306,,,0,60,,18305,,,0,20,,18275,,,0,21,,18304,,,0,60,,18283,,,0,20,,18274,,,0,71,,18302,,,0,20,,18301,,,0,23,,18273,,,0,60,,18300,,,0,23,,18299,,,0,14,,18279,,,0,53,,18320,,,0,12,,18326,,,0,18,,18298,,,0,15,,18297,,,0,55,,18296,,,0,17,,18327,,,0,10,,18295,,,0,20,,18282,,,0,51,,18294,,,0,14,,18328,,,0,18,,18293,,,0,16,,18281,,,0,61,,18285,,,0,27,,18292,,,0,70,,18291,,,0,29,,18290,,,0,70,,18289,,,0,31,,18331,,,0,70,,18280,,,0,28,,18332,,,0,66,,18288,,,0,33,,18333,,,0,70,,18287,,,0,46,,18286,,,0,79,,18322,,,0
666201,'101',1522,,18334,,,0
666201,'2',610,,18335,,,0,29,,18336,,,0,72,,18337,,,0,30,,18338,,,0,72,,18339,,,0,30,,18340,,,0,68,,18341,,,0,32,,18342,,,0,70,,18343,,,0,31,,18344,,,0,75,,18345,,,0,31,,18346,,,0,70,,18347,,,0,30,,18348,,,0,71,,18349,,,0,30,,18350,,,0,70,,18351,,,0,29,,18352,,,0,70,,18353,,,0,30,,18354,,,0,70,,18355,,,0,30,,18356,,,0,70,,18357,,,0,29,,18358,,,0,70,,18359,,,0,30,,18360,,,0,65,,18361,,,0,28,,18362,,,0,70,,18363,,,0,30,,18364,,,0,70,,18365,,,0,30,,18370,,,0,70,,18366,,,0,29,,18371,,,0,75,,18368,,,0,30,,18372,,,0,74,,18369,,,0,122,,18367,,,0
666201,'3',712,,18408,,,0,30,,18403,,,0,70,,18404,,,0,30,,18387,,,0,70,,18380,,,0,30,,18386,,,0,70,,18385,,,0,30,,18384,,,0,72,,18383,,,0,30,,18382,,,0,70,,18381,,,0,31,,18374,,,0,70,,18379,,,0,30,,18378,,,0,70,,18377,,,0,30,,18376,,,0,70,,18375,,,0,28,,18373,,,0,70,,18402,,,0,30,,18401,,,0,70,,18400,,,0,30,,18399,,,0,70,,18398,,,0,29,,18397,,,0,70,,18396,,,0,29,,18395,,,0,70,,18394,,,0,30,,18393,,,0,70,,18389,,,0,29,,18392,,,0,70,,18405,,,0,32,,18391,,,0,71,,18406,,,0,29,,18390,,,0,70,,18407,,,0,31,,18388,,,0
666301,'1',529,,18535,,,0,30,,18529,,,0,60,,18536,,,0,20,,18537,,,0,62,,18538,,,0,22,,18539,,,0,20,,18540,,,0,60,,18541,,,0,24,,18542,,,0,20,,18543,,,0,58,,18545,,,0,18,,18546,,,0,20,,18547,,,0,62,,18548,,,0,31,,18549,,,0,69,,18550,,,0,30,,18551,,,0,72,,18544,,,0,30,,18552,,,0,69,,18553,,,0,32,,18554,,,0,70,,18555,,,0,26,,18556,,,0,16,,18571,,,0,65,,18557,,,0,22,,18558,,,0,20,,18530,,,0,57,,18570,,,0,26,,18567,,,0,15,,18566,,,0,63,,18532,,,0,19,,18533,,,0,20,,18559,,,0,57,,18560,,,0,24,,18561,,,0,21,,18562,,,0,72,,18563,,,0,69,,18534,,,0,31,,18564,,,0,28,,18565,,,0,70,,18568,,,0,73,,18573,,,0,29,,18572,,,0,71,,18574,,,0,27,,18569,,,0,29,,18575,,,0,64,,18531,,,0
666301,'2',557,,18580,,,0,70,,18581,,,0,30,,18582,,,0,70,,18583,,,0,31,,18584,,,0,76,,18585,,,0,25,,18586,,,0,74,,18587,,,0,70,,18588,,,0,30,,18589,,,0,71,,18590,,,0,31,,18591,,,0,73,,18592,,,0,25,,18593,,,0,70,,18594,,,0,30,,18595,,,0,70,,18596,,,0,30,,18597,,,0,70,,18598,,,0,30,,18599,,,0,70,,18600,,,0,30,,18601,,,0,70,,18602,,,0,30,,18603,,,0,68,,18604,,,0,30,,18605,,,0,70,,18606,,,0,29,,18607,,,0,70,,18608,,,0,29,,18609,,,0,30,,18610,,,0,69,,18576,,,0,30,,18611,,,0,70,,18579,,,0,30,,18612,,,0,70,,18577,,,0,30,,18613,,,0,70,,18578,,,0
666301,'3',650,,18644,,,0,70,,18645,,,0,32,,18646,,,0,72,,18624,,,0,30,,18625,,,0,70,,18626,,,0,30,,18621,,,0,71,,18627,,,0,31,,18628,,,0,70,,18629,,,0,30,,18630,,,0,71,,18631,,,0,30,,18632,,,0,70,,18633,,,0,30,,18634,,,0,70,,18635,,,0,30,,18636,,,0,70,,18637,,,0,30,,18638,,,0,70,,18639,,,0,29,,18640,,,0,70,,18641,,,0,29,,18642,,,0,70,,18643,,,0,30,,18614,,,0,69,,18615,,,0,30,,18616,,,0,70,,18617,,,0,29,,18618,,,0,70,,18619,,,0,30,,18647,,,0,70,,18620,,,0,30,,18648,,,0,70,,18623,,,0,30,,18649,,,0,68,,18622,,,0
