2263800,'101_merged_15524965',724,,101136,5,,,0,825,,101135,5,,,0
2263800,'1_merged_15524958',505,,101169,5,,,0,30,,101170,5,,,0,71,,101171,5,,,0,12,,101172,5,,,0,14,,101173,5,,,0,16,,101174,5,,,0,53,,101175,5,,,0,16,,101176,5,,,0,11,,101177,5,,,0,19,,101178,5,,,0,63,,101179,5,,,0,19,,101180,5,,,0,24,,101146,5,,,0,66,,101147,5,,,0,29,,101148,5,,,0,70,,101149,5,,,0,30,,101150,5,,,0,70,,101151,5,,,0,30,,101152,5,,,0,71,,101153,5,,,0,30,,101154,5,,,0,71,,101155,5,,,0,32,,101156,5,,,0,67,,101157,5,,,0,28,,101158,5,,,0,72,,101159,5,,,0,15,,101160,5,,,0,25,,101189,5,,,0,59,,101161,5,,,0,12,,101162,5,,,0,15,,101137,5,,,0,55,,101167,5,,,0,14,,101168,5,,,0,15,,101138,5,,,0,23,,101166,5,,,0,63,,101188,5,,,0,19,,101140,5,,,0,24,,101187,5,,,0,66,,101181,5,,,0,22,,101139,5,,,0,73,,101163,5,,,0,26,,101164,5,,,0,72,,101165,5,,,0,32,,101141,5,,,0,66,,101185,5,,,0,30,,101186,5,,,0,70,,101142,5,,,0,32,,101184,5,,,0,70,,101143,5,,,0,30,,101183,5,,,0,70,,101144,5,,,0,30,,101182,5,,,0,70,,101145,5,,,0
2263800,'2_merged_15524960',602,,101190,5,,,0,20,,101191,5,,,0,30,,101192,5,,,0,71,,101193,5,,,0,30,,101194,5,,,0,70,,101195,5,,,0,30,,101196,5,,,0,70,,101197,5,,,0,30,,101198,5,,,0,71,,101199,5,,,0,30,,101200,5,,,0,70,,101201,5,,,0,30,,101202,5,,,0,70,,101203,5,,,0,30,,101204,5,,,0,70,,101205,5,,,0,30,,101206,5,,,0,70,,101207,5,,,0,30,,101208,5,,,0,70,,101209,5,,,0,30,,101210,5,,,0,70,,101211,5,,,0,30,,101212,5,,,0,70,,101213,5,,,0,30,,101214,5,,,0,65,,101215,5,,,0,30,,101216,5,,,0,70,,101217,5,,,0,30,,101218,5,,,0,70,,101219,5,,,0,30,,101220,5,,,0,70,,101221,5,,,0,30,,101222,5,,,0,69,,101223,5,,,0,30,,101224,5,,,0,70,,101225,5,,,0,30,,101226,5,,,0,89,,101227,5,,,0,67,,101228,5,,,0,43,,101229,5,,,0,70,,101230,5,,,0
2263800,'3_merged_15524959',632,,101243,5,,,0,70,,101234,5,,,0,30,,101244,5,,,0,70,,101245,5,,,0,31,,101246,5,,,0,70,,101247,5,,,0,30,,101248,5,,,0,70,,101250,5,,,0,30,,101251,5,,,0,70,,101249,5,,,0,30,,101252,5,,,0,70,,101253,5,,,0,31,,101254,5,,,0,70,,101255,5,,,0,30,,101256,5,,,0,70,,101257,5,,,0,30,,101258,5,,,0,70,,101259,5,,,0,30,,101260,5,,,0,70,,101261,5,,,0,30,,101262,5,,,0,70,,101263,5,,,0,30,,101264,5,,,0,70,,101265,5,,,0,29,,101266,5,,,0,70,,101267,5,,,0,30,,101268,5,,,0,70,,101231,5,,,0,30,,101232,5,,,0,72,,101233,5,,,0,31,,101235,5,,,0,77,,101236,5,,,0,31,,101237,5,,,0,69,,101238,5,,,0,25,,101239,5,,,0,69,,101240,5,,,0,30,,101241,5,,,0,70,,101242,5,,,0
3004601,'101_merged_15524965',1623,,104425,5,,,0
3004601,'1_merged_15524958',443,,104442,5,,,0,62,,104443,5,,,0,20,,104444,5,,,0,18,,104445,5,,,0,15,,104446,5,,,0,54,,104428,5,,,0,16,,104447,5,,,0,12,,104448,5,,,0,16,,104449,5,,,0,52,,104450,5,,,0,18,,104429,5,,,0,11,,104479,5,,,0,13,,104458,5,,,0,53,,104459,5,,,0,21,,104460,5,,,0,22,,104461,5,,,0,69,,104462,5,,,0,30,,104463,5,,,0,70,,104464,5,,,0,30,,104465,5,,,0,71,,104466,5,,,0,29,,104467,5,,,0,71,,104468,5,,,0,30,,104469,5,,,0,70,,104470,5,,,0,30,,104471,5,,,0,71,,104472,5,,,0,30,,104473,5,,,0,59,,104426,5,,,0,20,,104477,5,,,0,20,,104480,5,,,0,62,,104478,5,,,0,33,,104451,5,,,0,12,,104452,5,,,0,53,,104453,5,,,0,15,,104454,5,,,0,15,,104455,5,,,0,15,,104456,5,,,0,62,,104457,5,,,0,21,,104427,5,,,0,25,,104475,5,,,0,56,,104476,5,,,0,30,,104430,5,,,0,69,,104431,5,,,0,31,,104474,5,,,0,69,,104432,5,,,0,30,,104433,5,,,0,70,,104441,5,,,0,30,,104434,5,,,0,70,,104435,5,,,0,30,,104440,5,,,0,70,,104436,5,,,0,30,,104437,5,,,0,70,,104439,5,,,0,30,,104438,5,,,0
3004601,'2_merged_15524960',523,,104518,5,,,0,30,,104493,5,,,0,70,,104519,5,,,0,30,,104520,5,,,0,70,,104521,5,,,0,30,,104481,5,,,0,70,,104482,5,,,0,31,,104483,5,,,0,70,,104484,5,,,0,30,,104485,5,,,0,71,,104486,5,,,0,30,,104487,5,,,0,70,,104488,5,,,0,30,,104489,5,,,0,70,,104490,5,,,0,30,,104491,5,,,0,70,,104492,5,,,0,30,,104494,5,,,0,70,,104495,5,,,0,30,,104496,5,,,0,70,,104497,5,,,0,30,,104498,5,,,0,70,,104499,5,,,0,30,,104500,5,,,0,70,,104501,5,,,0,30,,104502,5,,,0,70,,104503,5,,,0,29,,104504,5,,,0,70,,104505,5,,,0,30,,104506,5,,,0,70,,104507,5,,,0,32,,104508,5,,,0,68,,104509,5,,,0,30,,104510,5,,,0,70,,104511,5,,,0,30,,104512,5,,,0,70,,104513,5,,,0,30,,104514,5,,,0,70,,104515,5,,,0,30,,104516,5,,,0,70,,104517,5,,,0
3004601,'3_merged_15524959',523,,104523,5,,,0,30,,104524,5,,,0,70,,104525,5,,,0,30,,104526,5,,,0,70,,104527,5,,,0,30,,104528,5,,,0,70,,104529,5,,,0,30,,104530,5,,,0,71,,104531,5,,,0,30,,104532,5,,,0,70,,104533,5,,,0,30,,104534,5,,,0,70,,104535,5,,,0,30,,104522,5,,,0,71,,104536,5,,,0,30,,104537,5,,,0,70,,104538,5,,,0,30,,104539,5,,,0,70,,104540,5,,,0,30,,104541,5,,,0,70,,104542,5,,,0,30,,104543,5,,,0,73,,104544,5,,,0,27,,104545,5,,,0,73,,104546,5,,,0,27,,104547,5,,,0,70,,104548,5,,,0,30,,104549,5,,,0,69,,104550,5,,,0,30,,104551,5,,,0,70,,104552,5,,,0,30,,104553,5,,,0,70,,104554,5,,,0,30,,104555,5,,,0,69,,104556,5,,,0,30,,104557,5,,,0,70,,104558,5,,,0,30,,104559,5,,,0,70,,104560,5,,,0,30,,104561,5,,,0
3004900,'101_merged_15524965',1557,,105013,5,,,0,60,,105012,5,,,0
3004900,'1_merged_15524958',538,,105058,5,,,0,15,,105059,5,,,0,54,,105060,5,,,0,16,,105051,5,,,0,14,,105052,5,,,0,17,,105014,5,,,0,50,,105015,5,,,0,20,,105016,5,,,0,5,,105017,5,,,0,21,,105018,5,,,0,52,,105019,5,,,0,13,,105061,5,,,0,11,,105020,5,,,0,12,,105021,5,,,0,62,,105022,5,,,0,34,,105023,5,,,0,66,,105024,5,,,0,30,,105025,5,,,0,70,,105026,5,,,0,30,,105027,5,,,0,29,,105028,5,,,0,71,,105029,5,,,0,70,,105030,5,,,0,30,,105031,5,,,0,70,,105032,5,,,0,31,,105033,5,,,0,23,,105057,5,,,0,52,,105062,5,,,0,16,,105034,5,,,0,10,,105035,5,,,0,12,,105036,5,,,0,64,,105037,5,,,0,25,,105038,5,,,0,13,,105039,5,,,0,60,,105040,5,,,0,10,,105041,5,,,0,16,,105042,5,,,0,18,,105043,5,,,0,60,,105044,5,,,0,15,,105045,5,,,0,17,,105063,5,,,0,58,,105046,5,,,0,35,,105047,5,,,0,70,,105048,5,,,0,30,,105049,5,,,0,70,,105050,5,,,0,32,,105053,5,,,0,68,,105054,5,,,0,32,,105055,5,,,0,70,,105056,5,,,0
3004900,'2_merged_15524960',540,,105076,5,,,0,68,,105078,5,,,0,30,,105079,5,,,0,70,,105080,5,,,0,30,,105081,5,,,0,71,,105082,5,,,0,30,,105083,5,,,0,70,,105084,5,,,0,30,,105064,5,,,0,65,,105069,5,,,0,35,,105077,5,,,0,65,,105094,5,,,0,31,,105085,5,,,0,70,,105086,5,,,0,30,,105087,5,,,0,70,,105088,5,,,0,30,,105089,5,,,0,70,,105090,5,,,0,30,,105091,5,,,0,70,,105092,5,,,0,29,,105093,5,,,0,71,,105095,5,,,0,20,,105100,5,,,0,20,,105065,5,,,0,60,,105066,5,,,0,20,,105101,5,,,0,20,,105067,5,,,0,60,,105068,5,,,0,20,,105102,5,,,0,20,,105070,5,,,0,63,,105071,5,,,0,19,,105103,5,,,0,17,,105072,5,,,0,60,,105073,5,,,0,30,,105074,5,,,0,70,,105075,5,,,0,30,,105096,5,,,0,69,,105097,5,,,0,30,,105098,5,,,0,70,,105099,5,,,0
3004900,'3_merged_15524959',638,,105106,5,,,0,70,,105107,5,,,0,30,,105108,5,,,0,70,,105109,5,,,0,30,,105104,5,,,0,71,,105105,5,,,0,30,,105110,5,,,0,70,,105111,5,,,0,30,,105112,5,,,0,70,,105113,5,,,0,30,,105114,5,,,0,65,,105115,5,,,0,30,,105116,5,,,0,70,,105117,5,,,0,30,,105118,5,,,0,70,,105119,5,,,0,31,,105120,5,,,0,70,,105121,5,,,0,30,,105122,5,,,0,70,,105123,5,,,0,30,,105124,5,,,0,70,,105125,5,,,0,30,,105126,5,,,0,67,,105127,5,,,0,28,,105128,5,,,0,75,,105129,5,,,0,30,,105130,5,,,0,70,,105131,5,,,0,30,,105132,5,,,0,69,,105133,5,,,0,30,,105134,5,,,0,25,,105135,5,,,0,73,,105136,5,,,0,72,,105137,5,,,0
3058400,'1_merged_15524958',531,,106213,6,,,0,28,,106214,6,,,0,72,,106202,6,,,0,24,,106234,6,,,0,58,,106235,6,,,0,17,,106215,6,,,0,17,,106216,6,,,0,60,,106236,6,,,0,16,,106217,6,,,0,35,,106218,6,,,0,68,,106219,6,,,0,23,,106220,6,,,0,70,,106221,6,,,0,30,,106222,6,,,0,75,,106223,6,,,0,28,,106224,6,,,0,68,,106225,6,,,0,30,,106226,6,,,0,73,,106227,6,,,0,30,,106228,6,,,0,72,,106229,6,,,0,28,,106230,6,,,0,72,,106231,6,,,0,30,,106232,6,,,0,78,,106233,6,,,0,24,,106203,6,,,0,75,,106212,6,,,0,78,,106204,6,,,0,29,,106211,6,,,0,62,,106205,6,,,0,34,,106210,6,,,0,67,,106206,6,,,0,32,,106209,6,,,0,73,,106207,6,,,0,28,,106208,6,,,0,100,,106237,6,,,0
3058400,'2_merged_15524960',557,,106238,6,,,0,68,,106239,6,,,0,75,,106240,6,,,0,30,,106241,6,,,0,70,,106242,6,,,0,30,,106243,6,,,0,70,,106244,6,,,0,30,,106245,6,,,0,71,,106246,6,,,0,30,,106247,6,,,0,70,,106248,6,,,0,31,,106249,6,,,0,70,,106250,6,,,0,30,,106251,6,,,0,70,,106252,6,,,0,30,,106253,6,,,0,70,,106254,6,,,0,30,,106255,6,,,0,70,,106256,6,,,0,30,,106257,6,,,0,70,,106258,6,,,0,29,,106259,6,,,0,70,,106260,6,,,0,30,,106261,6,,,0,70,,106262,6,,,0,30,,106263,6,,,0,70,,106264,6,,,0,30,,106265,6,,,0,69,,106266,6,,,0,30,,106269,6,,,0,73,,106267,6,,,0,33,,106268,6,,,0,100,,106270,6,,,0,100,,106271,6,,,0
3058400,'3_merged_15524959',738,,106273,6,,,0,70,,106274,6,,,0,30,,106275,6,,,0,72,,106276,6,,,0,28,,106277,6,,,0,70,,106278,6,,,0,31,,106279,6,,,0,74,,106280,6,,,0,29,,106281,6,,,0,71,,106282,6,,,0,28,,106283,6,,,0,70,,106284,6,,,0,32,,106285,6,,,0,68,,106286,6,,,0,24,,106287,6,,,0,71,,106288,6,,,0,30,,106289,6,,,0,71,,106290,6,,,0,31,,106291,6,,,0,71,,106292,6,,,0,29,,106293,6,,,0,70,,106272,6,,,0,29,,106294,6,,,0,70,,106295,6,,,0,29,,106296,6,,,0,74,,106297,6,,,0,30,,106298,6,,,0,68,,106299,6,,,0,33,,106300,6,,,0,99,,106301,6,,,0,100,,106302,6,,,0
