674900,'101_merged_15529707',741,,150770,37,0,62 63 64,0,67,,150771,19,,,0,5,,150770,57,0,62 63 64,0
674900,'1_merged_15529700',553,,150835,37,,,0,53,,150836,37,,,0,17,,150837,37,,,0,17,,150838,37,,,0,15,,150839,37,,,0,56,,150840,37,,,0,17,,150841,37,,,0,31,,150842,37,,,0,83,,150781,37,,,0,73,,150827,37,,,0,28,,150829,37,,,0,71,,150832,37,,,0,31,,150834,37,,,0,70,,150807,37,,,0,29,,150809,37,,,0,72,,150811,37,,,0,30,,150813,37,,,0,69,,150815,37,,,0,31,,150817,37,,,0,70,,150819,37,,,0,94,,150821,37,,,0,14,,150822,37,,,0,15,,150823,37,,,0,17,,150824,37,,,0,57,,150825,37,,,0,14,,150773,37,,,0,14,,150779,37,,,0,65,,150801,37,,,0,5,,150783,37,,,0,22,,150772,37,,,0,5,,150802,37,,,0,63,,150803,37,,,0,6,,150804,37,,,0,15,,150805,37,,,0,21,,150806,37,,,0,4,,150780,37,,,0,59,,150774,37,,,0,9,,150784,37,,,0,16,,150785,37,,,0,14,,150796,37,,,0,56,,150797,37,,,0,14,,150798,37,,,0,30,,150800,37,,,0,55,,150778,37,,,0,14,,150775,37,,,0,28,,150789,37,,,0,70,,150790,37,,,0,30,,150791,37,,,0,70,,150776,37,,,0,29,,150793,37,,,0,70,,150787,37,,,0,25,,150792,37,,,0,70,,150777,37,,,0
674900,'201',741,,150845,37,,,0
674900,'2_merged_15529702',641,,150848,37,,,0,70,,150849,37,,,0,27,,150850,37,,,0,15,,150851,37,,,0,70,,150853,37,,,0,25,,150855,37,,,0,72,,150857,37,,,0,32,,150859,37,,,0,70,,150861,37,,,0,33,,150863,37,,,0,69,,150865,37,,,0,30,,150867,37,,,0,71,,150869,37,,,0,32,,150871,37,,,0,69,,150873,37,,,0,30,,150875,37,,,0,70,,150877,37,,,0,32,,150879,37,,,0,70,,150881,37,,,0,29,,150883,37,,,0,72,,150885,37,,,0,28,,150887,37,,,0,67,,150889,37,,,0,30,,150891,37,,,0,69,,150893,37,,,0,29,,150895,37,,,0,55,,150896,37,,,0,15,,150897,37,,,0,20,,150898,37,,,0,60,,150899,37,,,0,17,,150900,37,,,0,22,,150901,37,,,0,60,,150902,37,,,0,19,,150903,37,,,0,24,,150904,37,,,0,70,,150905,37,,,0,28,,150906,37,,,0,70,,150907,37,,,0,28,,150908,37,,,0,70,,150909,37,,,0,29,,150910,37,,,0,70,,150911,37,,,0
674900,'3_merged_15529701',642,,150942,37,,,0,73,,150941,37,,,0,23,,150947,37,,,0,71,,150946,37,,,0,32,,150957,37,,,0,70,,150955,37,,,0,32,,150953,37,,,0,73,,150976,37,,,0,30,,150951,37,,,0,70,,150949,37,,,0,24,,150945,37,,,0,71,,150943,37,,,0,31,,150917,37,,,0,71,,150915,37,,,0,29,,150913,37,,,0,64,,150974,37,,,0,38,,150972,37,,,0,70,,150970,37,,,0,29,,150967,37,,,0,68,,150965,37,,,0,30,,150963,37,,,0,70,,150961,37,,,0,30,,150959,37,,,0,70,,150940,37,,,0,35,,150938,37,,,0,70,,150936,37,,,0,27,,150934,37,,,0,70,,150932,37,,,0,30,,150929,37,,,0,66,,150927,37,,,0,20,,150926,37,,,0,20,,150925,37,,,0,71,,150924,37,,,0,31,,150923,37,,,0,70,,150922,37,,,0,26,,150921,37,,,0,70,,150920,37,,,0,31,,150919,37,,,0
674900,'701_merged_15529694',1456,,150978,37,0,62 63 121 122 123,0
674900,'801_merged_15529712',1450,,150979,37,,,0
680500,'1_merged_15529700',656,,152552,4,,,0,200,,152551,4,,,0,200,,152550,4,,,0,200,,152549,4,,,0,271,,152548,4,,,0,175,,152547,4,,,0,156,,152553,4,,,0
680500,'2_merged_15529702',856,,152556,4,,,0,200,,152557,4,,,0,201,,152558,4,,,0,199,,152559,4,,,0,198,,152554,4,,,0,202,,152555,4,,,0
3182100,'101_merged_15529707',743,,166705,5,,,0,772,,166704,5,,,0,143,,166702,9,,,0
3182100,'1_merged_15529700',507,,166724,5,,,0,30,,166723,5,,,0,70,,166722,5,,,0,31,,166721,5,,,0,70,,166720,5,,,0,22,,166719,5,,,0,74,,166718,5,,,0,50,,166717,5,,,0,85,,166716,5,,,0,85,,166715,5,,,0,86,,166714,5,,,0,44,,166713,5,,,0,85,,166712,5,,,0,85,,166711,5,,,0,87,,166710,5,,,0,41,,166709,5,,,0,88,,166708,5,,,0,81,,166707,5,,,0,106,,166706,9,,,0,30,,166729,9,,,0,80,,166728,9,,,0,90,,166727,9,,,0,82,,166726,5,,,0,47,,166725,5,,,0
3182100,'201',1658,,166730,9,,,0
3182100,'2_merged_15529702',701,,166749,5,,,0,43,,166748,5,,,0,87,,166747,5,,,0,85,,166746,5,,,0,85,,166745,5,,,0,45,,166744,5,,,0,85,,166743,5,,,0,85,,166742,5,,,0,85,,166741,5,,,0,45,,166740,5,,,0,84,,166739,5,,,0,86,,166750,5,,,0,85,,166738,5,,,0,45,,166737,5,,,0,85,,166736,5,,,0,85,,166735,5,,,0,43,,166734,5,,,0,85,,166733,5,,,0,85,,166732,5,,,0,85,,166731,5,,,0
3182100,'3_merged_15529701',749,,166764,5,,,0,87,,166763,5,,,0,85,,166762,5,,,0,85,,166761,5,,,0,45,,166760,5,,,0,85,,166759,5,,,0,85,,166758,5,,,0,85,,166757,5,,,0,45,,166756,5,,,0,85,,166755,5,,,0,85,,166754,5,,,0,85,,166753,5,,,0,45,,166752,5,,,0,85,,166751,5,,,0,85,,166769,5,,,0,85,,166768,5,,,0,43,,166767,5,,,0,85,,166766,5,,,0,85,,166765,5,,,0
3182100,'401',1528,,166770,5,,,0
5312600,'2_merged_15529702',702,,181094,4,,,0,30,,181095,4,,,0,70,,181096,4,,,0,30,,181097,4,,,0,70,,181098,4,,,0,30,,181099,4,,,0,70,,181100,4,,,0,30,,181101,4,,,0,70,,181102,4,,,0,30,,181103,4,,,0,70,,181104,4,,,0,30,,181105,4,,,0,70,,181106,4,,,0,30,,181107,4,,,0,70,,181108,4,,,0,30,,181109,4,,,0,70,,181110,4,,,0,30,,181111,4,,,0,70,,181112,4,,,0,30,,181113,4,,,0,70,,181114,4,,,0,30,,181115,4,,,0,70,,181116,4,,,0,30,,181117,4,,,0,70,,181118,4,,,0,30,,181119,4,,,0,70,,181120,4,,,0
5312600,'3_merged_15529701',702,,181121,4,,,0,30,,181122,4,,,0,70,,181123,4,,,0,30,,181124,4,,,0,70,,181125,4,,,0,30,,181126,4,,,0,70,,181127,4,,,0,30,,181128,4,,,0,70,,181129,4,,,0,30,,181130,4,,,0,70,,181131,4,,,0,30,,181132,4,,,0,70,,181133,4,,,0,30,,181134,4,,,0,70,,181135,4,,,0,30,,181136,4,,,0,70,,181137,4,,,0,30,,181138,4,,,0,70,,181139,4,,,0,30,,181140,4,,,0,70,,181141,4,,,0,30,,181142,4,,,0,70,,181143,4,,,0,30,,181144,4,,,0,70,,181145,4,,,0,30,,181146,4,,,0,70,,181147,4,,,0
