664601,'101_merged_15529685',902,,72574,29,,,0,724,,72572,29,,,0
664601,'1_merged_15529678',505,,72589,18,,,0,30,,72592,18,,,0,67,,72616,29,,,0,20,,72600,29,,,0,23,,72599,29,,,0,60,,72598,29,,,0,21,,72610,29,,,0,21,,72604,29,,,0,61,,72586,29,,,0,15,,72606,29,,,0,22,,72620,29,,,0,71,,72578,29,,,0,27,,72584,29,,,0,70,,72581,29,,,0,30,,72614,29,,,0,70,,72609,29,,,0,29,,72602,29,,,0,70,,72597,29,,,0,32,,72596,29,,,0,70,,72603,29,,,0,29,,72607,29,,,0,70,,72576,29,,,0,31,,72594,29,,,0,63,,72593,29,,,0,19,,72619,29,,,0,20,,72582,29,,,0,60,,72618,29,,,0,40,,72595,29,,,0,60,,72580,29,,,0,19,,72590,29,,,0,19,,72579,29,,,0,59,,72605,29,,,0,20,,72585,29,,,0,25,,72583,29,,,0,67,,72617,29,,,0,30,,72587,29,,,0,69,,72615,29,,,0,30,,72577,29,,,0,70,,72591,29,,,0,27,,72608,29,,,0,70,,72613,29,,,0,40,,72612,29,,,0,102,,72611,29,,,0,100,,72601,29,,,0,100,,72588,29,,,0
664601,'2_merged_15529680',640,,72634,29,,,0,70,,72627,29,,,0,30,,72625,29,,,0,73,,72640,29,,,0,36,,72641,29,,,0,72,,72642,29,,,0,18,,72621,29,,,0,70,,72631,29,,,0,29,,72644,29,,,0,76,,72637,29,,,0,31,,72646,29,,,0,70,,72647,29,,,0,32,,72648,29,,,0,68,,72650,29,,,0,31,,72645,29,,,0,70,,72622,29,,,0,32,,72623,29,,,0,70,,72624,29,,,0,28,,72656,29,,,0,70,,72651,29,,,0,28,,72654,29,,,0,69,,72652,29,,,0,30,,72653,29,,,0,68,,72655,29,,,0,30,,72638,29,,,0,71,,72632,29,,,0,29,,72633,29,,,0,67,,72639,29,,,0,30,,72628,29,,,0,70,,72643,29,,,0,29,,72649,29,,,0,72,,72629,29,,,0,50,,72630,29,,,0,98,,72626,29,,,0,100,,72635,29,,,0,96,,72636,29,,,0
664601,'3_merged_15529679',801,,72671,29,,,0,30,,72668,29,,,0,70,,72673,29,,,0,31,,72664,29,,,0,73,,72665,29,,,0,30,,72663,29,,,0,70,,72687,29,,,0,30,,72684,29,,,0,70,,72685,29,,,0,30,,72666,29,,,0,70,,72667,29,,,0,30,,72686,29,,,0,70,,72657,29,,,0,30,,72672,29,,,0,70,,72674,29,,,0,30,,72675,29,,,0,70,,72676,29,,,0,30,,72677,29,,,0,70,,72678,29,,,0,29,,72679,29,,,0,70,,72680,29,,,0,30,,72681,29,,,0,70,,72689,29,,,0,29,,72659,29,,,0,70,,72660,29,,,0,29,,72683,29,,,0,70,,72682,29,,,0,30,,72670,29,,,0,70,,72688,29,,,0,57,,72661,29,,,0,144,,72662,29,,,0,47,,72658,29,,,0,150,,72669,29,,,0
665701,'1_merged_15529678',550,,75270,19,,,0,65,,75260,26,,,0,30,,75254,26,,,0,61,,75214,26,,,0,19,,75233,26,,,0,17,,75251,26,,,0,16,,75259,26,,,0,55,,75262,26,,,0,15,,75250,26,,,0,16,,75230,26,,,0,15,,75249,26,,,0,59,,75229,26,,,0,12,,75263,26,,,0,15,,75244,26,,,0,14,,75252,26,,,0,54,,75268,26,,,0,15,,75216,26,,,0,14,,75245,26,,,0,15,,75211,26,,,0,55,,75217,26,,,0,14,,75240,26,,,0,15,,75246,26,,,0,15,,75256,26,,,0,55,,75218,26,,,0,15,,75255,26,,,0,16,,75247,26,,,0,15,,75267,26,,,0,55,,75219,26,,,0,15,,75264,26,,,0,15,,75248,26,,,0,15,,75265,26,,,0,55,,75220,26,,,0,16,,75239,26,,,0,16,,75227,26,,,0,13,,75236,26,,,0,56,,75221,26,,,0,12,,75210,26,,,0,17,,75228,26,,,0,16,,75223,26,,,0,54,,75215,26,,,0,16,,75231,26,,,0,15,,75222,26,,,0,15,,75224,26,,,0,55,,75253,26,,,0,15,,75238,26,,,0,16,,75235,26,,,0,13,,75271,26,,,0,54,,75225,26,,,0,13,,75232,26,,,0,15,,75212,26,,,0,15,,75226,26,,,0,55,,75273,26,,,0,25,,75241,26,,,0,69,,75272,26,,,0,28,,75234,26,,,0,28,,75266,26,,,0,68,,75261,26,,,0,27,,75257,26,,,0,69,,75237,26,,,0,30,,75213,26,,,0,70,,75242,26,,,0,29,,75258,26,,,0,73,,75243,26,,,0,33,,75269,26,,,0
665701,'2_merged_15529680',708,,75297,26,,,0,101,,75284,26,,,0,33,,75276,26,,,0,77,,75294,26,,,0,35,,75280,26,,,0,77,,75286,26,,,0,69,,75277,26,,,0,20,,75312,26,,,0,20,,75298,26,,,0,60,,75313,26,,,0,25,,75290,26,,,0,18,,75307,26,,,0,60,,75314,26,,,0,20,,75289,26,,,0,20,,75293,26,,,0,60,,75315,26,,,0,20,,75295,26,,,0,20,,75308,26,,,0,59,,75316,26,,,0,20,,75309,26,,,0,20,,75285,26,,,0,60,,75317,26,,,0,20,,75282,26,,,0,20,,75306,26,,,0,59,,75275,26,,,0,22,,75278,26,,,0,20,,75303,26,,,0,60,,75310,26,,,0,20,,75302,26,,,0,20,,75305,26,,,0,59,,75283,26,,,0,20,,75291,26,,,0,19,,75304,26,,,0,60,,75279,26,,,0,23,,75281,26,,,0,30,,75300,26,,,0,66,,75299,26,,,0,33,,75288,26,,,0,70,,75287,26,,,0,30,,75274,26,,,0,70,,75292,26,,,0,29,,75296,26,,,0,70,,75311,26,,,0,30,,75301,26,,,0
665701,'3_merged_15529679',834,,75346,26,,,0,99,,75347,26,,,0,70,,75318,26,,,0,30,,75326,26,,,0,69,,75351,26,,,0,29,,75319,26,,,0,70,,75328,26,,,0,31,,75325,26,,,0,70,,75327,26,,,0,31,,75332,26,,,0,71,,75341,26,,,0,30,,75340,26,,,0,70,,75330,26,,,0,30,,75338,26,,,0,70,,75337,26,,,0,28,,75336,26,,,0,70,,75335,26,,,0,32,,75323,26,,,0,70,,75339,26,,,0,30,,75342,26,,,0,68,,75334,26,,,0,29,,75350,26,,,0,70,,75349,26,,,0,29,,75348,26,,,0,70,,75333,26,,,0,30,,75331,26,,,0,70,,75324,26,,,0,30,,75322,26,,,0,70,,75321,26,,,0,29,,75320,26,,,0,30,,75329,26,,,0,59,,75344,26,,,0,35,,75343,26,,,0
3329200,'1_merged_15529678',1919,,107949,10,,,0,28,,107959,10,,,0,72,,107958,10,,,0,30,,107957,10,,,0,72,,107956,10,,,0,25,,107952,10,,,0,70,,107951,10,,,0,24,,107955,10,,,0,72,,107954,10,,,0,27,,107953,10,,,0,105,,107947,10,,,0
3329200,'2_merged_15529680',1921,,108006,10,,,0,30,,108005,10,,,0,68,,108004,10,,,0,28,,107996,10,,,0,73,,108003,10,,,0,28,,108002,10,,,0,70,,108001,10,,,0,28,,108000,10,,,0,70,,107999,10,,,0,29,,107998,10,,,0,90,,107997,10,,,0
3329200,'3_merged_15529679',1909,,108048,10,,,0,31,,108047,10,,,0,68,,108046,10,,,0,34,,108045,10,,,0,70,,108044,10,,,0,29,,108043,10,,,0,69,,108042,10,,,0,29,,108041,10,,,0,67,,108040,10,,,0,31,,108039,10,,,0,99,,108038,10,,,0
3329201,'1_merged_15529678',1841,,108105,18,,,0,69,,108092,18,,,0,33,,108091,18,,,0,67,,108090,18,,,0,29,,108089,18,,,0,70,,108088,18,,,0,32,,108087,18,,,0,69,,108085,18,,,0,28,,108084,18,,,0,69,,108083,18,,,0,31,,108082,18,,,0,100,,108081,18,,,0
3329201,'2_merged_15529680',1911,,108143,18,,,0,32,,108142,18,,,0,72,,108141,18,,,0,31,,108140,18,,,0,70,,108120,18,,,0,30,,108118,18,,,0,71,,108126,18,,,0,28,,108125,18,,,0,65,,108124,18,,,0,32,,108123,18,,,0,98,,108122,18,,,0
3329201,'3_merged_15529679',1906,,108163,18,,,0,34,,108162,18,,,0,70,,108161,18,,,0,30,,108160,18,,,0,70,,108159,18,,,0,29,,108158,18,,,0,71,,108157,18,,,0,29,,108156,18,,,0,69,,108155,18,,,0,100,,108154,18,,,0
