668000,'1',632,,138489,2,,,0,99,,138478,2,,,0,101,,138488,2,,,0,69,,138502,2,,,0,21,,138508,2,,,0,18,,138512,2,,,0,13,,138490,2,,,0,58,,138513,2,,,0,12,,138491,2,,,0,17,,138510,2,,,0,17,,138507,2,,,0,52,,138514,2,,,0,17,,138492,2,,,0,12,,138515,2,,,0,16,,138493,2,,,0,55,,138516,2,,,0,16,,138494,2,,,0,17,,138517,2,,,0,14,,138495,2,,,0,54,,138518,2,,,0,12,,138496,2,,,0,16,,138519,2,,,0,14,,138497,2,,,0,57,,138520,2,,,0,11,,138498,2,,,0,17,,138521,2,,,0,15,,138499,2,,,0,53,,138509,2,,,0,16,,138503,2,,,0,32,,138504,2,,,0,58,,138511,2,,,0,11,,138505,2,,,0,20,,138500,2,,,0,11,,138474,2,,,0,59,,138487,2,,,0,10,,138475,2,,,0,20,,138501,2,,,0,13,,138476,2,,,0,55,,138481,2,,,0,15,,138477,2,,,0,15,,138482,2,,,0,19,,138486,2,,,0,72,,138522,2,,,0,73,,138484,2,,,0,30,,138523,2,,,0,70,,138479,2,,,0,30,,138524,2,,,0,73,,138480,2,,,0,100,,138485,2,,,0,99,,138483,2,,,0
668000,'101',1541,,138473,2,,,0
668000,'2',632,,138572,2,,,0,72,,138529,2,,,0,31,,138528,2,,,0,70,,138554,2,,,0,30,,138573,2,,,0,65,,138532,2,,,0,16,,138553,2,,,0,16,,138571,2,,,0,15,,138552,2,,,0,55,,138531,2,,,0,15,,138551,2,,,0,15,,138527,2,,,0,15,,138550,2,,,0,55,,138563,2,,,0,15,,138549,2,,,0,15,,138569,2,,,0,15,,138548,2,,,0,55,,138562,2,,,0,15,,138547,2,,,0,15,,138533,2,,,0,15,,138546,2,,,0,56,,138567,2,,,0,15,,138545,2,,,0,15,,138560,2,,,0,15,,138544,2,,,0,55,,138565,2,,,0,15,,138543,2,,,0,15,,138561,2,,,0,15,,138542,2,,,0,55,,138564,2,,,0,15,,138541,2,,,0,15,,138535,2,,,0,15,,138540,2,,,0,55,,138574,2,,,0,15,,138556,2,,,0,15,,138559,2,,,0,15,,138539,2,,,0,55,,138570,2,,,0,15,,138538,2,,,0,15,,138530,2,,,0,15,,138537,2,,,0,55,,138557,2,,,0,15,,138536,2,,,0,15,,138534,2,,,0,69,,138558,2,,,0,29,,138576,2,,,0,72,,138566,2,,,0,30,,138577,2,,,0,71,,138526,2,,,0,30,,138578,2,,,0,70,,138575,2,,,0,100,,138555,2,,,0,99,,138568,2,,,0
668000,'201',1541,,138525,2,,,0
668000,'3',733,,138625,2,,,0,25,,138612,2,,,0,76,,138596,2,,,0,70,,138601,2,,,0,15,,138588,2,,,0,15,,138595,2,,,0,15,,138593,2,,,0,55,,138603,2,,,0,15,,138592,2,,,0,13,,138604,2,,,0,17,,138591,2,,,0,56,,138611,2,,,0,15,,138590,2,,,0,15,,138600,2,,,0,15,,138589,2,,,0,55,,138584,2,,,0,15,,138594,2,,,0,15,,138606,2,,,0,15,,138582,2,,,0,55,,138615,2,,,0,19,,138581,2,,,0,12,,138607,2,,,0,16,,138580,2,,,0,55,,138613,2,,,0,15,,138579,2,,,0,15,,138586,2,,,0,15,,138624,2,,,0,55,,138585,2,,,0,15,,138623,2,,,0,15,,138608,2,,,0,15,,138622,2,,,0,55,,138602,2,,,0,15,,138621,2,,,0,15,,138583,2,,,0,15,,138620,2,,,0,55,,138616,2,,,0,15,,138619,2,,,0,15,,138609,2,,,0,15,,138618,2,,,0,55,,138599,2,,,0,15,,138617,2,,,0,15,,138597,2,,,0,66,,138598,2,,,0,30,,138626,2,,,0,70,,138614,2,,,0,31,,138627,2,,,0,72,,138610,2,,,0,29,,138628,2,,,0,70,,138605,2,,,0,99,,138587,2,,,0
683701,'1',2502,,155476,2,,,0,103,,155477,24,,,0
683701,'2',553,,155480,24,,,0,1951,,155478,2,,,0,106,,155479,24,,,0
683701,'3',619,,155487,24,,,0,39,,155488,24,,,0,71,,155489,24,,,0,72,,155490,24,,,0,1530,,155483,2,,,0,71,,155482,2,,,0,45,,155485,24,,,0,71,,155484,24,,,0,107,,155486,24,,,0,29,,155492,24,,,0
3679900,'1',524,,169643,2,,,0,32,,169642,2,,,0,62,,169641,2,,,0,14,,169640,2,,,0,16,,169639,2,,,0,53,,169638,2,,,0,15,,169637,2,,,0,14,,169636,2,,,0,15,,169635,2,,,0,14,,169634,2,,,0,56,,169646,2,,,0,15,,169633,2,,,0,22,,169632,2,,,0,75,,169631,2,,,0,24,,169630,2,,,0,55,,169629,2,,,0,34,,169628,2,,,0,69,,169627,2,,,0,27,,169626,2,,,0,70,,169625,2,,,0,30,,169624,2,,,0,69,,169623,2,,,0,30,,169622,2,,,0,70,,169621,2,,,0,28,,169620,2,,,0,17,,169644,2,,,0,55,,169619,2,,,0,28,,169645,2,,,0,11,,169618,2,,,0,72,,169617,2,,,0,17,,169616,2,,,0,21,,169615,2,,,0,51,,169614,2,,,0,17,,169613,2,,,0,14,,169612,2,,,0,17,,169611,2,,,0,54,,169610,2,,,0,15,,169609,2,,,0,15,,169608,2,,,0,70,,169607,2,,,0,97,,169606,2,,,0,100,,169605,2,,,0,101,,169604,2,,,0,100,,169603,2,,,0,98,,169602,2,,,0,100,,169601,2,,,0,46,,169600,2,,,0
3679900,'101',1602,,169599,2,,,0
3679900,'2',559,,169681,2,,,0,73,,169680,2,,,0,70,,169679,2,,,0,30,,169678,2,,,0,70,,169677,2,,,0,30,,169676,2,,,0,71,,169675,2,,,0,29,,169674,2,,,0,70,,169673,2,,,0,30,,169672,2,,,0,70,,169671,2,,,0,30,,169670,2,,,0,69,,169669,2,,,0,32,,169668,2,,,0,69,,169667,2,,,0,29,,169666,2,,,0,71,,169665,2,,,0,31,,169664,2,,,0,68,,169663,2,,,0,31,,169662,2,,,0,69,,169661,2,,,0,30,,169660,2,,,0,71,,169659,2,,,0,29,,169658,2,,,0,72,,169657,2,,,0,29,,169656,2,,,0,69,,169655,2,,,0,100,,169654,2,,,0,101,,169653,2,,,0,101,,169652,2,,,0,101,,169651,2,,,0,101,,169650,2,,,0,99,,169649,2,,,0,45,,169648,2,,,0
3679900,'201',1602,,169647,2,,,0
3679900,'3',701,,169709,2,,,0,102,,169708,2,,,0,100,,169707,2,,,0,30,,169706,2,,,0,70,,169705,2,,,0,29,,169704,2,,,0,70,,169703,2,,,0,30,,169702,2,,,0,73,,169701,2,,,0,27,,169700,2,,,0,72,,169699,2,,,0,28,,169698,2,,,0,71,,169697,2,,,0,29,,169696,2,,,0,74,,169695,2,,,0,27,,169694,2,,,0,69,,169693,2,,,0,34,,169692,2,,,0,68,,169691,2,,,0,30,,169689,2,,,0,70,,169690,2,,,0,29,,169688,2,,,0,70,,169687,2,,,0,99,,169686,2,,,0,100,,169685,2,,,0,99,,169684,2,,,0,101,,169683,2,,,0,102,,169682,2,,,0
