672600,'1',543,,89193,22,,,0,70,,89194,22,,,0,31,,89195,22,,,0,68,,89196,22,,,0,25,,89197,22,,,0,75,,89198,22,,,0,32,,89199,22,,,0,72,,89200,22,,,0,28,,89201,22,,,0,79,,89202,22,,,0,27,,89203,22,,,0,66,,89204,22,,,0,26,,89205,22,,,0,77,,89206,22,,,0,31,,89207,22,,,0,69,,89208,22,,,0,25,,89209,22,,,0,78,,89210,22,,,0,33,,89211,22,,,0,74,,89212,22,,,0,30,,89213,32,,,0,65,,89214,32,,,0,32,,89215,32,,,0,70,,89216,32,,,0,75,,89217,32,,,0,28,,89218,32,,,0,71,,89219,32,,,0,25,,89220,32,,,0,26,,89221,32,,,0,71,,89222,32,,,0,30,,89223,32,,,0,69,,89224,32,,,0,30,,89190,32,,,0,67,,89191,32,,,0,95,,89192,32,,,0
672600,'2',705,,89246,22,,,0,50,,89243,22,,,0,93,,89231,22,,,0,72,,89253,22,,,0,33,,89232,22,,,0,70,,89248,22,,,0,30,,89233,22,,,0,69,,89250,22,,,0,31,,89242,22,,,0,70,,89251,22,,,0,32,,89234,22,,,0,70,,89252,22,,,0,30,,89235,22,,,0,70,,89247,22,,,0,30,,89236,22,,,0,70,,89254,22,,,0,28,,89237,32,,,0,70,,89225,32,,,0,29,,89238,32,,,0,70,,89249,32,,,0,30,,89239,32,,,0,70,,89226,32,,,0,30,,89240,32,,,0,72,,89245,32,,,0,26,,89241,32,,,0,70,,89227,32,,,0,95,,89228,32,,,0,100,,89229,32,,,0,100,,89244,32,,,0
672600,'3',801,,89261,22,,,0,104,,89262,22,,,0,35,,89264,22,,,0,76,,89274,22,,,0,35,,89267,22,,,0,77,,89276,22,,,0,73,,89268,22,,,0,33,,89275,22,,,0,66,,89269,22,,,0,30,,89277,22,,,0,71,,89270,22,,,0,29,,89278,22,,,0,70,,89271,22,,,0,29,,89279,22,,,0,30,,89272,32,,,0,69,,89280,32,,,0,30,,89273,32,,,0,69,,89263,32,,,0,30,,89265,32,,,0,70,,89255,32,,,0,29,,89266,32,,,0,70,,89256,32,,,0,100,,89257,32,,,0,104,,89258,32,,,0,100,,89259,32,,,0,101,,89260,32,,,0
3454301,'1',457,,109935,24,,,0,58,,109936,24,,,0,16,,109870,24,,,0,15,,109871,24,,,0,55,,109872,24,,,0,15,,109945,24,,,0,15,,109873,24,,,0,12,,109874,24,,,0,12,,109875,24,,,0,52,,109944,24,,,0,11,,109876,24,,,0,9,,109877,24,,,0,10,,109878,24,,,0,12,,109879,24,,,0,10,,109943,24,,,0,50,,109880,24,,,0,10,,109946,24,,,0,12,,109881,24,,,0,12,,109882,24,,,0,12,,109883,24,,,0,52,,109942,24,,,0,13,,109884,24,,,0,10,,109885,24,,,0,14,,109886,24,,,0,15,,109887,24,,,0,55,,109941,24,,,0,15,,109888,24,,,0,15,,109889,24,,,0,15,,109890,24,,,0,55,,109940,24,,,0,15,,109891,24,,,0,15,,109892,24,,,0,15,,109893,24,,,0,55,,109939,24,,,0,16,,109894,24,,,0,15,,109895,24,,,0,55,,109896,24,,,0,15,,109938,24,,,0,15,,109932,24,,,0,15,,109933,24,,,0,57,,109934,24,,,0,15,,109937,24,,,0,15,,109897,24,,,0,16,,109898,24,,,0,61,,109899,24,,,0,30,,109900,24,,,0,14,,109901,24,,,0,62,,109902,24,,,0,8,,109903,24,,,0,12,,109904,24,,,0,12,,109905,24,,,0,12,,109906,24,,,0,51,,109907,24,,,0,11,,109908,24,,,0,12,,109909,24,,,0,12,,109910,24,,,0,12,,109911,24,,,0,52,,109912,24,,,0,12,,109913,24,,,0,14,,109914,24,,,0,12,,109915,24,,,0,12,,109916,24,,,0,53,,109917,24,,,0,14,,109918,28,,,0,15,,109919,28,,,0,15,,109920,28,,,0,54,,109921,28,,,0,16,,109922,28,,,0,15,,109923,28,,,0,68,,109924,28,,,0,29,,109925,28,,,0,69,,109926,28,,,0,30,,109927,28,,,0,67,,109928,28,,,0,30,,109929,28,,,0,69,,109930,28,,,0,30,,109931,28,,,0
3454301,'101',1529,,109867,20,,,0,7,,109868,20,,,0
3454301,'1901',1518,,109869,24,,,0
3454301,'2',537,,109995,28,,,0,75,,109994,28,,,0,30,,109993,28,,,0,70,,109992,28,,,0,30,,109991,28,,,0,70,,109990,28,,,0,27,,109989,28,,,0,20,,109988,28,,,0,60,,109987,28,,,0,20,,109986,28,,,0,20,,109985,28,,,0,60,,109984,28,,,0,20,,109983,28,,,0,61,,109982,28,,,0,20,,109981,28,,,0,21,,109980,28,,,0,60,,109979,28,,,0,20,,109978,28,,,0,20,,109977,28,,,0,60,,109976,28,,,0,20,,109975,28,,,0,20,,109974,28,,,0,60,,109973,28,,,0,20,,109972,28,,,0,20,,109971,28,,,0,60,,109970,28,,,0,19,,109949,28,,,0,20,,109948,28,,,0,62,,109969,28,,,0,21,,109968,28,,,0,17,,109967,28,,,0,61,,109966,28,,,0,21,,109965,28,,,0,21,,109964,28,,,0,60,,109963,28,,,0,20,,109962,28,,,0,22,,109961,28,,,0,70,,109960,28,,,0,30,,109959,28,,,0,71,,109958,28,,,0,30,,109957,28,,,0,70,,109956,28,,,0,30,,109955,28,,,0,71,,109954,28,,,0,30,,109953,28,,,0,95,,109952,28,,,0,96,,109951,28,,,0,100,,109950,24,,,0
3454301,'2001',1518,,109947,24,,,0
3454301,'3',541,,110004,28,,,0,75,,110005,28,,,0,34,,110036,28,,,0,70,,110037,28,,,0,31,,110038,28,,,0,71,,110006,28,,,0,32,,110007,28,,,0,70,,110008,28,,,0,31,,110009,28,,,0,70,,110010,28,,,0,30,,110001,28,,,0,67,,110011,28,,,0,19,,110012,28,,,0,18,,110002,28,,,0,60,,110013,28,,,0,23,,110014,28,,,0,60,,110003,28,,,0,20,,110015,28,,,0,23,,110016,28,,,0,59,,110000,28,,,0,20,,110017,28,,,0,20,,110018,28,,,0,61,,109997,28,,,0,18,,110019,28,,,0,20,,110020,28,,,0,58,,109998,28,,,0,20,,110021,28,,,0,20,,110022,28,,,0,60,,109999,28,,,0,20,,110023,28,,,0,30,,110024,28,,,0,71,,110035,28,,,0,36,,110025,28,,,0,75,,110026,28,,,0,75,,110027,28,,,0,33,,110030,28,,,0,75,,110029,28,,,0,35,,110028,28,,,0,75,,110031,28,,,0,75,,110032,28,,,0,35,,109996,28,,,0,102,,110033,28,,,0,100,,110034,24,,,0
3454301,'62101',1605,,110039,24,,,0
3454301,'62201',1605,,110040,24,,,0
