'1merged15072430',661901,54400,0,'Alma',0,6000,0,'Alma',0,2050,0,'Alma',0,1500,0,'Alma',0,1500,0,'Alma',0,5500,0,'Alma',0,1060,,'',0,1000,,'',0,1810,,'',0,5820,,'',0,1500,,'',0,1570,,'',0,800,,'',0,5500,,'',0,1500,,'',0,1500,,'',0,700,,'',0,1500,,'',0,5700,,'',0,1920,0,'Alma',0,2000,0,'Alma',0,6500,0,'Alma',0,2590,0,'Alma',0,6400,0,'Alma',0,2310,0,'Alma',0,2400,0,'Alma',0,6400,0,'Alma',0,2400,0,'Alma',0,6500,0,'Alma',0,2220,,'',0,2300,,'',0,5800,,'',0,1800,,'',0,1600,,'',0,1500,,'',0,4800,,'',0,1600,,'',0,1500,,'',0,1300,,'',0,5280,,'',0,1200,,'',0,600,,'',0,1900,,'',0,1300,,'',0,5800,0,'Alma',0,510,0,'Alma',0,1800,0,'Alma',0,890,0,'Alma',0,900,0,'Alma',0,720,0,'Alma',0,4900,0,'Alma',0,1000,0,'Alma',0,1000,0,'Alma',0,1000,0,'Alma',0,2000,0,'Alma',0,5500,0,'Alma',0,1500,0,'Alma',0,1500,0,'Alma',0,1500,0,'Alma',0,5500,0,'Alma',0,1500,0,'Alma',0,1500,0,'Alma',0,1500,0,'Alma',0,5500,0,'Alma',0,1400,0,'Alma',0,1500,0,'Alma',0,1500,0,'Alma',0,5500,0,'Alma',0,1450,0,'Alma',0,1500,0,'Alma',0,1500,0,'Alma',0,5500,0,'Alma',0,1200,0,'Alma',0,1500,0,'Alma',0
'2merged15072432',661901,54510,0,'Alma',0,6000,0,'Alma',0,2000,0,'Alma',0,2000,0,'Alma',0,6000,0,'Alma',0,2000,0,'Alma',0,1400,0,'Alma',0,1500,0,'Alma',0,5500,0,'Alma',0,1840,0,'Alma',0,1600,0,'Alma',0,1500,0,'Alma',0,5500,0,'Alma',0,1500,0,'Alma',0,1500,0,'Alma',0,1600,0,'Alma',0,5500,0,'Alma',0,1200,0,'Alma',0,1200,0,'Alma',0,1200,0,'Alma',0,5380,0,'Alma',0,1200,0,'Alma',0,1200,0,'Alma',0,1200,0,'Alma',0,1200,0,'Alma',0,5400,0,'Alma',0,1200,0,'Alma',0,1200,0,'Alma',0,1200,0,'Alma',0,1200,0,'Alma',0,5290,0,'Alma',0,1200,0,'Alma',0,1200,0,'Alma',0,1200,0,'Alma',0,1200,0,'Alma',0,5200,0,'Alma',0,1200,0,'Alma',0,910,0,'Alma',0,1000,0,'Alma',0,1000,0,'Alma',0,1000,0,'Alma',0,5000,0,'Alma',0,1000,0,'Alma',0,810,0,'Alma',0,1000,0,'Alma',0,1000,0,'Alma',0,1000,0,'Alma',0,5000,0,'Alma',0,1000,0,'Alma',0,900,0,'Alma',0,1000,0,'Alma',0,1000,0,'Alma',0,1000,0,'Alma',0,5000,0,'Alma',0,1000,0,'Alma',0,1000,0,'Alma',0,1000,0,'Alma',0,1000,0,'Alma',0,910,0,'Alma',0,5000,0,'Alma',0,900,0,'Alma',0,900,0,'Alma',0,900,0,'Alma',0,900,0,'Alma',0,900,0,'Alma',0,900,0,'Alma',0,5900,0,'Alma',0,1200,0,'Alma',0,1400,0,'Alma',0,1500,0,'Alma',0,5500,0,'Alma',0,1300,0,'Alma',0,1500,0,'Alma',0,1500,0,'Alma',0,5500,0,'Alma',0,1400,0,'Alma',0,1500,0,'Alma',0,1500,0,'Alma',0,5400,0,'Alma',0,1100,0,'Alma',0,1200,0,'Alma',0,1500,0,'Alma',0,5500,0,'Alma',0,1160,0,'Alma',0,1500,0,'Alma',0,1400,0,'Alma',0,1400,0,'Alma',0,5400,0,'Alma',0,1500,0,'Alma',0,1500,0,'Alma',0
'3merged15072431',661901,53400,0,'Alma',0,2300,0,'Alma',0,5610,0,'Alma',0,2000,0,'Alma',0,2300,0,'Alma',0,6200,0,'Alma',0,2000,0,'Alma',0,2000,0,'Alma',0,5700,0,'Alma',0,1500,0,'Alma',0,1590,0,'Alma',0,5500,0,'Alma',0,1650,0,'Alma',0,1500,0,'Alma',0,1800,0,'Alma',0,5600,0,'Alma',0,1600,0,'Alma',0,1500,0,'Alma',0,1600,0,'Alma',0,5500,0,'Alma',0,1300,0,'Alma',0,1000,0,'Alma',0,1000,0,'Alma',0,1000,0,'Alma',0,5000,0,'Alma',0,1000,0,'Alma',0,1000,0,'Alma',0,1000,0,'Alma',0,1100,0,'Alma',0,1280,0,'Alma',0,5000,0,'Alma',0,1100,0,'Alma',0,810,0,'Alma',0,1000,0,'Alma',0,1000,0,'Alma',0,1000,0,'Alma',0,5000,0,'Alma',0,1000,0,'Alma',0,1000,0,'Alma',0,1000,0,'Alma',0,1000,0,'Alma',0,1000,0,'Alma',0,5000,0,'Alma',0,1000,0,'Alma',0,1000,0,'Alma',0,1000,0,'Alma',0,1000,0,'Alma',0,900,0,'Alma',0,5000,0,'Alma',0,1000,0,'Alma',0,1000,0,'Alma',0,1000,0,'Alma',0,1000,0,'Alma',0,1000,0,'Alma',0,5000,0,'Alma',0,1000,0,'Alma',0,1000,0,'Alma',0,1000,0,'Alma',0,1000,0,'Alma',0,1000,0,'Alma',0,5000,0,'Alma',0,800,0,'Alma',0,1000,0,'Alma',0,1500,0,'Alma',0,1400,0,'Alma',0,5500,0,'Alma',0,1700,0,'Alma',0,1500,0,'Alma',0,1400,0,'Alma',0,5400,0,'Alma',0,1400,0,'Alma',0,1210,0,'Alma',0,1500,0,'Alma',0,5500,0,'Alma',0,1500,0,'Alma',0,1250,0,'Alma',0,1500,0,'Alma',0,1500,0,'Alma',0,5500,0,'Alma',0,1310,0,'Alma',0,1400,0,'Alma',0,1390,0,'Alma',0,5610,0,'Alma',0,1400,0,'Alma',0,1500,0,'Alma',0,1390,0,'Alma',0,5610,0,'Alma',0,1400,0,'Alma',0,1400,0,'Alma',0
'6',661901,53400,0,'Alma',0,2300,0,'Alma',0,5610,0,'Alma',0,2000,0,'Alma',0,2300,0,'Alma',0,6200,0,'Alma',0,2000,0,'Alma',0,2000,0,'Alma',0,5700,0,'Alma',0,1500,0,'Alma',0,1590,0,'Alma',0,5500,0,'Alma',0,1650,0,'Alma',0,1500,0,'Alma',0,1800,0,'Alma',0,5600,0,'Alma',0,1600,0,'Alma',0,1500,0,'Alma',0,1600,0,'Alma',0,5500,0,'Alma',0,1300,0,'Alma',0,1000,0,'Alma',0,1000,0,'Alma',0,1000,0,'Alma',0,5000,0,'Alma',0,1000,0,'Alma',0,1000,0,'Alma',0,1000,0,'Alma',0,1100,0,'Alma',0,1280,0,'Alma',0,5000,0,'Alma',0,1100,0,'Alma',0,810,0,'Alma',0,1000,0,'Alma',0,1000,0,'Alma',0,1000,0,'Alma',0,5000,0,'Alma',0,1000,0,'Alma',0,1000,0,'Alma',0,1000,0,'Alma',0,1000,0,'Alma',0,1000,0,'Alma',0,5000,0,'Alma',0,1000,0,'Alma',0,1000,0,'Alma',0,1000,0,'Alma',0,1000,0,'Alma',0,900,0,'Alma',0,5000,0,'Alma',0,1000,0,'Alma',0,1000,0,'Alma',0,1000,0,'Alma',0,1000,0,'Alma',0,1000,0,'Alma',0,5000,0,'Alma',0,1000,0,'Alma',0,1000,0,'Alma',0,1000,0,'Alma',0,1000,0,'Alma',0,1000,0,'Alma',0,5000,0,'Alma',0,800,0,'Alma',0,1000,0,'Alma',0,1500,0,'Alma',0,1400,0,'Alma',0,5500,0,'Alma',0,1700,0,'Alma',0,1500,0,'Alma',0,1400,0,'Alma',0,5400,0,'Alma',0,1400,0,'Alma',0,1210,0,'Alma',0,1500,0,'Alma',0,5500,0,'Alma',0,1500,0,'Alma',0,1250,0,'Alma',0,1500,0,'Alma',0,1500,0,'Alma',0,5500,0,'Alma',0,1310,0,'Alma',0,1400,0,'Alma',0,1390,0,'Alma',0,5610,0,'Alma',0,1400,0,'Alma',0,1500,0,'Alma',0,1390,0,'Alma',0,5610,0,'Alma',0,1400,0,'Alma',0,1400,0,'Alma',0
'1merged15072430',683301,263000,,'',0,1400,,'',0,5900,,'',0,3200,,'',0
'2merged15072432',683301,263100,,'',0,1700,,'',0,6000,,'',0,2100,,'',0
'35301',683301,274300,,'',0
'3merged15072431',683301,263010,,'',0,7000,,'',0,3000,,'',0
'6',683301,263010,,'',0,7000,,'',0,3000,,'',0
'152201merged15072435',1671801,212840,,'',0,1310,,'',0,1600,,'',0,5500,,'',0,1300,,'',0,1500,,'',0,6000,,'',0,2100,,'',0,1850,,'',0,6000,,'',0,3000,,'',0,1500,,'',0,5500,,'',0,1500,,'',0,1500,,'',0,7000,,'',0,500,,'',0
'152301merged15072436',1671801,212840,,'',0,1310,,'',0,1600,,'',0,5500,,'',0,1300,,'',0,1500,,'',0,6000,,'',0,2100,,'',0,1850,,'',0,6000,,'',0,3000,,'',0,1500,,'',0,5500,,'',0,1500,,'',0,1500,,'',0,7000,,'',0,500,,'',0
'1merged15072430',1671801,34910,,'',0,7000,,'',0,3790,,'',0,6900,,'',0,3000,,'',0,6100,,'',0,1400,,'',0,1300,,'',0,1450,,'',0,5400,,'',0,1390,,'',0,1600,,'',0,1590,,'',0,5500,,'',0,1890,,'',0,1500,,'',0,5600,,'',0,1310,,'',0,1500,,'',0,1400,,'',0,1400,,'',0,5400,,'',0,1700,,'',0,1400,,'',0,5590,,'',0,1500,,'',0,1600,,'',0,1500,,'',0,5500,,'',0,1500,,'',0,1500,,'',0,1500,,'',0,5590,,'',0,1500,,'',0,1600,,'',0,1500,,'',0,5600,,'',0,1500,,'',0,1500,,'',0,1500,,'',0,5500,,'',0,1600,,'',0,1500,,'',0,1500,,'',0,5300,,'',0,1200,,'',0,1200,,'',0,1100,,'',0,1000,,'',0,5200,,'',0,1000,,'',0,1100,,'',0,1200,,'',0,1200,,'',0,1200,,'',0,5200,,'',0,1200,,'',0,1100,,'',0,910,,'',0,1400,,'',0,5500,,'',0,1300,,'',0,1500,,'',0,1400,,'',0,4900,,'',0,1410,,'',0,1500,,'',0,1210,,'',0,1500,,'',0,5500,,'',0
'2merged15072432',1671801,35010,,'',0,7000,,'',0,3800,,'',0,7900,,'',0,7500,,'',0,1890,,'',0,1500,,'',0,5400,,'',0,1600,,'',0,1500,,'',0,1650,,'',0,5700,,'',0,1600,,'',0,1500,,'',0,1690,,'',0,5600,,'',0,1690,,'',0,1600,,'',0,1500,,'',0,5800,,'',0,1600,,'',0,1600,,'',0,5600,,'',0,1000,,'',0,1390,,'',0,1300,,'',0,1690,,'',0,5200,,'',0,1100,,'',0,1200,,'',0,1200,,'',0,1300,,'',0,5200,,'',0,1100,,'',0,1000,,'',0,1000,,'',0,1000,,'',0,1000,,'',0,5000,,'',0,1100,,'',0,1000,,'',0,1000,,'',0,1000,,'',0,5000,,'',0,1000,,'',0,1000,,'',0,1000,,'',0,1000,,'',0,1000,,'',0,5000,,'',0,1000,,'',0,1000,,'',0,1000,,'',0,1000,,'',0,1000,,'',0,5000,,'',0,1000,,'',0,1000,,'',0,1000,,'',0,810,,'',0,1000,,'',0,1000,,'',0,5000,,'',0,900,,'',0,1100,,'',0,1200,,'',0,910,,'',0,5300,,'',0,1200,,'',0,1100,,'',0,1400,,'',0,1300,,'',0,5110,,'',0,1500,,'',0,1500,,'',0,1500,,'',0,5400,,'',0,1500,,'',0,1300,,'',0,1400,,'',0,1500,,'',0,5500,,'',0,1500,,'',0,1810,,'',0,6000,,'',0,2000,,'',0,1900,,'',0,6100,,'',0,2200,,'',0,3000,,'',0,7000,,'',0,3000,,'',0,5000,,'',0
'3merged15072431',1671801,34710,,'',0,7000,,'',0,3600,,'',0,7500,,'',0,2800,,'',0,8890,,'',0,6400,,'',0,2200,,'',0,2000,,'',0,5700,,'',0,1700,,'',0,1600,,'',0,1850,,'',0,5590,,'',0,1500,,'',0,1600,,'',0,5500,,'',0,1500,,'',0,1500,,'',0,1990,,'',0,5500,,'',0,1500,,'',0,1500,,'',0,1690,,'',0,5500,,'',0,1500,,'',0,1500,,'',0,1500,,'',0,5300,,'',0,1200,,'',0,1200,,'',0,1100,,'',0,1390,,'',0,5200,,'',0,1200,,'',0,1200,,'',0,1200,,'',0,1200,,'',0,5200,,'',0,1010,,'',0,1200,,'',0,1200,,'',0,1200,,'',0,5200,,'',0,1200,,'',0,1200,,'',0,1200,,'',0,1200,,'',0,5200,,'',0,1400,,'',0,1200,,'',0,1300,,'',0,1110,,'',0,5200,,'',0,1300,,'',0,1300,,'',0,1300,,'',0,5500,,'',0,1400,,'',0,1500,,'',0,1900,,'',0,5100,,'',0,1500,,'',0,1500,,'',0,1500,,'',0,5500,,'',0,1500,,'',0,1500,,'',0,1410,,'',0,1500,,'',0,5500,,'',0,1310,,'',0,1900,,'',0,6000,,'',0,2000,,'',0,1900,,'',0,6100,,'',0,2400,,'',0,7000,,'',0,3000,,'',0,7000,,'',0,700,,'',0
'6',1671801,34710,,'',0,7000,,'',0,3600,,'',0,7500,,'',0,2800,,'',0,8890,,'',0,6400,,'',0,2200,,'',0,2000,,'',0,5700,,'',0,1700,,'',0,1600,,'',0,1850,,'',0,5590,,'',0,1500,,'',0,1600,,'',0,5500,,'',0,1500,,'',0,1500,,'',0,1990,,'',0,5500,,'',0,1500,,'',0,1500,,'',0,1690,,'',0,5500,,'',0,1500,,'',0,1500,,'',0,1500,,'',0,5300,,'',0,1200,,'',0,1200,,'',0,1100,,'',0,1390,,'',0,5200,,'',0,1200,,'',0,1200,,'',0,1200,,'',0,1200,,'',0,5200,,'',0,1010,,'',0,1200,,'',0,1200,,'',0,1200,,'',0,5200,,'',0,1200,,'',0,1200,,'',0,1200,,'',0,1200,,'',0,5200,,'',0,1400,,'',0,1200,,'',0,1300,,'',0,1110,,'',0,5200,,'',0,1300,,'',0,1300,,'',0,1300,,'',0,5500,,'',0,1400,,'',0,1500,,'',0,1900,,'',0,5100,,'',0,1500,,'',0,1500,,'',0,1500,,'',0,5500,,'',0,1500,,'',0,1500,,'',0,1410,,'',0,1500,,'',0,5500,,'',0,1310,,'',0,1900,,'',0,6000,,'',0,2000,,'',0,1900,,'',0,6100,,'',0,2400,,'',0,7000,,'',0,3000,,'',0,7000,,'',0,700,,'',0
