665001,'1',610,,15521,11,,,0,12,,15507,11,,,0,15,,15506,11,,,0,14,,15505,11,,,0,57,,15504,11,,,0,14,,15503,11,,,0,15,,15502,11,,,0,16,,15501,11,,,0,57,,15500,11,,,0,17,,15499,11,,,0,16,,15498,11,,,0,15,,15497,11,,,0,54,,15496,11,,,0,16,,15495,11,,,0,21,,15523,11,,,0,71,,15519,11,,,0,30,,15518,11,,,0,71,,15481,11,,,0,30,,15480,11,,,0,70,,15479,11,,,0,33,,15488,11,,,0,70,,15486,11,,,0,30,,15485,11,,,0,75,,15520,11,,,0,26,,15483,11,,,0,56,,15494,11,,,0,18,,15493,11,,,0,15,,15492,11,,,0,15,,15491,11,,,0,55,,15522,11,,,0,15,,15490,11,,,0,16,,15508,11,,,0,13,,15517,11,,,0,54,,15516,11,,,0,13,,15515,11,,,0,13,,15514,11,,,0,14,,15513,11,,,0,53,,15512,11,,,0,15,,15511,11,,,0,17,,15510,11,,,0,21,,15509,11,,,0,69,,15484,11,,,0,31,,15487,11,,,0,67,,15529,11,,,0,29,,15528,11,,,0,70,,15527,11,,,0,32,,15530,11,,,0,68,,15489,11,,,0,28,,15526,11,,,0,69,,15525,11,,,0,31,,15524,11,,,0,100,,15482,11,,,0
665001,'2',644,,15558,11,,,0,71,,15559,11,,,0,39,,15560,11,,,0,69,,15545,11,,,0,32,,15535,11,,,0,72,,15533,11,,,0,25,,15536,11,,,0,70,,15537,11,,,0,30,,15538,11,,,0,70,,15539,11,,,0,31,,15540,11,,,0,72,,15541,11,,,0,31,,15543,11,,,0,70,,15554,11,,,0,32,,15565,11,,,0,71,,15544,11,,,0,30,,15553,11,,,0,71,,15547,11,,,0,26,,15532,11,,,0,72,,15546,11,,,0,72,,15557,11,,,0,28,,15556,11,,,0,31,,15549,11,,,0,69,,15550,11,,,0,30,,15551,11,,,0,69,,15552,11,,,0,31,,15548,11,,,0,72,,15555,11,,,0,71,,15542,11,,,0,29,,15561,11,,,0,70,,15562,11,,,0,31,,15563,11,,,0,28,,15564,11,,,0,65,,15531,11,,,0,32,,15566,11,,,0,98,,15534,11,,,0
665001,'3',741,,15585,11,,,0,76,,15591,11,,,0,31,,15567,11,,,0,72,,15569,11,,,0,30,,15576,11,,,0,71,,15575,11,,,0,30,,15583,11,,,0,71,,15577,11,,,0,32,,15578,11,,,0,69,,15588,11,,,0,30,,15586,11,,,0,69,,15587,11,,,0,25,,15589,11,,,0,70,,15590,11,,,0,31,,15580,11,,,0,69,,15570,11,,,0,31,,15592,11,,,0,70,,15593,11,,,0,31,,15594,11,,,0,69,,15595,11,,,0,27,,15596,11,,,0,69,,15582,11,,,0,30,,15597,11,,,0,78,,15598,11,,,0,34,,15574,11,,,0,69,,15572,11,,,0,30,,15571,11,,,0,70,,15579,11,,,0,29,,15599,11,,,0,71,,15573,11,,,0,29,,15581,11,,,0,69,,15584,11,,,0,100,,15568,11,,,0
666701,'1',517,,19499,48,,,0,18,,19539,48,,,0,22,,19472,48,,,0,63,,19473,48,,,0,20,,19474,48,,,0,19,,19475,48,,,0,51,,19476,48,,,0,8,,19477,48,,,0,12,,19478,48,,,0,14,,19543,48,,,0,57,,19544,48,,,0,18,,19479,48,,,0,14,,19480,48,,,0,20,,19481,48,,,0,70,,19482,48,,,0,14,,19483,48,,,0,12,,19484,48,,,0,54,,19542,48,,,0,15,,19500,48,,,0,15,,19501,48,,,0,16,,19538,48,,,0,55,,19485,48,,,0,16,,19486,48,,,0,15,,19487,48,,,0,16,,19488,48,,,0,54,,19489,48,,,0,17,,19490,48,,,0,15,,19491,48,,,0,16,,19541,48,,,0,55,,19502,48,,,0,15,,19503,48,,,0,15,,19537,48,,,0,13,,19492,48,,,0,55,,19493,48,,,0,15,,19494,48,,,0,15,,19495,48,,,0,19,,19496,48,,,0,56,,19497,48,,,0,16,,19498,48,,,0,15,,19540,48,,,0,15,,19504,48,,,0,52,,19505,48,,,0,15,,19536,48,,,0,15,,19506,48,,,0,15,,19507,48,,,0,55,,19508,48,,,0,15,,19509,48,,,0,14,,19510,48,,,0,14,,19511,48,,,0,51,,19512,48,,,0,18,,19513,48,,,0,15,,19535,48,,,0,14,,19520,48,,,0,55,,19532,48,,,0,13,,19533,48,,,0,15,,19514,48,,,0,13,,19515,48,,,0,55,,19516,48,,,0,14,,19517,48,,,0,15,,19518,48,,,0,15,,19519,48,,,0,55,,19534,48,,,0,17,,19521,48,,,0,18,,19531,48,,,0,19,,19522,48,,,0,67,,19523,48,,,0,30,,19524,48,,,0,72,,19525,48,,,0,31,,19526,48,,,0,70,,19527,48,,,0,26,,19528,48,,,0,70,,19529,48,,,0,30,,19530,48,,,0
666701,'101',909,,19545,48,,,0
666701,'2',627,,19554,48,,,0,30,,19555,48,,,0,60,,19572,48,,,0,22,,19573,48,,,0,20,,19569,48,,,0,55,,19574,48,,,0,16,,19575,48,,,0,14,,19576,48,,,0,57,,19577,48,,,0,11,,19578,48,,,0,11,,19546,48,,,0,10,,19579,48,,,0,16,,19580,48,,,0,54,,19581,48,,,0,13,,19582,48,,,0,16,,19583,48,,,0,21,,19584,48,,,0,55,,19585,48,,,0,16,,19586,48,,,0,16,,19587,48,,,0,16,,19589,48,,,0,55,,19590,48,,,0,14,,19591,48,,,0,17,,19588,48,,,0,15,,19592,48,,,0,54,,19568,48,,,0,14,,19593,48,,,0,16,,19594,48,,,0,14,,19595,48,,,0,55,,19597,48,,,0,15,,19598,48,,,0,15,,19599,48,,,0,17,,19600,48,,,0,55,,19601,48,,,0,15,,19602,48,,,0,15,,19603,48,,,0,16,,19604,48,,,0,52,,19605,48,,,0,15,,19606,48,,,0,12,,19607,48,,,0,18,,19608,48,,,0,55,,19609,48,,,0,14,,19610,48,,,0,15,,19611,48,,,0,15,,19612,48,,,0,54,,19547,48,,,0,14,,19548,48,,,0,21,,19549,48,,,0,15,,19550,48,,,0,48,,19571,48,,,0,16,,19551,48,,,0,15,,19552,48,,,0,15,,19570,48,,,0,54,,19553,48,,,0,16,,19557,48,,,0,19,,19556,48,,,0,17,,19558,48,,,0,59,,19559,48,,,0,32,,19596,48,,,0,73,,19560,48,,,0,31,,19561,48,,,0,75,,19562,48,,,0,28,,19563,48,,,0,69,,19564,48,,,0,32,,19565,48,,,0,70,,19566,48,,,0,25,,19567,48,,,0
666701,'201',909,,19613,48,,,0
666701,'3',736,,19629,48,,,0,20,,19630,48,,,0,57,,19615,48,,,0,16,,19631,48,,,0,15,,19632,48,,,0,56,,19628,48,,,0,13,,19614,48,,,0,13,,19633,48,,,0,13,,19634,48,,,0,12,,19635,48,,,0,52,,19636,48,,,0,11,,19637,48,,,0,19,,19638,48,,,0,16,,19639,48,,,0,55,,19640,48,,,0,14,,19641,48,,,0,16,,19642,48,,,0,15,,19643,48,,,0,55,,19644,48,,,0,15,,19623,48,,,0,15,,19624,48,,,0,18,,19625,48,,,0,58,,19645,48,,,0,12,,19646,48,,,0,15,,19647,48,,,0,17,,19648,48,,,0,55,,19649,48,,,0,16,,19650,48,,,0,15,,19651,48,,,0,12,,19652,48,,,0,56,,19653,48,,,0,16,,19654,48,,,0,15,,19622,48,,,0,14,,19655,48,,,0,54,,19656,48,,,0,16,,19657,48,,,0,17,,19658,48,,,0,15,,19659,48,,,0,53,,19660,48,,,0,18,,19661,48,,,0,10,,19662,48,,,0,15,,19663,48,,,0,55,,19664,48,,,0,15,,19665,48,,,0,14,,19666,48,,,0,15,,19667,48,,,0,55,,19627,48,,,0,16,,19668,48,,,0,11,,19669,48,,,0,16,,19626,48,,,0,55,,19670,48,,,0,14,,19671,48,,,0,19,,19672,48,,,0,21,,19673,48,,,0,67,,19674,48,,,0,29,,19675,48,,,0,69,,19616,48,,,0,34,,19617,48,,,0,67,,19618,48,,,0,30,,19619,48,,,0,70,,19620,48,,,0,31,,19621,48,,,0
683801,'1',2510,,38517,15,,,0,29,,38513,15,,,0,70,,38512,15,,,0,30,,38511,15,,,0,73,,38514,15,,,0,27,,38515,15,,,0,69,,38516,15,,,0,40,,38509,15,,,0,70,,38510,15,,,0
683801,'2',2539,,38519,15,,,0,76,,38521,15,,,0,22,,38520,15,,,0,20,,38522,15,,,0,60,,38523,15,,,0,20,,38524,15,,,0,20,,38525,15,,,0,70,,38526,15,,,0,30,,38527,15,,,0,69,,38518,15,,,0
683801,'3',2537,,38529,15,,,0,70,,38528,15,,,0,30,,38530,15,,,0,80,,38531,15,,,0,17,,38532,15,,,0,74,,38533,15,,,0,30,,38534,15,,,0,80,,38535,15,,,0
