674101,'1',620,,32992,11,0,88 49,0,17,,32993,11,0,89 90 12,0,15,,32994,11,0,88 49,0,58,,32995,11,,,0,16,,32996,11,,,0,19,,32997,11,,,0,56,,32998,11,,,0,7,,32999,11,0,89 90 12,0,18,,33000,11,,,0,16,,33001,11,,,0,15,,33002,11,,,0,53,,33003,11,,,0,17,,33004,11,,,0,22,,33005,11,,,0,65,,33006,11,,,0,19,,33007,11,,,0,20,,33047,11,,,0,59,,33008,11,,,0,20,,33048,11,,,0,22,,33009,11,,,0,60,,33010,11,,,0,21,,33049,11,,,0,20,,33011,11,,,0,60,,33012,11,,,0,20,,33050,11,,,0,22,,33013,11,,,0,50,,33014,11,,,0,19,,33015,11,,,0,15,,33016,11,,,0,15,,33017,11,,,0,55,,33018,11,,,0,15,,33019,11,,,0,16,,33020,11,0,89 90 12,0,15,,33021,11,,,0,55,,33022,11,,,0,31,,33024,11,0,88 49,0,11,,33025,11,,,0,52,,33026,11,,,0,26,,33028,11,0,88 49,0,69,,33030,11,,,0,33,,33032,11,,,0,15,,33033,11,,,0,53,,33034,11,,,0,20,,33035,11,,,0,20,,33036,11,,,0,60,,33037,11,,,0,20,,33038,11,,,0,20,,33039,11,,,0,60,,33040,11,,,0,25,,33041,11,,,0,31,,33042,11,,,0,68,,33043,11,,,0,111,,33044,11,,,0,94,,33045,11,,,0,181,,33046,11,,,0
674101,'2',540,,33071,11,,,0,90,,33070,11,,,0,90,,33069,11,,,0,20,,33100,11,,,0,60,,33068,11,,,0,21,,33067,11,,,0,20,,33101,11,,,0,60,,33066,11,,,0,20,,33060,11,,,0,20,,33102,11,,,0,60,,33065,11,,,0,20,,33064,11,,,0,20,,33063,11,,,0,60,,33052,11,,,0,21,,33062,11,,,0,19,,33061,11,,,0,60,,33051,11,,,0,20,,33059,11,,,0,20,,33058,11,,,0,60,,33094,11,,,0,21,,33057,11,,,0,20,,33056,11,,,0,60,,33093,11,,,0,20,,33055,11,,,0,20,,33054,11,,,0,15,,33099,11,,,0,55,,33092,11,,,0,15,,33053,11,,,0,15,,33088,11,,,0,15,,33091,11,,,0,55,,33095,11,,,0,15,,33087,11,,,0,15,,33086,11,,,0,15,,33090,11,,,0,55,,33096,11,,,0,15,,33085,11,,,0,15,,33084,11,,,0,17,,33089,11,,,0,55,,33097,11,,,0,13,,33083,11,,,0,15,,33082,11,,,0,15,,33098,11,,,0,60,,33081,11,,,0,32,,33080,11,,,0,70,,33079,11,,,0,30,,33078,11,,,0,70,,33077,11,,,0,35,,33076,11,,,0,76,,33075,11,,,0,100,,33074,11,,,0,110,,33073,11,,,0,164,,33072,11,,,0
674101,'3',538,,33123,11,,,0,89,,33122,11,,,0,91,,33121,11,,,0,28,,33120,11,,,0,70,,33119,11,,,0,23,,33152,11,,,0,19,,33118,11,,,0,59,,33112,11,,,0,21,,33153,11,,,0,20,,33117,11,,,0,61,,33116,11,,,0,21,,33115,11,,,0,62,,33104,11,,,0,21,,33114,11,,,0,21,,33113,11,,,0,60,,33103,11,,,0,20,,33111,11,,,0,20,,33110,11,,,0,60,,33146,11,,,0,20,,33109,11,,,0,20,,33108,11,,,0,60,,33145,11,,,0,20,,33107,11,,,0,20,,33106,11,,,0,56,,33144,11,,,0,15,,33105,11,,,0,15,,33147,11,,,0,16,,33140,11,,,0,56,,33143,11,,,0,16,,33139,11,,,0,15,,33148,11,,,0,15,,33138,11,,,0,55,,33142,11,,,0,15,,33137,11,,,0,15,,33149,11,,,0,15,,33136,11,,,0,55,,33141,11,,,0,15,,33135,11,,,0,15,,33150,11,,,0,19,,33134,11,,,0,60,,33133,11,,,0,20,,33151,11,,,0,20,,33132,11,,,0,67,,33131,11,,,0,30,,33130,11,,,0,70,,33129,11,,,0,34,,33128,11,,,0,76,,33127,11,,,0,100,,33126,11,,,0,110,,33125,11,,,0,164,,33124,11,,,0
682201,'1',606,,37663,35,,,0,20,,37674,35,,,0,15,,37653,36,,,0,5,,37679,35,,,0,57,,37664,35,,,0,20,,37680,35,,,0,22,,37683,35,,,0,60,,37684,35,,,0,23,,37665,35,,,0,22,,37681,35,,,0,71,,37666,35,,,0,27,,37658,35,,,0,70,,37667,35,,,0,30,,37659,35,,,0,65,,37668,35,,,0,29,,37660,35,,,0,71,,37669,35,,,0,32,,37661,35,,,0,72,,37670,35,,,0,32,,37662,35,,,0,73,,37671,35,,,0,30,,37678,35,,,0,53,,37655,36,,,0,9,,37685,35,,,0,21,,37672,35,,,0,20,,37682,35,,,0,60,,37686,35,,,0,20,,37675,35,,,0,15,,37654,36,,,0,9,,37656,35,,,0,61,,37687,35,,,0,20,,37676,35,,,0,19,,37657,35,,,0,60,,37688,35,,,0,20,,37677,35,,,0,64,,37673,35,,,0,23,,37689,35,,,0,30,,37690,35,,,0,78,,37691,35,,,0,79,,37692,35,,,0,100,,37693,35,,,0
682201,'2',717,,37707,35,,,0,35,,37708,35,,,0,60,,37722,36,,,0,11,,37704,35,,,0,30,,37695,35,,,0,69,,37694,35,,,0,30,,37706,35,,,0,70,,37709,35,,,0,30,,37696,35,,,0,70,,37710,35,,,0,30,,37697,35,,,0,70,,37711,35,,,0,31,,37698,35,,,0,70,,37712,35,,,0,30,,37699,35,,,0,55,,37723,36,,,0,18,,37713,35,,,0,29,,37700,35,,,0,71,,37714,35,,,0,32,,37701,35,,,0,48,,37724,36,,,0,21,,37715,35,,,0,32,,37702,35,,,0,71,,37716,35,,,0,72,,37703,35,,,0,30,,37717,35,,,0,27,,37705,35,,,0,70,,37718,35,,,0,27,,37719,35,,,0,67,,37720,35,,,0,31,,37721,35,,,0,100,,37725,35,,,0
682201,'3',745,,37738,35,,,0,71,,37753,36,,,0,6,,37727,35,,,0,30,,37728,35,,,0,70,,37726,35,,,0,30,,37729,35,,,0,70,,37740,35,,,0,30,,37730,35,,,0,69,,37741,35,,,0,30,,37731,35,,,0,70,,37742,35,,,0,30,,37732,35,,,0,70,,37743,35,,,0,30,,37733,35,,,0,7,,37754,36,,,0,64,,37744,35,,,0,30,,37734,35,,,0,70,,37745,35,,,0,31,,37735,35,,,0,47,,37755,36,,,0,25,,37746,35,,,0,29,,37736,35,,,0,69,,37747,35,,,0,31,,37737,35,,,0,68,,37748,35,,,0,30,,37739,35,,,0,71,,37749,35,,,0,29,,37750,35,,,0,70,,37751,35,,,0,31,,37752,35,,,0,100,,37756,35,,,0
682500,'1',812,,37879,7,,,0,96,,37881,7,,,0,100,,37884,7,,,0,100,,37886,7,,,0,100,,37887,7,,,0,100,,37889,7,,,0,100,,37891,7,,,0,100,,37894,7,,,0,100,,37896,7,,,0,100,,37899,7,,,0,100,,37877,7,,,0,100,,37878,7,,,0
682500,'2',913,,37906,7,,,0,100,,37904,7,,,0,100,,37902,7,,,0,100,,37900,7,,,0,100,,37919,7,,,0,100,,37917,7,,,0,100,,37915,7,,,0,100,,37913,7,,,0,100,,37911,7,,,0,100,,37909,7,,,0,100,,37907,7,,,0
682500,'3',943,,37921,7,,,0,80,,37922,7,,,0,80,,37923,7,,,0,40,,37924,7,,,0,80,,37925,7,,,0,80,,37926,7,,,0,40,,37927,7,,,0,80,,37928,7,,,0,80,,37929,7,,,0,40,,37930,7,,,0,80,,37931,7,,,0,80,,37932,7,,,0,40,,37933,7,,,0,80,,37934,7,,,0
1169601,'1',452,,40374,7,,,0,70,,40375,7,,,0,30,,40376,7,,,0,70,,40377,7,,,0,30,,40378,7,,,0,70,,40379,7,,,0,30,,40380,7,,,0,70,,40381,7,,,0,30,,40382,7,,,0,70,,40402,7,,,0,30,,40383,7,,,0,70,,40403,7,,,0,30,,40384,7,,,0,70,,40404,7,,,0,30,,40385,7,,,0,70,,40405,7,,,0,30,,40386,7,,,0,70,,40406,7,,,0,30,,40387,7,,,0,70,,40407,7,,,0,30,,40388,7,,,0,70,,40399,7,,,0,30,,40389,7,,,0,70,,40390,7,,,0,30,,40391,7,,,0,70,,40392,7,,,0,30,,40393,7,,,0,70,,40394,7,,,0,30,,40395,7,,,0,70,,40408,7,,,0,30,,40396,7,,,0,70,,40409,7,,,0,30,,40397,7,,,0,70,,40410,7,,,0,30,,40398,7,,,0,70,,40411,7,,,0,30,,40400,7,,,0,70,,40412,7,,,0,30,,40401,7,,,0
1169601,'2',617,,40413,7,,,0,30,,40414,7,,,0,70,,40441,7,,,0,30,,40415,7,,,0,70,,40416,7,,,0,30,,40442,7,,,0,70,,40417,7,,,0,30,,40418,7,,,0,70,,40419,7,,,0,30,,40420,7,,,0,70,,40421,7,,,0,30,,40422,7,,,0,70,,40423,7,,,0,30,,40424,7,,,0,70,,40425,7,,,0,30,,40426,7,,,0,70,,40427,7,,,0,30,,40428,7,,,0,68,,40429,7,,,0,32,,40430,7,,,0,70,,40431,7,,,0,30,,40432,7,,,0,70,,40433,7,,,0,30,,40434,7,,,0,70,,40435,7,,,0,30,,40436,7,,,0,70,,40437,7,,,0,30,,40438,7,,,0,70,,40443,7,,,0,30,,40439,7,,,0,70,,40444,7,,,0,30,,40440,7,,,0
1169601,'3',647,,40445,7,,,0,70,,40469,7,,,0,30,,40446,7,,,0,70,,40447,7,,,0,30,,40470,7,,,0,70,,40448,7,,,0,30,,40449,7,,,0,70,,40450,7,,,0,30,,40451,7,,,0,70,,40452,7,,,0,30,,40453,7,,,0,70,,40454,7,,,0,30,,40455,7,,,0,70,,40456,7,,,0,30,,40457,7,,,0,70,,40458,7,,,0,28,,40459,7,,,0,73,,40460,7,,,0,29,,40461,7,,,0,71,,40462,7,,,0,29,,40463,7,,,0,70,,40464,7,,,0,30,,40465,7,,,0,70,,40466,7,,,0,30,,40467,7,,,0,70,,40471,7,,,0,30,,40468,7,,,0,70,,40472,7,,,0,30,,40473,7,,,0
