661400,'152201_merged_15291799',2042,,59148,5,0,10,0,60,,59149,5,0,10,0,20,,59153,5,0,10,0,21,,59150,5,0,10,0,60,,59154,5,0,10,0,20,,59155,5,0,10,0,22,,59151,5,0,10,0,60,,59147,5,0,10,0,20,,59152,5,0,10,0,28,,59146,5,0,10,0
661400,'152301_merged_15291801',2042,,59156,5,0,10,0,60,,59157,5,0,10,0,20,,59158,5,0,10,0,21,,59159,5,0,10,0,60,,59160,5,0,10,0,20,,59161,5,0,10,0,22,,59162,5,0,10,0,60,,59163,5,0,10,0,20,,59164,5,0,10,0,28,,59165,5,0,10,0
661400,'1_merged_15291795',709,,59201,5,,,0,14,,59202,5,,,0,14,,59209,5,,,0,15,,59215,5,,,0,56,,59229,5,,,0,16,,59203,5,,,0,15,,59169,5,,,0,15,,59170,5,,,0,55,,59211,5,,,0,15,,59212,5,,,0,15,,59213,5,,,0,15,,59214,5,,,0,54,,59230,5,,,0,15,,59231,5,,,0,15,,59226,5,,,0,15,,59206,5,,,0,55,,59171,5,,,0,15,,59198,5,,,0,14,,59173,5,,,0,15,,59207,5,,,0,55,,59210,5,,,0,15,,59166,5,,,0,15,,59167,5,,,0,15,,59193,5,,,0,55,,59191,5,,,0,15,,59194,5,,,0,12,,59195,5,,,0,12,,59204,5,,,0,12,,59224,5,,,0,51,,59225,5,,,0,13,,59205,5,,,0,11,,59177,5,,,0,12,,59178,5,,,0,11,,59179,5,,,0,50,,59221,5,,,0,11,,59180,5,,,0,12,,59181,5,,,0,10,,59182,5,,,0,10,,59184,5,,,0,10,,59219,5,,,0,51,,59233,5,,,0,11,,59208,5,,,0,10,,59232,5,,,0,10,,59218,5,,,0,10,,59220,5,,,0,50,,59187,5,,,0,9,,59234,5,,,0,8,,59222,5,,,0,9,,59235,5,,,0,8,,59223,5,,,0,9,,59186,5,,,0,12,,59196,5,,,0,53,,59185,5,,,0,12,,59172,5,,,0,17,,59217,5,,,0,20,,59175,5,,,0,60,,59216,5,,,0,24,,59183,5,0,10,0,60,,59197,5,0,10,0,20,,59168,5,0,10,0
661400,'2_merged_15291797',858,,59288,5,,,0,54,,59289,5,,,0,14,,59260,5,,,0,11,,59277,5,,,0,14,,59275,5,,,0,53,,59240,5,,,0,13,,59241,5,,,0,13,,59242,5,,,0,12,,59310,5,,,0,12,,59263,5,,,0,50,,59245,5,,,0,12,,59244,5,,,0,12,,59293,5,,,0,12,,59262,5,,,0,11,,59264,5,,,0,52,,59303,5,,,0,11,,59265,5,,,0,11,,59266,5,,,0,11,,59311,5,,,0,11,,59294,5,,,0,11,,59299,5,,,0,51,,59253,5,,,0,11,,59304,5,,,0,12,,59239,5,,,0,12,,59248,5,,,0,12,,59249,5,,,0,52,,59250,5,,,0,12,,59305,5,,,0,12,,59290,5,,,0,12,,59306,5,,,0,12,,59300,5,,,0,52,,59259,5,,,0,12,,59279,5,,,0,12,,59292,5,,,0,12,,59307,5,,,0,12,,59281,5,,,0,53,,59295,5,,,0,12,,59267,5,,,0,12,,59298,5,,,0,12,,59271,5,,,0,12,,59308,5,,,0,52,,59302,5,,,0,14,,59236,5,,,0,12,,59237,5,,,0,13,,59238,5,,,0,52,,59309,5,,,0,12,,59312,5,,,0,13,,59246,5,,,0,13,,59247,5,,,0,16,,59280,5,,,0,61,,59268,5,,,0,22,,59282,5,0,10,0,20,,59296,5,0,10,0,61,,59278,5,0,10,0,20,,59283,5,0,10,0,21,,59291,5,0,10,0,62,,59251,5,0,10,0,22,,59276,5,0,10,0,60,,59255,5,0,10,0,20,,59284,5,0,10,0,22,,59254,5,0,10,0,60,,59297,5,0,10,0,19,,59274,5,0,10,0,30,,59270,5,0,10,0
661400,'3_merged_15291796',945,,59337,5,,,0,56,,59366,5,,,0,14,,59367,5,,,0,15,,59364,5,,,0,14,,59357,5,,,0,15,,59322,5,,,0,55,,59356,5,,,0,14,,59338,5,,,0,15,,59369,5,,,0,15,,59370,5,,,0,54,,59371,5,,,0,12,,59372,5,,,0,12,,59373,5,,,0,12,,59320,5,,,0,52,,59314,5,,,0,13,,59376,5,,,0,12,,59327,5,,,0,12,,59340,5,,,0,12,,59331,5,,,0,52,,59341,5,,,0,10,,59377,5,,,0,12,,59343,5,,,0,12,,59326,5,,,0,12,,59375,5,,,0,53,,59315,5,,,0,12,,59378,5,,,0,12,,59318,5,,,0,13,,59350,5,,,0,13,,59351,5,,,0,55,,59352,5,,,0,15,,59329,5,,,0,15,,59344,5,,,0,15,,59345,5,,,0,55,,59346,5,,,0,16,,59347,5,,,0,15,,59333,5,,,0,15,,59368,5,,,0,55,,59319,5,,,0,15,,59323,5,,,0,20,,59324,5,,,0,59,,59325,5,,,0,19,,59374,5,,,0,20,,59316,5,0,10,0,20,,59313,5,0,10,0,58,,59359,5,0,10,0,20,,59360,5,0,10,0,22,,59342,5,0,10,0,64,,59339,5,0,10,0,22,,59317,5,0,10,0,60,,59362,5,0,10,0,20,,59332,5,0,10,0,22,,59355,5,0,10,0,61,,59363,5,0,10,0,20,,59328,5,0,10,0,28,,59354,5,0,10,0
683300,'1_merged_15291795',2543,,96786,5,,,0,73,,96788,5,,,0,31,,96787,5,,,0
683300,'2_merged_15291797',2539,,96789,5,,,0,70,,96791,5,,,0,28,,96790,5,,,0
683300,'3_merged_15291796',2542,,96792,5,,,0,70,,96794,5,,,0,30,,96793,5,,,0,77,,96795,5,,,0
1671800,'152201_merged_15291799',2038,,99502,5,0,10,0,16,,99503,5,0,10,0,55,,99504,5,0,10,0,15,,99505,5,0,10,0,18,,99506,5,0,10,0,60,,99507,5,0,10,0,21,,99508,5,0,10,0,20,,99509,5,0,10,0,60,,99510,5,0,10,0,30,,99511,5,0,10,0,16,,99501,5,0,10,0,55,,99512,5,0,10,0,15,,99515,5,0,10,0,15,,99513,5,0,10,0,70,,99514,5,0,10,0
1671800,'152301_merged_15291801',2038,,99518,5,0,10,0,16,,99519,5,0,10,0,55,,99520,5,0,10,0,15,,99521,5,0,10,0,18,,99522,5,0,10,0,60,,99523,5,0,10,0,21,,99524,5,0,10,0,20,,99525,5,0,10,0,60,,99526,5,0,10,0,30,,99527,5,0,10,0,16,,99516,5,0,10,0,55,,99528,5,0,10,0,15,,99517,5,0,10,0,15,,99529,5,0,10,0,70,,99530,5,0,10,0
1671800,'1_merged_15291795',302,,99603,5,0,10,0,30,,99604,5,0,10,0,76,,99605,5,0,10,0,31,,99572,5,,,0,77,,99574,5,,,0,19,,99569,5,,,0,66,,99576,5,,,0,14,,99577,5,,,0,15,,99578,5,,,0,12,,99579,5,,,0,12,,99566,5,,,0,54,,99567,5,,,0,13,,99583,5,,,0,14,,99584,5,,,0,13,,99585,5,,,0,52,,99586,5,,,0,11,,99587,5,,,0,13,,99588,5,,,0,14,,99589,5,,,0,14,,99590,5,,,0,54,,99591,5,,,0,14,,99592,5,,,0,15,,99593,5,,,0,15,,99594,5,,,0,55,,99595,5,,,0,15,,99596,5,,,0,14,,99597,5,,,0,15,,99598,5,,,0,55,,99599,5,,,0,16,,99600,5,,,0,15,,99601,5,,,0,15,,99602,5,,,0,54,,99580,5,,,0,15,,99581,5,,,0,15,,99582,5,,,0,15,,99559,5,,,0,55,,99560,5,,,0,15,,99561,5,,,0,16,,99531,5,,,0,15,,99532,5,,,0,54,,99533,5,,,0,8,,99534,5,,,0,8,,99571,5,,,0,14,,99535,5,,,0,14,,99536,5,,,0,53,,99537,5,,,0,13,,99538,5,,,0,12,,99539,5,,,0,10,,99609,5,,,0,11,,99540,5,,,0,10,,99541,5,,,0,50,,99542,5,,,0,11,,99543,5,,,0,10,,99544,5,,,0,10,,99545,5,,,0,9,,99546,5,,,0,9,,99547,5,,,0,49,,99608,5,,,0,9,,99548,5,,,0,9,,99549,5,,,0,10,,99550,5,,,0,10,,99551,5,,,0,12,,99552,5,,,0,53,,99553,5,,,0,13,,99554,5,,,0,13,,99555,5,,,0,11,,99556,5,0,10,0,55,,99557,5,0,10,0,17,,99558,5,0,10,0,15,,99562,5,0,10,0,18,,99563,5,0,10,0,55,,99565,5,0,10,0,16,,99564,5,0,10,0
1671800,'2_merged_15291797',303,,99707,5,0,10,0,30,,99708,5,0,10,0,75,,99703,5,0,10,0,30,,99638,5,,,0,78,,99669,5,,,0,25,,99670,5,,,0,15,,99647,5,,,0,56,,99648,5,,,0,18,,99649,5,,,0,20,,99650,5,,,0,56,,99651,5,,,0,14,,99652,5,,,0,13,,99653,5,,,0,13,,99655,5,,,0,11,,99656,5,,,0,53,,99657,5,,,0,14,,99658,5,,,0,15,,99659,5,,,0,15,,99660,5,,,0,53,,99661,5,,,0,15,,99662,5,,,0,15,,99663,5,,,0,15,,99664,5,,,0,54,,99665,5,,,0,15,,99666,5,,,0,12,,99667,5,,,0,12,,99668,5,,,0,12,,99654,5,,,0,51,,99639,5,,,0,12,,99671,5,,,0,13,,99672,5,,,0,12,,99673,5,,,0,13,,99674,5,,,0,50,,99640,5,,,0,10,,99675,5,,,0,10,,99676,5,,,0,10,,99677,5,,,0,10,,99678,5,,,0,10,,99679,5,,,0,49,,99641,5,,,0,10,,99680,5,,,0,10,,99681,5,,,0,10,,99682,5,,,0,10,,99683,5,,,0,11,,99684,5,,,0,51,,99642,5,,,0,11,,99685,5,,,0,12,,99686,5,,,0,10,,99687,5,,,0,10,,99688,5,,,0,50,,99689,5,,,0,10,,99643,5,,,0,10,,99690,5,,,0,10,,99691,5,,,0,10,,99693,5,,,0,10,,99694,5,,,0,50,,99695,5,,,0,10,,99644,5,,,0,9,,99696,5,,,0,10,,99697,5,,,0,10,,99692,5,,,0,9,,99698,5,,,0,50,,99699,5,,,0,10,,99645,5,,,0,11,,99700,5,,,0,11,,99701,5,,,0,12,,99702,5,,,0,12,,99610,5,,,0,52,,99611,5,,,0,12,,99612,5,,,0,15,,99613,5,,,0,13,,99614,5,0,10,0,55,,99615,5,0,10,0,15,,99616,5,0,10,0,15,,99617,5,0,10,0,16,,99618,5,0,10,0,55,,99619,5,0,10,0,14,,99620,5,0,10,0,14,,99621,5,0,10,0,16,,99622,5,0,10,0,55,,99623,5,0,10,0,15,,99624,5,0,10,0,22,,99633,5,0,10,0,60,,99625,5,0,10,0,20,,99626,5,0,10,0,21,,99627,5,0,10,0,61,,99628,5,0,10,0,24,,99629,5,0,10,0,33,,99630,5,0,10,0,70,,99631,5,0,10,0,30,,99632,5,0,10,0
1671800,'3_merged_15291796',302,,99793,5,0,10,0,30,,99794,5,0,10,0,76,,99791,5,0,10,0,30,,99792,5,0,10,0,76,,99787,5,,,0,23,,99728,5,,,0,20,,99734,5,,,0,59,,99735,5,,,0,26,,99788,5,,,0,60,,99736,5,,,0,14,,99738,5,,,0,15,,99711,5,,,0,12,,99737,5,,,0,12,,99739,5,,,0,54,,99740,5,,,0,15,,99741,5,,,0,14,,99742,5,,,0,16,,99743,5,,,0,55,,99744,5,,,0,16,,99745,5,,,0,14,,99746,5,,,0,15,,99747,5,,,0,56,,99748,5,,,0,16,,99749,5,,,0,14,,99750,5,,,0,14,,99751,5,,,0,51,,99752,5,,,0,14,,99772,5,,,0,13,,99753,5,,,0,12,,99754,5,,,0,13,,99755,5,,,0,52,,99712,5,,,0,11,,99756,5,,,0,12,,99757,5,,,0,12,,99758,5,,,0,12,,99759,5,,,0,52,,99713,5,,,0,13,,99760,5,,,0,10,,99761,5,,,0,13,,99762,5,,,0,12,,99763,5,,,0,52,,99724,5,,,0,13,,99764,5,,,0,12,,99765,5,,,0,13,,99766,5,,,0,12,,99767,5,,,0,52,,99725,5,,,0,12,,99768,5,,,0,11,,99769,5,,,0,12,,99770,5,,,0,12,,99733,5,,,0,51,,99726,5,,,0,11,,99771,5,,,0,12,,99729,5,,,0,12,,99730,5,,,0,14,,99731,5,,,0,52,,99727,5,,,0,12,,99714,5,,,0,14,,99715,5,,,0,14,,99716,5,,,0,55,,99717,5,,,0,15,,99718,5,,,0,15,,99719,5,,,0,16,,99720,5,0,10,0,56,,99721,5,0,10,0,16,,99722,5,0,10,0,15,,99723,5,0,10,0,15,,99732,5,0,10,0,55,,99790,5,0,10,0,15,,99774,5,0,10,0,18,,99775,5,0,10,0,15,,99776,5,0,10,0,55,,99777,5,0,10,0,15,,99789,5,0,10,0,21,,99778,5,0,10,0,60,,99779,5,0,10,0,20,,99780,5,0,10,0,22,,99781,5,0,10,0,61,,99782,5,0,10,0,24,,99783,5,0,10,0,71,,99784,5,0,10,0,30,,99785,5,0,10,0,70,,99786,5,0,10,0
