664601,'101_merged_15524965',826,,72574,2,,,0,681,,72573,2,0,41 8,0,44,,72572,2,,,0
664601,'1_merged_15524958',535,,72616,2,,,0,20,,72600,2,,,0,60,,72599,2,,,0,20,,72598,2,,,0,21,,72610,2,,,0,60,,72604,2,,,0,20,,72586,2,,,0,15,,72606,2,,,0,60,,72620,2,,,0,30,,72578,2,,,0,70,,72584,2,,,0,30,,72581,2,,,0,70,,72614,2,,,0,30,,72609,2,,,0,70,,72602,2,,,0,30,,72597,2,,,0,70,,72596,2,,,0,30,,72603,2,,,0,70,,72607,2,,,0,30,,72576,2,,,0,70,,72594,2,,,0,21,,72593,2,,,0,19,,72619,2,,,0,60,,72582,2,,,0,20,,72618,2,,,0,80,,72595,2,,,0,20,,72580,2,,,0,20,,72590,2,,,0,60,,72579,2,,,0,20,,72605,2,,,0,20,,72585,2,,,0,65,,72583,2,,,0,30,,72617,2,,,0,70,,72587,2,,,0,30,,72615,2,,,0,70,,72577,2,,,0,30,,72591,2,,,0,69,,72608,2,,,0,30,,72613,2,,,0,80,,72612,2,,,0,105,,72611,2,,,0,100,,72601,2,,,0,100,,72588,2,,,0
664601,'2_merged_15524960',616,,72634,2,,,0,30,,72627,2,,,0,69,,72625,2,,,0,31,,72640,2,,,0,76,,72641,2,,,0,30,,72642,2,,,0,58,,72621,2,,,0,30,,72631,2,,,0,68,,72644,2,,,0,36,,72637,2,,,0,70,,72646,2,,,0,30,,72647,2,,,0,72,,72648,2,,,0,28,,72650,2,,,0,71,,72645,2,,,0,30,,72622,2,,,0,72,,72623,2,,,0,29,,72624,2,,,0,68,,72656,2,,,0,30,,72651,2,,,0,69,,72654,2,,,0,29,,72652,2,,,0,71,,72653,2,,,0,28,,72655,2,,,0,70,,72638,2,,,0,31,,72632,2,,,0,70,,72633,2,,,0,28,,72639,2,,,0,70,,72628,2,,,0,30,,72643,2,,,0,70,,72649,2,,,0,32,,72629,2,,,0,90,,72630,2,,,0,98,,72626,2,,,0,100,,72635,2,,,0,100,,72636,2,,,0
664601,'3_merged_15524959',735,,72671,2,,,0,70,,72668,2,,,0,30,,72673,2,,,0,70,,72664,2,,,0,31,,72665,2,,,0,70,,72663,2,,,0,30,,72687,2,,,0,70,,72684,2,,,0,30,,72685,2,,,0,70,,72666,2,,,0,30,,72667,2,,,0,70,,72686,2,,,0,30,,72657,2,,,0,70,,72672,2,,,0,30,,72674,2,,,0,70,,72675,2,,,0,30,,72676,2,,,0,70,,72677,2,,,0,30,,72678,2,,,0,69,,72679,2,,,0,30,,72680,2,,,0,70,,72681,2,,,0,30,,72689,2,,,0,70,,72659,2,,,0,30,,72660,2,,,0,70,,72683,2,,,0,30,,72682,2,,,0,70,,72670,2,,,0,30,,72688,2,,,0,100,,72661,2,,,0,105,,72662,2,,,0,87,,72658,2,,,0,108,,72669,2,,,0
666000,'101_merged_15524965',827,,75977,2,0,55 56 57,0,684,,75978,2,,,0,15,,75979,2,0,55 56 57,0,25,,75980,2,,,0
666000,'1_merged_15524958',550,,75992,2,,,0,62,,75986,2,,,0,16,,75985,2,,,0,20,,75984,2,,,0,55,,75996,2,,,0,15,,75989,2,,,0,19,,75983,2,,,0,13,,75982,2,,,0,60,,75990,2,,,0,31,,75981,2,,,0,69,,76024,2,,,0,28,,76023,2,,,0,69,,76022,2,,,0,30,,76021,2,,,0,74,,76020,2,,,0,27,,76019,2,,,0,70,,76018,2,,,0,30,,76017,2,,,0,70,,76016,2,,,0,30,,76015,2,,,0,70,,76014,2,,,0,30,,76013,2,,,0,20,,76012,2,,,0,101,,75993,2,,,0,50,,76011,2,,,0,15,,76010,2,,,0,18,,76009,2,,,0,10,,76008,2,,,0,61,,76007,2,,,0,10,,76006,2,,,0,17,,76005,2,,,0,11,,76004,2,,,0,59,,76003,2,,,0,15,,75995,2,,,0,14,,76002,2,,,0,16,,76001,2,,,0,54,,76000,2,,,0,36,,75999,2,,,0,70,,75988,2,,,0,32,,75991,2,,,0,68,,75998,2,,,0,100,,75997,2,,,0,98,,75994,2,,,0,107,,75987,2,,,0
666000,'2_merged_15524960',640,,76025,2,,,0,75,,76026,2,,,0,30,,76027,2,,,0,70,,76028,2,,,0,30,,76029,2,,,0,70,,76030,2,,,0,30,,76031,2,,,0,70,,76032,2,,,0,30,,76033,2,,,0,70,,76034,2,,,0,20,,76057,2,,,0,20,,76035,2,,,0,60,,76036,2,,,0,20,,76058,2,,,0,20,,76037,2,,,0,60,,76038,2,,,0,20,,76039,2,,,0,20,,76059,2,,,0,60,,76040,2,,,0,20,,76041,2,,,0,20,,76062,2,,,0,60,,76042,2,,,0,20,,76043,2,,,0,20,,76060,2,,,0,60,,76044,2,,,0,20,,76045,2,,,0,20,,76061,2,,,0,60,,76046,2,,,0,20,,76047,2,,,0,20,,76063,2,,,0,60,,76048,2,,,0,30,,76049,2,,,0,70,,76050,2,,,0,30,,76051,2,,,0,70,,76052,2,,,0,30,,76064,2,,,0,70,,76053,2,,,0,100,,76054,2,,,0,100,,76055,2,,,0,100,,76056,2,,,0
666000,'3_merged_15524959',745,,76083,2,,,0,100,,76084,2,,,0,70,,76085,2,,,0,30,,76086,2,,,0,70,,76087,2,,,0,30,,76088,2,,,0,70,,76089,2,,,0,30,,76090,2,,,0,70,,76091,2,,,0,30,,76092,2,,,0,70,,76093,2,,,0,30,,76065,2,,,0,70,,76066,2,,,0,30,,76067,2,,,0,70,,76068,2,,,0,30,,76069,2,,,0,70,,76070,2,,,0,30,,76071,2,,,0,70,,76072,2,,,0,30,,76073,2,,,0,70,,76074,2,,,0,30,,76075,2,,,0,70,,76076,2,,,0,30,,76077,2,,,0,65,,76078,2,,,0,30,,76079,2,,,0,65,,76095,2,,,0,30,,76081,2,,,0,100,,76080,2,,,0,95,,76094,2,,,0,100,,76082,2,,,0
666400,'1_merged_15524958',531,,76995,2,,,0,70,,76988,2,,,0,28,,76989,2,,,0,30,,76960,2,,,0,68,,76961,2,,,0,73,,76962,2,,,0,36,,76963,2,,,0,68,,76964,2,,,0,32,,76992,2,,,0,70,,76965,2,,,0,30,,76966,2,,,0,73,,76967,2,,,0,30,,76968,2,,,0,70,,76969,2,,,0,30,,76970,2,,,0,70,,76971,2,,,0,27,,76972,2,,,0,71,,76974,2,,,0,30,,76975,2,,,0,72,,76976,2,,,0,30,,76990,2,,,0,70,,76977,2,,,0,30,,76978,2,,,0,70,,76979,2,,,0,30,,76980,2,,,0,70,,76981,2,,,0,30,,76959,2,,,0,70,,76973,2,,,0,26,,76982,2,,,0,23,,76983,2,,,0,75,,76991,2,,,0,76,,76994,2,,,0,42,,76984,2,,,0,80,,76985,2,,,0,81,,76986,2,,,0,39,,76993,2,,,0,80,,76987,2,,,0
666400,'2_merged_15524960',606,,76996,2,,,0,30,,76997,2,,,0,70,,76998,2,,,0,30,,76999,2,,,0,70,,77000,2,,,0,30,,77001,2,,,0,70,,77002,2,,,0,30,,77003,2,,,0,70,,77004,2,,,0,30,,77005,2,,,0,70,,77006,2,,,0,30,,77007,2,,,0,70,,77008,2,,,0,30,,77009,2,,,0,70,,77010,2,,,0,30,,77011,2,,,0,70,,77012,2,,,0,30,,77013,2,,,0,70,,77014,2,,,0,30,,77015,2,,,0,70,,77016,2,,,0,30,,77017,2,,,0,70,,77018,2,,,0,30,,77019,2,,,0,70,,77020,2,,,0,30,,77021,2,,,0,70,,77022,2,,,0,30,,77023,2,,,0,100,,77024,2,,,0,100,,77025,2,,,0,100,,77026,2,,,0,100,,77027,2,,,0,97,,77028,2,,,0
666400,'3_merged_15524959',715,,77029,2,,,0,100,,77030,2,,,0,100,,77031,2,,,0,100,,77032,2,,,0,100,,77033,2,,,0,30,,77047,2,,,0,70,,77034,2,,,0,30,,77048,2,,,0,70,,77035,2,,,0,30,,77049,2,,,0,70,,77036,2,,,0,30,,77050,2,,,0,70,,77037,2,,,0,30,,77051,2,,,0,70,,77038,2,,,0,30,,77052,2,,,0,70,,77039,2,,,0,30,,77053,2,,,0,70,,77040,2,,,0,100,,77041,2,,,0,100,,77042,2,,,0,100,,77043,2,,,0,100,,77046,2,,,0,100,,77044,2,,,0,118,,77045,2,,,0
684100,'1_merged_15524958',418,,97066,2,,,0,125,,97055,51,,,0,71,,97056,51,,,0,9,,97063,51,,,0,1992,,97065,2,,,0,11,,97064,51,,,0,30,,97058,51,,,0,60,,97060,51,,,0,20,,97057,51,,,0,22,,97059,51,,,0,70,,97061,51,,,0,75,,97062,51,,,0
684100,'2_merged_15524960',537,,97067,51,,,0,73,,97074,51,,,0,31,,97075,51,,,0,74,,97076,51,,,0,30,,97072,51,,,0,1805,,97068,2,,,0,78,,97078,51,,,0,74,,97069,51,,,0,17,,97073,51,,,0,20,,97077,51,,,0,20,,97070,51,,,0,70,,97071,51,,,0,80,,97079,51,,,0
684100,'3_merged_15524959',538,,97090,51,,,0,72,,97091,51,,,0,30,,97092,51,,,0,70,,97093,51,,,0,16,,97094,51,,,0,14,,97086,51,,,0,16,,97095,51,,,0,53,,97087,51,,,0,1705,,97088,2,,,0,41,,97080,51,,,0,70,,97081,51,,,0,32,,97084,51,,,0,70,,97083,51,,,0,30,,97082,51,,,0,75,,97085,51,,,0,75,,97089,51,,,0
3004300,'1_merged_15524958',511,,103715,2,,,0,20,,103714,2,,,0,18,,103659,2,,,0,53,,103658,2,,,0,13,,103657,2,,,0,16,,103656,2,,,0,17,,103673,2,,,0,53,,103655,2,,,0,15,,103654,2,,,0,14,,103720,2,,,0,15,,103697,2,,,0,58,,103719,2,,,0,16,,103718,2,,,0,17,,103717,2,,,0,15,,103716,2,,,0,55,,103696,2,,,0,15,,103670,2,,,0,15,,103695,2,,,0,15,,103669,2,,,0,55,,103694,2,,,0,15,,103668,2,,,0,15,,103693,2,,,0,15,,103667,2,,,0,55,,103692,2,,,0,15,,103666,2,,,0,15,,103691,2,,,0,15,,103665,2,,,0,55,,103690,2,,,0,15,,103664,2,,,0,15,,103689,2,,,0,15,,103663,2,,,0,55,,103688,2,,,0,15,,103662,2,,,0,15,,103687,2,,,0,15,,103661,2,,,0,55,,103713,2,,,0,15,,103660,2,,,0,16,,103712,2,,,0,15,,103711,2,,,0,56,,103710,2,,,0,15,,103709,2,,,0,17,,103721,2,,,0,14,,103708,2,,,0,57,,103707,2,,,0,13,,103706,2,,,0,16,,103705,2,,,0,14,,103704,2,,,0,57,,103703,2,,,0,15,,103702,2,,,0,15,,103701,2,,,0,17,,103700,2,,,0,53,,103699,2,,,0,15,,103698,2,,,0,15,,103686,2,,,0,60,,103685,2,,,0,20,,103671,2,,,0,25,,103684,2,,,0,62,,103683,2,,,0,18,,103672,2,,,0,20,,103682,2,,,0,65,,103681,2,,,0,29,,103680,2,,,0,71,,103679,2,,,0,30,,103678,2,,,0,70,,103677,2,,,0,30,,103676,2,,,0,69,,103675,2,,,0,30,,103674,2,,,0
3004300,'2_merged_15524960',601,,103755,2,,,0,33,,103754,2,,,0,72,,103753,2,,,0,30,,103752,2,,,0,70,,103751,2,,,0,31,,103750,2,,,0,70,,103749,2,,,0,30,,103748,2,,,0,71,,103747,2,,,0,31,,103746,2,,,0,68,,103745,2,,,0,19,,103757,2,,,0,20,,103744,2,,,0,60,,103743,2,,,0,20,,103758,2,,,0,20,,103742,2,,,0,60,,103741,2,,,0,20,,103759,2,,,0,20,,103740,2,,,0,60,,103739,2,,,0,20,,103760,2,,,0,20,,103738,2,,,0,60,,103737,2,,,0,20,,103761,2,,,0,20,,103736,2,,,0,60,,103735,2,,,0,19,,103762,2,,,0,21,,103734,2,,,0,60,,103733,2,,,0,20,,103763,2,,,0,20,,103732,2,,,0,58,,103731,2,,,0,25,,103730,2,,,0,77,,103729,2,,,0,25,,103728,2,,,0,75,,103727,2,,,0,25,,103726,2,,,0,75,,103725,2,,,0,30,,103724,2,,,0,75,,103756,2,,,0,25,,103723,2,,,0,75,,103764,2,,,0,25,,103722,2,,,0
3004300,'3_merged_15524959',636,,103782,2,,,0,70,,103781,2,,,0,30,,103780,2,,,0,70,,103779,2,,,0,30,,103778,2,,,0,70,,103777,2,,,0,30,,103776,2,,,0,72,,103775,2,,,0,29,,103774,2,,,0,69,,103773,2,,,0,20,,103783,2,,,0,20,,103772,2,,,0,60,,103771,2,,,0,20,,103784,2,,,0,20,,103770,2,,,0,60,,103769,2,,,0,20,,103785,2,,,0,20,,103768,2,,,0,60,,103767,2,,,0,20,,103786,2,,,0,20,,103766,2,,,0,60,,103765,2,,,0,20,,103787,2,,,0,20,,103806,2,,,0,60,,103805,2,,,0,20,,103788,2,,,0,20,,103804,2,,,0,60,,103803,2,,,0,20,,103789,2,,,0,20,,103802,2,,,0,55,,103801,2,,,0,30,,103800,2,,,0,70,,103799,2,,,0,30,,103798,2,,,0,70,,103797,2,,,0,30,,103796,2,,,0,70,,103790,2,,,0,30,,103795,2,,,0,70,,103791,2,,,0,30,,103794,2,,,0,70,,103792,2,,,0,30,,103793,2,,,0
