662601,'1',718,,7795,2,,,0,891,,7770,2,,,0
672700,'1',1015,,30951,58,,,0,97,,30953,58,,,0,101,,30955,58,,,0,99,,30957,58,,,0,91,,30959,58,,,0,119,,30962,58,,,0,23,,30963,58,,,0,61,,30964,58,,,0,311,,30972,58,,,0,28,,30929,58,,,0,71,,30938,58,,,0,28,,30930,58,,,0,73,,30931,58,,,0,31,,30936,58,,,0,81,,30937,58,,,0,29,,30932,58,,,0,74,,30933,58,,,0,94,,30934,58,,,0,100,,30935,58,,,0
672700,'101',1630,,30973,58,,,0
672700,'2',757,,30977,58,,,0,144,,31008,58,,,0,103,,30985,58,,,0,102,,30997,58,,,0,99,,31004,58,,,0,107,,30981,58,,,0,99,,30980,58,,,0,104,,30988,58,,,0,103,,30989,58,,,0,94,,30999,58,,,0,95,,31001,58,,,0,93,,31003,58,,,0,112,,30996,58,,,0,30,,30990,58,,,0,60,,30991,58,,,0,30,,31007,58,,,0,68,,30986,58,,,0,30,,31002,58,,,0,24,,30983,58,,,0,77,,30978,58,,,0,105,,30993,58,,,0,91,,31005,58,,,0
672700,'201',1630,,31009,58,,,0
672700,'3',814,,31010,58,,,0,102,,31019,58,,,0,93,,31022,58,,,0,91,,31030,58,,,0,53,,31037,58,,,0,94,,31040,58,,,0,101,,31027,58,,,0,103,,31014,58,,,0,100,,31036,58,,,0,97,,31041,58,,,0,99,,31034,58,,,0,65,,31035,58,,,0,27,,31032,58,,,0,69,,31011,58,,,0,30,,31023,58,,,0,73,,31020,58,,,0,28,,31021,58,,,0,68,,31017,58,,,0,29,,31018,58,,,0,67,,31039,58,,,0,29,,31025,58,,,0,69,,31031,58,,,0,25,,31015,58,,,0,98,,31016,58,,,0,101,,31033,58,,,0
673000,'1',517,,31689,14,,,0,16,,31690,14,,,0,16,,31691,14,,,0,55,,31692,14,,,0,10,,31736,14,,,0,10,,31693,14,,,0,11,,31694,14,,,0,10,,31695,14,,,0,12,,31696,14,,,0,51,,31697,14,,,0,10,,31698,14,,,0,11,,31699,14,,,0,11,,31735,14,,,0,10,,31700,14,,,0,50,,31701,14,,,0,11,,31702,14,,,0,13,,31703,14,,,0,13,,31704,14,,,0,13,,31705,14,,,0,52,,31706,14,,,0,12,,31707,14,,,0,11,,31708,14,,,0,10,,31734,14,,,0,10,,31709,14,,,0,13,,31710,14,,,0,55,,31711,14,,,0,16,,31712,14,,,0,16,,31713,14,,,0,60,,31714,14,,,0,21,,31715,14,,,0,20,,31716,14,,,0,61,,31717,14,,,0,20,,31718,14,,,0,20,,31719,14,,,0,60,,31720,14,,,0,20,,31721,14,,,0,17,,31722,14,,,0,56,,31723,14,,,0,15,,31724,14,,,0,16,,31725,14,,,0,15,,31726,14,,,0,55,,31727,14,,,0,15,,31728,14,,,0,13,,31729,14,,,0,12,,31730,14,,,0,13,,31731,14,,,0,52,,31732,14,,,0,24,,31733,14,,,0,12,,31670,14,,,0,13,,31671,14,,,0,52,,31672,14,,,0,12,,31673,14,,,0,12,,31674,14,,,0,12,,31675,14,,,0,11,,31676,14,,,0,49,,31677,14,,,0,15,,31678,14,,,0,15,,31679,14,,,0,15,,31680,14,,,0,53,,31681,14,,,0,27,,31682,14,,,0,29,,31683,14,,,0,70,,31684,14,,,0,32,,31685,14,,,0,70,,31686,14,,,0,100,,31687,14,,,0,100,,31688,14,,,0
673000,'101',1618,,31737,14,,,0
673000,'2',710,,31765,14,,,0,21,,31753,14,,,0,19,,31755,14,,,0,60,,31775,14,,,0,21,,31752,14,,,0,23,,31764,14,,,0,60,,31776,14,,,0,24,,31751,14,,,0,20,,31763,14,,,0,60,,31777,14,,,0,21,,31750,14,,,0,20,,31767,14,,,0,60,,31762,14,,,0,20,,31749,14,,,0,18,,31782,14,,,0,56,,31768,14,,,0,16,,31738,14,,,0,15,,31769,14,,,0,15,,31783,14,,,0,54,,31748,14,,,0,15,,31761,14,,,0,15,,31747,14,,,0,57,,31784,14,,,0,15,,31770,14,,,0,15,,31760,14,,,0,15,,31746,14,,,0,57,,31771,14,,,0,15,,31778,14,,,0,15,,31759,14,,,0,14,,31745,14,,,0,55,,31772,14,,,0,15,,31758,14,,,0,14,,31779,14,,,0,15,,31744,14,,,0,55,,31774,14,,,0,15,,31757,14,,,0,14,,31780,14,,,0,15,,31773,14,,,0,14,,31785,14,,,0,55,,31743,14,,,0,14,,31756,14,,,0,20,,31742,14,,,0,58,,31781,14,,,0,20,,31754,14,,,0,20,,31741,14,,,0,70,,31766,14,,,0,30,,31740,14,,,0,69,,31739,14,,,0,97,,31786,14,,,0,100,,31787,14,,,0
673000,'201',1618,,31788,14,,,0
673000,'3',814,,31822,14,,,0,18,,31802,14,,,0,22,,31812,14,,,0,61,,31823,14,,,0,23,,31801,14,,,0,20,,31811,14,,,0,61,,31824,14,,,0,23,,31800,14,,,0,62,,31814,14,,,0,19,,31810,14,,,0,20,,31799,14,,,0,61,,31815,14,,,0,20,,31789,14,,,0,20,,31816,14,,,0,61,,31798,14,,,0,21,,31809,14,,,0,20,,31797,14,,,0,61,,31817,14,,,0,21,,31808,14,,,0,12,,31827,14,,,0,15,,31796,14,,,0,55,,31818,14,,,0,15,,31807,14,,,0,15,,31828,14,,,0,14,,31795,14,,,0,55,,31819,14,,,0,15,,31806,14,,,0,15,,31829,14,,,0,15,,31794,14,,,0,55,,31821,14,,,0,15,,31805,14,,,0,15,,31830,14,,,0,14,,31820,14,,,0,56,,31793,14,,,0,13,,31804,14,,,0,19,,31792,14,,,0,60,,31825,14,,,0,20,,31803,14,,,0,19,,31791,14,,,0,19,,31826,14,,,0,60,,31813,14,,,0,20,,31831,14,,,0,20,,31790,14,,,0,100,,31832,14,,,0,98,,31833,14,,,0
