'1',672200,45600,4,'',0,6100,4,'',0,2000,4,'',0,1100,4,'',0,5500,4,'',0,1500,4,'',0,1500,4,'',0,1500,4,'',0,5500,4,'',0,1500,4,'',0,1600,4,'',0,1400,4,'',0,5500,4,'',0,1500,4,'',0,1500,4,'',0,1500,4,'',0,5500,4,'',0,1500,4,'',0,1600,4,'',0,1500,4,'',0,5500,4,'',0,1500,4,'',0,1500,4,'',0,1500,4,'',0,5500,4,'',0,1500,4,'',0,1500,4,'',0,1500,4,'',0,5500,4,'',0,1500,4,'',0,1500,4,'',0,1500,4,'',0,5500,4,'',0,1500,4,'',0,1500,4,'',0,1500,4,'',0,5500,4,'',0,1500,4,'',0,1500,4,'',0,1500,4,'',0,5500,4,'',0,1600,4,'',0,1600,4,'',0,1500,4,'',0,7100,4,'',0,1500,4,'',0,1500,4,'',0,5400,4,'',0,1500,4,'',0,1500,4,'',0,1500,4,'',0,5600,4,'',0,1500,4,'',0,1500,4,'',0,1500,4,'',0,5500,4,'',0,1500,4,'',0,1500,4,'',0,1700,4,'',0,6000,4,'',0,3000,4,'',0,7000,4,'',0,3000,4,'',0,7100,4,'',0,3100,4,'',0,6700,4,'',0,2900,4,'',0,10000,4,'',0,9900,4,'',0
'101',672200,152800,4,'',0,8100,4,'',0
'2',672200,51700,4,'',0,3300,4,'',0,7000,4,'',0,3000,4,'',0,7000,4,'',0,2000,4,'',0,6000,4,'',0,2000,4,'',0,1500,4,'',0,1500,4,'',0,5500,4,'',0,1500,4,'',0,1500,4,'',0,1500,4,'',0,5500,4,'',0,1500,4,'',0,1500,4,'',0,1500,4,'',0,5500,4,'',0,1500,4,'',0,1500,4,'',0,1500,4,'',0,5500,4,'',0,1500,4,'',0,1500,4,'',0,1500,4,'',0,5500,4,'',0,1500,4,'',0,1500,4,'',0,1500,4,'',0,5500,4,'',0,1500,4,'',0,1500,4,'',0,1500,4,'',0,5500,4,'',0,1500,4,'',0,1500,4,'',0,1500,4,'',0,5500,4,'',0,1500,4,'',0,1500,4,'',0,1500,4,'',0,5500,4,'',0,1500,4,'',0,1500,4,'',0,1500,4,'',0,5500,4,'',0,2000,4,'',0,2000,4,'',0,6000,4,'',0,2000,4,'',0,2000,4,'',0,6000,4,'',0,2000,4,'',0,2000,4,'',0,6000,4,'',0,3000,4,'',0,7000,4,'',0,3500,4,'',0,10000,4,'',0,10000,4,'',0,10100,4,'',0
'201',672200,160900,4,'',0
'3',672200,52900,4,'',0,3000,4,'',0,7000,4,'',0,3000,4,'',0,7000,4,'',0,3000,4,'',0,6200,4,'',0,2000,4,'',0,6000,4,'',0,2000,4,'',0,2100,4,'',0,6000,4,'',0,2000,4,'',0,2100,4,'',0,6000,4,'',0,2200,4,'',0,2100,4,'',0,6100,4,'',0,1900,4,'',0,1900,4,'',0,6000,4,'',0,2000,4,'',0,2000,4,'',0,6000,4,'',0,2000,4,'',0,2000,4,'',0,6000,4,'',0,2000,4,'',0,2000,4,'',0,6000,4,'',0,2000,4,'',0,2000,4,'',0,6000,4,'',0,2000,4,'',0,2000,4,'',0,6000,4,'',0,2200,4,'',0,2000,4,'',0,6000,4,'',0,2000,4,'',0,2000,4,'',0,6000,4,'',0,2000,4,'',0,2000,4,'',0,6700,4,'',0,3000,4,'',0,6800,4,'',0,3000,4,'',0,10000,4,'',0,9900,4,'',0,10000,4,'',0
'6',672200,52900,4,'',0,3000,4,'',0,7000,4,'',0,3000,4,'',0,7000,4,'',0,3000,4,'',0,6200,4,'',0,2000,4,'',0,6000,4,'',0,2000,4,'',0,2100,4,'',0,6000,4,'',0,2000,4,'',0,2100,4,'',0,6000,4,'',0,2200,4,'',0,2100,4,'',0,6100,4,'',0,1900,4,'',0,1900,4,'',0,6000,4,'',0,2000,4,'',0,2000,4,'',0,6000,4,'',0,2000,4,'',0,2000,4,'',0,6000,4,'',0,2000,4,'',0,2000,4,'',0,6000,4,'',0,2000,4,'',0,2000,4,'',0,6000,4,'',0,2000,4,'',0,2000,4,'',0,6000,4,'',0,2200,4,'',0,2000,4,'',0,6000,4,'',0,2000,4,'',0,2000,4,'',0,6000,4,'',0,2000,4,'',0,2000,4,'',0,6700,4,'',0,3000,4,'',0,6800,4,'',0,3000,4,'',0,10000,4,'',0,9900,4,'',0,10000,4,'',0
'1',672401,51110,,'',0,3000,,'',0,7000,,'',0,3200,,'',0,7290,,'',0,1500,,'',0,1400,,'',0,5500,,'',0,1550,,'',0,1600,,'',0,1600,,'',0,5400,,'',0,1600,,'',0,1500,,'',0,1690,,'',0,5600,,'',0,1800,,'',0,1900,,'',0,5990,,'',0,1900,,'',0,2000,,'',0,6000,,'',0,2000,,'',0,2000,,'',0,6000,,'',0,2000,,'',0,2000,,'',0,1790,,'',0,6000,,'',0,2000,,'',0,1800,,'',0,6200,,'',0,1500,,'',0,1500,,'',0,5500,,'',0,1700,,'',0,1500,,'',0,1500,,'',0,5500,,'',0,1500,,'',0,1500,,'',0,1400,,'',0,5410,,'',0,1400,,'',0,1500,,'',0,1410,,'',0,5500,,'',0,1500,,'',0,1200,,'',0,2300,,'',0,7110,,'',0,3100,,'',0,6900,,'',0,3000,,'',0,6900,,'',0,3000,,'',0,6850,,'',0,3000,,'',0,7000,,'',0,2600,,'',0,6710,,'',0,3700,,'',0
'2',672401,50510,,'',0,3700,,'',0,7200,,'',0,3600,,'',0,7300,,'',0,3090,,'',0,6000,,'',0,2000,,'',0,2000,,'',0,6100,,'',0,2200,,'',0,1550,,'',0,5300,,'',0,1500,,'',0,1400,,'',0,1500,,'',0,5500,,'',0,1690,,'',0,1500,,'',0,1690,,'',0,5500,,'',0,1600,,'',0,1400,,'',0,1500,,'',0,5500,,'',0,1590,,'',0,1300,,'',0,1600,,'',0,5400,,'',0,1600,,'',0,1400,,'',0,1300,,'',0,5500,,'',0,1600,,'',0,1500,,'',0,1500,,'',0,5500,,'',0,1400,,'',0,1700,,'',0,1400,,'',0,5500,,'',0,1500,,'',0,1500,,'',0,1310,,'',0,5800,,'',0,1900,,'',0,1900,,'',0,6000,,'',0,1810,,'',0,2100,,'',0,5900,,'',0,2000,,'',0,2400,,'',0,6800,,'',0,3000,,'',0,6910,,'',0,2900,,'',0,6850,,'',0,2800,,'',0,8410,,'',0,2800,,'',0,7800,,'',0,2900,,'',0
'3',672401,51510,,'',0,3000,,'',0,7000,,'',0,3000,,'',0,7000,,'',0,3000,,'',0,6400,,'',0,2000,,'',0,1900,,'',0,6290,,'',0,2000,,'',0,2250,,'',0,6090,,'',0,2000,,'',0,2000,,'',0,6000,,'',0,2000,,'',0,2000,,'',0,6200,,'',0,2000,,'',0,2000,,'',0,6000,,'',0,2000,,'',0,2100,,'',0,5700,,'',0,1590,,'',0,1500,,'',0,5500,,'',0,1500,,'',0,1690,,'',0,1500,,'',0,5500,,'',0,1500,,'',0,1120,,'',0,1500,,'',0,5690,,'',0,1500,,'',0,1500,,'',0,1600,,'',0,5400,,'',0,1610,,'',0,1500,,'',0,1500,,'',0,5500,,'',0,1810,,'',0,2200,,'',0,5900,,'',0,2000,,'',0,3500,,'',0,7000,,'',0,3200,,'',0,7050,,'',0,7200,,'',0,3200,,'',0,7200,,'',0,3010,,'',0,8500,,'',0,3000,,'',0
'6',672401,51510,,'',0,3000,,'',0,7000,,'',0,3000,,'',0,7000,,'',0,3000,,'',0,6400,,'',0,2000,,'',0,1900,,'',0,6290,,'',0,2000,,'',0,2250,,'',0,6090,,'',0,2000,,'',0,2000,,'',0,6000,,'',0,2000,,'',0,2000,,'',0,6200,,'',0,2000,,'',0,2000,,'',0,6000,,'',0,2000,,'',0,2100,,'',0,5700,,'',0,1590,,'',0,1500,,'',0,5500,,'',0,1500,,'',0,1690,,'',0,1500,,'',0,5500,,'',0,1500,,'',0,1120,,'',0,1500,,'',0,5690,,'',0,1500,,'',0,1500,,'',0,1600,,'',0,5400,,'',0,1610,,'',0,1500,,'',0,1500,,'',0,5500,,'',0,1810,,'',0,2200,,'',0,5900,,'',0,2000,,'',0,3500,,'',0,7000,,'',0,3200,,'',0,7050,,'',0,7200,,'',0,3200,,'',0,7200,,'',0,3010,,'',0,8500,,'',0,3000,,'',0
'1',672601,64410,,'',0,7100,,'',0,3300,,'',0,6990,,'',0,2900,,'',0,7800,,'',0,3200,,'',0,6500,,'',0,2500,,'',0,7700,,'',0,3000,,'',0,6800,,'',0,2500,,'',0,8000,,'',0,7350,,'',0,3100,,'',0,2100,,'',0,6550,,'',0,3350,,'',0,7000,,'',0,3600,,'',0,6400,,'',0,3000,,'',0,7150,,'',0,3200,,'',0,6900,,'',0,2910,,'',0,7100,,'',0,3510,0,'Brighouse Sta',0,6500,0,'Brighouse Sta',0,3500,0,'Brighouse Sta',0,14700,0,'Brighouse Sta',0,10900,0,'Brighouse Sta',0
'2',672601,70120,,'',0,10000,,'',0,3090,,'',0,6900,,'',0,3000,,'',0,7000,,'',0,2800,,'',0,2800,,'',0,6790,,'',0,2800,,'',0,7100,,'',0,3100,,'',0,6800,,'',0,2800,,'',0,7000,,'',0,3000,,'',0,7000,,'',0,3000,,'',0,7000,,'',0,3200,,'',0,7200,,'',0,3200,,'',0,7200,,'',0,3000,,'',0,7110,,'',0,7000,,'',0,11000,0,'Brighouse Sta',0,9700,0,'Brighouse Sta',0,9910,0,'Brighouse Sta',0,10400,0,'Brighouse Sta',0
'3',672601,81410,,'',0,3700,,'',0,7200,,'',0,3500,,'',0,7400,,'',0,7700,,'',0,3500,,'',0,6390,,'',0,2900,,'',0,6700,,'',0,3000,,'',0,7100,,'',0,2900,,'',0,7000,,'',0,2900,,'',0,6800,,'',0,2900,,'',0,7200,,'',0,2800,,'',0,7010,,'',0,3000,,'',0,8710,0,'Brighouse Sta',0,10000,0,'Brighouse Sta',0,9900,0,'Brighouse Sta',0,10000,0,'Brighouse Sta',0,10500,0,'Brighouse Sta',0,10100,0,'Brighouse Sta',0
'6',672601,81410,,'',0,3700,,'',0,7200,,'',0,3500,,'',0,7400,,'',0,7700,,'',0,3500,,'',0,6390,,'',0,2900,,'',0,6700,,'',0,3000,,'',0,7100,,'',0,2900,,'',0,7000,,'',0,2900,,'',0,6800,,'',0,2900,,'',0,7200,,'',0,2800,,'',0,7010,,'',0,3000,,'',0,8710,0,'Brighouse Sta',0,10000,0,'Brighouse Sta',0,9900,0,'Brighouse Sta',0,10000,0,'Brighouse Sta',0,10500,0,'Brighouse Sta',0,10100,0,'Brighouse Sta',0
'1',672801,45200,,'',0,5500,,'',0,910,,'',0,1690,,'',0,1200,,'',0,1100,,'',0,5200,,'',0,800,,'',0,800,,'',0,1100,,'',0,1140,,'',0,900,,'',0,5280,,'',0,900,,'',0,1000,,'',0,1100,,'',0,900,,'',0,1000,,'',0,4900,,'',0,800,,'',0,900,,'',0,1100,,'',0,990,,'',0,900,,'',0,500,,'',0,4900,,'',0,1590,,'',0,700,,'',0,1300,,'',0,1250,,'',0,5500,,'',0,1500,,'',0,1600,,'',0,1500,,'',0,5190,,'',0,1500,,'',0,1400,,'',0,1400,,'',0,5300,,'',0,1500,,'',0,1590,,'',0,1500,,'',0,5500,,'',0,1500,,'',0,1100,,'',0,1100,,'',0,1100,,'',0,5000,,'',0,1000,,'',0,1000,,'',0,1000,,'',0,1000,,'',0,1000,,'',0,5000,,'',0,1000,,'',0,1290,,'',0,800,,'',0,800,,'',0,300,,'',0,800,,'',0,4900,,'',0,1800,,'',0,1100,,'',0,900,,'',0,600,,'',0,6200,,'',0,1000,,'',0,700,,'',0,800,,'',0,910,,'',0,1200,,'',0,5400,,'',0,1300,,'',0,900,,'',0,1400,,'',0,1300,,'',0,5600,,'',0,1200,,'',0,1120,,'',0,1400,,'',0,5350,,'',0,1400,,'',0,310,,'',0,1500,,'',0,1600,,'',0,5500,,'',0,1610,,'',0,1500,,'',0,1300,,'',0,5600,,'',0,1800,,'',0,1800,,'',0,5710,,'',0,1900,,'',0,2200,,'',0,6210,,'',0,2900,,'',0,2260,,'',0,7100,,'',0
'101',672801,161220,,'',0,4200,,'',0
'2',672801,45300,,'',0,7000,,'',0,2000,,'',0,6000,,'',0,2000,,'',0,1900,,'',0,5900,,'',0,1750,,'',0,1900,,'',0,1790,,'',0,5500,,'',0,1300,,'',0,1500,,'',0,1380,,'',0,5500,,'',0,1500,,'',0,1690,,'',0,1390,,'',0,5500,,'',0,1500,,'',0,1500,,'',0,1650,,'',0,5400,,'',0,1490,,'',0,1500,,'',0,1490,,'',0,5400,,'',0,1400,,'',0,1100,,'',0,1200,,'',0,1300,,'',0,5300,,'',0,1200,,'',0,1280,,'',0,1200,,'',0,1200,,'',0,5200,,'',0,1200,,'',0,1200,,'',0,1290,,'',0,5300,,'',0,1200,,'',0,1200,,'',0,1200,,'',0,1200,,'',0,5100,,'',0,1200,,'',0,1200,,'',0,1500,,'',0,1200,,'',0,5200,,'',0,1300,,'',0,1610,,'',0,1300,,'',0,5600,,'',0,1410,,'',0,1410,,'',0,1500,,'',0,1400,,'',0,5500,,'',0,1800,,'',0,1300,,'',0,5620,,'',0,1500,,'',0,1650,,'',0,1500,,'',0,5400,,'',0,1800,,'',0,1800,,'',0,1620,,'',0,6000,,'',0,2200,,'',0,1910,,'',0,6100,,'',0,2000,,'',0,2110,,'',0,7000,,'',0,2960,,'',0,9010,,'',0
'201',672801,161220,,'',0,4200,,'',0
'3',672801,44620,,'',0,7380,,'',0,3000,,'',0,5600,,'',0,2000,,'',0,2800,,'',0,6040,,'',0,1500,,'',0,1300,,'',0,1500,,'',0,5500,,'',0,1500,,'',0,1600,,'',0,1500,,'',0,5390,,'',0,1800,,'',0,1390,,'',0,1500,,'',0,5400,,'',0,1400,,'',0,1780,,'',0,1300,,'',0,5500,,'',0,1500,,'',0,1400,,'',0,1350,,'',0,5500,,'',0,1500,,'',0,1400,,'',0,1590,,'',0,5700,,'',0,1490,,'',0,1500,,'',0,1500,,'',0,5500,,'',0,1500,,'',0,1500,,'',0,1600,,'',0,5500,,'',0,1500,,'',0,1600,,'',0,1400,,'',0,5500,,'',0,1800,,'',0,1500,,'',0,1310,,'',0,5400,,'',0,1500,,'',0,1500,,'',0,1610,,'',0,5500,,'',0,1600,,'',0,1400,,'',0,5800,,'',0,1500,,'',0,1450,,'',0,1410,,'',0,5500,,'',0,1500,,'',0,1500,,'',0,1600,,'',0,5800,,'',0,1920,,'',0,2000,,'',0,6000,,'',0,2000,,'',0,1900,,'',0,6000,,'',0,2700,,'',0,2120,,'',0,6400,,'',0,2950,,'',0,9300,,'',0,7000,,'',0
'35301',672801,260200,,'',0,2500,,'',0,7500,,'',0,3200,,'',0
'6',672801,44620,,'',0,7380,,'',0,3000,,'',0,5600,,'',0,2000,,'',0,2800,,'',0,6040,,'',0,1500,,'',0,1300,,'',0,1500,,'',0,5500,,'',0,1500,,'',0,1600,,'',0,1500,,'',0,5390,,'',0,1800,,'',0,1390,,'',0,1500,,'',0,5400,,'',0,1400,,'',0,1780,,'',0,1300,,'',0,5500,,'',0,1500,,'',0,1400,,'',0,1350,,'',0,5500,,'',0,1500,,'',0,1400,,'',0,1590,,'',0,5700,,'',0,1490,,'',0,1500,,'',0,1500,,'',0,5500,,'',0,1500,,'',0,1500,,'',0,1600,,'',0,5500,,'',0,1500,,'',0,1600,,'',0,1400,,'',0,5500,,'',0,1800,,'',0,1500,,'',0,1310,,'',0,5400,,'',0,1500,,'',0,1500,,'',0,1610,,'',0,5500,,'',0,1600,,'',0,1400,,'',0,5800,,'',0,1500,,'',0,1450,,'',0,1410,,'',0,5500,,'',0,1500,,'',0,1500,,'',0,1600,,'',0,5800,,'',0,1920,,'',0,2000,,'',0,6000,,'',0,2000,,'',0,1900,,'',0,6000,,'',0,2700,,'',0,2120,,'',0,6400,,'',0,2950,,'',0,9300,,'',0,7000,,'',0
'1',673001,60200,4,'',0,1200,4,'',0,1200,4,'',0,1200,4,'',0,1000,4,'',0,1100,4,'',0,5000,4,'',0,900,4,'',0,900,4,'',0,900,4,'',0,900,4,'',0,900,4,'',0,4900,4,'',0,900,4,'',0,1000,4,'',0,1000,4,'',0,1000,4,'',0,1000,4,'',0,5000,4,'',0,1000,4,'',0,1000,4,'',0,1000,4,'',0,1300,4,'',0,5600,4,'',0,1400,4,'',0,1500,4,'',0,1900,4,'',0,5900,4,'',0,2000,4,'',0,1900,4,'',0,6000,4,'',0,2000,4,'',0,1900,4,'',0,6000,4,'',0,1900,4,'',0,2000,4,'',0,6000,4,'',0,2000,4,'',0,2000,4,'',0,6000,4,'',0,2000,4,'',0,2000,4,'',0,6000,4,'',0,1900,4,'',0,1800,4,'',0,1600,4,'',0,5300,4,'',0,1200,4,'',0,1200,4,'',0,1200,4,'',0,1200,4,'',0,5200,4,'',0,1200,4,'',0,1200,4,'',0,1200,4,'',0,1200,4,'',0,5200,4,'',0,1200,4,'',0,1200,4,'',0,1300,4,'',0,5700,4,'',0,2000,4,'',0,2000,4,'',0,6800,4,'',0,3000,4,'',0,6900,4,'',0,3400,4,'',0
'2',673001,72300,4,'',0,2000,4,'',0,6000,4,'',0,2000,4,'',0,2100,4,'',0,6100,4,'',0,2000,4,'',0,2000,4,'',0,6000,4,'',0,2000,4,'',0,2000,4,'',0,6000,4,'',0,2200,4,'',0,2200,4,'',0,6000,4,'',0,2000,4,'',0,2000,4,'',0,5800,4,'',0,1500,4,'',0,1500,4,'',0,1500,4,'',0,5500,4,'',0,1500,4,'',0,1600,4,'',0,1500,4,'',0,5600,4,'',0,1500,4,'',0,1500,4,'',0,1500,4,'',0,5600,4,'',0,1600,4,'',0,1500,4,'',0,1500,4,'',0,5500,4,'',0,1500,4,'',0,1500,4,'',0,1500,4,'',0,5500,4,'',0,1500,4,'',0,1500,4,'',0,5900,4,'',0,2000,4,'',0,1900,4,'',0,7000,4,'',0,2600,4,'',0,7600,4,'',0,3000,4,'',0,7200,4,'',0,11300,4,'',0
'3',673001,82500,4,'',0,2000,4,'',0,6200,4,'',0,2000,4,'',0,2100,4,'',0,6200,4,'',0,2000,4,'',0,1700,4,'',0,5900,4,'',0,1900,4,'',0,2100,4,'',0,6200,4,'',0,2000,4,'',0,2000,4,'',0,6100,4,'',0,2200,4,'',0,2200,4,'',0,6200,4,'',0,2000,4,'',0,1200,4,'',0,5500,4,'',0,1500,4,'',0,1600,4,'',0,1500,4,'',0,5500,4,'',0,1400,4,'',0,1300,4,'',0,1400,4,'',0,1400,4,'',0,5500,4,'',0,1400,4,'',0,1300,4,'',0,1500,4,'',0,5500,4,'',0,1700,4,'',0,2100,4,'',0,6000,4,'',0,2000,4,'',0,2000,4,'',0,6000,4,'',0,2000,4,'',0,2000,4,'',0,6500,4,'',0,2400,4,'',0,8300,4,'',0,9800,4,'',0
'6',673001,82500,4,'',0,2000,4,'',0,6200,4,'',0,2000,4,'',0,2100,4,'',0,6200,4,'',0,2000,4,'',0,1700,4,'',0,5900,4,'',0,1900,4,'',0,2100,4,'',0,6200,4,'',0,2000,4,'',0,2000,4,'',0,6100,4,'',0,2200,4,'',0,2200,4,'',0,6200,4,'',0,2000,4,'',0,1200,4,'',0,5500,4,'',0,1500,4,'',0,1600,4,'',0,1500,4,'',0,5500,4,'',0,1400,4,'',0,1300,4,'',0,1400,4,'',0,1400,4,'',0,5500,4,'',0,1400,4,'',0,1300,4,'',0,1500,4,'',0,5500,4,'',0,1700,4,'',0,2100,4,'',0,6000,4,'',0,2000,4,'',0,2000,4,'',0,6000,4,'',0,2000,4,'',0,2000,4,'',0,6500,4,'',0,2400,4,'',0,8300,4,'',0,9800,4,'',0
