662200,'152201',2521,,5432,77,4,,0,33,,5433,77,4,,0
662200,'152301',2521,,5444,75,4,,0,33,,5445,75,4,,0
662200,'2',2525,,5513,75,4,,0,30,,5515,75,4,,0
662200,'3',2523,,5604,75,4,,0,29,,5605,75,4,,0
662401,'1',517,,6629,15,,,0,34,,6632,15,,,0,55,,6633,15,,,0,15,,6634,15,,,0,13,,6635,15,,,0,12,,6636,15,,,0,12,,6637,15,,,0,51,,6638,15,,,0,12,,6639,15,,,0,11,,6640,15,,,0,12,,6641,15,,,0,12,,6642,15,,,0,49,,6643,15,,,0,12,,6644,15,,,0,12,,6645,15,,,0,15,,6646,15,,,0,15,,6647,15,,,0,55,,6648,15,,,0,15,,6649,15,,,0,15,,6650,15,,,0,15,,6651,15,,,0,56,,6652,15,,,0,15,,6653,15,,,0,15,,6654,15,,,0,55,,6655,15,,,0,14,,6656,15,,,0,15,,6657,15,,,0,14,,6658,15,,,0,14,,6659,15,,,0,55,,6660,15,,,0,15,,6661,15,,,0,15,,6662,15,,,0,15,,6663,15,,,0,55,,6664,15,,,0,15,,6665,15,,,0,15,,6666,15,,,0,15,,6667,15,,,0,55,,6668,15,,,0,12,,6669,15,,,0,12,,6670,15,,,0,10,,6671,15,,,0,11,,6672,15,,,0,50,,6673,15,,,0,11,,6674,15,,,0,11,,6675,15,,,0,12,,6676,15,,,0,11,,6677,15,,,0,51,,6678,15,,,0,11,,6679,15,,,0,10,,6680,15,,,0,10,,6681,15,,,0,10,,6682,15,,,0,10,,6683,15,,,0,50,,6684,15,,,0,10,,6685,15,,,0,10,,6686,15,,,0,10,,6687,15,,,0,12,,6688,15,,,0,12,,6689,15,,,0,52,,6690,15,,,0,12,,6691,15,,,0,12,,6692,15,,,0,14,,6693,15,,,0,52,,6694,15,,,0,16,,6695,15,,,0,14,,6696,15,,,0,14,,6697,15,,,0,15,,6698,15,,,0,55,,6699,15,,,0,15,,6700,15,,,0,15,,6701,15,,,0,15,,6702,15,,,0,59,,6703,15,,,0,19,,6704,15,,,0,19,,6705,15,,,0,60,,6706,15,,,0,20,,6707,15,,,0,21,,6708,15,,,0,60,,6709,15,,,0,22,,6710,15,,,0,73,,6711,15,,,0,36,,6713,15,,,0,66,,6714,15,0,10,0
662401,'2',503,,6718,15,0,10,0,29,,6719,15,0,10,0,69,,6721,15,,,0,20,,6722,15,,,0,19,,6723,15,,,0,60,,6724,15,,,0,20,,6725,15,,,0,20,,6727,15,,,0,15,,6728,15,,,0,54,,6729,15,,,0,13,,6730,15,,,0,15,,6731,15,,,0,15,,6732,15,,,0,56,,6733,15,,,0,15,,6734,15,,,0,15,,6735,15,,,0,15,,6736,15,,,0,55,,6737,15,,,0,14,,6738,15,,,0,15,,6739,15,,,0,14,,6741,15,,,0,55,,6742,15,,,0,15,,6743,15,,,0,15,,6744,15,,,0,15,,6745,15,,,0,55,,6746,15,,,0,13,,6747,15,,,0,15,,6748,15,,,0,15,,6749,15,,,0,52,,6750,15,,,0,12,,6751,15,,,0,12,,6752,15,,,0,13,,6753,15,,,0,11,,6754,15,,,0,51,,6755,15,,,0,13,,6756,15,,,0,12,,6757,15,,,0,12,,6758,15,,,0,12,,6759,15,,,0,52,,6760,15,,,0,12,,6761,15,,,0,13,,6762,15,,,0,13,,6763,15,,,0,12,,6764,15,,,0,52,,6765,15,,,0,12,,6766,15,,,0,14,,6767,15,,,0,12,,6768,15,,,0,12,,6769,15,,,0,52,,6770,15,,,0,13,,6771,15,,,0,12,,6772,15,,,0,12,,6773,15,,,0,12,,6774,15,,,0,52,,6775,15,,,0,12,,6776,15,,,0,12,,6777,15,,,0,12,,6778,15,,,0,12,,6779,15,,,0,52,,6780,15,,,0,14,,6781,15,,,0,15,,6782,15,,,0,15,,6783,15,,,0,55,,6784,15,,,0,15,,6785,15,,,0,15,,6786,15,,,0,15,,6787,15,,,0,55,,6788,15,,,0,15,,6789,15,,,0,17,,6790,15,,,0,21,,6791,15,,,0,60,,6792,15,,,0,21,,6793,15,,,0,19,,6794,15,,,0,59,,6795,15,,,0,14,,6796,15,,,0,18,,6797,15,,,0,60,,6798,15,,,0,29,,6799,15,,,0,78,,6801,15,0,10,0
662401,'3',517,,6806,15,0,10,0,18,,6807,15,0,10,0,19,,6809,15,,,0,58,,6810,15,,,0,15,,6811,15,,,0,14,,6812,15,,,0,15,,6813,15,,,0,55,,6814,15,,,0,15,,6815,15,,,0,15,,6816,15,,,0,13,,6817,15,,,0,55,,6818,15,,,0,14,,6819,15,,,0,15,,6820,15,,,0,16,,6821,15,,,0,55,,6822,15,,,0,12,,6823,15,,,0,13,,6824,15,,,0,14,,6825,15,,,0,55,,6826,15,,,0,15,,6827,15,,,0,15,,6828,15,,,0,14,,6830,15,,,0,56,,6831,15,,,0,14,,6832,15,,,0,15,,6833,15,,,0,15,,6834,15,,,0,55,,6835,15,,,0,15,,6836,15,,,0,15,,6837,15,,,0,16,,6838,15,,,0,55,,6839,15,,,0,15,,6840,15,,,0,16,,6842,15,,,0,15,,6843,15,,,0,55,,6845,15,,,0,16,,6847,15,,,0,15,,6848,15,,,0,11,,6849,15,,,0,10,,6850,15,,,0,50,,6851,15,,,0,10,,6852,15,,,0,10,,6853,15,,,0,10,,6854,15,,,0,10,,6855,15,,,0,10,,6856,15,,,0,50,,6857,15,,,0,10,,6858,15,,,0,11,,6859,15,,,0,10,,6860,15,,,0,11,,6861,15,,,0,10,,6862,15,,,0,50,,6863,15,,,0,11,,6864,15,,,0,10,,6865,15,,,0,10,,6866,15,,,0,9,,6867,15,,,0,10,,6868,15,,,0,50,,6869,15,,,0,10,,6870,15,,,0,10,,6871,15,,,0,10,,6872,15,,,0,11,,6873,15,,,0,10,,6874,15,,,0,50,,6875,15,,,0,9,,6876,15,,,0,8,,6877,15,,,0,16,,6879,15,,,0,16,,6880,15,,,0,55,,6881,15,,,0,15,,6882,15,,,0,15,,6883,15,,,0,15,,6884,15,,,0,55,,6885,15,,,0,15,,6886,15,,,0,13,,6887,15,,,0,61,,6888,15,,,0,19,,6890,15,,,0,21,,6891,15,,,0,60,,6892,15,,,0,20,,6893,15,,,0,20,,6894,15,,,0,74,,6896,15,,,0,25,,6897,15,,,0,73,,6899,15,0,10,0
683401,'1',2537,,38373,58,,,0,68,,38372,58,,,0,32,,38371,58,,,0
683401,'2',2455,,38377,58,,,0,81,,38376,58,,,0,70,,38375,58,,,0,31,,38374,58,,,0
683401,'3',2536,,38378,58,,,0,70,,38379,58,,,0,30,,38380,58,,,0
