667601,'1',532,,20881,4,,0,80,,20915,4,,0,16,,20883,4,,0,27,,20894,4,,0,57,,20910,4,,0,12,,20876,4,,0,12,,20885,4,,0,20,,20903,4,,0,58,,20889,4,,0,31,,20917,4,,0,57,,20923,4,,0,20,,20884,4,,0,21,,20916,4,,0,69,,20918,4,,0,30,,20887,4,,0,70,,20911,4,,0,30,,20877,4,,0,68,,20878,4,,0,32,,20899,4,,0,74,,20912,4,,0,27,,20898,4,,0,70,,20921,4,,0,30,,20893,4,,0,70,,20905,4,,0,32,,20906,4,,0,80,,20928,4,,0,20,,20908,4,,0,12,,20892,4,,0,57,,20882,4,,0,11,,20897,4,,0,18,,20920,4,,0,12,,20891,4,,0,55,,20922,4,,0,15,,20886,4,,0,17,,20904,4,,0,16,,20895,4,,0,55,,20907,4,,0,15,,20914,4,,0,17,,20909,4,,0,13,,20913,4,,0,69,,20888,4,,0,30,,20901,4,,0,70,,20919,4,,0,30,,20890,4,,0,70,,20900,4,,0,30,,20902,4,,0,71,,20896,4,,0,28,,20879,4,,0,71,,20880,4,,0,28,,20924,4,,0,71,,20925,4,,0
667601,'101',828,,20929,4,,0,698,,20931,4,,0,86,,20930,4,,0
667601,'2',557,,20942,4,,0,70,,20963,4,,0,30,,20933,4,,0,70,,20967,4,,0,30,,20965,4,,0,70,,20966,4,,0,30,,20936,4,,0,70,,20932,4,,0,27,,20971,4,,0,72,,20957,4,,0,30,,20939,4,,0,70,,20947,4,,0,30,,20940,4,,0,70,,20941,4,,0,30,,20934,4,,0,70,,20945,4,,0,30,,20935,4,,0,70,,20955,4,,0,30,,20969,4,,0,70,,20949,4,,0,30,,20968,4,,0,70,,20950,4,,0,30,,20970,4,,0,70,,20959,4,,0,30,,20937,4,,0,70,,20943,4,,0,30,,20951,4,,0,70,,20952,4,,0,30,,20956,4,,0,70,,20948,4,,0,30,,20944,4,,0,70,,20954,4,,0,30,,20946,4,,0,71,,20964,4,,0,29,,20962,4,,0,70,,20960,4,,0,30,,20958,4,,0,69,,20961,4,,0,30,,20953,4,,0,71,,20938,4,,0
667601,'201',828,,20973,4,,0,784,,20972,4,,0
667601,'3',726,,20994,4,,0,100,,20978,4,,0,100,,20985,4,,0,100,,20989,4,,0,100,,20993,4,,0,32,,20986,4,,0,68,,20996,4,,0,31,,20981,4,,0,70,,20991,4,,0,31,,20995,4,,0,70,,20997,4,,0,30,,20983,4,,0,70,,21004,4,,0,30,,21002,4,,0,70,,20974,4,,0,30,,21001,4,,0,70,,20979,4,,0,30,,20976,4,,0,70,,20975,4,,0,30,,20999,4,,0,70,,20998,4,,0,30,,20992,4,,0,70,,20990,4,,0,30,,20988,4,,0,70,,21000,4,,0,30,,20987,4,,0,69,,20980,4,,0,28,,21003,4,,0,72,,20982,4,,0
667701,'1',556,,21152,4,,0,70,,21149,4,,0,27,,21174,4,,0,52,,21178,4,,0,16,,21156,4,,0,14,,21176,4,,0,20,,21172,4,,0,51,,21150,4,,0,19,,21171,4,,0,24,,21173,4,,0,77,,21170,4,,0,76,,21169,4,,0,26,,21168,4,,0,30,,21167,4,,0,68,,21166,4,,0,30,,21165,4,,0,69,,21164,4,,0,30,,21163,4,,0,69,,21162,4,,0,29,,21161,4,,0,69,,21160,4,,0,26,,21188,4,,0,55,,21159,4,,0,19,,21158,4,,0,14,,21140,4,,0,70,,21157,4,,0,18,,21141,4,,0,18,,21189,4,,0,13,,21148,4,,0,51,,21186,4,,0,18,,21147,4,,0,12,,21187,4,,0,17,,21146,4,,0,52,,21143,4,,0,19,,21175,4,,0,19,,21182,4,,0,13,,21151,4,,0,54,,21142,4,,0,12,,21145,4,,0,17,,21180,4,,0,19,,21181,4,,0,70,,21144,4,,0,30,,21153,4,,0,69,,21183,4,,0,31,,21179,4,,0,69,,21185,4,,0,31,,21155,4,,0,60,,21184,4,,0,39,,21154,4,,0,96,,21177,4,,0
667701,'2',724,,21192,4,,0,31,,21191,4,,0,71,,21231,4,,0,30,,21230,4,,0,70,,21229,4,,0,30,,21228,4,,0,71,,21227,4,,0,31,,21226,4,,0,68,,21225,4,,0,29,,21224,4,,0,70,,21234,4,,0,31,,21209,4,,0,70,,21233,4,,0,15,,21214,4,,0,15,,21232,4,,0,65,,21211,4,,0,20,,21221,4,,0,15,,21210,4,,0,65,,21205,4,,0,20,,21215,4,,0,16,,21193,4,,0,65,,21204,4,,0,19,,21212,4,,0,18,,21203,4,,0,65,,21202,4,,0,19,,21223,4,,0,15,,21201,4,,0,57,,21200,4,,0,22,,21222,4,,0,20,,21199,4,,0,55,,21208,4,,0,23,,21195,4,,0,20,,21207,4,,0,56,,21220,4,,0,29,,21194,4,,0,16,,21213,4,,0,70,,21218,4,,0,30,,21198,4,,0,69,,21217,4,,0,30,,21206,4,,0,70,,21216,4,,0,27,,21197,4,,0,71,,21219,4,,0,30,,21196,4,,0,70,,21190,4,,0
667701,'3',824,,21264,4,,0,30,,21243,4,,0,70,,21263,4,,0,30,,21244,4,,0,72,,21262,4,,0,30,,21245,4,,0,71,,21261,4,,0,28,,21246,4,,0,72,,21260,4,,0,29,,21248,4,,0,72,,21259,4,,0,30,,21249,4,,0,72,,21235,4,,0,12,,21274,4,,0,67,,21250,4,,0,21,,21242,4,,0,15,,21273,4,,0,68,,21251,4,,0,16,,21241,4,,0,15,,21272,4,,0,71,,21237,4,,0,15,,21240,4,,0,14,,21271,4,,0,71,,21247,4,,0,13,,21239,4,,0,16,,21270,4,,0,70,,21238,4,,0,15,,21258,4,,0,15,,21269,4,,0,67,,21252,4,,0,16,,21257,4,,0,17,,21268,4,,0,64,,21253,4,,0,17,,21256,4,,0,29,,21254,4,,0,69,,21267,4,,0,29,,21236,4,,0,68,,21266,4,,0,31,,21255,4,,0,72,,21265,4,,0
667801,'1',612,,21404,4,,0,16,,21392,4,,0,75,,21391,4,,0,22,,21421,4,,0,18,,21393,4,,0,12,,21419,4,,0,57,,21422,4,,0,13,,21431,4,,0,17,,21423,4,,0,74,,21425,4,,0,28,,21428,4,,0,70,,21418,4,,0,30,,21410,4,,0,68,,21426,4,,0,30,,21433,4,,0,70,,21405,4,,0,30,,21407,4,,0,71,,21427,4,,0,30,,21401,4,,0,70,,21408,4,,0,30,,21417,4,,0,72,,21424,4,,0,31,,21411,4,,0,60,,21394,4,,0,20,,21412,4,,0,19,,21416,4,,0,56,,21398,4,,0,16,,21429,4,,0,16,,21397,4,,0,16,,21432,4,,0,51,,21396,4,,0,15,,21395,4,,0,11,,21420,4,,0,31,,21413,4,,0,70,,21409,4,,0,32,,21400,4,,0,69,,21430,4,,0,30,,21399,4,,0,71,,21402,4,,0,107,,21406,4,,0,93,,21414,4,,0,100,,21403,4,,0,100,,21415,4,,0
667801,'2',642,,21435,4,,0,70,,21466,4,,0,30,,21467,4,,0,70,,21453,4,,0,31,,21454,4,,0,69,,21459,4,,0,30,,21447,4,,0,71,,21444,4,,0,30,,21451,4,,0,69,,21437,4,,0,31,,21448,4,,0,70,,21439,4,,0,28,,21457,4,,0,74,,21440,4,,0,28,,21458,4,,0,71,,21438,4,,0,30,,21461,4,,0,69,,21460,4,,0,28,,21462,4,,0,71,,21464,4,,0,30,,21441,4,,0,72,,21465,4,,0,30,,21463,4,,0,68,,21436,4,,0,30,,21442,4,,0,70,,21449,4,,0,30,,21446,4,,0,70,,21456,4,,0,30,,21445,4,,0,80,,21450,4,,0,30,,21468,4,,0,71,,21452,4,,0,98,,21455,4,,0,100,,21434,4,,0,99,,21443,4,,0
667801,'3',810,,21492,4,,0,32,,21471,4,,0,70,,21491,4,,0,30,,21496,4,,0,70,,21490,4,,0,30,,21499,4,,0,62,,21489,4,,0,32,,21493,4,,0,72,,21488,4,,0,36,,21497,4,,0,75,,21487,4,,0,25,,21495,4,,0,69,,21486,4,,0,29,,21494,4,,0,70,,21485,4,,0,30,,21498,4,,0,70,,21484,4,,0,30,,21478,4,,0,70,,21483,4,,0,30,,21474,4,,0,70,,21482,4,,0,29,,21470,4,,0,70,,21481,4,,0,30,,21473,4,,0,70,,21480,4,,0,27,,21469,4,,0,73,,21479,4,,0,19,,21476,4,,0,96,,21477,4,,0,101,,21475,4,,0,100,,21472,4,,0
668001,'1',625,,21850,4,,0,99,,21864,4,,0,28,,21844,4,,0,71,,21865,4,,0,80,,21843,4,,0,31,,21832,4,,0,22,,21833,4,,0,66,,21834,4,,0,29,,21829,4,,0,71,,21830,4,,0,28,,21831,4,,0,74,,21835,4,,0,31,,21836,4,,0,68,,21837,4,,0,32,,21838,4,,0,67,,21839,4,,0,34,,21840,4,,0,69,,21849,4,,0,18,,21857,4,,0,13,,21856,4,,0,54,,21858,4,,0,17,,21845,4,,0,16,,21859,4,,0,15,,21854,4,,0,56,,21860,4,,0,10,,21842,4,,0,20,,21861,4,,0,13,,21841,4,,0,58,,21862,4,,0,11,,21866,4,,0,16,,21863,4,,0,13,,21852,4,,0,53,,21868,4,,0,15,,21867,4,,0,33,,21851,4,,0,100,,21853,4,,0,101,,21847,4,,0,100,,21846,4,,0,100,,21848,4,,0,97,,21855,4,,0
668001,'2',654,,21915,4,,0,75,,21890,4,,0,26,,21878,4,,0,74,,21906,4,,0,22,,21875,4,,0,71,,21913,4,,0,32,,21910,4,,0,56,,21905,4,,0,15,,21877,4,,0,15,,21904,4,,0,13,,21911,4,,0,55,,21903,4,,0,18,,21876,4,,0,15,,21909,4,,0,16,,21917,4,,0,55,,21902,4,,0,15,,21879,4,,0,15,,21901,4,,0,16,,21912,4,,0,55,,21900,4,,0,15,,21874,4,,0,15,,21899,4,,0,15,,21881,4,,0,54,,21893,4,,0,15,,21872,4,,0,15,,21898,4,,0,15,,21880,4,,0,54,,21897,4,,0,16,,21889,4,,0,16,,21907,4,,0,15,,21908,4,,0,55,,21895,4,,0,15,,21888,4,,0,14,,21896,4,,0,15,,21873,4,,0,54,,21894,4,,0,15,,21891,4,,0,15,,21887,4,,0,14,,21918,4,,0,55,,21869,4,,0,15,,21870,4,,0,14,,21892,4,,0,15,,21886,4,,0,71,,21916,4,,0,30,,21885,4,,0,100,,21884,4,,0,101,,21883,4,,0,102,,21882,4,,0,99,,21914,4,,0,97,,21871,4,,0
668001,'3',828,,21962,4,,0,100,,21956,4,,0,29,,21945,4,,0,55,,21949,4,,0,13,,21955,4,,0,17,,21948,4,,0,15,,21919,4,,0,55,,21947,4,,0,12,,21935,4,,0,18,,21934,4,,0,15,,21928,4,,0,55,,21946,4,,0,15,,21957,4,,0,16,,21933,4,,0,15,,21936,4,,0,55,,21925,4,,0,14,,21920,4,,0,15,,21924,4,,0,15,,21937,4,,0,55,,21923,4,,0,15,,21938,4,,0,16,,21922,4,,0,15,,21954,4,,0,55,,21961,4,,0,11,,21932,4,,0,17,,21960,4,,0,14,,21958,4,,0,57,,21959,4,,0,16,,21926,4,,0,15,,21944,4,,0,15,,21927,4,,0,55,,21943,4,,0,15,,21939,4,,0,15,,21942,4,,0,15,,21950,4,,0,54,,21941,4,,0,15,,21953,4,,0,15,,21940,4,,0,16,,21952,4,,0,69,,21921,4,,0,32,,21931,4,,0,99,,21930,4,,0,100,,21951,4,,0,97,,21929,4,,0
3679901,'1',608,,51343,4,,0,33,,51342,4,,0,16,,51341,4,,0,50,,51340,4,,0,29,,51339,4,,0,13,,51345,4,,0,59,,51344,4,,0,14,,51338,4,,0,11,,51337,4,,0,23,,51336,4,,0,51,,51335,4,,0,16,,51334,4,,0,17,,51333,4,,0,68,,51332,4,,0,26,,51331,4,,0,20,,51330,4,,0,71,,51329,4,,0,28,,51328,4,,0,72,,51327,4,,0,31,,51326,4,,0,71,,51325,4,,0,30,,51324,4,,0,67,,51323,4,,0,33,,51322,4,,0,66,,51321,4,,0,22,,51320,4,,0,71,,51319,4,,0,13,,51318,4,,0,17,,51317,4,,0,13,,51316,4,,0,58,,51315,4,,0,10,,51314,4,,0,12,,51313,4,,0,11,,51312,4,,0,50,,51311,4,,0,10,,51310,4,,0,5,,51309,4,,0,12,,51308,4,,0,16,,51307,4,,0,16,,51306,4,,0,54,,51305,4,,0,24,,51304,4,,0,66,,51303,4,,0,56,,51302,4,,0,97,,51301,4,,0,102,,51300,4,,0,96,,51299,4,,0,100,,51298,4,,0
3679901,'2',625,,51377,4,,0,30,,51373,4,,0,70,,51372,4,,0,31,,51378,4,,0,70,,51376,4,,0,30,,51375,4,,0,71,,51374,4,,0,29,,51371,4,,0,71,,51370,4,,0,31,,51369,4,,0,71,,51368,4,,0,30,,51367,4,,0,69,,51366,4,,0,31,,51365,4,,0,70,,51364,4,,0,30,,51363,4,,0,69,,51362,4,,0,29,,51361,4,,0,70,,51360,4,,0,31,,51359,4,,0,70,,51358,4,,0,30,,51357,4,,0,69,,51356,4,,0,31,,51355,4,,0,70,,51354,4,,0,30,,51353,4,,0,71,,51352,4,,0,26,,51351,4,,0,103,,51350,4,,0,100,,51349,4,,0,97,,51347,4,,0,99,,51348,4,,0,100,,51346,4,,0
3679901,'3',852,,51404,4,,0,102,,51403,4,,0,101,,51402,4,,0,72,,51387,4,,0,73,,51401,4,,0,27,,51379,4,,0,32,,51400,4,,0,70,,51386,4,,0,29,,51399,4,,0,70,,51385,4,,0,31,,51398,4,,0,69,,51384,4,,0,30,,51397,4,,0,72,,51383,4,,0,29,,51396,4,,0,69,,51382,4,,0,29,,51395,4,,0,71,,51381,4,,0,29,,51394,4,,0,75,,51380,4,,0,22,,51393,4,,0,102,,51392,4,,0,98,,51391,4,,0,98,,51390,4,,0,105,,51389,4,,0,97,,51388,4,,0
