670000,'1',549,,24643,,,0,55,,24652,,,0,15,,24667,,,0,16,,24677,,,0,15,,24636,,,0,55,,24668,,,0,15,,24654,,,0,30,,24676,,,0,59,,24647,,,0,20,,24645,,,0,20,,24662,,,0,59,,24678,,,0,19,,24634,,,0,20,,24637,,,0,66,,24655,,,0,30,,24665,,,0,72,,24635,,,0,30,,24631,,,0,70,,24663,,,0,30,,24657,,,0,71,,24664,,,0,29,,24649,,,0,70,,24633,,,0,31,,24669,,,0,71,,24675,,,0,20,,24644,,,0,20,,24661,,,0,60,,24659,,,0,19,,24656,,,0,20,,24642,,,0,60,,24641,,,0,20,,24640,,,0,64,,24639,,,0,28,,24646,,,0,29,,24666,,,0,70,,24658,,,0,29,,24648,,,0,70,,24670,,,0,29,,24651,,,0,69,,24671,,,0,30,,24650,,,0,69,,24672,,,0,30,,24638,,,0,67,,24673,,,0,30,,24653,,,0,69,,24674,,,0,30,,24632,,,0,78,,24660,,,0
670000,'101',735,,24679,,,0
670000,'2',556,,24713,,,0,68,,24714,,,0,18,,24720,,,0,59,,24715,,,0,29,,24700,,,0,70,,24684,,,0,30,,24699,,,0,70,,24683,,,0,30,,24698,,,0,28,,24697,,,0,70,,24696,,,0,30,,24695,,,0,70,,24694,,,0,72,,24693,,,0,30,,24692,,,0,71,,24701,,,0,30,,24691,,,0,70,,24690,,,0,30,,24689,,,0,28,,24688,,,0,70,,24687,,,0,30,,24686,,,0,70,,24685,,,0,30,,24712,,,0,70,,24711,,,0,30,,24710,,,0,69,,24709,,,0,30,,24682,,,0,70,,24708,,,0,30,,24681,,,0,70,,24707,,,0,28,,24680,,,0,70,,24706,,,0,30,,24716,,,0,69,,24705,,,0,30,,24717,,,0,68,,24704,,,0,77,,24718,,,0,30,,24703,,,0,72,,24719,,,0,35,,24702,,,0
670000,'201',735,,24721,,,0
670000,'3',755,,24753,,,0,71,,24736,,,0,30,,24749,,,0,70,,24740,,,0,30,,24732,,,0,70,,24737,,,0,30,,24733,,,0,70,,24726,,,0,31,,24738,,,0,70,,24729,,,0,30,,24730,,,0,71,,24731,,,0,30,,24739,,,0,70,,24728,,,0,30,,24748,,,0,70,,24742,,,0,31,,24743,,,0,70,,24747,,,0,30,,24744,,,0,70,,24745,,,0,28,,24735,,,0,70,,24741,,,0,30,,24722,,,0,70,,24723,,,0,30,,24750,,,0,69,,24724,,,0,30,,24751,,,0,70,,24727,,,0,30,,24752,,,0,68,,24725,,,0,97,,24746,,,0,109,,24734,,,0
670300,'1',456,,25206,,,0,50,,25273,,,0,10,,25207,,,0,12,,25208,,,0,10,,25209,,,0,11,,25185,,,0,10,,25284,,,0,50,,25204,,,0,11,,25205,,,0,10,,25274,,,0,10,,25210,,,0,10,,25275,,,0,50,,25211,,,0,10,,25212,,,0,11,,25186,,,0,10,,25277,,,0,10,,25213,,,0,10,,25214,,,0,51,,25215,,,0,10,,25216,,,0,11,,25280,,,0,10,,25187,,,0,10,,25188,,,0,10,,25283,,,0,50,,25282,,,0,10,,25240,,,0,10,,25241,,,0,12,,25242,,,0,15,,25243,,,0,55,,25244,,,0,15,,25245,,,0,15,,25246,,,0,15,,25247,,,0,56,,25248,,,0,15,,25249,,,0,15,,25250,,,0,15,,25251,,,0,56,,25252,,,0,15,,25253,,,0,16,,25254,,,0,15,,25255,,,0,56,,25256,,,0,15,,25257,,,0,15,,25258,,,0,15,,25259,,,0,55,,25260,,,0,15,,25261,,,0,15,,25262,,,0,15,,25263,,,0,58,,25264,,,0,15,,25265,,,0,14,,25266,,,0,11,,25267,,,0,51,,25268,,,0,11,,25269,,,0,11,,25270,,,0,11,,25271,,,0,11,,25272,,,0,11,,25281,,,0,50,,25196,,,0,11,,25197,,,0,11,,25198,,,0,10,,25199,,,0,11,,25200,,,0,51,,25201,,,0,9,,25202,,,0,10,,25278,,,0,11,,25203,,,0,11,,25279,,,0,11,,25217,,,0,50,,25218,,,0,11,,25219,,,0,11,,25220,,,0,10,,25221,,,0,11,,25222,,,0,11,,25223,,,0,50,,25224,,,0,11,,25285,,,0,11,,25225,,,0,13,,25226,,,0,15,,25227,,,0,54,,25228,,,0,15,,25229,,,0,14,,25230,,,0,15,,25231,,,0,55,,25232,,,0,15,,25233,,,0,12,,25234,,,0,15,,25235,,,0,55,,25236,,,0,15,,25237,,,0,13,,25238,,,0,15,,25239,,,0,55,,25276,,,0,15,,25189,,,0,12,,25190,,,0,15,,25191,,,0,55,,25192,,,0,13,,25193,,,0,20,,25194,,,0,20,,25195,,,0
670300,'2',542,,25287,,,0,15,,25289,,,0,55,,25290,,,0,15,,25291,,,0,15,,25292,,,0,15,,25293,,,0,55,,25294,,,0,15,,25295,,,0,15,,25296,,,0,16,,25297,,,0,55,,25298,,,0,16,,25299,,,0,15,,25300,,,0,15,,25301,,,0,55,,25302,,,0,14,,25303,,,0,15,,25304,,,0,13,,25305,,,0,57,,25306,,,0,15,,25307,,,0,16,,25308,,,0,15,,25309,,,0,56,,25310,,,0,15,,25311,,,0,16,,25312,,,0,55,,25313,,,0,15,,25314,,,0,15,,25315,,,0,18,,25316,,,0,55,,25317,,,0,18,,25318,,,0,16,,25319,,,0,16,,25320,,,0,56,,25321,,,0,16,,25322,,,0,15,,25323,,,0,15,,25324,,,0,55,,25325,,,0,15,,25326,,,0,15,,25327,,,0,15,,25328,,,0,55,,25329,,,0,15,,25330,,,0,15,,25331,,,0,15,,25332,,,0,55,,25333,,,0,15,,25334,,,0,15,,25335,,,0,14,,25336,,,0,55,,25337,,,0,15,,25338,,,0,12,,25339,,,0,14,,25340,,,0,54,,25341,,,0,14,,25342,,,0,14,,25343,,,0,15,,25344,,,0,55,,25345,,,0,13,,25346,,,0,15,,25347,,,0,15,,25348,,,0,55,,25349,,,0,15,,25350,,,0,15,,25351,,,0,13,,25352,,,0,15,,25353,,,0,55,,25354,,,0,15,,25355,,,0,13,,25356,,,0,15,,25357,,,0,55,,25358,,,0,15,,25359,,,0,14,,25360,,,0,15,,25361,,,0,55,,25362,,,0,15,,25363,,,0,13,,25364,,,0,15,,25365,,,0,55,,25366,,,0,15,,25367,,,0,17,,25288,,,0,18,,25286,,,0
670300,'3',610,,25369,,,0,18,,25370,,,0,15,,25371,,,0,15,,25372,,,0,55,,25373,,,0,16,,25374,,,0,15,,25375,,,0,15,,25376,,,0,55,,25377,,,0,15,,25378,,,0,15,,25379,,,0,56,,25380,,,0,15,,25381,,,0,16,,25382,,,0,15,,25383,,,0,56,,25384,,,0,15,,25385,,,0,16,,25386,,,0,15,,25387,,,0,55,,25388,,,0,15,,25389,,,0,15,,25390,,,0,15,,25391,,,0,56,,25392,,,0,15,,25393,,,0,16,,25394,,,0,15,,25395,,,0,57,,25396,,,0,15,,25397,,,0,14,,25398,,,0,15,,25399,,,0,55,,25400,,,0,15,,25401,,,0,14,,25402,,,0,15,,25403,,,0,55,,25404,,,0,15,,25405,,,0,14,,25406,,,0,15,,25407,,,0,55,,25408,,,0,15,,25409,,,0,15,,25410,,,0,15,,25411,,,0,55,,25412,,,0,15,,25413,,,0,14,,25414,,,0,15,,25415,,,0,54,,25416,,,0,15,,25417,,,0,15,,25418,,,0,15,,25419,,,0,55,,25420,,,0,15,,25421,,,0,14,,25422,,,0,15,,25423,,,0,54,,25424,,,0,15,,25425,,,0,15,,25426,,,0,15,,25427,,,0,55,,25428,,,0,15,,25429,,,0,14,,25430,,,0,15,,25431,,,0,15,,25432,,,0,55,,25433,,,0,12,,25434,,,0,15,,25435,,,0,15,,25436,,,0,55,,25437,,,0,13,,25438,,,0,15,,25439,,,0,15,,25440,,,0,55,,25441,,,0,14,,25442,,,0,16,,25443,,,0,16,,25368,,,0
671800,'1',543,,29455,,,0,69,,29453,,,0,32,,29456,,,0,70,,29454,,,0,106,,29452,,,0
671800,'101',739,,29457,,,0
671800,'201',739,,29458,,,0
674800,'1',458,,33482,,,0,49,,33483,,,0,8,,33484,,,0,7,,33485,,,0,9,,33486,,,0,8,,33487,,,0,7,,33489,,,0,3,,33488,,,0,51,,33490,,,0,4,,33491,,,0,8,,33492,,,0,8,,33493,,,0,13,,33494,,,0,2,,33495,,,0,9,,33496,,,0,8,,33497,,,0,4,,33498,,,0,47,,33499,,,0,3,,33500,,,0,13,,33501,,,0,5,,33502,,,0,11,,33503,,,0,4,,33504,,,0,12,,33505,,,0,6,,33506,,,0,51,,33507,,,0,4,,33508,,,0,9,,33509,,,0,3,,33510,,,0,12,,33511,,,0,3,,33512,,,0,15,,33513,,,0,55,,33514,,,0,14,,33515,,,0,14,,33516,,,0,13,,33517,,,0,56,,33518,,,0,15,,33519,,,0,15,,33520,,,0,15,,33521,,,0,62,,33522,,,0,20,,33523,,,0,20,,33524,,,0,60,,33525,,,0,20,,33526,,,0,20,,33527,,,0,59,,33528,,,0,20,,33530,,,0,3,,33529,,,0,10,,33531,,,0,9,,33532,,,0,51,,33533,,,0,9,,33535,,,0,0,,33534,,,0,6,,33536,,,0,7,,33537,,,0,7,,33538,,,0,9,,33539,,,0,11,,33540,,,0,5,,33541,,,0,49,,33542,,,0,6,,33543,,,0,13,,33544,,,0,4,,33545,,,0,12,,33546,,,0,4,,33547,,,0,10,,33548,,,0,45,,33549,,,0,10,,33550,,,0,6,,33551,,,0,8,,33552,,,0,6,,33553,,,0,5,,33554,,,0,13,,33556,,,0,5,,33555,,,0,45,,33557,,,0,6,,33558,,,0,8,,33559,,,0,6,,33560,,,0,10,,33561,,,0,3,,33562,,,0,12,,33563,,,0,61,,33564,,,0,18,,33565,,,0,8,,33566,,,0,16,,33567,,,0,59,,33568,,,0,19,,33569,,,0,19,,33570,,,0,60,,33571,,,0,20,,33572,,,0,19,,33573,,,0,60,,33574,,,0,20,,33575,,,0,20,,33576,,,0,60,,33577,,,0,20,,33578,,,0,20,,33579,,,0,60,,33580,,,0,20,,33581,,,0,20,,33582,,,0,72,,33583,,,0
674800,'2',704,,33616,,,0,30,,33617,,,0,20,,33618,,,0,60,,33619,,,0,20,,33584,,,0,70,,33585,,,0,30,,33586,,,0,70,,33587,,,0,30,,33588,,,0,70,,33589,,,0,30,,33590,,,0,70,,33591,,,0,30,,33592,,,0,70,,33593,,,0,28,,33594,,,0,21,,33595,,,0,60,,33620,,,0,20,,33596,,,0,20,,33621,,,0,60,,33597,,,0,20,,33598,,,0,20,,33622,,,0,60,,33599,,,0,22,,33600,,,0,70,,33601,,,0,30,,33602,,,0,71,,33603,,,0,29,,33604,,,0,69,,33605,,,0,30,,33606,,,0,71,,33607,,,0,30,,33608,,,0,70,,33609,,,0,30,,33610,,,0,70,,33611,,,0,30,,33612,,,0,21,,33613,,,0,60,,33623,,,0,19,,33614,,,0,65,,33615,,,0
674800,'3',800,,33645,,,0,32,,33654,,,0,69,,33625,,,0,30,,33655,,,0,70,,33626,,,0,30,,33656,,,0,70,,33624,,,0,30,,33641,,,0,72,,33650,,,0,29,,33640,,,0,70,,33649,,,0,30,,33639,,,0,70,,33648,,,0,30,,33638,,,0,70,,33631,,,0,31,,33637,,,0,70,,33647,,,0,30,,33636,,,0,70,,33646,,,0,30,,33635,,,0,70,,33642,,,0,30,,33634,,,0,70,,33644,,,0,30,,33633,,,0,70,,33630,,,0,30,,33632,,,0,70,,33629,,,0,30,,33651,,,0,70,,33643,,,0,30,,33652,,,0,70,,33628,,,0,30,,33653,,,0,70,,33627,,,0
