3181700,'1',514,,106537,18,,,0,30,,106510,18,,,0,70,,106511,18,,,0,30,,106512,18,,,0,62,,106513,18,,,0,32,,106514,18,,,0,70,,106515,18,,,0,31,,106516,18,,,0,70,,106517,18,,,0,30,,106518,18,,,0,70,,106519,18,,,0,30,,106520,18,,,0,70,,106521,18,,,0,32,,106522,18,,,0,70,,106523,18,,,0,30,,106524,18,,,0,70,,106525,18,,,0,30,,106526,18,,,0,70,,106527,18,,,0,30,,106528,18,,,0,71,,106529,18,,,0,31,,106530,18,,,0,69,,106531,18,,,0,29,,106532,18,,,0,70,,106533,18,,,0,28,,106534,18,,,0,70,,106535,18,,,0,30,,106536,18,,,0,69,,106538,18,,,0
3181700,'2',739,,106541,18,,,0,97,,106542,18,,,0,100,,106543,18,,,0,102,,106544,18,,,0,99,,106545,18,,,0,101,,106546,18,,,0,101,,106547,18,,,0,97,,106548,18,,,0,102,,106549,18,,,0,101,,106550,18,,,0,100,,106551,18,,,0,100,,106539,18,,,0,101,,106540,18,,,0,98,,106552,18,,,0
3181700,'3',839,,106553,18,,,0,101,,106554,18,,,0,101,,106555,18,,,0,98,,106556,18,,,0,100,,106557,18,,,0,102,,106558,18,,,0,99,,106559,18,,,0,101,,106560,18,,,0,100,,106561,18,,,0,101,,106562,18,,,0,102,,106563,18,,,0
3181800,'1',942,,106647,1,,,0,70,,106624,1,,,0,30,,106625,1,,,0,70,,106626,1,,,0,30,,106627,1,,,0,70,,106628,1,,,0,31,,106629,1,,,0,70,,106630,1,,,0,30,,106631,1,,,0,71,,106632,1,,,0,30,,106633,1,,,0,70,,106634,1,,,0,31,,106635,1,,,0,69,,106636,1,,,0,28,,106637,1,,,0,70,,106646,1,,,0,30,,106638,1,,,0,70,,106639,1,,,0,30,,106640,1,,,0,70,,106641,1,,,0,30,,106642,1,,,0,70,,106643,1,,,0,30,,106644,1,,,0,70,,106645,1,,,0
3181800,'1101',2142,,106617,1,,,0
3181800,'1201',2142,,106618,1,,,0,80,,106619,1,,,0,80,,106621,1,,,0,40,,106620,1,,,0,70,,106622,1,,,0,30,,106623,1,,,0
3181800,'2',809,,106664,1,,,0,30,,106648,1,,,0,69,,106665,1,,,0,30,,106649,1,,,0,69,,106666,1,,,0,33,,106650,1,,,0,70,,106667,1,,,0,30,,106651,1,,,0,70,,106668,1,,,0,30,,106652,1,,,0,70,,106669,1,,,0,30,,106653,1,,,0,70,,106670,1,,,0,30,,106654,1,,,0,71,,106671,1,,,0,29,,106655,1,,,0,72,,106672,1,,,0,29,,106656,1,,,0,69,,106673,1,,,0,30,,106657,1,,,0,70,,106674,1,,,0,30,,106658,1,,,0,71,,106675,1,,,0,29,,106659,1,,,0,70,,106676,1,,,0,30,,106660,1,,,0,70,,106677,1,,,0,30,,106661,1,,,0,70,,106678,1,,,0,30,,106662,1,,,0,70,,106679,1,,,0,30,,106663,1,,,0,70,,106680,1,,,0,30,,106681,1,,,0
3181800,'3',841,,106703,1,,,0,70,,106689,1,,,0,30,,106704,1,,,0,70,,106690,1,,,0,30,,106705,1,,,0,70,,106691,1,,,0,30,,106706,1,,,0,70,,106692,1,,,0,30,,106707,1,,,0,71,,106693,1,,,0,29,,106708,1,,,0,71,,106694,1,,,0,29,,106682,1,,,0,71,,106695,1,,,0,30,,106683,1,,,0,70,,106696,1,,,0,29,,106684,1,,,0,70,,106697,1,,,0,30,,106685,1,,,0,70,,106698,1,,,0,30,,106686,1,,,0,73,,106699,1,,,0,30,,106687,1,,,0,70,,106700,1,,,0,30,,106702,1,,,0,70,,106701,1,,,0,30,,106688,1,,,0
3181801,'1',942,,106719,12,4,,0,70,,106720,12,4,,0,30,,106721,12,4,,0,70,,106722,12,4,,0,30,,106723,12,4,,0,70,,106724,12,4,,0,31,,106725,12,4,,0,70,,106726,12,4,,0,30,,106727,12,4,,0,71,,106728,12,4,,0,30,,106729,12,4,,0,70,,106730,12,4,,0,31,,106731,12,4,,0,69,,106732,12,4,,0,28,,106733,12,4,,0,70,,106734,12,4,,0,30,,106735,12,4,,0,70,,106736,12,4,,0,30,,106737,12,4,,0,70,,106738,12,4,,0,30,,106714,12,4,,0,70,,106715,12,4,,0,30,,106716,12,4,,0,70,,106717,12,4,,0,30,,106718,12,4,,0
3181801,'1201',2222,,106709,12,4,,0,80,,106711,12,4,,0,40,,106710,12,4,,0,70,,106712,12,4,,0,30,,106713,12,4,,0
3181801,'2',809,,106768,12,4,,0,30,,106739,12,4,,0,69,,106769,12,4,,0,30,,106755,12,4,,0,69,,106741,12,4,,0,33,,106740,12,4,,0,70,,106742,12,4,,0,30,,106746,12,4,,0,70,,106743,12,4,,0,30,,106756,12,4,,0,70,,106744,12,4,,0,30,,106757,12,4,,0,70,,106745,12,4,,0,30,,106759,12,4,,0,71,,106758,12,4,,0,29,,106760,12,4,,0,72,,106747,12,4,,0,29,,106761,12,4,,0,69,,106748,12,4,,0,30,,106762,12,4,,0,70,,106749,12,4,,0,30,,106763,12,4,,0,71,,106750,12,4,,0,29,,106764,12,4,,0,70,,106751,12,4,,0,30,,106765,12,4,,0,70,,106752,12,4,,0,30,,106766,12,4,,0,70,,106753,12,4,,0,30,,106770,12,4,,0,70,,106754,12,4,,0,30,,106767,12,4,,0,70,,106771,12,4,,0,30,,106772,12,4,,0
3181801,'3',841,,106797,12,4,,0,70,,106783,12,4,,0,30,,106798,12,4,,0,70,,106784,12,4,,0,30,,106799,12,4,,0,70,,106785,12,4,,0,30,,106796,12,4,,0,70,,106786,12,4,,0,30,,106773,12,4,,0,71,,106787,12,4,,0,29,,106774,12,4,,0,71,,106788,12,4,,0,29,,106775,12,4,,0,71,,106789,12,4,,0,30,,106776,12,4,,0,70,,106790,12,4,,0,29,,106777,12,4,,0,70,,106791,12,4,,0,30,,106778,12,4,,0,70,,106792,12,4,,0,30,,106779,12,4,,0,73,,106793,12,4,,0,30,,106780,12,4,,0,70,,106794,12,4,,0,30,,106781,12,4,,0,70,,106795,12,4,,0,30,,106782,12,4,,0
