674700,'1',716,,150184,4,,,0,85,,150185,4,,,0,15,,150186,4,,,0,100,,150187,4,,,0,3,,150188,4,,,0,100,,150189,4,,,0,2,,150190,4,,,0,90,,150191,4,,,0,8,,150192,4,,,0,92,,150193,4,,,0,8,,150194,4,,,0,92,,150195,4,,,0,5,,150196,4,,,0,95,,150197,4,,,0,8,,150198,4,,,0,95,,150199,4,,,0,11,,150200,4,,,0,90,,150201,4,,,0,3,,150202,4,,,0,92,,150203,4,,,0,6,,150204,4,,,0,5,,150205,4,,,0,94,,150206,4,,,0,5,,150207,4,,,0,89,,150208,4,,,0,6,,150209,4,,,0,5,,150210,4,,,0,90,,150211,4,,,0,15,,150212,4,,,0,94,,150213,4,,,0,4,,150214,4,,,0,86,,150215,4,,,0,105,,150216,4,,,0,205,,150217,4,,,0
674700,'169801',1520,,150175,4,,,0,102,,150176,4,,,0,91,,150177,4,,,0,99,,150178,4,,,0,118,,150179,4,,,0,90,,150180,4,,,0,90,,150181,4,,,0,139,,150182,4,,,0,165,,150183,4,,,0
674700,'2',715,,150221,4,,,0,5,,150222,4,,,0,95,,150223,4,,,0,5,,150224,4,,,0,90,,150225,4,,,0,5,,150226,4,,,0,5,,150227,4,,,0,90,,150228,4,,,0,7,,150229,4,,,0,5,,150230,4,,,0,89,,150231,4,,,0,5,,150232,4,,,0,5,,150233,4,,,0,90,,150234,4,,,0,5,,150235,4,,,0,5,,150236,4,,,0,90,,150237,4,,,0,5,,150238,4,,,0,5,,150239,4,,,0,90,,150240,4,,,0,5,,150241,4,,,0,5,,150242,4,,,0,92,,150243,4,,,0,8,,150244,4,,,0,5,,150245,4,,,0,87,,150246,4,,,0,3,,150247,4,,,0,5,,150248,4,,,0,90,,150249,4,,,0,5,,150250,4,,,0,95,,150251,4,,,0,4,,150252,4,,,0,95,,150253,4,,,0,5,,150254,4,,,0,95,,150255,4,,,0,10,,150256,4,,,0,94,,150257,4,,,0,3,,150258,4,,,0,97,,150259,4,,,0,95,,150260,4,,,0,5,,150261,4,,,0,16,,150262,4,,,0
674700,'253403',1825,,150218,4,,,0,189,,150219,4,,,0,198,,150220,4,,,0
674700,'3',714,,150263,4,,,0,45,,150264,4,,,0,155,,150265,4,,,0,3,,150266,4,,,0,97,,150267,4,,,0,3,,150268,4,,,0,2,,150269,4,,,0,90,,150270,4,,,0,6,,150271,4,,,0,5,,150272,4,,,0,93,,150273,4,,,0,2,,150274,4,,,0,3,,150275,4,,,0,98,,150276,4,,,0,3,,150277,4,,,0,2,,150278,4,,,0,95,,150279,4,,,0,3,,150280,4,,,0,2,,150281,4,,,0,99,,150282,4,,,0,3,,150283,4,,,0,2,,150284,4,,,0,93,,150285,4,,,0,3,,150286,4,,,0,2,,150287,4,,,0,95,,150288,4,,,0,3,,150289,4,,,0,2,,150290,4,,,0,95,,150291,4,,,0,3,,150292,4,,,0,2,,150293,4,,,0,95,,150294,4,,,0,3,,150295,4,,,0,2,,150296,4,,,0,89,,150297,4,,,0,5,,150298,4,,,0,5,,150299,4,,,0,88,,150300,4,,,0,5,,150301,4,,,0,10,,150302,4,,,0,89,,150303,4,,,0,5,,150304,4,,,0,95,,150305,4,,,0,100,,150306,4,,,0,103,,150307,4,,,0
682200,'1',622,,154583,7,,,0,20,,154560,7,,,0,8,,154555,7,,,0,52,,154572,7,,,0,20,,154584,7,,,0,21,,154561,7,,,0,59,,154573,7,,,0,21,,154585,7,,,0,23,,154562,7,,,0,64,,154574,7,,,0,29,,154563,7,,,0,70,,154579,7,,,0,30,,154564,7,,,0,66,,154580,7,,,0,24,,154565,7,,,0,30,,154575,7,,,0,72,,154566,7,,,0,76,,154576,7,,,0,31,,154567,7,,,0,75,,154577,7,,,0,19,,154596,7,,,0,8,,154557,1,,,0,12,,154568,7,,,0,60,,154578,7,,,0,5,,154595,7,,,0,21,,154586,7,,,0,20,,154569,7,,,0,60,,154559,7,,,0,20,,154587,7,,,0,21,,154581,7,,,0,43,,154556,7,,,0,21,,154558,7,,,0,18,,154588,7,,,0,18,,154570,7,,,0,60,,154582,7,,,0,19,,154589,7,,,0,20,,154571,7,,,0,62,,154590,7,,,0,22,,154591,7,,,0,69,,154592,7,,,0,40,,154593,7,,,0,79,,154594,7,,,0
682200,'2',728,,154608,7,,,0,73,,154609,7,,,0,20,,154625,7,,,0,11,,154600,7,,,0,70,,154610,7,,,0,30,,154601,7,,,0,70,,154611,7,,,0,30,,154602,7,,,0,71,,154612,7,,,0,30,,154603,7,,,0,70,,154613,7,,,0,30,,154604,7,,,0,71,,154614,7,,,0,30,,154607,7,,,0,70,,154615,7,,,0,20,,154626,7,,,0,14,,154605,7,,,0,69,,154616,7,,,0,31,,154606,7,,,0,72,,154617,7,,,0,12,,154627,7,,,0,17,,154597,7,,,0,72,,154618,7,,,0,30,,154598,7,,,0,72,,154619,7,,,0,29,,154599,7,,,0,67,,154620,7,,,0,30,,154621,7,,,0,67,,154622,7,,,0,27,,154623,7,,,0,71,,154624,7,,,0,100,,154628,7,,,0
682200,'3',753,,154640,7,,,0,72,,154656,7,,,0,6,,154629,7,,,0,70,,154641,7,,,0,30,,154634,7,,,0,70,,154642,7,,,0,30,,154635,7,,,0,70,,154643,7,,,0,31,,154636,7,,,0,70,,154644,7,,,0,30,,154637,7,,,0,70,,154645,7,,,0,30,,154638,7,,,0,70,,154646,7,,,0,20,,154657,7,,,0,11,,154639,7,,,0,70,,154647,7,,,0,30,,154630,7,,,0,71,,154648,7,,,0,7,,154658,7,,,0,25,,154631,7,,,0,70,,154649,7,,,0,31,,154632,7,,,0,68,,154650,7,,,0,29,,154633,7,,,0,71,,154651,7,,,0,29,,154652,7,,,0,69,,154653,7,,,0,30,,154654,7,,,0,69,,154655,7,,,0,100,,154659,7,,,0
682300,'1',804,,154770,14,4,,0,30,,154782,14,4,,0,70,,154764,14,4,,0,29,,154783,14,4,,0,69,,154784,14,4,,0,30,,154765,14,4,,0,71,,154766,14,4,,0,30,,154767,14,4,,0,71,,154768,14,4,,0,30,,154771,14,4,,0,71,,154772,14,4,,0,29,,154773,14,4,,0,24,,154776,14,4,,0,70,,154777,14,4,,0,85,,154778,14,4,,0,25,,154779,14,4,,0,65,,154774,14,4,,0,30,,154769,14,4,,0,70,,154785,14,4,,0,30,,154786,14,4,,0,69,,154780,14,4,,0,30,,154775,14,4,,0,68,,154781,14,4,,0
682300,'2',901,,154793,14,4,,0,31,,154792,14,4,,0,70,,154791,14,4,,0,29,,154790,14,4,,0,70,,154789,14,4,,0,30,,154788,14,4,,0,70,,154787,14,4,,0,30,,154807,14,4,,0,70,,154806,14,4,,0,30,,154805,14,4,,0,71,,154804,14,4,,0,29,,154803,14,4,,0,70,,154802,14,4,,0,30,,154801,14,4,,0,70,,154800,14,4,,0,31,,154799,14,4,,0,70,,154798,14,4,,0,29,,154797,14,4,,0,70,,154796,14,4,,0,30,,154795,14,4,,0,70,,154794,14,4,,0
682300,'3',902,,154821,14,4,,0,40,,154822,14,4,,0,80,,154823,14,4,,0,80,,154808,14,4,,0,40,,154809,14,4,,0,79,,154810,14,4,,0,81,,154811,14,4,,0,40,,154812,14,4,,0,79,,154813,14,4,,0,80,,154814,14,4,,0,40,,154815,14,4,,0,80,,154816,14,4,,0,80,,154817,14,4,,0,39,,154818,14,4,,0,80,,154819,14,4,,0,80,,154820,14,4,,0
1169600,'1',602,,157681,40,4,,0,30,,157682,40,4,,0,70,,157683,40,4,,0,31,,157684,40,4,,0,70,,157685,40,4,,0,31,,157686,40,4,,0,73,,157687,40,4,,0,30,,157688,40,4,,0,69,,157707,40,4,,0,31,,157689,40,4,,0,70,,157708,40,4,,0,30,,157690,40,4,,0,70,,157709,40,4,,0,32,,157691,40,4,,0,70,,157710,40,4,,0,30,,157692,40,4,,0,70,,157711,40,4,,0,30,,157693,40,4,,0,70,,157712,40,4,,0,30,,157694,40,4,,0,70,,157713,40,4,,0,30,,157695,40,4,,0,70,,157696,40,4,,0,29,,157697,40,4,,0,70,,157698,40,4,,0,30,,157699,40,4,,0,70,,157700,40,4,,0,28,,157701,40,4,,0,70,,157714,40,4,,0,20,,157702,40,4,,0,78,,157715,40,4,,0,30,,157703,40,4,,0,70,,157716,40,4,,0,29,,157704,40,4,,0,70,,157717,40,4,,0,30,,157705,40,4,,0,70,,157718,40,4,,0,30,,157706,40,4,,0
1169600,'2',728,,157719,40,4,,0,29,,157746,40,4,,0,70,,157720,40,4,,0,74,,157721,40,4,,0,27,,157722,40,4,,0,30,,157745,40,4,,0,70,,157723,40,4,,0,30,,157724,40,4,,0,68,,157725,40,4,,0,31,,157726,40,4,,0,72,,157727,40,4,,0,28,,157728,40,4,,0,70,,157729,40,4,,0,32,,157730,40,4,,0,70,,157731,40,4,,0,28,,157732,40,4,,0,72,,157733,40,4,,0,71,,157734,40,4,,0,27,,157735,40,4,,0,29,,157736,40,4,,0,70,,157737,40,4,,0,29,,157738,40,4,,0,70,,157739,40,4,,0,30,,157740,40,4,,0,70,,157747,40,4,,0,30,,157741,40,4,,0,70,,157742,40,4,,0,30,,157748,40,4,,0,70,,157743,40,4,,0,30,,157749,40,4,,0,70,,157744,40,4,,0
1169600,'3',759,,157773,40,4,,0,70,,157750,40,4,,0,72,,157751,40,4,,0,30,,157774,40,4,,0,69,,157752,40,4,,0,30,,157753,40,4,,0,25,,157754,40,4,,0,70,,157755,40,4,,0,31,,157756,40,4,,0,70,,157757,40,4,,0,30,,157758,40,4,,0,70,,157759,40,4,,0,30,,157760,40,4,,0,70,,157761,40,4,,0,32,,157762,40,4,,0,70,,157763,40,4,,0,30,,157764,40,4,,0,70,,157765,40,4,,0,29,,157766,40,4,,0,70,,157767,40,4,,0,29,,157768,40,4,,0,70,,157769,40,4,,0,30,,157775,40,4,,0,70,,157770,40,4,,0,30,,157776,40,4,,0,70,,157771,40,4,,0,30,,157777,40,4,,0,70,,157772,40,4,,0
4484500,'118401',711,,174269,4,,,0,100,,174270,4,,,0,102,,174254,4,,,0,100,,174255,4,,,0,97,,174256,4,,,0,100,,174257,4,,,0,100,,174258,4,,,0,100,,174259,4,,,0,103,,174260,4,,,0,99,,174261,4,,,0,97,,174262,4,,,0,102,,174263,4,,,0,97,,174264,4,,,0,101,,174265,4,,,0,100,,174266,4,,,0,98,,174267,4,,,0,107,,174268,4,,,0
4484500,'2',710,,174287,4,,,0,100,,174286,4,,,0,97,,174271,4,,,0,103,,174272,4,,,0,100,,174273,4,,,0,100,,174274,4,,,0,100,,174275,4,,,0,100,,174276,4,,,0,100,,174277,4,,,0,100,,174278,4,,,0,100,,174279,4,,,0,100,,174280,4,,,0,97,,174281,4,,,0,100,,174282,4,,,0,100,,174283,4,,,0,99,,174284,4,,,0,114,,174285,4,,,0
4484500,'3',709,,174303,4,,,0,100,,174304,4,,,0,100,,174288,4,,,0,102,,174289,4,,,0,97,,174290,4,,,0,104,,174291,4,,,0,100,,174292,4,,,0,100,,174293,4,,,0,105,,174294,4,,,0,100,,174295,4,,,0,100,,174296,4,,,0,100,,174297,4,,,0,99,,174298,4,,,0,96,,174299,4,,,0,98,,174300,4,,,0,103,,174301,4,,,0,110,,174302,4,,,0
4484501,'118401',616,2,174320,3,,,0,100,2,174321,3,,,0,100,2,174305,3,,,0,100,2,174306,3,,,0,99,2,174307,3,,,0,100,2,174308,3,,,0,100,2,174309,3,,,0,100,2,174310,3,,,0,100,2,174311,3,,,0,99,2,174312,3,,,0,99,2,174313,3,,,0,102,2,174314,3,,,0,100,2,174315,3,,,0,100,2,174316,3,,,0,101,2,174317,3,,,0,100,2,174318,3,,,0,100,2,174319,3,,,0
4484501,'2',617,,174337,3,,,0,100,,174338,3,,,0,100,,174322,3,,,0,100,2,174323,3,,,0,99,2,174324,3,,,0,100,2,174325,3,,,0,100,2,174326,3,,,0,100,2,174327,3,,,0,100,2,174328,3,,,0,100,2,174329,3,,,0,100,2,174330,3,,,0,100,2,174331,3,,,0,99,2,174332,3,,,0,100,2,174333,3,,,0,101,2,174334,3,,,0,100,2,174335,3,,,0,100,2,174336,3,,,0
4484501,'3',615,,174354,3,,,0,100,,174355,3,,,0,100,2,174339,3,,,0,103,4,174340,3,,,0,97,4,174341,3,,,0,98,2,174342,3,,,0,102,2,174343,3,,,0,100,2,174344,3,,,0,100,2,174345,3,,,0,100,2,174346,3,,,0,100,2,174347,3,,,0,100,2,174348,3,,,0,100,2,174349,3,,,0,100,2,174350,3,,,0,100,3,174351,3,,,0,100,3,174352,3,,,0,100,3,174353,3,,,0
