3003901,'1',526,,44533,21,,,0,24,,44522,21,,,0,7,,44534,21,,,0,63,,44532,21,,,0,10,,44535,21,,,0,20,,44531,21,,,0,50,,44536,21,,,0,19,,44530,21,,,0,11,,44537,21,,,0,20,,44529,21,,,0,50,,44538,21,,,0,23,,44523,21,,,0,17,,44539,21,,,0,68,,44540,21,,,0,30,,44541,21,,,0,66,,44542,21,,,0,30,,44543,21,,,0,73,,44544,21,,,0,27,,44545,21,,,0,73,,44546,21,,,0,30,,44501,21,,,0,70,,44502,21,,,0,28,,44503,21,,,0,77,,44504,21,,,0,30,,44505,21,,,0,71,,44506,21,,,0,29,,44507,21,,,0,69,,44508,21,,,0,30,,44509,21,,,0,70,,44510,21,,,0,13,,44528,21,,,0,17,,44511,21,,,0,10,,44527,21,,,0,59,,44512,21,,,0,10,,44526,21,,,0,28,,44513,21,,,0,52,,44525,21,,,0,10,,44514,21,,,0,24,,44515,21,,,0,11,,44524,21,,,0,59,,44516,21,,,0,34,,44517,21,,,0,97,,44518,21,,,0,100,,44519,21,,,0,98,,44520,21,,,0,98,,44521,21,,,0
3003901,'101',1540,,44547,21,,,0
3003901,'2',632,,44562,21,,,0,70,,44551,21,,,0,30,,44563,21,,,0,70,,44548,21,,,0,30,,44564,21,,,0,72,,44549,21,,,0,32,,44565,21,,,0,71,,44552,21,,,0,30,,44566,21,,,0,70,,44553,21,,,0,30,,44567,21,,,0,70,,44554,21,,,0,30,,44568,21,,,0,70,,44555,21,,,0,30,,44569,21,,,0,70,,44556,21,,,0,30,,44570,21,,,0,70,,44557,21,,,0,30,,44571,21,,,0,70,,44558,21,,,0,30,,44572,21,,,0,70,,44559,21,,,0,30,,44573,21,,,0,68,,44560,21,,,0,30,,44576,21,,,0,69,,44561,21,,,0,30,,44574,21,,,0,99,,44575,21,,,0,100,,44577,21,,,0,100,,44578,21,,,0,100,,44579,21,,,0,100,,44550,21,,,0
3003901,'3',631,,44581,21,,,0,100,,44582,21,,,0,101,,44583,21,,,0,101,,44584,21,,,0,102,,44585,21,,,0,100,,44586,21,,,0,70,,44599,21,,,0,30,,44587,21,,,0,70,,44600,21,,,0,30,,44588,21,,,0,70,,44601,21,,,0,30,,44589,21,,,0,70,,44602,21,,,0,30,,44590,21,,,0,70,,44603,21,,,0,33,,44591,21,,,0,67,,44604,21,,,0,30,,44592,21,,,0,70,,44605,21,,,0,29,,44593,21,,,0,101,,44594,21,,,0,99,,44595,21,,,0,98,,44596,21,,,0,99,,44597,21,,,0,100,,44598,21,,,0,100,,44580,21,,,0
3004001,'1',528,,44723,27,,,0,21,,44738,27,,,0,9,,44724,27,,,0,63,,44737,27,,,0,10,,44725,27,,,0,19,,44736,27,,,0,9,,44726,27,,,0,58,,44735,27,,,0,11,,44740,27,,,0,80,,44741,27,,,0,11,,44727,27,,,0,20,,44742,27,,,0,81,,44743,27,,,0,30,,44744,27,,,0,70,,44745,27,,,0,30,,44746,27,,,0,68,,44747,27,,,0,32,,44748,27,,,0,70,,44749,27,,,0,30,,44750,27,,,0,70,,44733,27,,,0,30,,44734,27,,,0,70,,44751,27,,,0,37,,44752,27,,,0,69,,44739,27,,,0,27,,44753,27,,,0,69,,44754,27,,,0,32,,44755,27,,,0,58,,44711,27,,,0,10,,44732,27,,,0,17,,44712,27,,,0,11,,44731,27,,,0,59,,44713,27,,,0,10,,44730,27,,,0,29,,44714,27,,,0,10,,44729,27,,,0,52,,44715,27,,,0,23,,44716,27,,,0,13,,44728,27,,,0,58,,44717,27,,,0,96,,44718,27,,,0,102,,44719,27,,,0,100,,44720,27,,,0,98,,44721,27,,,0,100,,44722,27,,,0
3004001,'101',754,,44756,27,,,0
3004001,'2',718,,44764,27,,,0,30,,44782,27,,,0,70,,44765,27,,,0,30,,44783,27,,,0,70,,44766,27,,,0,33,,44786,27,,,0,69,,44767,27,,,0,30,,44757,27,,,0,70,,44768,27,,,0,32,,44758,27,,,0,70,,44769,27,,,0,30,,44759,27,,,0,70,,44770,27,,,0,30,,44760,27,,,0,70,,44771,27,,,0,30,,44784,27,,,0,70,,44772,27,,,0,30,,44785,27,,,0,70,,44773,27,,,0,30,,44761,27,,,0,69,,44774,27,,,0,30,,44762,27,,,0,70,,44775,27,,,0,30,,44763,27,,,0,70,,44776,27,,,0,86,,44777,27,,,0,96,,44778,27,,,0,100,,44779,27,,,0,100,,44780,27,,,0,100,,44781,27,,,0
3004001,'201',754,,44787,27,,,0
3004001,'3',717,,44789,27,,,0,102,,44790,27,,,0,100,,44791,27,,,0,100,,44792,27,,,0,30,,44806,27,,,0,70,,44793,27,,,0,30,,44807,27,,,0,70,,44794,27,,,0,31,,44808,27,,,0,70,,44795,27,,,0,30,,44809,27,,,0,70,,44796,27,,,0,30,,44810,27,,,0,70,,44797,27,,,0,31,,44811,27,,,0,69,,44798,27,,,0,29,,44812,27,,,0,70,,44799,27,,,0,30,,44813,27,,,0,70,,44800,27,,,0,30,,44814,27,,,0,60,,44802,27,,,0,100,,44788,27,,,0,98,,44801,27,,,0,100,,44803,27,,,0,100,,44804,27,,,0,100,,44805,27,,,0
3004101,'1',624,,44841,7,,,0,15,,44853,7,,,0,15,,44842,7,,,0,55,,44854,7,,,0,15,,44852,7,,,0,15,,44855,7,,,0,15,,44843,7,,,0,55,,44856,7,,,0,15,,44844,7,,,0,15,,44857,7,,,0,15,,44845,7,,,0,667,,44846,7,,,0,15,,44858,7,,,0,15,,44847,7,,,0,55,,44859,7,,,0,22,5,44848,7,,,0,15,5,44860,7,,,0,6,,44863,7,,,0,9,5,44849,7,,,0,54,5,44861,7,,,0,14,5,44850,7,,,0,80,5,44851,7,,,0,50,5,44862,7,,,0
