672400,'1_merged_15291795',430,,88604,5,,,0,26,,88607,5,,,0,60,,88634,5,,,0,24,,88597,5,,,0,61,,88609,5,,,0,13,,88598,5,,,0,15,,88636,5,,,0,14,,88620,5,,,0,12,,88641,5,,,0,54,,88642,5,,,0,15,,88643,5,,,0,14,,88644,5,,,0,14,,88608,5,,,0,52,,88645,5,,,0,17,,88602,5,,,0,15,,88646,5,,,0,14,,88618,5,,,0,55,,88647,5,,,0,15,,88630,5,,,0,17,,88621,5,,,0,17,,88648,5,,,0,58,,88649,5,,,0,20,,88622,5,,,0,18,,88616,5,,,0,60,,88632,5,,,0,20,,88623,5,,,0,19,,88633,5,,,0,60,,88603,5,,,0,21,,88624,5,,,0,20,,88601,5,,,0,59,,88613,5,,,0,20,,88625,5,,,0,20,,88617,5,,,0,61,,88637,5,,,0,14,,88606,5,,,0,15,,88627,5,,,0,14,,88612,5,,,0,55,,88638,5,,,0,15,,88614,5,,,0,14,,88619,5,,,0,17,,88605,5,,,0,56,,88650,5,,,0,15,,88651,5,,,0,15,,88652,5,,,0,15,,88653,5,,,0,55,,88654,5,,,0,18,,88655,5,,,0,15,,88656,5,,,0,58,,88657,5,,,0,15,,88658,5,,,0,18,,88659,5,,,0,15,,88660,5,,,0,57,,88661,5,,,0,16,,88610,5,,,0,19,,88662,5,,,0,65,,88611,5,,,0,25,,88635,5,,,0,69,,88599,5,,,0,31,,88626,5,,,0,70,,88628,5,,,0,38,,88600,5,,,0,64,,88615,5,,,0,30,,88639,5,,,0,70,,88629,5,,,0,30,,88640,5,,,0,67,,88631,5,,,0,18,,88596,5,0,96 99 3 111 43,0,22,,88594,5,0,96 99 3 111 43,0,77,,88595,5,0,96 99 3 111 43,0
672400,'2_merged_15291797',422,,88700,5,,,0,35,,88704,5,,,0,74,,88705,5,,,0,69,,88706,5,,,0,29,,88707,5,,,0,71,,88708,5,,,0,31,,88709,5,,,0,27,,88710,5,,,0,68,,88711,5,,,0,20,,88712,5,,,0,54,,88724,5,,,0,15,,88725,5,,,0,14,,88726,5,,,0,15,,88727,5,,,0,14,,88728,5,,,0,55,,88664,5,,,0,14,,88665,5,,,0,15,,88666,5,,,0,14,,88667,5,,,0,55,,88668,5,,,0,15,,88669,5,,,0,15,,88670,5,,,0,12,,88671,5,,,0,56,,88672,5,,,0,13,,88673,5,,,0,15,,88674,5,,,0,15,,88675,5,,,0,56,,88676,5,,,0,13,,88677,5,,,0,15,,88678,5,,,0,15,,88679,5,,,0,55,,88680,5,,,0,14,,88681,5,,,0,15,,88682,5,,,0,13,,88683,5,,,0,55,,88684,5,,,0,15,,88685,5,,,0,17,,88686,5,,,0,15,,88663,5,,,0,56,,88687,5,,,0,16,,88688,5,,,0,16,,88689,5,,,0,21,,88690,5,,,0,55,,88691,5,,,0,15,,88692,5,,,0,15,,88693,5,,,0,57,,88713,5,,,0,23,,88714,5,,,0,21,,88715,5,,,0,63,,88716,5,,,0,22,,88717,5,,,0,20,,88718,5,,,0,66,,88720,5,,,0,30,,88722,5,,,0,9,,88721,5,0,96 99 3 111 43,0,61,,88723,5,,,0,32,,88696,5,,,0,70,,88697,5,,,0,34,,88698,5,,,0,66,,88719,5,,,0,27,,88701,5,,,0,68,,88695,5,,,0,39,,88702,5,,,0,69,,88694,5,,,0,33,,88699,5,0,96 99 3 111 43,0,69,,88703,5,0,96 99 3 111 43,0
672400,'3_merged_15291796',455,,88753,5,,,0,70,,88757,5,,,0,30,,88758,5,,,0,69,,88759,5,,,0,30,,88760,5,,,0,68,,88761,5,,,0,20,,88762,5,,,0,60,,88763,5,,,0,21,,88764,5,,,0,19,,88765,5,,,0,61,,88766,5,,,0,20,,88767,5,,,0,16,,88768,5,,,0,20,,88769,5,,,0,60,,88770,5,,,0,18,,88771,5,,,0,20,,88772,5,,,0,60,,88773,5,,,0,18,,88774,5,,,0,20,,88775,5,,,0,60,,88776,5,,,0,20,,88777,5,,,0,20,,88778,5,,,0,60,,88779,5,,,0,19,,88780,5,,,0,20,,88781,5,,,0,56,,88740,5,,,0,15,,88782,5,,,0,14,,88783,5,,,0,15,,88784,5,,,0,54,,88741,5,,,0,17,,88785,5,,,0,16,,88786,5,,,0,16,,88787,5,,,0,56,,88742,5,,,0,16,,88788,5,,,0,15,,88789,5,,,0,15,,88729,5,,,0,55,,88743,5,,,0,15,,88730,5,,,0,16,,88731,5,,,0,57,,88732,5,,,0,15,,88744,5,,,0,18,,88738,5,,,0,16,,88739,5,,,0,59,,88737,5,,,0,20,,88745,5,,,0,18,,88733,5,,,0,60,,88734,5,,,0,29,,88735,5,,,0,70,,88736,5,,,0,32,,88749,5,,,0,69,,88750,5,,,0,31,,88751,5,,,0,71,,88746,5,,,0,31,,88754,5,,,0,71,,88748,5,,,0,30,,88755,5,,,0,70,,88747,5,,,0,35,,88752,5,0,96 99 3 111 43,0,70,,88756,5,0,96 99 3 111 43,0
672501,'1_merged_15291795',620,,89083,5,,,0,30,,89084,5,,,0,70,,89085,5,,,0,31,,89086,5,,,0,70,,89087,5,,,0,30,,89088,5,,,0,70,,89089,5,,,0,30,,89090,5,,,0,70,,89091,5,,,0,29,,89092,5,,,0,70,,89093,5,,,0,30,,89094,5,,,0,70,,89095,5,,,0,30,,89096,5,,,0,70,,89097,5,,,0,31,,89098,5,,,0,70,,89099,5,,,0,30,,89100,5,,,0,70,,89101,5,,,0,30,,89102,5,,,0,70,,89103,5,,,0,30,,89104,5,,,0,70,,89105,5,,,0,29,,89106,5,,,0,70,,89107,5,,,0,31,,89108,5,,,0,71,,89109,5,,,0,30,,89110,5,,,0,70,,89111,5,,,0,31,,89112,5,,,0,70,,89113,5,,,0,30,,89114,5,,,0,71,,89115,5,,,0,100,,89116,5,,,0,100,,89117,5,,,0,112,,89118,5,4,,0
672501,'2_merged_15291797',611,,89119,5,,,0,32,,89137,5,,,0,72,,89138,5,,,0,30,,89139,5,,,0,70,,89140,5,,,0,30,,89121,5,,,0,70,,89141,5,,,0,33,,89142,5,,,0,70,,89143,5,,,0,30,,89122,5,,,0,70,,89147,5,,,0,30,,89148,5,,,0,71,,89149,5,,,0,31,,89136,5,,,0,70,,89126,5,,,0,30,,89135,5,,,0,70,,89152,5,,,0,30,,89129,5,,,0,69,,89134,5,,,0,30,,89146,5,,,0,70,,89145,5,,,0,30,,89127,5,,,0,70,,89132,5,,,0,30,,89130,5,,,0,70,,89131,5,,,0,29,,89144,5,,,0,71,,89123,5,,,0,31,,89120,5,,,0,71,,89124,5,,,0,30,,89154,5,,,0,70,,89125,5,,,0,100,,89150,5,,,0,103,,89128,5,,,0,98,,89133,5,,,0
672501,'3_merged_15291796',722,,89161,5,,,0,32,,89158,5,,,0,70,,89160,5,,,0,30,,89173,5,,,0,70,,89187,5,,,0,29,,89186,5,,,0,71,,89185,5,,,0,29,,89183,5,,,0,70,,89167,5,,,0,30,,89171,5,,,0,70,,89162,5,,,0,30,,89163,5,,,0,70,,89164,5,,,0,30,,89159,5,,,0,71,,89165,5,,,0,30,,89166,5,,,0,70,,89189,5,,,0,30,,89174,5,,,0,70,,89175,5,,,0,30,,89170,5,,,0,70,,89168,5,,,0,31,,89182,5,,,0,70,,89188,5,,,0,30,,89155,5,,,0,70,,89156,5,,,0,30,,89157,5,,,0,71,,89176,5,,,0,30,,89177,5,,,0,71,,89178,5,,,0,31,,89179,5,,,0,89,,89180,5,,,0,95,,89181,5,,,0,100,,89184,5,,,0,100,,89169,5,4,,0
674100,'1_merged_15291795',2707,,91316,21,4,,0
682801,'1101_merged_15291806',2035,,96647,5,,,0
682801,'1201_merged_15291788',2035,,96650,5,,,0,108,,96649,5,,,0,107,,96648,5,,,0
682801,'1_merged_15291795',845,,96666,5,,,0,80,,96667,5,,,0,80,,96664,5,,,0,39,,96665,5,,,0,80,,96663,5,,,0,80,,96651,5,,,0,40,,96668,5,,,0,80,,96662,5,,,0,80,,96661,5,,,0,40,,96660,5,,,0,80,,96659,5,,,0,82,,96658,5,,,0,39,,96657,5,,,0,79,,96656,5,,,0,79,,96655,5,,,0,40,,96654,5,,,0,80,,96653,5,,,0,82,,96652,5,,,0
682801,'2_merged_15291797',912,,96680,5,,,0,40,,96679,5,,,0,80,,96678,5,,,0,80,,96677,5,,,0,40,,96676,5,,,0,80,,96675,5,,,0,80,,96674,5,,,0,40,,96673,5,,,0,82,,96672,5,,,0,80,,96671,5,,,0,40,,96670,5,,,0,80,,96669,5,,,0,80,,96688,5,,,0,40,,96687,5,,,0,80,,96686,5,,,0,70,,96685,5,,,0,110,,96684,5,,,0,107,,96683,5,,,0,107,,96682,5,,,0,104,,96681,5,,,0
682801,'3_merged_15291796',1112,,96689,5,,,0,40,,96701,5,,,0,81,,96700,5,,,0,80,,96699,5,,,0,40,,96698,5,,,0,78,,96697,5,,,0,84,,96696,5,,,0,40,,96695,5,,,0,80,,96694,5,,,0,80,,96693,5,,,0,40,,96692,5,,,0,80,,96691,5,,,0,77,,96690,5,,,0
3454301,'1_merged_15291795',1907,,109918,5,,,0,15,,109919,5,,,0,15,,109920,5,,,0,15,,109921,5,,,0,56,,109922,5,,,0,15,,109923,5,,,0,28,,109924,5,,,0,69,,109925,5,,,0,29,,109926,5,,,0,70,,109927,5,,,0,29,,109928,5,,,0,70,,109929,5,,,0,30,,109930,5,,,0,70,,109931,5,,,0
3454301,'2_merged_15291797',521,,109995,5,,,0,35,,109994,5,,,0,70,,109993,5,,,0,30,,109992,5,,,0,68,,109991,5,,,0,29,,109990,5,,,0,66,,109989,5,,,0,20,,109988,5,,,0,20,,109987,5,,,0,58,,109986,5,,,0,20,,109985,5,,,0,20,,109984,5,,,0,60,,109983,5,,,0,19,,109982,5,,,0,20,,109981,5,,,0,60,,109980,5,,,0,20,,109979,5,,,0,20,,109978,5,,,0,60,,109977,5,,,0,20,,109976,5,,,0,20,,109975,5,,,0,60,,109974,5,,,0,20,,109973,5,,,0,20,,109972,5,,,0,60,,109971,5,,,0,20,,109970,5,,,0,21,,109949,5,,,0,60,,109948,5,,,0,20,,109969,5,,,0,21,,109968,5,,,0,57,,109967,5,,,0,21,,109966,5,,,0,22,,109965,5,,,0,61,,109964,5,,,0,20,,109963,5,,,0,20,,109962,5,,,0,62,,109961,5,,,0,31,,109960,5,,,0,71,,109959,5,,,0,33,,109958,5,,,0,70,,109957,5,,,0,31,,109956,5,,,0,70,,109955,5,,,0,31,,109954,5,,,0,70,,109953,5,,,0,99,,109952,5,,,0,96,,109951,5,,,0
3454301,'3_merged_15291796',525,,110004,5,,,0,75,,110005,5,,,0,34,,110036,5,,,0,68,,110037,5,,,0,31,,110038,5,,,0,71,,110006,5,,,0,30,,110007,5,,,0,70,,110008,5,,,0,28,,110009,5,,,0,69,,110010,5,,,0,30,,110001,5,,,0,27,,110011,5,,,0,59,,110012,5,,,0,18,,110002,5,,,0,20,,110013,5,,,0,62,,110014,5,,,0,20,,110003,5,,,0,20,,110015,5,,,0,63,,110016,5,,,0,21,,110000,5,,,0,60,,110017,5,,,0,21,,110018,5,,,0,21,,109997,5,,,0,58,,110019,5,,,0,20,,110020,5,,,0,18,,109998,5,,,0,61,,110021,5,,,0,20,,110022,5,,,0,20,,109999,5,,,0,60,,110023,5,,,0,30,,110024,5,,,0,71,,110035,5,,,0,38,,110025,5,,,0,75,,110026,5,,,0,35,,110027,5,,,0,75,,110030,5,,,0,35,,110029,5,,,0,75,,110028,5,,,0,75,,110031,5,,,0,37,,110032,5,,,0,75,,109996,5,,,0,104,,110033,5,,,0
