681501,'1',531,,94720,3,,,0,100,,94719,3,,,0,100,,94718,3,,,0,100,,94721,3,,,0,100,,94735,3,,,0,100,,94734,3,,,0,100,,94733,3,,,0,100,,94732,3,,,0,100,,94731,3,,,0,100,,94730,3,,,0,100,,94729,3,,,0,100,,94728,3,,,0,100,,94727,3,,,0,100,,94726,3,,,0,100,,94725,3,,,0,100,,94724,3,,,0,100,,94723,3,,,0,100,,94722,3,,,0
681501,'1803',1831,,94717,3,,,0,100,,94716,3,,,0,100,,94715,3,,,0,100,,94714,3,,,0
681501,'2',831,,94736,3,,,0,100,,94737,3,,,0,100,,94738,3,,,0,100,,94739,3,,,0,100,,94740,3,,,0,100,,94741,3,,,0,100,,94742,3,,,0,100,,94743,3,,,0,100,,94744,3,,,0,100,,94745,3,,,0,100,,94746,3,,,0,100,,94747,3,,,0,100,,94748,3,,,0,100,,94749,3,,,0,100,,94750,3,,,0
681501,'3',931,,94756,3,,,0,100,,94755,3,,,0,100,,94754,3,,,0,100,,94753,3,,,0,100,,94752,3,,,0,100,,94751,3,,,0,100,,94759,3,,,0,100,,94758,3,,,0,100,,94757,3,,,0
681600,'1',701,,94774,3,,,0,100,,94773,3,,,0,100,,94772,3,,,0,100,,94771,3,,,0,100,,94770,3,,,0,100,,94769,3,,,0,100,,94768,3,,,0,100,,94767,3,,,0,100,,94765,3,,,0,100,,94764,3,,,0,100,,94763,3,,,0,100,,94762,3,,,0,100,,94761,3,,,0,100,,94760,3,,,0,100,,94766,3,,,0
681600,'2',901,,94775,3,,,0,100,,94776,3,,,0,100,,94777,3,,,0,100,,94778,3,,,0,100,,94779,3,,,0,100,,94780,3,,,0,100,,94781,3,,,0,100,,94782,3,,,0,100,,94783,3,,,0,100,,94784,3,,,0,100,,94785,3,,,0,100,,94786,3,,,0,100,,94787,3,,,0
681600,'3',901,,94790,3,,,0,100,,94789,3,,,0,100,,94788,3,,,0,100,,94797,3,,,0,100,,94796,3,,,0,100,,94795,3,,,0,100,,94794,3,,,0,100,,94793,3,,,0,100,,94792,3,,,0,100,,94791,3,,,0
3404500,'1',606,,108876,3,,,0,100,,108874,3,,,0,100,,108873,3,,,0,100,,108872,3,,,0,100,,108871,3,,,0,100,,108870,3,,,0,100,,108869,3,,,0,100,,108868,3,,,0,100,,108867,3,,,0,103,,108866,3,,,0,97,,108865,3,,,0,100,,108864,3,,,0,100,,108863,3,,,0,100,,108862,3,,,0,100,,108861,3,,,0,100,,108860,3,,,0,100,,108859,3,,,0,100,,108875,3,,,0
3404500,'101',815,,108858,3,0,101 102,0
3404500,'2',706,,108877,3,,,0,100,,108878,3,,,0,100,,108879,3,,,0,100,,108880,3,,,0,100,,108881,3,,,0,100,,108882,3,,,0,100,,108883,3,,,0,100,,108884,3,,,0,100,,108885,3,,,0,100,,108886,3,,,0,100,,108887,3,,,0,100,,108888,3,,,0,100,,108889,3,,,0,100,,108890,3,,,0,100,,108891,3,,,0,100,,108892,3,,,0,100,,108893,3,,,0
3404500,'3',806,,108908,3,,,0,100,,108907,3,,,0,100,,108906,3,,,0,100,,108905,3,,,0,100,,108904,3,,,0,100,,108903,3,,,0,100,,108902,3,,,0,100,,108901,3,,,0,100,,108900,3,,,0,100,,108899,3,,,0,100,,108898,3,,,0,100,,108897,3,,,0,100,,108896,3,,,0,100,,108895,3,,,0,100,,108894,3,,,0,100,,108909,3,,,0
