669901,'1',1546,,24622,,,0,56,,24623,,,0,20,,24630,,,0,20,,24624,,,0,72,,24625,,,0,16,,24626,,,0,29,,24627,,,0,59,,24628,,,0,26,,24629,,,0,15,,24619,,,0,55,,24620,,,0,29,,24621,,,0
670001,'1',551,,24754,,,0,51,,24783,,,0,29,,24757,,,0,21,,24802,,,0,61,,24787,,,0,19,,24778,,,0,20,,24768,,,0,60,,24779,,,0,20,,24791,,,0,20,,24782,,,0,59,,24775,,,0,20,,24774,,,0,70,,24786,,,0,30,,24792,,,0,70,,24777,,,0,30,,24781,,,0,71,,24793,,,0,30,,24772,,,0,70,,24773,,,0,31,,24789,,,0,70,,24790,,,0,32,,24766,,,0,73,,24758,,,0,30,,24756,,,0,70,,24800,,,0,20,,24759,,,0,20,,24785,,,0,60,,24788,,,0,20,,24767,,,0,21,,24762,,,0,60,,24771,,,0,20,,24769,,,0,18,,24776,,,0,59,,24803,,,0,17,,24765,,,0,18,,24801,,,0,59,,24770,,,0,17,,24780,,,0,19,,24804,,,0,18,,24794,,,0,60,,24760,,,0,22,,24795,,,0,70,,24763,,,0,28,,24796,,,0,70,,24755,,,0,29,,24797,,,0,70,,24761,,,0,29,,24798,,,0,70,,24784,,,0,30,,24799,,,0,73,,24764,,,0
670001,'2',628,,24837,,,0,76,,24838,,,0,35,,24835,,,0,74,,24810,,,0,30,,24834,,,0,71,,24809,,,0,31,,24833,,,0,70,,24808,,,0,30,,24832,,,0,70,,24831,,,0,31,,24836,,,0,70,,24829,,,0,31,,24828,,,0,70,,24827,,,0,31,,24826,,,0,72,,24825,,,0,30,,24824,,,0,70,,24823,,,0,30,,24822,,,0,70,,24821,,,0,29,,24820,,,0,70,,24819,,,0,30,,24805,,,0,70,,24818,,,0,30,,24817,,,0,70,,24816,,,0,30,,24807,,,0,68,,24815,,,0,30,,24806,,,0,70,,24814,,,0,29,,24813,,,0,70,,24839,,,0,27,,24812,,,0,67,,24840,,,0,26,,24841,,,0,68,,24830,,,0,29,,24842,,,0,76,,24811,,,0
670001,'3',810,,24873,,,0,29,,24852,,,0,72,,24869,,,0,30,,24866,,,0,70,,24846,,,0,31,,24854,,,0,70,,24847,,,0,30,,24845,,,0,71,,24863,,,0,30,,24844,,,0,70,,24864,,,0,31,,24851,,,0,70,,24867,,,0,31,,24849,,,0,70,,24860,,,0,31,,24848,,,0,70,,24850,,,0,30,,24865,,,0,69,,24859,,,0,30,,24843,,,0,70,,24853,,,0,30,,24858,,,0,70,,24870,,,0,30,,24857,,,0,70,,24871,,,0,29,,24856,,,0,70,,24872,,,0,29,,24855,,,0,106,,24861,,,0,151,,24862,,,0,109,,24868,,,0
670201,'1',514,,25112,,,0,27,,25115,,,0,66,,25119,,,0,31,,25104,,,0,65,,25097,,,0,24,,25129,,,0,21,,25098,,,0,61,,25126,,,0,22,,25108,,,0,20,,25128,,,0,60,,25125,,,0,20,,25127,,,0,19,,25096,,,0,62,,25122,,,0,30,,25094,,,0,70,,25095,,,0,31,,25103,,,0,72,,25120,,,0,30,,25111,,,0,70,,25116,,,0,30,,25114,,,0,73,,25113,,,0,32,,25109,,,0,72,,25110,,,0,31,,25106,,,0,70,,25124,,,0,30,,25123,,,0,72,,25107,,,0,28,,25117,,,0,69,,25100,,,0,30,,25101,,,0,67,,25121,,,0,28,,25105,,,0,79,,25099,,,0,103,,25102,,,0,99,,25118,,,0
670201,'2',658,,25130,,,0,69,,25131,,,0,30,,25132,,,0,70,,25133,,,0,30,,25134,,,0,70,,25135,,,0,30,,25136,,,0,72,,25137,,,0,73,,25138,,,0,30,,25139,,,0,71,,25140,,,0,31,,25141,,,0,71,,25142,,,0,31,,25143,,,0,71,,25144,,,0,30,,25145,,,0,70,,25146,,,0,30,,25147,,,0,71,,25148,,,0,30,,25149,,,0,71,,25150,,,0,30,,25151,,,0,70,,25152,,,0,30,,25153,,,0,69,,25154,,,0,29,,25155,,,0,69,,25156,,,0,29,,25157,,,0,68,,25158,,,0,26,,25159,,,0,80,,25160,,,0,40,,25161,,,0
670201,'3',901,,25163,,,0,102,,25165,,,0,101,,25167,,,0,102,,25176,,,0,34,,25177,,,0,70,,25175,,,0,31,,25178,,,0,70,,25164,,,0,30,,25179,,,0,70,,25171,,,0,30,,25180,,,0,71,,25173,,,0,30,,25181,,,0,70,,25166,,,0,30,,25182,,,0,69,,25168,,,0,30,,25183,,,0,69,,25162,,,0,29,,25184,,,0,69,,25169,,,0,98,,25170,,,0,99,,25174,,,0,99,,25172,,,0
671300,'1',511,,28631,,,0,15,,28630,,,0,15,,28629,,,0,13,,28628,,,0,55,,28624,,,0,15,,28627,,,0,15,,28582,,,0,15,,28620,,,0,58,,28583,,,0,14,,28619,,,0,15,,28584,,,0,15,,28621,,,0,57,,28585,,,0,19,,28586,,,0,18,,28622,,,0,61,,28587,,,0,18,,28623,,,0,25,,28605,,,0,65,,28606,,,0,30,,28607,,,0,70,,28608,,,0,30,,28609,,,0,70,,28610,,,0,30,,28612,,,0,70,,28613,,,0,29,,28615,,,0,70,,28616,,,0,30,,28617,,,0,60,,28626,,,0,15,,28618,,,0,15,,28625,,,0,15,,28575,,,0,55,,28604,,,0,15,,28588,,,0,15,,28611,,,0,15,,28589,,,0,55,,28590,,,0,15,,28591,,,0,13,,28592,,,0,13,,28593,,,0,51,,28594,,,0,13,,28595,,,0,15,,28596,,,0,15,,28576,,,0,16,,28597,,,0,55,,28577,,,0,15,,28598,,,0,16,,28578,,,0,55,,28599,,,0,15,,28632,,,0,15,,28579,,,0,19,,28633,,,0,59,,28580,,,0,20,,28614,,,0,20,,28634,,,0,59,,28600,,,0,18,,28581,,,0,20,,28635,,,0,62,,28601,,,0,20,,28636,,,0,31,,28602,,,0,72,,28637,,,0,70,,28603,,,0
671300,'2',532,,28681,,,0,21,,28680,,,0,60,,28678,,,0,20,,28657,,,0,20,,28654,,,0,60,,28658,,,0,22,,28641,,,0,21,,28653,,,0,59,,28640,,,0,21,,28648,,,0,22,,28652,,,0,60,,28647,,,0,25,,28656,,,0,70,,28646,,,0,30,,28638,,,0,70,,28645,,,0,30,,28655,,,0,70,,28675,,,0,30,,28674,,,0,70,,28673,,,0,30,,28672,,,0,70,,28671,,,0,30,,28670,,,0,70,,28679,,,0,30,,28669,,,0,62,,28668,,,0,21,,28667,,,0,21,,28651,,,0,60,,28666,,,0,20,,28665,,,0,20,,28650,,,0,60,,28664,,,0,20,,28663,,,0,30,,28649,,,0,70,,28662,,,0,30,,28661,,,0,70,,28644,,,0,30,,28643,,,0,70,,28659,,,0,30,,28642,,,0,69,,28660,,,0,28,,28639,,,0,104,,28677,,,0,144,,28676,,,0
671300,'3',537,,28717,,,0,70,,28716,,,0,26,,28687,,,0,20,,28720,,,0,60,,28686,,,0,21,,28691,,,0,19,,28718,,,0,60,,28692,,,0,20,,28693,,,0,20,,28719,,,0,64,,28694,,,0,26,,28688,,,0,70,,28695,,,0,30,,28689,,,0,70,,28696,,,0,30,,28690,,,0,70,,28702,,,0,30,,28703,,,0,70,,28704,,,0,30,,28705,,,0,70,,28706,,,0,30,,28707,,,0,70,,28708,,,0,30,,28709,,,0,70,,28710,,,0,30,,28721,,,0,70,,28711,,,0,30,,28712,,,0,70,,28714,,,0,30,,28715,,,0,70,,28713,,,0,30,,28682,,,0,70,,28697,,,0,30,,28698,,,0,70,,28685,,,0,30,,28699,,,0,69,,28684,,,0,45,,28700,,,0,145,,28701,,,0,100,,28683,,,0
671801,'1',1626,,29463,,,0,30,,29461,,,0,74,,29462,,,0,74,,29460,,,0,33,,29459,,,0
682200,'1',653,,37577,,,0,60,,37554,,,0,17,,37549,,,0,3,,37566,,,0,23,,37578,,,0,61,,37555,,,0,19,,37567,,,0,19,,37579,,,0,62,,37556,,,0,27,,37568,,,0,68,,37557,,,0,29,,37573,,,0,70,,37558,,,0,30,,37574,,,0,60,,37559,,,0,32,,37569,,,0,70,,37560,,,0,33,,37570,,,0,72,,37561,,,0,40,,37571,,,0,72,,37551,,,0,11,,37562,,,0,20,,37572,,,0,5,,37589,,,0,61,,37580,,,0,18,,37563,,,0,20,,37553,,,0,60,,37581,,,0,21,,37575,,,0,7,,37550,,,0,10,,37552,,,0,62,,37582,,,0,16,,37564,,,0,20,,37576,,,0,57,,37583,,,0,20,,37565,,,0,23,,37584,,,0,62,,37585,,,0,28,,37586,,,0,79,,37587,,,0,36,,37588,,,0
682200,'2',755,,37601,,,0,73,,37602,,,0,30,,37618,,,0,42,,37593,,,0,30,,37603,,,0,71,,37594,,,0,31,,37604,,,0,71,,37595,,,0,30,,37605,,,0,71,,37596,,,0,31,,37606,,,0,71,,37597,,,0,31,,37607,,,0,70,,37600,,,0,30,,37608,,,0,64,,37619,,,0,9,,37598,,,0,29,,37609,,,0,71,,37599,,,0,33,,37610,,,0,15,,37620,,,0,54,,37590,,,0,32,,37611,,,0,71,,37591,,,0,32,,37612,,,0,67,,37592,,,0,24,,37613,,,0,70,,37614,,,0,27,,37615,,,0,67,,37616,,,0,31,,37617,,,0,100,,37621,,,0
682200,'3',823,,37633,,,0,77,,37622,,,0,2,,37649,,,0,28,,37634,,,0,70,,37627,,,0,30,,37635,,,0,70,,37628,,,0,30,,37636,,,0,72,,37629,,,0,30,,37637,,,0,70,,37630,,,0,32,,37638,,,0,70,,37631,,,0,32,,37639,,,0,23,,37650,,,0,48,,37632,,,0,30,,37640,,,0,70,,37623,,,0,31,,37641,,,0,11,,37651,,,0,62,,37624,,,0,29,,37642,,,0,69,,37625,,,0,30,,37643,,,0,67,,37626,,,0,29,,37644,,,0,69,,37645,,,0,28,,37646,,,0,70,,37647,,,0,30,,37648,,,0,100,,37652,,,0
1169201,'1',650,,40121,,,0,62,,40120,,,0,21,,40125,,,0,22,,40119,,,0,61,,40118,,,0,18,,40140,,,0,17,,40117,,,0,56,,40126,,,0,14,,40116,,,0,14,,40141,,,0,15,,40127,,,0,55,,40115,,,0,18,,40114,,,0,20,,40129,,,0,60,,40113,,,0,20,,40112,,,0,20,,40128,,,0,61,,40111,,,0,20,,40130,,,0,20,,40110,,,0,60,,40109,,,0,20,,40131,,,0,21,,40108,,,0,61,,40107,,,0,20,,40132,,,0,24,,40106,,,0,64,,40105,,,0,20,,40133,,,0,21,,40104,,,0,61,,40103,,,0,20,,40134,,,0,82,,40123,,,0,16,,40137,,,0,15,,40102,,,0,55,,40138,,,0,14,,40101,,,0,14,,40100,,,0,13,,40135,,,0,14,,40139,,,0,54,,40122,,,0,17,,40136,,,0,12,,40099,,,0,66,,40098,,,0,30,,40097,,,0,68,,40095,,,0,29,,40096,,,0,69,,40124,,,0,98,,40142,,,0,99,,40143,,,0,100,,40144,,,0
1169201,'101',1657,,40145,,,0
1169201,'2',742,,40146,,,0,62,,40172,,,0,20,,40147,,,0,20,,40148,,,0,63,,40173,,,0,23,,40171,,,0,20,,40149,,,0,63,,40174,,,0,20,,40150,,,0,20,,40151,,,0,63,,40175,,,0,20,,40152,,,0,20,,40153,,,0,59,,40176,,,0,21,,40154,,,0,19,,40155,,,0,60,,40177,,,0,22,,40156,,,0,20,,40157,,,0,60,,40178,,,0,20,,40158,,,0,20,,40159,,,0,62,,40179,,,0,21,,40160,,,0,60,,40161,,,0,19,,40180,,,0,18,,40164,,,0,20,,40162,,,0,59,,40181,,,0,20,,40163,,,0,20,,40165,,,0,60,,40182,,,0,18,,40166,,,0,20,,40167,,,0,59,,40187,,,0,20,,40168,,,0,26,,40169,,,0,70,,40170,,,0,100,,40183,,,0,96,,40184,,,0,97,,40185,,,0,98,,40186,,,0
1169201,'201',1657,,40188,,,0
1169201,'3',843,,40190,,,0,74,,40191,,,0,41,,40192,,,0,82,,40193,,,0,73,,40194,,,0,31,,40195,,,0,68,,40196,,,0,31,,40197,,,0,71,,40198,,,0,30,,40212,,,0,68,,40199,,,0,33,,40200,,,0,70,,40201,,,0,20,,40189,,,0,18,,40213,,,0,60,,40202,,,0,20,,40203,,,0,17,,40214,,,0,58,,40204,,,0,20,,40205,,,0,21,,40215,,,0,57,,40206,,,0,20,,40207,,,0,27,,40216,,,0,67,,40208,,,0,28,,40209,,,0,69,,40210,,,0,95,,40211,,,0,100,,40217,,,0,97,,40218,,,0,99,,40219,,,0
4660400,'1',437,,56098,,,0,10,,55969,,,0,9,,55970,,,0,49,,55971,,,0,10,,55972,,,0,10,,55973,,,0,10,,55974,,,0,10,,55975,,,0,11,,55976,,,0,50,,55977,,,0,8,,55978,,,0,8,,55989,,,0,9,,55979,,,0,9,,55990,,,0,7,,55980,,,0,10,,55991,,,0,47,,55981,,,0,8,,55992,,,0,7,,55982,,,0,5,,55993,,,0,7,,55983,,,0,8,,55994,,,0,7,,55984,,,0,8,,55995,,,0,47,,55985,,,0,8,,55996,,,0,7,,55986,,,0,7,,55997,,,0,7,,55987,,,0,8,,55998,,,0,7,,55988,,,0,8,,55999,,,0,47,,56001,,,0,8,,56000,,,0,10,,56002,,,0,10,,56003,,,0,12,,56004,,,0,10,,56005,,,0,50,,56006,,,0,7,,56007,,,0,10,,56008,,,0,10,,56009,,,0,11,,56010,,,0,11,,56011,,,0,10,,56012,,,0,50,,56013,,,0,10,,56014,,,0,10,,56015,,,0,10,,56016,,,0,10,,56017,,,0,8,,56018,,,0,52,,56019,,,0,11,,56020,,,0,10,,56021,,,0,10,,56022,,,0,10,,56023,,,0,50,,56024,,,0,9,,56025,,,0,10,,56026,,,0,10,,56027,,,0,12,,56028,,,0,10,,56029,,,0,50,,56030,,,0,10,,56031,,,0,10,,56032,,,0,10,,56033,,,0,11,,56034,,,0,10,,56035,,,0,7,,56053,,,0,48,,56036,,,0,8,,56054,,,0,8,,56037,,,0,7,,56055,,,0,6,,56038,,,0,8,,56056,,,0,9,,56039,,,0,49,,56057,,,0,9,,56040,,,0,8,,56058,,,0,8,,56041,,,0,8,,56059,,,0,7,,56042,,,0,8,,56060,,,0,8,,56043,,,0,50,,56061,,,0,6,,56044,,,0,8,,56062,,,0,7,,56045,,,0,8,,56063,,,0,8,,56046,,,0,8,,56064,,,0,48,,56047,,,0,8,,56065,,,0,8,,56048,,,0,8,,56049,,,0,8,,56066,,,0,9,,56050,,,0,6,,56067,,,0,8,,56051,,,0,48,,56068,,,0,8,,56052,,,0,8,,56069,,,0,7,,56070,,,0,7,,56071,,,0,9,,56072,,,0,9,,56073,,,0,50,,56074,,,0,10,,56075,,,0,9,,56076,,,0,10,,56077,,,0,9,,56078,,,0,10,,56079,,,0,50,,56097,,,0,10,,56080,,,0,10,,56081,,,0,15,,56082,,,0,14,,56083,,,0,55,,56084,,,0,14,,56085,,,0,15,,56086,,,0,18,,56087,,,0,55,,56088,,,0,13,,56089,,,0,15,,56090,,,0,15,,56091,,,0,55,,56092,,,0,13,,56093,,,0,15,,56094,,,0,17,,56095,,,0,57,,56096,,,0
4660400,'2',517,,56208,,,0,15,,56099,,,0,16,,56100,,,0,55,,56101,,,0,15,,56102,,,0,10,,56103,,,0,10,,56104,,,0,10,,56105,,,0,10,,56106,,,0,50,,56107,,,0,10,,56108,,,0,11,,56109,,,0,10,,56110,,,0,10,,56111,,,0,10,,56112,,,0,50,,56113,,,0,10,,56114,,,0,10,,56115,,,0,10,,56116,,,0,10,,56117,,,0,10,,56118,,,0,51,,56119,,,0,10,,56120,,,0,10,,56121,,,0,10,,56122,,,0,10,,56123,,,0,50,,56124,,,0,10,,56125,,,0,10,,56126,,,0,10,,56127,,,0,10,,56128,,,0,10,,56129,,,0,50,,56130,,,0,10,,56131,,,0,10,,56132,,,0,10,,56133,,,0,10,,56134,,,0,10,,56135,,,0,50,,56136,,,0,10,,56137,,,0,10,,56138,,,0,10,,56139,,,0,11,,56140,,,0,10,,56141,,,0,50,,56142,,,0,10,,56143,,,0,10,,56144,,,0,10,,56145,,,0,10,,56146,,,0,10,,56147,,,0,50,,56148,,,0,10,,56149,,,0,10,,56150,,,0,10,,56151,,,0,10,,56152,,,0,10,,56153,,,0,50,,56154,,,0,10,,56155,,,0,10,,56156,,,0,10,,56157,,,0,10,,56158,,,0,10,,56159,,,0,50,,56160,,,0,10,,56161,,,0,10,,56162,,,0,10,,56163,,,0,10,,56164,,,0,10,,56165,,,0,50,,56166,,,0,10,,56167,,,0,10,,56168,,,0,10,,56169,,,0,9,,56170,,,0,10,,56171,,,0,50,,56172,,,0,10,,56173,,,0,10,,56174,,,0,10,,56175,,,0,10,,56176,,,0,10,,56177,,,0,50,,56178,,,0,10,,56179,,,0,10,,56180,,,0,10,,56181,,,0,10,,56182,,,0,10,,56183,,,0,50,,56184,,,0,10,,56185,,,0,10,,56186,,,0,10,,56187,,,0,10,,56188,,,0,10,,56189,,,0,50,,56190,,,0,10,,56191,,,0,10,,56192,,,0,15,,56193,,,0,13,,56194,,,0,55,,56195,,,0,16,,56196,,,0,15,,56197,,,0,15,,56198,,,0,55,,56199,,,0,14,,56200,,,0,15,,56201,,,0,15,,56202,,,0,55,,56203,,,0,15,,56204,,,0,15,,56205,,,0,15,,56206,,,0,55,,56207,,,0
4660400,'3',602,,56209,,,0,17,,56210,,,0,15,,56211,,,0,10,,56233,,,0,11,,56232,,,0,53,,56212,,,0,16,,56213,,,0,17,,56214,,,0,9,,56304,,,0,53,,56215,,,0,13,,56216,,,0,15,,56217,,,0,17,,56218,,,0,55,,56219,,,0,14,,56220,,,0,15,,56221,,,0,15,,56222,,,0,55,,56223,,,0,15,,56224,,,0,15,,56225,,,0,16,,56226,,,0,55,,56227,,,0,15,,56228,,,0,15,,56229,,,0,16,,56230,,,0,56,,56231,,,0,12,,56234,,,0,12,,56235,,,0,12,,56236,,,0,11,,56237,,,0,50,,56238,,,0,10,,56239,,,0,10,,56240,,,0,10,,56241,,,0,10,,56242,,,0,10,,56243,,,0,50,,56244,,,0,10,,56245,,,0,10,,56246,,,0,10,,56247,,,0,10,,56248,,,0,10,,56249,,,0,50,,56250,,,0,10,,56251,,,0,10,,56252,,,0,10,,56253,,,0,10,,56254,,,0,10,,56255,,,0,50,,56256,,,0,10,,56257,,,0,10,,56258,,,0,10,,56259,,,0,10,,56260,,,0,10,,56261,,,0,49,,56262,,,0,10,,56263,,,0,10,,56264,,,0,10,,56265,,,0,10,,56266,,,0,10,,56267,,,0,50,,56268,,,0,9,,56269,,,0,10,,56270,,,0,10,,56271,,,0,10,,56272,,,0,10,,56273,,,0,50,,56274,,,0,10,,56275,,,0,10,,56276,,,0,9,,56277,,,0,10,,56278,,,0,9,,56279,,,0,10,,56280,,,0,50,,56281,,,0,10,,56282,,,0,10,,56283,,,0,9,,56284,,,0,10,,56285,,,0,10,,56286,,,0,50,,56287,,,0,12,,56288,,,0,15,,56289,,,0,15,,56290,,,0,55,,56291,,,0,13,,56292,,,0,15,,56293,,,0,15,,56294,,,0,55,,56295,,,0,14,,56296,,,0,15,,56297,,,0,15,,56298,,,0,55,,56299,,,0,14,,56300,,,0,16,,56301,,,0,16,,56302,,,0,55,,56303,,,0
