664300,'1',554,,129823,31,4,,0,60,,129824,31,4,,0,20,,129825,31,4,,0,20,,129826,31,4,,0,60,,129827,31,4,,0,24,,129828,31,4,,0,19,,129829,31,4,,0,62,,129830,31,4,,0,19,,129831,31,4,,0,20,,129832,31,4,,0,65,,129833,31,4,,0,25,,129834,31,4,,0,75,,129835,31,4,,0,30,,129836,31,4,,0,70,,129837,31,4,,0,31,,129838,31,4,,0,70,,129839,31,4,,0,30,,129840,31,4,,0,70,,129841,31,4,,0,32,,129842,31,4,,0,68,,129843,31,4,,0,34,,129844,31,4,,0,71,,129845,31,4,,0,15,,129846,31,4,,0,62,,129847,31,4,,0,20,,129848,31,4,,0,21,,129849,31,4,,0,61,,129850,31,4,,0,20,,129851,31,4,,0,15,,129852,31,4,,0,59,,129853,31,4,,0,19,,129854,31,4,,0,14,,129855,31,4,,0,20,,129856,31,4,,0,65,,129857,31,4,,0,28,,129858,31,4,,0,70,,129859,31,4,,0,30,,129860,31,4,,0,70,,129861,31,4,,0,97,,129862,31,4,,0,100,,129863,31,4,,0,98,,129864,31,4,,0,113,,129865,31,4,,0
664300,'2',643,,129866,31,4,,0,72,,129867,31,4,,0,28,,129868,31,4,,0,71,,129869,31,4,,0,30,,129870,31,4,,0,74,,129871,31,4,,0,32,,129872,31,4,,0,70,,129873,31,4,,0,28,,129874,31,4,,0,63,,129875,31,4,,0,30,,129876,31,4,,0,70,,129877,31,4,,0,30,,129878,31,4,,0,73,,129879,31,4,,0,30,,129880,31,4,,0,70,,129881,31,4,,0,29,,129882,31,4,,0,70,,129883,31,4,,0,31,,129884,31,4,,0,70,,129885,31,4,,0,30,,129886,31,4,,0,70,,129887,31,4,,0,30,,129888,31,4,,0,70,,129889,31,4,,0,28,,129890,31,4,,0,69,,129891,31,4,,0,37,,129892,31,4,,0,71,,129893,31,4,,0,30,,129894,31,4,,0,68,,129895,31,4,,0,96,,129899,31,4,,0,105,,129896,31,4,,0,100,,129897,31,4,,0,99,,129898,31,4,,0
664300,'3',813,,129921,31,4,,0,30,,129920,31,4,,0,71,,129919,31,4,,0,30,,129918,31,4,,0,70,,129917,31,4,,0,30,,129916,31,4,,0,73,,129915,31,4,,0,30,,129914,31,4,,0,70,,129913,31,4,,0,30,,129912,31,4,,0,71,,129911,31,4,,0,30,,129910,31,4,,0,70,,129909,31,4,,0,30,,129901,31,4,,0,70,,129900,31,4,,0,30,,129930,31,4,,0,70,,129929,31,4,,0,30,,129928,31,4,,0,70,,129927,31,4,,0,30,,129926,31,4,,0,68,,129925,31,4,,0,30,,129924,31,4,,0,70,,129923,31,4,,0,30,,129902,31,4,,0,69,,129908,31,4,,0,33,,129907,31,4,,0,63,,129906,31,4,,0,95,,129904,31,4,,0,107,,129905,31,4,,0,104,,129903,31,4,,0,108,,129922,31,4,,0
664600,'1',609,,130850,23,4,,0,4,,130836,49,4,,0,34,,130835,49,4,,0,70,,130865,49,4,,0,20,,130864,49,4,,0,64,,130860,49,4,,0,20,,130863,49,4,,0,21,,130847,49,4,,0,60,,130832,49,4,,0,26,,130831,49,4,,0,19,,130849,49,4,,0,60,,130872,49,4,,0,30,,130871,49,4,,0,70,,130870,49,4,,0,30,,130839,49,4,,0,70,,130843,49,4,,0,31,,130842,49,4,,0,70,,130841,49,4,,0,30,,130852,49,4,,0,71,,130866,49,4,,0,31,,130875,49,4,,0,78,,130857,49,4,,0,25,,130856,49,4,,0,70,,130853,49,4,,0,20,,130861,49,4,,0,23,,130833,49,4,,0,60,,130873,49,4,,0,20,,130858,49,4,,0,17,,130851,49,4,,0,60,,130855,49,4,,0,18,,130834,49,4,,0,18,,130844,49,4,,0,60,,130848,49,4,,0,24,,130859,49,4,,0,69,,130869,49,4,,0,28,,130830,49,4,,0,28,,130838,49,4,,0,70,,130837,49,4,,0,28,,130867,49,4,,0,70,,130840,49,4,,0,23,,130868,49,4,,0,70,,130846,49,4,,0,34,,130854,49,4,,0,71,,130845,49,4,,0,77,,130862,49,4,,0,47,,130874,49,4,,0
664600,'101',815,,130829,49,4,,0
664600,'2',638,,130910,49,4,,0,70,,130880,49,4,,0,31,,130889,49,4,,0,71,,130907,49,4,,0,31,,130908,49,4,,0,79,,130896,49,4,,0,37,,130876,49,4,,0,77,,130900,49,4,,0,70,,130888,49,4,,0,30,,130911,49,4,,0,74,,130890,49,4,,0,28,,130891,49,4,,0,70,,130883,49,4,,0,28,,130892,49,4,,0,72,,130893,49,4,,0,28,,130894,49,4,,0,69,,130877,49,4,,0,30,,130905,49,4,,0,69,,130897,49,4,,0,30,,130898,49,4,,0,71,,130899,49,4,,0,27,,130878,49,4,,0,70,,130881,49,4,,0,33,,130882,49,4,,0,70,,130909,49,4,,0,28,,130901,49,4,,0,70,,130902,49,4,,0,31,,130879,49,4,,0,71,,130903,49,4,,0,31,,130884,49,4,,0,68,,130885,49,4,,0,23,,130887,49,4,,0,28,,130886,49,4,,0,70,,130904,49,4,,0,86,,130906,49,4,,0,100,,130895,49,4,,0
664600,'3',812,,130930,49,4,,0,32,,130925,49,4,,0,70,,130942,49,4,,0,32,,130913,49,4,,0,71,,130914,49,4,,0,30,,130929,49,4,,0,71,,130916,49,4,,0,30,,130917,49,4,,0,70,,130918,49,4,,0,32,,130920,49,4,,0,70,,130919,49,4,,0,31,,130933,49,4,,0,70,,130937,49,4,,0,30,,130921,49,4,,0,70,,130922,49,4,,0,30,,130923,49,4,,0,70,,130926,49,4,,0,30,,130934,49,4,,0,70,,130944,49,4,,0,30,,130935,49,4,,0,70,,130915,49,4,,0,28,,130927,49,4,,0,70,,130928,49,4,,0,30,,130932,49,4,,0,70,,130931,49,4,,0,28,,130912,49,4,,0,70,,130936,49,4,,0,30,,130938,49,4,,0,70,,130939,49,4,,0,28,,130940,49,4,,0,70,,130943,49,4,,0,97,,130941,49,4,,0,106,,130924,49,4,,0
665400,'1',603,,133163,37,4,,0,25,,133162,37,4,,0,73,,133179,37,4,,0,31,,133181,37,4,,0,72,,133165,37,4,,0,30,,133182,37,4,,0,70,,133164,37,4,,0,105,,133172,37,4,,0,29,,133173,37,4,,0,70,,133174,37,4,,0,27,,133171,37,4,,0,70,,133175,37,4,,0,29,,133176,37,4,,0,70,,133177,37,4,,0,30,,133178,37,4,,0,70,,133186,37,4,,0,32,,133187,37,4,,0,73,,133188,37,4,,0,33,,133189,37,4,,0,72,,133190,37,4,,0,30,,133183,37,4,,0,71,,133160,37,4,,0,91,,133167,37,4,,0,29,,133168,37,4,,0,74,,133180,37,4,,0,24,,133184,37,4,,0,67,,133191,37,4,,0,26,,133192,37,4,,0,28,,133166,37,4,,0,68,,133185,37,4,,0,30,,133193,37,4,,0,70,,133161,37,4,,0,104,,133169,37,4,,0,104,,133170,37,4,,0
665400,'101',934,,133158,37,4,,0,803,,133159,37,4,,0
665400,'2',629,,133215,37,4,,0,75,,133229,37,4,,0,30,,133205,37,4,,0,70,,133230,37,4,,0,30,,133222,37,4,,0,71,,133221,37,4,,0,30,,133204,37,4,,0,71,,133219,37,4,,0,30,,133218,37,4,,0,70,,133208,37,4,,0,30,,133206,37,4,,0,70,,133211,37,4,,0,33,,133210,37,4,,0,70,,133209,37,4,,0,29,,133196,37,4,,0,70,,133198,37,4,,0,35,,133213,37,4,,0,70,,133212,37,4,,0,30,,133214,37,4,,0,71,,133225,37,4,,0,30,,133224,37,4,,0,70,,133203,37,4,,0,30,,133197,37,4,,0,70,,133216,37,4,,0,30,,133217,37,4,,0,69,,133207,37,4,,0,30,,133220,37,4,,0,68,,133227,37,4,,0,30,,133226,37,4,,0,70,,133202,37,4,,0,30,,133201,37,4,,0,70,,133200,37,4,,0,30,,133199,37,4,,0,90,,133228,37,4,,0,75,,133223,37,4,,0
665400,'201',934,,133194,37,4,,0,803,,133195,37,4,,0
665400,'3',728,,133240,37,4,,0,75,,133239,37,4,,0,31,,133262,37,4,,0,72,,133248,37,4,,0,32,,133247,37,4,,0,70,,133246,37,4,,0,30,,133245,37,4,,0,70,,133244,37,4,,0,31,,133255,37,4,,0,71,,133232,37,4,,0,30,,133256,37,4,,0,70,,133242,37,4,,0,30,,133241,37,4,,0,70,,133249,37,4,,0,30,,133237,37,4,,0,70,,133236,37,4,,0,30,,133235,37,4,,0,70,,133234,37,4,,0,30,,133233,37,4,,0,70,,133254,37,4,,0,30,,133253,37,4,,0,70,,133231,37,4,,0,30,,133263,37,4,,0,68,,133238,37,4,,0,28,,133252,37,4,,0,70,,133261,37,4,,0,30,,133260,37,4,,0,69,,133250,37,4,,0,30,,133259,37,4,,0,70,,133258,37,4,,0,30,,133257,37,4,,0,79,,133243,37,4,,0,100,,133251,37,4,,0
666001,'1',548,,134516,40,4,,0,58,,134515,37,4,,0,18,,134514,40,4,,0,19,,134513,37,4,,0,15,,134512,40,4,,0,54,,134511,37,4,,0,18,,134510,40,4,,0,12,,134509,37,4,,0,58,,134508,40,4,,0,21,,134519,37,4,,0,14,,134518,40,4,,0,16,,134507,37,4,,0,73,,134506,37,4,,0,33,,134505,40,4,,0,70,,134504,40,4,,0,29,,134503,40,4,,0,70,,134502,40,4,,0,30,,134501,40,4,,0,75,,134500,40,4,,0,70,,134499,40,4,,0,30,,134498,40,4,,0,69,,134497,40,4,,0,31,,134496,40,4,,0,25,,134495,40,4,,0,54,,134530,40,4,,0,20,,134524,37,4,,0,29,,134521,37,4,,0,56,,134494,40,4,,0,19,,134520,37,4,,0,11,,134493,40,4,,0,61,,134492,37,4,,0,7,,134491,40,4,,0,15,,134490,37,4,,0,13,,134489,40,4,,0,17,,134488,37,4,,0,54,,134487,40,4,,0,16,,134486,37,4,,0,13,,134485,40,4,,0,61,,134529,40,4,,0,24,,134523,40,4,,0,17,,134528,40,4,,0,69,,134527,40,4,,0,29,,134484,40,4,,0,69,,134517,40,4,,0,97,,134526,40,4,,0,99,,134525,40,4,,0,106,,134522,40,4,,0
666001,'101',913,,134482,43,4,,0,641,,134483,43,4,,0
666001,'2',653,,134533,40,4,,0,101,,134534,40,4,,0,70,,134535,40,4,,0,30,,134536,40,4,,0,71,,134537,40,4,,0,31,,134538,40,4,,0,70,,134539,40,4,,0,29,,134540,40,4,,0,71,,134541,40,4,,0,20,,134542,40,4,,0,62,,134564,40,4,,0,20,,134543,40,4,,0,20,,134544,40,4,,0,60,,134565,40,4,,0,20,,134545,40,4,,0,21,,134546,40,4,,0,60,,134566,40,4,,0,20,,134547,40,4,,0,20,,134548,40,4,,0,60,,134567,40,4,,0,20,,134549,40,4,,0,20,,134550,40,4,,0,60,,134568,40,4,,0,20,,134551,40,4,,0,20,,134552,40,4,,0,59,,134569,40,4,,0,21,,134553,40,4,,0,19,,134554,40,4,,0,60,,134570,40,4,,0,20,,134555,40,4,,0,27,,134556,40,4,,0,72,,134557,40,4,,0,29,,134558,40,4,,0,68,,134559,40,4,,0,31,,134571,40,4,,0,70,,134560,40,4,,0,98,,134561,40,4,,0,98,,134562,40,4,,0,99,,134563,40,4,,0
666001,'201',903,,134531,40,4,,0,644,,134532,40,4,,0
666001,'3',727,,134579,40,4,,0,100,,134580,40,4,,0,31,,134581,40,4,,0,70,,134582,40,4,,0,30,,134578,40,4,,0,70,,134583,40,4,,0,72,,134585,40,4,,0,30,,134586,40,4,,0,70,,134587,40,4,,0,30,,134588,40,4,,0,70,,134589,40,4,,0,30,,134590,40,4,,0,70,,134591,40,4,,0,31,,134592,40,4,,0,70,,134593,40,4,,0,31,,134594,40,4,,0,70,,134595,40,4,,0,30,,134596,40,4,,0,70,,134597,40,4,,0,29,,134598,40,4,,0,70,,134599,40,4,,0,30,,134600,40,4,,0,69,,134572,40,4,,0,30,,134584,40,4,,0,70,,134573,40,4,,0,30,,134574,40,4,,0,70,,134602,40,4,,0,28,,134575,40,4,,0,99,,134577,40,4,,0,97,,134601,40,4,,0,97,,134576,40,4,,0
666401,'1',622,,135460,50,4,,0,30,,135461,50,4,,0,68,,135443,50,4,,0,32,,135476,50,4,,0,74,,135444,50,4,,0,28,,135445,50,4,,0,78,,135446,50,4,,0,26,,135447,50,4,,0,69,,135449,50,4,,0,30,,135450,50,4,,0,70,,135451,50,4,,0,31,,135452,50,4,,0,71,,135454,50,4,,0,29,,135453,50,4,,0,70,,135448,50,4,,0,30,,135455,50,4,,0,70,,135456,50,4,,0,30,,135462,50,4,,0,71,,135463,50,4,,0,29,,135466,50,4,,0,70,,135464,50,4,,0,30,,135465,50,4,,0,70,,135457,50,4,,0,30,,135467,50,4,,0,70,,135468,50,4,,0,72,,135469,50,4,,0,33,,135470,50,4,,0,71,,135471,50,4,,0,31,,135472,50,4,,0,66,,135473,50,4,,0,44,,135479,50,4,,0,80,,135458,50,4,,0,81,,135478,50,4,,0,39,,135459,50,4,,0,80,,135474,50,4,,0,80,,135477,50,4,,0,38,,135475,50,4,,0
666401,'2',555,,135480,50,4,,0,70,,135481,50,4,,0,30,,135482,50,4,,0,70,,135483,50,4,,0,33,,135484,50,4,,0,72,,135485,50,4,,0,70,,135486,50,4,,0,32,,135487,50,4,,0,73,,135488,50,4,,0,30,,135489,50,4,,0,70,,135490,50,4,,0,30,,135491,50,4,,0,71,,135492,50,4,,0,30,,135493,50,4,,0,72,,135494,50,4,,0,30,,135495,50,4,,0,70,,135496,50,4,,0,28,,135497,50,4,,0,69,,135498,50,4,,0,32,,135499,50,4,,0,71,,135500,50,4,,0,28,,135501,50,4,,0,69,,135502,50,4,,0,32,,135503,50,4,,0,70,,135504,50,4,,0,28,,135505,50,4,,0,70,,135506,50,4,,0,27,,135507,50,4,,0,71,,135508,50,4,,0,30,,135509,50,4,,0,68,,135510,50,4,,0,99,,135511,50,4,,0,58,,135512,50,4,,0,100,,135513,50,4,,0,185,,135514,50,4,,0
666401,'3',705,,135522,50,4,,0,99,,135523,50,4,,0,101,,135524,50,4,,0,49,,135525,50,4,,0,103,,135526,50,4,,0,100,,135527,50,4,,0,65,,135540,50,4,,0,33,,135528,50,4,,0,69,,135534,50,4,,0,31,,135529,50,4,,0,71,,135535,50,4,,0,29,,135530,50,4,,0,66,,135536,50,4,,0,34,,135531,50,4,,0,68,,135537,50,4,,0,33,,135521,50,4,,0,67,,135538,50,4,,0,33,,135532,50,4,,0,68,,135539,50,4,,0,31,,135533,50,4,,0,99,,135518,50,4,,0,100,,135515,50,4,,0,98,,135520,50,4,,0,100,,135516,50,4,,0,173,,135517,50,4,,0,122,,135519,50,4,,0
666501,'1',615,,135657,31,4,,0,31,,135656,31,4,,0,70,,135655,31,4,,0,27,,135654,31,4,,0,71,,135653,31,4,,0,31,,135673,31,4,,0,69,,135652,31,4,,0,30,,135661,31,4,,0,70,,135672,31,4,,0,30,,135688,31,4,,0,70,,135687,31,4,,0,31,,135686,31,4,,0,72,,135684,31,4,,0,30,,135671,31,4,,0,70,,135670,31,4,,0,30,,135669,31,4,,0,70,,135683,31,4,,0,30,,135668,31,4,,0,73,,135682,31,4,,0,27,,135681,31,4,,0,70,,135680,31,4,,0,31,,135679,31,4,,0,70,,135685,31,4,,0,29,,135667,31,4,,0,68,,135678,31,4,,0,29,,135677,31,4,,0,69,,135658,31,4,,0,30,,135676,31,4,,0,70,,135675,31,4,,0,28,,135659,31,4,,0,69,,135665,31,4,,0,30,,135674,31,4,,0,70,,135664,31,4,,0,28,,135666,31,4,,0,70,,135663,31,4,,0,22,,135662,31,4,,0,75,,135660,31,4,,0
666501,'2',611,,135712,31,4,,0,35,,135691,31,4,,0,70,,135692,31,4,,0,31,,135709,31,4,,0,70,,135719,31,4,,0,30,,135718,31,4,,0,70,,135694,31,4,,0,32,,135695,31,4,,0,71,,135696,31,4,,0,30,,135698,31,4,,0,71,,135699,31,4,,0,30,,135700,31,4,,0,70,,135708,31,4,,0,30,,135710,31,4,,0,70,,135713,31,4,,0,30,,135707,31,4,,0,72,,135701,31,4,,0,30,,135704,31,4,,0,64,,135705,31,4,,0,20,,135722,31,4,,0,20,,135706,31,4,,0,60,,135697,31,4,,0,20,,135723,31,4,,0,20,,135703,31,4,,0,60,,135715,31,4,,0,20,,135724,31,4,,0,18,,135716,31,4,,0,60,,135717,31,4,,0,20,,135725,31,4,,0,19,,135693,31,4,,0,60,,135720,31,4,,0,34,,135702,31,4,,0,70,,135721,31,4,,0,40,,135714,31,4,,0,70,,135726,31,4,,0,30,,135689,31,4,,0,99,,135690,31,4,,0,98,,135711,31,4,,0
666501,'3',643,,135747,31,4,,0,75,,135746,31,4,,0,30,,135729,31,4,,0,72,,135752,31,4,,0,30,,135753,31,4,,0,70,,135744,31,4,,0,32,,135743,31,4,,0,71,,135742,31,4,,0,32,,135740,31,4,,0,70,,135739,31,4,,0,30,,135738,31,4,,0,70,,135730,31,4,,0,30,,135728,31,4,,0,70,,135755,31,4,,0,30,,135731,31,4,,0,70,,135737,31,4,,0,31,,135734,31,4,,0,60,,135759,31,4,,0,20,,135733,31,4,,0,20,,135732,31,4,,0,60,,135760,31,4,,0,20,,135741,31,4,,0,20,,135735,31,4,,0,60,,135761,31,4,,0,18,,135757,31,4,,0,20,,135756,31,4,,0,60,,135762,31,4,,0,19,,135754,31,4,,0,19,,135745,31,4,,0,75,,135751,31,4,,0,25,,135736,31,4,,0,70,,135750,31,4,,0,29,,135763,31,4,,0,71,,135758,31,4,,0,28,,135764,31,4,,0,65,,135749,31,4,,0,95,,135748,31,4,,0,105,,135727,31,4,,0
1671900,'1',524,,158975,17,4,,0,96,,158974,17,4,,0,103,,158976,17,4,,0,30,,158973,17,4,,0,71,,158972,17,4,,0,30,,158971,17,4,,0,70,,158970,17,4,,0,30,,158989,17,4,,0,71,,158969,17,4,,0,30,,158990,17,4,,0,72,,158968,17,4,,0,30,,158991,17,4,,0,70,,158967,17,4,,0,28,,158992,17,4,,0,74,,158966,17,4,,0,25,,158993,17,4,,0,75,,158965,17,4,,0,29,,158994,17,4,,0,74,,158964,17,4,,0,71,,158963,17,4,,0,30,,158962,17,4,,0,70,,158961,17,4,,0,30,,158988,17,4,,0,26,,158987,17,4,,0,66,,158986,17,4,,0,30,,158977,17,4,,0,66,,158985,17,4,,0,100,,158984,17,4,,0,99,,158983,17,4,,0,100,,158982,17,4,,0,98,,158981,17,4,,0,99,,158980,17,4,,0,100,,158979,17,4,,0,100,,158978,17,4,,0
1671900,'2',516,,159001,17,4,,0,100,,159000,17,4,,0,102,,159004,17,4,,0,100,,159005,17,4,,0,102,,159006,17,4,,0,103,,159007,17,4,,0,102,,159008,17,4,,0,31,,159016,17,4,,0,70,,159011,17,4,,0,30,,159017,17,4,,0,72,,159002,17,4,,0,30,,159018,17,4,,0,68,,159003,17,4,,0,30,,159019,17,4,,0,70,,159012,17,4,,0,30,,159020,17,4,,0,68,,159013,17,4,,0,30,,159021,17,4,,0,70,,159014,17,4,,0,31,,159022,17,4,,0,67,,159015,17,4,,0,100,,158995,17,4,,0,100,,158996,17,4,,0,99,,158997,17,4,,0,100,,159009,17,4,,0,99,,159010,17,4,,0,97,,158998,17,4,,0,100,,158999,17,4,,0
1671900,'3',719,,159025,17,4,,0,100,,159026,17,4,,0,102,,159027,17,4,,0,101,,159028,17,4,,0,101,,159029,17,4,,0,30,,159041,17,4,,0,70,,159030,17,4,,0,30,,159042,17,4,,0,70,,159031,17,4,,0,30,,159043,17,4,,0,70,,159032,17,4,,0,31,,159044,17,4,,0,70,,159033,17,4,,0,31,,159045,17,4,,0,69,,159023,17,4,,0,30,,159046,17,4,,0,69,,159024,17,4,,0,30,,159047,17,4,,0,69,,159034,17,4,,0,100,,159035,17,4,,0,99,,159036,17,4,,0,99,,159037,17,4,,0,100,,159038,17,4,,0,99,,159039,17,4,,0,99,,159040,17,4,,0
3004300,'1',510,,162617,1,,,0,20,,162616,1,,,0,18,,162561,1,,,0,53,,162560,1,,,0,13,,162559,1,,,0,16,,162558,1,,,0,17,,162575,1,,,0,53,,162557,1,,,0,15,,162556,1,,,0,14,,162622,1,,,0,15,,162599,1,,,0,58,,162621,1,,,0,16,,162620,1,,,0,17,,162619,1,,,0,15,,162618,1,,,0,55,,162598,1,,,0,15,,162572,1,,,0,15,,162597,1,,,0,15,,162571,1,,,0,55,,162596,1,,,0,15,,162570,1,,,0,15,,162595,1,,,0,15,,162569,1,,,0,55,,162594,1,,,0,15,,162568,1,,,0,15,,162593,1,,,0,15,,162567,1,,,0,55,,162592,1,,,0,15,,162566,1,,,0,15,,162591,1,,,0,15,,162565,1,,,0,55,,162590,1,,,0,15,,162564,1,,,0,15,,162589,1,,,0,15,,162563,1,,,0,55,,162615,1,,,0,15,,162562,1,,,0,16,,162614,1,,,0,15,,162613,1,,,0,56,,162612,1,,,0,15,,162611,1,,,0,17,,162623,1,,,0,18,,162610,1,,,0,53,,162609,1,,,0,13,,162608,1,,,0,16,,162607,1,,,0,14,,162606,1,,,0,61,,162605,1,,,0,11,,162604,1,,,0,15,,162603,1,,,0,17,,162602,1,,,0,53,,162601,1,,,0,19,,162600,1,,,0,11,,162588,1,,,0,60,,162587,1,,,0,20,,162573,1,,,0,25,,162586,1,,,0,62,,162585,1,,,0,18,,162574,1,,,0,20,,162584,1,,,0,65,,162583,1,,,0,29,,162582,1,,,0,71,,162581,1,,,0,30,,162580,1,,,0,70,,162579,1,,,0,30,,162578,1,,,0,70,,162577,1,,,0,30,,162576,1,,,0
3004300,'2',600,,162657,1,,,0,33,,162656,1,,,0,72,,162655,1,,,0,30,,162654,1,,,0,70,,162653,1,,,0,30,,162652,1,,,0,71,,162651,1,,,0,29,,162650,1,,,0,72,,162649,1,,,0,31,,162648,1,,,0,68,,162647,1,,,0,19,,162659,1,,,0,20,,162646,1,,,0,60,,162645,1,,,0,20,,162660,1,,,0,20,,162644,1,,,0,60,,162643,1,,,0,20,,162661,1,,,0,20,,162642,1,,,0,60,,162641,1,,,0,20,,162662,1,,,0,20,,162640,1,,,0,60,,162639,1,,,0,20,,162663,1,,,0,20,,162638,1,,,0,60,,162637,1,,,0,19,,162664,1,,,0,21,,162636,1,,,0,60,,162635,1,,,0,20,,162665,1,,,0,20,,162634,1,,,0,58,,162633,1,,,0,25,,162632,1,,,0,77,,162631,1,,,0,25,,162630,1,,,0,75,,162629,1,,,0,25,,162628,1,,,0,75,,162627,1,,,0,30,,162626,1,,,0,75,,162658,1,,,0,25,,162625,1,,,0,75,,162666,1,,,0,25,,162624,1,,,0
3004300,'3',635,,162684,1,,,0,70,,162683,1,,,0,30,,162682,1,,,0,70,,162681,1,,,0,30,,162680,1,,,0,70,,162679,1,,,0,30,,162678,1,,,0,72,,162677,1,,,0,29,,162676,1,,,0,69,,162675,1,,,0,20,,162685,1,,,0,20,,162674,1,,,0,60,,162673,1,,,0,20,,162686,1,,,0,20,,162672,1,,,0,60,,162671,1,,,0,20,,162687,1,,,0,20,,162670,1,,,0,60,,162669,1,,,0,20,,162688,1,,,0,20,,162668,1,,,0,60,,162667,1,,,0,20,,162689,1,,,0,20,,162708,1,,,0,60,,162707,1,,,0,20,,162690,1,,,0,20,,162706,1,,,0,60,,162705,1,,,0,20,,162691,1,,,0,20,,162704,1,,,0,55,,162703,1,,,0,30,,162702,1,,,0,70,,162701,1,,,0,30,,162700,1,,,0,70,,162699,1,,,0,30,,162698,1,,,0,70,,162692,1,,,0,30,,162697,1,,,0,70,,162693,1,,,0,30,,162696,1,,,0,70,,162694,1,,,0,30,,162695,1,,,0
3004301,'1',503,,162752,32,4,,0,19,,162751,32,4,,0,21,,162750,32,4,,0,61,,162749,32,4,,0,18,,162764,32,4,,0,19,,162763,32,4,,0,14,,162762,32,4,,0,54,,162761,32,4,,0,16,,162760,32,4,,0,18,,162759,32,4,,0,14,,162758,32,4,,0,56,,162757,32,4,,0,16,,162756,32,4,,0,17,,162755,32,4,,0,55,,162754,32,4,,0,17,,162753,32,4,,0,18,,162730,32,4,,0,14,,162729,32,4,,0,54,,162774,32,4,,0,19,,162728,32,4,,0,12,,162773,32,4,,0,15,,162727,32,4,,0,55,,162772,32,4,,0,15,,162726,32,4,,0,17,,162771,32,4,,0,15,,162725,32,4,,0,55,,162770,32,4,,0,15,,162724,32,4,,0,15,,162769,32,4,,0,15,,162711,32,4,,0,55,,162768,32,4,,0,15,,162723,32,4,,0,15,,162767,32,4,,0,15,,162722,32,4,,0,55,,162766,32,4,,0,15,,162748,32,4,,0,15,,162765,32,4,,0,64,,162747,32,4,,0,27,,162746,32,4,,0,23,,162745,32,4,,0,51,,162744,32,4,,0,14,,162743,32,4,,0,16,,162742,32,4,,0,16,,162741,32,4,,0,59,,162740,32,4,,0,10,,162739,32,4,,0,14,,162738,32,4,,0,19,,162737,32,4,,0,51,,162736,32,4,,0,19,,162735,32,4,,0,11,,162734,32,4,,0,15,,162733,32,4,,0,55,,162732,32,4,,0,13,,162731,32,4,,0,12,,162721,32,4,,0,19,,162720,32,4,,0,60,,162775,32,4,,0,20,,162719,32,4,,0,20,,162718,32,4,,0,60,,162776,32,4,,0,19,,162717,32,4,,0,30,,162716,32,4,,0,68,,162710,32,4,,0,30,,162715,32,4,,0,69,,162714,32,4,,0,30,,162713,32,4,,0,71,,162712,32,4,,0
3004301,'101',1546,,162709,27,4,,0
3004301,'2',626,,162778,32,4,,0,30,,162809,32,4,,0,72,,162808,32,4,,0,30,,162807,32,4,,0,71,,162806,32,4,,0,72,,162805,32,4,,0,29,,162804,32,4,,0,72,,162803,32,4,,0,31,,162802,32,4,,0,18,,162801,32,4,,0,60,,162811,32,4,,0,22,,162800,32,4,,0,19,,162799,32,4,,0,59,,162812,32,4,,0,20,,162798,32,4,,0,20,,162797,32,4,,0,61,,162813,32,4,,0,20,,162796,32,4,,0,20,,162795,32,4,,0,60,,162814,32,4,,0,20,,162794,32,4,,0,20,,162793,32,4,,0,60,,162815,32,4,,0,19,,162792,32,4,,0,20,,162791,32,4,,0,60,,162816,32,4,,0,20,,162790,32,4,,0,20,,162789,32,4,,0,60,,162817,32,4,,0,15,,162777,32,4,,0,25,,162788,32,4,,0,58,,162818,32,4,,0,14,,162787,32,4,,0,36,,162786,32,4,,0,65,,162785,32,4,,0,76,,162784,32,4,,0,29,,162783,32,4,,0,30,,162782,32,4,,0,70,,162781,32,4,,0,30,,162810,32,4,,0,69,,162780,32,4,,0,72,,162819,32,4,,0,28,,162779,32,4,,0
3004301,'3',728,,162846,32,4,,0,30,,162845,32,4,,0,71,,162844,32,4,,0,30,,162843,32,4,,0,69,,162842,32,4,,0,31,,162841,32,4,,0,72,,162840,32,4,,0,20,,162847,32,4,,0,60,,162839,32,4,,0,22,,162838,32,4,,0,19,,162848,32,4,,0,55,,162837,32,4,,0,20,,162836,32,4,,0,20,,162849,32,4,,0,60,,162835,32,4,,0,20,,162834,32,4,,0,20,,162850,32,4,,0,60,,162833,32,4,,0,20,,162832,32,4,,0,20,,162851,32,4,,0,59,,162831,32,4,,0,20,,162830,32,4,,0,20,,162852,32,4,,0,60,,162828,32,4,,0,20,,162827,32,4,,0,20,,162853,32,4,,0,59,,162826,32,4,,0,20,,162825,32,4,,0,24,,162854,32,4,,0,60,,162824,32,4,,0,30,,162823,32,4,,0,70,,162857,32,4,,0,30,,162858,32,4,,0,76,,162829,32,4,,0,22,,162822,32,4,,0,20,,162821,32,4,,0,80,,162820,32,4,,0,70,,162855,32,4,,0,28,,162860,32,4,,0,82,,162856,32,4,,0,18,,162859,32,4,,0
