667200,'101_merged_15291802',1519,,78231,13,4,,0,9,,78232,19,4,,0
667200,'1_merged_15291795',605,,78249,23,4,,0,11,,78250,23,4,,0,17,,78255,35,4,,0,7,,78260,35,4,,0,15,,78233,35,4,,0,55,,78254,35,4,,0,20,,78240,35,4,,0,19,,78276,35,4,,0,55,,78263,35,4,,0,16,,78264,35,4,,0,24,,78275,35,4,,0,12,,78253,35,4,,0,53,,78234,35,4,,0,18,,78241,35,4,,0,15,,78256,35,4,,0,65,,78238,35,4,,0,30,,78243,35,4,,0,70,,78239,35,4,,0,30,,78271,35,4,,0,70,,78245,35,4,,0,32,,78267,35,4,,0,70,,78277,35,4,,0,30,,78274,35,4,,0,70,,78246,35,4,,0,28,,78268,35,4,,0,69,,78252,35,4,,0,29,,78251,35,4,,0,70,,78235,35,4,,0,26,,78270,35,4,,0,5,,78248,35,4,,0,15,,78265,35,4,,0,55,,78278,35,4,,0,19,,78261,35,4,,0,18,,78237,35,4,,0,62,,78244,35,4,,0,12,,78247,35,4,,0,16,,78259,35,4,,0,4,,78262,35,4,,0,21,,78257,35,4,,0,58,,78273,35,4,,0,10,,78242,35,4,,0,17,,78236,35,4,,0,12,,78272,35,4,,0,57,,78266,35,4,,0,31,,78258,35,4,,0
667200,'2_merged_15291797',601,,78298,23,4,,0,31,,78289,23,4,,0,70,,78288,23,4,,0,30,,78301,35,4,,0,71,,78287,35,4,,0,31,,78299,35,4,,0,70,,78285,35,4,,0,30,,78297,35,4,,0,71,,78293,35,4,,0,30,,78290,35,4,,0,71,,78294,35,4,,0,30,,78280,35,4,,0,70,,78302,35,4,,0,31,,78303,35,4,,0,71,,78304,35,4,,0,28,,78305,35,4,,0,70,,78306,35,4,,0,29,,78307,35,4,,0,20,,78283,35,4,,0,60,,78300,35,4,,0,21,,78282,35,4,,0,19,,78308,35,4,,0,61,,78309,35,4,,0,20,,78310,35,4,,0,21,,78311,35,4,,0,60,,78284,35,4,,0,20,,78281,35,4,,0,20,,78286,35,4,,0,61,,78295,35,4,,0,19,,78314,35,4,,0,20,,78291,35,4,,0,58,,78313,35,4,,0,28,,78296,35,4,,0,70,,78292,35,4,,0,33,,78312,35,4,,0
667200,'3_merged_15291796',734,,78333,23,4,,0,70,,78327,35,4,,0,30,,78320,35,4,,0,71,,78318,35,4,,0,31,,78323,35,4,,0,70,,78322,35,4,,0,31,,78337,35,4,,0,70,,78326,35,4,,0,30,,78325,35,4,,0,71,,78334,35,4,,0,30,,78332,35,4,,0,70,,78331,35,4,,0,30,,78324,35,4,,0,72,,78329,35,4,,0,30,,78315,35,4,,0,70,,78321,35,4,,0,31,,78340,35,4,,0,70,,78339,35,4,,0,29,,78330,35,4,,0,69,,78328,35,4,,0,30,,78317,35,4,,0,69,,78336,35,4,,0,30,,78319,35,4,,0,73,,78335,35,4,,0,27,,78316,35,4,,0,68,,78338,35,4,,0,30,,78341,35,4,,0
667201,'101_merged_15291802',1537,,78342,1,,,0
667201,'1_merged_15291795',524,,78363,1,,,0,31,,78354,1,,,0,57,,78362,1,,,0,15,,78349,1,,,0,15,,78359,1,,,0,9,,78386,1,,,0,49,,78382,1,,,0,9,,78378,1,,,0,13,,78375,1,,,0,11,,78380,1,,,0,12,,78381,1,,,0,13,,78377,1,,,0,55,,78347,1,,,0,16,,78345,1,,,0,12,,78374,1,,,0,11,,78344,1,,,0,56,,78372,1,,,0,20,,78351,1,,,0,26,,78346,1,,,0,70,,78348,1,,,0,30,,78368,1,,,0,69,,78376,1,,,0,29,,78371,1,,,0,69,,78358,1,,,0,26,,78357,1,,,0,78,,78356,1,,,0,26,,78350,1,,,0,68,,78355,1,,,0,32,,78352,1,,,0,67,,78385,1,,,0,10,,78384,1,,,0,72,,78383,1,,,0,15,,78364,1,,,0,22,,78370,1,,,0,12,,78369,1,,,0,60,,78373,1,,,0,18,,78361,1,,,0,15,,78367,1,,,0,16,,78366,1,,,0,55,,78365,1,,,0,19,,78360,1,,,0,20,,78353,1,0,11 12,0,52,,78379,1,,,0
667201,'2_merged_15291797',627,,78397,1,,,0,30,,78396,1,,,0,70,,78391,1,,,0,29,,78394,1,,,0,70,,78389,1,,,0,30,,78400,1,,,0,70,,78387,1,,,0,28,,78404,1,,,0,69,,78403,1,,,0,29,,78399,1,,,0,68,,78410,1,,,0,32,,78398,1,,,0,70,,78409,1,,,0,32,,78402,1,,,0,69,,78393,1,,,0,20,,78408,1,,,0,60,,78414,1,,,0,21,,78415,1,,,0,21,,78416,1,,,0,60,,78390,1,,,0,20,,78407,1,,,0,22,,78401,1,,,0,59,,78411,1,,,0,18,,78412,1,,,0,21,,78413,1,,,0,61,,78406,1,,,0,18,,78388,1,,,0,23,,78417,1,,,0,60,,78395,1,,,0,20,,78418,1,,,0,21,,78405,1,,,0,57,,78419,1,,,0
667201,'3_merged_15291796',657,,78445,1,,,0,70,,78444,1,,,0,30,,78425,1,,,0,69,,78427,1,,,0,29,,78438,1,,,0,69,,78428,1,,,0,30,,78434,1,,,0,69,,78430,1,,,0,31,,78437,1,,,0,68,,78432,1,,,0,30,,78423,1,,,0,70,,78433,1,,,0,30,,78441,1,,,0,70,,78431,1,,,0,31,,78426,1,,,0,70,,78422,1,,,0,30,,78440,1,,,0,70,,78439,1,,,0,31,,78435,1,,,0,69,,78443,1,,,0,31,,78436,1,,,0,70,,78424,1,,,0,31,,78429,1,,,0,70,,78442,1,,,0,30,,78420,1,,,0
667600,'1_merged_15291795',502,,79096,22,4,,0,37,,79136,22,4,,0,61,,79103,30,4,,0,22,,79097,22,4,,0,17,,79104,30,4,,0,14,,79105,30,4,,0,52,,79126,30,4,,0,17,,79121,30,4,,0,17,,79106,30,4,,0,14,,79102,30,4,,0,56,,79084,30,4,,0,19,,79091,30,4,,0,21,,79107,30,4,,0,73,,79118,30,4,,0,26,,79113,30,4,,0,69,,79115,30,4,,0,29,,79134,30,4,,0,70,,79133,30,4,,0,29,,79114,30,4,,0,68,,79132,30,4,,0,28,,79135,30,4,,0,72,,79098,30,4,,0,31,,79128,30,4,,0,71,,79112,30,4,,0,30,,79117,30,4,,0,70,,79090,30,4,,0,30,,79116,30,4,,0,57,,79137,30,4,,0,17,,79092,30,4,,0,10,,79138,30,4,,0,15,,79086,30,4,,0,58,,79087,30,4,,0,18,,79094,30,4,,0,19,,79100,30,4,,0,11,,79101,30,4,,0,51,,79110,30,4,,0,18,,79089,30,4,,0,10,,79131,30,4,,0,18,,79108,30,4,,0,11,,79124,30,4,,0,58,,79119,30,4,,0,13,,79130,30,4,,0,29,,79111,30,4,,0,70,,79109,30,4,,0,31,,79127,30,4,,0,70,,79088,30,4,,0,30,,79125,30,4,,0,68,,79120,30,4,,0,75,,79099,30,4,,0,26,,79093,30,4,,0,28,,79129,30,4,,0,67,,79085,30,4,,0,30,,79095,30,4,,0,71,,79123,30,4,,0,35,,79122,30,4,,0
667600,'2_merged_15291797',522,,79169,16,4,,0,30,,79139,16,4,,0,71,,79170,30,4,,0,31,,79142,30,4,,0,70,,79179,30,4,,0,31,,79152,30,4,,0,70,,79174,30,4,,0,31,,79163,30,4,,0,76,,79162,30,4,,0,82,,79148,30,4,,0,31,,79171,30,4,,0,72,,79147,30,4,,0,30,,79175,30,4,,0,70,,79180,30,4,,0,30,,79173,30,4,,0,70,,79154,30,4,,0,31,,79141,30,4,,0,70,,79178,30,4,,0,32,,79159,30,4,,0,67,,79144,30,4,,0,30,,79160,30,4,,0,70,,79151,30,4,,0,30,,79161,30,4,,0,70,,79145,30,4,,0,30,,79150,30,4,,0,70,,79146,30,4,,0,29,,79164,30,4,,0,68,,79176,30,4,,0,15,,79165,30,4,,0,29,,79177,30,4,,0,71,,79143,30,4,,0,30,,79140,30,4,,0,70,,79149,30,4,,0,30,,79156,30,4,,0,69,,79158,30,4,,0,30,,79157,30,4,,0,69,,79166,30,4,,0,30,,79172,30,4,,0,69,,79167,30,4,,0,31,,79155,30,4,,0,69,,79168,30,4,,0,32,,79153,30,4,,0
667600,'3_merged_15291796',656,,79181,16,4,,0,99,,79194,30,4,,0,100,,79193,30,4,,0,69,,79212,30,4,,0,29,,79211,30,4,,0,71,,79213,30,4,,0,31,,79206,30,4,,0,71,,79183,30,4,,0,30,,79182,30,4,,0,72,,79210,30,4,,0,31,,79209,30,4,,0,70,,79195,30,4,,0,30,,79189,30,4,,0,71,,79201,30,4,,0,72,,79202,30,4,,0,30,,79203,30,4,,0,69,,79204,30,4,,0,30,,79187,30,4,,0,27,,79190,30,4,,0,71,,79207,30,4,,0,29,,79185,30,4,,0,70,,79198,30,4,,0,29,,79208,30,4,,0,71,,79186,30,4,,0,73,,79197,30,4,,0,26,,79191,30,4,,0,30,,79200,30,4,,0,69,,79188,30,4,,0,29,,79184,30,4,,0,70,,79192,30,4,,0,30,,79199,30,4,,0,69,,79205,30,4,,0,76,,79196,30,4,,0
667601,'101_merged_15291802',758,,79214,1,,,0,783,,79215,1,,,0
667601,'1_merged_15291795',511,,79222,1,,,0,40,,79256,1,,,0,54,,79224,1,,,0,26,,79235,1,,,0,17,,79251,1,,,0,52,,79217,1,,,0,10,,79226,1,,,0,17,,79244,1,,,0,18,,79230,1,,,0,70,,79258,1,,,0,18,,79264,1,,,0,21,,79225,1,,,0,61,,79257,1,,,0,29,,79259,1,,,0,70,,79228,1,,,0,30,,79252,1,,,0,70,,79218,1,,,0,28,,79219,1,,,0,72,,79240,1,,,0,32,,79253,1,,,0,68,,79239,1,,,0,30,,79262,1,,,0,69,,79234,1,,,0,30,,79246,1,,,0,71,,79247,1,,,0,40,,79269,1,,,0,61,,79249,1,,,0,10,,79233,1,,,0,19,,79223,1,,,0,11,,79238,1,,,0,58,,79261,1,,,0,12,,79232,1,,,0,19,,79263,1,,,0,13,,79227,1,,,0,59,,79245,1,,,0,15,,79236,1,,,0,15,,79248,1,,,0,57,,79255,1,,,0,18,,79250,1,,,0,13,,79254,1,,,0,69,,79229,1,,,0,31,,79242,1,,,0,71,,79260,1,,,0,30,,79231,1,,,0,70,,79241,1,,,0,30,,79243,1,,,0,72,,79237,1,,,0,29,,79220,1,,,0,73,,79221,1,,,0,28,,79265,1,,,0,71,,79266,1,,,0,21,,79267,1,0,54 15,0,75,,79268,1,0,54 15,0
667601,'2_merged_15291797',537,,79280,1,,,0,69,,79301,1,,,0,29,,79271,1,,,0,70,,79305,1,,,0,30,,79303,1,,,0,69,,79304,1,,,0,30,,79274,1,,,0,68,,79270,1,,,0,28,,79309,1,,,0,29,,79295,1,,,0,69,,79277,1,,,0,30,,79285,1,,,0,70,,79278,1,,,0,29,,79279,1,,,0,70,,79272,1,,,0,31,,79283,1,,,0,69,,79273,1,,,0,30,,79293,1,,,0,70,,79307,1,,,0,30,,79287,1,,,0,70,,79306,1,,,0,30,,79288,1,,,0,71,,79308,1,,,0,30,,79297,1,,,0,69,,79275,1,,,0,73,,79281,1,,,0,30,,79289,1,,,0,70,,79290,1,,,0,30,,79294,1,,,0,70,,79286,1,,,0,30,,79282,1,,,0,70,,79292,1,,,0,30,,79284,1,,,0,74,,79302,1,,,0,29,,79300,1,,,0,70,,79298,1,,,0,30,,79296,1,,,0,71,,79299,1,,,0,30,,79291,1,,,0,73,,79276,1,,,0
667601,'3_merged_15291796',703,,79330,1,,,0,100,,79314,1,,,0,99,,79321,1,,,0,28,,79341,1,,,0,71,,79325,1,,,0,30,,79342,1,,,0,28,,79329,1,,,0,72,,79322,1,,,0,69,,79332,1,,,0,29,,79317,1,,,0,30,,79327,1,,,0,71,,79331,1,,,0,71,,79333,1,,,0,28,,79319,1,,,0,72,,79340,1,,,0,30,,79338,1,,,0,70,,79310,1,,,0,30,,79337,1,,,0,70,,79315,1,,,0,30,,79312,1,,,0,71,,79311,1,,,0,31,,79335,1,,,0,71,,79334,1,,,0,30,,79328,1,,,0,72,,79326,1,,,0,30,,79324,1,,,0,70,,79336,1,,,0,30,,79323,1,,,0,69,,79316,1,,,0,28,,79339,1,,,0,72,,79318,1,,,0,30,,79320,1,0,54 15,0,70,,79313,1,0,54 15,0
1671700,'1_merged_15291795',2115,,99439,45,4,,0,27,,99438,45,4,,0,66,,99437,45,4,,0,29,,99436,45,4,,0,70,,99435,45,4,,0,29,,99434,45,4,,0,70,,99433,45,4,,0,29,,99432,45,4,,0,70,,99430,45,4,,0,27,,99431,45,4,,0
1671700,'2_merged_15291797',2106,,99448,45,4,,0,29,,99447,45,4,,0,71,,99446,45,4,,0,31,,99445,45,4,,0,70,,99444,45,4,,0,28,,99440,45,4,,0,70,,99443,45,4,,0,32,,99442,45,4,,0,97,,99441,45,4,,0
1671700,'3_merged_15291796',2110,,99456,45,4,,0,30,,99455,45,4,,0,68,,99454,45,4,,0,30,,99453,45,4,,0,71,,99452,45,4,,0,28,,99451,45,4,,0,70,,99450,45,4,,0,24,,99449,45,4,,0,70,,99458,45,4,,0,29,,99457,45,4,,0
1671701,'1_merged_15291795',1931,,99461,1,,,0,69,,99460,1,,,0,26,,99459,1,,,0,30,,99472,1,,,0,70,,99471,1,,,0,31,,99470,1,,,0,69,,99469,1,,,0,27,,99468,1,,,0,74,,99467,1,,,0,31,,99466,1,,,0,71,,99462,1,0,11 12,0,11,,99465,1,0,11 12,0,99,,99464,1,0,11 12,0
1671701,'2_merged_15291797',1924,,99475,1,,,0,29,,99474,1,,,0,69,,99473,1,,,0,29,,99485,1,,,0,71,,99484,1,,,0,32,,99483,1,,,0,70,,99482,1,,,0,31,,99481,1,,,0,70,,99480,1,,,0,30,,99479,1,,,0,60,,99486,1,0,11 12,0,28,,99478,1,0,11 12,0,99,,99477,1,0,11 12,0
1671701,'3_merged_15291796',1926,,99487,1,,,0,30,,99500,1,,,0,70,,99499,1,,,0,30,,99498,1,,,0,70,,99497,1,,,0,30,,99496,1,,,0,68,,99495,1,,,0,31,,99494,1,,,0,70,,99493,1,,,0,29,,99492,1,,,0,70,,99491,1,0,11 12,0,20,,99490,1,0,11 12,0,93,,99489,1,,,0
