674100,'101_merged_15529685',1527,,91250,30,,,0
674100,'1_merged_15529678',435,,91251,30,,,0,70,,91252,30,,,0,27,,91253,30,,,0,17,,91254,30,,,0,55,,91255,30,,,0,19,,91256,30,,,0,9,,91258,13,,,0,9,,91259,13,,,0,11,,91261,13,,,0,62,,91263,27,,,0,20,,91265,13,,,0,11,,91266,27,,,0,66,,91268,30,,,0,14,,91269,30,,,0,15,,91270,27,,,0,13,,91271,30,,,0,55,,91272,30,,,0,13,,91273,13,,,0,16,,91274,30,,,0,16,,91275,30,,,0,55,,91276,30,,,0,19,,91277,30,,,0,29,,91278,30,,,0,68,,91279,30,,,0,20,,91320,30,,,0,60,,91280,30,,,0,20,,91281,30,,,0,20,,91318,30,,,0,60,,91282,30,,,0,20,,91317,30,,,0,19,,91283,30,,,0,61,,91319,30,,,0,20,,91284,30,,,0,18,,91285,30,,,0,12,,91286,30,,,0,55,,91287,30,,,0,13,,91288,30,,,0,16,,91289,30,,,0,15,,91290,30,,,0,55,,91291,30,,,0,15,,91292,30,,,0,15,,91293,30,,,0,15,,91294,30,,,0,55,,91295,30,,,0,16,,91296,30,,,0,15,,91297,30,,,0,15,,91298,27,,,0,55,,91299,30,,,0,16,,91300,30,,,0,21,,91301,27,,,0,61,,91302,30,,,0,19,,91303,30,,,0,19,,91304,30,,,0,59,,91305,30,,,0,20,,91306,30,,,0,20,,91307,30,,,0,60,,91308,30,,,0,27,,91309,30,,,0,71,,91310,30,,,0,30,,91311,30,,,0,70,,91312,30,,,0,30,,91313,30,,,0,100,,91314,30,,,0,92,,91315,30,,,0
674100,'2_merged_15529680',438,,91366,30,,,0,104,,91365,30,,,0,105,,91364,30,,,0,70,,91363,30,,,0,22,,91371,30,,,0,62,,91362,30,,,0,22,,91360,30,,,0,20,,91372,30,,,0,61,,91359,30,,,0,21,,91358,30,,,0,20,,91373,30,,,0,61,,91357,30,,,0,20,,91361,30,,,0,22,,91374,30,,,0,61,,91356,30,,,0,21,,91355,30,,,0,20,,91327,30,,,0,60,,91354,30,,,0,20,,91353,30,,,0,20,,91326,30,,,0,60,,91352,30,,,0,20,,91351,30,,,0,20,,91325,30,,,0,60,,91350,30,,,0,20,,91349,30,,,0,20,,91324,30,,,0,62,,91336,30,,,0,21,,91335,30,,,0,20,,91323,30,,,0,57,,91348,30,,,0,16,,91367,30,,,0,15,,91347,30,,,0,15,,91322,30,,,0,55,,91346,30,,,0,15,,91368,30,,,0,15,,91345,30,,,0,15,,91321,30,,,0,55,,91328,30,,,0,15,,91369,30,,,0,15,,91344,30,,,0,60,,91343,30,,,0,20,,91342,30,,,0,20,,91370,30,,,0,60,,91341,30,,,0,20,,91340,30,,,0,32,,91339,30,,,0,68,,91338,30,,,0,30,,91330,30,,,0,70,,91337,30,,,0,30,,91329,30,,,0,78,,91334,30,,,0,97,,91333,30,,,0,108,,91332,30,,,0,123,,91331,30,,,0
674100,'3_merged_15529679',439,,91420,30,,,0,104,,91419,30,,,0,104,,91418,30,,,0,72,,91417,30,,,0,31,,91416,30,,,0,70,,91414,30,,,0,20,,91426,30,,,0,61,,91413,30,,,0,20,,91412,30,,,0,20,,91427,30,,,0,59,,91411,30,,,0,22,,91415,30,,,0,20,,91428,30,,,0,61,,91410,30,,,0,21,,91409,30,,,0,19,,91429,30,,,0,12,,91381,30,,,0,60,,91408,30,,,0,20,,91407,30,,,0,20,,91380,30,,,0,60,,91406,30,,,0,20,,91405,30,,,0,20,,91379,30,,,0,60,,91404,30,,,0,20,,91403,30,,,0,21,,91378,30,,,0,60,,91390,30,,,0,20,,91389,30,,,0,20,,91377,30,,,0,57,,91402,30,,,0,14,,91421,30,,,0,14,,91401,30,,,0,16,,91376,30,,,0,55,,91400,30,,,0,14,,91422,30,,,0,15,,91399,30,,,0,15,,91375,30,,,0,55,,91382,30,,,0,14,,91423,30,,,0,15,,91398,30,,,0,15,,91397,30,,,0,55,,91424,30,,,0,15,,91396,30,,,0,16,,91425,30,,,0,59,,91395,30,,,0,20,,91394,30,,,0,32,,91393,30,,,0,69,,91392,30,,,0,30,,91384,30,,,0,70,,91391,30,,,0,30,,91383,30,,,0,75,,91388,30,,,0,100,,91387,30,,,0,106,,91386,30,,,0,123,,91385,30,,,0
674501,'101_merged_15529685',1452,,91667,7,0,91 92,0
674501,'1_merged_15529678',1643,,91668,7,0,91 92,0,81,,91669,7,0,91 92,0,29,,91670,7,0,91 92,0,73,,91671,7,0,91 92,0,77,,91672,7,0,91 92,0
682301,'1_merged_15529678',748,,96322,7,,,0,70,,96306,7,,,0,30,,96307,7,,,0,70,,96308,7,,,0,29,,96309,7,,,0,70,,96310,7,,,0,30,,96311,7,,,0,70,,96312,7,,,0,30,,96313,7,,,0,70,,96315,7,,,0,31,,96316,7,,,0,70,,96317,7,,,0,25,,96318,7,,,0,70,,96319,7,,,0,45,,96314,7,,,0,65,,96320,7,,,0,25,,96302,7,,,0,70,,96321,7,,,0,30,,96323,7,,,0,70,,96324,7,,,0,29,,96304,7,,,0,70,,96303,7,,,0,30,,96305,7,,,0
682301,'2_merged_15529680',847,,96345,7,,,0,71,,96344,7,,,0,30,,96343,7,,,0,69,,96342,7,,,0,30,,96341,7,,,0,70,,96340,7,,,0,30,,96339,7,,,0,70,,96325,7,,,0,30,,96338,7,,,0,70,,96337,7,,,0,31,,96336,7,,,0,69,,96335,7,,,0,30,,96334,7,,,0,70,,96333,7,,,0,30,,96332,7,,,0,71,,96331,7,,,0,30,,96330,7,,,0,70,,96328,7,,,0,30,,96329,7,,,0,70,,96327,7,,,0,30,,96326,7,,,0
682301,'3_merged_15529679',848,,96346,7,,,0,80,,96347,7,,,0,79,,96348,7,,,0,40,,96349,7,,,0,80,,96350,7,,,0,80,,96351,7,,,0,41,,96352,7,,,0,80,,96353,7,,,0,79,,96354,7,,,0,40,,96355,7,,,0,80,,96356,7,,,0,80,,96357,7,,,0,40,,96358,7,,,0,80,,96359,7,,,0,80,,96360,7,,,0,40,,96361,7,,,0
1169600,'1_merged_15529678',600,,98939,31,,,0,29,,98940,31,,,0,30,,98941,31,,,0,72,,98942,31,,,0,72,,98943,31,,,0,30,,98944,31,,,0,71,,98945,31,,,0,30,,98946,31,,,0,68,,98965,31,,,0,32,,98947,31,,,0,70,,98966,31,,,0,30,,98948,31,,,0,70,,98967,31,,,0,30,,98949,31,,,0,70,,98968,31,,,0,30,,98950,31,,,0,70,,98969,31,,,0,30,,98951,31,,,0,70,,98970,31,,,0,32,,98952,31,,,0,70,,98971,31,,,0,30,,98953,31,,,0,68,,98954,31,,,0,27,,98955,31,,,0,70,,98956,31,,,0,30,,98957,31,,,0,70,,98958,31,,,0,30,,98959,31,,,0,70,,98972,31,,,0,20,,98960,31,,,0,79,,98973,31,,,0,30,,98961,31,,,0,70,,98974,31,,,0,30,,98962,31,,,0,70,,98975,31,,,0,30,,98963,31,,,0,70,,98976,31,,,0,30,,98964,31,,,0
1169600,'2_merged_15529680',722,,98977,31,,,0,29,,99004,31,,,0,70,,98978,31,,,0,35,,98979,31,,,0,67,,98980,31,,,0,30,,99003,31,,,0,71,,98981,31,,,0,30,,98982,31,,,0,70,,98983,31,,,0,31,,98984,31,,,0,70,,98985,31,,,0,30,,98986,31,,,0,70,,98987,31,,,0,30,,98988,31,,,0,70,,98989,31,,,0,29,,98990,31,,,0,72,,98991,31,,,0,31,,98992,31,,,0,69,,98993,31,,,0,29,,98994,31,,,0,69,,98995,31,,,0,29,,98996,31,,,0,70,,98997,31,,,0,30,,98998,31,,,0,70,,99005,31,,,0,30,,98999,31,,,0,68,,99000,31,,,0,30,,99006,31,,,0,70,,99001,31,,,0,30,,99007,31,,,0,70,,99002,31,,,0
1169600,'3_merged_15529679',755,,99031,31,,,0,70,,99008,31,,,0,32,,99009,31,,,0,70,,99032,31,,,0,29,,99010,31,,,0,71,,99011,31,,,0,25,,99012,31,,,0,70,,99013,31,,,0,31,,99014,31,,,0,70,,99015,31,,,0,30,,99016,31,,,0,70,,99017,31,,,0,30,,99018,31,,,0,70,,99019,31,,,0,30,,99020,31,,,0,70,,99021,31,,,0,30,,99022,31,,,0,70,,99023,31,,,0,29,,99024,31,,,0,70,,99025,31,,,0,29,,99026,31,,,0,70,,99027,31,,,0,30,,99033,31,,,0,70,,99028,31,,,0,30,,99034,31,,,0,70,,99029,31,,,0,30,,99035,31,,,0,70,,99030,31,,,0
