674901,'101_merged_15529685',1501,,92491,10,0,58 59,0,16,,92489,10,,,0
674901,'1_merged_15529678',448,,92533,10,,,0,68,,92534,10,,,0,30,,92492,10,,,0,71,,92537,10,,,0,11,,92538,10,,,0,19,,92539,10,,,0,8,,92499,10,,,0,58,,92540,10,,,0,11,,92541,10,,,0,19,,92542,10,,,0,57,,92543,10,,,0,33,,92545,10,,,0,15,,92546,10,,,0,68,,92500,10,,,0,30,,92549,10,,,0,70,,92551,10,,,0,30,,92553,10,,,0,65,,92555,10,,,0,33,,92557,10,,,0,70,,92559,10,,,0,30,,92561,10,,,0,71,,92563,10,,,0,30,,92565,10,,,0,69,,92522,10,,,0,19,,92498,10,,,0,23,,92523,10,,,0,67,,92524,10,,,0,18,,92525,10,,,0,12,,92527,10,,,0,59,,92528,10,,,0,15,,92529,10,,,0,15,,92530,10,,,0,58,,92531,10,,,0,14,,92494,10,,,0,13,,92497,10,,,0,13,,92519,10,,,0,15,,92506,10,,,0,55,,92507,10,,,0,18,,92508,10,,,0,12,,92509,10,,,0,15,,92510,10,,,0,55,,92511,10,,,0,15,,92501,10,,,0,17,,92493,10,,,0,14,,92505,10,,,0,55,,92512,10,,,0,30,,92513,10,,,0,70,,92514,10,,,0,33,,92495,10,,,0,63,,92520,10,,,0,40,,92516,10,,,0,65,,92517,10,,,0,30,,92496,10,,,0,70,,92518,10,,,0,30,,92502,10,,,0,70,,92566,10,,,0
674901,'2_merged_15529680',520,,92567,10,,,0,95,,92569,10,,,0,86,,92571,10,,,0,27,,92573,10,,,0,30,,92575,10,,,0,70,,92577,10,,,0,30,,92579,10,,,0,70,,92581,10,,,0,30,,92583,10,,,0,69,,92585,10,,,0,30,,92587,10,,,0,67,,92589,10,,,0,34,,92591,10,,,0,70,,92593,10,,,0,30,,92595,10,,,0,70,,92597,10,,,0,30,,92599,10,,,0,70,,92601,10,,,0,30,,92603,10,,,0,70,,92605,10,,,0,30,,92607,10,,,0,75,,92609,10,,,0,70,,92611,10,,,0,30,,92613,10,,,0,70,,92615,10,,,0,30,,92617,10,,,0,70,,92619,10,,,0,15,,92620,10,,,0,15,,92621,10,,,0,15,,92622,10,,,0,63,,92623,10,,,0,31,,92624,10,,,0,70,,92625,10,,,0,30,,92626,10,,,0,70,,92627,10,,,0,30,,92628,10,,,0,70,,92629,10,,,0,30,,92630,10,,,0,70,,92631,10,,,0,30,,92632,10,,,0,68,,92633,10,,,0
674901,'3_merged_15529679',714,,92658,10,,,0,29,,92657,10,,,0,70,,92655,10,,,0,30,,92691,10,,,0,70,,92689,10,,,0,30,,92687,10,,,0,71,,92685,10,,,0,31,,92641,10,,,0,69,,92683,10,,,0,30,,92681,10,,,0,70,,92679,10,,,0,30,,92677,10,,,0,69,,92675,10,,,0,30,,92673,10,,,0,70,,92653,10,,,0,22,,92651,10,,,0,78,,92649,10,,,0,30,,92647,10,,,0,70,,92645,10,,,0,30,,92666,10,,,0,69,,92664,10,,,0,31,,92662,10,,,0,70,,92660,10,,,0,30,,92640,10,,,0,72,,92638,10,,,0,29,,92637,10,,,0,73,,92634,10,,,0,35,,92695,10,,,0,70,,92672,10,,,0,30,,92694,10,,,0,71,,92693,10,,,0,30,,92668,10,,,0,72,,92669,10,,,0,32,,92670,10,,,0,67,,92697,10,,,0,29,,92671,10,,,0
680501,'1_merged_15529678',654,,94042,10,,,0,102,,94046,38,,,0,199,,94045,38,,,0,199,,94044,38,,,0,204,,94041,33,,,0,269,,94043,33,,,0,176,,94040,33,,,0,154,,94039,33,,,0
680501,'2_merged_15529680',950,,94048,38,,,0,202,,94047,38,,,0,204,,94049,33,,,0,196,,94050,33,,,0,198,,94051,33,,,0,200,,94052,33,,,0
828901,'101_merged_15529685',1505,,97863,15,,,0,5,,97864,15,,,0
3182101,'101_merged_15529685',804,,107248,14,0,58 59,0,703,,107246,14,0,58 59,0,31,,107247,14,0,58 59,0
3182101,'1_merged_15529678',528,,107249,14,,,0,30,,107273,14,,,0,70,,107272,14,,,0,30,,107271,14,,,0,70,,107270,14,,,0,23,,107269,14,0,58 59,0,76,,107268,14,0,58 59,0,87,,107267,14,0,58 59,0,45,,107266,14,0,58 59,0,85,,107265,14,0,58 59,0,90,,107264,14,0,58 59,0,84,,107263,14,0,58 59,0,85,,107262,14,0,58 59,0,46,,107261,14,0,58 59,0,87,,107260,14,0,58 59,0,79,,107259,14,0,58 59,0,36,,107274,14,0,58 59,0,51,,107258,14,0,58 59,0,41,,107257,14,0,58 59,0,76,,107256,14,0,58 59,0,29,,107255,14,0,58 59,0,70,,107254,14,0,58 59,0,40,,107253,14,0,58 59,0,89,,107252,14,0,58 59,0,82,,107251,14,0,58 59,0,86,,107250,14,0,58 59,0
3182101,'2_merged_15529680',719,,107294,14,0,58 59,0,87,,107293,14,0,58 59,0,45,,107292,14,0,58 59,0,85,,107291,14,0,58 59,0,85,,107290,14,0,58 59,0,86,,107289,14,0,58 59,0,45,,107288,14,0,58 59,0,85,,107287,14,0,58 59,0,85,,107286,14,0,58 59,0,85,,107285,14,0,58 59,0,44,,107284,14,0,58 59,0,85,,107283,14,0,58 59,0,85,,107282,14,0,58 59,0,85,,107281,14,0,58 59,0,45,,107280,14,0,58 59,0,85,,107279,14,0,58 59,0,85,,107278,14,0,58 59,0,85,,107277,14,0,58 59,0,45,,107276,14,0,58 59,0,85,,107275,14,0,58 59,0
3182101,'3_merged_15529679',809,,107295,14,0,58 59,0,47,,107313,14,0,58 59,0,85,,107312,14,0,58 59,0,86,,107311,14,0,58 59,0,85,,107310,14,0,58 59,0,44,,107309,14,0,58 59,0,86,,107308,14,0,58 59,0,85,,107307,14,0,58 59,0,85,,107306,14,0,58 59,0,45,,107305,14,0,58 59,0,85,,107304,14,0,58 59,0,85,,107303,14,0,58 59,0,85,,107302,14,0,58 59,0,45,,107301,14,0,58 59,0,85,,107300,14,0,58 59,0,85,,107299,14,0,58 59,0,83,,107298,14,0,58 59,0,45,,107297,14,0,58 59,0,85,,107296,14,0,58 59,0
