665201,'1_merged_15524958',529,,74690,20,,,0,77,,74689,20,,,0,28,,74682,20,,,0,68,,74681,20,,,0,32,,74683,20,,,0,70,,74708,20,,,0,31,,74701,20,,,0,73,,74702,20,,,0,28,,74704,20,,,0,70,,74705,20,,,0,27,,74706,20,,,0,70,,74687,20,,,0,30,,74694,20,,,0,70,,74695,20,,,0,30,,74685,20,,,0,70,,74680,20,,,0,31,,74700,20,,,0,70,,74703,20,,,0,33,,74677,20,,,0,72,,74678,20,,,0,30,,74684,20,,,0,72,,74688,20,,,0,30,,74696,20,,,0,71,,74697,20,,,0,30,,74676,20,,,0,67,,74686,20,,,0,31,,74699,20,,,0,67,,74693,20,,,0,26,,74698,20,,,0,69,,74707,20,,,0,29,,74679,20,,,0,69,,74692,20,,,0,30,,74691,20,,,0,99,,74709,20,,,0,101,,74710,20,,,0,100,,74711,20,,,0
665201,'2_merged_15524960',613,,74746,12,,,0,35,,74717,20,,,0,70,,74736,20,,,0,30,,74724,20,,,0,69,,74719,20,,,0,30,,74739,20,,,0,68,,74738,20,,,0,30,,74722,20,,,0,70,,74737,20,,,0,29,,74730,20,,,0,70,,74725,20,,,0,30,,74726,20,,,0,70,,74712,20,,,0,30,,74729,20,,,0,70,,74744,20,,,0,30,,74718,20,,,0,70,,74716,20,,,0,30,,74715,20,,,0,70,,74714,20,,,0,30,,74723,20,,,0,70,,74735,20,,,0,30,,74734,20,,,0,70,,74733,20,,,0,31,,74732,20,,,0,70,,74731,20,,,0,30,,74727,20,,,0,71,,74713,20,,,0,31,,74740,20,,,0,70,,74728,20,,,0,30,,74745,20,,,0,70,,74721,20,,,0,30,,74720,20,,,0,91,,74743,20,,,0,80,,74742,20,,,0,99,,74741,20,,,0
665201,'3_merged_15524959',717,,74756,12,,,0,29,,74759,20,,,0,70,,74769,20,,,0,30,,74768,20,,,0,69,,74767,20,,,0,30,,74747,20,,,0,70,,74748,20,,,0,30,,74779,20,,,0,70,,74778,20,,,0,30,,74777,20,,,0,69,,74776,20,,,0,30,,74775,20,,,0,70,,74763,20,,,0,30,,74749,20,,,0,70,,74770,20,,,0,30,,74760,20,,,0,70,,74753,20,,,0,30,,74752,20,,,0,70,,74751,20,,,0,30,,74757,20,,,0,70,,74765,20,,,0,30,,74764,20,,,0,71,,74772,20,,,0,31,,74773,20,,,0,71,,74771,20,,,0,29,,74750,20,,,0,70,,74761,20,,,0,30,,74766,20,,,0,70,,74755,20,,,0,30,,74754,20,,,0,70,,74762,20,,,0,106,,74774,20,,,0,96,,74758,20,,,0
666701,'101_merged_15524965',903,,77795,43,,,0
666701,'1_merged_15524958',513,,77823,43,,,0,18,,77863,43,,,0,22,,77796,43,,,0,63,,77797,43,,,0,22,,77798,43,,,0,18,,77799,43,,,0,48,,77800,43,,,0,8,,77801,43,,,0,12,,77802,43,,,0,14,,77867,43,,,0,16,,77868,43,,,0,57,,77803,43,,,0,15,,77804,43,,,0,20,,77805,43,,,0,72,,77806,43,,,0,14,,77807,43,,,0,12,,77808,43,,,0,14,,77866,43,,,0,59,,77824,43,,,0,11,,77825,43,,,0,15,,77862,43,,,0,15,,77809,43,,,0,55,,77810,43,,,0,15,,77811,43,,,0,16,,77812,43,,,0,14,,77813,43,,,0,57,,77814,43,,,0,15,,77815,43,,,0,17,,77865,43,,,0,55,,77826,43,,,0,16,,77827,43,,,0,15,,77861,43,,,0,14,,77816,43,,,0,55,,77817,43,,,0,14,,77818,43,,,0,15,,77819,43,,,0,19,,77820,43,,,0,56,,77821,43,,,0,15,,77822,43,,,0,15,,77864,43,,,0,17,,77828,43,,,0,53,,77829,43,,,0,13,,77860,43,,,0,15,,77830,43,,,0,14,,77831,43,,,0,55,,77832,43,,,0,15,,77833,43,,,0,16,,77834,43,,,0,15,,77835,43,,,0,51,,77836,43,,,0,16,,77837,43,,,0,15,,77859,43,,,0,15,,77844,43,,,0,55,,77856,43,,,0,13,,77857,43,,,0,15,,77838,43,,,0,14,,77839,43,,,0,15,,77840,43,,,0,56,,77841,43,,,0,15,,77842,43,,,0,14,,77843,43,,,0,15,,77858,43,,,0,59,,77845,43,,,0,18,,77855,43,,,0,19,,77846,43,,,0,67,,77847,43,,,0,27,,77848,43,,,0,72,,77849,43,,,0,31,,77850,43,,,0,70,,77851,43,,,0,26,,77852,43,,,0,70,,77853,43,,,0,30,,77854,43,,,0
666701,'2_merged_15524960',625,,77877,43,,,0,29,,77878,43,,,0,60,,77895,43,,,0,21,,77896,43,,,0,19,,77892,43,,,0,55,,77897,43,,,0,16,,77898,43,,,0,14,,77899,43,,,0,16,,77900,43,,,0,55,,77901,43,,,0,11,,77869,43,,,0,10,,77902,43,,,0,14,,77903,43,,,0,14,,77904,43,,,0,53,,77905,43,,,0,16,,77906,43,,,0,21,,77907,43,,,0,55,,77908,43,,,0,15,,77909,43,,,0,16,,77910,43,,,0,16,,77912,43,,,0,55,,77913,43,,,0,15,,77914,43,,,0,17,,77911,43,,,0,12,,77915,43,,,0,54,,77891,43,,,0,13,,77916,43,,,0,16,,77917,43,,,0,14,,77918,43,,,0,55,,77920,43,,,0,15,,77921,43,,,0,15,,77922,43,,,0,19,,77923,43,,,0,55,,77924,43,,,0,17,,77925,43,,,0,15,,77926,43,,,0,16,,77927,43,,,0,55,,77928,43,,,0,13,,77929,43,,,0,15,,77930,43,,,0,16,,77931,43,,,0,55,,77932,43,,,0,13,,77933,43,,,0,15,,77934,43,,,0,14,,77935,43,,,0,55,,77870,43,,,0,14,,77871,43,,,0,22,,77872,43,,,0,14,,77873,43,,,0,49,,77894,43,,,0,14,,77874,43,,,0,15,,77875,43,,,0,15,,77893,43,,,0,54,,77876,43,,,0,17,,77880,43,,,0,19,,77879,43,,,0,17,,77881,43,,,0,62,,77882,43,,,0,30,,77919,43,,,0,73,,77883,43,,,0,31,,77884,43,,,0,75,,77885,43,,,0,26,,77886,43,,,0,69,,77887,43,,,0,32,,77888,43,,,0,70,,77889,43,,,0,25,,77890,43,,,0
666701,'3_merged_15524959',734,,77951,43,,,0,20,,77952,43,,,0,57,,77937,43,,,0,16,,77953,43,,,0,15,,77954,43,,,0,14,,77950,43,,,0,52,,77936,43,,,0,13,,77955,43,,,0,16,,77956,43,,,0,12,,77957,43,,,0,52,,77958,43,,,0,9,,77959,43,,,0,19,,77960,43,,,0,17,,77961,43,,,0,55,,77962,43,,,0,14,,77963,43,,,0,17,,77964,43,,,0,15,,77965,43,,,0,55,,77966,43,,,0,16,,77945,43,,,0,15,,77946,43,,,0,17,,77947,43,,,0,54,,77967,43,,,0,14,,77968,43,,,0,15,,77969,43,,,0,16,,77970,43,,,0,55,,77971,43,,,0,16,,77972,43,,,0,14,,77973,43,,,0,15,,77974,43,,,0,56,,77975,43,,,0,14,,77976,43,,,0,17,,77944,43,,,0,13,,77977,43,,,0,54,,77978,43,,,0,16,,77979,43,,,0,16,,77980,43,,,0,15,,77981,43,,,0,53,,77982,43,,,0,18,,77983,43,,,0,12,,77984,43,,,0,16,,77985,43,,,0,55,,77986,43,,,0,13,,77987,43,,,0,16,,77988,43,,,0,15,,77989,43,,,0,55,,77949,43,,,0,16,,77990,43,,,0,11,,77991,43,,,0,14,,77948,43,,,0,15,,77992,43,,,0,55,,77993,43,,,0,20,,77994,43,,,0,21,,77995,43,,,0,67,,77996,43,,,0,29,,77997,43,,,0,69,,77938,43,,,0,35,,77939,43,,,0,67,,77940,43,,,0,28,,77941,43,,,0,70,,77942,43,,,0,31,,77943,43,,,0
683801,'1_merged_15524958',2507,,97000,10,,,0,29,,96996,10,,,0,70,,96995,10,,,0,30,,96994,10,,,0,73,,96997,10,,,0,27,,96998,10,,,0,69,,96999,10,,,0,40,,96992,10,,,0,70,,96993,10,,,0
683801,'2_merged_15524960',2536,,97002,10,,,0,77,,97004,10,,,0,21,,97003,10,,,0,20,,97005,10,,,0,63,,97006,10,,,0,20,,97007,10,,,0,20,,97008,10,,,0,67,,97009,10,,,0,30,,97010,10,,,0,69,,97001,10,,,0
683801,'3_merged_15524959',2533,,97012,10,,,0,70,,97011,10,,,0,31,,97013,10,,,0,79,,97014,10,,,0,17,,97015,10,,,0,74,,97016,10,,,0,30,,97017,10,,,0,80,,97018,10,,,0
