674100,'1',440,,32811,,,0,70,,32812,,,0,27,,32813,,,0,17,,32814,,,0,55,,32815,,,0,19,,32816,,,0,2,,32817,,,0,9,,32818,,,0,7,,32819,,,0,6,,32820,,,0,5,,32821,,,0,50,,32822,,,0,12,,32823,,,0,11,,32824,,,0,10,,32825,,,0,10,,32826,,,0,51,,32827,,,0,15,,32828,,,0,14,,32829,,,0,15,,32830,,,0,13,,32831,,,0,55,,32832,,,0,14,,32833,,,0,16,,32834,,,0,15,,32835,,,0,55,,32836,,,0,15,,32837,,,0,30,,32838,,,0,72,,32839,,,0,20,,32880,,,0,60,,32840,,,0,21,,32841,,,0,20,,32878,,,0,60,,32842,,,0,20,,32877,,,0,19,,32843,,,0,61,,32879,,,0,20,,32844,,,0,18,,32845,,,0,52,,32846,,,0,15,,32847,,,0,13,,32848,,,0,16,,32849,,,0,13,,32850,,,0,55,,32851,,,0,15,,32852,,,0,15,,32853,,,0,15,,32854,,,0,55,,32855,,,0,15,,32856,,,0,15,,32857,,,0,57,,32858,,,0,15,,32859,,,0,16,,32860,,,0,21,,32861,,,0,61,,32862,,,0,19,,32863,,,0,19,,32864,,,0,59,,32865,,,0,20,,32866,,,0,20,,32867,,,0,60,,32868,,,0,27,,32869,,,0,70,,32870,,,0,30,,32871,,,0,70,,32872,,,0,30,,32873,,,0,100,,32874,,,0,92,,32875,,,0
674100,'101',1533,,32881,,,0
674100,'2',443,,32927,,,0,105,,32926,,,0,104,,32925,,,0,70,,32924,,,0,22,,32932,,,0,62,,32923,,,0,22,,32921,,,0,22,,32933,,,0,62,,32920,,,0,22,,32919,,,0,22,,32934,,,0,60,,32918,,,0,20,,32922,,,0,22,,32935,,,0,62,,32917,,,0,20,,32916,,,0,60,,32888,,,0,20,,32915,,,0,20,,32914,,,0,60,,32887,,,0,20,,32913,,,0,20,,32912,,,0,60,,32886,,,0,20,,32911,,,0,20,,32910,,,0,60,,32885,,,0,20,,32897,,,0,20,,32896,,,0,60,,32884,,,0,15,,32909,,,0,15,,32928,,,0,15,,32908,,,0,55,,32883,,,0,15,,32907,,,0,15,,32929,,,0,15,,32906,,,0,55,,32882,,,0,15,,32889,,,0,15,,32930,,,0,15,,32905,,,0,60,,32904,,,0,20,,32903,,,0,20,,32931,,,0,60,,32902,,,0,22,,32901,,,0,30,,32900,,,0,70,,32899,,,0,30,,32891,,,0,70,,32898,,,0,30,,32890,,,0,74,,32895,,,0,100,,32894,,,0,105,,32893,,,0,165,,32892,,,0
674100,'3',443,,32981,,,0,105,,32980,,,0,104,,32979,,,0,72,,32978,,,0,31,,32977,,,0,70,,32975,,,0,20,,32987,,,0,61,,32974,,,0,20,,32973,,,0,20,,32988,,,0,60,,32972,,,0,22,,32976,,,0,20,,32989,,,0,61,,32971,,,0,21,,32970,,,0,19,,32990,,,0,53,,32942,,,0,20,,32969,,,0,20,,32968,,,0,60,,32941,,,0,20,,32967,,,0,20,,32966,,,0,60,,32940,,,0,20,,32965,,,0,20,,32964,,,0,60,,32939,,,0,20,,32951,,,0,20,,32950,,,0,60,,32938,,,0,14,,32963,,,0,15,,32982,,,0,15,,32962,,,0,55,,32937,,,0,15,,32961,,,0,16,,32983,,,0,15,,32960,,,0,55,,32936,,,0,15,,32943,,,0,14,,32984,,,0,15,,32959,,,0,55,,32958,,,0,15,,32985,,,0,16,,32957,,,0,16,,32986,,,0,58,,32956,,,0,20,,32955,,,0,32,,32954,,,0,69,,32953,,,0,30,,32945,,,0,70,,32952,,,0,30,,32944,,,0,74,,32949,,,0,100,,32948,,,0,106,,32947,,,0,163,,32946,,,0
674800,'1',554,,33494,,,0,63,,33498,,,0,10,,33500,,,0,15,,33502,,,0,15,,33504,,,0,55,,33506,,,0,15,,33508,,,0,15,,33510,,,0,15,,33512,,,0,55,,33513,,,0,15,,33514,,,0,15,,33515,,,0,15,,33516,,,0,54,,33517,,,0,16,,33518,,,0,15,,33519,,,0,15,,33520,,,0,55,,33521,,,0,20,,33522,,,0,20,,33523,,,0,60,,33524,,,0,20,,33525,,,0,20,,33526,,,0,60,,33527,,,0,20,,33528,,,0,20,,33530,,,0,60,,33532,,,0,20,,33535,,,0,20,,33538,,,0,58,,33540,,,0,14,,33542,,,0,15,,33544,,,0,16,,33546,,,0,55,,33548,,,0,15,,33550,,,0,15,,33552,,,0,11,,33554,,,0,52,,33556,,,0,17,,33558,,,0,14,,33560,,,0,15,,33562,,,0,52,,33563,,,0,21,,33564,,,0,20,,33565,,,0,8,,33566,,,0,58,,33567,,,0,19,,33568,,,0,21,,33569,,,0,60,,33570,,,0,20,,33571,,,0,20,,33572,,,0,60,,33573,,,0,20,,33574,,,0,20,,33575,,,0,60,,33576,,,0,20,,33577,,,0,20,,33578,,,0,60,,33579,,,0,20,,33580,,,0,20,,33581,,,0,60,,33582,,,0,32,,33583,,,0
674800,'2',659,,33617,,,0,60,,33618,,,0,20,,33619,,,0,20,,33584,,,0,70,,33585,,,0,30,,33586,,,0,70,,33587,,,0,30,,33588,,,0,70,,33589,,,0,30,,33590,,,0,70,,33591,,,0,30,,33592,,,0,70,,33593,,,0,28,,33594,,,0,60,,33595,,,0,20,,33620,,,0,20,,33596,,,0,60,,33621,,,0,20,,33597,,,0,20,,33598,,,0,60,,33622,,,0,20,,33599,,,0,22,,33600,,,0,70,,33601,,,0,30,,33602,,,0,71,,33603,,,0,29,,33604,,,0,70,,33605,,,0,30,,33606,,,0,70,,33607,,,0,30,,33608,,,0,70,,33609,,,0,30,,33610,,,0,70,,33611,,,0,30,,33612,,,0,62,,33613,,,0,20,,33623,,,0,60,,33614,,,0,25,,33615,,,0
674800,'3',726,,33645,,,0,32,,33654,,,0,70,,33625,,,0,30,,33655,,,0,70,,33626,,,0,30,,33656,,,0,70,,33624,,,0,30,,33641,,,0,70,,33650,,,0,30,,33640,,,0,70,,33649,,,0,30,,33639,,,0,70,,33648,,,0,30,,33638,,,0,70,,33631,,,0,30,,33637,,,0,70,,33647,,,0,30,,33636,,,0,70,,33646,,,0,30,,33635,,,0,70,,33642,,,0,30,,33634,,,0,70,,33644,,,0,30,,33633,,,0,70,,33630,,,0,30,,33632,,,0,70,,33629,,,0,30,,33651,,,0,70,,33643,,,0,30,,33652,,,0,70,,33628,,,0,30,,33653,,,0,71,,33627,,,0
682200,'1',623,,37577,,,0,20,,37554,,,0,8,,37549,,,0,52,,37566,,,0,20,,37578,,,0,21,,37555,,,0,59,,37567,,,0,21,,37579,,,0,22,,37556,,,0,67,,37568,,,0,28,,37557,,,0,69,,37573,,,0,30,,37558,,,0,70,,37574,,,0,20,,37559,,,0,71,,37569,,,0,30,,37560,,,0,73,,37570,,,0,31,,37561,,,0,78,,37571,,,0,27,,37551,,,0,12,,37562,,,0,60,,37572,,,0,5,,37589,,,0,21,,37580,,,0,20,,37563,,,0,60,,37553,,,0,20,,37581,,,0,21,,37575,,,0,44,,37550,,,0,13,,37552,,,0,23,,37582,,,0,19,,37564,,,0,60,,37576,,,0,19,,37583,,,0,20,,37565,,,0,63,,37584,,,0,22,,37585,,,0,69,,37586,,,0,40,,37587,,,0,76,,37588,,,0
682200,'2',728,,37601,,,0,73,,37602,,,0,20,,37618,,,0,11,,37593,,,0,70,,37603,,,0,30,,37594,,,0,70,,37604,,,0,30,,37595,,,0,70,,37605,,,0,31,,37596,,,0,70,,37606,,,0,30,,37597,,,0,71,,37607,,,0,30,,37600,,,0,70,,37608,,,0,20,,37619,,,0,13,,37598,,,0,69,,37609,,,0,31,,37599,,,0,72,,37610,,,0,13,,37620,,,0,16,,37590,,,0,72,,37611,,,0,31,,37591,,,0,72,,37612,,,0,28,,37592,,,0,67,,37613,,,0,30,,37614,,,0,67,,37615,,,0,27,,37616,,,0,71,,37617,,,0,100,,37621,,,0
682200,'3',754,,37633,,,0,71,,37649,,,0,6,,37622,,,0,70,,37634,,,0,30,,37627,,,0,70,,37635,,,0,30,,37628,,,0,70,,37636,,,0,30,,37629,,,0,70,,37637,,,0,30,,37630,,,0,71,,37638,,,0,30,,37631,,,0,70,,37639,,,0,19,,37650,,,0,12,,37632,,,0,70,,37640,,,0,30,,37623,,,0,71,,37641,,,0,7,,37651,,,0,25,,37624,,,0,69,,37642,,,0,29,,37625,,,0,70,,37643,,,0,28,,37626,,,0,69,,37644,,,0,31,,37645,,,0,69,,37646,,,0,30,,37647,,,0,71,,37648,,,0,100,,37652,,,0
