3004200,'2',807,,162480,7,,,0,35,,162481,7,,,0,75,,162482,7,,,0,35,,162483,7,,,0,76,,162484,7,,,0,74,,162485,7,,,0,35,,162486,7,,,0,75,,162487,7,,,0,36,,162488,7,,,0,74,,162489,7,,,0,35,,162490,7,,,0,75,,162491,7,,,0,75,,162492,7,,,0,35,,162493,7,,,0,76,,162494,7,,,0,34,,162495,7,,,0,75,,162496,7,,,0,73,,162497,7,,,0,34,,162498,7,,,0
3004200,'3',807,,162499,7,,,0,35,,162500,7,,,0,75,,162501,7,,,0,35,,162502,7,,,0,75,,162503,7,,,0,75,,162504,7,,,0,35,,162505,7,,,0,75,,162506,7,,,0,35,,162507,7,,,0,75,,162508,7,,,0,36,,162509,7,,,0,75,,162510,7,,,0,75,,162511,7,,,0,34,,162512,7,,,0,75,,162513,7,,,0,35,,162514,7,,,0,75,,162515,7,,,0,32,,162516,7,,,0,74,,162517,7,,,0
3004500,'1',605,,163053,9,,,0,31,,163054,9,,,0,64,,163055,9,,,0,33,,163057,9,,,0,23,,163029,9,,,0,70,,163030,9,,,0,30,,163031,9,,,0,65,,163032,9,,,0,35,,163047,9,,,0,70,,163033,9,,,0,30,,163048,9,,,0,70,,163034,9,,,0,30,,163049,9,,,0,70,,163035,9,,,0,30,,163050,9,,,0,70,,163036,9,,,0,30,,163051,9,,,0,65,,163037,9,,,0,30,,163052,9,,,0,69,,163038,9,,,0,26,,163039,9,,,0,81,,163040,9,,,0,30,,163041,9,,,0,70,,163045,9,,,0,79,,163046,9,,,0,17,,163056,9,,,0,33,,163042,9,,,0,79,,163043,9,,,0,100,,163044,9,,,0
3004500,'2',820,,163070,9,,,0,30,,163071,9,,,0,70,,163069,9,,,0,30,,163072,9,,,0,70,,163068,9,,,0,30,,163073,9,,,0,70,,163067,9,,,0,30,,163074,9,,,0,65,,163066,9,,,0,35,,163075,9,,,0,71,,163065,9,,,0,30,,163076,9,,,0,70,,163064,9,,,0,30,,163077,9,,,0,70,,163063,9,,,0,30,,163078,9,,,0,70,,163062,9,,,0,30,,163079,9,,,0,70,,163061,9,,,0,30,,163080,9,,,0,70,,163060,9,,,0,25,,163081,9,,,0,75,,163059,9,,,0,30,,163082,9,,,0,70,,163058,9,,,0
3004500,'3',820,,163095,9,,,0,30,,163096,9,,,0,70,,163094,9,,,0,30,,163097,9,,,0,70,,163093,9,,,0,30,,163098,9,,,0,70,,163092,9,,,0,30,,163099,9,,,0,67,,163091,9,,,0,33,,163100,9,,,0,71,,163090,9,,,0,29,,163101,9,,,0,71,,163089,9,,,0,30,,163102,9,,,0,70,,163088,9,,,0,30,,163103,9,,,0,70,,163087,9,,,0,30,,163104,9,,,0,70,,163086,9,,,0,30,,163105,9,,,0,69,,163085,9,,,0,30,,163106,9,,,0,70,,163084,9,,,0,30,,163107,9,,,0,70,,163083,9,,,0
3004600,'1',431,,163196,8,,,0,74,,163197,8,,,0,17,,163198,8,,,0,18,,163194,8,,,0,12,,163226,8,,,0,55,,163227,8,,,0,14,,163228,8,,,0,16,,163229,8,,,0,12,,163195,8,,,0,59,,163222,8,,,0,15,,163223,8,,,0,15,,163224,8,,,0,17,,163225,8,,,0,55,,163193,8,,,0,19,,163246,8,,,0,19,,163230,8,,,0,63,,163231,8,,,0,23,,163232,8,,,0,70,,163233,8,,,0,30,,163234,8,,,0,70,,163235,8,,,0,30,,163236,8,,,0,71,,163237,8,,,0,29,,163238,8,,,0,69,,163239,8,,,0,32,,163240,8,,,0,67,,163241,8,,,0,31,,163242,8,,,0,73,,163243,8,,,0,22,,163245,8,,,0,13,,163244,8,,,0,17,,163190,8,,,0,70,,163219,8,,,0,15,,163220,8,,,0,15,,163221,8,,,0,54,,163191,8,,,0,16,,163213,8,,,0,14,,163214,8,,,0,12,,163215,8,,,0,55,,163216,8,,,0,22,,163217,8,,,0,26,,163218,8,,,0,61,,163192,8,,,0,24,,163211,8,,,0,64,,163212,8,,,0,30,,163199,8,,,0,70,,163200,8,,,0,30,,163210,8,,,0,69,,163201,8,,,0,30,,163202,8,,,0,70,,163209,8,,,0,30,,163203,8,,,0,70,,163204,8,,,0,30,,163208,8,,,0,70,,163205,8,,,0,30,,163206,8,,,0,70,,163207,8,,,0
3004600,'101',1610,,163189,8,,,0
3004600,'2',540,,163272,8,,,0,70,,163273,8,,,0,30,,163274,8,,,0,70,,163275,8,,,0,30,,163276,8,,,0,71,,163277,8,,,0,30,,163278,8,,,0,70,,163279,8,,,0,30,,163288,8,,,0,70,,163289,8,,,0,30,,163248,8,,,0,70,,163249,8,,,0,30,,163250,8,,,0,71,,163251,8,,,0,30,,163252,8,,,0,70,,163253,8,,,0,30,,163254,8,,,0,70,,163255,8,,,0,30,,163256,8,,,0,70,,163257,8,,,0,30,,163258,8,,,0,70,,163259,8,,,0,30,,163260,8,,,0,70,,163280,8,,,0,30,,163261,8,,,0,70,,163262,8,,,0,29,,163263,8,,,0,70,,163264,8,,,0,30,,163265,8,,,0,70,,163266,8,,,0,30,,163267,8,,,0,70,,163268,8,,,0,30,,163269,8,,,0,70,,163270,8,,,0,30,,163271,8,,,0,69,,163281,8,,,0,30,,163282,8,,,0,70,,163283,8,,,0,30,,163284,8,,,0,70,,163285,8,,,0,30,,163286,8,,,0,70,,163287,8,,,0
3004600,'201',1610,,163247,8,,,0
3004600,'3',540,,163306,8,,,0,70,,163308,8,,,0,30,,163309,8,,,0,71,,163310,8,,,0,30,,163311,8,,,0,70,,163312,8,,,0,30,,163313,8,,,0,70,,163314,8,,,0,30,,163315,8,,,0,70,,163316,8,,,0,30,,163317,8,,,0,70,,163318,8,,,0,30,,163319,8,,,0,70,,163320,8,,,0,30,,163321,8,,,0,71,,163322,8,,,0,30,,163323,8,,,0,70,,163324,8,,,0,30,,163325,8,,,0,70,,163326,8,,,0,30,,163327,8,,,0,70,,163328,8,,,0,30,,163329,8,,,0,70,,163307,8,,,0,30,,163292,8,,,0,70,,163293,8,,,0,29,,163294,8,,,0,70,,163295,8,,,0,30,,163296,8,,,0,70,,163290,8,,,0,30,,163291,8,,,0,69,,163297,8,,,0,30,,163298,8,,,0,70,,163299,8,,,0,30,,163300,8,,,0,70,,163301,8,,,0,30,,163302,8,,,0,70,,163303,8,,,0,30,,163304,8,,,0,70,,163305,8,,,0
