670401,'1_merged_15529678',442,,84395,2,,,0,71,,84393,2,,,0,32,,84391,2,,,0,69,,84382,2,,,0,28,,84385,2,,,0,69,,84427,2,,,0,31,,84426,2,,,0,70,,84424,2,,,0,32,,84423,2,,,0,72,,84421,2,,,0,30,,84419,2,,,0,70,,84417,2,,,0,30,,84415,2,,,0,69,,84406,2,,,0,30,,84404,2,,,0,70,,84403,2,,,0,26,,84401,2,,,0,69,,84399,2,,,0,29,,84389,2,,,0,65,,84387,2,,,0,29,,84453,2,,,0,26,,84455,2,,,0,52,,84383,2,,,0,13,,84452,2,,,0,13,,84414,2,,,0,13,,84380,2,,,0,54,,84412,2,,,0,14,,84411,2,,,0,12,,84410,2,,,0,13,,84381,2,,,0,13,,84409,2,,,0,57,,84408,2,,,0,12,,84454,2,,,0,12,,84446,2,,,0,15,,84379,2,,,0,51,,84445,2,,,0,28,,84443,2,,,0,24,,84441,2,,,0,67,,84439,2,,,0,95,,84436,2,,,0,97,,84434,2,,,0,100,,84432,2,,,0,102,,84430,2,,,0,106,,84428,2,,,0
670401,'2_merged_15529680',508,,84522,2,,,0,34,,84524,2,,,0,74,,84479,2,,,0,125,,84513,2,,,0,79,,84514,2,,,0,33,,84515,2,,,0,64,,84516,2,,,0,27,,84477,2,,,0,68,,84478,2,,,0,28,,84519,2,,,0,69,,84521,2,,,0,27,,84457,2,,,0,69,,84459,2,,,0,30,,84461,2,,,0,71,,84463,2,,,0,31,,84465,2,,,0,70,,84487,2,,,0,28,,84489,2,,,0,70,,84491,2,,,0,31,,84493,2,,,0,70,,84495,2,,,0,32,,84497,2,,,0,71,,84499,2,,,0,34,,84500,2,,,0,71,,84501,2,,,0,30,,84502,2,,,0,70,,84474,2,,,0,30,,84482,2,,,0,15,,84505,2,,,0,96,,84508,2,,,0,90,,84467,2,,,0,103,,84469,2,,,0,105,,84471,2,,,0,95,,84472,2,,,0
670401,'3_merged_15529679',600,,84584,2,,,0,109,,84570,2,,,0,44,,84555,2,,,0,70,,84568,2,,,0,30,,84548,2,,,0,70,,84573,2,,,0,28,,84534,2,,,0,70,,84579,2,,,0,28,,84535,2,,,0,69,,84533,2,,,0,28,,84550,2,,,0,71,,84526,2,,,0,30,,84583,2,,,0,70,,84556,2,,,0,31,,84577,2,,,0,69,,84576,2,,,0,31,,84582,2,,,0,70,,84578,2,,,0,30,,84527,2,,,0,71,,84529,2,,,0,30,,84575,2,,,0,69,,84557,2,,,0,32,,84552,2,,,0,70,,84574,2,,,0,31,,84566,2,,,0,72,,84558,2,,,0,29,,84554,2,,,0,163,,84580,2,,,0,100,,84530,2,,,0,103,,84525,2,,,0
681501,'1803_merged_15529686',1831,,94717,2,,,0,100,,94716,2,,,0,100,,94715,2,,,0,100,,94714,2,,,0
681501,'1_merged_15529678',531,,94720,2,,,0,100,,94719,2,,,0,100,,94718,2,,,0,100,,94721,2,,,0,100,,94735,2,,,0,100,,94734,2,,,0,100,,94733,2,,,0,100,,94732,2,,,0,100,,94731,2,,,0,100,,94730,2,,,0,100,,94729,2,,,0,100,,94728,2,,,0,100,,94727,2,,,0,100,,94726,2,,,0,100,,94725,2,,,0,100,,94724,2,,,0,100,,94723,2,,,0,100,,94722,2,,,0
681501,'2_merged_15529680',831,,94736,2,,,0,100,,94737,2,,,0,100,,94738,2,,,0,100,,94739,2,,,0,100,,94740,2,,,0,100,,94741,2,,,0,100,,94742,2,,,0,100,,94743,2,,,0,100,,94744,2,,,0,100,,94745,2,,,0,100,,94746,2,,,0,100,,94747,2,,,0,100,,94748,2,,,0,100,,94749,2,,,0,100,,94750,2,,,0
681501,'3_merged_15529679',931,,94756,2,,,0,100,,94755,2,,,0,100,,94754,2,,,0,100,,94753,2,,,0,100,,94752,2,,,0,100,,94751,2,,,0,100,,94759,2,,,0,100,,94758,2,,,0,100,,94757,2,,,0
681600,'1_merged_15529678',701,,94774,2,,,0,100,,94773,2,,,0,100,,94772,2,,,0,100,,94771,2,,,0,100,,94770,2,,,0,100,,94769,2,,,0,100,,94768,2,,,0,100,,94767,2,,,0,100,,94765,2,,,0,100,,94764,2,,,0,100,,94763,2,,,0,100,,94762,2,,,0,100,,94761,2,,,0,100,,94760,2,,,0,100,,94766,2,,,0
681600,'2_merged_15529680',901,,94775,2,,,0,100,,94776,2,,,0,100,,94777,2,,,0,100,,94778,2,,,0,100,,94779,2,,,0,100,,94780,2,,,0,100,,94781,2,,,0,100,,94782,2,,,0,100,,94783,2,,,0,100,,94784,2,,,0,100,,94785,2,,,0,100,,94786,2,,,0,100,,94787,2,,,0
681600,'3_merged_15529679',901,,94790,2,,,0,100,,94789,2,,,0,100,,94788,2,,,0,100,,94797,2,,,0,100,,94796,2,,,0,100,,94795,2,,,0,100,,94794,2,,,0,100,,94793,2,,,0,100,,94792,2,,,0,100,,94791,2,,,0
1870501,'1_merged_15529678',535,,100803,11,,,0,15,,100761,11,,,0,55,,100763,11,,,0,16,,100798,11,,,0,15,,100788,11,,,0,20,,100762,11,,,0,61,,100789,11,,,0,20,,100764,11,,,0,20,,100765,11,,,0,60,,100790,11,,,0,20,,100766,11,,,0,20,,100767,11,,,0,59,,100791,11,,,0,21,,100768,11,,,0,20,,100769,11,,,0,60,,100799,11,,,0,20,,100770,11,,,0,63,,100771,11,,,0,30,,100784,11,,,0,70,,100772,11,,,0,30,,100760,11,,,0,70,,100773,11,,,0,31,,100774,11,,,0,70,,100775,11,,,0,16,,100796,11,,,0,18,,100776,11,,,0,18,,100777,11,,,0,57,,100792,11,,,0,17,,100778,11,,,0,17,,100797,11,,,0,57,,100779,11,,,0,17,,100793,11,,,0,21,,100780,11,,,0,61,,100781,11,,,0,20,,100794,11,,,0,22,,100783,11,,,0,61,,100782,11,,,0,20,,100795,11,,,0,21,,100785,11,,,0,61,,100786,11,,,0,23,,100787,11,,,0,28,,100757,11,,,0,69,,100758,11,,,0,29,,100759,11,,,0,98,,100800,11,,,0,100,,100801,11,,,0,100,,100802,11,,,0
1870501,'2_merged_15529680',557,,100822,11,,,0,70,,100823,11,,,0,30,,100824,11,,,0,71,,100825,11,,,0,30,,100826,11,,,0,71,,100827,11,,,0,30,,100828,11,,,0,70,,100829,11,,,0,71,,100807,11,,,0,32,,100808,11,,,0,72,,100809,11,,,0,32,,100810,11,,,0,71,,100811,11,,,0,31,,100812,11,,,0,70,,100813,11,,,0,30,,100814,11,,,0,70,,100815,11,,,0,30,,100816,11,,,0,70,,100817,11,,,0,30,,100818,11,,,0,70,,100819,11,,,0,30,,100820,11,,,0,70,,100821,11,,,0,28,,100830,11,,,0,68,,100831,11,,,0,27,,100832,11,,,0,28,,100833,11,,,0,70,,100834,11,,,0,30,,100804,11,,,0,70,,100805,11,,,0,30,,100806,11,,,0,99,,100835,11,,,0,100,,100836,11,,,0,100,,100837,11,,,0
1870501,'3_merged_15529679',557,,100864,11,,,0,70,,100865,11,,,0,30,,100866,11,,,0,70,,100867,11,,,0,30,,100838,11,,,0,71,,100839,11,,,0,30,,100840,11,,,0,70,,100841,11,,,0,30,,100842,11,,,0,70,,100843,11,,,0,30,,100844,11,,,0,70,,100845,11,,,0,30,,100846,11,,,0,71,,100847,11,,,0,30,,100848,11,,,0,72,,100849,11,,,0,72,,100850,11,,,0,30,,100851,11,,,0,70,,100852,11,,,0,30,,100853,11,,,0,70,,100854,11,,,0,30,,100855,11,,,0,70,,100856,11,,,0,30,,100857,11,,,0,70,,100858,11,,,0,29,,100859,11,,,0,70,,100860,11,,,0,30,,100861,11,,,0,70,,100862,11,,,0,30,,100868,11,,,0,70,,100863,11,,,0,55,,100869,11,,,0,100,,100870,11,,,0,100,,100871,11,,,0
2903801,'1_merged_15529678',447,,102352,2,,,0,10,,102359,2,,,0,50,,102334,2,,,0,20,,102333,2,,,0,19,,102342,2,,,0,55,,102332,2,,,0,15,,102331,2,,,0,16,,102343,2,,,0,12,,102356,2,,,0,11,,102330,2,,,0,52,,102357,2,,,0,13,,102329,2,,,0,16,,102344,2,,,0,16,,102328,2,,,0,56,,102327,2,,,0,16,,102326,2,,,0,16,,102345,2,,,0,15,,102325,2,,,0,55,,102324,2,,,0,15,,102336,2,,,0,15,,102346,2,,,0,15,,102323,2,,,0,55,,102322,2,,,0,15,,102337,2,,,0,15,,102321,2,,,0,17,,102320,2,,,0,60,,102338,2,,,0,20,,102319,2,,,0,20,,102318,2,,,0,60,,102339,2,,,0,20,,102317,2,,,0,20,,102316,2,,,0,60,,102340,2,,,0,20,,102315,2,,,0,20,,102311,2,,,0,60,,102314,2,,,0,17,,102358,2,,,0,16,,102341,2,,,0,55,,102313,2,,,0,15,,102312,2,,,0,15,,102335,2,,,0,14,,102347,2,,,0,54,,102310,2,,,0,17,,102309,2,,,0,15,,102348,2,,,0,15,,102308,2,,,0,55,,102349,2,,,0,15,,102307,2,,,0,16,,102306,2,,,0,20,,102305,2,,,0,60,,102304,2,,,0,20,,102350,2,,,0,20,,102303,2,,,0,60,,102302,2,,,0,20,,102351,2,,,0,20,,102301,2,,,0,60,,102300,2,,,0,33,,102299,2,,,0,74,,102298,2,,,0,99,,102353,2,,,0,100,,102354,2,,,0,100,,102355,2,,,0
2903801,'2_merged_15529680',640,,102405,2,,,0,60,,102401,2,,,0,20,,102377,2,,,0,20,,102387,2,,,0,60,,102378,2,,,0,20,,102379,2,,,0,20,,102388,2,,,0,60,,102389,2,,,0,20,,102380,2,,,0,20,,102390,2,,,0,60,,102381,2,,,0,20,,102382,2,,,0,21,,102391,2,,,0,60,,102383,2,,,0,20,,102384,2,,,0,20,,102392,2,,,0,60,,102385,2,,,0,20,,102375,2,,,0,20,,102400,2,,,0,60,,102386,2,,,0,20,,102360,2,,,0,20,,102393,2,,,0,60,,102361,2,,,0,20,,102362,2,,,0,20,,102394,2,,,0,60,,102363,2,,,0,20,,102364,2,,,0,20,,102395,2,,,0,60,,102365,2,,,0,20,,102366,2,,,0,20,,102396,2,,,0,60,,102367,2,,,0,20,,102376,2,,,0,20,,102397,2,,,0,60,,102368,2,,,0,20,,102369,2,,,0,20,,102398,2,,,0,60,,102370,2,,,0,20,,102371,2,,,0,20,,102399,2,,,0,60,,102372,2,,,0,20,,102373,2,,,0,30,,102374,2,,,0,99,,102402,2,,,0,100,,102403,2,,,0,100,,102404,2,,,0
2903801,'3_merged_15529679',700,,102407,2,,,0,30,,102408,2,,,0,70,,102409,2,,,0,30,,102410,2,,,0,70,,102411,2,,,0,30,,102412,2,,,0,70,,102413,2,,,0,31,,102414,2,,,0,70,,102415,2,,,0,30,,102416,2,,,0,70,,102417,2,,,0,30,,102418,2,,,0,70,,102419,2,,,0,30,,102420,2,,,0,70,,102421,2,,,0,30,,102422,2,,,0,26,,102423,2,,,0,60,,102435,2,,,0,20,,102424,2,,,0,20,,102436,2,,,0,60,,102425,2,,,0,20,,102426,2,,,0,20,,102437,2,,,0,60,,102427,2,,,0,20,,102428,2,,,0,20,,102438,2,,,0,60,,102429,2,,,0,20,,102430,2,,,0,70,,102431,2,,,0,30,,102432,2,,,0,70,,102433,2,,,0,30,,102434,2,,,0,69,,102406,2,,,0,99,,102439,2,,,0,99,,102440,2,,,0
3404500,'101_merged_15529685',815,,108858,2,0,101 102,0
3404500,'1_merged_15529678',606,,108876,2,,,0,100,,108874,2,,,0,100,,108873,2,,,0,100,,108872,2,,,0,100,,108871,2,,,0,100,,108870,2,,,0,100,,108869,2,,,0,100,,108868,2,,,0,100,,108867,2,,,0,103,,108866,2,,,0,97,,108865,2,,,0,100,,108864,2,,,0,100,,108863,2,,,0,100,,108862,2,,,0,100,,108861,2,,,0,100,,108860,2,,,0,100,,108859,2,,,0,100,,108875,2,,,0
3404500,'2_merged_15529680',706,,108877,2,,,0,100,,108878,2,,,0,100,,108879,2,,,0,100,,108880,2,,,0,100,,108881,2,,,0,100,,108882,2,,,0,100,,108883,2,,,0,100,,108884,2,,,0,100,,108885,2,,,0,100,,108886,2,,,0,100,,108887,2,,,0,100,,108888,2,,,0,100,,108889,2,,,0,100,,108890,2,,,0,100,,108891,2,,,0,100,,108892,2,,,0,100,,108893,2,,,0
3404500,'3_merged_15529679',806,,108908,2,,,0,100,,108907,2,,,0,100,,108906,2,,,0,100,,108905,2,,,0,100,,108904,2,,,0,100,,108903,2,,,0,100,,108902,2,,,0,100,,108901,2,,,0,100,,108900,2,,,0,100,,108899,2,,,0,100,,108898,2,,,0,100,,108897,2,,,0,100,,108896,2,,,0,100,,108895,2,,,0,100,,108894,2,,,0,100,,108909,2,,,0
