670000,'101_merged_15291802',705,,83098,1,,,0
670000,'1_merged_15291795',520,,83111,1,,,0,15,,83120,1,,,0,15,,83135,1,,,0,55,,83145,1,,,0,15,,83104,1,,,0,15,,83136,1,,,0,15,,83122,1,,,0,70,,83144,1,,,0,19,,83115,1,,,0,20,,83113,1,,,0,60,,83130,1,,,0,20,,83146,1,,,0,20,,83102,1,,,0,60,,83105,1,,,0,27,,83123,1,,,0,70,,83133,1,,,0,30,,83103,1,,,0,70,,83099,1,,,0,30,,83131,1,,,0,70,,83125,1,,,0,30,,83132,1,,,0,70,,83117,1,,,0,30,,83101,1,,,0,70,,83137,1,,,0,30,,83143,1,,,0,60,,83112,1,,,0,20,,83129,1,,,0,20,,83127,1,,,0,60,,83124,1,,,0,20,,83110,1,,,0,20,,83109,1,,,0,60,,83108,1,,,0,21,,83107,1,,,0,30,,83114,1,,,0,70,,83134,1,,,0,30,,83126,1,,,0,70,,83116,1,,,0,30,,83138,1,,,0,70,,83119,1,,,0,30,,83139,1,,,0,70,,83118,1,,,0,30,,83140,1,,,0,70,,83106,1,,,0,30,,83141,1,,,0,70,,83121,1,,,0,30,,83142,1,,,0,75,,83100,1,,,0,76,,83128,1,,,0
670000,'2_merged_15291797',531,,83180,1,,,0,28,,83181,1,,,0,58,,83187,1,,,0,18,,83182,1,,,0,70,,83167,1,,,0,30,,83151,1,,,0,70,,83166,1,,,0,30,,83150,1,,,0,68,,83165,1,,,0,28,,83164,1,,,0,70,,83163,1,,,0,30,,83162,1,,,0,70,,83161,1,,,0,30,,83160,1,,,0,70,,83159,1,,,0,30,,83168,1,,,0,70,,83158,1,,,0,30,,83157,1,,,0,70,,83156,1,,,0,30,,83155,1,,,0,70,,83154,1,,,0,30,,83153,1,,,0,70,,83152,1,,,0,30,,83179,1,,,0,70,,83178,1,,,0,30,,83177,1,,,0,70,,83176,1,,,0,30,,83149,1,,,0,70,,83175,1,,,0,30,,83148,1,,,0,70,,83174,1,,,0,30,,83147,1,,,0,70,,83173,1,,,0,30,,83183,1,,,0,70,,83172,1,,,0,30,,83184,1,,,0,70,,83171,1,,,0,35,,83185,1,,,0,74,,83170,1,,,0,32,,83186,1,,,0,75,,83169,1,,,0
670000,'3_merged_15291796',730,,83219,1,,,0,70,,83202,1,,,0,30,,83215,1,,,0,70,,83206,1,,,0,30,,83198,1,,,0,70,,83203,1,,,0,30,,83199,1,,,0,70,,83192,1,,,0,30,,83204,1,,,0,70,,83195,1,,,0,30,,83196,1,,,0,70,,83197,1,,,0,30,,83205,1,,,0,70,,83194,1,,,0,30,,83214,1,,,0,70,,83208,1,,,0,30,,83209,1,,,0,70,,83213,1,,,0,30,,83210,1,,,0,70,,83211,1,,,0,30,,83201,1,,,0,70,,83207,1,,,0,30,,83188,1,,,0,70,,83189,1,,,0,30,,83216,1,,,0,70,,83190,1,,,0,30,,83217,1,,,0,70,,83193,1,,,0,30,,83218,1,,,0,70,,83191,1,,,0,57,,83212,1,,,0,150,,83200,1,,,0
670201,'1_merged_15291795',515,,83579,22,4,,0,28,,83582,22,4,,0,67,,83586,36,4,,0,30,,83571,36,4,,0,65,,83564,36,4,,0,24,,83596,36,4,,0,22,,83565,36,4,,0,61,,83593,36,4,,0,23,,83575,36,4,,0,20,,83595,36,4,,0,59,,83592,36,4,,0,19,,83594,36,4,,0,19,,83563,36,4,,0,66,,83589,36,4,,0,30,,83561,36,4,,0,70,,83562,36,4,,0,32,,83570,36,4,,0,71,,83587,36,4,,0,32,,83578,36,4,,0,70,,83583,36,4,,0,30,,83581,36,4,,0,71,,83580,36,4,,0,31,,83576,36,4,,0,74,,83577,36,4,,0,71,,83573,36,4,,0,30,,83591,36,4,,0,70,,83590,36,4,,0,30,,83574,36,4,,0,70,,83584,36,4,,0,30,,83567,36,4,,0,28,,83568,36,4,,0,68,,83588,36,4,,0,28,,83572,36,4,,0,74,,83566,36,4,,0,103,,83569,36,4,,0,99,,83585,36,4,,0
670201,'2_merged_15291797',700,,83597,36,4,,0,29,,83598,36,4,,0,30,,83599,36,4,,0,70,,83600,36,4,,0,30,,83601,36,4,,0,71,,83602,36,4,,0,72,,83603,36,4,,0,32,,83604,36,4,,0,71,,83605,36,4,,0,30,,83606,36,4,,0,71,,83607,36,4,,0,31,,83608,36,4,,0,71,,83609,36,4,,0,30,,83610,36,4,,0,71,,83611,36,4,,0,30,,83612,36,4,,0,70,,83613,36,4,,0,31,,83614,36,4,,0,70,,83615,36,4,,0,29,,83616,36,4,,0,71,,83617,36,4,,0,30,,83618,36,4,,0,70,,83619,36,4,,0,29,,83620,36,4,,0,70,,83621,36,4,,0,30,,83622,36,4,,0,70,,83623,36,4,,0,28,,83624,36,4,,0,69,,83625,36,4,,0,30,,83626,36,4,,0,80,,83627,36,4,,0,39,,83628,36,4,,0
670201,'3_merged_15291796',906,,83630,36,4,,0,102,,83632,36,4,,0,100,,83634,36,4,,0,100,,83643,36,4,,0,33,,83644,36,4,,0,70,,83642,36,4,,0,30,,83645,36,4,,0,70,,83631,36,4,,0,31,,83646,36,4,,0,70,,83638,36,4,,0,32,,83647,36,4,,0,71,,83640,36,4,,0,29,,83648,36,4,,0,70,,83633,36,4,,0,30,,83649,36,4,,0,70,,83635,36,4,,0,30,,83650,36,4,,0,70,,83629,36,4,,0,29,,83651,36,4,,0,68,,83636,36,4,,0,99,,83637,36,4,,0,100,,83641,36,4,,0,100,,83639,36,4,,0
671001,'1_merged_15291795',722,,86496,16,4,,0,28,,86498,16,4,,0,185,,86499,32,4,,0,102,,86497,32,4,,0,102,,86500,32,4,,0,102,,86501,32,4,,0,103,,86502,32,4,,0,102,,86503,32,4,,0,103,,86495,32,4,,0
671001,'2_merged_15291797',944,,86505,32,4,,0,100,,86506,32,4,,0,100,,86504,32,4,,0,100,,86512,32,4,,0,101,,86511,32,4,,0,101,,86508,32,4,,0,100,,86510,32,4,,0,100,,86509,32,4,,0,100,,86507,32,4,,0
682101,'1_merged_15291795',522,,95889,40,4,,0,20,,95834,40,4,,0,15,,95835,40,4,,0,56,,95836,40,4,,0,15,,95908,40,4,,0,15,,95837,40,4,,0,15,,95838,40,4,,0,57,,95890,40,4,,0,15,,95839,40,4,,0,16,,95840,40,4,,0,56,,95841,40,4,,0,16,,95891,40,4,,0,15,,95842,40,4,,0,16,,95843,40,4,,0,55,,95844,40,4,,0,14,,95892,40,4,,0,15,,95845,40,4,,0,12,,95846,40,4,,0,55,,95847,40,4,,0,15,,95897,40,4,,0,15,,95848,40,4,,0,15,,95849,40,4,,0,55,,95850,40,4,,0,15,,95898,40,4,,0,15,,95851,40,4,,0,15,,95852,40,4,,0,55,,95853,40,4,,0,17,,95899,40,4,,0,15,,95854,40,4,,0,16,,95855,40,4,,0,55,,95856,40,4,,0,15,,95900,40,4,,0,15,,95857,40,4,,0,15,,95858,40,4,,0,55,,95859,40,4,,0,15,,95901,40,4,,0,15,,95860,40,4,,0,17,,95861,40,4,,0,55,,95862,40,4,,0,17,,95902,40,4,,0,15,,95863,40,4,,0,14,,95864,40,4,,0,55,,95865,40,4,,0,14,,95903,40,4,,0,15,,95866,40,4,,0,15,,95867,40,4,,0,52,,95868,40,4,,0,12,,95869,40,4,,0,11,,95893,40,4,,0,12,,95870,40,4,,0,12,,95871,40,4,,0,10,,95872,40,4,,0,51,,95873,40,4,,0,10,,95909,40,4,,0,10,,95894,40,4,,0,10,,95874,40,4,,0,10,,95875,40,4,,0,50,,95876,40,4,,0,6,,95877,40,4,,0,10,,95910,40,4,,0,10,,95895,40,4,,0,8,,95878,40,4,,0,10,,95879,40,4,,0,12,,95880,40,4,,0,52,,95888,40,4,,0,12,,95896,40,4,,0,12,,95881,40,4,,0,12,,95882,40,4,,0,60,,95883,40,4,,0,20,,95884,40,4,,0,20,,95885,40,4,,0,60,,95886,40,4,,0,20,,95887,40,4,,0,30,,95904,40,4,,0,70,,95905,40,4,,0,27,,95906,40,4,,0,70,,95907,40,4,,0
682101,'2_merged_15291797',711,,95971,40,4,,0,32,,95970,40,4,,0,61,,95957,40,4,,0,20,,95911,40,4,,0,20,,95912,40,4,,0,61,,95913,40,4,,0,20,,95914,40,4,,0,20,,95915,40,4,,0,59,,95916,40,4,,0,20,,95917,40,4,,0,20,,95918,40,4,,0,60,,95919,40,4,,0,15,,95920,40,4,,0,17,,95958,40,4,,0,15,,95921,40,4,,0,55,,95922,40,4,,0,15,,95959,40,4,,0,15,,95923,40,4,,0,15,,95924,40,4,,0,55,,95925,40,4,,0,15,,95960,40,4,,0,15,,95926,40,4,,0,15,,95927,40,4,,0,55,,95928,40,4,,0,15,,95961,40,4,,0,17,,95929,40,4,,0,15,,95930,40,4,,0,55,,95931,40,4,,0,15,,95962,40,4,,0,15,,95932,40,4,,0,15,,95933,40,4,,0,55,,95934,40,4,,0,14,,95963,40,4,,0,15,,95935,40,4,,0,15,,95936,40,4,,0,55,,95937,40,4,,0,15,,95964,40,4,,0,15,,95938,40,4,,0,14,,95939,40,4,,0,50,,95972,40,4,,0,12,,95940,40,4,,0,12,,95941,40,4,,0,13,,95953,40,4,,0,12,,95942,40,4,,0,54,,95973,40,4,,0,14,,95943,40,4,,0,10,,95944,40,4,,0,9,,95954,40,4,,0,13,,95945,40,4,,0,54,,95946,40,4,,0,15,,95947,40,4,,0,15,,95955,40,4,,0,15,,95948,40,4,,0,55,,95949,40,4,,0,15,,95950,40,4,,0,15,,95956,40,4,,0,15,,95951,40,4,,0,55,,95952,40,4,,0,30,,95965,40,4,,0,70,,95966,40,4,,0,28,,95967,40,4,,0,70,,95968,40,4,,0,30,,95969,40,4,,0
682101,'3_merged_15291796',815,,96029,40,4,,0,30,,95974,40,4,,0,70,,95975,40,4,,0,25,,95976,40,4,,0,63,,96015,40,4,,0,20,,95977,40,4,,0,20,,95978,40,4,,0,60,,95979,40,4,,0,15,,95980,40,4,,0,15,,95981,40,4,,0,15,,96016,40,4,,0,56,,95982,40,4,,0,15,,95983,40,4,,0,15,,96017,40,4,,0,15,,95984,40,4,,0,55,,95985,40,4,,0,15,,95986,40,4,,0,15,,96018,40,4,,0,15,,95987,40,4,,0,57,,95988,40,4,,0,15,,95989,40,4,,0,14,,96019,40,4,,0,15,,95990,40,4,,0,55,,95991,40,4,,0,15,,95992,40,4,,0,15,,96020,40,4,,0,15,,95993,40,4,,0,55,,95994,40,4,,0,15,,95995,40,4,,0,15,,96021,40,4,,0,15,,95996,40,4,,0,55,,95997,40,4,,0,15,,95998,40,4,,0,15,,96022,40,4,,0,12,,95999,40,4,,0,12,,96030,40,4,,0,52,,96000,40,4,,0,12,,96001,40,4,,0,12,,96011,40,4,,0,12,,96002,40,4,,0,12,,96031,40,4,,0,52,,96003,40,4,,0,12,,96004,40,4,,0,12,,96012,40,4,,0,12,,96005,40,4,,0,12,,96032,40,4,,0,52,,96006,40,4,,0,12,,96007,40,4,,0,12,,96013,40,4,,0,15,,96008,40,4,,0,53,,96009,40,4,,0,15,,96010,40,4,,0,15,,96014,40,4,,0,68,,96023,40,4,,0,30,,96024,40,4,,0,70,,96025,40,4,,0,30,,96026,40,4,,0,70,,96027,40,4,,0,30,,96028,40,4,,0
