674101,'1_merged_15291795',619,,91431,9,0,88 49,0,17,,91432,9,0,89 90 12,0,13,,91433,9,0,88 49,0,57,,91434,9,,,0,19,,91435,9,,,0,21,,91436,9,,,0,55,,91437,9,,,0,6,,91438,9,0,89 90 12,0,18,,91439,9,,,0,16,,91440,9,,,0,15,,91441,9,,,0,54,,91442,9,,,0,17,,91443,9,,,0,22,,91444,9,,,0,66,,91445,9,,,0,19,,91446,9,,,0,20,,91486,9,,,0,59,,91447,9,,,0,20,,91487,9,,,0,22,,91448,9,,,0,60,,91449,9,,,0,19,,91488,9,,,0,20,,91450,9,,,0,60,,91451,9,,,0,19,,91489,9,,,0,18,,91452,9,,,0,57,,91453,9,,,0,15,,91454,9,,,0,15,,91455,9,,,0,15,,91456,9,,,0,56,,91457,9,,,0,15,,91458,9,,,0,14,,91459,9,0,89 90 12,0,17,,91460,9,,,0,56,,91461,9,,,0,32,,91463,9,0,88 49,0,11,,91464,9,,,0,49,,91465,9,,,0,26,,91467,9,0,88 49,0,71,,91469,9,,,0,33,,91471,9,,,0,15,,91472,9,,,0,53,,91473,9,,,0,20,,91474,9,,,0,20,,91475,9,,,0,60,,91476,9,,,0,20,,91477,9,,,0,20,,91478,9,,,0,60,,91479,9,,,0,23,,91480,9,,,0,31,,91481,9,,,0,70,,91482,9,,,0,110,,91483,9,,,0,93,,91484,9,,,0,180,,91485,9,,,0
674101,'2_merged_15291797',540,,91510,9,,,0,90,,91509,9,,,0,90,,91508,9,,,0,21,,91539,9,,,0,60,,91507,9,,,0,20,,91506,9,,,0,20,,91540,9,,,0,60,,91505,9,,,0,20,,91499,9,,,0,20,,91541,9,,,0,60,,91504,9,,,0,20,,91503,9,,,0,20,,91502,9,,,0,60,,91491,9,,,0,23,,91501,9,,,0,19,,91500,9,,,0,60,,91490,9,,,0,19,,91498,9,,,0,20,,91497,9,,,0,60,,91533,9,,,0,20,,91496,9,,,0,20,,91495,9,,,0,60,,91532,9,,,0,20,,91494,9,,,0,20,,91493,9,,,0,15,,91538,9,,,0,55,,91531,9,,,0,15,,91492,9,,,0,15,,91527,9,,,0,15,,91530,9,,,0,55,,91534,9,,,0,15,,91526,9,,,0,15,,91525,9,,,0,15,,91529,9,,,0,55,,91535,9,,,0,15,,91524,9,,,0,15,,91523,9,,,0,15,,91528,9,,,0,55,,91536,9,,,0,15,,91522,9,,,0,15,,91521,9,,,0,13,,91537,9,,,0,60,,91520,9,,,0,32,,91519,9,,,0,70,,91518,9,,,0,31,,91517,9,,,0,70,,91516,9,,,0,34,,91515,9,,,0,77,,91514,9,,,0,100,,91513,9,,,0,110,,91512,9,,,0,165,,91511,9,,,0
674101,'3_merged_15291796',537,,91562,9,,,0,88,,91561,9,,,0,90,,91560,9,,,0,31,,91559,9,,,0,70,,91558,9,,,0,22,,91591,9,,,0,19,,91557,9,,,0,60,,91551,9,,,0,20,,91592,9,,,0,20,,91556,9,,,0,60,,91555,9,,,0,20,,91554,9,,,0,20,,91543,9,,,0,60,,91553,9,,,0,20,,91552,9,,,0,20,,91542,9,,,0,60,,91550,9,,,0,20,,91549,9,,,0,20,,91585,9,,,0,60,,91548,9,,,0,20,,91547,9,,,0,20,,91584,9,,,0,60,,91546,9,,,0,22,,91545,9,,,0,20,,91583,9,,,0,57,,91544,9,,,0,14,,91586,9,,,0,16,,91579,9,,,0,55,,91582,9,,,0,16,,91578,9,,,0,15,,91587,9,,,0,15,,91577,9,,,0,55,,91581,9,,,0,15,,91576,9,,,0,15,,91588,9,,,0,15,,91575,9,,,0,55,,91580,9,,,0,15,,91574,9,,,0,15,,91589,9,,,0,19,,91573,9,,,0,60,,91572,9,,,0,20,,91590,9,,,0,20,,91571,9,,,0,67,,91570,9,,,0,30,,91569,9,,,0,70,,91568,9,,,0,34,,91567,9,,,0,77,,91566,9,,,0,100,,91565,9,,,0,110,,91564,9,,,0,164,,91563,9,,,0
682201,'1_merged_15291795',604,,96148,33,,,0,20,,96159,33,,,0,16,,96138,34,,,0,4,,96164,33,,,0,15,,96149,33,,,0,60,,96165,33,,,0,24,,96168,33,,,0,59,,96169,33,,,0,26,,96150,33,,,0,23,,96166,33,,,0,70,,96151,33,,,0,28,,96143,33,,,0,69,,96152,33,,,0,30,,96144,33,,,0,64,,96153,33,,,0,30,,96145,33,,,0,71,,96154,33,,,0,35,,96146,33,,,0,71,,96155,33,,,0,30,,96147,33,,,0,77,,96156,33,,,0,26,,96163,33,,,0,51,,96140,34,,,0,10,,96170,33,,,0,20,,96157,33,,,0,22,,96167,33,,,0,62,,96171,33,,,0,22,,96160,33,,,0,9,,96139,34,,,0,55,,96141,33,,,0,18,,96172,33,,,0,18,,96161,33,,,0,20,,96142,33,,,0,60,,96173,33,,,0,20,,96162,33,,,0,63,,96158,33,,,0,23,,96174,33,,,0,30,,96175,33,,,0,80,,96176,33,,,0,77,,96177,33,,,0,100,,96178,33,,,0
682201,'2_merged_15291797',716,,96192,33,,,0,35,,96193,33,,,0,60,,96207,34,,,0,11,,96189,33,,,0,30,,96180,33,,,0,69,,96179,33,,,0,30,,96191,33,,,0,70,,96194,33,,,0,30,,96181,33,,,0,70,,96195,33,,,0,30,,96182,33,,,0,70,,96196,33,,,0,31,,96183,33,,,0,70,,96197,33,,,0,30,,96184,33,,,0,55,,96208,34,,,0,17,,96198,33,,,0,29,,96185,33,,,0,71,,96199,33,,,0,33,,96186,33,,,0,48,,96209,34,,,0,21,,96200,33,,,0,32,,96187,33,,,0,71,,96201,33,,,0,72,,96188,33,,,0,29,,96202,33,,,0,27,,96190,33,,,0,70,,96203,33,,,0,28,,96204,33,,,0,67,,96205,33,,,0,31,,96206,33,,,0,100,,96210,33,,,0
682201,'3_merged_15291796',744,,96223,33,,,0,71,,96238,34,,,0,6,,96212,33,,,0,30,,96213,33,,,0,69,,96211,33,,,0,30,,96214,33,,,0,70,,96225,33,,,0,30,,96215,33,,,0,70,,96226,33,,,0,30,,96216,33,,,0,70,,96227,33,,,0,30,,96217,33,,,0,70,,96228,33,,,0,29,,96218,33,,,0,7,,96239,34,,,0,64,,96229,33,,,0,30,,96219,33,,,0,70,,96230,33,,,0,31,,96220,33,,,0,8,,96240,34,,,0,65,,96231,33,,,0,30,,96221,33,,,0,71,,96232,33,,,0,29,,96222,33,,,0,68,,96233,33,,,0,31,,96224,33,,,0,69,,96234,33,,,0,29,,96235,33,,,0,70,,96236,33,,,0,31,,96237,33,,,0,100,,96241,33,,,0
682500,'1_merged_15291795',811,,96364,5,,,0,96,,96366,5,,,0,100,,96369,5,,,0,100,,96371,5,,,0,100,,96372,5,,,0,100,,96374,5,,,0,100,,96376,5,,,0,100,,96379,5,,,0,100,,96381,5,,,0,100,,96384,5,,,0,100,,96362,5,,,0,100,,96363,5,,,0
682500,'2_merged_15291797',912,,96391,5,,,0,100,,96389,5,,,0,100,,96387,5,,,0,100,,96385,5,,,0,100,,96404,5,,,0,100,,96402,5,,,0,100,,96400,5,,,0,100,,96398,5,,,0,100,,96396,5,,,0,100,,96394,5,,,0,100,,96392,5,,,0
682500,'3_merged_15291796',942,,96406,5,,,0,80,,96407,5,,,0,80,,96408,5,,,0,40,,96409,5,,,0,80,,96410,5,,,0,80,,96411,5,,,0,40,,96412,5,,,0,80,,96413,5,,,0,80,,96414,5,,,0,40,,96415,5,,,0,80,,96416,5,,,0,80,,96417,5,,,0,40,,96418,5,,,0,80,,96419,5,,,0
1169601,'1_merged_15291795',451,,99036,5,,,0,70,,99037,5,,,0,30,,99038,5,,,0,70,,99039,5,,,0,30,,99040,5,,,0,70,,99041,5,,,0,30,,99042,5,,,0,70,,99043,5,,,0,30,,99044,5,,,0,70,,99064,5,,,0,30,,99045,5,,,0,70,,99065,5,,,0,30,,99046,5,,,0,70,,99066,5,,,0,30,,99047,5,,,0,70,,99067,5,,,0,30,,99048,5,,,0,70,,99068,5,,,0,30,,99049,5,,,0,70,,99069,5,,,0,30,,99050,5,,,0,70,,99061,5,,,0,30,,99051,5,,,0,70,,99052,5,,,0,30,,99053,5,,,0,70,,99054,5,,,0,30,,99055,5,,,0,70,,99056,5,,,0,30,,99057,5,,,0,70,,99070,5,,,0,30,,99058,5,,,0,70,,99071,5,,,0,30,,99059,5,,,0,70,,99072,5,,,0,30,,99060,5,,,0,70,,99073,5,,,0,30,,99062,5,,,0,70,,99074,5,,,0,30,,99063,5,,,0
1169601,'2_merged_15291797',616,,99075,5,,,0,30,,99076,5,,,0,70,,99103,5,,,0,30,,99077,5,,,0,70,,99078,5,,,0,30,,99104,5,,,0,70,,99079,5,,,0,30,,99080,5,,,0,70,,99081,5,,,0,30,,99082,5,,,0,70,,99083,5,,,0,30,,99084,5,,,0,70,,99085,5,,,0,30,,99086,5,,,0,70,,99087,5,,,0,30,,99088,5,,,0,70,,99089,5,,,0,30,,99090,5,,,0,68,,99091,5,,,0,32,,99092,5,,,0,70,,99093,5,,,0,30,,99094,5,,,0,70,,99095,5,,,0,30,,99096,5,,,0,70,,99097,5,,,0,30,,99098,5,,,0,70,,99099,5,,,0,30,,99100,5,,,0,70,,99105,5,,,0,30,,99101,5,,,0,70,,99106,5,,,0,30,,99102,5,,,0
1169601,'3_merged_15291796',646,,99107,5,,,0,70,,99131,5,,,0,30,,99108,5,,,0,70,,99109,5,,,0,30,,99132,5,,,0,70,,99110,5,,,0,30,,99111,5,,,0,70,,99112,5,,,0,30,,99113,5,,,0,70,,99114,5,,,0,30,,99115,5,,,0,70,,99116,5,,,0,30,,99117,5,,,0,70,,99118,5,,,0,30,,99119,5,,,0,70,,99120,5,,,0,28,,99121,5,,,0,73,,99122,5,,,0,29,,99123,5,,,0,71,,99124,5,,,0,29,,99125,5,,,0,70,,99126,5,,,0,30,,99127,5,,,0,70,,99128,5,,,0,30,,99129,5,,,0,70,,99133,5,,,0,30,,99130,5,,,0,70,,99134,5,,,0,30,,99135,5,,,0
