672601,'1',612,,30843,21,,,0,89,,30844,49,,,0,33,,30845,49,,,0,72,,30846,49,,,0,31,,30847,49,,,0,70,,30848,49,,,0,35,,30849,49,,,0,72,,30850,49,,,0,25,,30851,43,,,0,65,,30852,43,,,0,37,,30853,43,,,0,70,,30854,43,,,0,29,,30855,43,,,0,65,,30856,43,,,0,40,,30857,43,,,0,74,,30858,43,,,0,31,,30859,43,,,0,61,,30860,43,,,0,28,,30861,43,,,0,74,,30862,49,,,0,30,,30863,49,,,0,76,,30864,49,,,0,24,,30865,49,,,0,67,,30866,49,,,0,31,,30867,49,,,0,72,,30868,43,,,0,27,,30869,43,,,0,69,,30870,43,,,0,31,,30837,43,,,0
672601,'2',714,,30891,43,,,0,101,,30878,43,,,0,33,,30893,43,,,0,69,,30894,43,,,0,30,,30892,43,,,0,70,,30895,43,,,0,28,,30876,43,,,0,68,,30896,43,,,0,28,,30877,43,,,0,68,,30897,43,,,0,31,,30879,43,,,0,72,,30898,43,,,0,28,,30880,43,,,0,68,,30899,43,,,0,30,,30882,43,,,0,71,,30883,43,,,0,30,,30900,43,,,0,70,,30871,43,,,0,30,,30890,43,,,0,70,,30872,43,,,0,32,,30881,43,,,0,72,,30873,43,,,0,31,,30885,43,,,0,70,,30874,43,,,0,28,,30884,43,,,0,74,,30875,43,,,0
672601,'3',827,,30927,43,,,0,80,,30917,43,,,0,30,,30901,43,,,0,77,,30918,43,,,0,34,,30914,43,,,0,78,,30919,43,,,0,74,,30909,43,,,0,23,,30920,43,,,0,31,,30902,43,,,0,67,,30921,43,,,0,29,,30903,43,,,0,72,,30926,43,,,0,29,,30913,43,,,0,69,,30922,43,,,0,29,,30904,43,,,0,68,,30923,43,,,0,29,,30905,43,,,0,72,,30924,43,,,0,28,,30906,43,,,0,70,,30925,43,,,0,30,,30907,43,,,0
3454300,'1',505,,50879,24,0,37,0,22,,50880,24,0,37,0,15,,50890,24,0,37,0,15,,50816,24,0,37,0,55,,50817,24,0,37,0,13,,50818,24,0,37,0,16,,50889,24,0,37,0,12,,50819,24,0,37,0,52,,50820,24,0,37,0,13,,50821,24,0,37,0,15,,50888,24,0,37,0,11,,50822,24,0,37,0,12,,50823,24,0,37,0,52,,50824,24,0,37,0,14,,50825,24,0,37,0,13,,50887,24,0,37,0,12,,50826,24,0,37,0,11,,50827,24,0,37,0,51,,50828,24,0,37,0,15,,50829,24,0,37,0,15,,50886,24,0,37,0,16,,50830,24,0,37,0,55,,50831,24,0,37,0,15,,50832,24,0,37,0,15,,50885,24,0,37,0,16,,50833,24,0,37,0,55,,50834,24,0,37,0,15,,50835,24,0,37,0,15,,50884,24,0,37,0,15,,50836,24,0,37,0,55,,50837,24,0,37,0,16,,50838,24,0,37,0,15,,50883,24,0,37,0,16,,50839,24,0,37,0,56,,50840,24,0,37,0,15,,50841,24,0,37,0,15,,50882,24,0,37,0,57,,50876,24,0,37,0,15,,50877,24,0,37,0,18,,50878,24,0,37,0,15,,50891,24,0,37,0,54,,50842,24,0,37,0,16,,50843,24,0,37,0,21,,50844,24,0,37,0,9,,50845,24,0,37,0,63,,50846,24,0,37,0,12,,50847,24,0,37,0,11,,50848,24,0,37,0,11,,50849,24,0,37,0,11,,50850,24,0,37,0,52,,50851,24,0,37,0,12,,50852,24,0,37,0,12,,50853,24,0,37,0,12,,50854,24,0,37,0,11,,50855,24,0,37,0,50,,50856,24,0,37,0,12,,50857,24,0,37,0,12,,50858,24,0,37,0,12,,50859,24,0,37,0,664,,50875,24,0,37,0,95,,50881,24,0,37,0
3454300,'101',1600,,50892,24,0,37,0
3454300,'2',540,,50920,24,,,0,67,,50919,24,,,0,30,,50918,24,,,0,64,,50917,24,,,0,32,,50916,24,,,0,71,,50915,24,,,0,34,,50914,24,,,0,71,,50913,24,,,0,21,,50893,24,,,0,21,,50912,24,,,0,60,,50911,24,,,0,20,,50910,24,,,0,21,,50909,24,,,0,60,,50908,24,,,0,20,,50907,24,,,0,21,,50906,24,,,0,60,,50905,24,,,0,20,,50904,24,,,0,21,,50903,24,,,0,60,,50902,24,,,0,20,,50901,24,,,0,20,,50900,24,,,0,60,,50899,24,,,0,20,,50898,24,,,0,20,,50897,24,,,0,60,,50896,24,,,0,20,,50895,24,,,0,20,,50894,24,,,0,60,,50941,24,,,0,20,,50940,24,,,0,20,,50939,24,,,0,60,,50938,24,,,0,20,,50937,24,,,0,20,,50936,24,,,0,60,,50935,24,,,0,20,,50934,24,,,0,18,,50933,24,,,0,658,,50922,24,0,37,0,97,,50921,24,0,37,0
3454300,'2001',1439,,50942,12,0,37,0
3454300,'201',1600,,50943,24,0,37,0
3454300,'3',540,,50986,24,,,0,76,,50987,24,,,0,30,,50944,24,,,0,71,,50945,24,,,0,30,,50946,24,,,0,70,,50947,24,,,0,31,,50971,24,,,0,68,,50972,24,,,0,28,,50973,24,,,0,67,,50974,24,,,0,27,,50979,24,,,0,20,,50975,24,,,0,60,,50976,24,,,0,20,,50980,24,,,0,19,,50977,24,,,0,60,,50978,24,,,0,20,,50981,24,,,0,20,,50948,24,,,0,60,,50949,24,,,0,22,,50982,24,,,0,19,,50950,24,,,0,60,,50951,24,,,0,20,,50983,24,,,0,20,,50952,24,,,0,60,,50953,24,,,0,20,,50984,24,,,0,21,,50954,24,,,0,58,,50955,24,,,0,20,,50985,24,,,0,20,,50956,24,,,0,66,,50957,24,,,0,27,,50958,24,,,0,67,,50959,24,,,0,688,,50969,24,0,37,0,100,,50970,24,0,37,0
3454300,'62101',1520,,50988,12,0,37,0
