672101,'1_merged_15291795',509,,87964,8,,,0,15,,87967,8,,,0,15,,87962,8,,,0,13,,87969,8,,,0,53,,87968,8,,,0,14,,87966,8,,,0,13,,87970,8,,,0,27,,87965,8,,,0,79,,87963,8,,,0
681600,'1_merged_15291795',722,,94774,28,,,0,100,,94773,28,,,0,100,,94772,28,,,0,100,,94771,28,,,0,100,,94770,28,,,0,100,,94769,28,,,0,100,,94768,28,,,0,100,,94767,28,,,0,100,,94765,28,,,0,100,,94764,28,,,0,100,,94763,28,,,0,100,,94762,28,,,0,100,,94761,28,,,0,100,,94760,28,,,0,100,,94766,28,,,0
681600,'2_merged_15291797',922,,94775,28,,,0,100,,94776,28,,,0,100,,94777,28,,,0,100,,94778,28,,,0,100,,94779,28,,,0,100,,94780,28,,,0,100,,94781,28,,,0,100,,94782,28,,,0,100,,94783,28,,,0,100,,94784,28,,,0,100,,94785,28,,,0,100,,94786,28,,,0,100,,94787,28,,,0
681600,'3_merged_15291796',922,,94790,28,,,0,100,,94789,28,,,0,100,,94788,28,,,0,100,,94797,28,,,0,100,,94796,28,,,0,100,,94795,28,,,0,100,,94794,28,,,0,100,,94793,28,,,0,100,,94792,28,,,0,100,,94791,28,,,0
1169201,'101_merged_15291802',1558,,98749,8,,,0
1169201,'1_merged_15291795',604,,98776,8,,,0,21,,98775,8,,,0,20,,98780,8,,,0,60,,98774,8,,,0,20,,98773,8,,,0,17,,98795,8,,,0,17,,98772,8,,,0,56,,98781,8,,,0,15,,98771,8,,,0,15,,98796,8,,,0,55,,98782,8,,,0,15,,98770,8,,,0,18,,98769,8,,,0,21,,98784,8,,,0,60,,98768,8,,,0,20,,98767,8,,,0,20,,98783,8,,,0,60,,98766,8,,,0,20,,98785,8,,,0,20,,98765,8,,,0,61,,98764,8,,,0,20,,98786,8,,,0,20,,98763,8,,,0,60,,98762,8,,,0,20,,98787,8,,,0,20,,98761,8,,,0,61,,98760,8,,,0,20,,98788,8,,,0,21,,98759,8,,,0,61,,98758,8,,,0,20,,98789,8,,,0,80,,98778,8,,,0,16,,98792,8,,,0,15,,98757,8,,,0,55,,98793,8,,,0,15,,98756,8,,,0,16,,98755,8,,,0,16,,98790,8,,,0,54,,98794,8,,,0,15,,98777,8,,,0,16,,98791,8,,,0,15,,98754,8,,,0,69,,98753,8,,,0,30,,98752,8,,,0,70,,98750,8,,,0,30,,98751,8,,,0,71,,98779,8,,,0,100,,98797,8,,,0,101,,98798,8,,,0,97,,98799,8,,,0
1169201,'2_merged_15291797',700,,98800,8,,,0,22,,98826,8,,,0,21,,98801,8,,,0,60,,98802,8,,,0,20,,98827,8,,,0,20,,98825,8,,,0,60,,98803,8,,,0,21,,98828,8,,,0,21,,98804,8,,,0,60,,98805,8,,,0,21,,98829,8,,,0,20,,98806,8,,,0,60,,98807,8,,,0,19,,98830,8,,,0,19,,98808,8,,,0,59,,98809,8,,,0,20,,98831,8,,,0,21,,98810,8,,,0,60,,98811,8,,,0,21,,98832,8,,,0,20,,98812,8,,,0,60,,98813,8,,,0,19,,98833,8,,,0,20,,98814,8,,,0,60,,98815,8,,,0,20,,98834,8,,,0,20,,98818,8,,,0,60,,98816,8,,,0,20,,98835,8,,,0,20,,98817,8,,,0,60,,98819,8,,,0,19,,98836,8,,,0,20,,98820,8,,,0,60,,98821,8,,,0,19,,98841,8,,,0,20,,98822,8,,,0,70,,98823,8,,,0,29,,98824,8,,,0,100,,98837,8,,,0,100,,98838,8,,,0,98,,98839,8,,,0,98,,98840,8,,,0
1169201,'3_merged_15291796',759,,98843,8,,,0,70,,98844,8,,,0,75,,98845,8,,,0,33,,98846,8,,,0,72,,98847,8,,,0,32,,98848,8,,,0,71,,98849,8,,,0,30,,98850,8,,,0,70,,98851,8,,,0,30,,98865,8,,,0,70,,98852,8,,,0,30,,98853,8,,,0,70,,98854,8,,,0,20,,98842,8,,,0,20,,98866,8,,,0,61,,98855,8,,,0,20,,98856,8,,,0,20,,98867,8,,,0,60,,98857,8,,,0,20,,98858,8,,,0,20,,98868,8,,,0,60,,98859,8,,,0,20,,98860,8,,,0,69,,98869,8,,,0,29,,98861,8,,,0,70,,98862,8,,,0,30,,98863,8,,,0,97,,98864,8,,,0,100,,98870,8,,,0,100,,98871,8,,,0,100,,98872,8,,,0
1870500,'1_merged_15291795',631,,100669,50,,,0,16,,100673,50,,,0,56,,100680,50,,,0,15,,100653,50,,,0,15,,100654,50,,,0,18,,100674,50,,,0,52,,100688,50,,,0,15,,100684,50,,,0,12,,100655,50,,,0,15,,100656,50,,,0,60,,100675,50,,,0,20,,100657,50,,,0,20,,100658,50,,,0,60,,100641,50,,,0,30,,100642,50,,,0,70,,100643,50,,,0,31,,100644,50,,,0,71,,100645,50,,,0,30,,100672,50,,,0,71,,100646,50,,,0,30,,100647,50,,,0,70,,100649,50,,,0,24,,100648,50,,,0,20,,100676,50,,,0,61,,100682,50,,,0,22,,100650,50,,,0,20,,100677,50,,,0,61,,100651,50,,,0,21,,100652,50,,,0,20,,100678,50,,,0,59,,100659,50,,,0,15,,100660,50,,,0,18,,100681,50,,,0,55,,100683,50,,,0,18,,100679,50,,,0,16,,100661,50,,,0,18,,100662,50,,,0,60,,100663,50,,,0,23,,100664,50,,,0,67,,100665,50,,,0,30,,100666,50,,,0,70,,100667,50,,,0,25,,100668,50,,,0,96,,100685,50,,,0,99,,100686,50,,,0,100,,100687,50,,,0
1870500,'2_merged_15291797',628,,100712,50,,,0,74,,100713,50,,,0,32,,100714,50,,,0,71,,100715,50,,,0,31,,100716,50,,,0,73,,100717,50,,,0,33,,100718,50,,,0,70,,100719,50,,,0,30,,100689,50,,,0,70,,100690,50,,,0,30,,100691,50,,,0,69,,100692,50,,,0,28,,100693,50,,,0,68,,100694,50,,,0,30,,100695,50,,,0,70,,100696,50,,,0,30,,100697,50,,,0,71,,100698,50,,,0,30,,100699,50,,,0,70,,100700,50,,,0,30,,100701,50,,,0,68,,100702,50,,,0,30,,100703,50,,,0,70,,100704,50,,,0,32,,100708,50,,,0,72,,100705,50,,,0,30,,100706,50,,,0,69,,100707,50,,,0,29,,100709,50,,,0,68,,100710,50,,,0,30,,100711,50,,,0,94,,100720,50,,,0,99,,100721,50,,,0,100,,100722,50,,,0
1870500,'3_merged_15291796',629,,100727,50,,,0,74,,100728,50,,,0,30,,100729,50,,,0,70,,100730,50,,,0,30,,100738,50,,,0,71,,100731,50,,,0,30,,100732,50,,,0,70,,100733,50,,,0,30,,100734,50,,,0,70,,100735,50,,,0,30,,100736,50,,,0,73,,100737,50,,,0,31,,100739,50,,,0,72,,100740,50,,,0,28,,100741,50,,,0,70,,100742,50,,,0,30,,100743,50,,,0,72,,100744,50,,,0,26,,100745,50,,,0,70,,100746,50,,,0,30,,100747,50,,,0,70,,100748,50,,,0,29,,100749,50,,,0,70,,100750,50,,,0,28,,100751,50,,,0,68,,100752,50,,,0,30,,100753,50,,,0,72,,100723,50,,,0,30,,100724,50,,,0,70,,100725,50,,,0,28,,100726,50,,,0,99,,100754,50,,,0,99,,100755,50,,,0,100,,100756,50,,,0
