667700,'1',605,,137822,4,,,0,29,,137795,4,,,0,72,,137803,4,,,0,28,,137810,4,,,0,72,,137820,4,,,0,28,,137806,4,,,0,78,,137790,4,,,0,24,,137828,4,,,0,88,,137789,4,,,0,31,,137797,4,,,0,68,,137804,4,,,0,29,,137802,4,,,0,70,,137801,4,,,0,30,,137811,4,,,0,71,,137788,4,,,0,30,,137826,4,,,0,53,,137791,4,,,0,31,,137792,4,,,0,66,,137785,4,,,0,19,,137816,4,,,0,15,,137796,4,,,0,68,,137799,4,,,0,21,,137807,4,,,0,12,,137800,4,,,0,18,,137817,4,,,0,54,,137812,4,,,0,19,,137823,4,,,0,20,,137827,4,,,0,53,,137813,4,,,0,16,,137824,4,,,0,12,,137821,4,,,0,13,,137814,4,,,0,13,,137794,4,,,0,52,,137815,4,,,0,14,,137809,4,,,0,16,,137829,4,,,0,17,,137805,4,,,0,57,,137787,4,,,0,15,,137825,4,,,0,14,,137786,4,,,0,68,,137818,4,,,0,27,,137808,4,,,0,70,,137798,4,,,0,30,,137831,4,,,0,69,,137819,4,,,0,30,,137830,4,,,0,70,,137793,4,,,0
667700,'101',1556,,137782,4,,,0
667700,'1101',2508,,137783,4,,,0
667700,'1201',2508,,137784,4,,,0
667700,'2',639,,137860,4,,,0,66,,137861,4,,,0,31,,137840,4,,,0,70,,137868,4,,,0,30,,137869,4,,,0,70,,137836,4,,,0,30,,137866,4,,,0,70,,137843,4,,,0,31,,137874,4,,,0,71,,137838,4,,,0,27,,137873,4,,,0,72,,137875,4,,,0,30,,137841,4,,,0,70,,137839,4,,,0,33,,137878,4,,,0,16,,137849,4,,,0,59,,137876,4,,,0,22,,137834,4,,,0,19,,137859,4,,,0,60,,137865,4,,,0,21,,137864,4,,,0,19,,137858,4,,,0,60,,137835,4,,,0,21,,137842,4,,,0,19,,137857,4,,,0,65,,137877,4,,,0,19,,137844,4,,,0,60,,137856,4,,,0,22,,137870,4,,,0,20,,137867,4,,,0,64,,137855,4,,,0,16,,137848,4,,,0,15,,137845,4,,,0,15,,137863,4,,,0,56,,137854,4,,,0,30,,137871,4,,,0,70,,137862,4,,,0,30,,137846,4,,,0,70,,137851,4,,,0,30,,137850,4,,,0,69,,137872,4,,,0,30,,137853,4,,,0,70,,137837,4,,,0,32,,137852,4,,,0,66,,137847,4,,,0,36,,137833,4,,,0
667700,'201',1556,,137832,4,,,0
667700,'3',808,,137896,4,,,0,30,,137890,4,,,0,70,,137899,4,,,0,29,,137889,4,,,0,69,,137897,4,,,0,30,,137888,4,,,0,68,,137898,4,,,0,31,,137879,4,,,0,70,,137900,4,,,0,30,,137887,4,,,0,72,,137883,4,,,0,30,,137895,4,,,0,71,,137902,4,,,0,28,,137894,4,,,0,16,,137916,4,,,0,69,,137903,4,,,0,16,,137893,4,,,0,15,,137915,4,,,0,70,,137906,4,,,0,16,,137892,4,,,0,15,,137914,4,,,0,71,,137904,4,,,0,14,,137891,4,,,0,17,,137913,4,,,0,69,,137901,4,,,0,14,,137886,4,,,0,17,,137912,4,,,0,68,,137881,4,,,0,15,,137885,4,,,0,18,,137911,4,,,0,65,,137880,4,,,0,17,,137884,4,,,0,69,,137882,4,,,0,30,,137910,4,,,0,72,,137907,4,,,0,30,,137909,4,,,0,70,,137905,4,,,0,34,,137908,4,,,0
667800,'1',533,,138074,4,,,0,15,,138076,4,,,0,73,,138078,4,,,0,20,,138090,4,,,0,15,,138058,4,,,0,53,,138054,4,,,0,15,,138093,4,,,0,13,,138067,4,,,0,16,,138094,4,,,0,71,,138087,4,,,0,27,,138064,4,,,0,72,,138092,4,,,0,30,,138086,4,,,0,67,,138060,4,,,0,31,,138065,4,,,0,69,,138079,4,,,0,30,,138096,4,,,0,70,,138069,4,,,0,30,,138059,4,,,0,69,,138061,4,,,0,30,,138070,4,,,0,73,,138084,4,,,0,31,,138066,4,,,0,58,,138095,4,,,0,23,,138099,4,,,0,19,,138100,4,,,0,54,,138083,4,,,0,17,,138089,4,,,0,16,,138098,4,,,0,17,,138056,4,,,0,52,,138085,4,,,0,18,,138097,4,,,0,11,,138071,4,,,0,21,,138072,4,,,0,50,,138053,4,,,0,10,,138082,4,,,0,10,,138055,4,,,0,10,,138057,4,,,0,20,,138073,4,,,0,54,,138062,4,,,0,30,,138068,4,,,0,70,,138081,4,,,0,31,,138063,4,,,0,78,,138080,4,,,0,30,,138075,4,,,0,96,,138077,4,,,0,100,,138088,4,,,0,100,,138091,4,,,0
667800,'2',622,,138110,4,,,0,30,,138102,4,,,0,70,,138123,4,,,0,29,,138103,4,,,0,72,,138134,4,,,0,30,,138133,4,,,0,69,,138125,4,,,0,30,,138135,4,,,0,69,,138131,4,,,0,30,,138107,4,,,0,70,,138105,4,,,0,28,,138101,4,,,0,74,,138106,4,,,0,29,,138108,4,,,0,70,,138136,4,,,0,31,,138109,4,,,0,69,,138119,4,,,0,29,,138126,4,,,0,70,,138115,4,,,0,30,,138127,4,,,0,73,,138116,4,,,0,29,,138128,4,,,0,70,,138117,4,,,0,30,,138132,4,,,0,70,,138120,4,,,0,30,,138129,4,,,0,70,,138111,4,,,0,30,,138130,4,,,0,70,,138113,4,,,0,30,,138121,4,,,0,69,,138137,4,,,0,17,,138112,4,,,0,70,,138124,4,,,0,30,,138122,4,,,0,100,,138118,4,,,0,100,,138114,4,,,0
667800,'3',820,,138162,4,,,0,31,,138166,4,,,0,70,,138161,4,,,0,28,,138146,4,,,0,63,,138160,4,,,0,30,,138145,4,,,0,71,,138159,4,,,0,36,,138164,4,,,0,73,,138158,4,,,0,32,,138165,4,,,0,69,,138157,4,,,0,30,,138142,4,,,0,71,,138156,4,,,0,29,,138139,4,,,0,71,,138155,4,,,0,30,,138140,4,,,0,71,,138154,4,,,0,30,,138138,4,,,0,69,,138153,4,,,0,30,,138147,4,,,0,69,,138152,4,,,0,30,,138141,4,,,0,71,,138151,4,,,0,28,,138144,4,,,0,73,,138150,4,,,0,21,,138148,4,,,0,99,,138143,4,,,0,95,,138167,4,,,0,102,,138149,4,,,0,95,,138168,4,,,0
669200,'1',609,,184715,27,,,0,30,,184716,27,,,0,70,,184717,27,,,0,20,,184718,27,,,0,20,,184719,27,,,0,60,,184720,27,,,0,20,,184721,27,,,0,20,,184722,27,,,0,60,,184723,27,,,0,20,,184724,27,,,0,20,,184725,27,,,0,60,,184726,27,,,0,22,,184727,27,,,0,21,,184728,27,,,0,60,,184729,27,,,0,20,,184730,27,,,0,21,,184731,27,,,0,60,,184732,27,,,0,20,,184733,27,,,0,20,,184734,27,,,0,60,,184735,27,,,0,20,,184736,27,,,0,20,,184737,27,,,0,60,,184738,27,,,0,24,,184739,27,,,0,20,,184740,27,,,0,60,,184741,27,,,0,20,,184742,27,,,0,20,,184743,27,,,0,60,,184744,27,,,0,20,,184745,27,,,0,20,,184746,27,,,0,60,,184747,27,,,0,20,,184748,27,,,0,20,,184749,27,,,0,57,,184750,27,,,0,20,,184751,27,,,0,25,,184752,27,,,0,65,,184753,27,,,0,30,,184754,27,,,0,69,,184755,27,,,0,20,,184756,27,,,0,70,,184757,27,,,0,40,,184758,27,,,0,71,,184759,14,,,0,77,,184760,14,,,0,29,,184761,14,,,0,77,,184762,14,,,0,32,,184763,14,,,0,86,,184764,14,,,0
669200,'2',603,,182016,27,,,0,20,,182017,27,,,0,30,,182018,27,,,0,70,,182019,27,,,0,30,,182020,27,,,0,70,,182021,27,,,0,30,,182022,27,,,0,70,,182023,27,,,0,30,,182024,27,,,0,70,,182025,27,,,0,32,,182026,27,,,0,70,,182027,27,,,0,21,,182028,27,,,0,64,,182029,27,,,0,20,,182030,27,,,0,20,,182031,27,,,0,60,,182032,27,,,0,20,,182033,27,,,0,20,,182034,27,,,0,60,,182035,27,,,0,22,,182036,27,,,0,20,,182037,27,,,0,60,,182038,27,,,0,20,,182039,27,,,0,20,,182040,27,,,0,60,,182041,27,,,0,20,,182042,27,,,0,20,,182043,27,,,0,60,,182044,27,,,0,19,,182045,27,,,0,20,,182046,27,,,0,60,,182047,27,,,0,20,,182048,27,,,0,70,,182049,27,,,0,25,,182050,27,,,0,30,,182051,27,,,0,70,,182052,27,,,0,29,,182053,27,,,0,57,,182054,14,,,0,40,,182055,14,,,0,80,,182056,14,,,0,80,,182057,14,,,0,40,,182058,14,,,0,80,,182059,14,,,0,80,,182060,14,,,0
669200,'3',654,,182061,27,,,0,70,,182062,27,,,0,30,,182063,27,,,0,70,,182064,27,,,0,30,,182065,27,,,0,70,,182066,27,,,0,31,,182067,27,,,0,70,,182068,27,,,0,32,,182069,27,,,0,69,,182070,27,,,0,20,,182071,27,,,0,60,,182072,27,,,0,20,,182073,27,,,0,20,,182074,27,,,0,60,,182075,27,,,0,20,,182076,27,,,0,20,,182077,27,,,0,61,,182078,27,,,0,22,,182079,27,,,0,20,,182080,27,,,0,60,,182081,27,,,0,20,,182082,27,,,0,20,,182083,27,,,0,60,,182084,27,,,0,20,,182085,27,,,0,20,,182086,27,,,0,60,,182087,27,,,0,20,,182088,27,,,0,20,,182089,27,,,0,61,,182090,27,,,0,20,,182091,27,,,0,70,,182092,27,,,0,25,,182093,27,,,0,30,,182094,27,,,0,70,,182095,27,,,0,30,,182096,27,,,0,59,,182097,14,,,0,40,,182098,14,,,0,80,,182099,14,,,0,79,,182100,14,,,0,41,,182101,14,,,0,80,,182102,14,,,0,80,,182103,14,,,0
683700,'1',2530,,155452,30,,,0,20,,155451,30,,,0,60,,155447,30,,,0,29,,155450,30,,,0,74,,155449,30,,,0,19,,155448,30,,,0,68,,155446,30,,,0
683700,'1101',2650,,155444,30,,,0
683700,'1201',2650,,155445,30,,,0
683700,'2',517,,155461,4,,,0,2020,,155455,30,,,0,22,,155460,30,,,0,54,,155454,30,,,0,19,,155459,30,,,0,20,,155456,30,,,0,70,,155458,30,,,0,12,,155457,30,,,0,74,,155453,30,,,0
683700,'3',547,,155470,4,,,0,74,,155471,4,,,0,31,,155472,4,,,0,69,,155473,24,,,0,1688,,155466,30,,,0,34,,155465,30,,,0,68,,155464,30,,,0,42,,155463,30,,,0,69,,155462,30,,,0,21,,155469,30,,,0,88,,155468,30,,,0,27,,155467,30,,,0
