668200,'1',506,,138877,3,,,0,24,,138807,3,,,0,12,,138872,3,,,0,10,,138808,3,,,0,48,,138842,3,,,0,9,,138799,3,,,0,8,,138868,3,,,0,8,,138788,3,,,0,7,,138873,3,,,0,7,,138790,3,,,0,7,,138869,3,,,0,8,,138816,3,,,0,47,,138789,3,,,0,7,,138805,3,,,0,7,,138787,3,,,0,7,,138874,3,,,0,7,,138786,3,,,0,7,,138860,3,,,0,8,,138819,3,,,0,6,,138866,3,,,0,7,,138863,3,,,0,47,,138879,3,,,0,6,,138830,3,,,0,7,,138841,3,,,0,8,,138878,3,,,0,8,,138801,3,,,0,8,,138861,3,,,0,11,,138803,3,,,0,55,,138836,3,,,0,15,,138797,3,,,0,15,,138793,3,,,0,14,,138823,3,,,0,54,,138826,3,,,0,15,,138840,3,,,0,15,,138825,3,,,0,15,,138854,3,,,0,55,,138824,3,,,0,15,,138828,3,,,0,14,,138822,3,,,0,14,,138811,3,,,0,54,,138813,3,,,0,14,,138804,3,,,0,15,,138815,3,,,0,15,,138857,3,,,0,55,,138850,3,,,0,15,,138858,3,,,0,16,,138817,3,,,0,14,,138798,3,,,0,54,,138848,3,,,0,12,,138810,3,,,0,11,,138847,3,,,0,10,,138871,3,,,0,10,,138875,3,,,0,10,,138809,3,,,0,51,,138806,3,,,0,10,,138814,3,,,0,10,,138796,3,,,0,11,,138876,3,,,0,11,,138829,3,,,0,8,,138843,3,,,0,49,,138862,3,,,0,9,,138864,3,,,0,9,,138802,3,,,0,8,,138795,3,,,0,19,,138794,3,,,0,10,,138818,3,,,0,50,,138800,3,,,0,10,,138865,3,,,0,10,,138870,3,,,0,10,,138856,3,,,0,10,,138835,3,,,0,10,,138834,3,,,0,50,,138792,3,,,0,15,,138791,3,,,0,14,,138833,3,,,0,15,,138832,3,,,0,54,,138831,3,,,0,14,,138846,3,,,0,14,,138855,3,,,0,15,,138845,3,,,0,55,,138853,3,,,0,15,,138844,3,,,0,15,,138852,3,,,0,15,,138827,3,,,0,56,,138851,3,,,0,20,,138849,3,,,0,20,,138839,3,,,0,60,,138838,3,,,0,23,,138837,3,,,0,22,,138785,3,,,0,62,,138820,3,,,0,27,,138821,3,,,0,71,,138859,3,,,0,32,,138812,3,,,0
668200,'101',1638,,138784,3,,,0
668200,'2',609,,138954,3,,,0,20,,138953,3,,,0,18,,138952,3,,,0,60,,138918,3,,,0,20,,138951,3,,,0,17,,138888,3,,,0,15,,138950,3,,,0,55,,138956,3,,,0,15,,138949,3,,,0,15,,138957,3,,,0,15,,138948,3,,,0,55,,138912,3,,,0,15,,138882,3,,,0,14,,138947,3,,,0,15,,138945,3,,,0,55,,138895,3,,,0,15,,138946,3,,,0,15,,138883,3,,,0,16,,138944,3,,,0,55,,138893,3,,,0,15,,138926,3,,,0,15,,138900,3,,,0,15,,138917,3,,,0,55,,138938,3,,,0,15,,138910,3,,,0,15,,138884,3,,,0,15,,138881,3,,,0,52,,138887,3,,,0,12,,138937,3,,,0,12,,138892,3,,,0,12,,138901,3,,,0,11,,138904,3,,,0,51,,138885,3,,,0,11,,138922,3,,,0,10,,138936,3,,,0,10,,138886,3,,,0,10,,138916,3,,,0,50,,138899,3,,,0,11,,138897,3,,,0,10,,138925,3,,,0,11,,138898,3,,,0,10,,138935,3,,,0,10,,138919,3,,,0,50,,138890,3,,,0,10,,138911,3,,,0,10,,138934,3,,,0,10,,138924,3,,,0,10,,138927,3,,,0,10,,138958,3,,,0,50,,138921,3,,,0,10,,138920,3,,,0,10,,138923,3,,,0,10,,138933,3,,,0,10,,138915,3,,,0,10,,138905,3,,,0,50,,138932,3,,,0,10,,138906,3,,,0,10,,138914,3,,,0,15,,138889,3,,,0,10,,138943,3,,,0,53,,138931,3,,,0,15,,138902,3,,,0,15,,138942,3,,,0,15,,138907,3,,,0,11,,138941,3,,,0,50,,138930,3,,,0,14,,138940,3,,,0,15,,138955,3,,,0,18,,138939,3,,,0,60,,138908,3,,,0,17,,138960,3,,,0,14,,138959,3,,,0,15,,138929,3,,,0,55,,138903,3,,,0,20,,138909,3,,,0,20,,138928,3,,,0,60,,138896,3,,,0,20,,138961,3,,,0,20,,138913,3,,,0,60,,138894,3,,,0,30,,138891,3,,,0
668200,'201',1638,,138880,3,,,0
668200,'3',601,,138986,3,,,0,20,,138985,3,,,0,20,,138984,3,,,0,60,,138983,3,,,0,20,,138981,3,,,0,20,,138980,3,,,0,18,,138970,3,,,0,55,,138969,3,,,0,15,,139008,3,,,0,15,,138968,3,,,0,15,,139023,3,,,0,55,,138967,3,,,0,15,,138962,3,,,0,15,,139010,3,,,0,15,,138979,3,,,0,55,,139015,3,,,0,15,,138978,3,,,0,15,,138987,3,,,0,15,,138977,3,,,0,55,,138996,3,,,0,15,,138976,3,,,0,13,,139003,3,,,0,17,,138965,3,,,0,53,,138966,3,,,0,17,,138964,3,,,0,13,,138994,3,,,0,17,,138963,3,,,0,55,,139002,3,,,0,15,,139001,3,,,0,15,,139013,3,,,0,15,,139000,3,,,0,54,,138992,3,,,0,15,,138999,3,,,0,14,,139009,3,,,0,16,,138998,3,,,0,55,,139004,3,,,0,16,,138997,3,,,0,14,,138993,3,,,0,16,,139012,3,,,0,59,,139007,3,,,0,11,,139024,3,,,0,15,,139011,3,,,0,15,,139006,3,,,0,55,,139022,3,,,0,15,,138990,3,,,0,17,,139014,3,,,0,54,,138989,3,,,0,15,,139021,3,,,0,14,,138988,3,,,0,15,,138975,3,,,0,15,,139005,3,,,0,55,,138974,3,,,0,17,,138973,3,,,0,15,,139018,3,,,0,55,,138972,3,,,0,14,,139017,3,,,0,16,,138971,3,,,0,20,,138982,3,,,0,65,,139016,3,,,0,25,,138995,3,,,0,70,,139020,3,,,0,30,,139019,3,,,0,70,,138991,3,,,0
668300,'1',1531,,139264,3,,,0,21,,139275,3,,,0,54,,139276,3,,,0,10,,139277,3,,,0,19,,139271,3,,,0,22,,139273,3,,,0,65,,139262,3,,,0,26,,139265,3,,,0,9,,139263,3,,,0,51,,139261,3,,,0,27,,139260,3,,,0,66,,139267,3,,,0,26,,139272,3,,,0
668500,'1',658,,139293,3,,,0,56,,139294,3,,,0,11,,139295,3,,,0,12,,139296,3,,,0,21,,139301,3,,,0,52,,139299,3,,,0,16,,139321,3,,,0,19,,139312,3,,,0,70,,139332,3,,,0,26,,139300,3,,,0,60,,139326,3,,,0,32,,139330,3,,,0,67,,139311,3,,,0,25,,139306,3,,,0,31,,139307,3,,,0,69,,139308,3,,,0,31,,139309,3,,,0,69,,139327,3,,,0,32,,139314,3,,,0,67,,139335,3,,,0,26,,139322,3,,,0,65,,139292,3,,,0,13,,139303,3,,,0,17,,139297,3,,,0,13,,139298,3,,,0,69,,139337,3,,,0,25,,139328,3,,,0,51,,139320,3,,,0,12,,139323,3,,,0,5,,139315,3,,,0,11,,139316,3,,,0,19,,139317,3,,,0,56,,139318,3,,,0,17,,139324,3,,,0,22,,139319,3,,,0,68,,139329,3,,,0,98,,139325,3,,,0,97,,139334,3,,,0,105,,139331,3,,,0,99,,139313,3,,,0,100,,139333,3,,,0
668500,'101',1616,,139291,3,,,0,25,,139290,3,,,0
668500,'2',713,,139346,3,,,0,29,,139358,3,,,0,67,,139340,3,,,0,31,,139342,3,,,0,66,,139351,3,,,0,31,,139367,3,,,0,68,,139359,3,,,0,29,,139352,3,,,0,71,,139347,3,,,0,26,,139368,3,,,0,72,,139353,3,,,0,30,,139345,3,,,0,70,,139361,3,,,0,29,,139370,3,,,0,69,,139360,3,,,0,30,,139363,3,,,0,70,,139348,3,,,0,31,,139371,3,,,0,69,,139365,3,,,0,29,,139349,3,,,0,73,,139355,3,,,0,30,,139356,3,,,0,71,,139357,3,,,0,31,,139350,3,,,0,68,,139343,3,,,0,100,,139369,3,,,0,100,,139362,3,,,0,103,,139366,3,,,0,101,,139344,3,,,0,102,,139364,3,,,0
668500,'201',1616,,139338,3,,,0,25,,139339,3,,,0
668500,'3',804,,139381,3,,,0,101,,139380,3,,,0,99,,139391,3,,,0,31,,139385,3,,,0,71,,139384,3,,,0,28,,139389,3,,,0,71,,139390,3,,,0,29,,139388,3,,,0,69,,139387,3,,,0,28,,139392,3,,,0,73,,139396,3,,,0,30,,139393,3,,,0,70,,139395,3,,,0,30,,139397,3,,,0,69,,139375,3,,,0,31,,139394,3,,,0,70,,139376,3,,,0,32,,139398,3,,,0,70,,139373,3,,,0,37,,139374,3,,,0,62,,139382,3,,,0,104,,139378,3,,,0,99,,139379,3,,,0,99,,139386,3,,,0,106,,139383,3,,,0,97,,139377,3,,,0
668600,'1',739,,139509,3,,,0,866,,139514,3,,,0,27,,139513,3,,,0,83,,139512,3,,,0,30,,139510,3,,,0,73,,139511,3,,,0
683700,'1',2508,,155452,9,,,0,20,,155451,9,,,0,20,,155447,9,,,0,69,,155450,9,,,0,34,,155449,9,,,0,59,,155448,9,,,0,28,,155446,9,,,0
683700,'1101',2628,,155444,9,,,0
683700,'1201',2628,,155445,9,,,0
683700,'2',2511,,155455,9,,,0,22,,155460,9,,,0,14,,155454,9,,,0,59,,155459,9,,,0,20,,155456,9,,,0,30,,155458,9,,,0,52,,155457,9,,,0,34,,155453,9,,,0
683700,'3',654,,155473,3,,,0,80,,155474,3,0,50 51,0,73,,155475,3,0,50 51,0,1536,,155466,9,,,0,74,,155465,9,,,0,28,,155464,9,,,0,84,,155463,9,,,0,29,,155462,9,,,0,61,,155469,9,,,0,88,,155468,9,,,0,27,,155467,9,,,0
