668700,'1_merged_15291773',606,,22699,3,,,0,30,,22702,3,,,0,70,,22705,3,,,0,15,,22707,3,,,0,15,,22709,3,,,0,15,,22712,3,,,0,55,,22713,3,,,0,15,,22715,3,,,0,15,,22717,3,,,0,15,,22719,3,,,0,55,,22721,3,,,0,30,,22725,3,,,0,70,,22728,3,,,0,30,,22731,3,,,0,70,,22734,3,,,0,30,,22737,3,,,0,70,,22740,3,,,0,30,,22743,3,,,0,70,,22746,3,,,0,30,,22749,3,,,0,70,,22752,3,,,0,30,,22756,3,,,0,70,,22758,3,,,0,30,,22761,3,,,0,70,,22765,3,,,0,30,,22769,3,,,0,15,,22771,3,,,0,55,,22773,3,,,0,15,,22776,3,,,0,15,,22778,3,,,0,15,,22781,3,,,0,55,,22783,3,,,0,15,,22786,3,,,0,15,,22787,3,,,0,15,,22789,3,,,0,55,,22791,3,,,0,30,,22793,3,,,0,70,,22796,3,,,0,30,,22798,3,,,0,70,,22800,3,,,0,30,,22801,3,,,0,75,,22802,3,,,0,30,,22803,3,,,0,70,,22804,3,,,0,30,,22805,3,,,0,70,,22806,3,,,0
668700,'2_merged_15291775',636,,56917,3,,,0,70,,56918,3,,,0,30,,56919,3,,,0,70,,56920,3,,,0,15,,56921,3,,,0,15,,56923,3,,,0,70,,56925,3,,,0,30,,56929,3,,,0,70,,56932,3,,,0,30,,56936,3,,,0,70,,56939,3,,,0,30,,56942,3,,,0,70,,56945,3,,,0,30,,56948,3,,,0,70,,56951,3,,,0,30,,56955,3,,,0,70,,56958,3,,,0,30,,56961,3,,,0,70,,56965,3,,,0,30,,56969,3,,,0,10,,56971,3,,,0,60,,56974,3,,,0,30,,56977,3,,,0,10,,56979,3,,,0,60,,56982,3,,,0,30,,56985,3,,,0,15,,56988,3,,,0,55,,56990,3,,,0,30,,56993,3,,,0,70,,56996,3,,,0,30,,56999,3,,,0,70,,57001,3,,,0,30,,57003,3,,,0,70,,57005,3,,,0,30,,57007,3,,,0,75,,57009,3,,,0,30,,57010,3,,,0,70,,57012,3,,,0,30,,57013,3,,,0,70,,57014,3,,,0
668700,'3_merged_15291774',706,,57017,3,,,0,30,,57018,3,,,0,70,,57019,3,,,0,15,,57021,3,,,0,15,,57022,3,,,0,70,,57024,3,,,0,15,,57025,3,,,0,15,,57027,3,,,0,70,,57028,3,,,0,30,,57031,3,,,0,70,,57034,3,,,0,30,,57037,3,,,0,70,,57040,3,,,0,30,,57043,3,,,0,70,,57046,3,,,0,30,,57049,3,,,0,70,,57052,3,,,0,30,,57055,3,,,0,70,,57059,3,,,0,30,,57062,3,,,0,70,,57066,3,,,0,30,,57069,3,,,0,70,,57073,3,,,0,30,,57076,3,,,0,70,,57080,3,,,0,30,,57083,3,,,0,70,,57086,3,,,0,30,,57087,3,,,0,70,,57088,3,,,0,30,,57089,3,,,0,15,,57090,3,,,0,55,,57091,3,,,0,30,,57092,3,,,0,75,,57093,3,,,0,30,,57094,3,,,0,70,,57095,3,,,0,100,,57098,3,,,0
677900,'1201_merged_15291766',2010,,34444,4,,,0,100,,34445,4,,,0,100,,34446,4,,,0,97,,34447,4,,,0
677900,'1_merged_15291773',634,,34430,4,,,0,91,,34431,4,,,0,100,,34432,4,,,0,100,,34433,4,,,0,100,,34434,4,,,0,100,,34435,4,,,0,100,,34436,4,,,0,95,,34437,4,,,0,100,,34438,4,,,0,100,,34439,4,,,0,100,,34440,4,,,0,98,,34441,4,,,0,102,,34442,4,,,0,95,,34443,4,,,0
677900,'2_merged_15291775',925,,57712,4,,,0,100,,57713,4,,,0,100,,57714,4,,,0,100,,57715,4,,,0,95,,57716,4,,,0,100,,57717,4,,,0,100,,57718,4,,,0,100,,57719,4,,,0,100,,57720,4,,,0,135,,57722,4,,,0,100,,57723,4,,,0,100,,57724,4,,,0,100,,57725,4,,,0,100,,57726,4,,,0
677900,'3_merged_15291774',1025,,57727,4,,,0,100,,57728,4,,,0,100,,57729,4,,,0,95,,57730,4,,,0,100,,57731,4,,,0,100,,57732,4,,,0,100,,57733,4,,,0,100,,57734,4,,,0,100,,57735,4,,,0
677901,'1201_merged_15291766',2046,,34486,15,,,0,100,,34487,15,,,0,100,,34488,15,,,0,100,,34489,15,,,0
677901,'1_merged_15291773',706,,34472,15,,,0,95,,34473,15,,,0,100,,34474,15,,,0,100,,34475,15,,,0,100,,34476,15,,,0,100,,34477,15,,,0,100,,34478,15,,,0,55,,34479,15,,,0,100,,34480,15,,,0,100,,34481,15,,,0,100,,34482,15,,,0,98,,34483,15,,,0,102,,34484,15,,,0,97,,34485,15,,,0
677901,'2_merged_15291775',1001,,57736,15,,,0,100,,57737,15,,,0,100,,57738,15,,,0,100,,57739,15,,,0,55,,57740,15,,,0,100,,57741,15,,,0,100,,57742,15,,,0,100,,57743,15,,,0,98,,57744,15,,,0,69,,57745,3,,,0,108,,57746,15,,,0,100,,57747,15,,,0,100,,57748,15,,,0,100,,57749,15,,,0,100,,57750,15,,,0
677901,'3_merged_15291774',1101,,57751,15,,,0,100,,57752,15,,,0,100,,57753,15,,,0,55,,57754,15,,,0,100,,57755,15,,,0,100,,57756,15,,,0,100,,57757,15,,,0,100,,57758,15,,,0,100,,57759,15,,,0
