674900,'101_merged_15529707',721,,150770,11,0,62 63 64,0
674900,'1_merged_15529700',534,,150835,11,,,0,13,,150836,11,,,0,57,,150837,11,,,0,17,,150838,11,,,0,15,,150839,11,,,0,16,,150840,11,,,0,56,,150841,11,,,0,30,,150842,11,,,0,14,,150843,11,0,58 59,0,55,,150844,11,0,58 59,0,13,,150781,11,,,0,14,,150826,11,0,58 59,0,18,,150827,11,,,0,55,,150828,11,0,58 59,0,15,,150829,11,,,0,8,,150830,11,0,60 61 8,0,9,,150831,11,0,58 59,0,13,,150832,11,,,0,55,,150833,11,0,58 59,0,15,,150834,11,,,0,15,,150782,11,0,58 59,0,15,,150807,11,,,0,55,,150808,11,0,58 59,0,15,,150809,11,,,0,15,,150810,11,0,58 59,0,16,,150811,11,,,0,55,,150812,11,0,58 59,0,15,,150813,11,,,0,12,,150814,11,0,58 59,0,17,,150815,11,,,0,54,,150816,11,0,58 59,0,15,,150817,11,,,0,17,,150818,11,0,58 59,0,13,,150819,11,,,0,57,,150820,11,0,60 61 8,0,36,,150821,11,,,0,15,,150822,11,,,0,55,,150823,11,,,0,16,,150824,11,,,0,17,,150825,11,,,0,54,,150773,11,,,0,14,,150779,11,,,0,23,,150801,11,,,0,7,,150783,11,,,0,63,,150772,11,,,0,6,,150802,11,,,0,24,,150803,11,,,0,6,,150804,11,,,0,15,,150805,11,,,0,61,,150806,11,,,0,6,,150780,11,,,0,19,,150774,11,,,0,9,,150784,11,,,0,56,,150785,11,,,0,14,,150796,11,,,0,16,,150797,11,,,0,14,,150798,11,,,0,53,,150799,11,0,60 61 8,0,17,,150800,11,,,0,15,,150778,11,,,0,16,,150775,11,,,0,56,,150788,11,0,60 61 8,0,12,,150789,11,,,0,30,,150790,11,,,0,70,,150791,11,,,0,30,,150776,11,,,0,69,,150793,11,,,0,30,,150787,11,,,0,68,,150792,11,,,0,30,,150777,11,,,0,70,,150795,11,0,58 59,0,29,,150786,11,0,58 59,0,70,,150794,11,0,58 59,0
674900,'201',720,,150845,11,,,0
674900,'2_merged_15529702',622,,150848,11,,,0,30,,150849,11,,,0,67,,150850,11,,,0,15,,150851,11,,,0,15,,150852,11,0,58 59,0,55,,150853,11,,,0,10,,150854,11,0,58 59,0,15,,150855,11,,,0,15,,150856,11,0,58 59,0,15,,150857,11,,,0,56,,150858,11,0,58 59,0,16,,150859,11,,,0,15,,150860,11,0,58 59,0,54,,150861,11,,,0,15,,150862,11,0,58 59,0,17,,150863,11,,,0,15,,150864,11,0,58 59,0,55,,150865,11,,,0,15,,150866,11,0,58 59,0,15,,150867,11,,,0,16,,150868,11,0,58 59,0,55,,150869,11,,,0,17,,150870,11,0,58 59,0,15,,150871,11,,,0,12,,150872,11,0,58 59,0,55,,150873,11,,,0,15,,150874,11,0,58 59,0,15,,150875,11,,,0,15,,150876,11,0,58 59,0,55,,150877,11,,,0,15,,150878,11,0,58 59,0,17,,150879,11,,,0,15,,150880,11,0,58 59,0,55,,150881,11,,,0,15,,150882,11,0,58 59,0,13,,150883,11,,,0,15,,150884,11,0,58 59,0,57,,150885,11,,,0,13,,150886,11,0,58 59,0,15,,150887,11,,,0,15,,150888,11,0,58 59,0,55,,150889,11,,,0,15,,150890,11,0,58 59,0,15,,150891,11,,,0,15,,150892,11,0,58 59,0,55,,150893,11,,,0,15,,150894,11,0,58 59,0,14,,150895,11,,,0,15,,150896,11,,,0,55,,150897,11,,,0,20,,150898,11,,,0,20,,150899,11,,,0,17,,150900,11,,,0,62,,150901,11,,,0,20,,150902,11,,,0,19,,150903,11,,,0,64,,150904,11,,,0,30,,150905,11,,,0,70,,150906,11,,,0,30,,150907,11,,,0,68,,150908,11,,,0,30,,150909,11,,,0,70,,150910,11,,,0,30,,150911,11,,,0,69,,150912,11,0,58 59,0,35,,150846,11,0,58 59,0,65,,150847,11,0,58 59,0
674900,'3_merged_15529701',625,,150942,11,,,0,32,,150941,11,,,0,63,,150947,11,,,0,31,,150946,11,,,0,55,,150958,11,0,58 59,0,16,,150957,11,,,0,15,,150956,11,0,58 59,0,15,,150955,11,,,0,56,,150954,11,0,58 59,0,16,,150953,11,,,0,15,,150977,11,0,58 59,0,16,,150976,11,,,0,55,,150952,11,0,58 59,0,16,,150951,11,,,0,15,,150950,11,0,58 59,0,13,,150949,11,,,0,50,,150948,11,0,58 59,0,14,,150945,11,,,0,16,,150944,11,0,58 59,0,15,,150943,11,,,0,53,,150969,11,0,58 59,0,19,,150917,11,,,0,15,,150916,11,0,58 59,0,15,,150915,11,,,0,54,,150914,11,0,58 59,0,16,,150913,11,,,0,15,,150975,11,0,58 59,0,9,,150974,11,,,0,63,,150973,11,0,58 59,0,15,,150972,11,,,0,15,,150971,11,0,58 59,0,15,,150970,11,,,0,55,,150968,11,0,58 59,0,13,,150967,11,,,0,14,,150966,11,0,58 59,0,15,,150965,11,,,0,5,,150964,11,0,58 59,0,65,,150963,11,,,0,15,,150962,11,0,58 59,0,15,,150961,11,,,0,53,,150960,11,0,58 59,0,17,,150959,11,,,0,16,,150930,11,0,58 59,0,14,,150940,11,,,0,56,,150939,11,0,58 59,0,19,,150938,11,,,0,15,,150937,11,0,58 59,0,15,,150936,11,,,0,54,,150935,11,0,58 59,0,14,,150934,11,,,0,15,,150933,11,0,58 59,0,15,,150932,11,,,0,55,,150931,11,0,58 59,0,15,,150929,11,,,0,15,,150928,11,0,58 59,0,11,,150927,11,,,0,60,,150926,11,,,0,20,,150925,11,,,0,71,,150924,11,,,0,31,,150923,11,,,0,70,,150922,11,,,0,28,,150921,11,,,0,30,,150920,11,,,0,71,,150919,11,,,0,101,,150918,11,0,58 59,0
674900,'701_merged_15529694',1429,,150978,11,0,62 63 121 122 123,0
674900,'801_merged_15529712',1424,,150979,11,,,0
722400,'1_merged_15529700',546,,155834,18,,,0,60,,155832,18,,,0,24,,155809,18,,,0,10,,155807,18,,,0,60,,155835,18,,,0,7,,155839,18,,,0,24,,155833,18,,,0,20,,155830,18,,,0,51,,155836,18,,,0,26,,155829,18,,,0,18,,155828,18,,,0,63,,155840,18,,,0,17,,155825,18,,,0,33,,155824,18,,,0,66,,155822,18,,,0,30,,155821,18,,,0,70,,155820,18,,,0,32,,155819,18,,,0,70,,155818,18,,,0,30,,155817,18,,,0,70,,155823,18,,,0,31,,155816,18,,,0,73,,155831,18,,,0,70,,155827,18,,,0,31,,155837,18,,,0,20,,155826,18,,,0,60,,155815,18,,,0,26,,155838,18,,,0,14,,155814,18,,,0,60,,155806,18,,,0,17,,155804,18,,,0,15,,155841,18,,,0,15,,155813,18,,,0,61,,155812,18,,,0,34,,155811,18,,,0,61,,155810,18,,,0,19,,155805,18,,,0,23,,155808,18,,,0,72,,155845,18,,,0
3454101,'1_merged_15529700',518,,168691,8,,,0,30,,168692,8,,,0,70,,168693,8,,,0,30,,168694,8,,,0,70,,168695,8,,,0,30,,168696,8,,,0,70,,168697,8,,,0,40,,168698,8,,,0,80,,168699,8,,,0,81,,168700,8,,,0,40,,168701,8,,,0,80,,168702,8,,,0,81,,168703,8,,,0,80,,168704,8,,,0,40,,168705,8,,,0,80,,168706,8,,,0,82,,168707,8,,,0,28,,168708,8,,,0,70,,168709,8,,,0,40,,168710,8,,,0,70,,168711,8,,,0,30,,168712,8,,,0,80,,168713,8,,,0,90,,168714,8,,,0,40,,168715,8,,,0,80,,168716,8,,,0,80,,168717,8,,,0,40,,168718,8,,,0
3454101,'2_merged_15529702',838,,168719,8,,,0,85,,168720,8,,,0,85,,168721,8,,,0,45,,168722,8,,,0,85,,168723,8,,,0,85,,168724,8,,,0,85,,168725,8,,,0,45,,168726,8,,,0,85,,168727,8,,,0,85,,168728,8,,,0,85,,168729,8,,,0,45,,168730,8,,,0,85,,168731,8,,,0,85,,168732,8,,,0,85,,168733,8,,,0,45,,168734,8,,,0,85,,168735,8,,,0,85,,168736,8,,,0,85,,168737,8,,,0
3454101,'3_merged_15529701',838,,168738,8,,,0,85,,168739,8,,,0,85,,168740,8,,,0,45,,168741,8,,,0,85,,168742,8,,,0,85,,168743,8,,,0,85,,168744,8,,,0,45,,168745,8,,,0,85,,168746,8,,,0,85,,168747,8,,,0,85,,168748,8,,,0,45,,168749,8,,,0,85,,168750,8,,,0,85,,168751,8,,,0,85,,168752,8,,,0,45,,168753,8,,,0,85,,168754,8,,,0,85,,168755,8,,,0,85,,168756,8,,,0
