670501,'1_merged_15524958',522,,84922,55,,,0,24,,84915,55,,,0,60,,84923,55,,,0,32,,84921,55,,,0,10,,84924,55,,,0,76,,84952,61,,,0,1382,,84951,55,,,0,24,,84914,55,,,0,24,,84909,55,,,0,64,,84903,55,,,0,41,,84900,55,,,0,55,,85007,55,,,0,87,,84949,55,,,0,20,,84967,55,,,0,100,,84917,55,,,0
670501,'2_merged_15524960',607,,85067,35,,,0,95,,85018,55,,,0,10,,85066,55,,,0,43,,85054,55,,,0,82,,85053,55,,,0,1112,,85080,55,,,0,100,,85041,55,,,0,89,,85082,55,,,0,192,,85044,55,,,0,199,,85036,55,,,0
670501,'3_merged_15524959',834,,85137,55,,,0,90,,85129,55,,,0,1030,,85188,55,,,0,92,,85192,55,,,0,170,,85149,55,,,0,85,,85202,55,,,0,109,,85210,55,,,0
671700,'1_merged_15524958',519,,87882,18,,,0,28,,87883,18,,,0,62,,87884,18,,,0,13,,87885,18,,,0,9,,87886,18,,,0,17,,87887,18,,,0,61,,87888,18,,,0,16,,87889,18,,,0,18,,87890,18,,,0
732101,'1_merged_15524958',619,,97510,50,,,0,31,,97506,50,,,0,78,,97481,50,,,0,72,,97482,50,,,0,34,,97494,50,,,0,73,,97505,50,,,0,32,,97495,50,,,0,72,,97489,50,,,0,30,,97496,50,,,0,70,,97484,50,,,0,30,,97497,50,,,0,70,,97490,50,,,0,30,,97498,50,,,0,68,,97485,50,,,0,28,,97499,50,,,0,70,,97491,50,,,0,33,,97500,50,,,0,70,,97486,50,,,0,32,,97501,50,,,0,72,,97492,50,,,0,32,,97502,50,,,0,73,,97487,50,,,0,32,,97503,50,,,0,71,,97493,50,,,0,31,,97504,50,,,0,72,,97488,50,,,0,28,,97507,50,,,0,69,,97511,50,,,0,29,,97508,50,,,0,70,,97512,50,,,0,27,,97509,50,,,0,98,,97483,50,,,0,99,,97480,50,,,0,101,,97513,50,,,0
732101,'2_merged_15524960',624,,97552,50,,,0,31,,97536,50,,,0,69,,97535,50,,,0,31,,97534,50,,,0,60,,97533,50,,,0,20,,97553,50,,,0,20,,97532,50,,,0,69,,97531,50,,,0,30,,97541,50,,,0,70,,97530,50,,,0,31,,97540,50,,,0,60,,97551,50,,,0,20,,97517,50,,,0,20,,97539,50,,,0,60,,97529,50,,,0,19,,97544,50,,,0,20,,97538,50,,,0,59,,97528,50,,,0,21,,97545,50,,,0,21,,97537,50,,,0,60,,97527,50,,,0,22,,97546,50,,,0,20,,97516,50,,,0,60,,97526,50,,,0,22,,97547,50,,,0,61,,97515,50,,,0,21,,97523,50,,,0,19,,97548,50,,,0,19,,97514,50,,,0,60,,97522,50,,,0,20,,97549,50,,,0,20,,97543,50,,,0,59,,97521,50,,,0,20,,97550,50,,,0,70,,97542,50,,,0,29,,97520,50,,,0,70,,97554,50,,,0,33,,97519,50,,,0,73,,97555,50,,,0,27,,97518,50,,,0,106,,97524,50,,,0,99,,97525,50,,,0,101,,97556,50,,,0
732101,'3_merged_15524959',732,,97583,50,,,0,69,,97582,50,,,0,31,,97581,50,,,0,70,,97580,50,,,0,32,,97579,50,,,0,71,,97578,50,,,0,31,,97577,50,,,0,70,,97561,50,,,0,29,,97576,50,,,0,24,,97560,50,,,0,60,,97575,50,,,0,20,,97584,50,,,0,20,,97559,50,,,0,60,,97574,50,,,0,20,,97585,50,,,0,61,,97558,50,,,0,20,,97573,50,,,0,20,,97586,50,,,0,60,,97557,50,,,0,20,,97572,50,,,0,20,,97587,50,,,0,60,,97565,50,,,0,20,,97571,50,,,0,20,,97588,50,,,0,60,,97564,50,,,0,20,,97570,50,,,0,20,,97589,50,,,0,60,,97563,50,,,0,20,,97569,50,,,0,21,,97590,50,,,0,59,,97562,50,,,0,20,,97591,50,,,0,20,,97568,50,,,0,66,,97592,50,,,0,30,,97567,50,,,0,71,,97593,50,,,0,33,,97566,50,,,0,103,,97594,50,,,0,100,,97595,50,,,0,102,,97596,50,,,0
3181900,'1_merged_15524958',538,,106814,15,,,0,71,,106815,15,,,0,30,,106816,15,,,0,70,,106817,15,,,0,31,,106818,15,,,0,71,,106819,15,,,0,30,,106820,15,,,0,70,,106821,15,,,0,30,,106822,15,,,0,70,,106823,15,,,0,30,,106824,15,,,0,70,,106825,15,,,0,30,,106826,15,,,0,70,,106827,15,,,0,30,,106828,15,,,0,70,,106829,15,,,0,30,,106830,15,,,0,71,,106831,15,,,0,30,,106832,15,,,0,70,,106833,15,,,0,30,,106834,15,,,0,70,,106800,15,,,0,30,,106801,15,,,0,70,,106802,15,,,0,29,,106803,15,,,0,70,,106804,15,,,0,29,,106805,15,,,0,70,,106806,15,,,0,30,,106807,15,,,0,69,,106812,15,,,0,30,,106808,15,,,0,69,,106811,15,,,0,30,,106809,15,,,0,70,,106813,15,,,0,30,,106810,15,,,0,70,,106835,15,,,0
3181900,'2_merged_15524960',708,,106836,15,,,0,30,,106850,15,,,0,72,,106866,15,,,0,30,,106851,15,,,0,70,,106867,15,,,0,30,,106852,15,,,0,71,,106837,15,,,0,30,,106853,15,,,0,70,,106838,15,,,0,30,,106854,15,,,0,71,,106839,15,,,0,30,,106855,15,,,0,70,,106840,15,,,0,30,,106856,15,,,0,70,,106841,15,,,0,30,,106857,15,,,0,70,,106842,15,,,0,30,,106858,15,,,0,71,,106843,15,,,0,28,,106859,15,,,0,70,,106844,15,,,0,29,,106860,15,,,0,70,,106845,15,,,0,29,,106861,15,,,0,65,,106846,15,,,0,30,,106862,15,,,0,75,,106847,15,,,0,30,,106863,15,,,0,70,,106848,15,,,0,30,,106864,15,,,0,69,,106849,15,,,0,30,,106865,15,,,0,70,,106868,15,,,0
3181900,'3_merged_15524959',708,,106872,15,,,0,30,,106885,15,,,0,70,,106873,15,,,0,30,,106886,15,,,0,70,,106874,15,,,0,31,,106887,15,,,0,71,,106875,15,,,0,30,,106888,15,,,0,71,,106876,15,,,0,30,,106889,15,,,0,70,,106877,15,,,0,30,,106869,15,,,0,70,,106878,15,,,0,30,,106871,15,,,0,70,,106879,15,,,0,30,,106870,15,,,0,70,,106880,15,,,0,30,,106890,15,,,0,69,,106881,15,,,0,30,,106891,15,,,0,70,,106882,15,,,0,30,,106892,15,,,0,70,,106883,15,,,0,29,,106893,15,,,0,70,,106884,15,,,0,30,,106894,15,,,0,70,,106898,15,,,0,30,,106895,15,,,0,70,,106896,15,,,0,30,,106897,15,,,0,70,,106899,15,,,0,100,,106900,15,,,0
