665001,'1',612,,15521,13,,,0,12,,15507,13,,,0,15,,15506,13,,,0,14,,15505,13,,,0,56,,15504,13,,,0,14,,15503,13,,,0,16,,15502,13,,,0,16,,15501,13,,,0,57,,15500,13,,,0,17,,15499,13,,,0,16,,15498,13,,,0,55,,15497,13,,,0,14,,15496,13,,,0,16,,15495,13,,,0,21,,15523,13,,,0,71,,15519,13,,,0,30,,15518,13,,,0,71,,15481,13,,,0,30,,15480,13,,,0,70,,15479,13,,,0,33,,15488,13,,,0,70,,15486,13,,,0,30,,15485,13,,,0,75,,15520,13,,,0,26,,15483,13,,,0,56,,15494,13,,,0,18,,15493,13,,,0,15,,15492,13,,,0,55,,15491,13,,,0,15,,15522,13,,,0,15,,15490,13,,,0,16,,15508,13,,,0,53,,15517,13,,,0,14,,15516,13,,,0,13,,15515,13,,,0,13,,15514,13,,,0,14,,15513,13,,,0,53,,15512,13,,,0,15,,15511,13,,,0,16,,15510,13,,,0,21,,15509,13,,,0,69,,15484,13,,,0,72,,15487,13,,,0,26,,15529,13,,,0,29,,15528,13,,,0,70,,15527,13,,,0,32,,15530,13,,,0,68,,15489,13,,,0,28,,15526,13,,,0,69,,15525,13,,,0,31,,15524,13,,,0,100,,15482,13,,,0
665001,'2',646,,15558,13,,,0,71,,15559,13,,,0,39,,15560,13,,,0,69,,15545,13,,,0,31,,15535,13,,,0,72,,15533,13,,,0,25,,15536,13,,,0,71,,15537,13,,,0,30,,15538,13,,,0,70,,15539,13,,,0,31,,15540,13,,,0,72,,15541,13,,,0,31,,15543,13,,,0,70,,15554,13,,,0,72,,15565,13,,,0,31,,15544,13,,,0,70,,15553,13,,,0,31,,15547,13,,,0,26,,15532,13,,,0,72,,15546,13,,,0,72,,15557,13,,,0,28,,15556,13,,,0,71,,15549,13,,,0,29,,15550,13,,,0,29,,15551,13,,,0,69,,15552,13,,,0,72,,15548,13,,,0,31,,15555,13,,,0,71,,15542,13,,,0,30,,15561,13,,,0,70,,15562,13,,,0,31,,15563,13,,,0,68,,15564,13,,,0,25,,15531,13,,,0,32,,15566,13,,,0,98,,15534,13,,,0
665001,'3',743,,15585,13,,,0,76,,15591,13,,,0,30,,15567,13,,,0,73,,15569,13,,,0,30,,15576,13,,,0,71,,15575,13,,,0,30,,15583,13,,,0,70,,15577,13,,,0,32,,15578,13,,,0,69,,15588,13,,,0,30,,15586,13,,,0,69,,15587,13,,,0,26,,15589,13,,,0,70,,15590,13,,,0,31,,15580,13,,,0,69,,15570,13,,,0,31,,15592,13,,,0,70,,15593,13,,,0,30,,15594,13,,,0,69,,15595,13,,,0,27,,15596,13,,,0,69,,15582,13,,,0,31,,15597,13,,,0,77,,15598,13,,,0,34,,15574,13,,,0,70,,15572,13,,,0,30,,15571,13,,,0,70,,15579,13,,,0,29,,15599,13,,,0,70,,15573,13,,,0,29,,15581,13,,,0,69,,15584,13,,,0,100,,15568,13,,,0
666701,'1',518,,19499,50,,,0,18,,19539,50,,,0,23,,19472,50,,,0,63,,19473,50,,,0,20,,19474,50,,,0,59,,19475,50,,,0,10,,19476,50,,,0,8,,19477,50,,,0,13,,19478,50,,,0,14,,19543,50,,,0,57,,19544,50,,,0,18,,19479,50,,,0,14,,19480,50,,,0,20,,19481,50,,,0,70,,19482,50,,,0,14,,19483,50,,,0,12,,19484,50,,,0,54,,19542,50,,,0,15,,19500,50,,,0,15,,19501,50,,,0,16,,19538,50,,,0,55,,19485,50,,,0,16,,19486,50,,,0,15,,19487,50,,,0,16,,19488,50,,,0,54,,19489,50,,,0,17,,19490,50,,,0,15,,19491,50,,,0,16,,19541,50,,,0,55,,19502,50,,,0,15,,19503,50,,,0,15,,19537,50,,,0,13,,19492,50,,,0,55,,19493,50,,,0,15,,19494,50,,,0,15,,19495,50,,,0,19,,19496,50,,,0,56,,19497,50,,,0,16,,19498,50,,,0,15,,19540,50,,,0,15,,19504,50,,,0,52,,19505,50,,,0,15,,19536,50,,,0,15,,19506,50,,,0,15,,19507,50,,,0,55,,19508,50,,,0,15,,19509,50,,,0,14,,19510,50,,,0,14,,19511,50,,,0,51,,19512,50,,,0,18,,19513,50,,,0,15,,19535,50,,,0,14,,19520,50,,,0,55,,19532,50,,,0,12,,19533,50,,,0,15,,19514,50,,,0,14,,19515,50,,,0,55,,19516,50,,,0,14,,19517,50,,,0,15,,19518,50,,,0,15,,19519,50,,,0,55,,19534,50,,,0,16,,19521,50,,,0,18,,19531,50,,,0,19,,19522,50,,,0,67,,19523,50,,,0,30,,19524,50,,,0,72,,19525,50,,,0,31,,19526,50,,,0,70,,19527,50,,,0,26,,19528,50,,,0,70,,19529,50,,,0,30,,19530,50,,,0
666701,'101',911,,19545,50,,,0
666701,'2',628,,19554,50,,,0,30,,19555,50,,,0,60,,19572,50,,,0,22,,19573,50,,,0,61,,19569,50,,,0,15,,19574,50,,,0,16,,19575,50,,,0,14,,19576,50,,,0,57,,19577,50,,,0,11,,19578,50,,,0,11,,19546,50,,,0,10,,19579,50,,,0,16,,19580,50,,,0,54,,19581,50,,,0,13,,19582,50,,,0,16,,19583,50,,,0,21,,19584,50,,,0,55,,19585,50,,,0,16,,19586,50,,,0,16,,19587,50,,,0,16,,19589,50,,,0,55,,19590,50,,,0,14,,19591,50,,,0,17,,19588,50,,,0,15,,19592,50,,,0,54,,19568,50,,,0,14,,19593,50,,,0,16,,19594,50,,,0,14,,19595,50,,,0,55,,19597,50,,,0,15,,19598,50,,,0,15,,19599,50,,,0,17,,19600,50,,,0,55,,19601,50,,,0,15,,19602,50,,,0,15,,19603,50,,,0,56,,19604,50,,,0,12,,19605,50,,,0,15,,19606,50,,,0,12,,19607,50,,,0,18,,19608,50,,,0,55,,19609,50,,,0,14,,19610,50,,,0,15,,19611,50,,,0,14,,19612,50,,,0,55,,19547,50,,,0,14,,19548,50,,,0,20,,19549,50,,,0,15,,19550,50,,,0,48,,19571,50,,,0,16,,19551,50,,,0,15,,19552,50,,,0,15,,19570,50,,,0,54,,19553,50,,,0,17,,19557,50,,,0,19,,19556,50,,,0,57,,19558,50,,,0,19,,19559,50,,,0,32,,19596,50,,,0,72,,19560,50,,,0,31,,19561,50,,,0,75,,19562,50,,,0,28,,19563,50,,,0,69,,19564,50,,,0,32,,19565,50,,,0,70,,19566,50,,,0,25,,19567,50,,,0
666701,'201',911,,19613,50,,,0
666701,'3',737,,19629,50,,,0,20,,19630,50,,,0,57,,19615,50,,,0,17,,19631,50,,,0,15,,19632,50,,,0,56,,19628,50,,,0,13,,19614,50,,,0,13,,19633,50,,,0,13,,19634,50,,,0,12,,19635,50,,,0,52,,19636,50,,,0,11,,19637,50,,,0,19,,19638,50,,,0,16,,19639,50,,,0,55,,19640,50,,,0,14,,19641,50,,,0,16,,19642,50,,,0,15,,19643,50,,,0,55,,19644,50,,,0,15,,19623,50,,,0,15,,19624,50,,,0,18,,19625,50,,,0,58,,19645,50,,,0,12,,19646,50,,,0,15,,19647,50,,,0,17,,19648,50,,,0,55,,19649,50,,,0,16,,19650,50,,,0,15,,19651,50,,,0,12,,19652,50,,,0,56,,19653,50,,,0,16,,19654,50,,,0,15,,19622,50,,,0,14,,19655,50,,,0,54,,19656,50,,,0,16,,19657,50,,,0,17,,19658,50,,,0,15,,19659,50,,,0,53,,19660,50,,,0,18,,19661,50,,,0,10,,19662,50,,,0,14,,19663,50,,,0,55,,19664,50,,,0,15,,19665,50,,,0,14,,19666,50,,,0,15,,19667,50,,,0,55,,19627,50,,,0,16,,19668,50,,,0,11,,19669,50,,,0,16,,19626,50,,,0,55,,19670,50,,,0,14,,19671,50,,,0,20,,19672,50,,,0,21,,19673,50,,,0,67,,19674,50,,,0,28,,19675,50,,,0,69,,19616,50,,,0,34,,19617,50,,,0,67,,19618,50,,,0,30,,19619,50,,,0,70,,19620,50,,,0,31,,19621,50,,,0
683801,'1',2511,,38517,17,,,0,29,,38513,17,,,0,70,,38512,17,,,0,30,,38511,17,,,0,73,,38514,17,,,0,27,,38515,17,,,0,69,,38516,17,,,0,40,,38509,17,,,0,70,,38510,17,,,0
683801,'2',2540,,38519,17,,,0,76,,38521,17,,,0,22,,38520,17,,,0,20,,38522,17,,,0,60,,38523,17,,,0,20,,38524,17,,,0,20,,38525,17,,,0,70,,38526,17,,,0,30,,38527,17,,,0,69,,38518,17,,,0
683801,'3',2538,,38529,17,,,0,70,,38528,17,,,0,30,,38530,17,,,0,80,,38531,17,,,0,17,,38532,17,,,0,74,,38533,17,,,0,30,,38534,17,,,0,80,,38535,17,,,0
732201,'1',626,,39181,9,,,0,33,,39182,9,,,0,68,,39183,9,,,0,30,,39184,9,,,0,72,,39185,9,,,0,29,,39186,9,,,0,98,,39176,9,,,0,146,,39177,9,,,0,57,,39178,9,,,0,100,,39179,9,,,0,100,,39180,9,,,0,100,,39174,9,,,0,73,,39187,9,,,0,70,,39165,9,,,0,30,,39166,9,,,0,69,,39167,9,,,0,31,,39168,9,,,0,70,,39169,9,,,0,29,,39170,9,,,0,28,,39171,9,,,0,98,,39172,9,,,0,100,,39173,9,,,0,98,,39175,9,,,0
732201,'2',756,,39189,9,,,0,101,,39190,9,,,0,100,,39191,9,,,0,143,,39192,9,,,0,101,,39193,9,,,0,101,,39194,9,,,0,100,,39195,9,,,0,102,,39196,9,,,0,102,,39197,9,,,0,101,,39198,9,,,0,100,,39199,9,,,0,95,,39200,9,,,0,54,,39201,9,,,0,99,,39188,9,,,0,99,,39202,9,,,0
732201,'3',858,,39210,9,,,0,100,,39205,9,,,0,101,,39206,9,,,0,141,,39207,9,,,0,102,,39208,9,,,0,99,,39209,9,,,0,99,,39203,9,,,0,102,,39211,9,,,0,100,,39212,9,,,0,99,,39213,9,,,0,58,,39214,9,,,0,99,,39215,9,,,0,100,,39216,9,,,0,100,,39204,9,,,0
