3004300,'1',531,,44925,4,,0,20,,44924,4,,0,59,,44869,4,,0,15,,44868,4,,0,13,,44867,4,,0,16,,44866,4,,0,60,,44883,4,,0,14,,44865,4,,0,15,,44864,4,,0,14,,44930,4,,0,58,,44907,4,,0,18,,44929,4,,0,16,,44928,4,,0,57,,44927,4,,0,14,,44926,4,,0,12,,44906,4,,0,15,,44880,4,,0,55,,44905,4,,0,15,,44879,4,,0,15,,44904,4,,0,15,,44878,4,,0,55,,44903,4,,0,15,,44877,4,,0,15,,44902,4,,0,15,,44876,4,,0,55,,44901,4,,0,15,,44875,4,,0,15,,44900,4,,0,15,,44874,4,,0,56,,44899,4,,0,15,,44873,4,,0,17,,44898,4,,0,15,,44872,4,,0,54,,44897,4,,0,15,,44871,4,,0,16,,44923,4,,0,15,,44870,4,,0,59,,44922,4,,0,15,,44921,4,,0,17,,44920,4,,0,15,,44919,4,,0,57,,44931,4,,0,14,,44918,4,,0,16,,44917,4,,0,13,,44916,4,,0,55,,44915,4,,0,14,,44914,4,,0,16,,44913,4,,0,15,,44912,4,,0,56,,44911,4,,0,15,,44910,4,,0,12,,44909,4,,0,15,,44908,4,,0,53,,44896,4,,0,20,,44895,4,,0,20,,44881,4,,0,65,,44894,4,,0,22,,44893,4,,0,18,,44882,4,,0,60,,44892,4,,0,24,,44891,4,,0,69,,44890,4,,0,27,,44889,4,,0,70,,44888,4,,0,27,,44887,4,,0,30,,44886,4,,0,70,,44885,4,,0,30,,44884,4,,0
3004300,'2',622,,44965,4,,0,33,,44964,4,,0,72,,44963,4,,0,30,,44962,4,,0,70,,44961,4,,0,73,,44960,4,,0,31,,44959,4,,0,70,,44958,4,,0,31,,44957,4,,0,71,,44956,4,,0,30,,44955,4,,0,19,,44967,4,,0,60,,44954,4,,0,20,,44953,4,,0,20,,44968,4,,0,62,,44952,4,,0,21,,44951,4,,0,20,,44969,4,,0,60,,44950,4,,0,20,,44949,4,,0,20,,44970,4,,0,60,,44948,4,,0,20,,44947,4,,0,20,,44971,4,,0,60,,44946,4,,0,20,,44945,4,,0,19,,44972,4,,0,61,,44944,4,,0,17,,44943,4,,0,20,,44973,4,,0,60,,44942,4,,0,18,,44941,4,,0,25,,44940,4,,0,77,,44939,4,,0,25,,44938,4,,0,80,,44937,4,,0,63,,44936,4,,0,29,,44935,4,,0,30,,44934,4,,0,74,,44966,4,,0,25,,44933,4,,0,74,,44974,4,,0,25,,44932,4,,0
3004300,'3',656,,44992,4,,0,70,,44991,4,,0,31,,44990,4,,0,70,,44989,4,,0,30,,44988,4,,0,72,,44987,4,,0,30,,44986,4,,0,73,,44985,4,,0,69,,44984,4,,0,29,,44983,4,,0,20,,44993,4,,0,60,,44982,4,,0,22,,44981,4,,0,20,,44994,4,,0,60,,44980,4,,0,20,,44979,4,,0,20,,44995,4,,0,60,,44978,4,,0,20,,44977,4,,0,20,,44996,4,,0,60,,44976,4,,0,20,,44975,4,,0,20,,44997,4,,0,60,,45016,4,,0,20,,45015,4,,0,20,,44998,4,,0,60,,45014,4,,0,21,,45013,4,,0,20,,44999,4,,0,60,,45012,4,,0,14,,45011,4,,0,30,,45010,4,,0,70,,45009,4,,0,29,,45008,4,,0,70,,45007,4,,0,30,,45006,4,,0,69,,45000,4,,0,30,,45005,4,,0,68,,45001,4,,0,30,,45004,4,,0,68,,45002,4,,0,30,,45003,4,,0
3004401,'1',608,,45234,4,,0,30,,45235,4,,0,70,,45236,4,,0,33,,45237,4,,0,65,,45238,4,,0,34,,45239,4,,0,69,,45240,4,,0,39,,45241,4,,0,80,,45230,4,,0,80,,45242,4,,0,41,,45243,4,,0,80,,45231,4,,0,80,,45244,4,,0,40,,45245,4,,0,80,,45232,4,,0,79,,45246,4,,0,31,,45233,4,,0,71,,45247,4,,0,41,,45248,4,,0,71,,45249,4,,0,29,,45250,4,,0,82,,45251,4,,0,16,,45252,4,,0,69,,45253,4,,0,96,,45254,4,,0,99,,45255,4,,0,126,,45256,4,,0,100,,45257,4,,0
3004401,'2',803,,45273,4,,0,100,,45272,4,,0,100,,45271,4,,0,102,,45270,4,,0,100,,45269,4,,0,100,,45268,4,,0,102,,45267,4,,0,100,,45266,4,,0,100,,45265,4,,0,100,,45264,4,,0,98,,45258,4,,0,100,,45263,4,,0,103,,45262,4,,0,102,,45261,4,,0,100,,45260,4,,0,127,,45259,4,,0
3004401,'3',903,,45287,4,,0,100,,45286,4,,0,101,,45285,4,,0,100,,45284,4,,0,100,,45283,4,,0,103,,45282,4,,0,100,,45281,4,,0,100,,45280,4,,0,99,,45279,4,,0,100,,45278,4,,0,100,,45277,4,,0,104,,45276,4,,0,102,,45288,4,,0,100,,45275,4,,0,124,,45274,4,,0
3004501,'1',604,,45360,4,,0,29,,45361,4,,0,73,,45362,4,,0,32,,45363,4,,0,67,,45364,4,,0,34,,45374,4,,0,64,,45365,4,,0,31,,45366,4,,0,25,,45367,4,,0,68,,45368,4,,0,73,,45354,4,,0,30,,45369,4,,0,71,,45355,4,,0,30,,45370,4,,0,70,,45356,4,,0,35,,45371,4,,0,70,,45357,4,,0,30,,45372,4,,0,70,,45358,4,,0,25,,45373,4,,0,70,,45359,4,,0,29,,45344,4,,0,26,,45345,4,,0,81,,45346,4,,0,69,,45347,4,,0,29,,45348,4,,0,78,,45349,4,,0,17,,45353,4,,0,29,,45350,4,,0,80,,45351,4,,0,97,,45352,4,,0
3004501,'2',925,,45387,4,,0,100,,45386,4,,0,102,,45385,4,,0,100,,45384,4,,0,102,,45383,4,,0,98,,45382,4,,0,101,,45381,4,,0,99,,45380,4,,0,100,,45379,4,,0,101,,45378,4,,0,98,,45377,4,,0,98,,45376,4,,0,98,,45375,4,,0
3004501,'3',924,,45400,4,,0,100,,45399,4,,0,100,,45398,4,,0,100,,45397,4,,0,106,,45396,4,,0,101,,45395,4,,0,98,,45394,4,,0,100,,45393,4,,0,98,,45392,4,,0,99,,45391,4,,0,98,,45390,4,,0,98,,45389,4,,0,98,,45388,4,,0
3004601,'1',508,,45559,4,,0,22,,45560,4,,0,20,,45561,4,,0,60,,45562,4,,0,15,,45563,4,,0,14,,45545,4,,0,16,,45564,4,,0,54,,45565,4,,0,16,,45566,4,,0,15,,45567,4,,0,16,,45546,4,,0,54,,45596,4,,0,13,,45575,4,,0,13,,45576,4,,0,19,,45577,4,,0,65,,45578,4,,0,27,,45579,4,,0,67,,45580,4,,0,30,,45581,4,,0,70,,45582,4,,0,31,,45583,4,,0,70,,45584,4,,0,31,,45585,4,,0,72,,45586,4,,0,30,,45587,4,,0,72,,45588,4,,0,31,,45589,4,,0,72,,45590,4,,0,21,,45542,4,,0,60,,45594,4,,0,16,,45597,4,,0,21,,45595,4,,0,15,,45544,4,,0,56,,45568,4,,0,12,,45569,4,,0,15,,45570,4,,0,13,,45571,4,,0,55,,45572,4,,0,15,,45573,4,,0,21,,45574,4,,0,61,,45543,4,,0,24,,45592,4,,0,17,,45593,4,,0,69,,45547,4,,0,28,,45548,4,,0,70,,45591,4,,0,28,,45549,4,,0,70,,45550,4,,0,28,,45558,4,,0,70,,45551,4,,0,30,,45552,4,,0,70,,45557,4,,0,30,,45553,4,,0,70,,45554,4,,0,30,,45556,4,,0,70,,45555,4,,0
3004601,'2',546,,45635,4,,0,72,,45610,4,,0,30,,45636,4,,0,70,,45637,4,,0,32,,45638,4,,0,70,,45598,4,,0,30,,45599,4,,0,72,,45600,4,,0,31,,45601,4,,0,70,,45602,4,,0,33,,45603,4,,0,72,,45604,4,,0,30,,45605,4,,0,70,,45606,4,,0,30,,45607,4,,0,70,,45608,4,,0,30,,45609,4,,0,70,,45611,4,,0,30,,45612,4,,0,70,,45613,4,,0,30,,45614,4,,0,70,,45615,4,,0,29,,45616,4,,0,70,,45617,4,,0,30,,45618,4,,0,70,,45619,4,,0,28,,45620,4,,0,67,,45621,4,,0,30,,45622,4,,0,70,,45623,4,,0,29,,45624,4,,0,72,,45625,4,,0,28,,45626,4,,0,70,,45627,4,,0,26,,45628,4,,0,70,,45629,4,,0,30,,45630,4,,0,70,,45631,4,,0,30,,45632,4,,0,70,,45633,4,,0,30,,45634,4,,0
3004601,'3',546,,45640,4,,0,70,,45641,4,,0,30,,45642,4,,0,72,,45643,4,,0,30,,45644,4,,0,70,,45645,4,,0,30,,45646,4,,0,72,,45647,4,,0,31,,45648,4,,0,70,,45649,4,,0,30,,45650,4,,0,70,,45651,4,,0,30,,45652,4,,0,71,,45639,4,,0,32,,45653,4,,0,70,,45654,4,,0,30,,45655,4,,0,70,,45656,4,,0,30,,45657,4,,0,70,,45658,4,,0,31,,45659,4,,0,70,,45660,4,,0,33,,45661,4,,0,67,,45662,4,,0,33,,45663,4,,0,67,,45664,4,,0,28,,45665,4,,0,70,,45666,4,,0,28,,45667,4,,0,70,,45668,4,,0,29,,45669,4,,0,70,,45670,4,,0,30,,45671,4,,0,70,,45672,4,,0,27,,45673,4,,0,70,,45674,4,,0,30,,45675,4,,0,70,,45676,4,,0,29,,45677,4,,0,70,,45678,4,,0
3004701,'1',554,,45810,4,,0,57,,45808,4,,0,15,,45796,4,,0,16,,45809,4,,0,8,,45797,4,,0,61,,45811,4,,0,16,,45798,4,,0,13,,45812,4,,0,62,,45799,4,,0,15,,45813,4,,0,15,,45800,4,,0,15,,45814,4,,0,55,,45801,4,,0,15,,45815,4,,0,25,,45816,4,,0,69,,45817,4,,0,30,,45818,4,,0,70,,45819,4,,0,30,,45820,4,,0,70,,45821,4,,0,30,,45822,4,,0,70,,45823,4,,0,29,,45824,4,,0,69,,45825,4,,0,33,,45826,4,,0,71,,45807,4,,0,25,,45827,4,,0,15,,45802,4,,0,55,,45803,4,,0,15,,45828,4,,0,15,,45804,4,,0,15,,45829,4,,0,56,,45805,4,,0,15,,45830,4,,0,15,,45806,4,,0,14,,45831,4,,0,54,,45791,4,,0,14,,45832,4,,0,10,,45792,4,,0,18,,45833,4,,0,51,,45834,4,,0,20,,45793,4,,0,20,,45835,4,,0,69,,45836,4,,0,30,,45837,4,,0,70,,45838,4,,0,30,,45839,4,,0,70,,45840,4,,0,30,,45789,4,,0,70,,45790,4,,0,30,,45794,4,,0,70,,45795,4,,0
3004701,'2',736,,45863,4,,0,75,,45864,4,,0,30,,45865,4,,0,70,,45866,4,,0,30,,45867,4,,0,68,,45868,4,,0,31,,45869,4,,0,70,,45870,4,,0,32,,45871,4,,0,68,,45872,4,,0,30,,45873,4,,0,69,,45874,4,,0,30,,45841,4,,0,71,,45842,4,,0,31,,45843,4,,0,70,,45859,4,,0,29,,45860,4,,0,70,,45844,4,,0,29,,45845,4,,0,69,,45861,4,,0,29,,45862,4,,0,71,,45846,4,,0,28,,45847,4,,0,71,,45848,4,,0,31,,45849,4,,0,70,,45850,4,,0,30,,45851,4,,0,70,,45852,4,,0,29,,45853,4,,0,70,,45854,4,,0,28,,45855,4,,0,72,,45856,4,,0,28,,45857,4,,0,70,,45858,4,,0
3004701,'3',807,,45876,4,,0,30,,45877,4,,0,70,,45878,4,,0,31,,45879,4,,0,72,,45880,4,,0,30,,45881,4,,0,68,,45882,4,,0,30,,45883,4,,0,70,,45884,4,,0,32,,45885,4,,0,70,,45886,4,,0,30,,45887,4,,0,70,,45888,4,,0,30,,45889,4,,0,68,,45900,4,,0,31,,45901,4,,0,71,,45890,4,,0,29,,45891,4,,0,70,,45902,4,,0,30,,45903,4,,0,71,,45892,4,,0,30,,45893,4,,0,69,,45894,4,,0,30,,45895,4,,0,75,,45896,4,,0,24,,45897,4,,0,70,,45898,4,,0,30,,45875,4,,0,70,,45899,4,,0
