672201,'1',544,,88158,28,,,0,1410,,88214,28,,,0,70,,88216,28,,,0,321,,88223,28,,,0,99,,88225,28,,,0,205,,88227,28,,,0
672201,'2',1858,,88280,28,,,0,786,,88247,28,,,0
672201,'3',2055,,88304,28,,,0,589,,88332,28,,,0
672701,'1',626,,89494,55,,,0,29,,89495,55,,,0,84,,89515,59,,,0,63,,89516,59,,,0,24,,89517,59,,,0,21,,89518,59,,,0,66,,89519,59,,,0,27,,89520,59,,,0,69,,89521,59,,,0,29,,89522,55,,,0,69,,89523,55,,,0,28,,89524,55,,,0,69,,89525,55,,,0,28,,89526,55,,,0,69,,89527,55,,,0,27,,89528,55,,,0,20,,89529,55,,,0,92,,89530,60,,,0,15,,89531,55,,,0,76,,89532,55,,,0,81,,89496,60,,,0,9,,89497,55,,,0,27,,89498,59,,,0,54,,89499,59,,,0,23,,89500,60,,,0,31,,89502,59,,,0,51,,89501,59,,,0,15,,89503,59,,,0,105,,89506,55,,,0,78,,89508,55,,,0,21,,89509,55,,,0,22,,89510,55,,,0,92,,89512,55,,,0,73,,89513,55,,,0,116,,89489,55,,,0,26,,89490,55,,,0,79,,89493,55,,,0,91,,89491,60,,,0,95,,89492,55,,,0
672701,'2',637,,89539,55,,,0,200,,89538,55,,,0,1003,,89553,55,,,0,70,,89546,55,,,0,30,,89555,55,,,0,302,,89544,55,,,0,100,,89542,55,,,0,186,,89564,55,,,0
672701,'3',708,,89573,55,,,0,101,,89579,55,,,0,103,,89576,55,,,0,103,,89592,55,,,0,30,,89597,55,,,0,801,,89570,55,,,0,73,,89569,55,,,0,32,,89599,55,,,0,69,,89589,55,,,0,30,,89591,55,,,0,68,,89572,55,,,0,30,,89593,55,,,0,70,,89594,55,,,0,26,,89595,55,,,0,88,,89596,55,,,0,95,,89577,55,,,0,95,,89600,55,,,0
3454201,'1',515,,109460,38,,,0,30,,109462,38,,,0,55,,109463,38,,,0,15,,109464,38,,,0,14,,109465,38,,,0,15,,109466,38,,,0,14,,109467,38,,,0,55,,109468,38,,,0,14,,109469,38,,,0,15,,109470,38,,,0,14,,109471,38,,,0,52,,109472,38,,,0,14,,109473,38,,,0,13,,109474,38,,,0,12,,109475,38,,,0,12,,109476,38,,,0,52,,109477,38,,,0,12,,109478,38,,,0,9,,109479,38,,,0,12,,109480,38,,,0,12,,109481,38,,,0,52,,109482,38,,,0,12,,109483,38,,,0,13,,109484,38,,,0,12,,109485,38,,,0,12,,109486,38,,,0,56,,109487,38,,,0,15,,109488,38,,,0,15,,109489,38,,,0,15,,109490,38,,,0,55,,109491,38,,,0,16,,109492,38,,,0,15,,109493,38,,,0,56,,109494,38,,,0,15,,109495,38,,,0,15,,109496,38,,,0,15,,109497,38,,,0,55,,109498,38,,,0,15,,109499,38,,,0,17,,109500,38,,,0,15,,109501,38,,,0,56,,109502,38,,,0,15,,109503,38,,,0,15,,109504,38,,,0,16,,109505,38,,,0,54,,109506,38,,,0,30,,109507,38,,,0,13,,109508,38,,,0,12,,109509,38,,,0,52,,109510,38,,,0,12,,109511,38,,,0,12,,109512,38,,,0,12,,109513,38,,,0,12,,109514,38,,,0,48,,109515,38,,,0,12,,109516,38,,,0,12,,109517,38,,,0,12,,109518,38,,,0,12,,109519,38,,,0,53,,109520,38,,,0,15,,109521,38,,,0,15,,109522,38,,,0,15,,109523,38,,,0,53,,109524,38,,,0,15,,109525,38,,,0,14,,109526,38,,,0,15,,109527,38,,,0,52,,109528,38,,,0,15,,109529,38,,,0,15,,109530,38,,,0,15,,109531,38,,,0,55,,109532,38,,,0,15,,109533,38,,,0,14,,109534,38,,,0,15,,109535,38,,,0,55,,109536,38,,,0,15,,109537,38,,,0,20,,109538,38,,,0,20,,109539,38,,,0,60,,109540,38,,,0,18,,109541,38,,,0,21,,109542,38,,,0,80,,109544,38,,,0,70,,109545,38,,,0
3454201,'101',1618,,109459,38,,,0
3454201,'2',538,,109601,38,,,0,70,,109600,38,,,0,20,,109599,38,,,0,21,,109598,38,,,0,60,,109597,38,,,0,22,,109596,38,,,0,20,,109595,38,,,0,60,,109594,38,,,0,20,,109593,38,,,0,20,,109572,38,,,0,58,,109571,38,,,0,16,,109592,38,,,0,15,,109591,38,,,0,16,,109590,38,,,0,55,,109589,38,,,0,16,,109588,38,,,0,15,,109587,38,,,0,15,,109586,38,,,0,55,,109585,38,,,0,17,,109584,38,,,0,15,,109583,38,,,0,57,,109582,38,,,0,13,,109581,38,,,0,15,,109580,38,,,0,14,,109579,38,,,0,15,,109578,38,,,0,55,,109577,38,,,0,15,,109576,38,,,0,15,,109575,38,,,0,57,,109574,38,,,0,15,,109573,38,,,0,15,,109602,38,,,0,15,,109603,38,,,0,55,,109604,38,,,0,15,,109605,38,,,0,15,,109606,38,,,0,15,,109607,38,,,0,55,,109608,38,,,0,15,,109609,38,,,0,15,,109610,38,,,0,15,,109611,38,,,0,55,,109612,38,,,0,15,,109613,38,,,0,15,,109614,38,,,0,15,,109615,38,,,0,55,,109616,38,,,0,15,,109617,38,,,0,13,,109618,38,,,0,15,,109619,38,,,0,15,,109570,38,,,0,55,,109569,38,,,0,15,,109568,38,,,0,15,,109567,38,,,0,15,,109566,38,,,0,55,,109565,38,,,0,14,,109564,38,,,0,15,,109563,38,,,0,15,,109562,38,,,0,55,,109561,38,,,0,14,,109560,38,,,0,15,,109559,38,,,0,17,,109558,38,,,0,60,,109557,38,,,0,20,,109556,38,,,0,20,,109555,38,,,0,60,,109554,38,,,0,16,,109553,38,,,0,20,,109552,38,,,0,60,,109551,38,,,0,20,,109550,38,,,0,20,,109549,38,,,0,60,,109548,38,,,0,19,,109547,38,,,0,73,,109546,38,,,0
3454201,'3',537,,109675,38,,,0,70,,109674,38,,,0,20,,109673,38,,,0,21,,109672,38,,,0,60,,109671,38,,,0,23,,109670,38,,,0,20,,109669,38,,,0,60,,109668,38,,,0,20,,109667,38,,,0,20,,109646,38,,,0,55,,109645,38,,,0,18,,109666,38,,,0,15,,109665,38,,,0,15,,109664,38,,,0,55,,109663,38,,,0,15,,109662,38,,,0,15,,109661,38,,,0,16,,109660,38,,,0,55,,109659,38,,,0,15,,109658,38,,,0,15,,109657,38,,,0,15,,109656,38,,,0,55,,109655,38,,,0,15,,109654,38,,,0,15,,109653,38,,,0,17,,109652,38,,,0,55,,109651,38,,,0,15,,109650,38,,,0,15,,109649,38,,,0,15,,109648,38,,,0,55,,109647,38,,,0,16,,109676,38,,,0,15,,109677,38,,,0,15,,109678,38,,,0,55,,109679,38,,,0,15,,109680,38,,,0,16,,109681,38,,,0,15,,109682,38,,,0,55,,109683,38,,,0,14,,109684,38,,,0,15,,109685,38,,,0,15,,109686,38,,,0,55,,109687,38,,,0,15,,109688,38,,,0,15,,109689,38,,,0,15,,109690,38,,,0,55,,109691,38,,,0,15,,109692,38,,,0,15,,109693,38,,,0,13,,109644,38,,,0,55,,109643,38,,,0,15,,109642,38,,,0,15,,109641,38,,,0,15,,109640,38,,,0,55,,109639,38,,,0,15,,109638,38,,,0,15,,109637,38,,,0,13,,109636,38,,,0,55,,109635,38,,,0,15,,109634,38,,,0,15,,109633,38,,,0,15,,109632,38,,,0,60,,109631,38,,,0,20,,109630,38,,,0,20,,109629,38,,,0,60,,109628,38,,,0,18,,109627,38,,,0,20,,109626,38,,,0,60,,109625,38,,,0,19,,109624,38,,,0,20,,109623,38,,,0,60,,109622,38,,,0,19,,109621,38,,,0,80,,109620,38,,,0
