674901,'101_merged_15529707',1502,,150982,12,0,58 59,0,17,,150980,12,,,0
674901,'1_merged_15529700',450,,151024,12,,,0,68,,151025,12,,,0,30,,150983,12,,,0,71,,151028,12,,,0,10,,151029,12,,,0,20,,151030,12,,,0,8,,150990,12,,,0,57,,151031,12,,,0,10,,151032,12,,,0,20,,151033,12,,,0,57,,151034,12,,,0,33,,151036,12,,,0,15,,151037,12,,,0,68,,150991,12,,,0,30,,151040,12,,,0,70,,151042,12,,,0,30,,151044,12,,,0,65,,151046,12,,,0,33,,151048,12,,,0,70,,151050,12,,,0,30,,151052,12,,,0,72,,151054,12,,,0,30,,151056,12,,,0,69,,151013,12,,,0,19,,150989,12,,,0,23,,151014,12,,,0,67,,151015,12,,,0,18,,151016,12,,,0,12,,151018,12,,,0,58,,151019,12,,,0,15,,151020,12,,,0,15,,151021,12,,,0,58,,151022,12,,,0,14,,150985,12,,,0,13,,150988,12,,,0,13,,151010,12,,,0,15,,150997,12,,,0,55,,150998,12,,,0,18,,150999,12,,,0,12,,151000,12,,,0,15,,151001,12,,,0,55,,151002,12,,,0,15,,150992,12,,,0,18,,150984,12,,,0,14,,150996,12,,,0,55,,151003,12,,,0,30,,151004,12,,,0,70,,151005,12,,,0,33,,150986,12,,,0,62,,151011,12,,,0,40,,151007,12,,,0,65,,151008,12,,,0,30,,150987,12,,,0,70,,151009,12,,,0,30,,150993,12,,,0,70,,151057,12,,,0
674901,'201',1519,,151058,12,,,0
674901,'2_merged_15529702',522,,151060,12,,,0,95,,151062,12,,,0,85,,151064,12,,,0,30,,151066,12,,,0,68,,151068,12,,,0,30,,151070,12,,,0,29,,151072,12,,,0,70,,151074,12,,,0,30,,151076,12,,,0,69,,151078,12,,,0,30,,151080,12,,,0,68,,151082,12,,,0,33,,151084,12,,,0,70,,151086,12,,,0,30,,151088,12,,,0,70,,151090,12,,,0,30,,151092,12,,,0,70,,151094,12,,,0,30,,151096,12,,,0,70,,151098,12,,,0,30,,151100,12,,,0,75,,151102,12,,,0,70,,151104,12,,,0,30,,151106,12,,,0,70,,151108,12,,,0,31,,151110,12,,,0,70,,151112,12,,,0,15,,151113,12,,,0,14,,151114,12,,,0,15,,151115,12,,,0,64,,151116,12,,,0,30,,151117,12,,,0,70,,151118,12,,,0,30,,151119,12,,,0,70,,151120,12,,,0,30,,151121,12,,,0,70,,151122,12,,,0,30,,151123,12,,,0,70,,151124,12,,,0,30,,151125,12,,,0,68,,151126,12,,,0
674901,'3_merged_15529701',716,,151151,12,,,0,29,,151150,12,,,0,70,,151148,12,,,0,29,,151184,12,,,0,70,,151182,12,,,0,30,,151180,12,,,0,71,,151178,12,,,0,31,,151134,12,,,0,69,,151176,12,,,0,30,,151174,12,,,0,70,,151172,12,,,0,30,,151170,12,,,0,69,,151168,12,,,0,30,,151166,12,,,0,70,,151146,12,,,0,22,,151144,12,,,0,78,,151142,12,,,0,30,,151140,12,,,0,70,,151138,12,,,0,30,,151159,12,,,0,69,,151157,12,,,0,31,,151155,12,,,0,71,,151153,12,,,0,30,,151133,12,,,0,72,,151131,12,,,0,29,,151130,12,,,0,71,,151127,12,,,0,36,,151188,12,,,0,70,,151165,12,,,0,30,,151187,12,,,0,71,,151186,12,,,0,30,,151161,12,,,0,72,,151162,12,,,0,32,,151163,12,,,0,67,,151190,12,,,0,29,,151164,12,,,0
680501,'1_merged_15529700',655,,152563,12,,,0,100,,152567,40,,,0,201,,152566,40,,,0,199,,152565,40,,,0,202,,152562,35,,,0,272,,152564,35,,,0,176,,152561,35,,,0,153,,152560,35,,,0
680501,'2_merged_15529702',951,,152569,40,,,0,202,,152568,40,,,0,202,,152570,35,,,0,198,,152571,35,,,0,198,,152572,35,,,0,200,,152573,35,,,0
828901,'101_merged_15529707',1501,,156503,17,,,0,10,,156504,17,,,0
5312601,'2_merged_15529702',814,,181148,12,,,0,30,,181149,12,,,0,70,,181150,12,,,0,30,,181151,12,,,0,70,,181152,12,,,0,30,,181153,12,,,0,70,,181154,12,,,0,30,,181155,12,,,0,70,,181156,12,,,0,30,,181157,12,,,0,70,,181158,12,,,0,30,,181159,12,,,0,70,,181160,12,,,0,30,,181161,12,,,0,70,,181162,12,,,0,30,,181163,12,,,0,70,,181164,12,,,0,30,,181165,12,,,0,70,,181166,12,,,0,30,,181167,12,,,0,70,,181168,12,,,0,30,,181169,12,,,0,70,,181170,12,,,0,30,,181171,12,,,0,70,,181172,12,,,0,30,,181173,12,,,0,15,,181175,12,,,0,55,,181176,12,,,0
5312601,'3_merged_15529701',814,,181177,12,,,0,30,,181178,12,,,0,70,,181179,12,,,0,30,,181180,12,,,0,70,,181181,12,,,0,30,,181182,12,,,0,70,,181183,12,,,0,30,,181184,12,,,0,70,,181185,12,,,0,30,,181186,12,,,0,70,,181187,12,,,0,30,,181188,12,,,0,70,,181189,12,,,0,30,,181190,12,,,0,70,,181191,12,,,0,30,,181192,12,,,0,70,,181193,12,,,0,30,,181194,12,,,0,70,,181195,12,,,0,30,,181196,12,,,0,70,,181197,12,,,0,30,,181198,12,,,0,70,,181199,12,,,0,30,,181200,12,,,0,70,,181201,12,,,0,30,,181202,12,,,0,15,,181205,12,,,0,55,,181203,12,,,0
