661401,'1',542,,1288,0,16 17,0,59,,1302,0,16 17,0,19,,1303,,,0,19,,1347,,,0,19,,1336,,,0,55,,1334,,,0,15,,1335,,,0,14,,1343,,,0,15,,1339,,,0,54,,1306,,,0,14,,1301,,,0,15,,1311,,,0,16,,1307,,,0,56,,1308,,,0,15,,1309,,,0,16,,1310,,,0,15,,1317,,,0,55,,1318,,,0,14,,1319,,,0,15,,1320,,,0,15,,1304,,,0,55,,1287,,,0,15,,1313,,,0,15,,1338,,,0,15,,1291,,,0,55,,1331,,,0,15,,1332,,,0,15,,1289,,,0,15,,1340,,,0,55,,1326,,,0,15,,1333,,,0,15,,1342,,,0,15,,1322,,,0,55,,1305,,,0,15,,1344,,,0,15,,1345,,,0,15,,1298,,,0,54,,1299,,,0,15,,1292,,,0,12,,1329,,,0,11,,1330,,,0,52,,1323,,,0,11,,1321,,,0,12,,1324,,,0,12,,1337,,,0,12,,1314,,,0,10,,1315,,,0,52,,1341,,,0,12,,1295,,,0,14,,1325,,,0,12,,1300,,,0,53,,1296,,,0,12,,1293,,,0,12,,1297,,,0,13,,1294,,,0,17,,1290,,,0,59,,1316,,,0,20,,1328,,,0,20,,1327,,,0,60,,1312,,,0,20,,1346,,,0
661401,'2',627,,1407,0,16 17,0,20,,1428,0,16 17,0,60,,1391,0,16 17,0,20,,1374,0,16 17,0,20,,1368,0,16 17,0,57,,1373,,,0,18,,1371,,,0,18,,1419,,,0,15,,1393,,,0,54,,1399,,,0,15,,1416,,,0,15,,1418,,,0,15,,1380,,,0,55,,1376,,,0,15,,1408,,,0,15,,1421,,,0,15,,1417,,,0,54,,1379,,,0,14,,1386,,,0,13,,1387,,,0,14,,1388,,,0,51,,1389,,,0,12,,1369,,,0,12,,1400,,,0,12,,1406,,,0,13,,1431,,,0,53,,1397,,,0,12,,1398,,,0,13,,1433,,,0,12,,1415,,,0,13,,1432,,,0,51,,1370,,,0,11,,1375,,,0,11,,1434,,,0,11,,1402,,,0,12,,1404,,,0,52,,1390,,,0,12,,1411,,,0,12,,1435,,,0,12,,1378,,,0,12,,1427,,,0,53,,1410,,,0,12,,1394,,,0,11,,1436,,,0,11,,1395,,,0,12,,1372,,,0,12,,1377,,,0,52,,1382,,,0,15,,1422,,,0,15,,1423,,,0,15,,1437,,,0,56,,1424,,,0,15,,1425,,,0,18,,1426,,,0,63,,1413,,,0,21,,1420,,,0,21,,1381,,,0,62,,1392,,,0
661401,'3',637,,1458,0,16 17,0,79,,1488,0,16 17,0,28,,1489,0,16 17,0,67,,1490,0,16 17,0,27,,1446,,,0,65,,1475,,,0,19,,1443,,,0,20,,1478,,,0,60,,1474,,,0,18,,1452,,,0,16,,1466,,,0,17,,1495,,,0,57,,1476,,,0,17,,1451,,,0,16,,1486,,,0,15,,1487,,,0,55,,1491,,,0,14,,1457,,,0,13,,1440,,,0,14,,1444,,,0,54,,1467,,,0,14,,1481,,,0,15,,1482,,,0,15,,1479,,,0,53,,1441,,,0,12,,1442,,,0,12,,1497,,,0,12,,1439,,,0,12,,1456,,,0,52,,1483,,,0,12,,1465,,,0,11,,1498,,,0,11,,1494,,,0,13,,1496,,,0,54,,1463,,,0,14,,1480,,,0,14,,1470,,,0,16,,1492,,,0,55,,1493,,,0,15,,1454,,,0,16,,1471,,,0,15,,1472,,,0,55,,1473,,,0,15,,1453,,,0,17,,1438,,,0,17,,1450,,,0,60,,1459,,,0,20,,1468,,,0,17,,1469,,,0,61,,1464,,,0
661701,'1',608,,3024,,,0,20,,3025,,,0,19,,3026,,,0,55,,3027,,,0,12,,3028,,,0,12,,3029,,,0,13,,3030,,,0,13,,3031,,,0,51,,3032,,,0,13,,3033,,,0,13,,3034,,,0,13,,3035,,,0,13,,3036,,,0,52,,3037,,,0,13,,3038,,,0,13,,3039,,,0,14,,3040,,,0,55,,3041,,,0,15,,3042,,,0,14,,3043,,,0,15,,3044,,,0,55,,3045,,,0,15,,3046,,,0,15,,3047,,,0,15,,3048,,,0,55,,3049,,,0,15,,3050,,,0,14,,3051,,,0,15,,3052,,,0,55,,3053,,,0,16,,3054,,,0,16,,3055,,,0,15,,3056,,,0,55,,3057,,,0,15,,3058,,,0,15,,3059,,,0,15,,3060,,,0,55,,3061,,,0,13,,3062,,,0,13,,3063,,,0,13,,3064,,,0,13,,3065,,,0,53,,3066,,,0,13,,3067,,,0,10,,3068,,,0,12,,3069,,,0,13,,3070,,,0,53,,3071,,,0,12,,3072,,,0,13,,3073,,,0,12,,3074,,,0,12,,3075,,,0,53,,3076,,,0,12,,3077,,,0,21,,3078,,,0,61,,3079,,,0,21,,3080,,,0,22,,3081,,,0,60,,3082,,,0,18,,3083,,,0,493,,3084,0,10,0
661701,'152201',2047,,3088,,,0,60,,3089,,,0,20,,3087,,,0,18,,3090,,,0,59,,3091,,,0,20,,3092,,,0,20,,3093,,,0,60,,3094,,,0,20,,3095,,,0,21,,3096,,,0,60,,3097,,,0,11,,3098,,,0,30,,3099,,,0
661701,'152301',2047,,3100,,,0,60,,3101,,,0,20,,3102,,,0,18,,3103,,,0,59,,3104,,,0,20,,3105,,,0,20,,3106,,,0,60,,3107,,,0,20,,3108,,,0,21,,3109,,,0,60,,3110,,,0,11,,3111,,,0,30,,3112,,,0
661701,'2',615,,3114,,,0,21,,3115,,,0,20,,3116,,,0,60,,3117,,,0,20,,3118,,,0,13,,3119,,,0,56,,3120,,,0,14,,3121,,,0,14,,3122,,,0,15,,3123,,,0,54,,3124,,,0,15,,3125,,,0,15,,3126,,,0,15,,3127,,,0,55,,3128,,,0,15,,3129,,,0,14,,3130,,,0,15,,3131,,,0,55,,3132,,,0,14,,3133,,,0,15,,3134,,,0,14,,3135,,,0,15,,3136,,,0,54,,3137,,,0,15,,3138,,,0,16,,3139,,,0,15,,3140,,,0,55,,3141,,,0,16,,3142,,,0,15,,3143,,,0,14,,3144,,,0,54,,3145,,,0,12,,3146,,,0,13,,3147,,,0,12,,3148,,,0,52,,3149,,,0,12,,3150,,,0,12,,3151,,,0,13,,3152,,,0,13,,3153,,,0,53,,3154,,,0,13,,3155,,,0,13,,3156,,,0,13,,3157,,,0,12,,3158,,,0,52,,3159,,,0,12,,3160,,,0,13,,3161,,,0,12,,3162,,,0,12,,3163,,,0,54,,3164,,,0,15,,3165,,,0,15,,3166,,,0,60,,3167,,,0,20,,3168,,,0,21,,3169,,,0,61,,3170,,,0,20,,3171,,,0,20,,3172,,,0,60,,3173,,,0,20,,3174,,,0,20,,3175,,,0,60,,3176,,,0,20,,3177,,,0,21,,3178,,,0,60,,3179,,,0,20,,3180,,,0,21,,3181,,,0,60,,3182,,,0,17,,3183,,,0,27,,3184,,,0,73,,3185,0,10,0
661701,'3',626,,3187,,,0,74,,3188,,,0,27,,3189,,,0,32,,3190,,,0,70,,3191,,,0,23,,3192,,,0,60,,3193,,,0,20,,3194,,,0,18,,3195,,,0,60,,3196,,,0,20,,3197,,,0,17,,3198,,,0,55,,3199,,,0,15,,3200,,,0,15,,3201,,,0,15,,3202,,,0,55,,3203,,,0,15,,3204,,,0,15,,3205,,,0,13,,3206,,,0,55,,3207,,,0,15,,3208,,,0,15,,3209,,,0,15,,3210,,,0,55,,3211,,,0,15,,3212,,,0,15,,3213,,,0,15,,3214,,,0,55,,3215,,,0,15,,3216,,,0,14,,3217,,,0,15,,3218,,,0,15,,3219,,,0,55,,3220,,,0,16,,3221,,,0,15,,3222,,,0,55,,3223,,,0,15,,3224,,,0,15,,3225,,,0,16,,3226,,,0,55,,3227,,,0,18,,3228,,,0,20,,3229,,,0,20,,3230,,,0,63,,3231,,,0,18,,3232,,,0,60,,3233,,,0,20,,3234,,,0,22,,3235,,,0,60,,3236,,,0,20,,3237,,,0,22,,3238,,,0,60,,3239,,,0,20,,3240,,,0,19,,3241,,,0,60,,3242,,,0,19,,3243,,,0,20,,3244,,,0,62,,3245,,,0,16,,3246,,,0,31,,3247,,,0,86,,3248,0,10,0
667201,'1',556,,20039,,,0,72,,20030,,,0,18,,20038,,,0,55,,20025,,,0,15,,20035,,,0,9,,20062,,,0,9,,20058,,,0,11,,20054,,,0,13,,20051,,,0,55,,20056,,,0,12,,20057,,,0,15,,20053,,,0,15,,20023,,,0,57,,20021,,,0,10,,20050,,,0,11,,20020,,,0,13,,20048,,,0,60,,20027,,,0,25,,20022,,,0,70,,20024,,,0,29,,20044,,,0,70,,20052,,,0,29,,20047,,,0,29,,20034,,,0,66,,20033,,,0,79,,20032,,,0,29,,20026,,,0,68,,20031,,,0,34,,20028,,,0,72,,20061,,,0,7,,20060,,,0,29,,20059,,,0,15,,20040,,,0,61,,20046,,,0,13,,20045,,,0,19,,20049,,,0,58,,20037,,,0,13,,20043,,,0,15,,20042,,,0,13,,20041,,,0,59,,20036,,,0,33,,20055,,,0
667201,'101',1622,,20063,,,0
667201,'2',629,,20070,,,0,30,,20075,,,0,70,,20074,,,0,71,,20069,,,0,30,,20072,,,0,70,,20067,,,0,31,,20078,,,0,70,,20065,,,0,30,,20082,,,0,70,,20081,,,0,31,,20077,,,0,71,,20088,,,0,30,,20076,,,0,70,,20087,,,0,31,,20080,,,0,70,,20071,,,0,20,,20086,,,0,20,,20092,,,0,60,,20093,,,0,21,,20094,,,0,20,,20068,,,0,60,,20085,,,0,23,,20079,,,0,19,,20089,,,0,59,,20090,,,0,20,,20091,,,0,21,,20084,,,0,60,,20066,,,0,19,,20095,,,0,20,,20073,,,0,59,,20096,,,0,19,,20083,,,0,17,,20097,,,0
667201,'201',1622,,20098,,,0
667201,'3',659,,20100,,,0,70,,20124,,,0,30,,20123,,,0,70,,20104,,,0,71,,20106,,,0,30,,20117,,,0,70,,20107,,,0,30,,20113,,,0,70,,20109,,,0,31,,20116,,,0,28,,20111,,,0,72,,20102,,,0,70,,20112,,,0,31,,20120,,,0,69,,20110,,,0,32,,20105,,,0,70,,20101,,,0,30,,20119,,,0,69,,20118,,,0,31,,20114,,,0,69,,20122,,,0,30,,20115,,,0,70,,20103,,,0,30,,20108,,,0,70,,20121,,,0,30,,20099,,,0
667301,'1',702,,20251,,,0,9,,20265,,,0,9,,20277,,,0,15,,20283,,,0,12,,20271,,,0,61,,20242,,,0,21,,20264,,,0,17,,20260,,,0,68,,20281,,,0,36,,20282,,,0,50,,20246,,,0,27,,20245,,,0,23,,20244,,,0,67,,20268,,,0,29,,20269,,,0,72,,20267,,,0,29,,20258,,,0,69,,20266,,,0,32,,20270,,,0,69,,20250,,,0,32,,20255,,,0,66,,20247,,,0,39,,20272,,,0,62,,20278,,,0,28,,20263,,,0,74,,20256,,,0,32,,20274,,,0,51,,20243,,,0,24,,20279,,,0
667301,'2',944,,20292,,,0,75,,20293,,,0,30,,20294,,,0,71,,20317,,,0,31,,20295,,,0,70,,20313,,,0,30,,20296,,,0,71,,20297,,,0,28,,20319,,,0,72,,20314,,,0,29,,20298,,,0,71,,20318,,,0,34,,20299,,,0,71,,20315,,,0,30,,20300,,,0,68,,20301,,,0,33,,20302,,,0
667301,'3',944,,20339,,,0,79,,20343,,,0,28,,20325,,,0,69,,20344,,,0,30,,20326,,,0,70,,20345,,,0,30,,20327,,,0,71,,20346,,,0,28,,20328,,,0,71,,20347,,,0,29,,20329,,,0,73,,20348,,,0,30,,20330,,,0,70,,20349,,,0,31,,20331,,,0,71,,20340,,,0
667501,'1',725,,20649,,,0,21,,20651,,,0,75,,20660,,,0,20,,20656,,,0,69,,20661,,,0
1671701,'1',2005,,40801,,,0,28,,40800,,,0,26,,40799,,,0,70,,40812,,,0,30,,40811,,,0,69,,40810,,,0,31,,40809,,,0,66,,40808,,,0,34,,40807,,,0,69,,40806,,,0,117,,40803,,,0
1671701,'2',1956,,40815,,,0,70,,40814,,,0,28,,40813,,,0,71,,40825,,,0,31,,40824,,,0,69,,40823,,,0,31,,40822,,,0,69,,40821,,,0,30,,40820,,,0,69,,40819,,,0,129,,40816,,,0
1671701,'3',1959,,40827,,,0,70,,40840,,,0,30,,40839,,,0,70,,40838,,,0,30,,40837,,,0,69,,40836,,,0,27,,40835,,,0,70,,40834,,,0,30,,40833,,,0,70,,40832,,,0,112,,40828,,,0,67,,40829,,,0
