666100,'1',552,,134633,19,,,0,55,,134634,19,,,0,17,,134635,19,,,0,15,,134636,19,,,0,13,,134637,19,,,0,57,,134638,19,,,0,15,,134639,19,,,0,11,,134640,19,,,0,20,,134641,19,,,0,55,,134642,19,,,0,16,,134643,19,,,0,12,,134644,19,,,0,18,,134645,19,,,0,55,,134646,19,,,0,30,,134647,19,,,0,71,,134648,19,,,0,30,,134649,19,,,0,70,,134650,19,,,0,30,,134651,19,,,0,71,,134604,19,,,0,30,,134605,19,,,0,70,,134606,19,,,0,30,,134607,19,,,0,70,,134608,19,,,0,26,,134609,19,,,0,72,,134610,19,,,0,15,,134611,19,,,0,17,,134612,19,,,0,11,,134613,19,,,0,58,,134614,19,,,0,13,,134615,19,,,0,17,,134616,19,,,0,17,,134617,19,,,0,53,,134618,19,,,0,15,,134619,19,,,0,15,,134620,19,,,0,15,,134621,19,,,0,55,,134622,19,,,0,11,,134623,19,,,0,18,,134624,19,,,0,17,,134625,19,,,0,62,,134626,19,,,0,30,,134627,19,,,0,70,,134628,19,,,0,30,,134629,19,,,0,69,,134630,19,,,0,30,,134631,19,,,0,66,,134632,19,,,0,100,,134652,19,,,0
666100,'101',1521,,134603,2,,,0
666100,'2',617,,134660,19,,,0,30,,134664,19,,,0,70,,134658,19,,,0,30,,134661,19,,,0,70,,134662,19,,,0,32,,134659,19,,,0,70,,134655,19,,,0,30,,134666,19,,,0,70,,134654,19,,,0,30,,134653,19,,,0,70,,134677,19,,,0,30,,134681,19,,,0,70,,134657,19,,,0,30,,134680,19,,,0,70,,134679,19,,,0,30,,134678,19,,,0,70,,134665,19,,,0,30,,134683,19,,,0,70,,134676,19,,,0,30,,134668,19,,,0,70,,134682,19,,,0,30,,134675,19,,,0,71,,134674,19,,,0,30,,134673,19,,,0,68,,134672,19,,,0,30,,134671,19,,,0,70,,134656,19,,,0,30,,134670,19,,,0,70,,134684,19,,,0,30,,134669,19,,,0,70,,134685,19,,,0,30,,134663,19,,,0,70,,134686,19,,,0,30,,134667,19,,,0,100,,134687,19,,,0
666100,'3',747,,134689,19,,,0,70,,134705,19,,,0,30,,134690,19,,,0,70,,134706,19,,,0,31,,134691,19,,,0,70,,134707,19,,,0,30,,134692,19,,,0,70,,134708,19,,,0,30,,134693,19,,,0,70,,134709,19,,,0,30,,134694,19,,,0,70,,134710,19,,,0,30,,134695,19,,,0,70,,134711,19,,,0,30,,134696,19,,,0,70,,134712,19,,,0,31,,134697,19,,,0,70,,134713,19,,,0,30,,134698,19,,,0,70,,134714,19,,,0,30,,134699,19,,,0,70,,134715,19,,,0,29,,134700,19,,,0,70,,134688,19,,,0,30,,134701,19,,,0,68,,134716,19,,,0,32,,134702,19,,,0,70,,134717,19,,,0,30,,134703,19,,,0,100,,134704,19,,,0,100,,134718,19,,,0
666400,'1',545,,135384,23,,,0,70,,135377,23,,,0,28,,135378,23,,,0,70,,135349,23,,,0,30,,135350,23,,,0,73,,135351,23,,,0,37,,135352,23,,,0,68,,135353,23,,,0,32,,135381,23,,,0,70,,135354,23,,,0,30,,135355,23,,,0,70,,135356,23,,,0,32,,135357,23,,,0,70,,135358,23,,,0,30,,135359,23,,,0,68,,135360,23,,,0,30,,135361,23,,,0,71,,135363,23,,,0,31,,135364,23,,,0,74,,135365,23,,,0,30,,135379,23,,,0,70,,135366,23,,,0,30,,135367,23,,,0,70,,135368,23,,,0,30,,135369,23,,,0,69,,135370,23,,,0,30,,135348,23,,,0,70,,135362,23,,,0,23,,135371,23,,,0,63,,135372,23,,,0,35,,135380,23,,,0,76,,135383,23,,,0,82,,135373,23,,,0,38,,135374,23,,,0,81,,135375,23,,,0,79,,135382,23,,,0,40,,135376,23,,,0
666400,'2',620,,135385,23,,,0,30,,135386,23,,,0,70,,135387,23,,,0,30,,135388,23,,,0,70,,135389,23,,,0,30,,135390,23,,,0,70,,135391,23,,,0,32,,135392,23,,,0,70,,135393,23,,,0,32,,135394,23,,,0,70,,135395,23,,,0,30,,135396,23,,,0,68,,135397,23,,,0,30,,135398,23,,,0,72,,135399,23,,,0,30,,135400,23,,,0,72,,135401,23,,,0,30,,135402,23,,,0,68,,135403,23,,,0,30,,135404,23,,,0,70,,135405,23,,,0,30,,135406,23,,,0,70,,135407,23,,,0,30,,135408,23,,,0,70,,135409,23,,,0,28,,135410,23,,,0,69,,135411,23,,,0,30,,135412,23,,,0,100,,135413,23,,,0,100,,135414,23,,,0,99,,135415,23,,,0,100,,135416,23,,,0,97,,135417,23,,,0
666400,'3',729,,135418,23,,,0,102,,135419,23,,,0,99,,135420,23,,,0,100,,135421,23,,,0,102,,135422,23,,,0,70,,135436,23,,,0,31,,135423,23,,,0,70,,135437,23,,,0,30,,135424,23,,,0,70,,135438,23,,,0,30,,135425,23,,,0,70,,135439,23,,,0,30,,135426,23,,,0,70,,135440,23,,,0,30,,135427,23,,,0,70,,135441,23,,,0,30,,135428,23,,,0,70,,135442,23,,,0,30,,135429,23,,,0,98,,135430,23,,,0,100,,135431,23,,,0,100,,135432,23,,,0,100,,135435,23,,,0,99,,135433,23,,,0,118,,135434,23,,,0
666500,'1',545,,135566,19,,,0,70,,135576,19,,,0,30,,135575,19,,,0,70,,135574,19,,,0,32,,135573,19,,,0,72,,135572,19,,,0,30,,135559,19,,,0,68,,135571,19,,,0,29,,135558,19,,,0,70,,135557,19,,,0,30,,135556,19,,,0,70,,135570,19,,,0,30,,135555,19,,,0,70,,135569,19,,,0,30,,135568,19,,,0,72,,135548,19,,,0,30,,135565,19,,,0,78,,135554,19,,,0,25,,135553,19,,,0,70,,135564,19,,,0,32,,135567,19,,,0,70,,135563,19,,,0,29,,135562,19,,,0,69,,135561,19,,,0,29,,135552,19,,,0,70,,135560,19,,,0,28,,135551,19,,,0,70,,135550,19,,,0,30,,135549,19,,,0,67,,135547,19,,,0,32,,135546,19,,,0,71,,135545,19,,,0,31,,135544,19,,,0,69,,135543,19,,,0,31,,135542,19,,,0,68,,135541,19,,,0
666500,'2',557,,135580,19,,,0,70,,135581,19,,,0,30,,135582,19,,,0,70,,135583,19,,,0,32,,135602,19,,,0,70,,135584,19,,,0,30,,135585,19,,,0,70,,135586,19,,,0,30,,135594,19,,,0,73,,135587,19,,,0,70,,135588,19,,,0,30,,135589,19,,,0,70,,135579,19,,,0,30,,135596,19,,,0,71,,135577,19,,,0,30,,135597,19,,,0,70,,135598,19,,,0,19,,135599,19,,,0,20,,135609,19,,,0,60,,135600,19,,,0,20,,135601,19,,,0,20,,135610,19,,,0,60,,135578,19,,,0,20,,135603,19,,,0,20,,135611,19,,,0,60,,135604,19,,,0,20,,135605,19,,,0,20,,135612,19,,,0,60,,135607,19,,,0,20,,135590,19,,,0,25,,135591,19,,,0,72,,135592,19,,,0,28,,135613,19,,,0,66,,135608,19,,,0,29,,135614,19,,,0,70,,135595,19,,,0,100,,135606,19,,,0,100,,135593,19,,,0,103,,135615,19,,,0
666500,'3',724,,135644,19,,,0,80,,135635,19,,,0,30,,135625,19,,,0,70,,135624,19,,,0,30,,135623,19,,,0,70,,135643,19,,,0,30,,135622,19,,,0,71,,135621,19,,,0,30,,135616,19,,,0,70,,135626,19,,,0,30,,135641,19,,,0,71,,135628,19,,,0,30,,135640,19,,,0,70,,135639,19,,,0,15,,135645,19,,,0,20,,135638,19,,,0,60,,135637,19,,,0,21,,135646,19,,,0,20,,135636,19,,,0,60,,135627,19,,,0,20,,135647,19,,,0,20,,135634,19,,,0,60,,135633,19,,,0,20,,135648,19,,,0,20,,135632,19,,,0,60,,135630,19,,,0,19,,135649,19,,,0,20,,135620,19,,,0,65,,135619,19,,,0,30,,135618,19,,,0,70,,135650,19,,,0,30,,135629,19,,,0,70,,135651,19,,,0,25,,135642,19,,,0,100,,135631,19,,,0,104,,135617,19,,,0
