3004201,'2_merged_15529702',840,,162518,2,,,0,75,,162519,2,,,0,35,,162520,2,,,0,75,,162521,2,,,0,75,,162522,2,,,0,35,,162523,2,,,0,75,,162524,2,,,0,35,,162525,2,,,0,76,,162526,2,,,0,35,,162527,2,,,0,75,,162528,2,,,0,75,,162529,2,,,0,35,,162530,2,,,0,74,,162531,2,,,0,35,,162532,2,,,0,74,,162533,2,,,0,34,,162534,2,,,0,73,,162535,2,,,0,74,,162536,2,,,0
3004201,'3_merged_15529701',839,,162537,2,,,0,75,,162538,2,,,0,35,,162539,2,,,0,75,,162540,2,,,0,35,,162541,2,,,0,75,,162542,2,,,0,76,,162543,2,,,0,35,,162544,2,,,0,75,,162545,2,,,0,35,,162546,2,,,0,75,,162547,2,,,0,75,,162548,2,,,0,35,,162549,2,,,0,75,,162550,2,,,0,35,,162551,2,,,0,75,,162552,2,,,0,33,,162553,2,,,0,72,,162554,2,,,0,75,,162555,2,,,0
3004400,'1_merged_15529700',2201,,162873,24,0,124 125,0,100,,162874,24,0,124 125,0,100,,162875,24,0,124 125,0
3004400,'2_merged_15529702',2303,,162890,24,0,124 125,0,97,,162889,24,0,124 125,0
3004400,'3_merged_15529701',2258,,162919,24,0,124 125,0,100,,162918,24,0,124 125,0
3004500,'1_merged_15529700',1242,,163035,28,,,0,70,,163050,28,,,0,31,,163036,28,,,0,70,,163051,28,,,0,25,,163037,28,,,0,70,,163052,28,,,0,30,,163038,28,,,0,66,,163039,28,,,0,41,,163040,28,,,0,70,,163041,28,,,0,30,,163045,28,,,0,78,,163046,28,,,0,17,,163056,28,,,0,72,,163042,28,,,0,38,,163043,28,,,0,100,,163044,28,,,0
3004500,'2_merged_15529702',1230,,163066,28,,,0,76,,163075,28,,,0,32,,163065,28,,,0,70,,163076,28,,,0,29,,163064,28,,,0,70,,163077,28,,,0,30,,163063,28,,,0,70,,163078,28,,,0,30,,163062,28,,,0,70,,163079,28,,,0,31,,163061,28,,,0,70,,163080,28,,,0,30,,163060,28,,,0,65,,163081,28,,,0,35,,163059,28,,,0,70,,163082,28,,,0,30,,163058,28,,,0
3004500,'3_merged_15529701',1233,,163091,28,,,0,73,,163100,28,,,0,32,,163090,28,,,0,69,,163101,28,,,0,31,,163089,28,,,0,70,,163102,28,,,0,30,,163088,28,,,0,70,,163103,28,,,0,30,,163087,28,,,0,70,,163104,28,,,0,30,,163086,28,,,0,70,,163105,28,,,0,28,,163085,28,,,0,70,,163106,28,,,0,30,,163084,28,,,0,70,,163107,28,,,0,30,,163083,28,,,0
3004501,'1_merged_15529700',544,,163124,15,,,0,69,,163125,15,,,0,30,,163126,15,,,0,72,,163127,15,,,0,25,,163128,15,,,0,74,,163138,15,,,0,23,,163129,15,,,0,72,,163130,15,,,0,29,,163131,15,,,0,66,,163132,15,,,0,35,,163118,15,,,0,68,,163133,15,,,0,30,,163119,15,,,0,71,,163134,15,,,0,30,,163120,15,,,0,73,,163135,15,,,0,30,,163121,15,,,0
3004501,'2_merged_15529702',901,,163151,15,,,0,30,,163152,15,,,0,70,,163150,15,,,0,30,,163153,15,,,0,71,,163149,15,,,0,30,,163154,15,,,0,70,,163148,15,,,0,30,,163155,15,,,0,69,,163147,15,,,0
3004501,'3_merged_15529701',901,,163176,15,,,0,30,,163177,15,,,0,70,,163175,15,,,0,32,,163178,15,,,0,70,,163174,15,,,0,30,,163179,15,,,0,70,,163173,15,,,0,30,,163180,15,,,0,73,,163172,15,,,0
