'101_merged_15524965',20260420,1,20260421,1,20260422,1,20260423,1,20260424,1,20260427,1,20260428,1,20260429,1,20260430,1,20260501,1,20260504,1,20260505,1,20260506,1,20260507,1,20260508,1,20260511,1,20260512,1,20260513,1,20260514,1,20260515,1,20260519,1,20260520,1,20260521,1,20260522,1,20260525,1,20260526,1,20260527,1,20260528,1,20260529,1,20260601,1,20260602,1,20260603,1,20260604,1,20260605,1
'1101_merged_15524969',20260420,1,20260421,1,20260422,1,20260423,1,20260427,1,20260428,1,20260429,1,20260430,1,20260504,1,20260505,1,20260506,1,20260507,1,20260511,1,20260512,1,20260513,1,20260514,1,20260519,1,20260520,1,20260521,1,20260525,1,20260526,1,20260527,1,20260528,1,20260601,1,20260602,1,20260603,1,20260604,1
'1201_merged_15524951',20260424,1,20260501,1,20260508,1,20260515,1,20260522,1,20260529,1,20260605,1
'152201_merged_15524962',20260420,1,20260421,1,20260422,1,20260423,1,20260427,1,20260428,1,20260429,1,20260430,1,20260504,1,20260505,1,20260506,1,20260507,1,20260511,1,20260512,1,20260513,1,20260514,1,20260519,1,20260520,1,20260521,1,20260525,1,20260526,1,20260527,1,20260528,1,20260601,1,20260602,1,20260603,1,20260604,1
'152301_merged_15524964',20260424,1,20260501,1,20260508,1,20260515,1,20260522,1,20260529,1,20260605,1
'162503_merged_15524963',20260518,1
'162601_merged_15524953',20260424,1,20260501,1,20260508,1,20260515,1,20260522,1,20260529,1,20260605,1
'169801_merged_15524967',20260424,1,20260501,1,20260508,1,20260514,1,20260515,1,20260522,1,20260529,1,20260605,1
'1803_merged_15524966',20260517,1
'1901_merged_15524955',20260420,1,20260421,1,20260423,1,20260424,1,20260427,1,20260428,1,20260430,1,20260501,1,20260504,1,20260505,1,20260507,1,20260508,1,20260511,1,20260512,1,20260514,1,20260515,1,20260519,1,20260521,1,20260522,1,20260525,1,20260526,1,20260528,1,20260529,1,20260601,1,20260602,1,20260604,1,20260605,1
'1_merged_15524958',20260420,0,20260421,0,20260422,0,20260423,0,20260424,0,20260427,0,20260428,0,20260429,0,20260430,0,20260501,0,20260504,0,20260505,0,20260506,0,20260507,0,20260508,0,20260511,0,20260512,0,20260513,0,20260514,0,20260515,0,20260518,0,20260518,2,20260519,0,20260520,0,20260521,0,20260522,0,20260525,0,20260526,0,20260527,0,20260528,0,20260529,0,20260601,0,20260602,0,20260603,0,20260604,0,20260605,0
'2001_merged_15524968',20260422,1,20260429,1,20260506,1,20260513,1,20260520,1,20260527,1,20260603,1
'253403_merged_15524957',20260518,1
'2_merged_15524960',20260425,0,20260502,0,20260509,0,20260516,0,20260523,0,20260530,0,20260606,0
'32603_merged_15524950',20260426,1,20260503,1,20260510,1,20260518,1,20260524,1,20260531,1,20260607,1
'3_merged_15524959',20260426,0,20260503,0,20260510,0,20260517,0,20260518,1,20260524,0,20260531,0,20260607,0
'4901',20260420,1,20260421,1,20260422,1,20260423,1,20260424,1,20260427,1,20260428,1,20260429,1,20260430,1,20260501,1,20260504,1,20260505,1,20260506,1,20260507,1,20260508,1,20260511,1,20260512,1,20260513,1,20260514,1,20260515,1,20260519,1,20260520,1,20260521,1,20260522,1,20260525,1,20260526,1,20260527,1,20260528,1,20260529,1,20260601,1,20260602,1,20260603,1,20260604,1,20260605,1
'4902',20260425,1,20260502,1,20260509,1,20260516,1,20260523,1,20260530,1,20260606,1
'4903',20260426,1,20260503,1,20260510,1,20260517,1,20260518,1,20260524,1,20260531,1,20260607,1
'62101_merged_15524956',20260420,1,20260421,1,20260423,1,20260424,1,20260427,1,20260428,1,20260430,1,20260501,1,20260504,1,20260505,1,20260507,1,20260508,1,20260511,1,20260512,1,20260514,1,20260515,1,20260519,1,20260521,1,20260522,1,20260525,1,20260526,1,20260528,1,20260529,1,20260601,1,20260602,1,20260604,1,20260605,1
'62201_merged_15524954',20260422,1,20260429,1,20260506,1,20260513,1,20260520,1,20260527,1,20260603,1
'701_merged_15524952',20260424,1,20260501,1,20260508,1,20260515,1,20260522,1,20260529,1,20260605,1
'801_merged_15524970',20260420,1,20260421,1,20260422,1,20260423,1,20260427,1,20260428,1,20260429,1,20260430,1,20260504,1,20260505,1,20260506,1,20260507,1,20260511,1,20260512,1,20260513,1,20260514,1,20260519,1,20260520,1,20260521,1,20260525,1,20260526,1,20260527,1,20260528,1,20260601,1,20260602,1,20260603,1,20260604,1
