663501,'1',659,,10198,,,0,99,,10199,,,0,101,,10200,,,0
668700,'1',540,,22696,,,0,70,,22697,,,0,15,,22698,,,0,10,,22699,,,0,10,,22700,,,0,10,,22701,,,0,50,,22702,,,0,10,,22703,,,0,10,,22704,,,0,10,,22705,,,0,10,,22706,,,0,5,,22707,,,0,50,,22708,,,0,5,,22709,,,0,5,,22710,,,0,5,,22711,,,0,5,,22712,,,0,15,,22713,,,0,5,,22714,,,0,10,,22715,,,0,50,,22716,0,46 47,0,5,,22717,,,0,10,,22718,,,0,5,,22719,,,0,10,,22720,,,0,5,,22721,,,0,10,,22722,,,0,55,,22723,,,0,5,,22724,0,46 47,0,10,,22726,,,0,15,,22727,,,0,5,,22728,,,0,10,,22729,,,0,55,,22730,,,0,5,,22731,,,0,10,,22732,,,0,15,,22733,,,0,5,,22734,,,0,10,,22735,,,0,55,,22736,,,0,5,,22737,,,0,10,,22738,,,0,15,,22739,,,0,5,,22740,,,0,10,,22741,,,0,55,,22742,,,0,5,,22743,,,0,10,,22744,,,0,15,,22745,,,0,5,,22746,,,0,10,,22747,,,0,55,,22748,,,0,5,,22749,,,0,10,,22750,,,0,15,,22751,,,0,5,,22752,,,0,10,,22753,,,0,10,,22754,,,0,50,,22755,,,0,10,,22757,,,0,20,,22759,,,0,10,,22760,,,0,60,,22761,,,0,10,,22762,,,0,10,,22763,,,0,10,,22764,,,0,10,,22766,,,0,10,,22767,,,0,50,,22768,,,0,10,,22770,,,0,5,,22771,,,0,5,,22772,,,0,10,,22774,,,0,10,,22775,,,0,5,,22776,,,0,5,,22777,,,0,49,,22778,,,0,1,,22779,,,0,10,,22780,,,0,4,,22781,,,0,6,,22782,,,0,9,,22783,,,0,1,,22784,,,0,10,,22785,,,0,4,,22786,,,0,55,,22787,,,0,1,,22788,,,0,14,,22789,,,0,6,,22790,,,0,9,,22791,,,0,11,,22792,,,0,59,,22793,,,0,1,,22794,,,0,20,,22795,,,0,9,,22796,,,0,21,,22797,,,0,49,,22798,,,0,21,,22799,,,0,9,,22800,,,0,70,,22801,,,0,35,,22802,,,0,70,,22803,,,0,30,,22804,,,0,70,,22805,,,0,30,,22806,,,0
668700,'101',836,,22808,,,0,689,,22810,,,0,30,,22811,,,0,50,,22812,,,0
668700,'2',541,,22813,,,0,66,,22814,,,0,34,,22815,,,0,62,,22816,,,0,30,,22817,,,0,70,,22818,,,0,30,,22819,,,0,15,,22820,,,0,6,,22821,,,0,49,,22822,,,0,21,,22823,,,0,9,,22824,,,0,6,,22825,,,0,12,,22826,,,0,52,,22827,,,0,12,,22829,,,0,12,,22830,,,0,6,,22831,,,0,6,,22832,,,0,12,,22833,,,0,52,,22834,,,0,12,,22836,,,0,12,,22837,,,0,6,,22838,,,0,6,,22839,,,0,15,,22840,,,0,49,,22841,,,0,6,,22842,,,0,15,,22843,,,0,9,,22844,,,0,6,,22845,,,0,19,,22846,,,0,45,,22847,,,0,6,,22848,,,0,15,,22849,,,0,9,,22850,,,0,6,,22851,,,0,11,,22852,,,0,52,,22853,,,0,1,,22854,,,0,11,,22855,,,0,14,,22856,,,0,5,,22857,,,0,7,,22858,,,0,12,,22859,,,0,51,,22860,,,0,1,,22861,,,0,12,,22862,,,0,12,,22863,,,0,5,,22864,,,0,7,,22865,,,0,10,,22866,,,0,52,,22867,,,0,1,,22868,,,0,2,,22869,,,0,8,,22870,,,0,4,,22871,,,0,12,,22872,,,0,4,,22873,,,0,8,,22874,,,0,12,,22875,,,0,50,,22876,,,0,2,,22877,,,0,8,,22878,,,0,4,,22879,,,0,12,,22880,,,0,4,,22881,,,0,8,,22882,,,0,12,,22883,,,0,50,,22884,,,0,2,,22885,,,0,12,,22886,,,0,1,,22887,,,0,11,,22888,,,0,4,,22889,,,0,8,,22890,,,0,12,,22891,,,0,50,,22892,,,0,2,,22893,,,0,18,,22894,,,0,10,,22895,,,0,3,,22896,,,0,20,,22897,,,0,47,,22898,,,0,13,,22899,,,0,17,,22900,,,0,3,,22901,,,0,67,,22902,,,0,3,,22903,,,0,27,,22904,,,0,17,,22905,,,0,53,,22906,,,0,17,,22907,,,0,18,,22908,,,0,70,,22909,,,0,12,,22910,,,0,18,,22911,,,0,70,,22912,,,0,30,,22913,,,0
668700,'201',836,,22915,,,0,689,,22916,,,0,30,,22917,,,0,50,,22918,,,0
668700,'3',629,,22919,,,0,71,,22920,,,0,34,,22921,,,0,70,,22922,,,0,30,,22923,,,0,1,,22924,,,0,14,,22925,,,0,55,,22926,,,0,13,,22927,,,0,17,,22928,,,0,15,,22929,,,0,3,,22930,,,0,52,,22931,,,0,30,,22932,,,0,3,,22933,,,0,15,,22934,,,0,52,,22935,,,0,3,,22936,,,0,15,,22937,,,0,12,,22938,,,0,3,,22939,,,0,15,,22940,,,0,52,,22941,,,0,3,,22942,,,0,15,,22943,,,0,12,,22944,,,0,4,,22945,,,0,15,,22946,,,0,51,,22947,,,0,4,,22948,,,0,15,,22949,,,0,11,,22950,,,0,4,,22951,,,0,15,,22952,,,0,51,,22953,,,0,4,,22954,,,0,14,,22955,,,0,12,,22956,,,0,3,,22957,,,0,15,,22958,,,0,52,,22959,,,0,1,,22960,,,0,12,,22961,,,0,12,,22962,,,0,5,,22963,,,0,7,,22964,,,0,12,,22965,,,0,51,,22966,,,0,1,,22967,,,0,12,,22968,,,0,12,,22969,,,0,5,,22970,,,0,7,,22971,,,0,12,,22972,,,0,51,,22973,,,0,1,,22974,,,0,12,,22975,,,0,12,,22976,,,0,5,,22977,,,0,7,,22978,,,0,12,,22979,,,0,51,,22980,,,0,1,,22981,,,0,12,,22982,,,0,12,,22983,,,0,5,,22984,,,0,7,,22985,,,0,12,,22986,,,0,51,,22987,,,0,1,,22988,,,0,15,,22989,,,0,14,,22990,,,0,70,,22991,,,0,30,,22992,,,0,70,,22993,,,0,15,,22994,,,0,15,,22995,,,0,70,,22996,,,0,35,,22997,,,0,70,,22998,,,0,30,,22999,,,0,66,,23000,0,46 47,0,10,,23001,,,0,24,,23002,,,0,1,,23003,0,46 47,0,100,,23004,0,46 47,0
669000,'1',656,,23547,,,0,70,,23548,,,0,29,,23549,,,0,68,,23550,,,0,88,,23551,0,46 47 48,0,48,,23552,0,46 47 48,0,100,,23553,0,46 47 48,0,100,,23554,0,46 47 48,0,100,,23555,0,46 47 48,0,99,,23556,,,0,98,,23557,,,0,70,,23558,,,0,30,,23559,,,0,69,,23560,,,0,76,,23561,0,46 47 48,0,30,,23562,0,46 47 48,0,69,,23563,0,46 47 48,0,30,,23564,0,46 47 48,0,70,,23565,0,46 47 48,0,28,,23566,0,46 47 48,0,30,,23567,0,46 47 48,0,99,,23568,0,46 47 48,0,248,,23569,0,46 47 48,0
669000,'101',1523,,23570,0,46 47 48,0
669000,'2',757,,23571,0,46 47 48,0,100,,23572,0,46 47 48,0,100,,23573,0,46 47 48,0,100,,23574,0,46 47 48,0,100,,23575,0,46 47 48,0,100,,23576,0,46 47 48,0,100,,23577,0,46 47 48,0,100,,23578,0,46 47 48,0,100,,23579,0,46 47 48,0,100,,23580,0,46 47 48,0,100,,23581,0,46 47 48,0,100,,23582,0,46 47 48,0,100,,23583,0,46 47 48,0,100,,23584,0,46 47 48,0,100,,23585,0,46 47 48,0,149,,23586,0,46 47 48,0
669000,'3',856,,23587,0,46 47 48,0,101,,23588,0,46 47 48,0,100,,23589,0,46 47 48,0,100,,23590,0,46 47 48,0,100,,23591,0,46 47 48,0,100,,23592,0,46 47 48,0,100,,23593,0,46 47 48,0,100,,23594,0,46 47 48,0,100,,23595,0,46 47 48,0,99,,23596,0,46 47 48,0,100,,23597,0,46 47 48,0,100,,23598,0,46 47 48,0,100,,23599,0,46 47 48,0,100,,23600,0,46 47 48,0,149,,23601,0,46 47 48,0
669200,'1',549,,23760,,,0,70,,23761,,,0,30,,23762,,,0,60,,23763,,,0,20,,23764,,,0,20,,23765,,,0,60,,23766,,,0,20,,23767,,,0,20,,23768,,,0,60,,23769,,,0,20,,23770,,,0,20,,23771,,,0,60,,23772,,,0,20,,23773,,,0,20,,23774,,,0,61,,23775,,,0,20,,23776,,,0,20,,23777,,,0,60,,23778,,,0,20,,23779,,,0,20,,23780,,,0,60,,23781,,,0,20,,23782,,,0,20,,23783,,,0,60,,23784,,,0,20,,23785,,,0,20,,23786,,,0,60,,23787,,,0,20,,23788,,,0,20,,23789,,,0,60,,23790,,,0,20,,23791,,,0,20,,23792,,,0,60,,23793,,,0,20,,23794,,,0,20,,23795,,,0,59,,23796,,,0,25,,23797,,,0,70,,23798,,,0,30,,23799,,,0,70,,23800,,,0,20,,23801,,,0,30,,23802,,,0,80,,23803,,,0
669200,'2',544,,23810,,,0,60,,23811,,,0,30,,23812,,,0,70,,23813,,,0,30,,23814,,,0,70,,23815,,,0,30,,23816,,,0,70,,23817,,,0,30,,23818,,,0,70,,23819,,,0,30,,23820,,,0,70,,23821,,,0,20,,23822,,,0,20,,23823,,,0,60,,23824,,,0,20,,23825,,,0,20,,23826,,,0,60,,23827,,,0,20,,23828,,,0,20,,23829,,,0,60,,23830,,,0,20,,23831,,,0,20,,23832,,,0,60,,23833,,,0,20,,23834,,,0,20,,23835,,,0,60,,23836,,,0,20,,23837,,,0,20,,23838,,,0,60,,23839,,,0,20,,23840,,,0,20,,23841,,,0,60,,23842,,,0,30,,23843,,,0,70,,23844,,,0,30,,23845,,,0,70,,23846,,,0,30,,23847,,,0
669200,'3',634,,23855,,,0,70,,23856,,,0,30,,23857,,,0,70,,23858,,,0,30,,23859,,,0,70,,23860,,,0,30,,23861,,,0,70,,23862,,,0,30,,23863,,,0,70,,23864,,,0,20,,23865,,,0,20,,23866,,,0,60,,23867,,,0,20,,23868,,,0,20,,23869,,,0,60,,23870,,,0,20,,23871,,,0,20,,23872,,,0,60,,23873,,,0,20,,23874,,,0,20,,23875,,,0,60,,23876,,,0,20,,23877,,,0,20,,23878,,,0,60,,23879,,,0,20,,23880,,,0,20,,23881,,,0,60,,23882,,,0,20,,23883,,,0,20,,23884,,,0,60,,23885,,,0,30,,23886,,,0,70,,23887,,,0,30,,23888,,,0,70,,23889,,,0,30,,23890,,,0
1023201,'1',651,,39647,,,0,100,,39648,,,0,100,,39649,,,0,100,,39650,,,0,100,,39651,,,0,100,,39652,,,0,100,,39653,,,0,100,,39654,,,0,100,,39655,,,0,100,,39656,,,0,100,,39657,,,0,100,,39658,,,0,100,,39659,,,0,100,,39660,,,0
1023201,'1201',2051,,39661,,,0,100,,39662,,,0,100,,39663,,,0
1023201,'2',751,,39664,,,0,100,,39665,,,0,100,,39666,,,0,100,,39667,,,0,100,,39668,,,0,100,,39669,,,0,100,,39670,,,0,100,,39671,,,0,100,,39672,,,0,100,,39673,,,0,100,,39674,,,0,100,,39675,,,0,100,,39676,,,0,100,,39677,,,0,100,,39678,,,0
1023201,'3',952,,39689,,,0,100,,39690,,,0,100,,39679,,,0,100,,39680,,,0,100,,39681,,,0,100,,39682,,,0,100,,39683,,,0,100,,39684,,,0,100,,39685,,,0,100,,39686,,,0,100,,39687,,,0,100,,39688,,,0
