664601,'1',513,,14214,,,0,30,,14217,,,0,68,,14241,,,0,20,,14225,,,0,23,,14224,,,0,60,,14223,,,0,24,,14235,,,0,62,,14229,,,0,20,,14211,,,0,15,,14231,,,0,23,,14245,,,0,67,,14203,,,0,28,,14209,,,0,69,,14206,,,0,30,,14239,,,0,70,,14234,,,0,30,,14227,,,0,70,,14222,,,0,31,,14221,,,0,70,,14228,,,0,30,,14232,,,0,72,,14201,,,0,32,,14219,,,0,62,,14218,,,0,19,,14244,,,0,21,,14207,,,0,62,,14243,,,0,36,,14220,,,0,60,,14205,,,0,20,,14215,,,0,19,,14204,,,0,59,,14230,,,0,20,,14210,,,0,22,,14208,,,0,68,,14242,,,0,29,,14212,,,0,69,,14240,,,0,30,,14202,,,0,67,,14216,,,0,30,,14233,,,0,70,,14238,,,0,37,,14237,,,0,143,,14236,,,0,100,,14226,,,0,100,,14213,,,0
664601,'101',911,,14248,,,0,728,,14246,,,0
664601,'2',649,,14263,,,0,70,,14256,,,0,30,,14254,,,0,70,,14269,,,0,39,,14270,,,0,71,,14271,,,0,18,,14250,,,0,72,,14260,,,0,27,,14273,,,0,76,,14266,,,0,31,,14275,,,0,72,,14276,,,0,32,,14277,,,0,68,,14279,,,0,31,,14274,,,0,70,,14251,,,0,33,,14252,,,0,69,,14253,,,0,29,,14285,,,0,70,,14280,,,0,27,,14283,,,0,70,,14281,,,0,29,,14282,,,0,69,,14284,,,0,27,,14267,,,0,71,,14261,,,0,29,,14262,,,0,67,,14268,,,0,30,,14257,,,0,70,,14272,,,0,27,,14278,,,0,72,,14258,,,0,88,,14259,,,0,97,,14255,,,0,100,,14264,,,0,100,,14265,,,0
664601,'201',911,,14286,,,0,728,,14287,,,0
664601,'3',811,,14302,,,0,30,,14299,,,0,70,,14304,,,0,31,,14295,,,0,72,,14296,,,0,31,,14294,,,0,70,,14318,,,0,30,,14315,,,0,70,,14316,,,0,31,,14297,,,0,70,,14298,,,0,31,,14317,,,0,70,,14288,,,0,30,,14303,,,0,69,,14305,,,0,31,,14306,,,0,70,,14307,,,0,28,,14308,,,0,70,,14309,,,0,29,,14310,,,0,71,,14311,,,0,27,,14312,,,0,70,,14320,,,0,30,,14290,,,0,68,,14291,,,0,30,,14314,,,0,70,,14313,,,0,28,,14301,,,0,70,,14319,,,0,97,,14292,,,0,105,,14293,,,0,47,,14289,,,0,148,,14300,,,0
665101,'1',544,,15915,,,0,15,,15917,,,0,56,,15916,,,0,16,,15918,,,0,12,,15979,,,0,3,,15919,,,0,6,,15980,,,0,48,,15886,,,0,5,,15981,,,0,6,,15921,,,0,5,,15982,,,0,5,,15983,,,0,5,,15988,,,0,3,,15984,,,0,8,,15887,,,0,7,,15922,,,0,3,,15985,,,0,6,,15986,,,0,6,,15989,,,0,43,,15878,,,0,4,,15923,,,0,8,,15968,,,0,8,,15925,,,0,9,,15990,,,0,5,,15936,,,0,6,,15964,,,0,7,,15926,,,0,7,,15907,,,0,47,,15954,,,0,8,,15969,,,0,9,,15965,,,0,7,,15927,,,0,8,,15880,,,0,5,,15908,,,0,11,,15890,,,0,49,,15970,,,0,9,,15920,,,0,8,,15909,,,0,8,,15993,,,0,7,,15924,,,0,8,,15928,,,0,9,,15966,,,0,4,,16001,,,0,6,,15891,,,0,51,,15929,,,0,11,,15930,,,0,7,,15931,,,0,8,,15884,,,0,8,,15994,,,0,8,,15932,,,0,48,,15933,,,0,10,,15885,,,0,8,,15997,,,0,7,,15934,,,0,8,,15935,,,0,9,,15892,,,0,9,,15937,,,0,8,,15938,,,0,49,,15893,,,0,9,,15995,,,0,8,,15939,,,0,7,,15940,,,0,6,,15894,,,0,8,,15941,,,0,6,,15996,,,0,7,,15975,,,0,49,,15949,,,0,10,,15942,,,0,10,,15895,,,0,11,,15971,,,0,6,,15987,,,0,2,,15943,,,0,8,,15944,,,0,47,,15896,,,0,8,,15963,,,0,9,,15945,,,0,9,,15897,,,0,7,,15972,,,0,8,,15910,,,0,8,,15976,,,0,7,,15888,,,0,47,,15914,,,0,12,,15906,,,0,11,,15881,,,0,7,,15973,,,0,7,,15898,,,0,10,,15977,,,0,2,,15911,,,0,47,,15882,,,0,10,,15946,,,0,6,,15912,,,0,8,,15947,,,0,10,,15974,,,0,8,,15948,,,0,6,,15978,,,0,9,,15899,,,0,47,,15967,,,0,12,,15913,,,0,15,,15883,,,0,6,,15950,,,0,15,,15879,,,0,52,,15951,,,0,13,,15900,,,0,11,,15998,,,0,12,,15901,,,0,12,,15962,,,0,52,,15902,,,0,12,,15999,,,0,12,,15889,,,0,14,,15903,,,0,8,,15991,,,0,51,,15952,,,0,13,,15904,,,0,9,,15953,,,0,17,,15992,,,0,13,,15905,,,0,57,,16000,,,0,17,,15955,,,0,30,,15956,,,0,71,,15957,,,0,26,,15958,,,0,70,,15959,,,0,27,,15960,,,0,66,,15961,,,0
665101,'101',1549,,16002,,,0,5,,16003,,,0,56,,16004,,,0
665101,'2',606,,16055,,,0,20,,16042,,,0,20,,16046,,,0,60,,16009,,,0,19,,16047,,,0,20,,16056,,,0,56,,16054,,,0,15,,16050,,,0,15,,16080,,,0,16,,16077,,,0,55,,16058,,,0,14,,16057,,,0,15,,16025,,,0,12,,16059,,,0,12,,16010,,,0,52,,16026,,,0,12,,16087,,,0,12,,16011,,,0,11,,16060,,,0,12,,16088,,,0,52,,16012,,,0,12,,16027,,,0,12,,16013,,,0,10,,16028,,,0,10,,16089,,,0,50,,16061,,,0,10,,16090,,,0,10,,16029,,,0,9,,16062,,,0,10,,16030,,,0,11,,16014,,,0,51,,16031,,,0,11,,16065,,,0,11,,16067,,,0,10,,16032,,,0,10,,16064,,,0,10,,16066,,,0,50,,16086,,,0,10,,16033,,,0,11,,16068,,,0,10,,16069,,,0,10,,16034,,,0,10,,16070,,,0,50,,16071,,,0,10,,16036,,,0,10,,16035,,,0,10,,16017,,,0,10,,16005,,,0,10,,16018,,,0,50,,16019,,,0,10,,16006,,,0,10,,16015,,,0,10,,16063,,,0,10,,16007,,,0,10,,16020,,,0,50,,16021,,,0,10,,16008,,,0,9,,16022,,,0,11,,16045,,,0,12,,16023,,,0,10,,16043,,,0,51,,16041,,,0,12,,16024,,,0,12,,16044,,,0,12,,16079,,,0,12,,16048,,,0,52,,16085,,,0,12,,16072,,,0,12,,16039,,,0,14,,16053,,,0,14,,16075,,,0,55,,16052,,,0,15,,16038,,,0,15,,16073,,,0,15,,16074,,,0,55,,16016,,,0,15,,16037,,,0,15,,16082,,,0,15,,16040,,,0,56,,16084,,,0,31,,16049,,,0,73,,16051,,,0,30,,16083,,,0,72,,16076,,,0,29,,16081,,,0,69,,16078,,,0
665101,'201',1610,,16091,,,0
665101,'3',625,,16110,,,0,20,,16111,,,0,60,,16112,,,0,20,,16113,,,0,20,,16114,,,0,59,,16115,,,0,20,,16116,,,0,20,,16117,,,0,57,,16118,,,0,15,,16119,,,0,15,,16120,,,0,15,,16121,,,0,55,,16122,,,0,15,,16123,,,0,15,,16124,,,0,15,,16125,,,0,55,,16126,,,0,15,,16127,,,0,14,,16128,,,0,15,,16129,,,0,55,,16130,,,0,14,,16131,,,0,16,,16132,,,0,15,,16133,,,0,55,,16134,,,0,16,,16135,,,0,15,,16136,,,0,15,,16137,,,0,55,,16138,,,0,15,,16139,,,0,15,,16140,,,0,15,,16141,,,0,55,,16142,,,0,15,,16143,,,0,15,,16144,,,0,15,,16145,,,0,55,,16146,,,0,15,,16147,,,0,15,,16148,,,0,15,,16149,,,0,55,,16150,,,0,15,,16151,,,0,15,,16152,,,0,15,,16153,,,0,55,,16154,,,0,15,,16155,,,0,17,,16156,,,0,14,,16092,,,0,53,,16093,,,0,14,,16094,,,0,14,,16095,,,0,14,,16096,,,0,15,,16097,,,0,55,,16098,,,0,15,,16099,,,0,19,,16100,,,0,70,,16101,,,0,30,,16102,,,0,70,,16103,,,0,30,,16104,,,0,70,,16105,,,0,30,,16106,,,0,70,,16107,,,0,30,,16108,,,0,71,,16109,,,0
