682800,'101_merged_15529707',810,,155115,15,0,32,0,47,,155116,23,,,0
682800,'1201_merged_15529693',2121,,155117,22,,,0,107,,155118,22,,,0
682800,'1_merged_15529700',817,,155136,23,,,0,119,,155135,22,,,0,80,,155134,22,,,0,37,,155133,22,,,0,83,,155132,22,,,0,81,,155131,22,,,0,40,,155130,22,,,0,80,,155129,22,,,0,82,,155128,22,,,0,40,,155127,22,,,0,80,,155126,22,,,0,84,,155125,22,,,0,78,,155124,22,,,0,38,,155123,22,,,0,80,,155122,22,,,0,36,,155121,22,,,0,90,,155120,22,,,0,70,,155119,22,,,0
682800,'201',857,,155137,23,,,0
682800,'2_merged_15529702',925,,155139,22,,,0,80,,155156,22,,,0,40,,155155,22,,,0,81,,155154,22,,,0,80,,155153,22,,,0,40,,155152,22,,,0,80,,155151,22,,,0,80,,155150,22,,,0,40,,155149,22,,,0,80,,155148,22,,,0,80,,155147,22,,,0,41,,155146,22,,,0,80,,155145,22,,,0,79,,155144,22,,,0,37,,155143,22,,,0,110,,155142,22,,,0,149,,155141,22,,,0,107,,155140,22,,,0,103,,155138,22,,,0
682800,'3_merged_15529701',1127,,155162,22,,,0,80,,155169,22,,,0,40,,155161,22,,,0,80,,155168,22,,,0,80,,155167,22,,,0,40,,155160,22,,,0,80,,155166,22,,,0,79,,155159,22,,,0,40,,155158,22,,,0,80,,155165,22,,,0,80,,155164,22,,,0,39,,155157,22,,,0,80,,155163,22,,,0
3454300,'101_merged_15529707',1549,,169227,15,0,37,0
3454300,'1_merged_15529700',501,,169291,15,0,37,0,22,,169292,15,0,37,0,15,,169302,15,0,37,0,15,,169228,15,0,37,0,55,,169229,15,0,37,0,13,,169230,15,0,37,0,13,,169301,15,0,37,0,12,,169231,15,0,37,0,12,,169232,15,0,37,0,53,,169233,15,0,37,0,12,,169300,15,0,37,0,12,,169234,15,0,37,0,12,,169235,15,0,37,0,10,,169236,15,0,37,0,50,,169237,15,0,37,0,12,,169299,15,0,37,0,10,,169238,15,0,37,0,10,,169304,15,0,37,0,12,,169239,15,0,37,0,53,,169240,15,0,37,0,15,,169241,15,0,37,0,15,,169298,15,0,37,0,16,,169242,15,0,37,0,55,,169243,15,0,37,0,13,,169244,15,0,37,0,15,,169297,15,0,37,0,15,,169245,15,0,37,0,55,,169246,15,0,37,0,15,,169247,15,0,37,0,15,,169296,15,0,37,0,15,,169248,15,0,37,0,55,,169249,15,0,37,0,16,,169250,15,0,37,0,15,,169295,15,0,37,0,15,,169251,15,0,37,0,55,,169252,15,0,37,0,16,,169253,15,0,37,0,15,,169294,15,0,37,0,16,,169288,15,0,37,0,55,,169289,15,0,37,0,16,,169290,15,0,37,0,15,,169303,15,0,37,0,15,,169254,15,0,37,0,56,,169255,15,0,37,0,21,,169256,15,0,37,0,9,,169257,15,0,37,0,63,,169258,15,0,37,0,12,,169259,15,0,37,0,11,,169260,15,0,37,0,12,,169261,15,0,37,0,12,,169262,15,0,37,0,52,,169263,15,0,37,0,12,,169264,15,0,37,0,14,,169265,15,0,37,0,12,,169266,15,0,37,0,11,,169267,15,0,37,0,51,,169268,15,0,37,0,12,,169269,15,0,37,0,10,,169270,15,0,37,0,12,,169271,15,0,37,0,12,,169272,15,,,0,12,,169273,15,,,0,55,,169274,15,,,0,16,,169275,15,,,0,16,,169276,15,,,0,14,,169277,15,,,0,55,,169278,15,,,0,15,,169279,15,,,0,30,,169280,15,,,0,68,,169281,15,,,0,30,,169282,15,,,0,70,,169283,15,,,0,29,,169284,15,,,0,69,,169285,15,,,0,30,,169286,15,,,0,101,,169287,15,0,37,0,98,,169293,15,0,37,0
3454300,'2001_merged_15529710',1431,,169305,3,0,37,0
3454300,'201',1549,,169306,15,0,37,0
3454300,'2_merged_15529702',534,,169334,15,,,0,67,,169333,15,,,0,30,,169332,15,,,0,26,,169331,15,,,0,72,,169330,15,,,0,71,,169329,15,,,0,30,,169328,15,,,0,71,,169327,15,,,0,21,,169307,15,,,0,20,,169326,15,,,0,60,,169325,15,,,0,21,,169324,15,,,0,20,,169323,15,,,0,60,,169322,15,,,0,20,,169321,15,,,0,20,,169320,15,,,0,60,,169319,15,,,0,21,,169318,15,,,0,20,,169317,15,,,0,60,,169316,15,,,0,21,,169315,15,,,0,20,,169314,15,,,0,60,,169313,15,,,0,20,,169312,15,,,0,20,,169311,15,,,0,60,,169310,15,,,0,20,,169309,15,,,0,20,,169308,15,,,0,60,,169355,15,,,0,20,,169354,15,,,0,20,,169353,15,,,0,60,,169352,15,,,0,20,,169351,15,,,0,20,,169350,15,,,0,60,,169349,15,,,0,19,,169348,15,,,0,20,,169347,15,,,0,60,,169346,15,,,0,28,,169345,15,,,0,70,,169344,15,,,0,33,,169343,15,,,0,70,,169342,15,,,0,30,,169341,15,,,0,70,,169340,15,,,0,29,,169339,15,,,0,70,,169338,15,,,0,100,,169337,15,,,0,100,,169336,15,0,37,0,96,,169335,15,0,37,0
3454300,'3_merged_15529701',537,,169398,15,,,0,72,,169399,15,,,0,30,,169356,15,,,0,71,,169357,15,,,0,30,,169358,15,,,0,71,,169359,15,,,0,29,,169383,15,,,0,71,,169384,15,,,0,28,,169385,15,,,0,67,,169386,15,,,0,25,,169391,15,,,0,20,,169387,15,,,0,60,,169388,15,,,0,20,,169392,15,,,0,19,,169389,15,,,0,60,,169390,15,,,0,20,,169393,15,,,0,20,,169360,15,,,0,60,,169361,15,,,0,20,,169394,15,,,0,20,,169362,15,,,0,60,,169363,15,,,0,20,,169395,15,,,0,20,,169364,15,,,0,60,,169365,15,,,0,20,,169396,15,,,0,20,,169366,15,,,0,60,,169367,15,,,0,20,,169397,15,,,0,21,,169368,15,,,0,61,,169369,15,,,0,30,,169370,15,,,0,71,,169371,15,,,0,32,,169372,15,,,0,75,,169373,15,,,0,36,,169374,15,,,0,74,,169375,15,,,0,75,,169376,15,,,0,35,,169377,15,,,0,80,,169378,15,,,0,30,,169379,15,,,0,150,,169380,15,,,0,100,,169381,15,0,37,0,100,,169382,15,0,37,0
3454300,'62101_merged_15529698',1510,,169400,3,0,37,0
