672401,'1',503,,30359,2,,,0,30,,30348,2,,,0,70,,30374,2,,,0,32,,30358,2,,,0,72,,30375,2,,,0,15,,30382,2,,,0,12,,30383,2,,,0,15,,30384,2,,,0,56,,30385,2,,,0,15,,30386,2,,,0,16,,30387,2,,,0,15,,30388,2,,,0,56,,30389,2,,,0,14,,30390,2,,,0,15,,30391,2,,,0,16,,30376,2,,,0,58,,30392,2,,,0,19,,30363,2,,,0,19,,30360,2,,,0,58,,30364,2,,,0,20,,30361,2,,,0,20,,30362,2,,,0,60,,30365,2,,,0,20,,30347,2,,,0,20,,30349,2,,,0,60,,30366,2,,,0,20,,30352,2,,,0,17,,30353,2,,,0,60,,30367,2,,,0,20,,30346,2,,,0,18,,30377,2,,,0,62,,30373,2,,,0,15,,30381,2,,,0,16,,30372,2,,,0,15,,30393,2,,,0,57,,30394,2,,,0,15,,30395,2,,,0,15,,30396,2,,,0,15,,30397,2,,,0,55,,30398,2,,,0,14,,30399,2,,,0,14,,30400,2,,,0,15,,30401,2,,,0,54,,30402,2,,,0,15,,30403,2,,,0,16,,30404,2,,,0,15,,30405,2,,,0,55,,30406,2,,,0,12,,30407,2,,,0,24,,30368,2,,,0,72,,30369,2,,,0,31,,30370,2,,,0,69,,30371,2,,,0,30,,30354,2,,,0,70,,30355,2,,,0,30,,30356,2,,,0,70,,30357,2,,,0,30,,30378,2,,,0,70,,30350,2,,,0,26,,30379,2,,,0,69,,30351,2,,,0,37,,30380,2,,,0
672401,'2',457,,30444,2,,,0,77,,30446,2,,,0,72,,30447,2,,,0,34,,30448,2,,,0,73,,30449,2,,,0,30,,30450,2,,,0,63,,30451,2,,,0,20,,30452,2,,,0,20,,30453,2,,,0,60,,30408,2,,,0,21,,30409,2,,,0,14,,30410,2,,,0,14,,30411,2,,,0,54,,30412,2,,,0,14,,30413,2,,,0,16,,30414,2,,,0,15,,30415,2,,,0,55,,30416,2,,,0,15,,30417,2,,,0,15,,30418,2,,,0,15,,30419,2,,,0,55,,30420,2,,,0,15,,30421,2,,,0,15,,30422,2,,,0,15,,30423,2,,,0,56,,30424,2,,,0,15,,30425,2,,,0,15,,30426,2,,,0,15,,30427,2,,,0,54,,30428,2,,,0,14,,30429,2,,,0,13,,30430,2,,,0,15,,30431,2,,,0,55,,30432,2,,,0,15,,30433,2,,,0,15,,30434,2,,,0,15,,30435,2,,,0,55,,30436,2,,,0,15,,30437,2,,,0,14,,30438,2,,,0,15,,30439,2,,,0,55,,30440,2,,,0,15,,30441,2,,,0,14,,30442,2,,,0,18,,30443,2,,,0,59,,30454,2,,,0,19,,30455,2,,,0,20,,30456,2,,,0,61,,30457,2,,,0,21,,30470,2,,,0,20,,30458,2,,,0,60,,30459,2,,,0,24,,30460,2,,,0,68,,30461,2,,,0,30,,30462,2,,,0,70,,30463,2,,,0,29,,30464,2,,,0,72,,30465,2,,,0,26,,30466,2,,,0,85,,30467,2,,,0,28,,30468,2,,,0,78,,30469,2,,,0,29,,30445,2,,,0
672401,'3',507,,30477,2,,,0,30,,30479,2,,,0,70,,30480,2,,,0,30,,30481,2,,,0,70,,30482,2,,,0,30,,30483,2,,,0,64,,30484,2,,,0,20,,30485,2,,,0,20,,30486,2,,,0,61,,30487,2,,,0,20,,30488,2,,,0,20,,30489,2,,,0,60,,30490,2,,,0,20,,30491,2,,,0,21,,30492,2,,,0,60,,30493,2,,,0,20,,30494,2,,,0,20,,30495,2,,,0,60,,30496,2,,,0,20,,30497,2,,,0,20,,30498,2,,,0,60,,30499,2,,,0,20,,30500,2,,,0,21,,30501,2,,,0,58,,30502,2,,,0,15,,30471,2,,,0,15,,30503,2,,,0,15,,30504,2,,,0,55,,30505,2,,,0,15,,30472,2,,,0,15,,30506,2,,,0,15,,30507,2,,,0,55,,30508,2,,,0,15,,30473,2,,,0,15,,30509,2,,,0,15,,30510,2,,,0,55,,30511,2,,,0,15,,30474,2,,,0,15,,30512,2,,,0,15,,30513,2,,,0,57,,30514,2,,,0,15,,30475,2,,,0,15,,30515,2,,,0,15,,30516,2,,,0,60,,30517,2,,,0,22,,30518,2,,,0,20,,30476,2,,,0,60,,30519,2,,,0,34,,30520,2,,,0,70,,30521,2,,,0,32,,30522,2,,,0,72,,30523,2,,,0,32,,30524,2,,,0,71,,30525,2,,,0,32,,30526,2,,,0,72,,30527,2,,,0,85,,30528,2,,,0,30,,30478,2,,,0
672701,'1',628,,31050,15,,,0,19,,31042,19,,,0,59,,31070,19,,,0,24,,31071,19,,,0,22,,31072,19,,,0,58,,31073,19,,,0,26,,31074,19,,,0,65,,31075,19,,,0,23,,31076,19,,,0,28,,31077,15,,,0,70,,31078,15,,,0,29,,31079,15,,,0,100,,31081,15,,,0,100,,31083,15,,,0,153,,31085,20,,,0,46,,31087,15,,,0,64,,31043,20,,,0,18,,31051,20,,,0,10,,31052,15,,,0,64,,31053,19,,,0,15,,31054,19,,,0,22,,31055,20,,,0,64,,31057,19,,,0,17,,31056,19,,,0,17,,31058,19,,,0,64,,31059,19,,,0,11,,31060,19,,,0,32,,31061,15,,,0,58,,31062,15,,,0,23,,31063,15,,,0,24,,31064,15,,,0,62,,31065,15,,,0,28,,31066,15,,,0,68,,31067,15,,,0,31,,31068,15,,,0,74,,31069,15,,,0,43,,31044,15,,,0,66,,31045,15,,,0,81,,31048,15,,,0,52,,31046,20,,,0,97,,31047,15,,,0
672701,'2',724,,31119,15,,,0,113,,31122,15,,,0,101,,31101,15,,,0,103,,31110,15,,,0,102,,31112,15,,,0,100,,31114,15,,,0,104,,31123,15,,,0,104,,31092,15,,,0,101,,31106,15,,,0,103,,31105,15,,,0,94,,31108,15,,,0,93,,31102,15,,,0,104,,31089,15,,,0,70,,31096,15,,,0,32,,31091,15,,,0,70,,31103,15,,,0,28,,31097,15,,,0,68,,31100,15,,,0,107,,31098,15,,,0,38,,31116,15,,,0,141,,31120,15,,,0,53,,31117,15,0,35 8,0
672701,'3',746,,31135,15,,,0,98,,31132,15,,,0,102,,31148,15,,,0,92,,31144,15,,,0,96,,31127,15,,,0,92,,31136,15,,,0,103,,31138,15,,,0,99,,31140,15,,,0,101,,31131,15,,,0,100,,31143,15,,,0,105,,31134,15,,,0,80,,31126,15,,,0,34,,31125,15,,,0,70,,31155,15,,,0,28,,31145,15,,,0,70,,31147,15,,,0,29,,31128,15,,,0,67,,31149,15,,,0,30,,31150,15,,,0,70,,31151,15,,,0,92,,31152,15,,,0,96,,31133,15,,,0,59,,31156,15,,,0,96,,31154,15,0,35 8,0
682701,'1',624,,38052,2,,,0,8,,38051,2,,,0,18,,38050,2,,,0,52,,38071,2,,,0,12,,38053,2,,,0,12,,38081,2,,,0,12,,38080,2,,,0,11,,38072,2,,,0,53,,38079,2,,,0,18,,38083,2,,,0,19,,38084,2,,,0,18,,38078,2,,,0,74,,38077,2,,,0,75,,38076,2,,,0,35,,38075,2,,,0,75,,38074,2,,,0,35,,38073,2,,,0,75,,38070,2,,,0,75,,38069,2,,,0,35,,38082,2,,,0,73,,38068,2,,,0,14,,38067,2,,,0,18,,38066,2,,,0,60,,38054,2,,,0,20,,38065,2,,,0,22,,38060,2,,,0,80,,38064,2,,,0,20,,38059,2,,,0,58,,38063,2,,,0,18,,38062,2,,,0,20,,38058,2,,,0,64,,38061,2,,,0,20,,38056,2,,,0,21,,38057,2,,,0,61,,38055,2,,,0
682701,'101',1603,,38085,2,,,0
682701,'2',856,,38087,2,,,0,70,,38088,2,,,0,30,,38089,2,,,0,70,,38090,2,,,0,30,,38091,2,,,0,70,,38092,2,,,0,30,,38093,2,,,0,70,,38094,2,,,0,30,,38095,2,,,0,70,,38096,2,,,0,30,,38097,2,,,0,70,,38098,2,,,0,30,,38099,2,,,0,70,,38100,2,,,0,30,,38101,2,,,0,70,,38102,2,,,0,30,,38103,2,,,0,70,,38104,2,,,0,30,,38105,2,,,0,70,,38106,2,,,0,27,,38086,2,,,0
682701,'201',1603,,38107,2,,,0
683000,'1',2526,,38247,13,,,0,32,,38248,13,,,0,68,,38249,13,,,0,30,,38250,13,,,0,70,,38251,13,,,0,32,,38252,13,,,0
683000,'2',2526,,38259,13,,,0,75,,38258,13,,,0,30,,38257,13,,,0,70,,38254,13,,,0,32,,38256,13,,,0,74,,38255,13,,,0
683000,'3',2526,,38266,13,,,0,30,,38265,13,,,0,70,,38260,13,,,0,30,,38264,13,,,0,70,,38263,13,,,0,80,,38262,13,,,0
683001,'1',2652,,38267,47,,,0,71,,38268,47,,,0,30,,38269,47,,,0,70,,38270,47,,,0,30,,38271,47,,,0,69,,38272,47,,,0
683001,'2',2703,,38278,47,,,0,34,,38274,47,,,0,70,,38273,47,,,0,30,,38277,47,,,0,72,,38276,47,,,0,34,,38275,47,,,0
683001,'3',2656,,38280,47,,,0,70,,38279,47,,,0,30,,38284,47,,,0,70,,38283,47,,,0,30,,38282,47,,,0,80,,38281,47,,,0
