674900,'1',535,,33875,14,,,0,13,,33876,14,,,0,57,,33877,14,,,0,17,,33878,14,,,0,15,,33879,14,,,0,16,,33880,14,,,0,56,,33881,14,,,0,32,,33882,14,,,0,13,,33883,14,0,58 59,0,55,,33884,14,0,58 59,0,15,,33821,14,,,0,14,,33866,14,0,58 59,0,15,,33867,14,,,0,54,,33868,14,0,58 59,0,16,,33869,14,,,0,8,,33870,14,0,60 61 8,0,9,,33871,14,0,58 59,0,11,,33872,14,,,0,55,,33873,14,0,58 59,0,15,,33874,14,,,0,15,,33822,14,0,58 59,0,17,,33847,14,,,0,55,,33848,14,0,58 59,0,15,,33849,14,,,0,15,,33850,14,0,58 59,0,15,,33851,14,,,0,55,,33852,14,0,58 59,0,15,,33853,14,,,0,12,,33854,14,0,58 59,0,18,,33855,14,,,0,55,,33856,14,0,58 59,0,15,,33857,14,,,0,15,,33858,14,0,58 59,0,13,,33859,14,,,0,57,,33860,14,0,60 61 8,0,37,,33861,14,,,0,56,,33862,14,,,0,15,,33863,14,,,0,15,,33864,14,,,0,17,,33865,14,,,0,54,,33813,14,,,0,14,,33819,14,,,0,23,,33841,14,,,0,9,,33823,14,,,0,61,,33812,14,,,0,8,,33842,14,,,0,23,,33843,14,,,0,10,,33844,14,,,0,56,,33845,14,,,0,13,,33846,14,,,0,8,,33820,14,,,0,19,,33814,14,,,0,8,,33824,14,,,0,57,,33825,14,,,0,15,,33836,14,,,0,16,,33837,14,,,0,13,,33838,14,,,0,53,,33839,14,0,60 61 8,0,17,,33840,14,,,0,15,,33818,14,,,0,14,,33815,14,,,0,55,,33828,14,0,60 61 8,0,15,,33829,14,,,0,30,,33830,14,,,0,70,,33831,14,,,0,30,,33816,14,,,0,70,,33833,14,,,0,30,,33827,14,,,0,67,,33832,14,,,0,30,,33817,14,,,0,70,,33835,14,0,58 59,0,29,,33826,14,0,58 59,0,70,,33834,14,0,58 59,0
674900,'101',722,,33885,14,0,62 63 64,0
674900,'2',622,,33889,14,,,0,30,,33890,14,,,0,67,,33891,14,,,0,15,,33892,14,,,0,15,,33893,14,0,58 59,0,55,,33894,14,,,0,10,,33895,14,0,58 59,0,15,,33896,14,,,0,15,,33897,14,0,58 59,0,56,,33898,14,,,0,15,,33899,14,0,58 59,0,16,,33900,14,,,0,15,,33901,14,0,58 59,0,56,,33902,14,,,0,15,,33903,14,0,58 59,0,15,,33904,14,,,0,15,,33905,14,0,58 59,0,57,,33906,14,,,0,15,,33907,14,0,58 59,0,14,,33908,14,,,0,15,,33909,14,0,58 59,0,55,,33910,14,,,0,15,,33911,14,0,58 59,0,17,,33912,14,,,0,15,,33913,14,0,58 59,0,55,,33914,14,,,0,15,,33915,14,0,58 59,0,16,,33916,14,,,0,15,,33917,14,0,58 59,0,53,,33918,14,,,0,15,,33919,14,0,58 59,0,16,,33920,14,,,0,15,,33921,14,0,58 59,0,55,,33922,14,,,0,15,,33923,14,0,58 59,0,17,,33924,14,,,0,13,,33925,14,0,58 59,0,57,,33926,14,,,0,13,,33927,14,0,58 59,0,15,,33928,14,,,0,15,,33929,14,0,58 59,0,55,,33930,14,,,0,15,,33931,14,0,58 59,0,15,,33932,14,,,0,15,,33933,14,0,58 59,0,55,,33934,14,,,0,15,,33935,14,0,58 59,0,12,,33936,14,,,0,15,,33937,14,,,0,55,,33938,14,,,0,20,,33939,14,,,0,20,,33940,14,,,0,60,,33941,14,,,0,19,,33942,14,,,0,20,,33943,14,,,0,60,,33944,14,,,0,23,,33945,14,,,0,30,,33946,14,,,0,71,,33947,14,,,0,30,,33948,14,,,0,68,,33949,14,,,0,30,,33950,14,,,0,70,,33951,14,,,0,30,,33952,14,,,0,68,,33953,14,0,58 59,0,35,,33887,14,0,58 59,0,65,,33888,14,0,58 59,0
674900,'201',721,,33954,14,,,0
674900,'3',628,,33984,14,,,0,72,,33983,14,,,0,23,,33989,14,,,0,29,,33988,14,,,0,55,,34000,14,0,58 59,0,16,,33999,14,,,0,15,,33998,14,0,58 59,0,15,,33997,14,,,0,56,,33996,14,0,58 59,0,16,,33995,14,,,0,14,,34019,14,0,58 59,0,16,,34018,14,,,0,55,,33994,14,0,58 59,0,16,,33993,14,,,0,15,,33992,14,0,58 59,0,15,,33991,14,,,0,50,,33990,14,0,58 59,0,14,,33987,14,,,0,16,,33986,14,0,58 59,0,15,,33985,14,,,0,53,,34011,14,0,58 59,0,18,,33959,14,,,0,15,,33958,14,0,58 59,0,15,,33957,14,,,0,55,,33956,14,0,58 59,0,15,,33955,14,,,0,17,,34017,14,0,58 59,0,7,,34016,14,,,0,63,,34015,14,0,58 59,0,15,,34014,14,,,0,15,,34013,14,0,58 59,0,15,,34012,14,,,0,55,,34010,14,0,58 59,0,14,,34009,14,,,0,14,,34008,14,0,58 59,0,16,,34007,14,,,0,5,,34006,14,0,58 59,0,65,,34005,14,,,0,15,,34004,14,0,58 59,0,14,,34003,14,,,0,55,,34002,14,0,58 59,0,14,,34001,14,,,0,15,,33972,14,0,58 59,0,15,,33982,14,,,0,55,,33981,14,0,58 59,0,20,,33980,14,,,0,14,,33979,14,0,58 59,0,16,,33978,14,,,0,54,,33977,14,0,58 59,0,16,,33976,14,,,0,15,,33975,14,0,58 59,0,13,,33974,14,,,0,55,,33973,14,0,58 59,0,15,,33971,14,,,0,15,,33970,14,0,58 59,0,11,,33969,14,,,0,60,,33968,14,,,0,20,,33967,14,,,0,71,,33966,14,,,0,31,,33965,14,,,0,70,,33964,14,,,0,29,,33963,14,,,0,70,,33962,14,,,0,30,,33961,14,,,0,102,,33960,14,0,58 59,0
674900,'701',1431,,34020,14,0,62 63 64,0
674900,'801',1426,,34021,14,,,0
722400,'1',549,,38826,20,,,0,59,,38824,20,,,0,23,,38801,20,,,0,10,,38799,20,,,0,61,,38827,20,,,0,9,,38831,20,,,0,23,,38825,20,,,0,20,,38822,20,,,0,50,,38828,20,,,0,26,,38821,20,,,0,18,,38820,20,,,0,63,,38832,20,,,0,17,,38817,20,,,0,73,,38816,20,,,0,26,,38814,20,,,0,30,,38813,20,,,0,70,,38812,20,,,0,31,,38811,20,,,0,70,,38810,20,,,0,31,,38809,20,,,0,70,,38815,20,,,0,71,,38808,20,,,0,32,,38823,20,,,0,70,,38819,20,,,0,32,,38829,20,,,0,21,,38818,20,,,0,60,,38807,20,,,0,25,,38830,20,,,0,14,,38806,20,,,0,60,,38798,20,,,0,18,,38796,20,,,0,14,,38833,20,,,0,55,,38805,20,,,0,22,,38804,20,,,0,31,,38803,20,,,0,61,,38802,20,,,0,19,,38797,20,,,0,20,,38800,20,,,0,75,,38837,20,,,0
3454101,'1',522,,50280,15,,,0,30,,50281,15,,,0,70,,50282,15,,,0,30,,50283,15,,,0,71,,50284,15,,,0,30,,50285,15,,,0,70,,50286,15,,,0,80,,50287,15,,,0,40,,50288,15,,,0,81,,50289,15,,,0,80,,50290,15,,,0,40,,50291,15,,,0,81,,50292,15,,,0,80,,50293,15,,,0,40,,50294,15,,,0,80,,50295,15,,,0,82,,50296,15,,,0,28,,50297,15,,,0,70,,50298,15,,,0,40,,50299,15,,,0,70,,50300,15,,,0,30,,50301,15,,,0,80,,50302,15,,,0,90,,50303,15,,,0,40,,50304,15,,,0,80,,50305,15,,,0,80,,50306,15,,,0,40,,50307,15,,,0
3454101,'2',843,,50308,15,,,0,85,,50309,15,,,0,85,,50310,15,,,0,45,,50311,15,,,0,87,,50312,15,,,0,85,,50313,15,,,0,83,,50314,15,,,0,45,,50315,15,,,0,85,,50316,15,,,0,85,,50317,15,,,0,87,,50318,15,,,0,85,,50319,15,,,0,43,,50320,15,,,0,85,,50321,15,,,0,85,,50322,15,,,0,45,,50323,15,,,0,85,,50324,15,,,0,85,,50325,15,,,0,85,,50326,15,,,0
3454101,'3',843,,50327,15,,,0,85,,50328,15,,,0,85,,50329,15,,,0,45,,50330,15,,,0,85,,50331,15,,,0,85,,50332,15,,,0,85,,50333,15,,,0,45,,50334,15,,,0,85,,50335,15,,,0,85,,50336,15,,,0,85,,50337,15,,,0,45,,50338,15,,,0,85,,50339,15,,,0,85,,50340,15,,,0,85,,50341,15,,,0,45,,50342,15,,,0,85,,50343,15,,,0,85,,50344,15,,,0,85,,50345,15,,,0
