674900,'1',603,,92345,49,4,,0,13,,92346,49,4,,0,17,,92347,49,4,,0,18,,92348,49,4,,0,59,,92349,49,4,,0,14,,92350,49,4,,0,18,,92351,49,4,,0,77,,92352,49,4,,0,83,,92291,49,4,,0,27,,92337,49,4,,0,28,,92339,49,4,,0,66,,92342,49,4,,0,35,,92344,49,4,,0,73,,92317,49,4,,0,25,,92319,49,4,,0,74,,92321,49,4,,0,71,,92323,49,4,,0,31,,92325,49,4,,0,68,,92327,49,4,,0,28,,92329,49,4,,0,102,,92331,49,4,,0,15,,92332,49,4,,0,55,,92333,49,4,,0,12,,92334,49,4,,0,17,,92335,49,4,,0,15,,92283,49,4,,0,56,,92289,49,4,,0,22,,92311,49,4,,0,6,,92293,49,4,,0,21,,92282,49,4,,0,5,,92312,49,4,,0,62,,92313,49,4,,0,7,,92314,49,4,,0,15,,92315,49,4,,0,15,,92316,49,4,,0,47,,92290,49,4,,0,19,,92284,49,4,,0,9,,92294,49,4,,0,16,,92295,49,4,,0,15,,92306,49,4,,0,56,,92307,49,4,,0,13,,92308,49,4,,0,30,,92310,49,4,,0,55,,92288,49,4,,0,13,,92285,49,4,,0,29,,92299,49,4,,0,70,,92300,49,4,,0,26,,92301,49,4,,0,70,,92286,49,4,,0,28,,92303,49,4,,0,70,,92297,49,4,,0,25,,92302,49,4,,0,70,,92287,49,4,,0
674900,'101',824,,92281,31,4,,0
674900,'2',648,,92357,49,4,,0,70,,92358,49,4,,0,30,,92359,49,4,,0,55,,92360,49,4,,0,30,,92362,49,4,,0,67,,92364,49,4,,0,32,,92366,49,4,,0,73,,92368,49,4,,0,35,,92370,49,4,,0,68,,92372,49,4,,0,33,,92374,49,4,,0,70,,92376,49,4,,0,31,,92378,49,4,,0,72,,92380,49,4,,0,27,,92382,49,4,,0,69,,92384,49,4,,0,27,,92386,49,4,,0,70,,92388,49,4,,0,32,,92390,49,4,,0,74,,92392,49,4,,0,31,,92394,49,4,,0,64,,92396,49,4,,0,27,,92398,49,4,,0,69,,92400,49,4,,0,32,,92402,49,4,,0,71,,92404,49,4,,0,15,,92405,49,4,,0,12,,92406,49,4,,0,20,,92407,49,4,,0,60,,92408,49,4,,0,17,,92409,49,4,,0,22,,92410,49,4,,0,60,,92411,49,4,,0,19,,92412,49,4,,0,25,,92413,49,4,,0,70,,92414,49,4,,0,27,,92415,49,4,,0,70,,92416,49,4,,0,26,,92417,49,4,,0,70,,92418,49,4,,0,28,,92419,49,4,,0,70,,92420,49,4,,0
674900,'3',650,,92451,49,4,,0,74,,92450,49,4,,0,23,,92456,49,4,,0,73,,92455,49,4,,0,30,,92466,49,4,,0,72,,92464,49,4,,0,34,,92462,49,4,,0,73,,92485,49,4,,0,30,,92460,49,4,,0,69,,92458,49,4,,0,24,,92454,49,4,,0,73,,92452,49,4,,0,32,,92426,49,4,,0,71,,92424,49,4,,0,27,,92422,49,4,,0,64,,92483,49,4,,0,36,,92481,49,4,,0,70,,92479,49,4,,0,29,,92476,49,4,,0,70,,92474,49,4,,0,31,,92472,49,4,,0,71,,92470,49,4,,0,29,,92468,49,4,,0,70,,92449,49,4,,0,33,,92447,49,4,,0,70,,92445,49,4,,0,25,,92443,49,4,,0,70,,92441,49,4,,0,30,,92438,49,4,,0,66,,92436,49,4,,0,20,,92435,49,4,,0,20,,92434,49,4,,0,71,,92433,49,4,,0,71,,92432,49,4,,0,30,,92431,49,4,,0,28,,92430,49,4,,0,70,,92429,49,4,,0,29,,92428,49,4,,0
674900,'701',1515,,92487,49,4,,0
674900,'801',1510,,92488,49,4,,0
674901,'1',442,,92533,1,,,0,68,,92534,1,,,0,30,,92492,1,,,0,72,,92537,1,,,0,11,,92538,1,,,0,19,,92539,1,,,0,8,,92499,1,,,0,57,,92540,1,,,0,11,,92541,1,,,0,17,,92542,1,,,0,17,,92543,1,,,0,73,,92545,1,,,0,15,,92546,1,,,0,68,,92500,1,,,0,32,,92549,1,,,0,70,,92551,1,,,0,28,,92553,1,,,0,65,,92555,1,,,0,33,,92557,1,,,0,70,,92559,1,,,0,30,,92561,1,,,0,71,,92563,1,,,0,30,,92565,1,,,0,68,,92522,1,,,0,20,,92498,1,,,0,22,,92523,1,,,0,68,,92524,1,,,0,18,,92525,1,,,0,12,,92527,1,,,0,60,,92528,1,,,0,15,,92529,1,,,0,15,,92530,1,,,0,19,,92531,1,,,0,54,,92494,1,,,0,13,,92497,1,,,0,13,,92519,1,,,0,15,,92506,1,,,0,55,,92507,1,,,0,18,,92508,1,,,0,12,,92509,1,,,0,15,,92510,1,,,0,55,,92511,1,,,0,15,,92501,1,,,0,17,,92493,1,,,0,14,,92505,1,,,0,55,,92512,1,,,0,30,,92513,1,,,0,70,,92514,1,,,0,33,,92495,1,,,0,64,,92520,1,,,0,40,,92516,1,,,0,65,,92517,1,,,0,30,,92496,1,,,0,70,,92518,1,,,0,30,,92502,1,,,0,70,,92566,1,,,0
674901,'101',1454,,92491,1,0,58 59,0,55,,92489,1,,,0
674901,'2',515,,92567,1,,,0,95,,92569,1,,,0,46,,92571,1,,,0,67,,92573,1,,,0,30,,92575,1,,,0,70,,92577,1,,,0,29,,92579,1,,,0,70,,92581,1,,,0,30,,92583,1,,,0,69,,92585,1,,,0,30,,92587,1,,,0,67,,92589,1,,,0,34,,92591,1,,,0,70,,92593,1,,,0,30,,92595,1,,,0,68,,92597,1,,,0,32,,92599,1,,,0,70,,92601,1,,,0,28,,92603,1,,,0,70,,92605,1,,,0,30,,92607,1,,,0,75,,92609,1,,,0,30,,92611,1,,,0,72,,92613,1,,,0,30,,92615,1,,,0,71,,92617,1,,,0,30,,92619,1,,,0,55,,92620,1,,,0,14,,92621,1,,,0,15,,92622,1,,,0,63,,92623,1,,,0,32,,92624,1,,,0,70,,92625,1,,,0,30,,92626,1,,,0,70,,92627,1,,,0,30,,92628,1,,,0,70,,92629,1,,,0,30,,92630,1,,,0,70,,92631,1,,,0,30,,92632,1,,,0,68,,92633,1,,,0
674901,'3',709,,92658,1,,,0,29,,92657,1,,,0,70,,92655,1,,,0,29,,92691,1,,,0,70,,92689,1,,,0,30,,92687,1,,,0,71,,92685,1,,,0,31,,92641,1,,,0,69,,92683,1,,,0,30,,92681,1,,,0,70,,92679,1,,,0,30,,92677,1,,,0,69,,92675,1,,,0,28,,92673,1,,,0,70,,92653,1,,,0,22,,92651,1,,,0,78,,92649,1,,,0,31,,92647,1,,,0,70,,92645,1,,,0,30,,92666,1,,,0,69,,92664,1,,,0,31,,92662,1,,,0,70,,92660,1,,,0,32,,92640,1,,,0,72,,92638,1,,,0,29,,92637,1,,,0,73,,92634,1,,,0,35,,92695,1,,,0,70,,92672,1,,,0,30,,92694,1,,,0,71,,92693,1,,,0,30,,92668,1,,,0,72,,92669,1,,,0,32,,92670,1,,,0,67,,92697,1,,,0,29,,92671,1,,,0
680501,'1',649,,94042,1,,,0,101,,94046,29,,,0,199,,94045,29,,,0,199,,94044,29,,,0,204,,94041,24,,,0,269,,94043,24,,,0,135,,94040,24,,,0,195,,94039,24,,,0
680501,'2',944,,94048,29,,,0,202,,94047,29,,,0,204,,94049,24,,,0,196,,94050,24,,,0,198,,94051,24,,,0,201,,94052,24,,,0
