'1',665600,63500,4,'',0,2000,4,'',0,6000,4,'',0,2000,4,'',0,2000,4,'',0,6000,4,'',0,1000,4,'',0,1000,4,'',0,1000,4,'',0,1000,4,'',0,5000,4,'',0,1000,4,'',0,1000,4,'',0,1000,4,'',0,1000,4,'',0,1000,4,'',0,5000,4,'',0,1000,4,'',0,2000,4,'',0,2000,4,'',0,6000,4,'',0,2000,4,'',0,2000,4,'',0,6000,4,'',0,2000,4,'',0,2000,4,'',0,6000,4,'',0,2000,4,'',0,2000,4,'',0,6000,4,'',0,2100,4,'',0,1200,4,'',0,5200,4,'',0,1200,4,'',0,1200,4,'',0,1300,4,'',0,1200,4,'',0,5200,4,'',0,1200,4,'',0,1400,4,'',0,1200,4,'',0,1200,4,'',0,5200,4,'',0,1200,4,'',0,1200,4,'',0,1200,4,'',0,1200,4,'',0,5200,4,'',0,1000,4,'',0,1100,4,'',0,1100,4,'',0,2100,4,'',0,5900,4,'',0,4000,4,'',0
'1',665901,50500,4,'',0,4700,4,'',0,7100,4,'',0,3000,4,'',0,7000,4,'',0,3300,4,'',0,7100,4,'',0,3000,4,'',0,6800,4,'',0,3000,4,'',0,7000,4,'',0,3000,4,'',0,6900,4,'',0,3100,4,'',0,7000,4,'',0,3000,4,'',0,6900,4,'',0,3200,4,'',0,7000,4,'',0,3200,4,'',0,6700,4,'',0,2500,4,'',0,7800,4,'',0,2900,4,'',0,6900,4,'',0,3100,4,'',0,6800,4,'',0,3000,4,'',0,7000,4,'',0,2900,4,'',0,7000,4,'',0,2800,4,'',0,7000,4,'',0,3000,4,'',0,6800,4,'',0,3000,4,'',0,7000,4,'',0,3000,4,'',0,7000,4,'',0,3000,4,'',0,6800,4,'',0,3000,4,'',0
'101',665901,153500,4,'',0,900,4,'',0
'2',665901,61600,4,'',0,3500,4,'',0,7000,4,'',0,3000,4,'',0,7000,4,'',0,3200,4,'',0,7100,4,'',0,2000,4,'',0,7000,4,'',0,3000,4,'',0,7100,4,'',0,3000,4,'',0,7000,4,'',0,3000,4,'',0,7000,4,'',0,3000,4,'',0,7000,4,'',0,2700,4,'',0,7100,4,'',0,3100,4,'',0,7300,4,'',0,2800,4,'',0,7000,4,'',0,2800,4,'',0,7200,4,'',0,3000,4,'',0,7300,4,'',0,3800,4,'',0,6700,4,'',0,2900,4,'',0,7000,4,'',0,3000,4,'',0,6500,4,'',0,3000,4,'',0,6800,4,'',0,3000,4,'',0,7000,4,'',0,3000,4,'',0,7000,4,'',0,3000,4,'',0
'3',665901,71100,4,'',0,3000,4,'',0,7000,4,'',0,3200,4,'',0,7100,4,'',0,3000,4,'',0,7000,4,'',0,3000,4,'',0,7000,4,'',0,3000,4,'',0,7000,4,'',0,3000,4,'',0,7000,4,'',0,3000,4,'',0,7000,4,'',0,3000,4,'',0,7000,4,'',0,3000,4,'',0,7000,4,'',0,3000,4,'',0,7000,4,'',0,3000,4,'',0,7000,4,'',0,3300,4,'',0,6700,4,'',0,2800,4,'',0,7000,4,'',0,3000,4,'',0,7000,4,'',0,3000,4,'',0,7000,4,'',0,2800,4,'',0,7000,4,'',0,2900,4,'',0,7000,4,'',0,3000,4,'',0
'6',665901,71100,4,'',0,3000,4,'',0,7000,4,'',0,3200,4,'',0,7100,4,'',0,3000,4,'',0,7000,4,'',0,3000,4,'',0,7000,4,'',0,3000,4,'',0,7000,4,'',0,3000,4,'',0,7000,4,'',0,3000,4,'',0,7000,4,'',0,3000,4,'',0,7000,4,'',0,3000,4,'',0,7000,4,'',0,3000,4,'',0,7000,4,'',0,3000,4,'',0,7000,4,'',0,3300,4,'',0,6700,4,'',0,2800,4,'',0,7000,4,'',0,3000,4,'',0,7000,4,'',0,3000,4,'',0,7000,4,'',0,2800,4,'',0,7000,4,'',0,2900,4,'',0,7000,4,'',0,3000,4,'',0
'1',666500,55500,4,'',0,7000,4,'',0,3000,4,'',0,7200,4,'',0,7400,4,'',0,3100,4,'',0,7000,4,'',0,2800,4,'',0,2800,4,'',0,6900,4,'',0,3000,4,'',0,7000,4,'',0,3100,4,'',0,7000,4,'',0,3000,4,'',0,7000,4,'',0,3000,4,'',0,7800,4,'',0,6400,4,'',0,3300,4,'',0,7200,4,'',0,3000,4,'',0,6900,4,'',0,2900,4,'',0,6900,4,'',0,2700,4,'',0,2800,4,'',0,7000,4,'',0,3000,4,'',0,6700,4,'',0,3200,4,'',0,6900,4,'',0,3100,4,'',0,7000,4,'',0,3100,4,'',0,6800,4,'',0
'2',666500,60600,4,'',0,3100,4,'',0,7200,4,'',0,3000,4,'',0,7000,4,'',0,3000,4,'',0,7100,4,'',0,3100,4,'',0,7000,4,'',0,3100,4,'',0,7000,4,'',0,3200,4,'',0,7000,4,'',0,3000,4,'',0,7100,4,'',0,3100,4,'',0,7000,4,'',0,1900,4,'',0,1900,4,'',0,6000,4,'',0,1800,4,'',0,2000,4,'',0,6000,4,'',0,2000,4,'',0,2000,4,'',0,6000,4,'',0,2000,4,'',0,2000,4,'',0,6000,4,'',0,2000,4,'',0,2600,4,'',0,7200,4,'',0,2800,4,'',0,6600,4,'',0,2800,4,'',0,7000,4,'',0,9900,4,'',0,10000,4,'',0
'3',666500,73300,4,'',0,8000,4,'',0,3000,4,'',0,7000,4,'',0,3000,4,'',0,7400,4,'',0,3000,4,'',0,7000,4,'',0,3000,4,'',0,7000,4,'',0,3000,4,'',0,7000,4,'',0,3000,4,'',0,7000,4,'',0,1500,4,'',0,2000,4,'',0,6100,4,'',0,2000,4,'',0,2000,4,'',0,6000,4,'',0,2000,4,'',0,2000,4,'',0,6000,4,'',0,2000,4,'',0,2000,4,'',0,6000,4,'',0,2000,4,'',0,2000,4,'',0,6400,4,'',0,3000,4,'',0,7000,4,'',0,2800,4,'',0,7500,4,'',0,2000,4,'',0,10000,4,'',0,10400,4,'',0
'6',666500,60600,4,'',0,3100,4,'',0,7200,4,'',0,3000,4,'',0,7000,4,'',0,3000,4,'',0,7100,4,'',0,3100,4,'',0,7000,4,'',0,3100,4,'',0,7000,4,'',0,3200,4,'',0,7000,4,'',0,3000,4,'',0,7100,4,'',0,3100,4,'',0,7000,4,'',0,1900,4,'',0,1900,4,'',0,6000,4,'',0,1800,4,'',0,2000,4,'',0,6000,4,'',0,2000,4,'',0,2000,4,'',0,6000,4,'',0,2000,4,'',0,2000,4,'',0,6000,4,'',0,2000,4,'',0,2600,4,'',0,7200,4,'',0,2800,4,'',0,6600,4,'',0,2800,4,'',0,7000,4,'',0,9900,4,'',0,10000,4,'',0
