665901,'101_merged_15529685',1527,,75858,9,,,0
666101,'1_merged_15529678',527,,76361,19,,,0,13,,76362,19,,,0,17,,76331,19,,,0,55,,76332,19,,,0,15,,76333,19,,,0,15,,76334,19,,,0,15,,76335,19,,,0,53,,76336,19,,,0,19,,76337,19,,,0,16,,76338,19,,,0,13,,76339,19,,,0,56,,76340,19,,,0,19,,76341,19,,,0,12,,76342,19,,,0,56,,76343,19,,,0,13,,76344,19,,,0,20,,76345,19,,,0,20,,76346,19,,,0,70,,76347,19,,,0,30,,76348,19,,,0,70,,76349,19,,,0,30,,76350,19,,,0,70,,76351,19,,,0,30,,76352,19,,,0,70,,76353,19,,,0,31,,76354,19,,,0,68,,76355,19,,,0,30,,76356,19,,,0,65,,76357,19,,,0,13,,76358,19,,,0,16,,76379,19,,,0,55,,76359,19,,,0,18,,76360,19,,,0,13,,76363,19,,,0,15,,76364,19,,,0,53,,76381,19,,,0,16,,76365,19,,,0,14,,76366,19,,,0,13,,76367,19,,,0,12,,76368,19,,,0,57,,76369,19,,,0,18,,76370,19,,,0,25,,76371,19,,,0,64,,76372,19,,,0,28,,76373,19,,,0,69,,76374,19,,,0,31,,76375,19,,,0,72,,76376,19,,,0,23,,76377,19,,,0,72,,76378,19,,,0,100,,76380,19,,,0
666101,'2_merged_15529680',542,,76394,19,,,0,70,,76393,19,,,0,30,,76388,19,,,0,70,,76392,19,,,0,30,,76411,19,,,0,70,,76386,19,,,0,30,,76385,19,,,0,70,,76384,19,,,0,30,,76412,19,,,0,70,,76383,19,,,0,30,,76390,19,,,0,72,,76389,19,,,0,30,,76391,19,,,0,70,,76396,19,,,0,30,,76387,19,,,0,70,,76408,19,,,0,30,,76407,19,,,0,70,,76406,19,,,0,30,,76405,19,,,0,70,,76404,19,,,0,30,,76403,19,,,0,70,,76410,19,,,0,30,,76382,19,,,0,70,,76402,19,,,0,30,,76401,19,,,0,68,,76400,19,,,0,30,,76399,19,,,0,70,,76398,19,,,0,30,,76413,19,,,0,75,,76397,19,,,0,30,,76414,19,,,0,70,,76409,19,,,0,30,,76415,19,,,0,70,,76395,19,,,0,100,,76416,19,,,0
666101,'3_merged_15529679',712,,76434,19,,,0,30,,76421,19,,,0,70,,76435,19,,,0,30,,76422,19,,,0,70,,76436,19,,,0,30,,76423,19,,,0,70,,76433,19,,,0,30,,76424,19,,,0,72,,76437,19,,,0,30,,76425,19,,,0,70,,76417,19,,,0,30,,76426,19,,,0,70,,76418,19,,,0,28,,76427,19,,,0,70,,76438,19,,,0,30,,76428,19,,,0,70,,76439,19,,,0,30,,76429,19,,,0,70,,76440,19,,,0,30,,76430,19,,,0,70,,76441,19,,,0,30,,76431,19,,,0,70,,76442,19,,,0,30,,76432,19,,,0,70,,76443,19,,,0,30,,76445,19,,,0,70,,76444,19,,,0,33,,76446,19,,,0,67,,76419,19,,,0,100,,76420,19,,,0,100,,76447,19,,,0
666401,'1_merged_15529678',604,,77071,30,,,0,31,,77072,30,,,0,68,,77054,30,,,0,32,,77087,30,,,0,75,,77055,30,,,0,28,,77056,30,,,0,76,,77057,30,,,0,25,,77058,30,,,0,68,,77060,30,,,0,30,,77061,30,,,0,70,,77062,30,,,0,31,,77063,30,,,0,70,,77065,30,,,0,31,,77064,30,,,0,70,,77059,30,,,0,30,,77066,30,,,0,70,,77067,30,,,0,31,,77073,30,,,0,70,,77074,30,,,0,30,,77077,30,,,0,70,,77075,30,,,0,30,,77076,30,,,0,70,,77068,30,,,0,30,,77078,30,,,0,70,,77079,30,,,0,32,,77080,30,,,0,74,,77081,30,,,0,29,,77082,30,,,0,73,,77083,30,,,0,25,,77084,30,,,0,87,,77090,30,,,0,80,,77069,30,,,0,40,,77089,30,,,0,79,,77070,30,,,0,80,,77085,30,,,0,40,,77088,30,,,0,80,,77086,30,,,0
666401,'2_merged_15529680',542,,77091,30,,,0,70,,77092,30,,,0,30,,77093,30,,,0,72,,77094,30,,,0,30,,77095,30,,,0,72,,77096,30,,,0,30,,77097,30,,,0,70,,77098,30,,,0,31,,77099,30,,,0,70,,77100,30,,,0,30,,77101,30,,,0,69,,77102,30,,,0,30,,77103,30,,,0,70,,77104,30,,,0,32,,77105,30,,,0,70,,77106,30,,,0,30,,77107,30,,,0,70,,77108,30,,,0,30,,77109,30,,,0,71,,77110,30,,,0,32,,77111,30,,,0,69,,77112,30,,,0,28,,77113,30,,,0,70,,77114,30,,,0,30,,77115,30,,,0,70,,77116,30,,,0,30,,77117,30,,,0,70,,77118,30,,,0,28,,77119,30,,,0,69,,77120,30,,,0,30,,77121,30,,,0,100,,77122,30,,,0,100,,77123,30,,,0,100,,77124,30,,,0,185,,77125,30,,,0
666401,'3_merged_15529679',647,,77133,30,,,0,100,,77134,30,,,0,102,,77135,30,,,0,86,,77136,30,,,0,101,,77137,30,,,0,100,,77138,30,,,0,68,,77151,30,,,0,32,,77139,30,,,0,70,,77145,30,,,0,32,,77140,30,,,0,69,,77146,30,,,0,32,,77141,30,,,0,65,,77147,30,,,0,35,,77142,30,,,0,67,,77148,30,,,0,33,,77132,30,,,0,67,,77149,30,,,0,33,,77143,30,,,0,67,,77150,30,,,0,32,,77144,30,,,0,98,,77129,30,,,0,100,,77126,30,,,0,100,,77131,30,,,0,100,,77127,30,,,0,175,,77128,30,,,0,117,,77130,30,,,0
666501,'1_merged_15529678',557,,77268,14,,,0,71,,77267,14,,,0,30,,77266,14,,,0,66,,77265,14,,,0,33,,77264,14,,,0,71,,77284,14,,,0,30,,77263,14,,,0,68,,77272,14,,,0,30,,77283,14,,,0,70,,77299,14,,,0,30,,77298,14,,,0,70,,77297,14,,,0,30,,77295,14,,,0,71,,77282,14,,,0,29,,77281,14,,,0,70,,77280,14,,,0,30,,77294,14,,,0,72,,77279,14,,,0,74,,77293,14,,,0,28,,77292,14,,,0,70,,77291,14,,,0,31,,77290,14,,,0,69,,77296,14,,,0,30,,77278,14,,,0,28,,77289,14,,,0,71,,77288,14,,,0,29,,77269,14,,,0,69,,77287,14,,,0,30,,77286,14,,,0,70,,77270,14,,,0,27,,77276,14,,,0,70,,77285,14,,,0,30,,77275,14,,,0,70,,77277,14,,,0,30,,77274,14,,,0,63,,77273,14,,,0,35,,77271,14,,,0
666501,'2_merged_15529680',556,,77323,14,,,0,75,,77302,14,,,0,70,,77303,14,,,0,31,,77320,14,,,0,70,,77330,14,,,0,30,,77329,14,,,0,70,,77305,14,,,0,31,,77306,14,,,0,70,,77307,14,,,0,30,,77309,14,,,0,71,,77310,14,,,0,30,,77311,14,,,0,70,,77319,14,,,0,30,,77321,14,,,0,70,,77324,14,,,0,30,,77318,14,,,0,71,,77312,14,,,0,30,,77315,14,,,0,24,,77316,14,,,0,60,,77333,14,,,0,20,,77317,14,,,0,20,,77308,14,,,0,60,,77334,14,,,0,20,,77314,14,,,0,20,,77326,14,,,0,60,,77335,14,,,0,20,,77327,14,,,0,20,,77328,14,,,0,60,,77336,14,,,0,20,,77304,14,,,0,20,,77331,14,,,0,75,,77313,14,,,0,68,,77332,14,,,0,40,,77325,14,,,0,70,,77337,14,,,0,30,,77300,14,,,0,100,,77301,14,,,0,100,,77322,14,,,0
666501,'3_merged_15529679',631,,77358,14,,,0,75,,77357,14,,,0,30,,77340,14,,,0,70,,77363,14,,,0,30,,77364,14,,,0,70,,77355,14,,,0,32,,77354,14,,,0,70,,77353,14,,,0,30,,77351,14,,,0,70,,77350,14,,,0,30,,77349,14,,,0,70,,77341,14,,,0,30,,77339,14,,,0,70,,77366,14,,,0,30,,77342,14,,,0,70,,77348,14,,,0,31,,77345,14,,,0,20,,77370,14,,,0,60,,77344,14,,,0,20,,77343,14,,,0,20,,77371,14,,,0,60,,77352,14,,,0,20,,77346,14,,,0,20,,77372,14,,,0,60,,77368,14,,,0,20,,77367,14,,,0,20,,77373,14,,,0,59,,77365,14,,,0,20,,77356,14,,,0,75,,77362,14,,,0,25,,77347,14,,,0,70,,77361,14,,,0,29,,77374,14,,,0,71,,77369,14,,,0,30,,77375,14,,,0,65,,77360,14,,,0,55,,77359,14,,,0,145,,77338,14,,,0
