673900,'1',805,,32792,2,,,0,826,,32789,8,0,86 87,0,81,,32785,8,0,86 87,0,18,,32787,8,0,86 87,0,20,,32791,8,0,86 87,0,63,,32790,8,0,86 87,0,24,,32786,8,0,86 87,0
673900,'101',746,,32795,2,,,0,756,,32796,2,,,0,108,,32794,8,0,86 87,0,42,,32793,8,0,86 87,0
673900,'201',1610,,32798,8,0,86 87,0,42,,32797,8,0,86 87,0
681401,'1',528,,36095,2,,,0,123,,36096,2,,,0,80,,36097,2,,,0,20,,36098,2,,,0,60,,36099,2,,,0,20,,36100,2,,,0,20,,36101,2,,,0,60,,36102,2,,,0,20,,36103,2,,,0,20,,36104,2,,,0,60,,36128,2,,,0,20,,36105,2,,,0,20,,36106,2,,,0,60,,36129,2,,,0,20,,36107,2,,,0,20,,36108,2,,,0,60,,36130,2,,,0,20,,36109,2,,,0,20,,36110,2,,,0,60,,36131,2,,,0,20,,36111,2,,,0,20,,36112,2,,,0,60,,36132,2,,,0,20,,36113,2,,,0,20,,36114,2,,,0,60,,36133,2,,,0,20,,36115,2,,,0,20,,36116,2,,,0,60,,36134,2,,,0,20,,36117,2,,,0,20,,36118,2,,,0,60,,36135,2,,,0,20,,36119,2,,,0,20,,36120,2,,,0,60,,36136,2,,,0,20,,36121,2,,,0,70,,36122,2,,,0,100,,36123,2,,,0,100,,36124,2,,,0,100,,36125,2,,,0,100,,36126,2,,,0,100,,36127,2,,,0
681401,'1803',2004,,36137,2,,,0,100,,36138,2,,,0,100,,36139,2,,,0,100,,36140,2,,,0
681401,'2',841,,36141,2,,,0,70,,36142,2,,,0,20,,36168,2,,,0,20,,36143,2,,,0,60,,36144,2,,,0,20,,36169,2,,,0,20,,36145,2,,,0,60,,36146,2,,,0,20,,36170,2,,,0,20,,36147,2,,,0,60,,36148,2,,,0,20,,36171,2,,,0,20,,36149,2,,,0,60,,36150,2,,,0,20,,36172,2,,,0,20,,36151,2,,,0,60,,36152,2,,,0,20,,36173,2,,,0,20,,36153,2,,,0,60,,36154,2,,,0,20,,36174,2,,,0,20,,36155,2,,,0,60,,36156,2,,,0,20,,36175,2,,,0,19,,36157,2,,,0,61,,36158,2,,,0,28,,36159,2,,,0,70,,36160,2,,,0,12,,36161,2,,,0,30,,36162,2,,,0,100,,36163,2,,,0,150,,36164,2,,,0,100,,36165,2,,,0,100,,36166,2,,,0,103,,36167,2,,,0
681401,'3',904,,36176,2,,,0,100,,36177,2,,,0,100,,36178,2,,,0,100,,36179,2,,,0,100,,36180,2,,,0,100,,36181,2,,,0,100,,36182,2,,,0,100,,36183,2,,,0,100,,36184,2,,,0,100,,36185,2,,,0,100,,36186,2,,,0
1294001,'1',523,,40579,7,,,0,83,,40580,10,,,0,32,,40581,10,,,0,73,,40582,10,,,0,32,,40583,10,,,0,72,,40584,10,,,0,32,,40585,10,,,0,70,,40586,7,,,0,29,,40587,7,,,0,68,,40588,7,,,0,30,,40589,7,,,0,70,,40590,7,,,0,30,,40591,7,,,0,70,,40592,7,,,0,30,,40593,7,,,0,72,,40594,7,,,0,33,,40595,7,,,0,72,,40596,7,,,0,34,,40597,7,,,0,72,,40598,7,,,0,32,,40615,7,,,0,72,,40599,7,,,0,71,,40600,10,,,0,30,,40601,10,,,0,68,,40602,10,,,0,19,,40603,10,,,0,23,,40604,10,,,0,62,,40605,10,,,0,24,,40606,10,,,0,25,,40607,7,,,0,65,,40608,7,,,0,30,,40609,7,,,0,70,,40610,7,,,0,30,,40611,7,,,0,75,,40612,7,,,0,100,,40613,7,,,0,100,,40614,7,,,0
1294001,'2',659,,40640,7,,,0,72,,40641,7,,,0,72,,40642,7,,,0,30,,40643,7,,,0,70,,40644,7,,,0,30,,40645,7,,,0,70,,40617,7,,,0,31,,40618,7,,,0,70,,40621,7,,,0,30,,40619,7,,,0,70,,40620,7,,,0,31,,40622,7,,,0,70,,40623,7,,,0,30,,40624,7,,,0,70,,40625,7,,,0,30,,40626,7,,,0,70,,40627,7,,,0,30,,40628,7,,,0,69,,40629,7,,,0,30,,40630,7,,,0,70,,40631,7,,,0,30,,40632,7,,,0,69,,40633,7,,,0,30,,40634,7,,,0,70,,40635,7,,,0,30,,40636,7,,,0,70,,40616,7,,,0,30,,40637,7,,,0,70,,40638,7,,,0,30,,40639,7,,,0,96,,40646,7,,,0,100,,40647,7,,,0,100,,40648,7,,,0
1294001,'3',657,,40665,7,,,0,76,,40666,7,,,0,75,,40667,7,,,0,35,,40668,7,,,0,70,,40669,7,,,0,30,,40670,7,,,0,70,,40671,7,,,0,31,,40672,7,,,0,70,,40673,7,,,0,30,,40674,7,,,0,70,,40675,7,,,0,30,,40676,7,,,0,70,,40677,7,,,0,30,,40678,7,,,0,70,,40649,7,,,0,30,,40650,7,,,0,70,,40651,7,,,0,31,,40652,7,,,0,70,,40653,7,,,0,29,,40654,7,,,0,70,,40655,7,,,0,30,,40656,7,,,0,70,,40657,7,,,0,30,,40658,7,,,0,70,,40659,7,,,0,30,,40660,7,,,0,70,,40661,7,,,0,30,,40662,7,,,0,70,,40663,7,,,0,30,,40664,7,,,0,99,,40679,7,,,0,100,,40680,7,,,0,100,,40681,7,,,0
