674901,'101_merged_15529685',1458,,92491,6,0,58 59,0,56,,92489,6,,,0
674901,'1_merged_15529678',445,,92533,6,,,0,68,,92534,6,,,0,30,,92492,6,,,0,72,,92537,6,,,0,11,,92538,6,,,0,19,,92539,6,,,0,8,,92499,6,,,0,57,,92540,6,,,0,11,,92541,6,,,0,18,,92542,6,,,0,17,,92543,6,,,0,73,,92545,6,,,0,15,,92546,6,,,0,68,,92500,6,,,0,31,,92549,6,,,0,70,,92551,6,,,0,29,,92553,6,,,0,65,,92555,6,,,0,33,,92557,6,,,0,70,,92559,6,,,0,30,,92561,6,,,0,72,,92563,6,,,0,30,,92565,6,,,0,68,,92522,6,,,0,20,,92498,6,,,0,22,,92523,6,,,0,68,,92524,6,,,0,18,,92525,6,,,0,12,,92527,6,,,0,59,,92528,6,,,0,15,,92529,6,,,0,15,,92530,6,,,0,18,,92531,6,,,0,54,,92494,6,,,0,13,,92497,6,,,0,13,,92519,6,,,0,15,,92506,6,,,0,55,,92507,6,,,0,18,,92508,6,,,0,12,,92509,6,,,0,15,,92510,6,,,0,55,,92511,6,,,0,15,,92501,6,,,0,17,,92493,6,,,0,14,,92505,6,,,0,55,,92512,6,,,0,30,,92513,6,,,0,70,,92514,6,,,0,33,,92495,6,,,0,64,,92520,6,,,0,40,,92516,6,,,0,65,,92517,6,,,0,30,,92496,6,,,0,70,,92518,6,,,0,30,,92502,6,,,0,70,,92566,6,,,0
674901,'2_merged_15529680',518,,92567,6,,,0,95,,92569,6,,,0,46,,92571,6,,,0,67,,92573,6,,,0,30,,92575,6,,,0,70,,92577,6,,,0,29,,92579,6,,,0,70,,92581,6,,,0,30,,92583,6,,,0,69,,92585,6,,,0,30,,92587,6,,,0,67,,92589,6,,,0,34,,92591,6,,,0,70,,92593,6,,,0,30,,92595,6,,,0,69,,92597,6,,,0,31,,92599,6,,,0,70,,92601,6,,,0,29,,92603,6,,,0,70,,92605,6,,,0,30,,92607,6,,,0,75,,92609,6,,,0,30,,92611,6,,,0,71,,92613,6,,,0,70,,92615,6,,,0,31,,92617,6,,,0,70,,92619,6,,,0,15,,92620,6,,,0,14,,92621,6,,,0,15,,92622,6,,,0,63,,92623,6,,,0,32,,92624,6,,,0,70,,92625,6,,,0,30,,92626,6,,,0,70,,92627,6,,,0,30,,92628,6,,,0,70,,92629,6,,,0,30,,92630,6,,,0,70,,92631,6,,,0,30,,92632,6,,,0,68,,92633,6,,,0
674901,'3_merged_15529679',712,,92658,6,,,0,29,,92657,6,,,0,70,,92655,6,,,0,29,,92691,6,,,0,70,,92689,6,,,0,30,,92687,6,,,0,71,,92685,6,,,0,31,,92641,6,,,0,69,,92683,6,,,0,30,,92681,6,,,0,70,,92679,6,,,0,30,,92677,6,,,0,69,,92675,6,,,0,29,,92673,6,,,0,70,,92653,6,,,0,22,,92651,6,,,0,78,,92649,6,,,0,31,,92647,6,,,0,70,,92645,6,,,0,30,,92666,6,,,0,69,,92664,6,,,0,31,,92662,6,,,0,70,,92660,6,,,0,31,,92640,6,,,0,72,,92638,6,,,0,29,,92637,6,,,0,73,,92634,6,,,0,35,,92695,6,,,0,70,,92672,6,,,0,30,,92694,6,,,0,71,,92693,6,,,0,30,,92668,6,,,0,72,,92669,6,,,0,32,,92670,6,,,0,67,,92697,6,,,0,29,,92671,6,,,0
680501,'1_merged_15529678',652,,94042,6,,,0,101,,94046,34,,,0,199,,94045,34,,,0,199,,94044,34,,,0,205,,94041,29,,,0,269,,94043,29,,,0,175,,94040,29,,,0,154,,94039,29,,,0
680501,'2_merged_15529680',947,,94048,34,,,0,202,,94047,34,,,0,204,,94049,29,,,0,196,,94050,29,,,0,198,,94051,29,,,0,201,,94052,29,,,0
828901,'101_merged_15529685',1501,,97863,11,,,0,5,,97864,11,,,0
3404201,'1_merged_15529678',603,,108627,16,,,0,102,,108626,16,,,0,34,,108631,16,,,0,67,,108625,16,,,0,31,,108630,16,,,0,70,,108624,16,,,0,98,,108623,16,,,0,35,,108632,16,,,0,67,,108622,16,,,0,30,,108633,16,,,0,72,,108621,16,,,0,100,,108620,16,,,0,100,,108619,16,,,0,102,,108618,16,,,0,100,,108617,16,,,0,30,,108610,16,,,0,79,,108616,16,,,0,3,,108629,16,,,0,26,,108609,16,,,0,3,,108628,16,,,0,66,,108615,16,,,0,2,,108608,16,,,0,37,,108614,16,,,0,92,,108613,16,,,0,94,,108612,16,,,0,102,,108611,16,,,0
3404201,'2_merged_15529680',939,,108639,16,,,0,100,,108640,16,,,0,100,,108638,16,,,0,100,,108641,16,,,0,102,,108637,16,,,0,99,,108642,16,,,0,101,,108636,16,,,0,100,,108643,16,,,0,100,,108635,16,,,0,98,,108644,16,,,0,93,,108634,16,,,0
3404201,'3_merged_15529679',934,,108650,16,,,0,101,,108651,16,,,0,100,,108649,16,,,0,101,,108652,16,,,0,100,,108648,16,,,0,100,,108653,16,,,0,99,,108647,16,,,0,100,,108654,16,,,0,100,,108646,16,,,0,99,,108655,16,,,0,100,,108645,16,,,0
3404301,'101_merged_15529685',836,,108706,18,,,0
3404301,'1_merged_15529678',810,,108710,18,,,0
