682800,'101_merged_15529685',809,,96592,14,0,32,0,48,,96593,22,,,0
682800,'1201_merged_15529671',2121,,96594,21,,,0,107,,96595,21,,,0
682800,'1_merged_15529678',817,,96613,22,,,0,119,,96612,21,,,0,79,,96611,21,,,0,37,,96610,21,,,0,83,,96609,21,,,0,80,,96608,21,,,0,40,,96607,21,,,0,81,,96606,21,,,0,80,,96605,21,,,0,42,,96604,21,,,0,80,,96603,21,,,0,84,,96602,21,,,0,78,,96601,21,,,0,38,,96600,21,,,0,80,,96599,21,,,0,38,,96598,21,,,0,88,,96597,21,,,0,70,,96596,21,,,0
682800,'2_merged_15529680',925,,96615,21,,,0,80,,96632,21,,,0,40,,96631,21,,,0,80,,96630,21,,,0,80,,96629,21,,,0,41,,96628,21,,,0,80,,96627,21,,,0,80,,96626,21,,,0,40,,96625,21,,,0,80,,96624,21,,,0,80,,96623,21,,,0,40,,96622,21,,,0,80,,96621,21,,,0,79,,96620,21,,,0,37,,96619,21,,,0,108,,96618,21,,,0,150,,96617,21,,,0,107,,96616,21,,,0,104,,96614,21,,,0
682800,'3_merged_15529679',1124,,96638,21,,,0,82,,96645,21,,,0,40,,96637,21,,,0,80,,96644,21,,,0,80,,96643,21,,,0,40,,96636,21,,,0,80,,96642,21,,,0,79,,96635,21,,,0,40,,96634,21,,,0,80,,96641,21,,,0,80,,96640,21,,,0,40,,96633,21,,,0,77,,96639,21,,,0
3454300,'101_merged_15529685',1550,,109694,14,0,37,0
3454300,'1_merged_15529678',459,,109758,14,0,37,0,62,,109759,14,0,37,0,15,,109769,14,0,37,0,15,,109695,14,0,37,0,55,,109696,14,0,37,0,13,,109697,14,0,37,0,15,,109768,14,0,37,0,12,,109698,14,0,37,0,12,,109699,14,0,37,0,52,,109700,14,0,37,0,12,,109767,14,0,37,0,13,,109701,14,0,37,0,11,,109702,14,0,37,0,10,,109703,14,0,37,0,50,,109704,14,0,37,0,11,,109766,14,0,37,0,11,,109705,14,0,37,0,9,,109771,14,0,37,0,12,,109706,14,0,37,0,52,,109707,14,0,37,0,15,,109708,14,0,37,0,15,,109765,14,0,37,0,16,,109709,14,0,37,0,55,,109710,14,0,37,0,15,,109711,14,0,37,0,15,,109764,14,0,37,0,16,,109712,14,0,37,0,55,,109713,14,0,37,0,15,,109714,14,0,37,0,15,,109763,14,0,37,0,16,,109715,14,0,37,0,55,,109716,14,0,37,0,15,,109717,14,0,37,0,15,,109762,14,0,37,0,14,,109718,14,0,37,0,56,,109719,14,0,37,0,16,,109720,14,0,37,0,15,,109761,14,0,37,0,15,,109755,14,0,37,0,55,,109756,14,0,37,0,17,,109757,14,0,37,0,15,,109770,14,0,37,0,15,,109721,14,0,37,0,56,,109722,14,0,37,0,21,,109723,14,0,37,0,9,,109724,14,0,37,0,64,,109725,14,0,37,0,12,,109726,14,0,37,0,11,,109727,14,0,37,0,11,,109728,14,0,37,0,11,,109729,14,0,37,0,9,,109730,14,0,37,0,52,,109731,14,0,37,0,12,,109732,14,0,37,0,12,,109733,14,0,37,0,11,,109734,14,0,37,0,10,,109735,14,0,37,0,52,,109736,14,0,37,0,11,,109737,14,0,37,0,12,,109738,14,0,37,0,12,,109739,14,,,0,16,,109740,14,,,0,55,,109741,14,,,0,15,,109742,14,,,0,16,,109743,14,,,0,15,,109744,14,,,0,55,,109745,14,,,0,15,,109746,14,,,0,30,,109747,14,,,0,69,,109748,14,,,0,30,,109749,14,,,0,69,,109750,14,,,0,29,,109751,14,,,0,70,,109752,14,,,0,30,,109753,14,,,0,101,,109754,14,0,37,0,98,,109760,14,0,37,0
3454300,'2001_merged_15529688',1430,,109772,2,0,37,0
3454300,'2_merged_15529680',533,,109800,14,,,0,67,,109799,14,,,0,30,,109798,14,,,0,26,,109797,14,,,0,72,,109796,14,,,0,31,,109795,14,,,0,70,,109794,14,,,0,71,,109793,14,,,0,22,,109773,14,,,0,20,,109792,14,,,0,60,,109791,14,,,0,20,,109790,14,,,0,20,,109789,14,,,0,60,,109788,14,,,0,21,,109787,14,,,0,21,,109786,14,,,0,60,,109785,14,,,0,20,,109784,14,,,0,20,,109783,14,,,0,60,,109782,14,,,0,20,,109781,14,,,0,20,,109780,14,,,0,60,,109779,14,,,0,20,,109778,14,,,0,20,,109777,14,,,0,60,,109776,14,,,0,20,,109775,14,,,0,20,,109774,14,,,0,60,,109821,14,,,0,20,,109820,14,,,0,20,,109819,14,,,0,60,,109818,14,,,0,19,,109817,14,,,0,20,,109816,14,,,0,60,,109815,14,,,0,20,,109814,14,,,0,19,,109813,14,,,0,60,,109812,14,,,0,29,,109811,14,,,0,70,,109810,14,,,0,31,,109809,14,,,0,70,,109808,14,,,0,31,,109807,14,,,0,70,,109806,14,,,0,30,,109805,14,,,0,70,,109804,14,,,0,98,,109803,14,,,0,99,,109802,14,0,37,0,58,,109801,14,0,37,0
3454300,'3_merged_15529679',535,,109864,14,,,0,73,,109865,14,,,0,30,,109822,14,,,0,71,,109823,14,,,0,30,,109824,14,,,0,70,,109825,14,,,0,30,,109849,14,,,0,69,,109850,14,,,0,28,,109851,14,,,0,66,,109852,14,,,0,25,,109857,14,,,0,21,,109853,14,,,0,60,,109854,14,,,0,20,,109858,14,,,0,20,,109855,14,,,0,60,,109856,14,,,0,20,,109859,14,,,0,20,,109826,14,,,0,60,,109827,14,,,0,20,,109860,14,,,0,20,,109828,14,,,0,60,,109829,14,,,0,20,,109861,14,,,0,20,,109830,14,,,0,60,,109831,14,,,0,20,,109862,14,,,0,20,,109832,14,,,0,60,,109833,14,,,0,20,,109863,14,,,0,20,,109834,14,,,0,66,,109835,14,,,0,26,,109836,14,,,0,69,,109837,14,,,0,33,,109838,14,,,0,75,,109839,14,,,0,36,,109840,14,,,0,75,,109841,14,,,0,75,,109842,14,,,0,34,,109843,14,,,0,75,,109844,14,,,0,35,,109845,14,,,0,106,,109846,14,,,0,105,,109847,14,0,37,0,100,,109848,14,0,37,0
3454300,'62101_merged_15529676',1508,,109866,2,0,37,0
