682801,'101_merged_15529707',1506,,155170,1,0,32,0
682801,'1101_merged_15529711',2042,,155171,13,,,0
682801,'1201_merged_15529693',2042,,155174,13,,,0,107,,155173,13,,,0,107,,155172,13,,,0
682801,'1_merged_15529700',852,,155190,13,,,0,80,,155191,13,,,0,80,,155188,13,,,0,39,,155189,13,,,0,80,,155187,13,,,0,80,,155175,13,,,0,40,,155192,13,,,0,80,,155186,13,,,0,80,,155185,13,,,0,40,,155184,13,,,0,80,,155183,13,,,0,82,,155182,13,,,0,39,,155181,13,,,0,79,,155180,13,,,0,79,,155179,13,,,0,40,,155178,13,,,0,80,,155177,13,,,0,82,,155176,13,,,0
682801,'2_merged_15529702',918,,155204,13,,,0,41,,155203,13,,,0,80,,155202,13,,,0,80,,155201,13,,,0,40,,155200,13,,,0,80,,155199,13,,,0,80,,155198,13,,,0,40,,155197,13,,,0,82,,155196,13,,,0,80,,155195,13,,,0,80,,155194,13,,,0,40,,155193,13,,,0,80,,155212,13,,,0,80,,155211,13,,,0,40,,155210,13,,,0,68,,155209,13,,,0,110,,155208,13,,,0,106,,155207,13,,,0,107,,155206,13,,,0,104,,155205,13,,,0
682801,'3_merged_15529701',1118,,155213,13,,,0,40,,155225,13,,,0,82,,155224,13,,,0,80,,155223,13,,,0,80,,155222,13,,,0,38,,155221,13,,,0,82,,155220,13,,,0,39,,155219,13,,,0,81,,155218,13,,,0,80,,155217,13,,,0,80,,155216,13,,,0,38,,155215,13,,,0,80,,155214,13,,,0
3454301,'101_merged_15529707',1512,,169401,7,,,0,7,,169402,7,,,0
3454301,'1901_merged_15529697',1504,,169403,11,,,0
3454301,'1_merged_15529700',448,,169469,11,,,0,57,,169470,11,,,0,16,,169404,11,,,0,15,,169405,11,,,0,15,,169406,11,,,0,55,,169479,11,,,0,14,,169407,11,,,0,12,,169408,11,,,0,12,,169409,11,,,0,11,,169478,11,,,0,51,,169410,11,,,0,10,,169411,11,,,0,10,,169412,11,,,0,11,,169413,11,,,0,10,,169477,11,,,0,10,,169414,11,,,0,50,,169480,11,,,0,11,,169415,11,,,0,12,,169416,11,,,0,12,,169417,11,,,0,12,,169476,11,,,0,52,,169418,11,,,0,12,,169419,11,,,0,13,,169420,11,,,0,15,,169421,11,,,0,55,,169475,11,,,0,15,,169422,11,,,0,15,,169423,11,,,0,16,,169424,11,,,0,55,,169474,11,,,0,15,,169425,11,,,0,15,,169426,11,,,0,13,,169427,11,,,0,57,,169473,11,,,0,15,,169428,11,,,0,15,,169429,11,,,0,15,,169430,11,,,0,55,,169472,11,,,0,15,,169466,11,,,0,15,,169467,11,,,0,15,,169468,11,,,0,55,,169471,11,,,0,16,,169431,11,,,0,16,,169432,11,,,0,21,,169433,11,,,0,70,,169434,11,,,0,12,,169435,11,,,0,64,,169436,11,,,0,12,,169437,11,,,0,12,,169438,11,,,0,12,,169439,11,,,0,12,,169440,11,,,0,52,,169441,11,,,0,11,,169442,11,,,0,12,,169443,11,,,0,11,,169444,11,,,0,13,,169445,11,,,0,53,,169446,11,,,0,13,,169447,11,,,0,14,,169448,11,,,0,12,,169449,11,,,0,11,,169450,11,,,0,49,,169451,11,,,0,17,,169452,15,,,0,14,,169453,15,,,0,15,,169454,15,,,0,55,,169455,15,,,0,15,,169456,15,,,0,15,,169457,15,,,0,28,,169458,15,,,0,70,,169459,15,,,0,28,,169460,15,,,0,70,,169461,15,,,0,29,,169462,15,,,0,69,,169463,15,,,0,30,,169464,15,,,0,70,,169465,15,,,0
3454301,'2001_merged_15529710',1504,,169481,11,,,0
3454301,'2_merged_15529702',528,,169529,15,,,0,75,,169528,15,,,0,30,,169527,15,,,0,69,,169526,15,,,0,29,,169525,15,,,0,70,,169524,15,,,0,25,,169523,15,,,0,20,,169522,15,,,0,60,,169521,15,,,0,20,,169520,15,,,0,19,,169519,15,,,0,60,,169518,15,,,0,20,,169517,15,,,0,21,,169516,15,,,0,60,,169515,15,,,0,21,,169514,15,,,0,20,,169513,15,,,0,60,,169512,15,,,0,20,,169511,15,,,0,20,,169510,15,,,0,60,,169509,15,,,0,20,,169508,15,,,0,20,,169507,15,,,0,60,,169506,15,,,0,20,,169505,15,,,0,20,,169504,15,,,0,59,,169483,15,,,0,20,,169482,15,,,0,22,,169503,15,,,0,61,,169502,15,,,0,17,,169501,15,,,0,21,,169500,15,,,0,61,,169499,15,,,0,21,,169498,15,,,0,20,,169497,15,,,0,60,,169496,15,,,0,23,,169495,15,,,0,69,,169494,15,,,0,30,,169493,15,,,0,73,,169492,15,,,0,30,,169491,15,,,0,72,,169490,15,,,0,30,,169489,15,,,0,70,,169488,15,,,0,30,,169487,15,,,0,98,,169486,15,,,0,100,,169485,15,,,0,96,,169484,11,,,0
3454301,'3_merged_15529701',533,,169538,15,,,0,75,,169539,15,,,0,34,,169570,15,,,0,70,,169571,15,,,0,31,,169572,15,,,0,70,,169540,15,,,0,30,,169541,15,,,0,71,,169542,15,,,0,32,,169543,15,,,0,69,,169544,15,,,0,32,,169535,15,,,0,64,,169545,15,,,0,20,,169546,15,,,0,20,,169536,15,,,0,60,,169547,15,,,0,20,,169548,15,,,0,20,,169537,15,,,0,60,,169549,15,,,0,19,,169550,15,,,0,20,,169534,15,,,0,60,,169551,15,,,0,20,,169552,15,,,0,20,,169531,15,,,0,60,,169553,15,,,0,20,,169554,15,,,0,20,,169532,15,,,0,60,,169555,15,,,0,20,,169556,15,,,0,20,,169533,15,,,0,60,,169557,15,,,0,30,,169558,15,,,0,70,,169569,15,,,0,37,,169559,15,,,0,73,,169560,15,,,0,39,,169561,15,,,0,72,,169564,15,,,0,79,,169563,15,,,0,40,,169562,15,,,0,70,,169565,15,,,0,31,,169566,15,,,0,80,,169530,15,,,0,98,,169567,15,,,0,101,,169568,11,,,0
3454301,'62101_merged_15529698',1549,,169573,11,,,0
3454301,'62201_merged_15529696',1549,,169574,11,,,0
