672400,'1_merged_15524958',431,,88604,6,,,0,26,,88607,6,,,0,60,,88634,6,,,0,24,,88597,6,,,0,60,,88609,6,,,0,14,,88598,6,,,0,15,,88636,6,,,0,14,,88620,6,,,0,12,,88641,6,,,0,54,,88642,6,,,0,15,,88643,6,,,0,14,,88644,6,,,0,14,,88608,6,,,0,53,,88645,6,,,0,16,,88602,6,,,0,15,,88646,6,,,0,14,,88618,6,,,0,55,,88647,6,,,0,15,,88630,6,,,0,17,,88621,6,,,0,17,,88648,6,,,0,58,,88649,6,,,0,20,,88622,6,,,0,18,,88616,6,,,0,60,,88632,6,,,0,20,,88623,6,,,0,19,,88633,6,,,0,60,,88603,6,,,0,21,,88624,6,,,0,20,,88601,6,,,0,59,,88613,6,,,0,20,,88625,6,,,0,20,,88617,6,,,0,61,,88637,6,,,0,14,,88606,6,,,0,15,,88627,6,,,0,14,,88612,6,,,0,55,,88638,6,,,0,15,,88614,6,,,0,15,,88619,6,,,0,16,,88605,6,,,0,56,,88650,6,,,0,15,,88651,6,,,0,15,,88652,6,,,0,15,,88653,6,,,0,55,,88654,6,,,0,18,,88655,6,,,0,15,,88656,6,,,0,58,,88657,6,,,0,15,,88658,6,,,0,18,,88659,6,,,0,15,,88660,6,,,0,57,,88661,6,,,0,16,,88610,6,,,0,19,,88662,6,,,0,65,,88611,6,,,0,25,,88635,6,,,0,69,,88599,6,,,0,31,,88626,6,,,0,70,,88628,6,,,0,37,,88600,6,,,0,64,,88615,6,,,0,30,,88639,6,,,0,70,,88629,6,,,0,30,,88640,6,,,0,67,,88631,6,,,0,19,,88596,6,4,,0,22,,88594,6,4,,0,77,,88595,6,4,,0
672400,'2_merged_15524960',423,,88700,6,,,0,35,,88704,6,,,0,74,,88705,6,,,0,69,,88706,6,,,0,29,,88707,6,,,0,71,,88708,6,,,0,31,,88709,6,,,0,27,,88710,6,,,0,68,,88711,6,,,0,20,,88712,6,,,0,54,,88724,6,,,0,15,,88725,6,,,0,14,,88726,6,,,0,15,,88727,6,,,0,14,,88728,6,,,0,55,,88664,6,,,0,14,,88665,6,,,0,15,,88666,6,,,0,14,,88667,6,,,0,55,,88668,6,,,0,15,,88669,6,,,0,15,,88670,6,,,0,12,,88671,6,,,0,56,,88672,6,,,0,13,,88673,6,,,0,15,,88674,6,,,0,15,,88675,6,,,0,56,,88676,6,,,0,13,,88677,6,,,0,15,,88678,6,,,0,15,,88679,6,,,0,55,,88680,6,,,0,14,,88681,6,,,0,15,,88682,6,,,0,13,,88683,6,,,0,55,,88684,6,,,0,15,,88685,6,,,0,17,,88686,6,,,0,15,,88663,6,,,0,56,,88687,6,,,0,16,,88688,6,,,0,16,,88689,6,,,0,61,,88690,6,,,0,15,,88691,6,,,0,15,,88692,6,,,0,15,,88693,6,,,0,57,,88713,6,,,0,23,,88714,6,,,0,21,,88715,6,,,0,63,,88716,6,,,0,22,,88717,6,,,0,20,,88718,6,,,0,66,,88720,6,,,0,30,,88722,6,,,0,9,,88721,6,4,,0,61,,88723,6,,,0,32,,88696,6,,,0,70,,88697,6,,,0,34,,88698,6,,,0,66,,88719,6,,,0,26,,88701,6,,,0,68,,88695,6,,,0,39,,88702,6,,,0,69,,88694,6,,,0,34,,88699,6,4,,0,69,,88703,6,4,,0
672400,'3_merged_15524959',455,,88753,6,,,0,71,,88757,6,,,0,30,,88758,6,,,0,69,,88759,6,,,0,30,,88760,6,,,0,68,,88761,6,,,0,20,,88762,6,,,0,60,,88763,6,,,0,20,,88764,6,,,0,20,,88765,6,,,0,61,,88766,6,,,0,20,,88767,6,,,0,16,,88768,6,,,0,60,,88769,6,,,0,20,,88770,6,,,0,18,,88771,6,,,0,20,,88772,6,,,0,60,,88773,6,,,0,18,,88774,6,,,0,20,,88775,6,,,0,60,,88776,6,,,0,20,,88777,6,,,0,20,,88778,6,,,0,60,,88779,6,,,0,19,,88780,6,,,0,20,,88781,6,,,0,56,,88740,6,,,0,15,,88782,6,,,0,14,,88783,6,,,0,15,,88784,6,,,0,54,,88741,6,,,0,17,,88785,6,,,0,16,,88786,6,,,0,16,,88787,6,,,0,56,,88742,6,,,0,16,,88788,6,,,0,15,,88789,6,,,0,55,,88729,6,,,0,15,,88743,6,,,0,15,,88730,6,,,0,16,,88731,6,,,0,57,,88732,6,,,0,15,,88744,6,,,0,18,,88738,6,,,0,16,,88739,6,,,0,59,,88737,6,,,0,20,,88745,6,,,0,18,,88733,6,,,0,60,,88734,6,,,0,29,,88735,6,,,0,70,,88736,6,,,0,32,,88749,6,,,0,69,,88750,6,,,0,30,,88751,6,,,0,71,,88746,6,,,0,31,,88754,6,,,0,71,,88748,6,,,0,31,,88755,6,,,0,70,,88747,6,,,0,35,,88752,6,4,,0,70,,88756,6,4,,0
672501,'101_merged_15524965',1453,,89079,1,,,0
672501,'1_merged_15524958',447,,89081,1,,,0,77,,89082,1,,,0,25,,89080,1,,,0,72,,89083,6,,,0,30,,89084,6,,,0,70,,89085,6,,,0,31,,89086,6,,,0,70,,89087,6,,,0,30,,89088,6,,,0,70,,89089,6,,,0,30,,89090,6,,,0,70,,89091,6,,,0,29,,89092,6,,,0,70,,89093,6,,,0,30,,89094,6,,,0,70,,89095,6,,,0,30,,89096,6,,,0,70,,89097,6,,,0,31,,89098,6,,,0,70,,89099,6,,,0,30,,89100,6,,,0,70,,89101,6,,,0,30,,89102,6,,,0,70,,89103,6,,,0,30,,89104,6,,,0,70,,89105,6,,,0,29,,89106,6,,,0,70,,89107,6,,,0,31,,89108,6,,,0,71,,89109,6,,,0,30,,89110,6,,,0,70,,89111,6,,,0,31,,89112,6,,,0,70,,89113,6,,,0,30,,89114,6,,,0,70,,89115,6,,,0,100,,89116,6,,,0,100,,89117,6,,,0
672501,'2_merged_15524960',513,,89153,1,,,0,27,,89151,1,,,0,72,,89119,6,,,0,31,,89137,6,,,0,72,,89138,6,,,0,31,,89139,6,,,0,70,,89140,6,,,0,30,,89121,6,,,0,70,,89141,6,,,0,33,,89142,6,,,0,70,,89143,6,,,0,30,,89122,6,,,0,70,,89147,6,,,0,30,,89148,6,,,0,71,,89149,6,,,0,31,,89136,6,,,0,70,,89126,6,,,0,30,,89135,6,,,0,70,,89152,6,,,0,30,,89129,6,,,0,69,,89134,6,,,0,30,,89146,6,,,0,70,,89145,6,,,0,30,,89127,6,,,0,70,,89132,6,,,0,30,,89130,6,,,0,70,,89131,6,,,0,29,,89144,6,,,0,71,,89123,6,,,0,31,,89120,6,,,0,71,,89124,6,,,0,30,,89154,6,,,0,70,,89125,6,,,0,100,,89150,6,,,0,102,,89128,6,,,0,98,,89133,6,,,0
672501,'3_merged_15524959',628,,89172,1,,,0,95,,89161,6,,,0,31,,89158,6,,,0,70,,89160,6,,,0,31,,89173,6,,,0,70,,89187,6,,,0,28,,89186,6,,,0,71,,89185,6,,,0,30,,89183,6,,,0,70,,89167,6,,,0,30,,89171,6,,,0,70,,89162,6,,,0,30,,89163,6,,,0,70,,89164,6,,,0,30,,89159,6,,,0,71,,89165,6,,,0,30,,89166,6,,,0,70,,89189,6,,,0,30,,89174,6,,,0,70,,89175,6,,,0,30,,89170,6,,,0,70,,89168,6,,,0,31,,89182,6,,,0,70,,89188,6,,,0,30,,89155,6,,,0,70,,89156,6,,,0,30,,89157,6,,,0,71,,89176,6,,,0,30,,89177,6,,,0,70,,89178,6,,,0,31,,89179,6,,,0,89,,89180,6,,,0,95,,89181,6,,,0,100,,89184,6,,,0
682801,'1101_merged_15524969',2036,,96647,6,,,0
682801,'1201_merged_15524951',2036,,96650,6,,,0,108,,96649,6,,,0,107,,96648,6,,,0
682801,'1_merged_15524958',846,,96666,6,,,0,80,,96667,6,,,0,80,,96664,6,,,0,39,,96665,6,,,0,80,,96663,6,,,0,80,,96651,6,,,0,40,,96668,6,,,0,80,,96662,6,,,0,80,,96661,6,,,0,40,,96660,6,,,0,80,,96659,6,,,0,82,,96658,6,,,0,39,,96657,6,,,0,79,,96656,6,,,0,79,,96655,6,,,0,40,,96654,6,,,0,80,,96653,6,,,0,82,,96652,6,,,0
682801,'2_merged_15524960',913,,96680,6,,,0,40,,96679,6,,,0,80,,96678,6,,,0,80,,96677,6,,,0,40,,96676,6,,,0,80,,96675,6,,,0,80,,96674,6,,,0,40,,96673,6,,,0,82,,96672,6,,,0,80,,96671,6,,,0,40,,96670,6,,,0,80,,96669,6,,,0,80,,96688,6,,,0,40,,96687,6,,,0,80,,96686,6,,,0,70,,96685,6,,,0,110,,96684,6,,,0,107,,96683,6,,,0,107,,96682,6,,,0,104,,96681,6,,,0
682801,'3_merged_15524959',1113,,96689,6,,,0,40,,96701,6,,,0,81,,96700,6,,,0,80,,96699,6,,,0,40,,96698,6,,,0,78,,96697,6,,,0,84,,96696,6,,,0,40,,96695,6,,,0,80,,96694,6,,,0,80,,96693,6,,,0,40,,96692,6,,,0,80,,96691,6,,,0,77,,96690,6,,,0
