674900,'101_merged_15529685',754,,92280,53,0,62 63 64,0
680401,'1_merged_15529678',619,,94019,9,,,0,201,,94018,9,,,0,203,,94013,9,,,0,202,,94017,9,,,0,226,,94016,9,,,0,271,,94015,9,,,0,178,,94014,9,,,0
680401,'2_merged_15529680',834,,94020,9,,,0,197,,94021,9,,,0,198,,94022,9,,,0,201,,94023,9,,,0,202,,94024,9,,,0,200,,94025,9,,,0
3404201,'1_merged_15529678',552,,108627,1,,,0,100,,108626,1,,,0,74,,108631,1,,,0,26,,108625,1,,,0,71,,108630,1,,,0,30,,108624,1,,,0,98,,108623,1,,,0,75,,108632,1,,,0,25,,108622,1,,,0,70,,108633,1,,,0,32,,108621,1,,,0,100,,108620,1,,,0,100,,108619,1,,,0,102,,108618,1,,,0,100,,108617,1,,,0,70,,108610,1,,,0,81,,108616,1,,,0,3,,108629,1,,,0,27,,108609,1,,,0,3,,108628,1,,,0,68,,108615,1,,,0,2,,108608,1,,,0,37,,108614,1,,,0,92,,108613,1,,,0,94,,108612,1,,,0,102,,108611,1,,,0
3404201,'2_merged_15529680',926,,108639,1,,,0,100,,108640,1,,,0,100,,108638,1,,,0,99,,108641,1,,,0,102,,108637,1,,,0,100,,108642,1,,,0,101,,108636,1,,,0,100,,108643,1,,,0,100,,108635,1,,,0,98,,108644,1,,,0,95,,108634,1,,,0
3404201,'3_merged_15529679',922,,108650,1,,,0,100,,108651,1,,,0,100,,108649,1,,,0,100,,108652,1,,,0,100,,108648,1,,,0,100,,108653,1,,,0,100,,108647,1,,,0,100,,108654,1,,,0,100,,108646,1,,,0,100,,108655,1,,,0,100,,108645,1,,,0
3404300,'101_merged_15529685',1625,,108656,22,4,,0
3404300,'1_merged_15529678',552,,108676,23,4,,0,100,,108675,23,4,,0,74,,108658,23,4,,0,26,,108674,23,4,,0,71,,108679,22,4,,0,30,,108673,22,4,,0,98,,108672,22,4,,0,75,,108680,22,4,,0,25,,108671,22,4,,0,70,,108681,22,4,,0,32,,108670,22,4,,0,100,,108669,22,4,,0,100,,108668,22,4,,0,102,,108667,22,4,,0,100,,108666,22,4,,0,151,,108665,23,4,,0,3,,108678,23,4,,0,27,,108659,23,4,,0,3,,108677,23,4,,0,68,,108664,23,4,,0,2,,108657,23,4,,0,37,,108663,23,4,,0,92,,108662,23,4,,0,94,,108661,22,4,,0,102,,108660,22,4,,0
3404300,'2_merged_15529680',926,,108687,22,4,,0,100,,108688,22,4,,0,100,,108686,22,4,,0,99,,108689,22,4,,0,102,,108685,22,4,,0,100,,108690,22,4,,0,101,,108684,22,4,,0,100,,108691,22,4,,0,100,,108683,22,4,,0,98,,108692,22,4,,0,95,,108682,22,4,,0
3404300,'3_merged_15529679',922,,108698,22,4,,0,100,,108699,22,4,,0,100,,108697,22,4,,0,100,,108700,22,4,,0,100,,108696,22,4,,0,100,,108701,22,4,,0,100,,108695,22,4,,0,100,,108702,22,4,,0,100,,108694,22,4,,0,100,,108703,22,4,,0,100,,108693,22,4,,0
