665700,'1',600,,16715,,,0,19,,16745,,,0,21,,16746,,,0,13,,16717,,,0,55,,16729,,,0,14,,16731,,,0,14,,16726,,,0,16,,16749,,,0,57,,16725,,,0,17,,16707,,,0,14,,16732,,,0,15,,16742,,,0,55,,16696,,,0,14,,16737,,,0,15,,16699,,,0,15,,16705,,,0,53,,16719,,,0,15,,16730,,,0,15,,16694,,,0,15,,16740,,,0,54,,16736,,,0,15,,16714,,,0,16,,16720,,,0,15,,16728,,,0,55,,16751,,,0,15,,16692,,,0,16,,16721,,,0,15,,16708,,,0,55,,16734,,,0,15,,16706,,,0,16,,16722,,,0,15,,16709,,,0,56,,16710,,,0,15,,16691,,,0,16,,16723,,,0,15,,16712,,,0,57,,16724,,,0,15,,16733,,,0,17,,16744,,,0,55,,16739,,,0,16,,16743,,,0,34,,16752,,,0,52,,16716,,,0,14,,16690,,,0,13,,16718,,,0,14,,16701,,,0,16,,16727,,,0,56,,16700,,,0,13,,16711,,,0,15,,16703,,,0,15,,16738,,,0,52,,16702,,,0,29,,16695,,,0,70,,16704,,,0,30,,16698,,,0,68,,16741,,,0,29,,16713,,,0,70,,16748,,,0,29,,16693,,,0,74,,16735,,,0,32,,16697,,,0,70,,16747,,,0,37,,16750,,,0
665700,'101',1633,,16753,,,0
665700,'2',626,,16777,,,0,98,,16781,,,0,107,,16779,,,0,107,,16764,,,0,70,,16791,,,0,30,,16760,,,0,71,,16787,,,0,26,,16754,,,0,72,,16775,,,0,20,,16786,,,0,20,,16792,,,0,63,,16765,,,0,20,,16784,,,0,20,,16793,,,0,61,,16780,,,0,20,,16789,,,0,20,,16759,,,0,61,,16794,,,0,20,,16788,,,0,20,,16758,,,0,60,,16766,,,0,21,,16776,,,0,19,,16757,,,0,60,,16773,,,0,20,,16778,,,0,21,,16756,,,0,60,,16762,,,0,22,,16763,,,0,20,,16755,,,0,56,,16785,,,0,29,,16771,,,0,69,,16782,,,0,27,,16774,,,0,71,,16768,,,0,30,,16761,,,0,70,,16790,,,0,30,,16772,,,0,70,,16783,,,0,28,,16767,,,0,75,,16769,,,0,42,,16770,,,0
665700,'201',1633,,16795,,,0
665700,'3',734,,16801,,,0,100,,16804,,,0,102,,16822,,,0,70,,16819,,,0,32,,16796,,,0,70,,16825,,,0,30,,16815,,,0,71,,16827,,,0,32,,16805,,,0,71,,16809,,,0,30,,16806,,,0,70,,16812,,,0,30,,16816,,,0,70,,16824,,,0,30,,16820,,,0,70,,16811,,,0,30,,16807,,,0,70,,16799,,,0,30,,16817,,,0,70,,16802,,,0,30,,16826,,,0,69,,16797,,,0,29,,16818,,,0,69,,16823,,,0,29,,16810,,,0,69,,16808,,,0,29,,16821,,,0,70,,16798,,,0,29,,16814,,,0,70,,16813,,,0,29,,16828,,,0,70,,16803,,,0,45,,16800,,,0
683800,'1',2644,,38487,,,0,59,,38489,,,0,20,,38486,,,0,20,,38488,,,0,73,,38490,,,0,23,,38491,,,0,70,,38492,,,0,38,,38493,,,0
683800,'2',2648,,38496,,,0,53,,38497,,,0,20,,38495,,,0,30,,38494,,,0,70,,38498,,,0,30,,38499,,,0,70,,38500,,,0,20,,38501,,,0
683800,'3',2643,,38502,,,0,70,,38503,,,0,30,,38504,,,0,76,,38505,,,0,20,,38506,,,0,71,,38507,,,0,30,,38508,,,0
3780700,'1',502,,51480,,,0,17,,51538,,,0,15,,51447,,,0,11,,51539,,,0,58,,51441,,,0,15,,51446,,,0,15,,51409,,,0,6,,51506,,,0,6,,51507,,,0,5,,51483,,,0,7,,51509,,,0,46,,51541,,,0,5,,51410,,,0,5,,51516,,,0,8,,51502,,,0,8,,51482,,,0,0,,51526,,,0,12,,51405,,,0,1,,51540,,,0,10,,51408,,,0,48,,51406,,,0,4,,51495,,,0,11,,51471,,,0,7,,51494,,,0,8,,51491,,,0,6,,51514,,,0,7,,51454,,,0,6,,51508,,,0,57,,51492,,,0,15,,51453,,,0,7,,51455,,,0,6,,51487,,,0,12,,51515,,,0,58,,51488,,,0,12,,51418,,,0,14,,51521,,,0,13,,51469,,,0,15,,51523,,,0,58,,51497,,,0,14,,51503,,,0,10,,51468,,,0,13,,51467,,,0,56,,51525,,,0,16,,51518,,,0,13,,51484,,,0,15,,51445,,,0,56,,51504,,,0,15,,51466,,,0,15,,51479,,,0,13,,51478,,,0,52,,51465,,,0,2,,51531,,,0,18,,51464,,,0,19,,51463,,,0,13,,51533,,,0,2,,51462,,,0,50,,51532,,,0,6,,51477,,,0,14,,51476,,,0,10,,51461,,,0,7,,51505,,,0,8,,51460,,,0,48,,51427,,,0,6,,51534,,,0,10,,51498,,,0,7,,51459,,,0,8,,51426,,,0,9,,51499,,,0,5,,51425,,,0,10,,51432,,,0,45,,51481,,,0,6,,51452,,,0,5,,51424,,,0,6,,51431,,,0,7,,51423,,,0,8,,51430,,,0,7,,51500,,,0,3,,51451,,,0,7,,51422,,,0,7,,51493,,,0,47,,51450,,,0,7,,51501,,,0,3,,51421,,,0,10,,51429,,,0,7,,51420,,,0,6,,51428,,,0,11,,51419,,,0,9,,51433,,,0,46,,51486,,,0,17,,51470,,,0,11,,51448,,,0,17,,51436,,,0,55,,51444,,,0,16,,51407,,,0,16,,51519,,,0,13,,51458,,,0,53,,51435,,,0,15,,51438,,,0,15,,51490,,,0,15,,51457,,,0,55,,51475,,,0,16,,51485,,,0,14,,51474,,,0,13,,51416,,,0,15,,51456,,,0,55,,51473,,,0,13,,51415,,,0,14,,51472,,,0,15,,51443,,,0,55,,51489,,,0,15,,51414,,,0,13,,51412,,,0,20,,51411,,,0,60,,51413,,,0,20,,51440,,,0,64,,51439,,,0
3780700,'2',452,,51629,,,0,99,,51548,,,0,67,,51560,,,0,25,,51630,,,0,16,,51546,,,0,58,,51543,,,0,17,,51565,,,0,13,,51566,,,0,53,,51567,,,0,18,,51568,,,0,14,,51631,,,0,4,,51569,,,0,18,,51570,,,0,57,,51571,,,0,13,,51572,,,0,16,,51573,,,0,15,,51574,,,0,57,,51575,,,0,15,,51576,,,0,16,,51577,,,0,15,,51578,,,0,54,,51579,,,0,15,,51580,,,0,11,,51633,,,0,6,,51581,,,0,15,,51551,,,0,54,,51615,,,0,14,,51616,,,0,18,,51617,,,0,12,,51618,,,0,56,,51619,,,0,15,,51620,,,0,17,,51621,,,0,55,,51558,,,0,15,,51557,,,0,15,,51590,,,0,17,,51591,,,0,56,,51592,,,0,15,,51593,,,0,15,,51594,,,0,16,,51595,,,0,55,,51596,,,0,13,,51597,,,0,11,,51598,,,0,12,,51599,,,0,13,,51600,,,0,54,,51601,,,0,9,,51602,,,0,10,,51603,,,0,12,,51604,,,0,12,,51605,,,0,52,,51606,,,0,12,,51607,,,0,9,,51608,,,0,12,,51609,,,0,9,,51610,,,0,11,,51611,,,0,53,,51612,,,0,12,,51613,,,0,12,,51614,,,0,12,,51563,,,0,12,,51564,,,0,50,,51562,,,0,12,,51544,,,0,12,,51545,,,0,12,,51622,,,0,12,,51623,,,0,53,,51624,,,0,12,,51625,,,0,11,,51626,,,0,12,,51627,,,0,12,,51628,,,0,55,,51582,,,0,12,,51583,,,0,10,,51584,,,0,12,,51585,,,0,12,,51586,,,0,50,,51587,,,0,15,,51588,,,0,14,,51589,,,0,16,,51547,,,0,55,,51542,,,0,15,,51550,,,0,12,,51556,,,0,15,,51561,,,0,56,,51553,,,0,15,,51549,,,0,15,,51555,,,0,14,,51559,,,0,55,,51552,,,0,17,,51554,,,0
3780700,'3',454,,51714,,,0,93,,51651,,,0,72,,51710,,,0,22,,51715,,,0,18,,51648,,,0,54,,51644,,,0,13,,51718,,,0,7,,51701,,,0,15,,51706,,,0,56,,51680,,,0,14,,51699,,,0,16,,51704,,,0,15,,51702,,,0,56,,51700,,,0,15,,51645,,,0,17,,51642,,,0,15,,51674,,,0,55,,51673,,,0,15,,51672,,,0,15,,51664,,,0,15,,51671,,,0,55,,51670,,,0,15,,51669,,,0,16,,51719,,,0,3,,51668,,,0,15,,51667,,,0,55,,51666,,,0,15,,51665,,,0,17,,51691,,,0,15,,51690,,,0,56,,51689,,,0,14,,51688,,,0,16,,51687,,,0,14,,51684,,,0,55,,51683,,,0,15,,51682,,,0,13,,51681,,,0,15,,51650,,,0,56,,51663,,,0,15,,51662,,,0,15,,51661,,,0,15,,51708,,,0,55,,51696,,,0,15,,51695,,,0,12,,51694,,,0,11,,51660,,,0,51,,51693,,,0,12,,51692,,,0,13,,51649,,,0,12,,51638,,,0,12,,51659,,,0,52,,51637,,,0,12,,51636,,,0,12,,51635,,,0,10,,51634,,,0,12,,51658,,,0,52,,51716,,,0,11,,51713,,,0,23,,51717,,,0,15,,51685,,,0,55,,51657,,,0,15,,51712,,,0,15,,51646,,,0,15,,51647,,,0,56,,51656,,,0,15,,51705,,,0,12,,51641,,,0,15,,51698,,,0,55,,51679,,,0,15,,51655,,,0,16,,51640,,,0,15,,51709,,,0,55,,51697,,,0,15,,51654,,,0,14,,51643,,,0,15,,51639,,,0,55,,51707,,,0,15,,51653,,,0,13,,51678,,,0,15,,51711,,,0,55,,51675,,,0,15,,51652,,,0,15,,51677,,,0,20,,51703,,,0,60,,51676,,,0
