666701,'1',452,,136215,17,,,0,58,,136255,17,,,0,23,,136188,17,,,0,20,,136189,17,,,0,60,,136190,17,,,0,16,,136191,17,,,0,11,,136192,17,,,0,8,,136193,17,,,0,9,,136194,17,,,0,54,,136259,17,,,0,16,,136260,17,,,0,17,,136195,17,,,0,10,,136196,17,,,0,59,,136197,17,,,0,33,,136198,17,,,0,55,,136199,17,,,0,17,,136200,17,,,0,14,,136258,17,,,0,17,,136216,17,,,0,53,,136217,17,,,0,15,,136254,17,,,0,15,,136201,17,,,0,15,,136202,17,,,0,55,,136203,17,,,0,15,,136204,17,,,0,14,,136205,17,,,0,17,,136206,17,,,0,54,,136207,17,,,0,18,,136257,17,,,0,15,,136218,17,,,0,15,,136219,17,,,0,55,,136253,17,,,0,15,,136208,17,,,0,15,,136209,17,,,0,14,,136210,17,,,0,55,,136211,17,,,0,16,,136212,17,,,0,16,,136213,17,,,0,14,,136214,17,,,0,55,,136256,17,,,0,16,,136220,17,,,0,13,,136221,17,,,0,16,,136252,17,,,0,55,,136222,17,,,0,14,,136223,17,,,0,15,,136224,17,,,0,15,,136225,17,,,0,54,,136226,17,,,0,15,,136227,17,,,0,11,,136228,17,,,0,18,,136229,17,,,0,55,,136251,17,,,0,15,,136236,17,,,0,15,,136248,17,,,0,14,,136249,17,,,0,55,,136230,17,,,0,15,,136231,17,,,0,15,,136232,17,,,0,14,,136233,17,,,0,55,,136234,17,,,0,15,,136235,17,,,0,15,,136250,17,,,0,20,,136237,17,,,0,58,,136247,17,,,0,19,,136238,17,,,0,27,,136239,17,,,0,72,,136240,17,,,0,32,,136241,17,,,0,71,,136242,17,,,0,30,,136243,17,,,0,67,,136244,17,,,0,30,,136245,17,,,0,70,,136246,17,,,0
666701,'101',830,,136187,17,,,0
666701,'2',602,,136270,17,,,0,29,,136271,17,,,0,20,,136288,17,,,0,61,,136289,17,,,0,20,,136285,17,,,0,15,,136290,17,,,0,56,,136291,17,,,0,14,,136292,17,,,0,15,,136293,17,,,0,11,,136294,17,,,0,8,,136262,17,,,0,53,,136295,17,,,0,16,,136296,17,,,0,14,,136297,17,,,0,13,,136298,17,,,0,56,,136299,17,,,0,18,,136300,17,,,0,16,,136301,17,,,0,14,,136302,17,,,0,55,,136303,17,,,0,13,,136305,17,,,0,15,,136306,17,,,0,16,,136307,17,,,0,55,,136304,17,,,0,17,,136308,17,,,0,14,,136284,17,,,0,13,,136309,17,,,0,56,,136310,17,,,0,14,,136311,17,,,0,15,,136313,17,,,0,16,,136314,17,,,0,55,,136315,17,,,0,17,,136316,17,,,0,15,,136317,17,,,0,17,,136318,17,,,0,55,,136319,17,,,0,16,,136320,17,,,0,15,,136321,17,,,0,13,,136322,17,,,0,55,,136323,17,,,0,15,,136324,17,,,0,15,,136325,17,,,0,14,,136326,17,,,0,55,,136327,17,,,0,14,,136328,17,,,0,15,,136263,17,,,0,15,,136264,17,,,0,64,,136265,17,,,0,14,,136266,17,,,0,10,,136287,17,,,0,14,,136267,17,,,0,55,,136268,17,,,0,15,,136286,17,,,0,14,,136269,17,,,0,17,,136273,17,,,0,60,,136272,17,,,0,19,,136274,17,,,0,21,,136275,17,,,0,71,,136312,17,,,0,33,,136276,17,,,0,72,,136277,17,,,0,75,,136278,17,,,0,27,,136279,17,,,0,69,,136280,17,,,0,32,,136281,17,,,0,70,,136282,17,,,0,25,,136283,17,,,0
666701,'201',830,,136261,17,,,0
666701,'3',713,,136344,17,,,0,20,,136345,17,,,0,17,,136330,17,,,0,56,,136346,17,,,0,15,,136347,17,,,0,14,,136343,17,,,0,12,,136329,17,,,0,53,,136348,17,,,0,12,,136349,17,,,0,12,,136350,17,,,0,12,,136351,17,,,0,9,,136352,17,,,0,59,,136353,17,,,0,15,,136354,17,,,0,15,,136355,17,,,0,14,,136356,17,,,0,57,,136357,17,,,0,15,,136358,17,,,0,15,,136359,17,,,0,16,,136338,17,,,0,55,,136339,17,,,0,18,,136340,17,,,0,14,,136360,17,,,0,14,,136361,17,,,0,55,,136362,17,,,0,14,,136363,17,,,0,15,,136364,17,,,0,15,,136365,17,,,0,54,,136366,17,,,0,17,,136367,17,,,0,16,,136368,17,,,0,15,,136369,17,,,0,56,,136337,17,,,0,14,,136370,17,,,0,13,,136371,17,,,0,16,,136372,17,,,0,55,,136373,17,,,0,14,,136374,17,,,0,13,,136375,17,,,0,19,,136376,17,,,0,52,,136377,17,,,0,16,,136378,17,,,0,15,,136379,17,,,0,15,,136380,17,,,0,56,,136381,17,,,0,15,,136382,17,,,0,15,,136342,17,,,0,15,,136383,17,,,0,52,,136384,17,,,0,15,,136341,17,,,0,15,,136385,17,,,0,15,,136386,17,,,0,60,,136387,17,,,0,21,,136388,17,,,0,26,,136389,17,,,0,73,,136390,17,,,0,29,,136331,17,,,0,75,,136332,17,,,0,71,,136333,17,,,0,25,,136334,17,,,0,30,,136335,17,,,0,67,,136336,17,,,0
684101,'1',338,,155626,10,,,0,69,,155625,10,,,0,12,,155624,10,,,0,2007,,155628,10,,,0,30,,155622,10,,,0,75,,155621,10,,,0,70,,155620,10,,,0,30,,155623,10,,,0,75,,155627,10,,,0
684101,'2',334,,155629,10,,,0,70,,155634,10,,,0,32,,155635,10,,,0,66,,155636,10,,,0,29,,155633,10,,,0,1891,,155638,10,,,0,35,,155630,10,,,0,77,,155637,10,,,0,21,,155631,10,,,0,69,,155632,10,,,0,78,,155639,10,,,0
684101,'3',336,,155648,10,,,0,70,,155650,10,,,0,30,,155647,10,,,0,70,,155646,10,,,0,13,,155653,10,,,0,15,,155643,10,,,0,15,,155654,10,,,0,55,,155645,10,,,0,1749,,155651,10,,,0,75,,155652,10,,,0,30,,155640,10,,,0,67,,155641,10,,,0,30,,155642,10,,,0,78,,155644,10,,,0,70,,155649,10,,,0
750900,'1',954,,156227,7,,,0,75,,156228,7,,,0,75,,156229,7,,,0,36,,156230,7,,,0,75,,156231,7,,,0,35,,156232,7,,,0,74,,156233,7,,,0,35,,156234,7,,,0,75,,156235,7,,,0,76,,156236,7,,,0,35,,156237,7,,,0,75,,156238,7,,,0,35,,156239,7,,,0,75,,156240,7,,,0,75,,156241,7,,,0,35,,156242,7,,,0,74,,156243,7,,,0,35,,156244,7,,,0,70,,156245,7,,,0
750900,'2',804,,156246,7,,,0,30,,156247,7,,,0,71,,156248,7,,,0,25,,156249,7,,,0,20,,156250,7,,,0,60,,156251,7,,,0,20,,156252,7,,,0,20,,156253,7,,,0,60,,156254,7,,,0,20,,156255,7,,,0,20,,156256,7,,,0,60,,156257,7,,,0,20,,156258,7,,,0,20,,156259,7,,,0,60,,156260,7,,,0,20,,156261,7,,,0,20,,156262,7,,,0,60,,156263,7,,,0,20,,156264,7,,,0,20,,156265,7,,,0,60,,156266,7,,,0,20,,156267,7,,,0,20,,156268,7,,,0,60,,156269,7,,,0,20,,156270,7,,,0,20,,156271,7,,,0,60,,156272,7,,,0,20,,156273,7,,,0,20,,156274,7,,,0,60,,156275,7,,,0,23,,156276,7,,,0,16,,156277,7,,,0,60,,156278,7,,,0,20,,156279,7,,,0,20,,156280,7,,,0,60,,156281,7,,,0
750900,'3',804,,156282,7,,,0,30,,156283,7,,,0,70,,156284,7,,,0,25,,156285,7,,,0,20,,156286,7,,,0,61,,156287,7,,,0,20,,156288,7,,,0,22,,156289,7,,,0,60,,156290,7,,,0,20,,156291,7,,,0,20,,156292,7,,,0,60,,156293,7,,,0,20,,156294,7,,,0,20,,156295,7,,,0,60,,156296,7,,,0,20,,156297,7,,,0,20,,156298,7,,,0,60,,156299,7,,,0,20,,156300,7,,,0,22,,156301,7,,,0,60,,156302,7,,,0,20,,156303,7,,,0,19,,156304,7,,,0,61,,156305,7,,,0,20,,156306,7,,,0,19,,156307,7,,,0,61,,156308,7,,,0,20,,156309,7,,,0,19,,156310,7,,,0,60,,156311,7,,,0,20,,156312,7,,,0,20,,156313,7,,,0,60,,156314,7,,,0,20,,156315,7,,,0,20,,156316,7,,,0,60,,156317,7,,,0
