674900,'1',537,,33875,17,,,0,13,,33876,17,,,0,57,,33877,17,,,0,17,,33878,17,,,0,15,,33879,17,,,0,16,,33880,17,,,0,56,,33881,17,,,0,32,,33882,17,,,0,13,,33883,17,0,58 59,0,55,,33884,17,0,58 59,0,15,,33821,17,,,0,14,,33866,17,0,58 59,0,15,,33867,17,,,0,54,,33868,17,0,58 59,0,16,,33869,17,,,0,8,,33870,17,0,60 61 8,0,9,,33871,17,0,58 59,0,11,,33872,17,,,0,55,,33873,17,0,58 59,0,15,,33874,17,,,0,15,,33822,17,0,58 59,0,17,,33847,17,,,0,55,,33848,17,0,58 59,0,15,,33849,17,,,0,15,,33850,17,0,58 59,0,15,,33851,17,,,0,55,,33852,17,0,58 59,0,15,,33853,17,,,0,12,,33854,17,0,58 59,0,18,,33855,17,,,0,55,,33856,17,0,58 59,0,15,,33857,17,,,0,15,,33858,17,0,58 59,0,13,,33859,17,,,0,57,,33860,17,0,60 61 8,0,37,,33861,17,,,0,56,,33862,17,,,0,15,,33863,17,,,0,15,,33864,17,,,0,17,,33865,17,,,0,54,,33813,17,,,0,14,,33819,17,,,0,23,,33841,17,,,0,9,,33823,17,,,0,61,,33812,17,,,0,8,,33842,17,,,0,23,,33843,17,,,0,10,,33844,17,,,0,56,,33845,17,,,0,13,,33846,17,,,0,8,,33820,17,,,0,19,,33814,17,,,0,8,,33824,17,,,0,57,,33825,17,,,0,14,,33836,17,,,0,16,,33837,17,,,0,14,,33838,17,,,0,53,,33839,17,0,60 61 8,0,17,,33840,17,,,0,15,,33818,17,,,0,14,,33815,17,,,0,55,,33828,17,0,60 61 8,0,15,,33829,17,,,0,30,,33830,17,,,0,70,,33831,17,,,0,30,,33816,17,,,0,69,,33833,17,,,0,30,,33827,17,,,0,67,,33832,17,,,0,30,,33817,17,,,0,70,,33835,17,0,58 59,0,29,,33826,17,0,58 59,0,70,,33834,17,0,58 59,0
674900,'101',724,,33885,17,0,62 63 64,0
674900,'2',623,,33889,17,,,0,30,,33890,17,,,0,67,,33891,17,,,0,15,,33892,17,,,0,15,,33893,17,0,58 59,0,55,,33894,17,,,0,10,,33895,17,0,58 59,0,15,,33896,17,,,0,15,,33897,17,0,58 59,0,56,,33898,17,,,0,15,,33899,17,0,58 59,0,16,,33900,17,,,0,15,,33901,17,0,58 59,0,57,,33902,17,,,0,15,,33903,17,0,58 59,0,15,,33904,17,,,0,15,,33905,17,0,58 59,0,57,,33906,17,,,0,15,,33907,17,0,58 59,0,14,,33908,17,,,0,15,,33909,17,0,58 59,0,55,,33910,17,,,0,15,,33911,17,0,58 59,0,17,,33912,17,,,0,15,,33913,17,0,58 59,0,55,,33914,17,,,0,15,,33915,17,0,58 59,0,16,,33916,17,,,0,15,,33917,17,0,58 59,0,53,,33918,17,,,0,15,,33919,17,0,58 59,0,16,,33920,17,,,0,15,,33921,17,0,58 59,0,55,,33922,17,,,0,15,,33923,17,0,58 59,0,17,,33924,17,,,0,13,,33925,17,0,58 59,0,57,,33926,17,,,0,13,,33927,17,0,58 59,0,15,,33928,17,,,0,15,,33929,17,0,58 59,0,55,,33930,17,,,0,15,,33931,17,0,58 59,0,15,,33932,17,,,0,15,,33933,17,0,58 59,0,55,,33934,17,,,0,15,,33935,17,0,58 59,0,12,,33936,17,,,0,15,,33937,17,,,0,55,,33938,17,,,0,20,,33939,17,,,0,20,,33940,17,,,0,60,,33941,17,,,0,19,,33942,17,,,0,20,,33943,17,,,0,60,,33944,17,,,0,23,,33945,17,,,0,30,,33946,17,,,0,70,,33947,17,,,0,30,,33948,17,,,0,68,,33949,17,,,0,30,,33950,17,,,0,70,,33951,17,,,0,30,,33952,17,,,0,68,,33953,17,0,58 59,0,35,,33887,17,0,58 59,0,65,,33888,17,0,58 59,0
674900,'201',723,,33954,17,,,0
674900,'3',629,,33984,17,,,0,72,,33983,17,,,0,23,,33989,17,,,0,29,,33988,17,,,0,55,,34000,17,0,58 59,0,16,,33999,17,,,0,15,,33998,17,0,58 59,0,16,,33997,17,,,0,56,,33996,17,0,58 59,0,15,,33995,17,,,0,14,,34019,17,0,58 59,0,16,,34018,17,,,0,55,,33994,17,0,58 59,0,16,,33993,17,,,0,15,,33992,17,0,58 59,0,15,,33991,17,,,0,50,,33990,17,0,58 59,0,14,,33987,17,,,0,16,,33986,17,0,58 59,0,15,,33985,17,,,0,53,,34011,17,0,58 59,0,19,,33959,17,,,0,15,,33958,17,0,58 59,0,15,,33957,17,,,0,55,,33956,17,0,58 59,0,15,,33955,17,,,0,17,,34017,17,0,58 59,0,7,,34016,17,,,0,63,,34015,17,0,58 59,0,15,,34014,17,,,0,15,,34013,17,0,58 59,0,15,,34012,17,,,0,55,,34010,17,0,58 59,0,14,,34009,17,,,0,14,,34008,17,0,58 59,0,16,,34007,17,,,0,45,,34006,17,0,58 59,0,25,,34005,17,,,0,15,,34004,17,0,58 59,0,14,,34003,17,,,0,55,,34002,17,0,58 59,0,14,,34001,17,,,0,15,,33972,17,0,58 59,0,15,,33982,17,,,0,55,,33981,17,0,58 59,0,20,,33980,17,,,0,14,,33979,17,0,58 59,0,16,,33978,17,,,0,54,,33977,17,0,58 59,0,16,,33976,17,,,0,15,,33975,17,0,58 59,0,13,,33974,17,,,0,55,,33973,17,0,58 59,0,15,,33971,17,,,0,15,,33970,17,0,58 59,0,11,,33969,17,,,0,60,,33968,17,,,0,20,,33967,17,,,0,71,,33966,17,,,0,31,,33965,17,,,0,70,,33964,17,,,0,28,,33963,17,,,0,70,,33962,17,,,0,30,,33961,17,,,0,102,,33960,17,0,58 59,0
674900,'701',1433,,34020,17,0,62 63 64,0
674900,'801',1428,,34021,17,,,0
722400,'1',551,,38826,23,,,0,59,,38824,23,,,0,23,,38801,23,,,0,10,,38799,23,,,0,61,,38827,23,,,0,9,,38831,23,,,0,23,,38825,23,,,0,20,,38822,23,,,0,50,,38828,23,,,0,26,,38821,23,,,0,18,,38820,23,,,0,63,,38832,23,,,0,17,,38817,23,,,0,73,,38816,23,,,0,26,,38814,23,,,0,30,,38813,23,,,0,70,,38812,23,,,0,71,,38811,23,,,0,30,,38810,23,,,0,71,,38809,23,,,0,30,,38815,23,,,0,71,,38808,23,,,0,32,,38823,23,,,0,71,,38819,23,,,0,31,,38829,23,,,0,21,,38818,23,,,0,60,,38807,23,,,0,25,,38830,23,,,0,14,,38806,23,,,0,60,,38798,23,,,0,18,,38796,23,,,0,14,,38833,23,,,0,55,,38805,23,,,0,22,,38804,23,,,0,31,,38803,23,,,0,61,,38802,23,,,0,19,,38797,23,,,0,20,,38800,23,,,0,75,,38837,23,,,0
3454000,'1',534,,50082,6,,,0,70,,50083,6,,,0,30,,50084,6,,,0,70,,50085,6,,,0,31,,50086,6,,,0,70,,50087,6,,,0,30,,50088,6,,,0,80,,50089,6,,,0,40,,50090,6,,,0,81,,50091,6,,,0,80,,50092,6,,,0,40,,50093,6,,,0,81,,50094,6,,,0,80,,50095,6,,,0,40,,50096,6,,,0,82,,50097,6,,,0,82,,50098,6,,,0,26,,50099,6,,,0,70,,50100,6,,,0,40,,50101,6,,,0,70,,50102,6,,,0,30,,50103,6,,,0,80,,50104,6,,,0,90,,50105,6,,,0,80,,50106,6,,,0,40,,50107,6,,,0,80,,50108,6,,,0,80,,50109,6,,,0
3454000,'2',856,,50110,6,,,0,85,,50111,6,,,0,85,,50112,6,,,0,85,,50113,6,,,0,47,,50114,6,,,0,85,,50115,6,,,0,83,,50116,6,,,0,85,,50117,6,,,0,45,,50118,6,,,0,85,,50119,6,,,0,87,,50120,6,,,0,85,,50121,6,,,0,43,,50122,6,,,0,85,,50123,6,,,0,85,,50124,6,,,0,85,,50125,6,,,0,45,,50126,6,,,0,85,,50127,6,,,0,85,,50128,6,,,0
3454000,'3',856,,50129,6,,,0,85,,50130,6,,,0,85,,50131,6,,,0,85,,50132,6,,,0,45,,50133,6,,,0,85,,50134,6,,,0,85,,50135,6,,,0,85,,50136,6,,,0,45,,50137,6,,,0,85,,50138,6,,,0,85,,50139,6,,,0,85,,50140,6,,,0,45,,50141,6,,,0,85,,50142,6,,,0,85,,50143,6,,,0,85,,50144,6,,,0,45,,50145,6,,,0,85,,50146,6,,,0,85,,50147,6,,,0
