666600,'1',552,,135806,24,,,0,81,,135805,45,,,0,69,,135788,45,,,0,27,,135804,45,,,0,25,,135803,45,,,0,63,,135802,42,,,0,87,,135801,42,,,0,29,,135800,42,,,0,70,,135799,42,,,0,30,,135798,42,,,0,71,,135784,42,,,0,30,,135783,42,,,0,70,,135782,42,,,0,30,,135797,42,,,0,71,,135781,42,,,0,29,,135796,42,,,0,71,,135795,42,,,0,31,,135794,42,,,0,73,,135793,42,,,0,35,,135780,42,,,0,70,,135779,42,,,0,21,,135809,42,,,0,15,,135770,42,,,0,72,,135808,42,,,0,16,,135792,42,,,0,14,,135769,42,,,0,55,,135791,42,,,0,11,,135790,42,,,0,15,,135789,42,,,0,14,,135768,42,,,0,55,,135787,42,,,0,16,,135778,42,,,0,30,,135786,42,,,0,70,,135785,42,,,0,30,,135771,42,,,0,69,,135772,42,,,0,28,,135810,42,,,0,70,,135773,42,,,0,40,,135774,42,,,0,84,,135775,42,,,0,84,,135776,42,,,0,90,,135777,42,,,0,42,,135807,42,,,0
666600,'101',830,,135767,46,,,0,5,,135765,46,,,0,873,,135766,42,,,0
666600,'2',725,,135814,42,,,0,32,,135815,42,,,0,69,,135816,42,,,0,30,,135817,42,,,0,74,,135818,42,,,0,71,,135819,42,,,0,30,,135820,42,,,0,72,,135821,42,,,0,29,,135822,42,,,0,70,,135823,42,,,0,32,,135824,42,,,0,70,,135825,42,,,0,30,,135826,42,,,0,70,,135827,42,,,0,30,,135828,42,,,0,70,,135829,42,,,0,30,,135830,42,,,0,70,,135831,42,,,0,29,,135832,42,,,0,70,,135833,42,,,0,30,,135834,42,,,0,70,,135835,42,,,0,29,,135836,42,,,0,68,,135837,42,,,0,29,,135838,42,,,0,30,,135839,42,,,0,68,,135847,42,,,0,32,,135840,42,,,0,70,,135848,42,,,0,28,,135841,42,,,0,99,,135842,42,,,0,98,,135843,42,,,0,100,,135844,42,,,0,100,,135845,42,,,0,74,,135846,42,,,0
666600,'201',829,,135813,42,,,0,5,,135811,42,,,0,874,,135812,42,,,0
666600,'3',741,,135865,42,,,0,96,,135866,42,,,0,100,,135849,42,,,0,70,,135874,42,,,0,31,,135850,42,,,0,70,,135875,42,,,0,30,,135851,42,,,0,71,,135867,42,,,0,32,,135852,42,,,0,70,,135868,42,,,0,30,,135853,42,,,0,70,,135869,42,,,0,29,,135854,42,,,0,71,,135870,42,,,0,29,,135855,42,,,0,70,,135871,42,,,0,30,,135856,42,,,0,71,,135872,42,,,0,29,,135857,42,,,0,71,,135873,42,,,0,28,,135858,42,,,0,68,,135876,42,,,0,31,,135859,42,,,0,68,,135877,42,,,0,30,,135860,42,,,0,68,,135878,42,,,0,32,,135861,42,,,0,97,,135862,42,,,0,100,,135863,42,,,0,109,,135864,42,,,0
666701,'1',439,,136215,7,,,0,18,,136255,7,,,0,62,,136188,7,,,0,20,,136189,7,,,0,20,,136190,7,,,0,56,,136191,7,,,0,11,,136192,7,,,0,8,,136193,7,,,0,9,,136194,7,,,0,14,,136259,7,,,0,53,,136260,7,,,0,17,,136195,7,,,0,11,,136196,7,,,0,19,,136197,7,,,0,73,,136198,7,,,0,15,,136199,7,,,0,56,,136200,7,,,0,14,,136258,7,,,0,17,,136216,7,,,0,13,,136217,7,,,0,14,,136254,7,,,0,55,,136201,7,,,0,15,,136202,7,,,0,15,,136203,7,,,0,15,,136204,7,,,0,54,,136205,7,,,0,16,,136206,7,,,0,15,,136207,7,,,0,57,,136257,7,,,0,15,,136218,7,,,0,15,,136219,7,,,0,15,,136253,7,,,0,55,,136208,7,,,0,15,,136209,7,,,0,14,,136210,7,,,0,15,,136211,7,,,0,56,,136212,7,,,0,16,,136213,7,,,0,14,,136214,7,,,0,15,,136256,7,,,0,55,,136220,7,,,0,13,,136221,7,,,0,15,,136252,7,,,0,15,,136222,7,,,0,15,,136223,7,,,0,55,,136224,7,,,0,14,,136225,7,,,0,14,,136226,7,,,0,15,,136227,7,,,0,51,,136228,7,,,0,20,,136229,7,,,0,15,,136251,7,,,0,15,,136236,7,,,0,55,,136248,7,,,0,16,,136249,7,,,0,15,,136230,7,,,0,15,,136231,7,,,0,55,,136232,7,,,0,15,,136233,7,,,0,15,,136234,7,,,0,15,,136235,7,,,0,55,,136250,7,,,0,20,,136237,7,,,0,19,,136247,7,,,0,59,,136238,7,,,0,27,,136239,7,,,0,73,,136240,7,,,0,32,,136241,7,,,0,72,,136242,7,,,0,30,,136243,7,,,0,68,,136244,7,,,0,30,,136245,7,,,0,70,,136246,7,,,0
666701,'101',814,,136187,7,,,0
666701,'2',548,,136270,7,,,0,69,,136271,7,,,0,20,,136288,7,,,0,21,,136289,7,,,0,59,,136285,7,,,0,15,,136290,7,,,0,16,,136291,7,,,0,54,,136292,7,,,0,15,,136293,7,,,0,11,,136294,7,,,0,8,,136262,7,,,0,12,,136295,7,,,0,55,,136296,7,,,0,14,,136297,7,,,0,13,,136298,7,,,0,16,,136299,7,,,0,56,,136300,7,,,0,16,,136301,7,,,0,15,,136302,7,,,0,15,,136303,7,,,0,11,,136305,7,,,0,55,,136306,7,,,0,16,,136307,7,,,0,15,,136304,7,,,0,57,,136308,7,,,0,14,,136284,7,,,0,13,,136309,7,,,0,16,,136310,7,,,0,14,,136311,7,,,0,55,,136313,7,,,0,15,,136314,7,,,0,15,,136315,7,,,0,57,,136316,7,,,0,15,,136317,7,,,0,17,,136318,7,,,0,15,,136319,7,,,0,56,,136320,7,,,0,16,,136321,7,,,0,13,,136322,7,,,0,15,,136323,7,,,0,55,,136324,7,,,0,15,,136325,7,,,0,14,,136326,7,,,0,15,,136327,7,,,0,55,,136328,7,,,0,15,,136263,7,,,0,15,,136264,7,,,0,24,,136265,7,,,0,54,,136266,7,,,0,12,,136287,7,,,0,14,,136267,7,,,0,15,,136268,7,,,0,55,,136286,7,,,0,14,,136269,7,,,0,17,,136273,7,,,0,20,,136272,7,,,0,59,,136274,7,,,0,22,,136275,7,,,0,72,,136312,7,,,0,33,,136276,7,,,0,72,,136277,7,,,0,35,,136278,7,,,0,68,,136279,7,,,0,29,,136280,7,,,0,73,,136281,7,,,0,30,,136282,7,,,0,66,,136283,7,,,0
666701,'201',814,,136261,7,,,0
666701,'3',658,,136344,7,,,0,60,,136345,7,,,0,17,,136330,7,,,0,16,,136346,7,,,0,55,,136347,7,,,0,14,,136343,7,,,0,12,,136329,7,,,0,13,,136348,7,,,0,12,,136349,7,,,0,52,,136350,7,,,0,12,,136351,7,,,0,7,,136352,7,,,0,19,,136353,7,,,0,55,,136354,7,,,0,15,,136355,7,,,0,13,,136356,7,,,0,17,,136357,7,,,0,55,,136358,7,,,0,15,,136359,7,,,0,15,,136338,7,,,0,15,,136339,7,,,0,59,,136340,7,,,0,14,,136360,7,,,0,13,,136361,7,,,0,15,,136362,7,,,0,54,,136363,7,,,0,15,,136364,7,,,0,15,,136365,7,,,0,14,,136366,7,,,0,57,,136367,7,,,0,16,,136368,7,,,0,15,,136369,7,,,0,16,,136337,7,,,0,54,,136370,7,,,0,14,,136371,7,,,0,16,,136372,7,,,0,15,,136373,7,,,0,54,,136374,7,,,0,13,,136375,7,,,0,18,,136376,7,,,0,13,,136377,7,,,0,56,,136378,7,,,0,15,,136379,7,,,0,15,,136380,7,,,0,16,,136381,7,,,0,56,,136382,7,,,0,15,,136342,7,,,0,16,,136383,7,,,0,12,,136384,7,,,0,55,,136341,7,,,0,15,,136385,7,,,0,15,,136386,7,,,0,21,,136387,7,,,0,61,,136388,7,,,0,26,,136389,7,,,0,73,,136390,7,,,0,29,,136331,7,,,0,75,,136332,7,,,0,31,,136333,7,,,0,66,,136334,7,,,0,30,,136335,7,,,0,69,,136336,7,,,0
674901,'1',428,,150994,36,,,0,31,,151023,36,,,0,62,,151024,50,,,0,31,,151025,50,,,0,49,,151026,36,,,0,24,,150983,50,,,0,9,,151027,36,,,0,22,,151028,50,,,0,51,,151029,50,,,0,20,,151030,50,,,0,8,,150990,50,,,0,22,,151031,50,,,0,50,,151032,50,,,0,19,,151033,50,,,0,17,,151034,50,,,0,14,,151035,36,,,0,58,,151036,50,,,0,15,,151037,50,,,0,15,,151038,36,,,0,14,,150991,50,,,0,55,,151039,36,,,0,15,,151040,50,,,0,15,,151041,36,,,0,15,,151042,50,,,0,56,,151043,36,,,0,15,,151044,50,,,0,8,,151045,37,,,0,18,,151046,50,,,0,58,,151047,36,,,0,16,,151048,50,,,0,14,,151049,36,,,0,15,,151050,50,,,0,55,,151051,36,,,0,15,,151052,50,,,0,15,,151053,36,,,0,58,,151054,50,,,0,16,,151055,36,,,0,15,,151056,50,,,0,17,,151012,36,,,0,54,,151013,50,,,0,19,,150989,50,,,0,27,,151014,50,,,0,67,,151015,50,,,0,17,,151016,50,,,0,7,,151017,37,,,0,5,,151018,50,,,0,58,,151019,50,,,0,14,,151020,50,,,0,15,,151021,50,,,0,14,,151022,50,,,0,54,,150985,50,,,0,12,,150988,50,,,0,13,,151010,50,,,0,13,,150997,50,,,0,14,,150998,50,,,0,56,,150999,50,,,0,12,,151000,50,,,0,15,,151001,50,,,0,15,,151002,50,,,0,55,,150992,50,,,0,17,,150984,50,,,0,14,,150996,50,,,0,15,,151003,50,,,0,70,,151004,50,,,0,28,,151005,50,,,0,56,,151006,37,,,0,17,,150986,50,,,0,20,,151011,50,,,0,59,,150995,37,,,0,21,,151007,50,,,0,21,,151008,50,,,0,70,,150987,50,,,0,29,,151009,50,,,0,70,,150993,50,,,0,29,,151057,50,,,0
674901,'101',1606,,150981,36,,,0,5,,150980,50,,,0
674901,'2',554,,151060,50,,,0,70,,151061,36,,,0,26,,151062,50,,,0,66,,151063,36,,,0,20,,151064,50,,,0,15,,151065,36,,,0,55,,151066,50,,,0,13,,151067,36,,,0,16,,151068,50,,,0,16,,151069,36,,,0,55,,151070,50,,,0,15,,151071,36,,,0,18,,151072,50,,,0,15,,151073,36,,,0,59,,151074,50,,,0,15,,151075,36,,,0,15,,151076,50,,,0,15,,151077,36,,,0,54,,151078,50,,,0,15,,151079,36,,,0,17,,151080,50,,,0,15,,151081,36,,,0,53,,151082,50,,,0,19,,151083,36,,,0,14,,151084,50,,,0,55,,151085,36,,,0,15,,151086,50,,,0,15,,151087,36,,,0,16,,151088,50,,,0,55,,151089,36,,,0,15,,151090,50,,,0,15,,151091,36,,,0,15,,151092,50,,,0,55,,151093,36,,,0,18,,151094,50,,,0,15,,151095,36,,,0,15,,151096,50,,,0,51,,151097,36,,,0,14,,151098,50,,,0,15,,151099,36,,,0,15,,151100,50,,,0,60,,151101,36,,,0,15,,151102,50,,,0,15,,151103,36,,,0,15,,151104,50,,,0,54,,151105,36,,,0,13,,151106,50,,,0,15,,151107,36,,,0,15,,151108,50,,,0,55,,151109,36,,,0,14,,151110,50,,,0,11,,151111,36,,,0,18,,151112,50,,,0,15,,151113,50,,,0,54,,151114,50,,,0,15,,151115,50,,,0,23,,151116,50,,,0,70,,151117,50,,,0,29,,151118,50,,,0,70,,151119,50,,,0,26,,151120,50,,,0,70,,151121,50,,,0,28,,151122,50,,,0,70,,151123,50,,,0,30,,151124,50,,,0,70,,151125,50,,,0,26,,151126,50,,,0
674901,'201',1606,,151059,36,,,0,5,,151058,50,,,0
674901,'3',648,,151160,36,,,0,71,,151152,36,,,0,30,,151151,50,,,0,71,,151150,50,,,0,14,,151149,36,,,0,15,,151148,50,,,0,55,,151185,36,,,0,16,,151184,50,,,0,16,,151183,36,,,0,15,,151182,50,,,0,58,,151181,36,,,0,15,,151180,50,,,0,18,,151179,36,,,0,14,,151178,50,,,0,56,,151135,36,,,0,15,,151134,50,,,0,18,,151177,36,,,0,13,,151176,50,,,0,54,,151175,36,,,0,15,,151174,50,,,0,15,,151173,36,,,0,15,,151172,50,,,0,52,,151171,36,,,0,18,,151170,50,,,0,15,,151169,36,,,0,16,,151168,50,,,0,56,,151167,36,,,0,14,,151166,50,,,0,16,,151147,36,,,0,14,,151146,50,,,0,57,,151145,36,,,0,5,,151144,50,,,0,22,,151143,36,,,0,14,,151142,50,,,0,57,,151141,36,,,0,13,,151140,50,,,0,17,,151139,36,,,0,13,,151138,50,,,0,55,,151137,36,,,0,15,,151159,50,,,0,12,,151158,36,,,0,14,,151157,50,,,0,54,,151156,36,,,0,17,,151155,50,,,0,14,,151154,36,,,0,16,,151153,50,,,0,55,,151136,36,,,0,15,,151133,50,,,0,16,,151132,36,,,0,14,,151131,50,,,0,55,,151129,36,,,0,14,,151130,50,,,0,17,,151128,36,,,0,15,,151127,50,,,0,55,,151189,36,,,0,20,,151188,50,,,0,28,,151165,50,,,0,70,,151187,50,,,0,30,,151186,50,,,0,70,,151161,50,,,0,30,,151162,50,,,0,71,,151163,50,,,0,27,,151190,50,,,0,69,,151164,50,,,0
3003701,'1',527,,161706,11,,,0,31,,161707,11,,,0,68,,161708,11,,,0,25,,161705,11,,,0,5,,161709,11,,,0,63,,161704,11,,,0,8,,161710,11,,,0,24,,161703,11,,,0,60,,161697,11,,,0,19,,161711,11,,,0,74,,161712,11,,,0,29,,161713,11,,,0,70,,161714,11,,,0,28,,161715,11,,,0,72,,161716,11,,,0,29,,161717,11,,,0,26,,161718,11,,,0,76,,161719,11,,,0,70,,161720,11,,,0,30,,161721,11,,,0,71,,161722,11,,,0,29,,161723,11,,,0,74,,161724,11,,,0,33,,161725,11,,,0,68,,161726,11,,,0,10,,161741,11,,,0,10,,161742,11,,,0,10,,161727,11,,,0,20,,161740,11,,,0,55,,161728,11,,,0,4,,161702,11,,,0,20,,161729,11,,,0,5,,161701,11,,,0,65,,161730,11,,,0,3,,161700,11,,,0,16,,161696,11,,,0,17,,161731,11,,,0,3,,161699,11,,,0,68,,161732,11,,,0,18,,161733,11,,,0,6,,161698,11,,,0,75,,161734,11,,,0,96,,161735,11,,,0,99,,161736,11,,,0,99,,161737,11,,,0,101,,161738,11,,,0,95,,161739,11,,,0
3003701,'101',755,,161695,11,,,0,99,,161694,11,,,0,685,,161693,11,,,0
3003701,'2',654,,161747,11,,,0,71,,161762,11,,,0,30,,161748,11,,,0,70,,161769,11,,,0,33,,161749,11,,,0,70,,161770,11,,,0,72,,161750,11,,,0,31,,161763,11,,,0,69,,161751,11,,,0,32,,161764,11,,,0,72,,161752,11,,,0,30,,161765,11,,,0,73,,161753,11,,,0,30,,161766,11,,,0,70,,161754,11,,,0,30,,161767,11,,,0,70,,161755,11,,,0,29,,161768,11,,,0,70,,161774,11,,,0,30,,161771,11,,,0,69,,161756,11,,,0,28,,161772,11,,,0,70,,161744,11,,,0,29,,161773,11,,,0,70,,161745,11,,,0,104,,161746,11,,,0,98,,161757,11,,,0,98,,161758,11,,,0,98,,161759,11,,,0,100,,161760,11,,,0,58,,161761,11,,,0
3003701,'201',755,,161743,11,,,0
3003701,'3',700,,161788,11,,,0,101,,161790,11,,,0,102,,161791,11,,,0,104,,161792,11,,,0,101,,161789,11,,,0,30,,161793,11,,,0,70,,161775,11,,,0,30,,161794,11,,,0,72,,161776,11,,,0,32,,161795,11,,,0,70,,161777,11,,,0,30,,161796,11,,,0,70,,161778,11,,,0,27,,161797,11,,,0,70,,161779,11,,,0,30,,161798,11,,,0,70,,161780,11,,,0,30,,161799,11,,,0,19,,161801,11,,,0,60,,161781,11,,,0,20,,161800,11,,,0,68,,161782,11,,,0,100,,161783,11,,,0,99,,161784,11,,,0,98,,161785,11,,,0,98,,161786,11,,,0,99,,161787,11,,,0
3003801,'1',527,,161921,26,,,0,31,,161922,26,,,0,61,,161916,26,,,0,9,,161923,26,,,0,20,,161915,26,,,0,6,,161924,26,,,0,66,,161958,26,,,0,5,,161925,26,,,0,16,,161953,26,,,0,15,,161926,26,,,0,55,,161951,26,,,0,15,,161927,26,,,0,21,,161928,26,,,0,70,,161929,26,,,0,25,,161930,26,,,0,75,,161931,26,,,0,30,,161943,26,,,0,71,,161935,26,,,0,30,,161936,26,,,0,71,,161937,26,,,0,30,,161938,26,,,0,70,,161939,26,,,0,31,,161940,26,,,0,69,,161941,26,,,0,30,,161942,26,,,0,68,,161944,26,,,0,36,,161945,26,,,0,65,,161946,26,,,0,25,,161917,26,,,0,65,,161947,26,,,0,3,,161957,26,,,0,25,,161948,26,,,0,5,,161956,26,,,0,62,,161949,26,,,0,5,,161955,26,,,0,19,,161952,26,,,0,21,,161954,26,,,0,64,,161950,26,,,0,25,,161918,26,,,0,98,,161919,26,,,0,99,,161920,26,,,0,99,,161932,26,,,0,95,,161933,26,,,0,98,,161934,26,,,0
3003801,'101',857,,161914,26,,,0,598,,161912,26,,,0,60,,161911,26,,,0,43,,161913,26,,,0
3003801,'2',741,,161968,26,,,0,70,,161985,26,,,0,31,,161969,26,,,0,71,,161987,26,,,0,31,,161970,26,,,0,73,,161977,26,,,0,30,,161971,26,,,0,71,,161959,26,,,0,31,,161972,26,,,0,70,,161960,26,,,0,30,,161973,26,,,0,70,,161961,26,,,0,30,,161974,26,,,0,70,,161962,26,,,0,31,,161975,26,,,0,70,,161963,26,,,0,30,,161976,26,,,0,69,,161964,26,,,0,30,,161978,26,,,0,69,,161965,26,,,0,30,,161979,26,,,0,69,,161966,26,,,0,28,,161980,26,,,0,65,,161967,26,,,0,23,,161981,26,,,0,100,,161982,26,,,0,100,,161983,26,,,0,100,,161984,26,,,0,96,,161986,26,,,0,100,,161988,26,,,0
3003801,'3',731,,161992,26,,,0,100,,161993,26,,,0,103,,161994,26,,,0,102,,161995,26,,,0,100,,161996,26,,,0,71,,162007,26,,,0,30,,161997,26,,,0,70,,162008,26,,,0,30,,161999,26,,,0,71,,162009,26,,,0,30,,161998,26,,,0,70,,162010,26,,,0,30,,161990,26,,,0,70,,162011,26,,,0,30,,161991,26,,,0,70,,162012,26,,,0,30,,162000,26,,,0,70,,162013,26,,,0,29,,162001,26,,,0,99,,162002,26,,,0,99,,162003,26,,,0,99,,162004,26,,,0,100,,162005,26,,,0,94,,162006,26,,,0,99,,161989,26,,,0
