666401,'1_merged_15529678',615,,77071,46,,,0,33,,77072,46,,,0,68,,77054,46,,,0,34,,77087,46,,,0,75,,77055,46,,,0,28,,77056,46,,,0,74,,77057,46,,,0,26,,77058,46,,,0,68,,77060,46,,,0,30,,77061,46,,,0,70,,77062,46,,,0,31,,77063,46,,,0,70,,77065,46,,,0,31,,77064,46,,,0,70,,77059,46,,,0,30,,77066,46,,,0,70,,77067,46,,,0,31,,77073,46,,,0,70,,77074,46,,,0,30,,77077,46,,,0,70,,77075,46,,,0,30,,77076,46,,,0,70,,77068,46,,,0,29,,77078,46,,,0,70,,77079,46,,,0,32,,77080,46,,,0,73,,77081,46,,,0,29,,77082,46,,,0,73,,77083,46,,,0,24,,77084,46,,,0,86,,77090,46,,,0,80,,77069,46,,,0,80,,77089,46,,,0,39,,77070,46,,,0,80,,77085,46,,,0,40,,77088,46,,,0,80,,77086,46,,,0
666401,'2_merged_15529680',552,,77091,46,,,0,70,,77092,46,,,0,30,,77093,46,,,0,72,,77094,46,,,0,32,,77095,46,,,0,72,,77096,46,,,0,30,,77097,46,,,0,70,,77098,46,,,0,72,,77099,46,,,0,30,,77100,46,,,0,70,,77101,46,,,0,29,,77102,46,,,0,29,,77103,46,,,0,70,,77104,46,,,0,72,,77105,46,,,0,30,,77106,46,,,0,70,,77107,46,,,0,30,,77108,46,,,0,70,,77109,46,,,0,31,,77110,46,,,0,72,,77111,46,,,0,29,,77112,46,,,0,68,,77113,46,,,0,30,,77114,46,,,0,70,,77115,46,,,0,30,,77116,46,,,0,71,,77117,46,,,0,29,,77118,46,,,0,28,,77119,46,,,0,69,,77120,46,,,0,30,,77121,46,,,0,100,,77122,46,,,0,98,,77123,46,,,0,100,,77124,46,,,0,185,,77125,46,,,0
666401,'3_merged_15529679',658,,77133,46,,,0,100,,77134,46,,,0,143,,77135,46,,,0,46,,77136,46,,,0,101,,77137,46,,,0,100,,77138,46,,,0,68,,77151,46,,,0,32,,77139,46,,,0,70,,77145,46,,,0,32,,77140,46,,,0,70,,77146,46,,,0,31,,77141,46,,,0,65,,77147,46,,,0,35,,77142,46,,,0,67,,77148,46,,,0,33,,77132,46,,,0,67,,77149,46,,,0,33,,77143,46,,,0,67,,77150,46,,,0,32,,77144,46,,,0,98,,77129,46,,,0,100,,77126,46,,,0,98,,77131,46,,,0,101,,77127,46,,,0,175,,77128,46,,,0,115,,77130,46,,,0
666501,'1_merged_15529678',547,,77268,3,,,0,71,,77267,3,,,0,30,,77266,3,,,0,66,,77265,3,,,0,30,,77264,3,,,0,71,,77284,3,,,0,30,,77263,3,,,0,70,,77272,3,,,0,30,,77283,3,,,0,70,,77299,3,,,0,30,,77298,3,,,0,70,,77297,3,,,0,30,,77295,3,,,0,70,,77282,3,,,0,30,,77281,3,,,0,70,,77280,3,,,0,30,,77294,3,,,0,70,,77279,3,,,0,34,,77293,3,,,0,67,,77292,3,,,0,30,,77291,3,,,0,71,,77290,3,,,0,29,,77296,3,,,0,70,,77278,3,,,0,28,,77289,3,,,0,72,,77288,3,,,0,29,,77269,3,,,0,70,,77287,3,,,0,30,,77286,3,,,0,70,,77270,3,,,0,29,,77276,3,,,0,70,,77285,3,,,0,30,,77275,3,,,0,70,,77277,3,,,0,30,,77274,3,,,0,63,,77273,3,,,0,35,,77271,3,,,0
666501,'2_merged_15529680',547,,77323,3,,,0,75,,77302,3,,,0,30,,77303,3,,,0,70,,77320,3,,,0,30,,77330,3,,,0,70,,77329,3,,,0,30,,77305,3,,,0,71,,77306,3,,,0,30,,77307,3,,,0,70,,77309,3,,,0,30,,77310,3,,,0,70,,77311,3,,,0,30,,77319,3,,,0,70,,77321,3,,,0,30,,77324,3,,,0,70,,77318,3,,,0,31,,77312,3,,,0,70,,77315,3,,,0,24,,77316,3,,,0,60,,77333,3,,,0,20,,77317,3,,,0,20,,77308,3,,,0,60,,77334,3,,,0,20,,77314,3,,,0,20,,77326,3,,,0,60,,77335,3,,,0,20,,77327,3,,,0,20,,77328,3,,,0,60,,77336,3,,,0,20,,77304,3,,,0,20,,77331,3,,,0,75,,77313,3,,,0,29,,77332,3,,,0,80,,77325,3,,,0,70,,77337,3,,,0,30,,77300,3,,,0,100,,77301,3,,,0,100,,77322,3,,,0
666501,'3_merged_15529679',622,,77358,3,,,0,35,,77357,3,,,0,70,,77340,3,,,0,30,,77363,3,,,0,70,,77364,3,,,0,30,,77355,3,,,0,71,,77354,3,,,0,30,,77353,3,,,0,70,,77351,3,,,0,30,,77350,3,,,0,70,,77349,3,,,0,30,,77341,3,,,0,70,,77339,3,,,0,30,,77366,3,,,0,70,,77342,3,,,0,30,,77348,3,,,0,70,,77345,3,,,0,20,,77370,3,,,0,60,,77344,3,,,0,20,,77343,3,,,0,20,,77371,3,,,0,60,,77352,3,,,0,20,,77346,3,,,0,20,,77372,3,,,0,60,,77368,3,,,0,20,,77367,3,,,0,20,,77373,3,,,0,60,,77365,3,,,0,20,,77356,3,,,0,75,,77362,3,,,0,25,,77347,3,,,0,30,,77361,3,,,0,69,,77374,3,,,0,31,,77369,3,,,0,70,,77375,3,,,0,25,,77360,3,,,0,95,,77359,3,,,0,105,,77338,3,,,0
684101,'1_merged_15529678',354,,97102,29,,,0,69,,97101,29,,,0,12,,97100,29,,,0,2005,,97104,29,,,0,70,,97098,29,,,0,35,,97097,29,,,0,70,,97096,29,,,0,30,,97099,29,,,0,75,,97103,29,,,0
684101,'2_merged_15529680',350,,97105,29,,,0,70,,97110,29,,,0,31,,97111,29,,,0,68,,97112,29,,,0,28,,97109,29,,,0,1890,,97114,29,,,0,75,,97106,29,,,0,37,,97113,29,,,0,61,,97107,29,,,0,29,,97108,29,,,0,78,,97115,29,,,0
684101,'3_merged_15529679',351,,97124,29,,,0,70,,97126,29,,,0,28,,97123,29,,,0,70,,97122,29,,,0,15,,97129,29,,,0,15,,97119,29,,,0,55,,97130,29,,,0,16,,97121,29,,,0,1789,,97127,29,,,0,34,,97128,29,,,0,70,,97116,29,,,0,27,,97117,29,,,0,70,,97118,29,,,0,38,,97120,29,,,0,70,,97125,29,,,0
3004301,'101_merged_15529685',1541,,103807,23,,,0
3004301,'1_merged_15529678',501,,103850,28,,,0,19,,103849,28,,,0,21,,103848,28,,,0,61,,103847,28,,,0,18,,103862,28,,,0,17,,103861,28,,,0,14,,103860,28,,,0,54,,103859,28,,,0,18,,103858,28,,,0,19,,103857,28,,,0,13,,103856,28,,,0,56,,103855,28,,,0,17,,103854,28,,,0,17,,103853,28,,,0,55,,103852,28,,,0,17,,103851,28,,,0,16,,103828,28,,,0,14,,103827,28,,,0,53,,103872,28,,,0,19,,103826,28,,,0,12,,103871,28,,,0,15,,103825,28,,,0,55,,103870,28,,,0,15,,103824,28,,,0,16,,103869,28,,,0,15,,103823,28,,,0,55,,103868,28,,,0,15,,103822,28,,,0,15,,103867,28,,,0,15,,103809,28,,,0,55,,103866,28,,,0,15,,103821,28,,,0,15,,103865,28,,,0,15,,103820,28,,,0,55,,103864,28,,,0,15,,103846,28,,,0,15,,103863,28,,,0,25,,103845,28,,,0,67,,103844,28,,,0,19,,103843,28,,,0,16,,103842,28,,,0,52,,103841,28,,,0,16,,103840,28,,,0,16,,103839,28,,,0,15,,103838,28,,,0,54,,103837,28,,,0,15,,103836,28,,,0,19,,103835,28,,,0,10,,103834,28,,,0,55,,103833,28,,,0,14,,103832,28,,,0,15,,103831,28,,,0,17,,103830,28,,,0,53,,103829,28,,,0,12,,103819,28,,,0,19,,103818,28,,,0,60,,103873,28,,,0,19,,103817,28,,,0,20,,103816,28,,,0,60,,103874,28,,,0,19,,103815,28,,,0,30,,103814,28,,,0,70,,103808,28,,,0,30,,103813,28,,,0,70,,103812,28,,,0,30,,103811,28,,,0,70,,103810,28,,,0
3004301,'2_merged_15529680',622,,103876,28,,,0,30,,103907,28,,,0,72,,103906,28,,,0,30,,103905,28,,,0,71,,103904,28,,,0,30,,103903,28,,,0,70,,103902,28,,,0,32,,103901,28,,,0,71,,103900,28,,,0,18,,103899,28,,,0,61,,103909,28,,,0,21,,103898,28,,,0,19,,103897,28,,,0,59,,103910,28,,,0,20,,103896,28,,,0,20,,103895,28,,,0,61,,103911,28,,,0,20,,103894,28,,,0,20,,103893,28,,,0,60,,103912,28,,,0,20,,103892,28,,,0,20,,103891,28,,,0,60,,103913,28,,,0,19,,103890,28,,,0,20,,103889,28,,,0,60,,103914,28,,,0,20,,103888,28,,,0,20,,103887,28,,,0,60,,103915,28,,,0,15,,103875,28,,,0,25,,103886,28,,,0,59,,103916,28,,,0,14,,103885,28,,,0,36,,103884,28,,,0,65,,103883,28,,,0,35,,103882,28,,,0,70,,103881,28,,,0,30,,103880,28,,,0,70,,103879,28,,,0,30,,103908,28,,,0,69,,103878,28,,,0,24,,103917,28,,,0,76,,103877,28,,,0
3004301,'3_merged_15529679',724,,103944,28,,,0,30,,103943,28,,,0,71,,103942,28,,,0,30,,103941,28,,,0,69,,103940,28,,,0,31,,103939,28,,,0,72,,103938,28,,,0,20,,103945,28,,,0,60,,103937,28,,,0,21,,103936,28,,,0,19,,103946,28,,,0,55,,103935,28,,,0,22,,103934,28,,,0,20,,103947,28,,,0,61,,103933,28,,,0,20,,103932,28,,,0,20,,103948,28,,,0,61,,103931,28,,,0,18,,103930,28,,,0,20,,103949,28,,,0,58,,103929,28,,,0,20,,103928,28,,,0,21,,103950,28,,,0,60,,103926,28,,,0,20,,103925,28,,,0,20,,103951,28,,,0,59,,103924,28,,,0,20,,103923,28,,,0,25,,103952,28,,,0,60,,103922,28,,,0,30,,103921,28,,,0,70,,103955,28,,,0,30,,103956,28,,,0,70,,103927,28,,,0,28,,103920,28,,,0,20,,103919,28,,,0,78,,103918,28,,,0,70,,103953,28,,,0,30,,103958,28,,,0,70,,103954,28,,,0,29,,103957,28,,,0
