661400,'1',551,,1116,,,0,63,,1065,,,0,14,,1117,,,0,14,,1063,,,0,14,,1088,,,0,55,,1089,,,0,14,,1090,,,0,13,,1091,,,0,15,,1098,,,0,56,,1104,,,0,16,,1118,,,0,16,,1092,,,0,15,,1058,,,0,55,,1059,,,0,15,,1100,,,0,15,,1101,,,0,15,,1102,,,0,55,,1103,,,0,14,,1119,,,0,15,,1120,,,0,15,,1115,,,0,55,,1095,,,0,15,,1060,,,0,15,,1087,,,0,15,,1062,,,0,55,,1096,,,0,14,,1099,,,0,15,,1055,,,0,15,,1056,,,0,55,,1082,,,0,15,,1083,,,0,15,,1084,,,0,15,,1093,,,0,55,,1113,,,0,15,,1114,,,0,16,,1094,,,0,12,,1066,,,0,52,,1067,,,0,12,,1068,,,0,11,,1110,,,0,11,,1069,,,0,12,,1070,,,0,50,,1071,,,0,10,,1073,,,0,10,,1108,,,0,10,,1122,,,0,10,,1097,,,0,10,,1121,,,0,50,,1107,,,0,10,,1109,,,0,10,,1076,,,0,11,,1123,,,0,10,,1111,,,0,11,,1112,,,0,52,,1075,,,0,12,,1085,,,0,13,,1074,,,0,12,,1061,,,0,16,,1106,,,0,60,,1064,,,0,20,,1105,,,0,21,,1072,0,10,0,60,,1086,0,10,0,20,,1057,0,10,0
661400,'152201',2058,,1126,0,10,0,60,,1127,0,10,0,20,,1131,0,10,0,20,,1128,0,10,0,60,,1132,0,10,0,20,,1133,0,10,0,21,,1129,0,10,0,60,,1125,0,10,0,20,,1130,0,10,0,65,,1124,0,10,0
661400,'152301',2058,,1134,0,10,0,60,,1135,0,10,0,20,,1136,0,10,0,20,,1137,0,10,0,60,,1138,0,10,0,20,,1139,0,10,0,21,,1140,0,10,0,60,,1141,0,10,0,20,,1142,0,10,0,65,,1143,0,10,0
661400,'2',543,,1177,,,0,74,,1169,,,0,15,,1160,,,0,20,,1164,,,0,59,,1209,,,0,20,,1181,,,0,20,,1180,,,0,60,,1151,,,0,18,,1193,,,0,15,,1194,,,0,14,,1195,,,0,55,,1196,,,0,14,,1197,,,0,14,,1168,,,0,13,,1185,,,0,54,,1183,,,0,13,,1148,,,0,13,,1149,,,0,13,,1150,,,0,12,,1218,,,0,52,,1171,,,0,12,,1153,,,0,12,,1152,,,0,12,,1201,,,0,11,,1170,,,0,52,,1172,,,0,13,,1211,,,0,12,,1173,,,0,13,,1174,,,0,53,,1202,,,0,13,,1207,,,0,12,,1161,,,0,12,,1212,,,0,12,,1147,,,0,52,,1156,,,0,12,,1157,,,0,12,,1158,,,0,12,,1213,,,0,12,,1198,,,0,52,,1214,,,0,12,,1208,,,0,12,,1167,,,0,12,,1187,,,0,12,,1200,,,0,52,,1215,,,0,12,,1189,,,0,13,,1203,,,0,12,,1175,,,0,12,,1206,,,0,52,,1179,,,0,13,,1216,,,0,12,,1210,,,0,12,,1144,,,0,12,,1145,,,0,53,,1146,,,0,12,,1217,,,0,12,,1220,,,0,13,,1154,,,0,14,,1155,,,0,56,,1188,,,0,21,,1176,,,0,22,,1190,0,10,0,60,,1204,0,10,0,20,,1186,0,10,0,20,,1191,0,10,0,61,,1199,0,10,0,22,,1159,0,10,0,20,,1184,0,10,0,60,,1163,0,10,0,20,,1192,0,10,0,62,,1162,0,10,0,20,,1205,0,10,0,20,,1182,0,10,0,69,,1178,0,10,0
661400,'3',716,,1269,,,0,29,,1256,,,0,70,,1257,,,0,29,,1229,,,0,66,,1261,,,0,19,,1266,,,0,17,,1273,,,0,55,,1245,,,0,15,,1274,,,0,15,,1275,,,0,16,,1272,,,0,56,,1265,,,0,16,,1230,,,0,15,,1264,,,0,16,,1277,,,0,56,,1278,,,0,16,,1279,,,0,16,,1280,,,0,15,,1281,,,0,52,,1228,,,0,12,,1222,,,0,12,,1284,,,0,12,,1235,,,0,12,,1248,,,0,52,,1239,,,0,12,,1249,,,0,12,,1285,,,0,12,,1251,,,0,12,,1234,,,0,52,,1283,,,0,12,,1223,,,0,12,,1286,,,0,12,,1226,,,0,13,,1258,,,0,54,,1259,,,0,15,,1260,,,0,15,,1237,,,0,15,,1252,,,0,55,,1253,,,0,15,,1254,,,0,15,,1255,,,0,16,,1241,,,0,55,,1276,,,0,15,,1227,,,0,15,,1231,,,0,19,,1232,,,0,59,,1233,,,0,19,,1282,,,0,19,,1224,0,10,0,60,,1221,0,10,0,20,,1267,0,10,0,20,,1268,0,10,0,60,,1250,0,10,0,22,,1247,0,10,0,22,,1225,0,10,0,60,,1270,0,10,0,20,,1240,0,10,0,20,,1263,0,10,0,61,,1271,0,10,0,20,,1236,0,10,0,69,,1262,0,10,0
661700,'1',534,,2805,,,0,68,,2806,,,0,18,,2807,,,0,15,,2808,,,0,11,,2809,,,0,12,,2810,,,0,52,,2811,,,0,12,,2812,,,0,12,,2813,,,0,10,,2814,,,0,10,,2815,,,0,50,,2816,,,0,11,,2817,,,0,12,,2818,,,0,13,,2819,,,0,12,,2820,,,0,55,,2821,,,0,15,,2822,,,0,13,,2823,,,0,15,,2824,,,0,55,,2825,,,0,15,,2826,,,0,15,,2827,,,0,15,,2828,,,0,55,,2829,,,0,15,,2830,,,0,15,,2831,,,0,15,,2832,,,0,55,,2833,,,0,15,,2834,,,0,15,,2835,,,0,15,,2836,,,0,56,,2837,,,0,15,,2838,,,0,15,,2839,,,0,15,,2840,,,0,55,,2841,,,0,15,,2842,,,0,12,,2843,,,0,12,,2844,,,0,11,,2845,,,0,52,,2846,,,0,12,,2847,,,0,12,,2848,,,0,12,,2849,,,0,13,,2850,,,0,52,,2851,,,0,12,,2852,,,0,12,,2853,,,0,12,,2854,,,0,13,,2855,,,0,55,,2856,,,0,15,,2857,,,0,20,,2858,,,0,60,,2859,,,0,20,,2860,,,0,20,,2861,,,0,61,,2862,,,0,20,,2863,,,0,21,,2864,,,0,61,,2865,,,0,20,,2866,,,0
661700,'152201',2051,,2868,,,0,60,,2869,,,0,20,,2870,,,0,20,,2871,,,0,60,,2872,,,0,20,,2873,,,0,20,,2874,,,0,63,,2875,,,0,20,,2876,,,0,19,,2877,,,0,65,,2878,,,0,35,,2879,,,0
661700,'152301',2051,,2880,,,0,60,,2881,,,0,20,,2882,,,0,20,,2883,,,0,60,,2884,,,0,20,,2885,,,0,20,,2886,,,0,63,,2887,,,0,20,,2888,,,0,19,,2889,,,0,65,,2890,,,0,35,,2891,,,0
661700,'2',606,,2893,,,0,20,,2894,,,0,20,,2895,,,0,59,,2896,,,0,20,,2897,,,0,21,,2898,,,0,59,,2899,,,0,15,,2900,,,0,15,,2901,,,0,15,,2902,,,0,56,,2903,,,0,15,,2904,,,0,15,,2905,,,0,15,,2906,,,0,54,,2907,,,0,15,,2908,,,0,14,,2909,,,0,15,,2910,,,0,55,,2911,,,0,15,,2912,,,0,15,,2913,,,0,15,,2914,,,0,55,,2915,,,0,15,,2916,,,0,15,,2917,,,0,15,,2918,,,0,56,,2919,,,0,16,,2920,,,0,15,,2921,,,0,16,,2922,,,0,55,,2923,,,0,16,,2924,,,0,15,,2925,,,0,15,,2926,,,0,52,,2927,,,0,12,,2928,,,0,12,,2929,,,0,13,,2930,,,0,13,,2931,,,0,53,,2932,,,0,13,,2933,,,0,12,,2934,,,0,12,,2935,,,0,12,,2936,,,0,53,,2937,,,0,12,,2938,,,0,12,,2939,,,0,12,,2940,,,0,13,,2941,,,0,55,,2942,,,0,15,,2943,,,0,15,,2944,,,0,15,,2945,,,0,54,,2946,,,0,14,,2947,,,0,19,,2948,,,0,62,,2949,,,0,21,,2950,,,0,21,,2951,,,0,61,,2952,,,0,21,,2953,,,0,20,,2954,,,0,60,,2955,,,0,20,,2956,,,0,20,,2957,,,0,59,,2958,,,0,19,,2959,,,0,16,,2960,,,0,76,,2961,,,0,32,,2962,,,0
661700,'3',600,,2963,,,0,30,,2964,,,0,70,,2965,,,0,29,,2966,,,0,72,,2967,,,0,31,,2968,,,0,25,,2969,,,0,62,,2970,,,0,22,,2971,,,0,62,,2972,,,0,22,,2973,,,0,20,,2974,,,0,14,,2975,,,0,55,,2976,,,0,14,,2977,,,0,14,,2978,,,0,15,,2979,,,0,55,,2980,,,0,15,,2981,,,0,15,,2982,,,0,15,,2983,,,0,54,,2984,,,0,14,,2985,,,0,15,,2986,,,0,15,,2987,,,0,55,,2988,,,0,15,,2989,,,0,15,,2990,,,0,15,,2991,,,0,55,,2992,,,0,15,,2993,,,0,15,,2994,,,0,15,,2995,,,0,55,,2996,,,0,15,,2997,,,0,15,,2998,,,0,15,,2999,,,0,55,,3000,,,0,16,,3001,,,0,16,,3002,,,0,17,,3003,,,0,55,,3004,,,0,15,,3005,,,0,20,,3006,,,0,62,,3007,,,0,20,,3008,,,0,20,,3009,,,0,61,,3010,,,0,21,,3011,,,0,22,,3012,,,0,60,,3013,,,0,20,,3014,,,0,20,,3015,,,0,60,,3016,,,0,20,,3017,,,0,20,,3018,,,0,60,,3019,,,0,20,,3020,,,0,19,,3021,,,0,71,,3022,,,0,28,,3023,,,0
1671800,'1',314,,40913,0,10,0,30,,40914,0,10,0,76,,40915,0,10,0,32,,40882,,,0,77,,40884,,,0,6,,40878,,,0,13,,40879,,,0,53,,40885,,,0,13,,40886,,,0,14,,40887,,,0,15,,40888,,,0,14,,40889,,,0,54,,40876,,,0,14,,40877,,,0,13,,40893,,,0,14,,40894,,,0,54,,40895,,,0,13,,40896,,,0,11,,40897,,,0,14,,40898,,,0,14,,40899,,,0,54,,40900,,,0,13,,40901,,,0,14,,40902,,,0,15,,40903,,,0,55,,40904,,,0,15,,40905,,,0,15,,40906,,,0,15,,40907,,,0,55,,40908,,,0,15,,40909,,,0,16,,40910,,,0,16,,40911,,,0,55,,40912,,,0,15,,40890,,,0,15,,40891,,,0,15,,40892,,,0,55,,40869,,,0,15,,40870,,,0,15,,40871,,,0,15,,40841,,,0,55,,40842,,,0,14,,40843,,,0,8,,40844,,,0,8,,40881,,,0,14,,40845,,,0,55,,40846,,,0,15,,40847,,,0,12,,40848,,,0,12,,40849,,,0,10,,40919,,,0,50,,40850,,,0,10,,40851,,,0,10,,40852,,,0,10,,40853,,,0,10,,40854,,,0,51,,40855,,,0,9,,40856,,,0,9,,40857,,,0,9,,40918,,,0,9,,40858,,,0,9,,40859,,,0,10,,40860,,,0,50,,40861,,,0,12,,40862,,,0,13,,40863,,,0,13,,40864,,,0,12,,40865,,,0,51,,40866,0,10,0,15,,40867,0,10,0,16,,40868,0,10,0,15,,40872,0,10,0,55,,40873,0,10,0,15,,40875,0,10,0,16,,40874,0,10,0
1671800,'152201',2054,,40921,0,10,0,56,,40922,0,10,0,15,,40923,0,10,0,15,,40924,0,10,0,16,,40925,0,10,0,60,,40926,0,10,0,21,,40927,0,10,0,20,,40928,0,10,0,60,,40929,0,10,0,30,,40930,0,10,0,56,,40920,0,10,0,15,,40931,0,10,0,15,,40934,0,10,0,15,,40932,0,10,0,70,,40933,0,10,0
1671800,'152301',2054,,40937,0,10,0,56,,40938,0,10,0,15,,40939,0,10,0,15,,40940,0,10,0,16,,40941,0,10,0,60,,40942,0,10,0,21,,40943,0,10,0,20,,40944,0,10,0,60,,40945,0,10,0,30,,40946,0,10,0,56,,40935,0,10,0,15,,40947,0,10,0,15,,40936,0,10,0,15,,40948,0,10,0,70,,40949,0,10,0
1671800,'2',315,,41047,0,10,0,30,,41048,0,10,0,77,,41043,0,10,0,30,,40978,,,0,77,,41009,,,0,25,,41010,,,0,55,,40987,,,0,16,,40988,,,0,19,,40989,,,0,60,,40990,,,0,16,,40991,,,0,13,,40992,,,0,14,,40993,,,0,53,,40995,,,0,13,,40996,,,0,13,,40997,,,0,15,,40998,,,0,15,,40999,,,0,55,,41000,,,0,16,,41001,,,0,16,,41002,,,0,15,,41003,,,0,54,,41004,,,0,15,,41005,,,0,14,,41006,,,0,12,,41007,,,0,52,,41008,,,0,12,,40994,,,0,13,,40979,,,0,12,,41011,,,0,12,,41012,,,0,52,,41013,,,0,13,,41014,,,0,12,,40980,,,0,10,,41015,,,0,10,,41016,,,0,50,,41017,,,0,10,,41018,,,0,10,,41019,,,0,9,,40981,,,0,10,,41020,,,0,10,,41021,,,0,50,,41022,,,0,10,,41023,,,0,11,,41024,,,0,11,,40982,,,0,11,,41025,,,0,10,,41026,,,0,50,,41027,,,0,10,,41028,,,0,10,,41029,,,0,10,,40983,,,0,10,,41030,,,0,10,,41031,,,0,50,,41033,,,0,10,,41034,,,0,10,,41035,,,0,10,,40984,,,0,9,,41036,,,0,10,,41037,,,0,50,,41032,,,0,9,,41038,,,0,10,,41039,,,0,10,,40985,,,0,10,,41040,,,0,10,,41041,,,0,52,,41042,,,0,12,,40950,,,0,12,,40951,,,0,12,,40952,,,0,14,,40953,,,0,53,,40954,0,10,0,15,,40955,0,10,0,15,,40956,0,10,0,15,,40957,0,10,0,56,,40958,0,10,0,15,,40959,0,10,0,14,,40960,0,10,0,14,,40961,0,10,0,56,,40962,0,10,0,15,,40963,0,10,0,15,,40964,0,10,0,20,,40973,0,10,0,60,,40965,0,10,0,20,,40966,0,10,0,20,,40967,0,10,0,61,,40968,0,10,0,24,,40969,0,10,0,71,,40970,0,10,0,30,,40971,0,10,0,71,,40972,0,10,0
1671800,'3',314,,41133,0,10,0,30,,41134,0,10,0,76,,41131,0,10,0,30,,41132,0,10,0,76,,41127,,,0,23,,41068,,,0,60,,41074,,,0,19,,41075,,,0,28,,41128,,,0,59,,41076,,,0,14,,41078,,,0,15,,41051,,,0,12,,41077,,,0,52,,41079,,,0,15,,41080,,,0,15,,41081,,,0,14,,41082,,,0,56,,41083,,,0,16,,41084,,,0,16,,41085,,,0,16,,41086,,,0,55,,41087,,,0,15,,41088,,,0,16,,41089,,,0,14,,41090,,,0,54,,41091,,,0,14,,41092,,,0,13,,41112,,,0,13,,41093,,,0,53,,41094,,,0,13,,41095,,,0,12,,41052,,,0,11,,41096,,,0,12,,41097,,,0,52,,41098,,,0,12,,41099,,,0,12,,41053,,,0,13,,41100,,,0,12,,41101,,,0,53,,41102,,,0,12,,41103,,,0,12,,41064,,,0,13,,41104,,,0,12,,41105,,,0,53,,41106,,,0,12,,41107,,,0,12,,41065,,,0,12,,41108,,,0,10,,41109,,,0,52,,41110,,,0,12,,41073,,,0,12,,41066,,,0,11,,41111,,,0,12,,41069,,,0,52,,41070,,,0,12,,41071,,,0,12,,41067,,,0,12,,41054,,,0,14,,41055,,,0,54,,41056,,,0,14,,41057,,,0,15,,41058,,,0,16,,41059,,,0,56,,41060,0,10,0,15,,41061,0,10,0,15,,41062,0,10,0,15,,41063,0,10,0,55,,41072,0,10,0,16,,41130,0,10,0,14,,41114,0,10,0,17,,41115,0,10,0,55,,41116,0,10,0,15,,41117,0,10,0,15,,41129,0,10,0,60,,41118,0,10,0,20,,41119,0,10,0,20,,41120,0,10,0,61,,41121,0,10,0,21,,41122,0,10,0,24,,41123,0,10,0,70,,41124,0,10,0,30,,41125,0,10,0,70,,41126,0,10,0
