662801,'1',550,,8578,4,,0,72,,8579,4,,0,17,,8580,4,,0,15,,8581,4,,0,55,,8582,4,,0,15,,8583,4,,0,16,,8584,4,,0,17,,8585,4,,0,56,,8586,4,,0,16,,8587,4,,0,17,,8588,4,,0,57,,8589,4,,0,15,,8590,4,,0,12,,8591,4,,0,15,,8592,4,,0,55,,8593,4,,0,19,,8594,4,,0,20,,8595,4,,0,20,,8596,4,,0,60,,8597,4,,0,21,,8598,4,,0,60,,8599,4,,0,20,,8600,4,,0,20,,8601,4,,0,19,,8602,4,,0,62,,8603,4,,0,19,,8604,4,,0,60,,8605,4,,0,21,,8606,4,,0,23,,8607,4,,0,60,,8608,4,,0,20,,8609,4,,0,20,,8610,4,,0,64,,8611,4,,0,19,,8612,4,,0,24,,8613,4,,0,55,,8614,4,,0,15,,8615,4,,0,13,,8616,4,,0,15,,8617,4,,0,56,,8618,4,,0,14,,8619,4,,0,16,,8620,4,,0,14,,8621,4,,0,55,,8622,4,,0,14,,8623,4,,0,14,,8624,4,,0,69,,8625,4,,0,30,,8626,4,,0,70,,8627,4,,0,29,,8628,4,,0,29,,8629,4,,0,70,,8630,4,,0,28,,8631,4,,0,94,,8632,4,,0,102,,8633,4,,0,149,,8634,4,,0
662801,'101',1638,,8635,4,,0
662801,'2',601,,8663,4,,0,49,,8647,4,,0,69,,8659,4,,0,17,,8661,4,,0,66,,8648,4,,0,20,,8669,4,,0,20,,8660,4,,0,60,,8655,4,,0,20,,8649,4,,0,20,,8664,4,,0,60,,8665,4,,0,20,,8666,4,,0,21,,8667,4,,0,59,,8645,4,,0,19,,8668,4,,0,20,,8670,4,,0,60,,8671,4,,0,20,,8672,4,,0,22,,8673,4,,0,60,,8674,4,,0,20,,8675,4,,0,20,,8676,4,,0,61,,8677,4,,0,19,,8678,4,,0,21,,8679,4,,0,61,,8680,4,,0,20,,8681,4,,0,18,,8682,4,,0,61,,8683,4,,0,21,,8636,4,,0,19,,8637,4,,0,60,,8638,4,,0,21,,8639,4,,0,18,,8640,4,,0,62,,8641,4,,0,21,,8642,4,,0,18,,8643,4,,0,60,,8644,4,,0,30,,8662,4,,0,70,,8657,4,,0,29,,8650,4,,0,70,,8656,4,,0,29,,8646,4,,0,70,,8654,4,,0,48,,8653,4,,0,105,,8652,4,,0,99,,8658,4,,0,103,,8651,4,,0
662801,'201',1638,,8684,4,,0
662801,'3',700,,8709,4,,0,29,,8689,4,,0,29,,8702,4,,0,71,,8707,4,,0,30,,8714,4,,0,72,,8685,4,,0,69,,8712,4,,0,31,,8711,4,,0,70,,8699,4,,0,33,,8706,4,,0,67,,8705,4,,0,30,,8717,4,,0,70,,8696,4,,0,29,,8701,4,,0,72,,8694,4,,0,29,,8691,4,,0,71,,8710,4,,0,31,,8686,4,,0,70,,8716,4,,0,29,,8695,4,,0,72,,8700,4,,0,27,,8687,4,,0,72,,8708,4,,0,30,,8690,4,,0,69,,8718,4,,0,29,,8688,4,,0,71,,8697,4,,0,29,,8693,4,,0,74,,8715,4,,0,27,,8713,4,,0,71,,8692,4,,0,44,,8704,4,,0,155,,8703,4,,0,120,,8698,4,,0
663100,'1',621,,9335,4,,0,19,,9336,4,,0,17,,9337,4,,0,57,,9338,4,,0,15,,9339,4,,0,16,,9340,4,,0,57,,9341,4,,0,18,,9342,4,,0,19,,9343,4,,0,15,,9344,4,,0,55,,9345,4,,0,17,,9346,4,,0,14,,9347,4,,0,18,,9348,4,,0,59,,9349,4,,0,20,,9350,4,,0,21,,9351,4,,0,59,,9352,4,,0,20,,9353,4,,0,20,,9354,4,,0,59,,9355,4,,0,20,,9356,4,,0,21,,9357,4,,0,62,,9358,4,,0,19,,9359,4,,0,21,,9360,4,,0,59,,9361,4,,0,23,,9362,4,,0,60,,9363,4,,0,21,,9364,4,,0,23,,9365,4,,0,12,,9366,4,,0,56,,9367,4,,0,14,,9368,4,,0,15,,9369,4,,0,16,,9370,4,,0,55,,9371,4,,0,17,,9372,4,,0,15,,9373,4,,0,60,,9374,4,,0,11,,9375,4,,0,16,,9376,4,,0,12,,9377,4,,0,15,,9378,4,,0,68,,9379,4,,0,19,,9380,4,,0,77,,9381,4,,0,36,,9382,4,,0,75,,9383,4,,0,75,,9384,4,,0,34,,9385,4,,0,75,,9386,4,,0,107,,9387,4,,0,99,,9388,4,,0
663100,'2',633,,9410,4,,0,73,,9414,4,,0,33,,9411,4,,0,73,,9417,4,,0,30,,9416,4,,0,69,,9418,4,,0,28,,9419,4,,0,20,,9420,4,,0,60,,9421,4,,0,20,,9422,4,,0,20,,9423,4,,0,61,,9424,4,,0,19,,9425,4,,0,61,,9426,4,,0,20,,9427,4,,0,20,,9428,4,,0,60,,9429,4,,0,20,,9430,4,,0,20,,9431,4,,0,60,,9432,4,,0,20,,9390,4,,0,21,,9391,4,,0,59,,9392,4,,0,21,,9393,4,,0,22,,9394,4,,0,60,,9395,4,,0,18,,9389,4,,0,21,,9396,4,,0,61,,9397,4,,0,20,,9398,4,,0,20,,9399,4,,0,60,,9400,4,,0,18,,9401,4,,0,31,,9402,4,,0,67,,9405,4,,0,28,,9407,4,,0,69,,9403,4,,0,30,,9406,4,,0,71,,9408,4,,0,28,,9413,4,,0,76,,9415,4,,0,105,,9404,4,,0,102,,9412,4,,0,98,,9409,4,,0
663100,'3',734,,9461,4,,0,71,,9444,4,,0,32,,9454,4,,0,69,,9448,4,,0,30,,9451,4,,0,71,,9433,4,,0,29,,9435,4,,0,72,,9459,4,,0,29,,9462,4,,0,74,,9453,4,,0,26,,9447,4,,0,73,,9443,4,,0,30,,9456,4,,0,71,,9439,4,,0,30,,9463,4,,0,69,,9449,4,,0,30,,9450,4,,0,71,,9455,4,,0,29,,9452,4,,0,70,,9442,4,,0,33,,9446,4,,0,68,,9457,4,,0,29,,9458,4,,0,69,,9464,4,,0,28,,9438,4,,0,70,,9437,4,,0,30,,9440,4,,0,70,,9434,4,,0,33,,9445,4,,0,82,,9441,4,,0,99,,9460,4,,0,115,,9436,4,,0
1120100,'1',616,,39752,4,,0,32,,39691,4,,0,70,,39738,4,,0,30,,39710,4,,0,55,,39746,4,,0,15,,39747,4,,0,17,,39748,4,,0,15,,39749,4,,0,52,,39692,4,,0,12,,39693,4,,0,10,,39694,4,,0,12,,39751,4,,0,12,,39711,4,,0,54,,39712,4,,0,15,,39699,4,,0,15,,39700,4,,0,15,,39737,4,,0,56,,39701,4,,0,15,,39713,4,,0,15,,39714,4,,0,15,,39715,4,,0,55,,39717,4,,0,15,,39718,4,,0,15,,39719,4,,0,15,,39720,4,,0,55,,39721,4,,0,15,,39709,4,,0,15,,39733,4,,0,15,,39722,4,,0,56,,39723,4,,0,16,,39724,4,,0,15,,39725,4,,0,15,,39726,4,,0,55,,39727,4,,0,15,,39745,4,,0,18,,39728,4,,0,18,,39729,4,,0,55,,39695,4,,0,14,,39696,4,,0,15,,39697,4,,0,15,,39698,4,,0,55,,39702,4,,0,15,,39750,4,,0,15,,39703,4,,0,15,,39704,4,,0,54,,39705,4,,0,12,,39706,4,,0,13,,39707,4,,0,15,,39708,4,,0,54,,39730,4,,0,15,,39731,4,,0,14,,39732,4,,0,15,,39734,4,,0,55,,39735,4,,0,15,,39736,4,,0,30,,39716,4,,0,70,,39739,4,,0,30,,39740,4,,0,70,,39741,4,,0,27,,39742,4,,0,70,,39743,4,,0,30,,39744,4,,0,70,,39753,4,,0
1120100,'2',710,,39789,4,,0,34,,39779,4,,0,71,,39780,4,,0,27,,39781,4,,0,71,,39782,4,,0,22,,39788,4,,0,21,,39783,4,,0,60,,39784,4,,0,21,,39787,4,,0,20,,39785,4,,0,65,,39786,4,,0,30,,39754,4,,0,72,,39755,4,,0,32,,39756,4,,0,70,,39757,4,,0,29,,39758,4,,0,70,,39759,4,,0,30,,39760,4,,0,69,,39761,4,,0,28,,39762,4,,0,69,,39763,4,,0,27,,39764,4,,0,68,,39765,4,,0,30,,39766,4,,0,71,,39771,4,,0,28,,39767,4,,0,73,,39768,4,,0,28,,39769,4,,0,70,,39770,4,,0,30,,39778,4,,0,70,,39777,4,,0,27,,39776,4,,0,70,,39775,4,,0,30,,39774,4,,0,70,,39773,4,,0,30,,39772,4,,0,70,,39790,4,,0
1120100,'3',811,,39822,4,,0,30,,39816,4,,0,70,,39817,4,,0,33,,39818,4,,0,71,,39819,4,,0,31,,39820,4,,0,69,,39821,4,,0,29,,39791,4,,0,70,,39792,4,,0,30,,39793,4,,0,70,,39794,4,,0,30,,39795,4,,0,70,,39796,4,,0,30,,39797,4,,0,71,,39808,4,,0,31,,39807,4,,0,70,,39798,4,,0,30,,39799,4,,0,70,,39800,4,,0,30,,39801,4,,0,71,,39802,4,,0,29,,39803,4,,0,70,,39804,4,,0,30,,39805,4,,0,70,,39806,4,,0,30,,39815,4,,0,69,,39814,4,,0,27,,39813,4,,0,69,,39812,4,,0,30,,39811,4,,0,70,,39810,4,,0,30,,39809,4,,0,70,,39823,4,,0
1120101,'1',530,,39888,,,0,28,,39847,,,0,55,,39877,,,0,15,,39848,,,0,13,,39849,,,0,10,,39880,,,0,49,,39884,,,0,7,,39881,,,0,10,,39826,,,0,8,,39885,,,0,9,,39827,,,0,10,,39882,,,0,10,,39828,,,0,47,,39829,,,0,10,,39831,,,0,10,,39883,,,0,10,,39832,,,0,10,,39850,,,0,15,,39886,,,0,52,,39833,,,0,14,,39834,,,0,12,,39835,,,0,12,,39836,,,0,54,,39887,,,0,12,,39837,,,0,15,,39838,,,0,14,,39839,,,0,15,,39840,,,0,55,,39841,,,0,15,,39842,,,0,15,,39843,,,0,13,,39844,,,0,55,,39845,,,0,17,,39824,,,0,15,,39846,,,0,15,,39851,,,0,56,,39852,,,0,15,,39853,,,0,16,,39854,,,0,16,,39855,,,0,54,,39856,,,0,9,,39857,,,0,14,,39858,,,0,13,,39859,,,0,54,,39860,,,0,15,,39878,,,0,16,,39861,,,0,17,,39862,,,0,55,,39863,,,0,15,,39879,,,0,15,,39864,,,0,14,,39865,,,0,55,,39866,,,0,15,,39825,,,0,15,,39830,,,0,16,,39867,,,0,55,,39868,,,0,25,,39869,,,0,25,,39870,,,0,71,,39871,,,0,29,,39872,,,0,70,,39873,,,0,30,,39874,,,0,70,,39875,,,0,30,,39876,,,0,70,,39889,,,0
1120101,'2',630,,39923,,,0,70,,39897,,,0,28,,39898,,,0,30,,39899,,,0,68,,39900,,,0,21,,39922,,,0,58,,39901,,,0,18,,39902,,,0,20,,39921,,,0,58,,39903,,,0,21,,39904,,,0,28,,39905,,,0,69,,39906,,,0,28,,39907,,,0,67,,39908,,,0,29,,39909,,,0,70,,39910,,,0,30,,39911,,,0,70,,39912,,,0,32,,39913,,,0,70,,39914,,,0,30,,39915,,,0,70,,39916,,,0,32,,39917,,,0,74,,39918,,,0,33,,39919,,,0,70,,39920,,,0,32,,39896,,,0,72,,39895,,,0,29,,39894,,,0,70,,39893,,,0,30,,39892,,,0,72,,39891,,,0,30,,39890,,,0,73,,39924,,,0
1120101,'3',728,,39954,,,0,30,,39932,,,0,70,,39933,,,0,30,,39934,,,0,70,,39935,,,0,30,,39936,,,0,67,,39937,,,0,30,,39938,,,0,70,,39939,,,0,27,,39940,,,0,70,,39941,,,0,28,,39942,,,0,71,,39943,,,0,29,,39944,,,0,69,,39945,,,0,32,,39946,,,0,70,,39947,,,0,30,,39948,,,0,72,,39949,,,0,30,,39950,,,0,70,,39951,,,0,33,,39952,,,0,70,,39953,,,0,30,,39931,,,0,70,,39930,,,0,30,,39929,,,0,74,,39928,,,0,70,,39927,,,0,32,,39926,,,0,68,,39925,,,0,30,,39955,,,0
