3182101,'101_merged_15291802',807,,107248,18,0,58 59,0,703,,107246,18,0,58 59,0,31,,107247,18,0,58 59,0
3182101,'1_merged_15291795',530,,107249,18,,,0,70,,107273,18,,,0,30,,107272,18,,,0,70,,107271,18,,,0,30,,107270,18,,,0,24,,107269,18,0,58 59,0,76,,107268,18,0,58 59,0,87,,107267,18,0,58 59,0,85,,107266,18,0,58 59,0,45,,107265,18,0,58 59,0,90,,107264,18,0,58 59,0,84,,107263,18,0,58 59,0,85,,107262,18,0,58 59,0,46,,107261,18,0,58 59,0,87,,107260,18,0,58 59,0,79,,107259,18,0,58 59,0,36,,107274,18,0,58 59,0,51,,107258,18,0,58 59,0,41,,107257,18,0,58 59,0,76,,107256,18,0,58 59,0,29,,107255,18,0,58 59,0,69,,107254,18,0,58 59,0,80,,107253,18,0,58 59,0,49,,107252,18,0,58 59,0,82,,107251,18,0,58 59,0,86,,107250,18,0,58 59,0
3182101,'2_merged_15291797',721,,107294,18,0,58 59,0,87,,107293,18,0,58 59,0,45,,107292,18,0,58 59,0,85,,107291,18,0,58 59,0,85,,107290,18,0,58 59,0,86,,107289,18,0,58 59,0,45,,107288,18,0,58 59,0,85,,107287,18,0,58 59,0,85,,107286,18,0,58 59,0,85,,107285,18,0,58 59,0,44,,107284,18,0,58 59,0,85,,107283,18,0,58 59,0,85,,107282,18,0,58 59,0,85,,107281,18,0,58 59,0,45,,107280,18,0,58 59,0,85,,107279,18,0,58 59,0,85,,107278,18,0,58 59,0,85,,107277,18,0,58 59,0,45,,107276,18,0,58 59,0,85,,107275,18,0,58 59,0
3182101,'3_merged_15291796',811,,107295,18,0,58 59,0,47,,107313,18,0,58 59,0,85,,107312,18,0,58 59,0,87,,107311,18,0,58 59,0,85,,107310,18,0,58 59,0,44,,107309,18,0,58 59,0,86,,107308,18,0,58 59,0,85,,107307,18,0,58 59,0,85,,107306,18,0,58 59,0,85,,107305,18,0,58 59,0,45,,107304,18,0,58 59,0,84,,107303,18,0,58 59,0,85,,107302,18,0,58 59,0,45,,107301,18,0,58 59,0,85,,107300,18,0,58 59,0,85,,107299,18,0,58 59,0,83,,107298,18,0,58 59,0,45,,107297,18,0,58 59,0,85,,107296,18,0,58 59,0
3404201,'101_merged_15291802',1451,,108607,3,,,0,1,,108606,3,,,0,48,,108605,3,,,0
3404201,'1_merged_15291795',609,,108627,24,,,0,102,,108626,24,,,0,35,,108631,24,,,0,68,,108625,24,,,0,31,,108630,24,,,0,70,,108624,24,,,0,98,,108623,24,,,0,35,,108632,24,,,0,67,,108622,24,,,0,30,,108633,24,,,0,72,,108621,24,,,0,100,,108620,24,,,0,100,,108619,24,,,0,102,,108618,24,,,0,100,,108617,24,,,0,30,,108610,24,,,0,78,,108616,24,,,0,3,,108629,24,,,0,25,,108609,24,,,0,3,,108628,24,,,0,66,,108615,24,,,0,2,,108608,24,,,0,77,,108614,24,,,0,52,,108613,24,,,0,94,,108612,24,,,0,102,,108611,24,,,0
3404201,'2_merged_15291797',946,,108639,24,,,0,100,,108640,24,,,0,100,,108638,24,,,0,100,,108641,24,,,0,102,,108637,24,,,0,99,,108642,24,,,0,101,,108636,24,,,0,100,,108643,24,,,0,99,,108635,24,,,0,98,,108644,24,,,0,93,,108634,24,,,0
3404201,'3_merged_15291796',940,,108650,24,,,0,102,,108651,24,,,0,100,,108649,24,,,0,102,,108652,24,,,0,100,,108648,24,,,0,100,,108653,24,,,0,98,,108647,24,,,0,99,,108654,24,,,0,100,,108646,24,,,0,99,,108655,24,,,0,100,,108645,24,,,0
3404301,'101_merged_15291802',843,,108706,26,,,0
3404301,'1_merged_15291795',817,,108710,26,,,0
