682801,'1101_merged_15524969',2039,,96647,11,,,0
682801,'1201_merged_15524951',2039,,96650,11,,,0,108,,96649,11,,,0,107,,96648,11,,,0
682801,'1_merged_15524958',850,,96666,11,,,0,80,,96667,11,,,0,80,,96664,11,,,0,39,,96665,11,,,0,80,,96663,11,,,0,80,,96651,11,,,0,40,,96668,11,,,0,80,,96662,11,,,0,80,,96661,11,,,0,40,,96660,11,,,0,80,,96659,11,,,0,83,,96658,11,,,0,39,,96657,11,,,0,79,,96656,11,,,0,78,,96655,11,,,0,40,,96654,11,,,0,79,,96653,11,,,0,82,,96652,11,,,0
682801,'2_merged_15524960',917,,96680,11,,,0,40,,96679,11,,,0,80,,96678,11,,,0,80,,96677,11,,,0,40,,96676,11,,,0,80,,96675,11,,,0,80,,96674,11,,,0,40,,96673,11,,,0,82,,96672,11,,,0,80,,96671,11,,,0,40,,96670,11,,,0,80,,96669,11,,,0,80,,96688,11,,,0,40,,96687,11,,,0,80,,96686,11,,,0,70,,96685,11,,,0,110,,96684,11,,,0,107,,96683,11,,,0,106,,96682,11,,,0,104,,96681,11,,,0
682801,'3_merged_15524959',1116,,96689,11,,,0,40,,96701,11,,,0,82,,96700,11,,,0,80,,96699,11,,,0,40,,96698,11,,,0,78,,96697,11,,,0,84,,96696,11,,,0,80,,96695,11,,,0,40,,96694,11,,,0,80,,96693,11,,,0,80,,96692,11,,,0,40,,96691,11,,,0,76,,96690,11,,,0
3454301,'101_merged_15524965',1503,,109867,5,,,0,7,,109868,5,,,0
3454301,'1901_merged_15524955',1501,,109869,9,,,0
3454301,'1_merged_15524958',446,,109935,9,,,0,58,,109936,9,,,0,16,,109870,9,,,0,14,,109871,9,,,0,15,,109872,9,,,0,54,,109945,9,,,0,15,,109873,9,,,0,12,,109874,9,,,0,12,,109875,9,,,0,12,,109944,9,,,0,51,,109876,9,,,0,9,,109877,9,,,0,9,,109878,9,,,0,11,,109879,9,,,0,10,,109943,9,,,0,10,,109880,9,,,0,50,,109946,9,,,0,11,,109881,9,,,0,12,,109882,9,,,0,12,,109883,9,,,0,12,,109942,9,,,0,53,,109884,9,,,0,11,,109885,9,,,0,14,,109886,9,,,0,15,,109887,9,,,0,15,,109941,9,,,0,55,,109888,9,,,0,15,,109889,9,,,0,15,,109890,9,,,0,15,,109940,9,,,0,54,,109891,9,,,0,15,,109892,9,,,0,15,,109893,9,,,0,15,,109939,9,,,0,56,,109894,9,,,0,15,,109895,9,,,0,15,,109896,9,,,0,15,,109938,9,,,0,55,,109932,9,,,0,15,,109933,9,,,0,17,,109934,9,,,0,55,,109937,9,,,0,15,,109897,9,,,0,16,,109898,9,,,0,20,,109899,9,,,0,70,,109900,9,,,0,14,,109901,9,,,0,22,,109902,9,,,0,48,,109903,9,,,0,12,,109904,9,,,0,12,,109905,9,,,0,12,,109906,9,,,0,11,,109907,9,,,0,51,,109908,9,,,0,12,,109909,9,,,0,12,,109910,9,,,0,12,,109911,9,,,0,13,,109912,9,,,0,52,,109913,9,,,0,15,,109914,9,,,0,12,,109915,9,,,0,13,,109916,9,,,0,13,,109917,9,,,0,55,,109918,13,,,0,15,,109919,13,,,0,15,,109920,13,,,0,15,,109921,13,,,0,56,,109922,13,,,0,15,,109923,13,,,0,28,,109924,13,,,0,69,,109925,13,,,0,29,,109926,13,,,0,70,,109927,13,,,0,28,,109928,13,,,0,70,,109929,13,,,0,30,,109930,13,,,0,70,,109931,13,,,0
3454301,'2001_merged_15524968',1501,,109947,9,,,0
3454301,'2_merged_15524960',526,,109995,13,,,0,75,,109994,13,,,0,30,,109993,13,,,0,70,,109992,13,,,0,29,,109991,13,,,0,29,,109990,13,,,0,67,,109989,13,,,0,20,,109988,13,,,0,60,,109987,13,,,0,18,,109986,13,,,0,20,,109985,13,,,0,60,,109984,13,,,0,20,,109983,13,,,0,20,,109982,13,,,0,60,,109981,13,,,0,21,,109980,13,,,0,20,,109979,13,,,0,60,,109978,13,,,0,20,,109977,13,,,0,20,,109976,13,,,0,60,,109975,13,,,0,20,,109974,13,,,0,20,,109973,13,,,0,60,,109972,13,,,0,20,,109971,13,,,0,20,,109970,13,,,0,60,,109949,13,,,0,20,,109948,13,,,0,21,,109969,13,,,0,61,,109968,13,,,0,17,,109967,13,,,0,21,,109966,13,,,0,62,,109965,13,,,0,21,,109964,13,,,0,20,,109963,13,,,0,60,,109962,13,,,0,22,,109961,13,,,0,70,,109960,13,,,0,30,,109959,13,,,0,73,,109958,13,,,0,30,,109957,13,,,0,70,,109956,13,,,0,30,,109955,13,,,0,71,,109954,13,,,0,30,,109953,13,,,0,98,,109952,13,,,0,96,,109951,13,,,0,101,,109950,9,,,0
3454301,'3_merged_15524959',530,,110004,13,,,0,75,,110005,13,,,0,34,,110036,13,,,0,69,,110037,13,,,0,31,,110038,13,,,0,71,,110006,13,,,0,31,,110007,13,,,0,70,,110008,13,,,0,29,,110009,13,,,0,69,,110010,13,,,0,30,,110001,13,,,0,67,,110011,13,,,0,19,,110012,13,,,0,18,,110002,13,,,0,60,,110013,13,,,0,23,,110014,13,,,0,20,,110003,13,,,0,60,,110015,13,,,0,23,,110016,13,,,0,20,,110000,13,,,0,60,,110017,13,,,0,20,,110018,13,,,0,21,,109997,13,,,0,58,,110019,13,,,0,20,,110020,13,,,0,18,,109998,13,,,0,61,,110021,13,,,0,20,,110022,13,,,0,20,,109999,13,,,0,60,,110023,13,,,0,30,,110024,13,,,0,71,,110035,13,,,0,37,,110025,13,,,0,75,,110026,13,,,0,35,,110027,13,,,0,75,,110030,13,,,0,75,,110029,13,,,0,35,,110028,13,,,0,75,,110031,13,,,0,36,,110032,13,,,0,75,,109996,13,,,0,103,,110033,13,,,0,99,,110034,9,,,0
3454301,'62101_merged_15524956',1548,,110039,9,,,0
3454301,'62201_merged_15524954',1548,,110040,9,,,0
