671400,'1',535,,145798,47,4,,0,12,,145832,47,4,,0,11,,145822,47,4,,0,51,,145796,47,4,,0,14,,145833,47,4,,0,9,,145817,47,4,,0,10,,145823,47,4,,0,10,,145788,39,4,,0,5,,145825,47,4,,0,60,,145835,47,4,,0,11,,145824,47,4,,0,12,,145789,47,4,,0,12,,145826,47,4,,0,52,,145790,47,4,,0,13,,145834,47,4,,0,12,,145799,47,4,,0,13,,145821,47,4,,0,17,,145791,47,4,,0,55,,145827,47,4,,0,15,,145792,47,4,,0,20,,145800,47,4,,0,60,,145801,47,4,,0,20,,145816,47,4,,0,20,,145802,47,4,,0,61,,145803,47,4,,0,20,,145828,47,4,,0,20,,145804,47,4,,0,62,,145836,47,4,,0,20,,145784,47,4,,0,70,,145805,47,4,,0,31,,145806,47,4,,0,72,,145807,47,4,,0,30,,145808,47,4,,0,71,,145809,47,4,,0,31,,145810,47,4,,0,63,,145811,47,4,,0,24,,145818,47,4,,0,20,,145797,47,4,,0,60,,145793,47,4,,0,17,,145819,47,4,,0,18,,145794,47,4,,0,14,,145829,47,4,,0,53,,145795,47,4,,0,15,,145820,47,4,,0,13,,145830,47,4,,0,15,,145812,47,4,,0,51,,145814,47,4,,0,15,,145813,47,4,,0,21,,145831,47,4,,0,20,,145815,47,4,,0,66,,145785,47,4,,0,26,,145786,47,4,,0,65,,145787,47,4,,0
671400,'101',707,,145783,47,4,,0
671400,'201',707,,145837,47,4,,0
671401,'1',550,,145845,1,,,0,52,,145885,1,,,0,12,,145875,1,,,0,12,,145877,1,,,0,12,,145878,1,,,0,15,,145876,1,,,0,55,,145844,1,,,0,15,,145850,1,,,0,15,,145873,1,,,0,16,,145851,1,,,0,56,,145852,1,,,0,16,,145853,1,,,0,15,,145874,1,,,0,15,,145854,1,,,0,55,,145855,1,,,0,15,,145856,1,,,0,15,,145857,1,,,0,15,,145884,1,,,0,64,,145858,1,,,0,30,,145859,1,,,0,70,,145860,1,,,0,30,,145861,1,,,0,70,,145862,1,,,0,30,,145863,1,,,0,70,,145865,1,,,0,30,,145847,1,,,0,70,,145848,1,,,0,20,,145846,1,,,0,60,,145849,1,,,0,20,,145842,1,,,0,15,,145887,1,,,0,15,,145879,1,,,0,55,,145870,1,,,0,16,,145843,1,,,0,16,,145866,1,,,0,16,,145880,1,,,0,56,,145871,1,,,0,14,,145889,1,,,0,10,,145864,1,,,0,10,,145890,1,,,0,10,,145882,1,,,0,50,,145881,1,,,0,10,,145872,1,,,0,14,,145868,1,,,0,14,,145888,1,,,0,14,,145883,1,,,0,60,,145869,1,,,0,20,,145867,1,,,0,20,,145841,1,,,0,60,,145886,1,,,0,21,,145838,1,,,0,22,,145840,1,,,0,60,,145839,1,,,0
672000,'1',505,,146400,22,4,,0,18,,146403,22,4,,0,20,,146404,22,4,,0,70,,146405,22,4,,0,30,,146406,22,4,,0,70,,146407,22,4,,0,30,,146408,22,4,,0,788,,146401,22,4,,0,104,,146409,22,4,,0,82,,146410,22,4,,0,30,,146411,22,4,,0,72,,146412,22,4,,0,28,,146413,22,4,,0,77,,146402,22,4,,0
672000,'101',1603,,146399,22,4,,0
672000,'201',1603,,146414,22,4,,0
672001,'1',503,,146417,1,,,0,26,,146419,1,,,0,26,,146420,1,,,0,70,,146421,1,,,0,30,,146422,1,,,0,70,,146423,1,,,0,786,,146418,1,,,0,29,,146416,1,,,0,70,,146424,1,,,0,32,,146425,1,,,0,82,,146426,1,,,0,30,,146427,1,,,0,72,,146428,1,,,0,28,,146415,1,,,0
672100,'1',1518,,146430,1,,,0,35,,146434,1,,,0,75,,146429,1,,,0,75,,146435,1,,,0,20,,146433,1,,,0,20,,146436,1,,,0,60,,146438,1,,,0,20,,146432,1,,,0,21,,146439,1,,,0,61,,146437,1,,,0,16,,146431,1,,,0
672101,'1',547,,146442,41,4,,0,59,,146445,41,4,,0,15,,146440,41,4,,0,16,,146447,41,4,,0,13,,146446,41,4,,0,56,,146444,41,4,,0,14,,146448,41,4,,0,29,,146443,41,4,,0,80,,146441,41,4,,0
