667200,'1',552,,19931,,,0,7,,19936,,,0,54,,19909,,,0,15,,19930,,,0,17,,19916,,,0,58,,19952,,,0,15,,19939,,,0,15,,19940,,,0,10,,19955,0,11 12,0,15,,19951,,,0,50,,19929,,,0,13,,19910,,,0,19,,19917,,,0,15,,19932,,,0,66,,19914,,,0,31,,19919,,,0,70,,19915,,,0,27,,19947,,,0,72,,19921,,,0,29,,19943,,,0,69,,19953,,,0,29,,19950,,,0,70,,19922,,,0,28,,19944,,,0,68,,19928,,,0,29,,19927,,,0,70,,19911,,,0,24,,19946,,,0,7,,19924,,,0,13,,19941,,,0,55,,19954,,,0,18,,19937,,,0,15,,19913,,,0,60,,19920,,,0,17,,19923,,,0,18,,19935,,,0,8,,19938,,,0,61,,19933,,,0,6,,19945,0,11 12,0,14,,19949,,,0,12,,19918,,,0,17,,19912,,,0,52,,19948,,,0,16,,19942,,,0,33,,19934,,,0
667200,'2',654,,19979,,,0,70,,19965,,,0,28,,19977,,,0,71,,19963,,,0,29,,19975,,,0,70,,19971,,,0,30,,19968,,,0,70,,19972,,,0,30,,19958,,,0,69,,19980,,,0,30,,19981,,,0,71,,19982,,,0,26,,19983,,,0,70,,19984,,,0,28,,19985,,,0,60,,19961,,,0,20,,19978,,,0,21,,19960,,,0,58,,19986,,,0,21,,19987,,,0,21,,19988,,,0,61,,19989,,,0,20,,19962,,,0,21,,19959,,,0,60,,19964,,,0,21,,19973,,,0,19,,19992,,,0,62,,19969,,,0,18,,19991,,,0,29,,19974,,,0,70,,19970,,,0,75,,19990,,,0
667200,'3',725,,20005,,,0,30,,19998,,,0,70,,19996,,,0,30,,20001,,,0,69,,20000,,,0,30,,20015,,,0,69,,20004,,,0,30,,20003,,,0,70,,20012,,,0,29,,20010,,,0,69,,20009,,,0,29,,20002,,,0,71,,20007,,,0,30,,19993,,,0,69,,19999,,,0,32,,20018,,,0,72,,20017,,,0,28,,20008,,,0,70,,20006,,,0,30,,19995,,,0,69,,20014,,,0,30,,19997,,,0,75,,20013,,,0,28,,19994,,,0,68,,20016,,,0,30,,20019,,,0
667300,'1',720,,20125,,,0,90,,20165,,,0,200,,20146,,,0,29,,20138,,,0,70,,20137,,,0,26,,20136,,,0,71,,20135,,,0,30,,20134,,,0,69,,20155,,,0,26,,20133,,,0,72,,20132,,,0,26,,20131,,,0,27,,20150,,,0,68,,20141,,,0,8,,20149,,,0,14,,20145,,,0,72,,20140,,,0,18,,20139,,,0,72,,20144,,,0,14,,20158,,,0,15,,20143,,,0,16,,20129,,,0,68,,20142,,,0
667300,'101',1604,,20169,,,0,50,,20168,,,0
667300,'2',1015,,20178,,,0,28,,20179,,,0,72,,20194,,,0,27,,20180,,,0,68,,20195,,,0,30,,20181,,,0,68,,20196,,,0,30,,20182,,,0,73,,20183,,,0,32,,20197,,,0,69,,20184,,,0,30,,20198,,,0,76,,20185,,,0,30,,20199,,,0,70,,20200,,,0,31,,20201,,,0
667300,'201',1604,,20205,,,0,50,,20206,,,0
667300,'3',1017,,20210,,,0,29,,20226,,,0,69,,20211,,,0,28,,20235,,,0,70,,20212,,,0,28,,20234,,,0,68,,20213,,,0,32,,20233,,,0,70,,20214,,,0,29,,20232,,,0,73,,20215,,,0,30,,20231,,,0,68,,20216,,,0,31,,20230,,,0,70,,20217,,,0,32,,20218,,,0
667500,'1',1642,,20549,,,0,67,,20550,,,0
1671700,'1',2028,,40779,,,0,26,,40778,,,0,70,,40777,,,0,30,,40776,,,0,70,,40775,,,0,33,,40774,,,0,70,,40773,,,0,28,,40772,,,0,70,,40770,,,0,29,,40771,,,0
1671700,'2',2018,,40788,,,0,32,,40787,,,0,71,,40786,,,0,31,,40785,,,0,70,,40784,,,0,28,,40780,,,0,70,,40783,,,0,33,,40782,,,0,102,,40781,,,0
1671700,'3',2024,,40796,,,0,29,,40795,,,0,68,,40794,,,0,32,,40793,,,0,71,,40792,,,0,29,,40791,,,0,70,,40790,,,0,27,,40789,,,0,70,,40798,,,0,30,,40797,,,0
1671800,'1',330,,40913,4,,0,70,,40914,4,,0,36,,40915,4,,0,1493,,40866,4,,0,15,,40867,4,,0,15,,40868,4,,0,55,,40872,4,,0,15,,40873,4,,0,15,,40875,4,,0,56,,40874,4,,0
1671800,'152201',2116,,40921,4,,0,16,,40922,4,,0,15,,40923,4,,0,55,,40924,4,,0,15,,40925,4,,0,20,,40926,4,,0,21,,40927,4,,0,57,,40928,4,,0,20,,40929,4,,0,70,,40930,4,,0,15,,40920,4,,0,15,,40931,4,,0,15,,40934,4,,0,55,,40932,4,,0,30,,40933,4,,0
1671800,'152301',2116,,40937,4,,0,16,,40938,4,,0,15,,40939,4,,0,55,,40940,4,,0,15,,40941,4,,0,20,,40942,4,,0,21,,40943,4,,0,57,,40944,4,,0,20,,40945,4,,0,70,,40946,4,,0,15,,40935,4,,0,15,,40947,4,,0,15,,40936,4,,0,55,,40948,4,,0,30,,40949,4,,0
1671800,'2',330,,41047,4,,0,70,,41048,4,,0,38,,41043,4,,0,1491,,40954,4,,0,15,,40955,4,,0,15,,40956,4,,0,55,,40957,4,,0,17,,40958,4,,0,14,,40959,4,,0,14,,40960,4,,0,54,,40961,4,,0,15,,40962,4,,0,15,,40963,4,,0,15,,40964,4,,0,60,,40973,4,,0,20,,40965,4,,0,20,,40966,4,,0,60,,40967,4,,0,21,,40968,4,,0,64,,40969,4,,0,31,,40970,4,,0,70,,40971,4,,0,28,,40972,4,,0
1671800,'3',330,,41133,4,,0,70,,41134,4,,0,36,,41131,4,,0,70,,41132,4,,0,1424,,41060,4,,0,15,,41061,4,,0,55,,41062,4,,0,15,,41063,4,,0,15,,41072,4,,0,16,,41130,4,,0,54,,41114,4,,0,16,,41115,4,,0,15,,41116,4,,0,15,,41117,4,,0,55,,41129,4,,0,19,,41118,4,,0,20,,41119,4,,0,60,,41120,4,,0,19,,41121,4,,0,21,,41122,4,,0,64,,41123,4,,0,30,,41124,4,,0,70,,41125,4,,0,30,,41126,4,,0
1671801,'1',330,,41201,,,0,70,,41202,,,0,36,,41203,,,0,69,,41135,,,0,30,,41136,,,0,1394,,41170,,,0,15,,41137,,,0,15,,41169,,,0,55,,41197,,,0,15,,41198,,,0,15,,41199,,,0
1671801,'152201',2100,,41207,,,0,16,,41208,,,0,16,,41209,,,0,15,,41210,,,0,55,,41211,,,0,15,,41212,,,0,20,,41213,,,0,21,,41214,,,0,57,,41215,,,0,20,,41216,,,0,70,,41217,,,0,15,,41219,,,0,15,,41218,,,0,15,,41220,,,0,55,,41221,,,0,30,,41206,,,0,5,,41205,,,0
1671801,'152301',2100,,41230,,,0,16,,41231,,,0,16,,41232,,,0,15,,41233,,,0,55,,41234,,,0,15,,41235,,,0,20,,41236,,,0,21,,41237,,,0,57,,41238,,,0,20,,41227,,,0,70,,41222,,,0,15,,41229,,,0,15,,41223,,,0,15,,41228,,,0,55,,41224,,,0,30,,41225,,,0,5,,41226,,,0
1671801,'2',330,,41331,,,0,70,,41329,,,0,38,,41330,,,0,79,,41245,,,0,1412,,41316,,,0,15,,41317,,,0,15,,41318,,,0,55,,41319,,,0,17,,41320,,,0,14,,41321,,,0,14,,41322,,,0,54,,41323,,,0,15,,41324,,,0,15,,41325,,,0,15,,41326,,,0,60,,41327,,,0,20,,41328,,,0,20,,41239,,,0,60,,41240,,,0,21,,41241,,,0,64,,41242,,,0,31,,41243,,,0,70,,41244,,,0,28,,41247,,,0,11,,41248,,,0
1671801,'3',330,,41413,,,0,70,,41411,,,0,36,,41412,,,0,75,,41383,,,0,28,,41396,,,0,1391,,41369,,,0,15,,41370,,,0,55,,41371,,,0,15,,41372,,,0,15,,41386,,,0,16,,41373,,,0,54,,41385,,,0,16,,41374,,,0,15,,41375,,,0,15,,41376,,,0,55,,41384,,,0,19,,41377,,,0,20,,41378,,,0,60,,41343,,,0,19,,41344,,,0,21,,41345,,,0,64,,41379,,,0,30,,41380,,,0,70,,41381,,,0,30,,41382,,,0,7,,41387,,,0
