674900,'1',534,,150835,10,,,0,13,,150836,10,,,0,57,,150837,10,,,0,17,,150838,10,,,0,15,,150839,10,,,0,16,,150840,10,,,0,56,,150841,10,,,0,30,,150842,10,,,0,14,,150843,10,0,58 59,0,55,,150844,10,0,58 59,0,12,,150781,10,,,0,14,,150826,10,0,58 59,0,18,,150827,10,,,0,55,,150828,10,0,58 59,0,15,,150829,10,,,0,8,,150830,10,0,60 61 8,0,9,,150831,10,0,58 59,0,13,,150832,10,,,0,55,,150833,10,0,58 59,0,15,,150834,10,,,0,15,,150782,10,0,58 59,0,15,,150807,10,,,0,55,,150808,10,0,58 59,0,15,,150809,10,,,0,15,,150810,10,0,58 59,0,17,,150811,10,,,0,55,,150812,10,0,58 59,0,15,,150813,10,,,0,12,,150814,10,0,58 59,0,17,,150815,10,,,0,54,,150816,10,0,58 59,0,15,,150817,10,,,0,17,,150818,10,0,58 59,0,13,,150819,10,,,0,57,,150820,10,0,60 61 8,0,35,,150821,10,,,0,15,,150822,10,,,0,55,,150823,10,,,0,17,,150824,10,,,0,17,,150825,10,,,0,54,,150773,10,,,0,14,,150779,10,,,0,23,,150801,10,,,0,7,,150783,10,,,0,63,,150772,10,,,0,5,,150802,10,,,0,24,,150803,10,,,0,6,,150804,10,,,0,15,,150805,10,,,0,61,,150806,10,,,0,7,,150780,10,,,0,19,,150774,10,,,0,9,,150784,10,,,0,56,,150785,10,,,0,14,,150796,10,,,0,16,,150797,10,,,0,14,,150798,10,,,0,53,,150799,10,0,60 61 8,0,17,,150800,10,,,0,15,,150778,10,,,0,16,,150775,10,,,0,56,,150788,10,0,60 61 8,0,12,,150789,10,,,0,30,,150790,10,,,0,70,,150791,10,,,0,30,,150776,10,,,0,69,,150793,10,,,0,30,,150787,10,,,0,68,,150792,10,,,0,30,,150777,10,,,0,70,,150795,10,0,58 59,0,29,,150786,10,0,58 59,0,70,,150794,10,0,58 59,0
674900,'101',720,,150770,10,0,62 63 64,0
674900,'2',622,,150848,10,,,0,30,,150849,10,,,0,67,,150850,10,,,0,15,,150851,10,,,0,15,,150852,10,0,58 59,0,55,,150853,10,,,0,10,,150854,10,0,58 59,0,15,,150855,10,,,0,15,,150856,10,0,58 59,0,15,,150857,10,,,0,55,,150858,10,0,58 59,0,16,,150859,10,,,0,15,,150860,10,0,58 59,0,14,,150861,10,,,0,55,,150862,10,0,58 59,0,18,,150863,10,,,0,15,,150864,10,0,58 59,0,54,,150865,10,,,0,15,,150866,10,0,58 59,0,15,,150867,10,,,0,16,,150868,10,0,58 59,0,55,,150869,10,,,0,17,,150870,10,0,58 59,0,15,,150871,10,,,0,12,,150872,10,0,58 59,0,55,,150873,10,,,0,15,,150874,10,0,58 59,0,16,,150875,10,,,0,15,,150876,10,0,58 59,0,55,,150877,10,,,0,15,,150878,10,0,58 59,0,16,,150879,10,,,0,15,,150880,10,0,58 59,0,55,,150881,10,,,0,15,,150882,10,0,58 59,0,14,,150883,10,,,0,15,,150884,10,0,58 59,0,57,,150885,10,,,0,13,,150886,10,0,58 59,0,15,,150887,10,,,0,15,,150888,10,0,58 59,0,54,,150889,10,,,0,15,,150890,10,0,58 59,0,15,,150891,10,,,0,15,,150892,10,0,58 59,0,55,,150893,10,,,0,15,,150894,10,0,58 59,0,14,,150895,10,,,0,15,,150896,10,,,0,55,,150897,10,,,0,20,,150898,10,,,0,20,,150899,10,,,0,17,,150900,10,,,0,63,,150901,10,,,0,20,,150902,10,,,0,19,,150903,10,,,0,64,,150904,10,,,0,30,,150905,10,,,0,70,,150906,10,,,0,30,,150907,10,,,0,68,,150908,10,,,0,30,,150909,10,,,0,70,,150910,10,,,0,30,,150911,10,,,0,69,,150912,10,0,58 59,0,35,,150846,10,0,58 59,0,65,,150847,10,0,58 59,0
674900,'201',720,,150845,10,,,0
674900,'3',625,,150942,10,,,0,32,,150941,10,,,0,63,,150947,10,,,0,31,,150946,10,,,0,55,,150958,10,0,58 59,0,16,,150957,10,,,0,15,,150956,10,0,58 59,0,15,,150955,10,,,0,56,,150954,10,0,58 59,0,16,,150953,10,,,0,15,,150977,10,0,58 59,0,15,,150976,10,,,0,55,,150952,10,0,58 59,0,16,,150951,10,,,0,15,,150950,10,0,58 59,0,14,,150949,10,,,0,50,,150948,10,0,58 59,0,14,,150945,10,,,0,16,,150944,10,0,58 59,0,15,,150943,10,,,0,53,,150969,10,0,58 59,0,18,,150917,10,,,0,15,,150916,10,0,58 59,0,15,,150915,10,,,0,54,,150914,10,0,58 59,0,16,,150913,10,,,0,15,,150975,10,0,58 59,0,9,,150974,10,,,0,63,,150973,10,0,58 59,0,15,,150972,10,,,0,15,,150971,10,0,58 59,0,15,,150970,10,,,0,55,,150968,10,0,58 59,0,14,,150967,10,,,0,14,,150966,10,0,58 59,0,15,,150965,10,,,0,5,,150964,10,0,58 59,0,65,,150963,10,,,0,15,,150962,10,0,58 59,0,15,,150961,10,,,0,53,,150960,10,0,58 59,0,16,,150959,10,,,0,16,,150930,10,0,58 59,0,14,,150940,10,,,0,56,,150939,10,0,58 59,0,19,,150938,10,,,0,15,,150937,10,0,58 59,0,15,,150936,10,,,0,54,,150935,10,0,58 59,0,15,,150934,10,,,0,15,,150933,10,0,58 59,0,15,,150932,10,,,0,55,,150931,10,0,58 59,0,15,,150929,10,,,0,15,,150928,10,0,58 59,0,11,,150927,10,,,0,60,,150926,10,,,0,20,,150925,10,,,0,71,,150924,10,,,0,31,,150923,10,,,0,70,,150922,10,,,0,28,,150921,10,,,0,30,,150920,10,,,0,71,,150919,10,,,0,101,,150918,10,0,58 59,0
674900,'701',1428,,150978,10,0,62 63 121 122 123,0
674900,'801',1423,,150979,10,,,0
722400,'1',545,,155834,17,,,0,60,,155832,17,,,0,24,,155809,17,,,0,10,,155807,17,,,0,61,,155835,17,,,0,7,,155839,17,,,0,24,,155833,17,,,0,20,,155830,17,,,0,51,,155836,17,,,0,26,,155829,17,,,0,18,,155828,17,,,0,63,,155840,17,,,0,17,,155825,17,,,0,32,,155824,17,,,0,66,,155822,17,,,0,30,,155821,17,,,0,70,,155820,17,,,0,33,,155819,17,,,0,70,,155818,17,,,0,30,,155817,17,,,0,70,,155823,17,,,0,31,,155816,17,,,0,72,,155831,17,,,0,70,,155827,17,,,0,32,,155837,17,,,0,20,,155826,17,,,0,60,,155815,17,,,0,26,,155838,17,,,0,14,,155814,17,,,0,60,,155806,17,,,0,16,,155804,17,,,0,15,,155841,17,,,0,16,,155813,17,,,0,61,,155812,17,,,0,33,,155811,17,,,0,61,,155810,17,,,0,19,,155805,17,,,0,24,,155808,17,,,0,72,,155845,17,,,0
3454101,'1',517,,168691,7,,,0,30,,168692,7,,,0,70,,168693,7,,,0,30,,168694,7,,,0,70,,168695,7,,,0,30,,168696,7,,,0,70,,168697,7,,,0,40,,168698,7,,,0,80,,168699,7,,,0,81,,168700,7,,,0,40,,168701,7,,,0,80,,168702,7,,,0,81,,168703,7,,,0,40,,168704,7,,,0,80,,168705,7,,,0,80,,168706,7,,,0,82,,168707,7,,,0,28,,168708,7,,,0,30,,168709,7,,,0,80,,168710,7,,,0,70,,168711,7,,,0,30,,168712,7,,,0,80,,168713,7,,,0,90,,168714,7,,,0,40,,168715,7,,,0,80,,168716,7,,,0,80,,168717,7,,,0,40,,168718,7,,,0
3454101,'2',837,,168719,7,,,0,85,,168720,7,,,0,85,,168721,7,,,0,45,,168722,7,,,0,85,,168723,7,,,0,85,,168724,7,,,0,85,,168725,7,,,0,45,,168726,7,,,0,85,,168727,7,,,0,85,,168728,7,,,0,85,,168729,7,,,0,45,,168730,7,,,0,85,,168731,7,,,0,85,,168732,7,,,0,85,,168733,7,,,0,45,,168734,7,,,0,85,,168735,7,,,0,85,,168736,7,,,0,85,,168737,7,,,0
3454101,'3',837,,168738,7,,,0,85,,168739,7,,,0,85,,168740,7,,,0,45,,168741,7,,,0,85,,168742,7,,,0,85,,168743,7,,,0,85,,168744,7,,,0,45,,168745,7,,,0,85,,168746,7,,,0,85,,168747,7,,,0,85,,168748,7,,,0,45,,168749,7,,,0,85,,168750,7,,,0,85,,168751,7,,,0,85,,168752,7,,,0,45,,168753,7,,,0,85,,168754,7,,,0,85,,168755,7,,,0,85,,168756,7,,,0
