665700,'1',540,,133477,15,,,0,19,,133507,15,,,0,58,,133508,15,,,0,15,,133479,15,,,0,15,,133491,15,,,0,54,,133493,15,,,0,13,,133488,15,,,0,16,,133511,15,,,0,14,,133487,15,,,0,57,,133469,15,,,0,14,,133494,15,,,0,15,,133504,15,,,0,15,,133458,15,,,0,14,,133499,15,,,0,55,,133461,15,,,0,15,,133467,15,,,0,15,,133481,15,,,0,15,,133492,15,,,0,55,,133456,15,,,0,15,,133502,15,,,0,14,,133498,15,,,0,15,,133476,15,,,0,55,,133482,15,,,0,15,,133490,15,,,0,15,,133513,15,,,0,15,,133454,15,,,0,55,,133483,15,,,0,15,,133470,15,,,0,16,,133496,15,,,0,15,,133468,15,,,0,55,,133484,15,,,0,15,,133471,15,,,0,15,,133472,15,,,0,15,,133453,15,,,0,55,,133485,15,,,0,15,,133474,15,,,0,15,,133486,15,,,0,15,,133495,15,,,0,56,,133506,15,,,0,15,,133501,15,,,0,15,,133505,15,,,0,74,,133514,15,,,0,12,,133478,15,,,0,15,,133452,15,,,0,55,,133480,15,,,0,15,,133463,15,,,0,16,,133489,15,,,0,15,,133462,15,,,0,55,,133473,15,,,0,15,,133465,15,,,0,15,,133500,15,,,0,14,,133464,15,,,0,70,,133457,15,,,0,30,,133466,15,,,0,70,,133460,15,,,0,29,,133503,15,,,0,70,,133475,15,,,0,30,,133510,15,,,0,69,,133455,15,,,0,34,,133497,15,,,0,75,,133459,15,,,0,30,,133509,15,,,0,77,,133512,15,,,0
665700,'101',1602,,133451,15,,,0
665700,'2',607,,133539,15,,,0,98,,133543,15,,,0,107,,133541,15,,,0,105,,133526,15,,,0,29,,133553,15,,,0,70,,133522,15,,,0,30,,133549,15,,,0,66,,133516,15,,,0,32,,133537,15,,,0,60,,133548,15,,,0,20,,133554,15,,,0,21,,133527,15,,,0,60,,133546,15,,,0,20,,133555,15,,,0,20,,133542,15,,,0,60,,133551,15,,,0,20,,133521,15,,,0,20,,133556,15,,,0,60,,133550,15,,,0,20,,133520,15,,,0,20,,133528,15,,,0,61,,133538,15,,,0,20,,133519,15,,,0,20,,133535,15,,,0,60,,133540,15,,,0,21,,133518,15,,,0,20,,133524,15,,,0,62,,133525,15,,,0,20,,133517,15,,,0,18,,133547,15,,,0,69,,133533,15,,,0,30,,133544,15,,,0,67,,133536,15,,,0,33,,133530,15,,,0,70,,133523,15,,,0,30,,133552,15,,,0,69,,133534,15,,,0,30,,133545,15,,,0,69,,133529,15,,,0,35,,133531,15,,,0,82,,133532,15,,,0
665700,'201',1602,,133515,15,,,0
665700,'3',714,,133562,15,,,0,100,,133565,15,,,0,100,,133583,15,,,0,31,,133580,15,,,0,70,,133557,15,,,0,30,,133586,15,,,0,71,,133576,15,,,0,30,,133588,15,,,0,71,,133566,15,,,0,31,,133570,15,,,0,70,,133567,15,,,0,30,,133573,15,,,0,70,,133577,15,,,0,30,,133585,15,,,0,70,,133581,15,,,0,30,,133572,15,,,0,70,,133568,15,,,0,30,,133560,15,,,0,70,,133578,15,,,0,30,,133563,15,,,0,70,,133587,15,,,0,29,,133558,15,,,0,69,,133579,15,,,0,30,,133584,15,,,0,70,,133571,15,,,0,30,,133569,15,,,0,69,,133582,15,,,0,30,,133559,15,,,0,69,,133575,15,,,0,30,,133574,15,,,0,70,,133589,15,,,0,30,,133564,15,,,0,85,,133561,15,,,0
3329201,'1',551,,167631,13,,,0,51,,167630,13,,,0,15,,167620,13,,,0,14,,167629,13,,,0,16,,167627,13,,,0,53,,167626,13,,,0,15,,167625,13,,,0,15,,167624,13,,,0,16,,167623,13,,,0,57,,167622,13,,,0,16,,167621,13,,,0,15,,167607,13,,,0,15,,167606,13,,,0,57,,167605,13,,,0,21,,167604,13,,,0,31,,167603,13,,,0,70,,167602,13,,,0,31,,167601,13,,,0,70,,167628,13,,,0,28,,167613,13,,,0,73,,167600,13,,,0,29,,167599,13,,,0,71,,167598,13,,,0,74,,167597,13,,,0,26,,167596,13,,,0,15,,167595,13,,,0,58,,167643,13,,,0,15,,167642,13,,,0,30,,167641,13,,,0,55,,167644,13,,,0,16,,167640,13,,,0,27,,167639,13,,,0,13,,167638,13,,,0,55,,167637,13,,,0,14,,167636,13,,,0,13,,167635,13,,,0,15,,167634,13,,,0,57,,167633,13,,,0,19,,167632,13,,,0,70,,167619,13,,,0,33,,167618,13,,,0,66,,167617,13,,,0,29,,167616,13,,,0,71,,167615,13,,,0,32,,167614,13,,,0,70,,167612,13,,,0,28,,167611,13,,,0,69,,167610,13,,,0,33,,167609,13,,,0,98,,167608,13,,,0
3329201,'101',1533,,167594,13,,,0,99,,167593,13,,,0
3329201,'2',625,,167650,13,,,0,31,,167648,13,,,0,78,,167668,13,,,0,69,,167667,13,,,0,31,,167666,13,,,0,72,,167665,13,,,0,25,,167664,13,,,0,69,,167663,13,,,0,30,,167662,13,,,0,70,,167661,13,,,0,31,,167660,13,,,0,71,,167659,13,,,0,29,,167658,13,,,0,70,,167657,13,,,0,32,,167656,13,,,0,71,,167682,13,,,0,30,,167681,13,,,0,70,,167680,13,,,0,28,,167679,13,,,0,72,,167678,13,,,0,32,,167677,13,,,0,69,,167676,13,,,0,30,,167675,13,,,0,69,,167674,13,,,0,30,,167673,13,,,0,67,,167672,13,,,0,32,,167671,13,,,0,72,,167670,13,,,0,31,,167669,13,,,0,70,,167649,13,,,0,30,,167647,13,,,0,73,,167655,13,,,0,28,,167654,13,,,0,65,,167653,13,,,0,32,,167652,13,,,0,98,,167651,13,,,0
3329201,'201',1527,,167646,13,,,0,105,,167645,13,,,0
3329201,'3',723,,167715,13,,,0,36,,167714,13,,,0,69,,167713,13,,,0,72,,167712,13,,,0,30,,167711,13,,,0,71,,167710,13,,,0,29,,167709,13,,,0,70,,167708,13,,,0,32,,167707,13,,,0,68,,167706,13,,,0,31,,167705,13,,,0,28,,167704,13,,,0,65,,167703,13,,,0,30,,167702,13,,,0,71,,167701,13,,,0,29,,167700,13,,,0,71,,167699,13,,,0,30,,167698,13,,,0,71,,167697,13,,,0,29,,167696,13,,,0,68,,167695,13,,,0,29,,167694,13,,,0,71,,167693,13,,,0,34,,167692,13,,,0,74,,167691,13,,,0,70,,167690,13,,,0,30,,167689,13,,,0,72,,167688,13,,,0,29,,167687,13,,,0,71,,167686,13,,,0,29,,167685,13,,,0,69,,167684,13,,,0,100,,167683,13,,,0
