672400,'1_merged_15291795',427,,88604,2,,,0,26,,88607,2,,,0,60,,88634,2,,,0,24,,88597,2,,,0,20,,88609,2,,,0,53,,88598,2,,,0,15,,88636,2,,,0,14,,88620,2,,,0,12,,88641,2,,,0,54,,88642,2,,,0,15,,88643,2,,,0,13,,88644,2,,,0,14,,88608,2,,,0,12,,88645,2,,,0,57,,88602,2,,,0,15,,88646,2,,,0,14,,88618,2,,,0,55,,88647,2,,,0,16,,88630,2,,,0,17,,88621,2,,,0,17,,88648,2,,,0,58,,88649,2,,,0,21,,88622,2,,,0,18,,88616,2,,,0,60,,88632,2,,,0,20,,88623,2,,,0,19,,88633,2,,,0,60,,88603,2,,,0,21,,88624,2,,,0,19,,88601,2,,,0,59,,88613,2,,,0,20,,88625,2,,,0,20,,88617,2,,,0,60,,88637,2,,,0,14,,88606,2,,,0,15,,88627,2,,,0,14,,88612,2,,,0,55,,88638,2,,,0,15,,88614,2,,,0,14,,88619,2,,,0,17,,88605,2,,,0,56,,88650,2,,,0,15,,88651,2,,,0,15,,88652,2,,,0,15,,88653,2,,,0,55,,88654,2,,,0,18,,88655,2,,,0,15,,88656,2,,,0,19,,88657,2,,,0,55,,88658,2,,,0,18,,88659,2,,,0,15,,88660,2,,,0,57,,88661,2,,,0,16,,88610,2,,,0,19,,88662,2,,,0,66,,88611,2,,,0,25,,88635,2,,,0,29,,88599,2,,,0,71,,88626,2,,,0,30,,88628,2,,,0,78,,88600,2,,,0,64,,88615,2,,,0,30,,88639,2,,,0,70,,88629,2,,,0,30,,88640,2,,,0,27,,88631,2,,,0,58,,88596,2,0,96 99 3 111 43,0,22,,88594,2,0,96 99 3 111 43,0,77,,88595,2,0,96 99 3 111 43,0
672400,'2_merged_15291797',419,,88700,2,,,0,35,,88704,2,,,0,74,,88705,2,,,0,29,,88706,2,,,0,69,,88707,2,,,0,30,,88708,2,,,0,71,,88709,2,,,0,27,,88710,2,,,0,68,,88711,2,,,0,20,,88712,2,,,0,14,,88724,2,,,0,55,,88725,2,,,0,14,,88726,2,,,0,15,,88727,2,,,0,14,,88728,2,,,0,55,,88664,2,,,0,14,,88665,2,,,0,15,,88666,2,,,0,14,,88667,2,,,0,55,,88668,2,,,0,15,,88669,2,,,0,15,,88670,2,,,0,13,,88671,2,,,0,55,,88672,2,,,0,12,,88673,2,,,0,15,,88674,2,,,0,15,,88675,2,,,0,56,,88676,2,,,0,13,,88677,2,,,0,15,,88678,2,,,0,15,,88679,2,,,0,55,,88680,2,,,0,14,,88681,2,,,0,15,,88682,2,,,0,13,,88683,2,,,0,15,,88684,2,,,0,55,,88685,2,,,0,17,,88686,2,,,0,15,,88663,2,,,0,56,,88687,2,,,0,16,,88688,2,,,0,16,,88689,2,,,0,21,,88690,2,,,0,56,,88691,2,,,0,15,,88692,2,,,0,15,,88693,2,,,0,17,,88713,2,,,0,63,,88714,2,,,0,21,,88715,2,,,0,63,,88716,2,,,0,22,,88717,2,,,0,20,,88718,2,,,0,66,,88720,2,,,0,30,,88722,2,,,0,12,,88721,2,0,96 99 3 111 43,0,58,,88723,2,,,0,33,,88696,2,,,0,70,,88697,2,,,0,34,,88698,2,,,0,66,,88719,2,,,0,27,,88701,2,,,0,68,,88695,2,,,0,39,,88702,2,,,0,69,,88694,2,,,0,35,,88699,2,0,96 99 3 111 43,0,69,,88703,2,0,96 99 3 111 43,0
672400,'3_merged_15291796',452,,88753,2,,,0,70,,88757,2,,,0,30,,88758,2,,,0,69,,88759,2,,,0,30,,88760,2,,,0,68,,88761,2,,,0,20,,88762,2,,,0,19,,88763,2,,,0,61,,88764,2,,,0,19,,88765,2,,,0,21,,88766,2,,,0,60,,88767,2,,,0,17,,88768,2,,,0,20,,88769,2,,,0,60,,88770,2,,,0,18,,88771,2,,,0,19,,88772,2,,,0,60,,88773,2,,,0,18,,88774,2,,,0,19,,88775,2,,,0,60,,88776,2,,,0,20,,88777,2,,,0,20,,88778,2,,,0,60,,88779,2,,,0,19,,88780,2,,,0,20,,88781,2,,,0,56,,88740,2,,,0,15,,88782,2,,,0,15,,88783,2,,,0,15,,88784,2,,,0,54,,88741,2,,,0,17,,88785,2,,,0,16,,88786,2,,,0,16,,88787,2,,,0,56,,88742,2,,,0,16,,88788,2,,,0,15,,88789,2,,,0,15,,88729,2,,,0,55,,88743,2,,,0,15,,88730,2,,,0,16,,88731,2,,,0,17,,88732,2,,,0,55,,88744,2,,,0,18,,88738,2,,,0,16,,88739,2,,,0,59,,88737,2,,,0,20,,88745,2,,,0,18,,88733,2,,,0,60,,88734,2,,,0,29,,88735,2,,,0,70,,88736,2,,,0,33,,88749,2,,,0,69,,88750,2,,,0,31,,88751,2,,,0,71,,88746,2,,,0,31,,88754,2,,,0,71,,88748,2,,,0,31,,88755,2,,,0,70,,88747,2,,,0,34,,88752,2,0,96 99 3 111 43,0,70,,88756,2,0,96 99 3 111 43,0
672501,'1_merged_15291795',616,,89083,2,,,0,30,,89084,2,,,0,70,,89085,2,,,0,30,,89086,2,,,0,70,,89087,2,,,0,30,,89088,2,,,0,70,,89089,2,,,0,30,,89090,2,,,0,70,,89091,2,,,0,30,,89092,2,,,0,70,,89093,2,,,0,30,,89094,2,,,0,70,,89095,2,,,0,30,,89096,2,,,0,70,,89097,2,,,0,30,,89098,2,,,0,70,,89099,2,,,0,30,,89100,2,,,0,70,,89101,2,,,0,30,,89102,2,,,0,70,,89103,2,,,0,30,,89104,2,,,0,70,,89105,2,,,0,30,,89106,2,,,0,70,,89107,2,,,0,32,,89108,2,,,0,71,,89109,2,,,0,30,,89110,2,,,0,70,,89111,2,,,0,31,,89112,2,,,0,70,,89113,2,,,0,30,,89114,2,,,0,71,,89115,2,,,0,100,,89116,2,,,0,100,,89117,2,,,0,111,,89118,2,0,96 99 3 111 43,0
672501,'2_merged_15291797',608,,89119,2,,,0,31,,89137,2,,,0,72,,89138,2,,,0,30,,89139,2,,,0,70,,89140,2,,,0,30,,89121,2,,,0,70,,89141,2,,,0,34,,89142,2,,,0,70,,89143,2,,,0,30,,89122,2,,,0,70,,89147,2,,,0,30,,89148,2,,,0,70,,89149,2,,,0,30,,89136,2,,,0,70,,89126,2,,,0,30,,89135,2,,,0,70,,89152,2,,,0,30,,89129,2,,,0,70,,89134,2,,,0,30,,89146,2,,,0,70,,89145,2,,,0,30,,89127,2,,,0,70,,89132,2,,,0,30,,89130,2,,,0,70,,89131,2,,,0,30,,89144,2,,,0,71,,89123,2,,,0,31,,89120,2,,,0,71,,89124,2,,,0,30,,89154,2,,,0,70,,89125,2,,,0,100,,89150,2,,,0,103,,89128,2,,,0,98,,89133,2,,,0
672501,'3_merged_15291796',719,,89161,2,,,0,31,,89158,2,,,0,70,,89160,2,,,0,30,,89173,2,,,0,70,,89187,2,,,0,30,,89186,2,,,0,71,,89185,2,,,0,28,,89183,2,,,0,70,,89167,2,,,0,30,,89171,2,,,0,70,,89162,2,,,0,30,,89163,2,,,0,70,,89164,2,,,0,30,,89159,2,,,0,71,,89165,2,,,0,30,,89166,2,,,0,70,,89189,2,,,0,30,,89174,2,,,0,70,,89175,2,,,0,30,,89170,2,,,0,70,,89168,2,,,0,31,,89182,2,,,0,70,,89188,2,,,0,31,,89155,2,,,0,70,,89156,2,,,0,30,,89157,2,,,0,71,,89176,2,,,0,30,,89177,2,,,0,71,,89178,2,,,0,31,,89179,2,,,0,89,,89180,2,,,0,95,,89181,2,,,0,100,,89184,2,,,0,99,,89169,2,0,96 99 3 111 43,0
682801,'1101_merged_15291806',2032,,96647,2,,,0
682801,'1201_merged_15291788',2032,,96650,2,,,0,108,,96649,2,,,0,107,,96648,2,,,0
682801,'1_merged_15291795',841,,96666,2,,,0,80,,96667,2,,,0,80,,96664,2,,,0,40,,96665,2,,,0,80,,96663,2,,,0,80,,96651,2,,,0,40,,96668,2,,,0,80,,96662,2,,,0,80,,96661,2,,,0,40,,96660,2,,,0,80,,96659,2,,,0,82,,96658,2,,,0,39,,96657,2,,,0,79,,96656,2,,,0,79,,96655,2,,,0,40,,96654,2,,,0,80,,96653,2,,,0,82,,96652,2,,,0
682801,'2_merged_15291797',910,,96680,2,,,0,40,,96679,2,,,0,80,,96678,2,,,0,80,,96677,2,,,0,40,,96676,2,,,0,80,,96675,2,,,0,80,,96674,2,,,0,40,,96673,2,,,0,81,,96672,2,,,0,80,,96671,2,,,0,40,,96670,2,,,0,80,,96669,2,,,0,80,,96688,2,,,0,40,,96687,2,,,0,80,,96686,2,,,0,70,,96685,2,,,0,110,,96684,2,,,0,107,,96683,2,,,0,107,,96682,2,,,0,104,,96681,2,,,0
682801,'3_merged_15291796',1110,,96689,2,,,0,40,,96701,2,,,0,80,,96700,2,,,0,80,,96699,2,,,0,40,,96698,2,,,0,78,,96697,2,,,0,83,,96696,2,,,0,40,,96695,2,,,0,80,,96694,2,,,0,80,,96693,2,,,0,40,,96692,2,,,0,80,,96691,2,,,0,79,,96690,2,,,0
3454301,'1_merged_15291795',1904,,109918,2,,,0,15,,109919,2,,,0,15,,109920,2,,,0,15,,109921,2,,,0,56,,109922,2,,,0,15,,109923,2,,,0,28,,109924,2,,,0,69,,109925,2,,,0,29,,109926,2,,,0,70,,109927,2,,,0,29,,109928,2,,,0,70,,109929,2,,,0,30,,109930,2,,,0,70,,109931,2,,,0
3454301,'2_merged_15291797',518,,109995,2,,,0,35,,109994,2,,,0,70,,109993,2,,,0,30,,109992,2,,,0,68,,109991,2,,,0,29,,109990,2,,,0,66,,109989,2,,,0,20,,109988,2,,,0,20,,109987,2,,,0,58,,109986,2,,,0,20,,109985,2,,,0,20,,109984,2,,,0,59,,109983,2,,,0,19,,109982,2,,,0,20,,109981,2,,,0,60,,109980,2,,,0,20,,109979,2,,,0,20,,109978,2,,,0,60,,109977,2,,,0,20,,109976,2,,,0,20,,109975,2,,,0,60,,109974,2,,,0,20,,109973,2,,,0,20,,109972,2,,,0,60,,109971,2,,,0,20,,109970,2,,,0,21,,109949,2,,,0,60,,109948,2,,,0,20,,109969,2,,,0,21,,109968,2,,,0,57,,109967,2,,,0,21,,109966,2,,,0,22,,109965,2,,,0,61,,109964,2,,,0,20,,109963,2,,,0,20,,109962,2,,,0,62,,109961,2,,,0,31,,109960,2,,,0,71,,109959,2,,,0,33,,109958,2,,,0,70,,109957,2,,,0,31,,109956,2,,,0,70,,109955,2,,,0,31,,109954,2,,,0,70,,109953,2,,,0,100,,109952,2,,,0,96,,109951,2,,,0
3454301,'3_merged_15291796',522,,110004,2,,,0,35,,110005,2,,,0,74,,110036,2,,,0,28,,110037,2,,,0,71,,110038,2,,,0,71,,110006,2,,,0,30,,110007,2,,,0,70,,110008,2,,,0,28,,110009,2,,,0,29,,110010,2,,,0,70,,110001,2,,,0,27,,110011,2,,,0,59,,110012,2,,,0,18,,110002,2,,,0,20,,110013,2,,,0,61,,110014,2,,,0,20,,110003,2,,,0,20,,110015,2,,,0,63,,110016,2,,,0,21,,110000,2,,,0,20,,110017,2,,,0,61,,110018,2,,,0,21,,109997,2,,,0,18,,110019,2,,,0,60,,110020,2,,,0,18,,109998,2,,,0,21,,110021,2,,,0,60,,110022,2,,,0,20,,109999,2,,,0,20,,110023,2,,,0,70,,110024,2,,,0,31,,110035,2,,,0,78,,110025,2,,,0,76,,110026,2,,,0,35,,110027,2,,,0,75,,110030,2,,,0,35,,110029,2,,,0,75,,110028,2,,,0,75,,110031,2,,,0,37,,110032,2,,,0,75,,109996,2,,,0,104,,110033,2,,,0
