661401,'1',2044,,117084,51,,,0,60,,117069,51,,,0,19,,117103,51,,,0
661401,'152201',2146,,117033,31,,,0,61,,117032,31,,,0,17,,117024,31,,,0,19,,117025,31,,,0,59,,117027,31,,,0,19,,117026,31,,,0,20,,117028,31,,,0,60,,117029,31,,,0,18,,117030,31,,,0,23,,117031,31,,,0
661401,'152301',2146,,117043,31,,,0,61,,117034,31,,,0,17,,117035,31,,,0,19,,117036,31,,,0,59,,117037,31,,,0,19,,117038,31,,,0,20,,117039,31,,,0,60,,117040,31,,,0,18,,117041,31,,,0,23,,117042,31,,,0
661401,'2',2045,,117119,51,,,0,58,,117130,51,,,0,20,,117152,31,,,0,20,,117168,31,,,0,60,,117123,31,,,0,20,,117121,31,,,0,21,,117122,31,,,0,60,,117150,31,,,0,18,,117147,31,,,0,20,,117134,31,,,0,60,,117143,31,,,0,20,,117139,31,,,0,20,,117141,31,,,0
661401,'3',2040,,117224,51,,,0,60,,117225,51,,,0,19,,117226,31,,,0,17,,117227,31,,,0,20,,117228,31,,,0,59,,117229,31,,,0,21,,117230,31,,,0,66,,117231,31,,,0,19,,117232,31,,,0,19,,117233,31,,,0,18,,117234,31,,,0,62,,117235,31,,,0,24,,117236,31,,,0
683301,'1',2637,,155320,30,,,0,14,,155323,30,,,0,59,,155321,30,,,0,33,,155322,30,,,0
683301,'2',2643,,155326,30,,,0,13,,155327,30,,,0,60,,155325,30,,,0,21,,155324,30,,,0
683301,'3',2639,,155330,30,,,0,70,,155329,30,,,0,30,,155328,30,,,0
1671801,'1',400,,158713,33,,,0,30,,158714,33,,,0,78,,158715,33,,,0,27,,158647,33,,,0,70,,158648,33,,,0,21,,158690,56,,,0,14,,158691,56,,,0,13,,158692,56,,,0,55,,158716,56,,,0,14,,158693,56,,,0,14,,158694,56,,,0,16,,158695,56,,,0,57,,158696,56,,,0,15,,158712,56,,,0,19,,158697,56,,,0,15,,158698,56,,,0,56,,158699,56,,,0,13,,158700,56,,,0,15,,158701,56,,,0,14,,158702,56,,,0,54,,158703,56,,,0,14,,158704,56,,,0,18,,158705,56,,,0,14,,158706,56,,,0,55,,158707,56,,,0,15,,158708,56,,,0,19,,158683,56,,,0,55,,158684,56,,,0,15,,158685,56,,,0,15,,158686,56,,,0,15,,158687,56,,,0,55,,158688,56,,,0,15,,158689,56,,,0,15,,158650,56,,,0,19,,158651,56,,,0,55,,158652,56,,,0,16,,158653,56,,,0,15,,158654,56,,,0,15,,158655,56,,,0,53,,158656,56,,,0,15,,158657,56,,,0,17,,158658,56,,,0,15,,158659,56,,,0,53,,158660,56,,,0,13,,158661,56,,,0,12,,158662,56,,,0,13,,158663,56,,,0,11,,158664,56,,,0,50,,158665,56,,,0,11,,158666,56,,,0,10,,158667,56,,,0,11,,158668,56,,,0,12,,158669,56,,,0,12,,158670,56,,,0,52,,158671,56,,,0,12,,158672,56,,,0,12,,158673,56,,,0,10,,158674,56,,,0,9,,158675,56,,,0,52,,158676,56,,,0,15,,158677,56,,,0,14,,158678,56,,,0,15,,158679,56,,,0,54,,158680,56,,,0,9,,158682,33,,,0,14,,158649,33,,,0,15,,158681,33,,,0,15,,158709,33,,,0,55,,158710,33,,,0,13,,158711,33,,,0
1671801,'152201',2140,,158615,33,,,0,16,,158616,33,,,0,56,,158617,33,,,0,15,,158618,33,,,0,11,,158619,33,,,0,15,,158620,33,,,0,60,,158621,33,,,0,21,,158622,33,,,0,16,,158623,33,,,0,60,,158624,33,,,0,30,,158625,33,,,0,15,,158627,33,,,0,55,,158626,33,,,0,15,,158628,33,,,0,13,,158629,33,,,0,70,,158614,33,,,0,5,,158613,33,,,0
1671801,'152301',2140,,158638,33,,,0,16,,158639,33,,,0,56,,158640,33,,,0,15,,158641,33,,,0,11,,158642,33,,,0,15,,158643,33,,,0,60,,158644,33,,,0,21,,158645,33,,,0,16,,158646,33,,,0,60,,158635,33,,,0,30,,158630,33,,,0,15,,158637,33,,,0,55,,158631,33,,,0,15,,158636,33,,,0,13,,158632,33,,,0,70,,158633,33,,,0,5,,158634,33,,,0
1671801,'2',359,,158878,33,,,0,70,,158876,33,,,0,81,,158877,33,,,0,36,,158792,33,,,0,74,,158834,56,,,0,20,,158835,56,,,0,15,,158847,56,,,0,54,,158848,56,,,0,19,,158849,56,,,0,15,,158850,56,,,0,14,,158851,56,,,0,57,,158852,56,,,0,16,,158853,56,,,0,15,,158803,56,,,0,57,,158854,56,,,0,17,,158855,56,,,0,17,,158856,56,,,0,16,,158857,56,,,0,55,,158858,56,,,0,20,,158859,56,,,0,16,,158860,56,,,0,57,,158861,56,,,0,16,,158862,56,,,0,12,,158846,56,,,0,12,,158797,56,,,0,12,,158798,56,,,0,55,,158799,56,,,0,12,,158800,56,,,0,13,,158796,56,,,0,12,,158801,56,,,0,12,,158802,56,,,0,53,,158804,56,,,0,12,,158805,56,,,0,12,,158828,56,,,0,10,,158806,56,,,0,10,,158807,56,,,0,50,,158808,56,,,0,10,,158809,56,,,0,10,,158810,56,,,0,10,,158829,56,,,0,10,,158820,56,,,0,10,,158821,56,,,0,50,,158822,56,,,0,10,,158823,56,,,0,10,,158824,56,,,0,10,,158830,56,,,0,10,,158825,56,,,0,10,,158826,56,,,0,50,,158827,56,,,0,10,,158811,56,,,0,12,,158793,56,,,0,10,,158831,56,,,0,10,,158812,56,,,0,8,,158813,56,,,0,50,,158814,56,,,0,10,,158815,56,,,0,10,,158816,56,,,0,10,,158832,56,,,0,10,,158817,56,,,0,8,,158818,56,,,0,50,,158819,56,,,0,10,,158836,56,,,0,10,,158837,56,,,0,9,,158833,56,,,0,12,,158838,56,,,0,12,,158839,56,,,0,52,,158840,56,,,0,12,,158841,56,,,0,10,,158842,56,,,0,12,,158843,56,,,0,13,,158844,56,,,0,53,,158845,56,,,0,12,,158863,33,,,0,15,,158864,33,,,0,15,,158865,33,,,0,55,,158866,33,,,0,14,,158867,33,,,0,15,,158868,33,,,0,9,,158869,33,,,0,14,,158870,33,,,0,55,,158871,33,,,0,15,,158872,33,,,0,15,,158873,33,,,0,60,,158874,33,,,0,20,,158875,33,,,0,20,,158786,33,,,0,19,,158787,33,,,0,61,,158788,33,,,0,22,,158789,33,,,0,70,,158790,33,,,0,27,,158791,33,,,0,69,,158794,33,,,0,11,,158795,33,,,0
1671801,'3',357,,158960,33,,,0,70,,158958,33,,,0,78,,158959,33,,,0,35,,158930,33,,,0,68,,158943,33,,,0,48,,158944,56,,,0,62,,158945,56,,,0,23,,158946,56,,,0,62,,158947,56,,,0,18,,158957,56,,,0,15,,158948,56,,,0,16,,158949,56,,,0,57,,158950,56,,,0,17,,158951,56,,,0,15,,158952,56,,,0,59,,158953,56,,,0,15,,158954,56,,,0,15,,158955,56,,,0,15,,158956,56,,,0,58,,158879,56,,,0,15,,158881,56,,,0,16,,158882,56,,,0,15,,158883,56,,,0,55,,158884,56,,,0,15,,158885,56,,,0,15,,158935,56,,,0,15,,158886,56,,,0,55,,158887,56,,,0,13,,158888,56,,,0,12,,158936,56,,,0,12,,158889,56,,,0,11,,158893,56,,,0,55,,158894,56,,,0,12,,158895,56,,,0,12,,158937,56,,,0,12,,158896,56,,,0,12,,158897,56,,,0,52,,158898,56,,,0,12,,158899,56,,,0,12,,158938,56,,,0,12,,158900,56,,,0,12,,158880,56,,,0,50,,158901,56,,,0,12,,158902,56,,,0,12,,158939,56,,,0,12,,158903,56,,,0,12,,158904,56,,,0,52,,158905,56,,,0,14,,158906,56,,,0,14,,158940,56,,,0,12,,158907,56,,,0,13,,158908,56,,,0,50,,158909,56,,,0,12,,158910,56,,,0,13,,158941,56,,,0,13,,158911,56,,,0,13,,158942,56,,,0,55,,158912,56,,,0,14,,158913,56,,,0,15,,158914,56,,,0,13,,158915,56,,,0,56,,158916,33,,,0,15,,158917,33,,,0,16,,158918,33,,,0,15,,158919,33,,,0,55,,158933,33,,,0,15,,158920,33,,,0,12,,158932,33,,,0,16,,158921,33,,,0,55,,158922,33,,,0,15,,158923,33,,,0,14,,158931,33,,,0,17,,158924,33,,,0,60,,158925,33,,,0,20,,158890,33,,,0,17,,158891,33,,,0,61,,158892,33,,,0,24,,158926,33,,,0,70,,158927,33,,,0,30,,158928,33,,,0,70,,158929,33,,,0,8,,158934,33,,,0
