667700,'101_merged_15529685',1604,,79343,9,,,0
667700,'1101_merged_15529689',2514,,79344,9,,,0
667700,'1201_merged_15529671',2514,,79345,9,,,0
667700,'1_merged_15529678',611,,79383,9,,,0,29,,79356,9,,,0,71,,79364,9,,,0,30,,79371,9,,,0,73,,79381,9,,,0,28,,79367,9,,,0,78,,79351,9,,,0,24,,79389,9,,,0,87,,79350,9,,,0,71,,79358,9,,,0,28,,79365,9,,,0,70,,79363,9,,,0,30,,79362,9,,,0,71,,79372,9,,,0,31,,79349,9,,,0,69,,79387,9,,,0,15,,79352,9,,,0,30,,79353,9,,,0,65,,79346,9,,,0,20,,79377,9,,,0,14,,79357,9,,,0,70,,79360,9,,,0,19,,79368,9,,,0,12,,79361,9,,,0,59,,79378,9,,,0,14,,79373,9,,,0,19,,79384,9,,,0,20,,79388,9,,,0,53,,79374,9,,,0,15,,79385,9,,,0,12,,79382,9,,,0,16,,79375,9,,,0,50,,79355,9,,,0,12,,79376,9,,,0,14,,79370,9,,,0,16,,79390,9,,,0,57,,79366,9,,,0,16,,79348,9,,,0,15,,79386,9,,,0,11,,79347,9,,,0,68,,79379,9,,,0,29,,79369,9,,,0,69,,79359,9,,,0,30,,79392,9,,,0,70,,79380,9,,,0,30,,79391,9,,,0,70,,79354,9,,,0
667700,'2_merged_15529680',645,,79420,9,,,0,66,,79421,9,,,0,30,,79400,9,,,0,70,,79428,9,,,0,31,,79429,9,,,0,72,,79396,9,,,0,30,,79426,9,,,0,69,,79403,9,,,0,32,,79434,9,,,0,71,,79398,9,,,0,28,,79433,9,,,0,71,,79435,9,,,0,30,,79401,9,,,0,70,,79399,9,,,0,32,,79438,9,,,0,56,,79409,9,,,0,20,,79436,9,,,0,22,,79394,9,,,0,59,,79419,9,,,0,19,,79425,9,,,0,22,,79424,9,,,0,59,,79418,9,,,0,20,,79395,9,,,0,20,,79402,9,,,0,60,,79417,9,,,0,24,,79437,9,,,0,19,,79404,9,,,0,60,,79416,9,,,0,23,,79430,9,,,0,20,,79427,9,,,0,64,,79415,9,,,0,16,,79408,9,,,0,15,,79405,9,,,0,55,,79423,9,,,0,16,,79414,9,,,0,29,,79431,9,,,0,72,,79422,9,,,0,28,,79406,9,,,0,69,,79411,9,,,0,30,,79410,9,,,0,70,,79432,9,,,0,30,,79413,9,,,0,69,,79397,9,,,0,32,,79412,9,,,0,66,,79407,9,,,0,36,,79393,9,,,0
667700,'3_merged_15529679',814,,79456,9,,,0,30,,79450,9,,,0,70,,79459,9,,,0,29,,79449,9,,,0,70,,79457,9,,,0,30,,79448,9,,,0,69,,79458,9,,,0,31,,79439,9,,,0,69,,79460,9,,,0,32,,79447,9,,,0,69,,79443,9,,,0,32,,79455,9,,,0,70,,79462,9,,,0,31,,79454,9,,,0,13,,79476,9,,,0,70,,79463,9,,,0,15,,79453,9,,,0,57,,79475,9,,,0,29,,79466,9,,,0,16,,79452,9,,,0,55,,79474,9,,,0,31,,79464,9,,,0,13,,79451,9,,,0,56,,79473,9,,,0,31,,79461,9,,,0,14,,79446,9,,,0,57,,79472,9,,,0,26,,79441,9,,,0,15,,79445,9,,,0,59,,79471,9,,,0,26,,79440,9,,,0,17,,79444,9,,,0,67,,79442,9,,,0,30,,79470,9,,,0,71,,79467,9,,,0,30,,79469,9,,,0,71,,79465,9,,,0,34,,79468,9,,,0
667800,'1_merged_15529678',538,,79634,9,,,0,15,,79636,9,,,0,73,,79638,9,,,0,21,,79650,9,,,0,55,,79618,9,,,0,13,,79614,9,,,0,15,,79653,9,,,0,13,,79627,9,,,0,57,,79654,9,,,0,32,,79647,9,,,0,27,,79624,9,,,0,73,,79652,9,,,0,72,,79646,9,,,0,26,,79620,9,,,0,70,,79625,9,,,0,29,,79639,9,,,0,30,,79656,9,,,0,70,,79629,9,,,0,30,,79619,9,,,0,68,,79621,9,,,0,32,,79630,9,,,0,71,,79644,9,,,0,70,,79626,9,,,0,19,,79655,9,,,0,22,,79659,9,,,0,59,,79660,9,,,0,14,,79643,9,,,0,17,,79649,9,,,0,16,,79658,9,,,0,57,,79616,9,,,0,12,,79645,9,,,0,18,,79657,9,,,0,11,,79631,9,,,0,61,,79632,9,,,0,10,,79613,9,,,0,10,,79642,9,,,0,10,,79615,9,,,0,10,,79617,9,,,0,60,,79633,9,,,0,14,,79622,9,,,0,30,,79628,9,,,0,70,,79641,9,,,0,30,,79623,9,,,0,78,,79640,9,,,0,30,,79635,9,,,0,97,,79637,9,,,0,99,,79648,9,,,0,100,,79651,9,,,0
667800,'2_merged_15529680',603,,79664,3,,,0,24,,79670,9,,,0,30,,79662,9,,,0,70,,79683,9,,,0,30,,79663,9,,,0,72,,79694,9,,,0,30,,79693,9,,,0,70,,79685,9,,,0,30,,79695,9,,,0,70,,79691,9,,,0,30,,79667,9,,,0,69,,79665,9,,,0,28,,79661,9,,,0,74,,79666,9,,,0,29,,79668,9,,,0,70,,79696,9,,,0,71,,79669,9,,,0,29,,79679,9,,,0,29,,79686,9,,,0,70,,79675,9,,,0,30,,79687,9,,,0,73,,79676,9,,,0,69,,79688,9,,,0,30,,79677,9,,,0,70,,79692,9,,,0,30,,79680,9,,,0,70,,79689,9,,,0,30,,79671,9,,,0,70,,79690,9,,,0,30,,79673,9,,,0,70,,79681,9,,,0,28,,79697,9,,,0,17,,79672,9,,,0,70,,79684,9,,,0,30,,79682,9,,,0,100,,79678,9,,,0,100,,79674,9,,,0
667800,'3_merged_15529679',757,,79723,3,,,0,69,,79722,9,,,0,31,,79726,9,,,0,70,,79721,9,,,0,28,,79706,9,,,0,63,,79720,9,,,0,30,,79705,9,,,0,71,,79719,9,,,0,37,,79724,9,,,0,73,,79718,9,,,0,72,,79725,9,,,0,29,,79717,9,,,0,70,,79702,9,,,0,31,,79716,9,,,0,70,,79699,9,,,0,30,,79715,9,,,0,70,,79700,9,,,0,30,,79714,9,,,0,70,,79698,9,,,0,30,,79713,9,,,0,70,,79707,9,,,0,29,,79712,9,,,0,71,,79701,9,,,0,30,,79711,9,,,0,70,,79704,9,,,0,30,,79710,9,,,0,25,,79708,9,,,0,92,,79703,9,,,0,95,,79727,9,,,0,105,,79709,9,,,0,95,,79728,9,,,0
667901,'1_merged_15529678',538,,79951,20,,,0,66,,79952,20,,,0,27,,79966,20,,,0,71,,79953,20,,,0,25,,79965,20,,,0,79,,79945,20,,,0,31,,79969,20,,,0,74,,79960,20,,,0,24,,79940,20,,,0,70,,79959,20,,,0,31,,79938,20,,,0,74,,79968,20,,,0,31,,79941,20,,,0,68,,79956,20,,,0,28,,79947,20,,,0,70,,79955,20,,,0,30,,79946,20,,,0,70,,79958,20,,,0,32,,79962,20,,,0,73,,79944,20,,,0,31,,79961,20,,,0,67,,79939,20,,,0,32,,79970,20,,,0,68,,79964,20,,,0,31,,79954,20,,,0,69,,79950,20,,,0,26,,79943,20,,,0,77,,79949,20,,,0,27,,79942,20,,,0,65,,79937,20,,,0,33,,79963,20,,,0,69,,79967,20,,,0,30,,79948,20,,,0,71,,79957,20,,,0
667901,'2_merged_15529680',630,,80002,20,,,0,71,,79996,20,,,0,30,,79997,20,,,0,72,,79978,20,,,0,30,,79971,20,,,0,70,,79991,20,,,0,30,,79993,20,,,0,74,,79983,20,,,0,29,,79974,20,,,0,71,,79973,20,,,0,31,,79989,20,,,0,70,,79975,20,,,0,30,,79982,20,,,0,70,,79979,20,,,0,30,,79972,20,,,0,70,,79990,20,,,0,30,,80001,20,,,0,70,,79984,20,,,0,30,,79988,20,,,0,70,,79981,20,,,0,30,,79976,20,,,0,73,,79987,20,,,0,22,,79992,20,,,0,73,,80000,20,,,0,31,,79980,20,,,0,68,,79995,20,,,0,30,,79986,20,,,0,69,,79998,20,,,0,31,,79999,20,,,0,71,,79985,20,,,0,30,,79994,20,,,0,70,,79977,20,,,0
667901,'3_merged_15529679',734,,80015,20,,,0,70,,80005,20,,,0,30,,80020,20,,,0,70,,80022,20,,,0,30,,80009,20,,,0,70,,80027,20,,,0,30,,80019,20,,,0,70,,80031,20,,,0,30,,80030,20,,,0,71,,80003,20,,,0,31,,80026,20,,,0,71,,80008,20,,,0,31,,80018,20,,,0,71,,80021,20,,,0,29,,80007,20,,,0,71,,80024,20,,,0,30,,80014,20,,,0,70,,80025,20,,,0,31,,80004,20,,,0,70,,80006,20,,,0,31,,80023,20,,,0,68,,80010,20,,,0,30,,80011,20,,,0,70,,80029,20,,,0,30,,80012,20,,,0,69,,80017,20,,,0,30,,80016,20,,,0,70,,80032,20,,,0,30,,80013,20,,,0,68,,80028,20,,,0
668300,'1_merged_15529678',628,,80832,3,,,0,8,,80828,3,,,0,17,,80827,3,,,0,55,,80826,3,,,0,30,,80824,3,,,0,868,,80822,25,,,0,21,,80833,25,,,0,14,,80834,25,,,0,10,,80835,25,,,0,59,,80829,25,,,0,22,,80831,25,,,0,24,,80820,25,,,0,65,,80823,25,,,0,9,,80821,25,,,0,11,,80819,25,,,0,66,,80818,25,,,0,24,,80825,25,,,0,26,,80830,25,,,0
683700,'1101_merged_15529689',2654,,96920,36,,,0
683700,'1201_merged_15529671',2654,,96921,36,,,0
683700,'1_merged_15529678',2534,,96928,36,,,0,20,,96927,36,,,0,60,,96923,36,,,0,29,,96926,36,,,0,74,,96925,36,,,0,19,,96924,36,,,0,68,,96922,36,,,0
683700,'2_merged_15529680',520,,96937,10,,,0,2020,,96931,36,,,0,62,,96936,36,,,0,14,,96930,36,,,0,19,,96935,36,,,0,20,,96932,36,,,0,70,,96934,36,,,0,12,,96933,36,,,0,74,,96929,36,,,0
683700,'3_merged_15529679',550,,96946,10,,,0,74,,96947,10,,,0,31,,96948,10,,,0,69,,96949,30,,,0,1688,,96942,36,,,0,32,,96941,36,,,0,70,,96940,36,,,0,38,,96939,36,,,0,71,,96938,36,,,0,24,,96945,36,,,0,88,,96944,36,,,0,65,,96943,36,,,0
