'101merged15072437',668500,165500,4,'',0
'1merged15072430',668500,55200,4,'',0,7100,4,'',0,1700,4,'',0,700,4,'',0,7000,4,'',0,1300,4,'',0,1800,4,'',0,5200,4,'',0,1200,4,'',0,2000,4,'',0,1400,4,'',0,5600,4,'',0,1900,4,'',0,2900,4,'',0,6600,4,'',0,2000,4,'',0,7100,4,'',0,2700,4,'',0,7200,4,'',0,3000,4,'',0,7000,4,'',0,3000,4,'',0,6700,4,'',0,3200,4,'',0,6700,4,'',0,2200,4,'',0,2800,4,'',0,5300,4,'',0,1700,4,'',0,1300,4,'',0,7000,4,'',0,1200,4,'',0,1100,4,'',0,1000,4,'',0,1200,4,'',0,500,4,'',0,5400,4,'',0,1500,4,'',0,1600,4,'',0,1500,4,'',0,6400,4,'',0,2600,4,'',0,9800,4,'',0,9600,4,'',0,10300,4,'',0,9800,4,'',0,10000,4,'',0
'201merged15072420',668500,165500,4,'',0
'2merged15072432',668500,60900,4,'',0,3000,4,'',0,7000,4,'',0,3000,4,'',0,7000,4,'',0,3000,4,'',0,7000,4,'',0,2900,4,'',0,7100,4,'',0,3000,4,'',0,7100,4,'',0,3100,4,'',0,6900,4,'',0,2900,4,'',0,7000,4,'',0,3100,4,'',0,6800,4,'',0,2900,4,'',0,7000,4,'',0,3100,4,'',0,7000,4,'',0,3000,4,'',0,6900,4,'',0,3200,4,'',0,7000,4,'',0,3000,4,'',0,7100,4,'',0,2800,4,'',0,10300,4,'',0,10000,4,'',0,9800,4,'',0,10000,4,'',0,10000,4,'',0
'3merged15072431',668500,83500,4,'',0,10200,4,'',0,10000,4,'',0,7200,4,'',0,3300,4,'',0,6700,4,'',0,3200,4,'',0,6900,4,'',0,3000,4,'',0,7000,4,'',0,3100,4,'',0,6900,4,'',0,3000,4,'',0,7200,4,'',0,2900,4,'',0,6900,4,'',0,2900,4,'',0,7300,4,'',0,2800,4,'',0,7500,4,'',0,2200,4,'',0,10300,4,'',0,9900,4,'',0,9800,4,'',0,10500,4,'',0,9700,4,'',0
'6',668500,83500,4,'',0,10200,4,'',0,10000,4,'',0,7200,4,'',0,3300,4,'',0,6700,4,'',0,3200,4,'',0,6900,4,'',0,3000,4,'',0,7000,4,'',0,3100,4,'',0,6900,4,'',0,3000,4,'',0,7200,4,'',0,2900,4,'',0,6900,4,'',0,2900,4,'',0,7300,4,'',0,2800,4,'',0,7500,4,'',0,2200,4,'',0,10300,4,'',0,9900,4,'',0,9800,4,'',0,10500,4,'',0,9700,4,'',0
'1merged15072430',3679901,55200,,'',0,7100,,'',0,1700,,'',0,700,,'',0,7000,,'',0,1300,,'',0,1800,,'',0,5200,,'',0,1200,,'',0,2000,,'',0,1400,,'',0,5600,,'',0,1900,,'',0,2900,,'',0,6600,,'',0,2000,,'',0,7100,,'',0,2700,,'',0,7200,,'',0,3000,,'',0,7000,,'',0,3000,,'',0,6700,,'',0,3200,,'',0,6700,,'',0,2200,,'',0,2800,,'',0,5300,,'',0,1700,,'',0,1300,,'',0,2000,,'',0,5000,,'',0,1200,,'',0,1100,,'',0,1000,,'',0,1200,,'',0,500,,'',0,5400,,'',0,1500,,'',0,1600,,'',0,1500,,'',0,6400,,'',0,2600,,'',0,9800,,'',0,9600,,'',0,10300,,'',0,9800,,'',0,10000,,'',0
'2merged15072432',3679901,60900,,'',0,3000,,'',0,7000,,'',0,3000,,'',0,7000,,'',0,3000,,'',0,7000,,'',0,2900,,'',0,7100,,'',0,3000,,'',0,7100,,'',0,3100,,'',0,6900,,'',0,2900,,'',0,7000,,'',0,3100,,'',0,6800,,'',0,2900,,'',0,7000,,'',0,3100,,'',0,7000,,'',0,3000,,'',0,6900,,'',0,3200,,'',0,7000,,'',0,3000,,'',0,7100,,'',0,2800,,'',0,10300,,'',0,10000,,'',0,9800,,'',0,10000,,'',0,10000,,'',0
'3merged15072431',3679901,83500,,'',0,10200,,'',0,10000,,'',0,7200,,'',0,3300,,'',0,6700,,'',0,3200,,'',0,6900,,'',0,3000,,'',0,7000,,'',0,3100,,'',0,6900,,'',0,3000,,'',0,7200,,'',0,2900,,'',0,6900,,'',0,2900,,'',0,7300,,'',0,2800,,'',0,7500,,'',0,2200,,'',0,10300,,'',0,9900,,'',0,9800,,'',0,10500,,'',0,9700,,'',0
'6',3679901,83500,,'',0,10200,,'',0,10000,,'',0,7200,,'',0,3300,,'',0,6700,,'',0,3200,,'',0,6900,,'',0,3000,,'',0,7000,,'',0,3100,,'',0,6900,,'',0,3000,,'',0,7200,,'',0,2900,,'',0,6900,,'',0,2900,,'',0,7300,,'',0,2800,,'',0,7500,,'',0,2200,,'',0,10300,,'',0,9900,,'',0,9800,,'',0,10500,,'',0,9700,,'',0
