666600,'1',549,,135806,21,,,0,81,,135805,42,,,0,28,,135788,42,,,0,67,,135804,42,,,0,25,,135803,42,,,0,63,,135802,40,,,0,87,,135801,40,,,0,29,,135800,40,,,0,30,,135799,40,,,0,70,,135798,40,,,0,71,,135784,40,,,0,30,,135783,40,,,0,70,,135782,40,,,0,30,,135797,40,,,0,71,,135781,40,,,0,29,,135796,40,,,0,71,,135795,40,,,0,31,,135794,40,,,0,72,,135793,40,,,0,35,,135780,40,,,0,70,,135779,40,,,0,21,,135809,40,,,0,15,,135770,40,,,0,72,,135808,40,,,0,16,,135792,40,,,0,15,,135769,40,,,0,55,,135791,40,,,0,11,,135790,40,,,0,15,,135789,40,,,0,14,,135768,40,,,0,15,,135787,40,,,0,57,,135778,40,,,0,30,,135786,40,,,0,70,,135785,40,,,0,30,,135771,40,,,0,69,,135772,40,,,0,27,,135810,40,,,0,70,,135773,40,,,0,40,,135774,40,,,0,85,,135775,40,,,0,84,,135776,40,,,0,90,,135777,40,,,0,42,,135807,40,,,0
666600,'101',827,,135767,44,,,0,5,,135765,44,,,0,871,,135766,40,,,0
666600,'2',722,,135814,40,,,0,32,,135815,40,,,0,69,,135816,40,,,0,30,,135817,40,,,0,73,,135818,40,,,0,31,,135819,40,,,0,70,,135820,40,,,0,32,,135821,40,,,0,69,,135822,40,,,0,30,,135823,40,,,0,72,,135824,40,,,0,70,,135825,40,,,0,30,,135826,40,,,0,70,,135827,40,,,0,30,,135828,40,,,0,70,,135829,40,,,0,30,,135830,40,,,0,70,,135831,40,,,0,29,,135832,40,,,0,30,,135833,40,,,0,70,,135834,40,,,0,30,,135835,40,,,0,69,,135836,40,,,0,28,,135837,40,,,0,69,,135838,40,,,0,30,,135839,40,,,0,69,,135847,40,,,0,31,,135840,40,,,0,70,,135848,40,,,0,29,,135841,40,,,0,98,,135842,40,,,0,99,,135843,40,,,0,100,,135844,40,,,0,100,,135845,40,,,0,74,,135846,40,,,0
666600,'201',825,,135813,40,,,0,5,,135811,40,,,0,873,,135812,40,,,0
666600,'3',738,,135865,40,,,0,96,,135866,40,,,0,100,,135849,40,,,0,70,,135874,40,,,0,31,,135850,40,,,0,70,,135875,40,,,0,30,,135851,40,,,0,70,,135867,40,,,0,32,,135852,40,,,0,70,,135868,40,,,0,30,,135853,40,,,0,70,,135869,40,,,0,29,,135854,40,,,0,71,,135870,40,,,0,29,,135855,40,,,0,70,,135871,40,,,0,30,,135856,40,,,0,71,,135872,40,,,0,29,,135857,40,,,0,71,,135873,40,,,0,28,,135858,40,,,0,69,,135876,40,,,0,31,,135859,40,,,0,67,,135877,40,,,0,30,,135860,40,,,0,68,,135878,40,,,0,32,,135861,40,,,0,98,,135862,40,,,0,100,,135863,40,,,0,110,,135864,40,,,0
666701,'1',436,,136215,4,,,0,18,,136255,4,,,0,62,,136188,4,,,0,19,,136189,4,,,0,20,,136190,4,,,0,56,,136191,4,,,0,11,,136192,4,,,0,8,,136193,4,,,0,9,,136194,4,,,0,14,,136259,4,,,0,52,,136260,4,,,0,17,,136195,4,,,0,11,,136196,4,,,0,19,,136197,4,,,0,73,,136198,4,,,0,15,,136199,4,,,0,16,,136200,4,,,0,54,,136258,4,,,0,17,,136216,4,,,0,13,,136217,4,,,0,14,,136254,4,,,0,55,,136201,4,,,0,15,,136202,4,,,0,15,,136203,4,,,0,15,,136204,4,,,0,54,,136205,4,,,0,15,,136206,4,,,0,15,,136207,4,,,0,17,,136257,4,,,0,55,,136218,4,,,0,15,,136219,4,,,0,15,,136253,4,,,0,15,,136208,4,,,0,55,,136209,4,,,0,14,,136210,4,,,0,15,,136211,4,,,0,16,,136212,4,,,0,56,,136213,4,,,0,14,,136214,4,,,0,15,,136256,4,,,0,15,,136220,4,,,0,53,,136221,4,,,0,15,,136252,4,,,0,15,,136222,4,,,0,15,,136223,4,,,0,55,,136224,4,,,0,14,,136225,4,,,0,14,,136226,4,,,0,15,,136227,4,,,0,51,,136228,4,,,0,20,,136229,4,,,0,16,,136251,4,,,0,15,,136236,4,,,0,55,,136248,4,,,0,16,,136249,4,,,0,15,,136230,4,,,0,15,,136231,4,,,0,55,,136232,4,,,0,15,,136233,4,,,0,15,,136234,4,,,0,15,,136235,4,,,0,55,,136250,4,,,0,20,,136237,4,,,0,20,,136247,4,,,0,59,,136238,4,,,0,27,,136239,4,,,0,73,,136240,4,,,0,32,,136241,4,,,0,73,,136242,4,,,0,30,,136243,4,,,0,68,,136244,4,,,0,30,,136245,4,,,0,70,,136246,4,,,0
666701,'101',809,,136187,4,,,0
666701,'2',544,,136270,4,,,0,69,,136271,4,,,0,20,,136288,4,,,0,21,,136289,4,,,0,59,,136285,4,,,0,15,,136290,4,,,0,16,,136291,4,,,0,14,,136292,4,,,0,55,,136293,4,,,0,11,,136294,4,,,0,8,,136262,4,,,0,12,,136295,4,,,0,14,,136296,4,,,0,54,,136297,4,,,0,14,,136298,4,,,0,16,,136299,4,,,0,15,,136300,4,,,0,56,,136301,4,,,0,15,,136302,4,,,0,15,,136303,4,,,0,11,,136305,4,,,0,55,,136306,4,,,0,16,,136307,4,,,0,15,,136304,4,,,0,17,,136308,4,,,0,54,,136284,4,,,0,13,,136309,4,,,0,16,,136310,4,,,0,13,,136311,4,,,0,55,,136313,4,,,0,15,,136314,4,,,0,15,,136315,4,,,0,18,,136316,4,,,0,55,,136317,4,,,0,17,,136318,4,,,0,15,,136319,4,,,0,16,,136320,4,,,0,55,,136321,4,,,0,13,,136322,4,,,0,15,,136323,4,,,0,15,,136324,4,,,0,55,,136325,4,,,0,15,,136326,4,,,0,15,,136327,4,,,0,15,,136328,4,,,0,55,,136263,4,,,0,15,,136264,4,,,0,24,,136265,4,,,0,54,,136266,4,,,0,12,,136287,4,,,0,14,,136267,4,,,0,15,,136268,4,,,0,55,,136286,4,,,0,14,,136269,4,,,0,17,,136273,4,,,0,20,,136272,4,,,0,59,,136274,4,,,0,23,,136275,4,,,0,72,,136312,4,,,0,33,,136276,4,,,0,72,,136277,4,,,0,35,,136278,4,,,0,68,,136279,4,,,0,29,,136280,4,,,0,73,,136281,4,,,0,30,,136282,4,,,0,67,,136283,4,,,0
666701,'201',809,,136261,4,,,0
666701,'3',654,,136344,4,,,0,60,,136345,4,,,0,17,,136330,4,,,0,16,,136346,4,,,0,55,,136347,4,,,0,14,,136343,4,,,0,12,,136329,4,,,0,13,,136348,4,,,0,12,,136349,4,,,0,52,,136350,4,,,0,12,,136351,4,,,0,7,,136352,4,,,0,19,,136353,4,,,0,15,,136354,4,,,0,55,,136355,4,,,0,12,,136356,4,,,0,17,,136357,4,,,0,15,,136358,4,,,0,55,,136359,4,,,0,15,,136338,4,,,0,15,,136339,4,,,0,59,,136340,4,,,0,14,,136360,4,,,0,12,,136361,4,,,0,15,,136362,4,,,0,14,,136363,4,,,0,55,,136364,4,,,0,15,,136365,4,,,0,14,,136366,4,,,0,17,,136367,4,,,0,56,,136368,4,,,0,15,,136369,4,,,0,16,,136337,4,,,0,15,,136370,4,,,0,54,,136371,4,,,0,16,,136372,4,,,0,15,,136373,4,,,0,14,,136374,4,,,0,53,,136375,4,,,0,18,,136376,4,,,0,13,,136377,4,,,0,16,,136378,4,,,0,55,,136379,4,,,0,15,,136380,4,,,0,16,,136381,4,,,0,56,,136382,4,,,0,15,,136342,4,,,0,16,,136383,4,,,0,12,,136384,4,,,0,15,,136341,4,,,0,55,,136385,4,,,0,15,,136386,4,,,0,22,,136387,4,,,0,61,,136388,4,,,0,26,,136389,4,,,0,73,,136390,4,,,0,29,,136331,4,,,0,75,,136332,4,,,0,31,,136333,4,,,0,66,,136334,4,,,0,30,,136335,4,,,0,70,,136336,4,,,0
3003900,'1',458,,162040,4,,,0,61,,162038,4,,,0,9,,162041,4,,,0,19,,162037,14,,,0,10,,162054,14,,,0,57,,162036,14,,,0,9,,162055,14,,,0,18,,162035,14,,,0,11,,162042,14,,,0,66,,162034,14,,,0,4,,162043,14,,,0,21,,162028,14,,,0,60,,162044,14,,,0,41,,162045,14,,,0,70,,162046,14,,,0,30,,162047,14,,,0,71,,162048,14,,,0,25,,162049,14,,,0,72,,162050,14,,,0,30,,162051,14,,,0,70,,162052,14,,,0,34,,162053,14,,,0,65,,162056,14,,,0,30,,162057,14,,,0,72,,162058,14,,,0,28,,162039,14,,,0,69,,162014,14,,,0,29,,162015,14,,,0,72,,162016,14,,,0,18,,162059,14,,,0,10,,162033,14,,,0,61,,162017,14,,,0,9,,162032,14,,,0,21,,162018,14,,,0,9,,162031,14,,,0,69,,162019,14,,,0,13,,162030,14,,,0,12,,162020,14,,,0,26,,162021,14,,,0,52,,162029,14,,,0,19,,162022,14,,,0,95,,162023,14,,,0,105,,162024,14,,,0,101,,162025,14,,,0,100,,162026,14,,,0,100,,162027,14,,,0
3003900,'2',646,,162088,4,,,0,70,,162078,14,,,0,31,,162089,14,,,0,70,,162079,14,,,0,29,,162064,14,,,0,70,,162060,14,,,0,29,,162062,14,,,0,68,,162061,14,,,0,32,,162063,14,,,0,68,,162080,14,,,0,30,,162065,14,,,0,70,,162081,14,,,0,30,,162066,14,,,0,70,,162082,14,,,0,30,,162067,14,,,0,70,,162083,14,,,0,30,,162068,14,,,0,70,,162084,14,,,0,30,,162069,14,,,0,70,,162085,14,,,0,30,,162070,14,,,0,70,,162086,14,,,0,30,,162071,14,,,0,70,,162087,14,,,0,31,,162072,14,,,0,86,,162073,14,,,0,99,,162074,14,,,0,100,,162075,14,,,0,103,,162076,14,,,0,102,,162077,14,,,0
3003900,'3',647,,162096,4,,,0,97,,162097,14,,,0,100,,162098,14,,,0,100,,162099,14,,,0,70,,162108,14,,,0,30,,162100,14,,,0,70,,162109,14,,,0,28,,162101,14,,,0,70,,162110,14,,,0,30,,162102,14,,,0,70,,162111,14,,,0,30,,162103,14,,,0,70,,162112,14,,,0,30,,162104,14,,,0,70,,162113,14,,,0,30,,162105,14,,,0,70,,162114,14,,,0,30,,162106,14,,,0,70,,162115,14,,,0,30,,162107,14,,,0,71,,162116,14,,,0,20,,162090,14,,,0,101,,162091,14,,,0,100,,162092,14,,,0,101,,162093,14,,,0,100,,162094,14,,,0,101,,162095,14,,,0
3004000,'1',455,,162223,4,,,0,63,,162228,4,,,0,7,,162242,4,,,0,20,,162227,14,,,0,11,,162243,14,,,0,59,,162226,14,,,0,10,,162244,14,,,0,17,,162225,14,,,0,11,,162245,14,,,0,60,,162224,14,,,0,10,,162246,14,,,0,22,,162263,14,,,0,57,,162247,14,,,0,27,,162248,14,,,0,30,,162249,14,,,0,66,,162250,14,,,0,31,,162251,14,,,0,72,,162252,14,,,0,26,,162253,14,,,0,76,,162254,14,,,0,24,,162255,14,,,0,70,,162256,14,,,0,30,,162257,14,,,0,77,,162258,14,,,0,73,,162259,14,,,0,26,,162260,14,,,0,29,,162261,14,,,0,70,,162262,14,,,0,30,,162241,14,,,0,71,,162229,14,,,0,12,,162268,14,,,0,58,,162230,14,,,0,11,,162267,14,,,0,19,,162231,14,,,0,11,,162266,14,,,0,68,,162232,14,,,0,13,,162265,14,,,0,10,,162233,14,,,0,27,,162234,14,,,0,49,,162264,14,,,0,20,,162235,14,,,0,74,,162236,14,,,0,99,,162237,14,,,0,101,,162238,14,,,0,100,,162239,14,,,0,98,,162240,14,,,0
3004000,'101',1454,,162222,4,,,0
3004000,'2',602,,162279,4,,,0,30,,162287,4,,,0,27,,162280,14,,,0,70,,162288,14,,,0,30,,162300,14,,,0,69,,162289,14,,,0,31,,162269,14,,,0,69,,162290,14,,,0,29,,162270,14,,,0,70,,162291,14,,,0,30,,162271,14,,,0,70,,162292,14,,,0,29,,162272,14,,,0,70,,162293,14,,,0,30,,162273,14,,,0,70,,162294,14,,,0,30,,162274,14,,,0,70,,162295,14,,,0,31,,162275,14,,,0,70,,162296,14,,,0,30,,162276,14,,,0,70,,162297,14,,,0,30,,162277,14,,,0,70,,162298,14,,,0,32,,162278,14,,,0,70,,162299,14,,,0,29,,162281,14,,,0,100,,162282,14,,,0,100,,162283,14,,,0,142,,162284,14,,,0,100,,162285,14,,,0,100,,162286,14,,,0
3004000,'3',601,,162319,4,,,0,99,,162301,14,,,0,59,,162302,14,,,0,99,,162303,14,,,0,100,,162304,14,,,0,99,,162305,14,,,0,70,,162320,14,,,0,29,,162306,14,,,0,70,,162321,14,,,0,30,,162307,14,,,0,70,,162322,14,,,0,30,,162308,14,,,0,70,,162323,14,,,0,30,,162309,14,,,0,70,,162324,14,,,0,74,,162310,14,,,0,27,,162325,14,,,0,30,,162311,14,,,0,70,,162326,14,,,0,30,,162312,14,,,0,143,,162313,14,,,0,59,,162314,14,,,0,100,,162315,14,,,0,141,,162316,14,,,0,100,,162317,14,,,0,100,,162318,14,,,0
