672200,'1',439,,146514,3,,,0,61,,146515,3,,,0,20,,146516,3,,,0,11,,146517,3,,,0,13,,146518,3,,,0,15,,146519,3,,,0,55,,146451,3,,,0,15,,146452,3,,,0,15,,146453,3,,,0,14,,146454,3,,,0,55,,146455,3,,,0,15,,146456,3,,,0,13,,146457,3,,,0,15,,146458,3,,,0,55,,146459,3,,,0,15,,146460,3,,,0,14,,146461,3,,,0,15,,146462,3,,,0,55,,146463,3,,,0,15,,146464,3,,,0,15,,146465,3,,,0,15,,146466,3,,,0,55,,146467,3,,,0,15,,146468,3,,,0,15,,146469,3,,,0,15,,146470,3,,,0,55,,146471,3,,,0,15,,146472,3,,,0,15,,146473,3,,,0,15,,146474,3,,,0,55,,146475,3,,,0,15,,146476,3,,,0,15,,146477,3,,,0,15,,146478,3,,,0,55,,146479,3,,,0,15,,146480,3,,,0,15,,146481,3,,,0,15,,146482,3,,,0,55,,146483,3,,,0,15,,146484,3,,,0,12,,146485,3,,,0,14,,146486,3,,,0,57,,146487,3,,,0,17,,146488,3,,,0,32,,146489,3,,,0,55,,146490,3,,,0,16,,146491,3,,,0,15,,146492,3,,,0,15,,146493,3,,,0,55,,146494,3,,,0,15,,146495,3,,,0,18,,146496,3,,,0,55,,146497,3,,,0,15,,146498,3,,,0,15,,146499,3,,,0,16,,146500,3,,,0,55,,146501,3,,,0,15,,146502,3,,,0,17,,146503,3,,,0,20,,146504,3,,,0,70,,146505,3,,,0,31,,146506,3,,,0,70,,146507,3,,,0,31,,146508,3,,,0,71,,146509,3,,,0,31,,146510,3,,,0,69,,146511,3,,,0,100,,146512,3,,,0,100,,146513,3,,,0
672200,'101',1459,,146450,3,,,0,85,,146449,3,,,0
672200,'2',501,,146530,3,,,0,33,,146581,3,,,0,70,,146575,3,,,0,30,,146582,3,,,0,67,,146544,3,,,0,20,,146566,3,,,0,20,,146571,3,,,0,60,,146532,3,,,0,17,,146538,3,,,0,16,,146570,3,,,0,14,,146547,3,,,0,55,,146529,3,,,0,13,,146578,3,,,0,15,,146569,3,,,0,15,,146565,3,,,0,55,,146560,3,,,0,15,,146540,3,,,0,15,,146528,3,,,0,14,,146531,3,,,0,55,,146550,3,,,0,14,,146551,3,,,0,15,,146527,3,,,0,15,,146552,3,,,0,15,,146574,3,,,0,55,,146549,3,,,0,15,,146526,3,,,0,15,,146563,3,,,0,15,,146545,3,,,0,55,,146580,3,,,0,15,,146525,3,,,0,15,,146572,3,,,0,15,,146533,3,,,0,55,,146534,3,,,0,15,,146524,3,,,0,15,,146535,3,,,0,15,,146536,3,,,0,55,,146556,3,,,0,15,,146523,3,,,0,15,,146537,3,,,0,15,,146577,3,,,0,55,,146548,3,,,0,15,,146522,3,,,0,15,,146554,3,,,0,15,,146555,3,,,0,56,,146561,3,,,0,15,,146521,3,,,0,15,,146562,3,,,0,59,,146557,3,,,0,20,,146539,3,,,0,20,,146564,3,,,0,60,,146568,3,,,0,22,,146541,3,,,0,20,,146542,3,,,0,62,,146567,3,,,0,20,,146543,3,,,0,20,,146573,3,,,0,70,,146553,3,,,0,30,,146576,3,,,0,73,,146546,3,,,0,103,,146558,3,,,0,100,,146579,3,,,0,101,,146559,3,,,0
672200,'201',1544,,146520,3,,,0
672200,'3',511,,146606,3,,,0,30,,146594,3,,,0,70,,146605,3,,,0,30,,146593,3,,,0,70,,146604,3,,,0,27,,146603,3,,,0,65,,146633,3,,,0,19,,146621,3,,,0,21,,146626,3,,,0,60,,146583,3,,,0,20,,146611,3,,,0,20,,146623,3,,,0,60,,146584,3,,,0,20,,146622,3,,,0,20,,146601,3,,,0,62,,146585,3,,,0,20,,146619,3,,,0,21,,146629,3,,,0,58,,146586,3,,,0,20,,146618,3,,,0,20,,146617,3,,,0,60,,146587,3,,,0,20,,146616,3,,,0,20,,146615,3,,,0,60,,146588,3,,,0,20,,146614,3,,,0,20,,146613,3,,,0,60,,146589,3,,,0,20,,146602,3,,,0,20,,146612,3,,,0,61,,146590,3,,,0,20,,146610,3,,,0,20,,146609,3,,,0,60,,146591,3,,,0,20,,146608,3,,,0,20,,146620,3,,,0,63,,146592,3,,,0,20,,146599,3,,,0,20,,146600,3,,,0,60,,146631,3,,,0,20,,146598,3,,,0,20,,146597,3,,,0,60,,146632,3,,,0,20,,146595,3,,,0,29,,146624,3,,,0,70,,146628,3,,,0,30,,146630,3,,,0,70,,146596,3,,,0,100,,146607,3,,,0,100,,146625,3,,,0,98,,146627,3,,,0
672301,'1',547,,146950,31,,,0,71,,146951,31,,,0,14,,146952,31,,,0,17,,146953,31,,,0,55,,146954,31,,,0,14,,146955,31,,,0,17,,146956,31,,,0,14,,146957,31,,,0,55,,146958,31,,,0,16,,146959,31,,,0,17,,146960,31,,,0,15,,146961,31,,,0,55,,146962,31,,,0,15,,146963,31,,,0,15,,146964,31,,,0,15,,146965,31,,,0,59,,146966,31,,,0,24,,146967,31,,,0,67,,146968,31,,,0,29,,146969,31,,,0,71,,146970,31,,,0,30,,146971,31,,,0,70,,146972,31,,,0,30,,146973,31,,,0,26,,146974,31,,,0,70,,146975,31,,,0,21,,146976,31,,,0,61,,146977,31,,,0,19,,146978,31,,,0,21,,146979,31,,,0,55,,146980,31,,,0,16,,146981,31,,,0,14,,146982,31,,,0,15,,146983,31,,,0,55,,146984,31,,,0,15,,146985,31,,,0,15,,146986,31,,,0,15,,146987,31,,,0,52,,146988,31,,,0,15,,146989,31,,,0,14,,146990,31,,,0,70,,146992,31,,,0,15,,146993,31,,,0,13,,146994,31,,,0,15,,146995,31,,,0,58,,147004,31,,,0,31,,146996,31,,,0,70,,147003,31,,,0,30,,146997,31,,,0,70,,147002,31,,,0,31,,146998,31,,,0,108,,146999,31,,,0,110,,147000,31,,,0,152,,147001,31,,,0
672301,'2',620,,147023,31,,,0,214,,147011,31,,,0,1004,,147035,31,,,0,70,,147031,31,,,0,30,,147005,31,,,0,321,,147020,31,,,0,96,,147036,31,,,0
672301,'3',707,,147063,31,,,0,102,,147064,31,,,0,29,,147065,31,,,0,69,,147062,31,,,0,30,,147061,31,,,0,71,,147070,31,,,0,31,,147060,31,,,0,802,,147051,31,,,0,72,,147052,31,,,0,30,,147053,31,,,0,70,,147055,31,,,0,28,,147056,31,,,0,70,,147049,31,,,0,29,,147048,31,,,0,70,,147068,31,,,0,29,,147040,31,,,0,70,,147039,31,,,0,30,,147069,31,,,0,93,,147071,31,,,0
682801,'1',908,,155190,36,,,0,40,,155191,36,,,0,79,,155188,36,,,0,79,,155189,36,,,0,42,,155187,36,,,0,80,,155175,36,,,0,80,,155192,36,,,0,40,,155186,36,,,0,81,,155185,36,,,0,80,,155184,36,,,0,40,,155183,36,,,0,82,,155182,36,,,0,79,,155181,36,,,0,39,,155180,36,,,0,78,,155179,36,,,0,79,,155178,36,,,0,40,,155177,36,,,0,81,,155176,36,,,0
682801,'101',1528,,155170,24,0,32,0
682801,'1101',2057,,155171,36,,,0
682801,'1201',2057,,155174,36,,,0,146,,155173,36,,,0,107,,155172,36,,,0
682801,'2',932,,155204,36,,,0,82,,155203,36,,,0,40,,155202,36,,,0,80,,155201,36,,,0,80,,155200,36,,,0,40,,155199,36,,,0,80,,155198,36,,,0,80,,155197,36,,,0,42,,155196,36,,,0,80,,155195,36,,,0,82,,155194,36,,,0,40,,155193,36,,,0,79,,155212,36,,,0,80,,155211,36,,,0,40,,155210,36,,,0,68,,155209,36,,,0,110,,155208,36,,,0,105,,155207,36,,,0,107,,155206,36,,,0,104,,155205,36,,,0
682801,'3',1133,,155213,36,,,0,80,,155225,36,,,0,43,,155224,36,,,0,80,,155223,36,,,0,80,,155222,36,,,0,37,,155221,36,,,0,82,,155220,36,,,0,79,,155219,36,,,0,41,,155218,36,,,0,80,,155217,36,,,0,80,,155216,36,,,0,38,,155215,36,,,0,80,,155214,36,,,0
