672201,'1',545,,146637,29,,,0,1410,,146693,29,,,0,70,,146695,29,,,0,321,,146702,29,,,0,99,,146704,29,,,0,205,,146706,29,,,0
672201,'2',1859,,146759,29,,,0,786,,146726,29,,,0
672201,'3',2056,,146783,29,,,0,589,,146811,29,,,0
672701,'1',629,,147974,55,,,0,28,,147975,55,,,0,83,,147995,59,,,0,64,,147996,59,,,0,21,,147997,59,,,0,20,,147998,59,,,0,68,,147999,59,,,0,28,,148000,59,,,0,69,,148001,59,,,0,28,,148002,55,,,0,68,,148003,55,,,0,28,,148004,55,,,0,71,,148005,55,,,0,24,,148006,55,,,0,30,,148007,55,,,0,69,,148008,55,,,0,21,,148009,55,,,0,93,,148010,60,,,0,13,,148011,55,,,0,71,,148012,55,,,0,89,,147976,60,,,0,8,,147977,55,,,0,27,,147978,59,,,0,54,,147979,59,,,0,23,,147980,60,,,0,28,,147982,59,,,0,53,,147981,59,,,0,22,,147983,59,,,0,99,,147986,55,,,0,78,,147988,55,,,0,23,,147989,55,,,0,20,,147990,55,,,0,92,,147992,55,,,0,73,,147993,55,,,0,115,,147969,55,,,0,27,,147970,55,,,0,78,,147973,55,,,0,91,,147971,60,,,0,96,,147972,55,,,0
672701,'2',637,,148019,55,,,0,201,,148018,55,,,0,1003,,148033,55,,,0,70,,148026,55,,,0,29,,148035,55,,,0,301,,148024,55,,,0,100,,148022,55,,,0,188,,148044,55,,,0
672701,'3',711,,148053,55,,,0,102,,148059,55,,,0,101,,148056,55,,,0,105,,148072,55,,,0,30,,148077,55,,,0,803,,148050,55,,,0,68,,148049,55,,,0,33,,148079,55,,,0,69,,148069,55,,,0,30,,148071,55,,,0,68,,148052,55,,,0,30,,148073,55,,,0,70,,148074,55,,,0,28,,148075,55,,,0,86,,148076,55,,,0,94,,148057,55,,,0,95,,148080,55,,,0
3454201,'1',516,,168992,39,,,0,30,,168994,39,,,0,55,,168995,39,,,0,15,,168996,39,,,0,15,,168997,39,,,0,15,,168998,39,,,0,56,,168999,39,,,0,14,,169000,39,,,0,13,,169001,39,,,0,13,,169002,39,,,0,14,,169003,39,,,0,52,,169004,39,,,0,12,,169005,39,,,0,12,,169006,39,,,0,13,,169007,39,,,0,14,,169008,39,,,0,52,,169009,39,,,0,12,,169010,39,,,0,10,,169011,39,,,0,12,,169012,39,,,0,11,,169013,39,,,0,52,,169014,39,,,0,12,,169015,39,,,0,13,,169016,39,,,0,12,,169017,39,,,0,55,,169018,39,,,0,15,,169019,39,,,0,15,,169020,39,,,0,15,,169021,39,,,0,55,,169022,39,,,0,15,,169023,39,,,0,15,,169024,39,,,0,15,,169025,39,,,0,55,,169026,39,,,0,16,,169027,39,,,0,15,,169028,39,,,0,15,,169029,39,,,0,55,,169030,39,,,0,15,,169031,39,,,0,15,,169032,39,,,0,16,,169033,39,,,0,58,,169034,39,,,0,15,,169035,39,,,0,15,,169036,39,,,0,14,,169037,39,,,0,55,,169038,39,,,0,29,,169039,39,,,0,14,,169040,39,,,0,11,,169041,39,,,0,51,,169042,39,,,0,12,,169043,39,,,0,13,,169044,39,,,0,12,,169045,39,,,0,12,,169046,39,,,0,52,,169047,39,,,0,12,,169048,39,,,0,9,,169049,39,,,0,12,,169050,39,,,0,12,,169051,39,,,0,51,,169052,39,,,0,14,,169053,39,,,0,15,,169054,39,,,0,15,,169055,39,,,0,55,,169056,39,,,0,15,,169057,39,,,0,13,,169058,39,,,0,15,,169059,39,,,0,55,,169060,39,,,0,15,,169061,39,,,0,15,,169062,39,,,0,15,,169063,39,,,0,55,,169064,39,,,0,15,,169065,39,,,0,14,,169066,39,,,0,15,,169067,39,,,0,54,,169068,39,,,0,18,,169069,39,,,0,19,,169070,39,,,0,20,,169071,39,,,0,60,,169072,39,,,0,16,,169073,39,,,0,21,,169074,39,,,0,80,,169076,39,,,0,70,,169077,39,,,0
3454201,'101',1618,,168991,39,,,0
3454201,'2',539,,169134,39,,,0,70,,169133,39,,,0,20,,169132,39,,,0,21,,169131,39,,,0,60,,169130,39,,,0,21,,169129,39,,,0,20,,169128,39,,,0,60,,169127,39,,,0,22,,169126,39,,,0,20,,169105,39,,,0,57,,169104,39,,,0,15,,169125,39,,,0,15,,169124,39,,,0,16,,169123,39,,,0,55,,169122,39,,,0,17,,169121,39,,,0,15,,169120,39,,,0,15,,169119,39,,,0,55,,169118,39,,,0,18,,169117,39,,,0,15,,169116,39,,,0,55,,169115,39,,,0,15,,169114,39,,,0,15,,169113,39,,,0,14,,169112,39,,,0,55,,169111,39,,,0,15,,169110,39,,,0,15,,169109,39,,,0,15,,169108,39,,,0,55,,169107,39,,,0,15,,169106,39,,,0,15,,169135,39,,,0,15,,169136,39,,,0,55,,169137,39,,,0,15,,169138,39,,,0,15,,169139,39,,,0,15,,169140,39,,,0,55,,169141,39,,,0,15,,169142,39,,,0,15,,169143,39,,,0,15,,169144,39,,,0,55,,169145,39,,,0,15,,169146,39,,,0,16,,169147,39,,,0,15,,169148,39,,,0,55,,169149,39,,,0,15,,169150,39,,,0,14,,169151,39,,,0,15,,169152,39,,,0,55,,169103,39,,,0,15,,169102,39,,,0,15,,169101,39,,,0,15,,169100,39,,,0,13,,169099,39,,,0,55,,169098,39,,,0,15,,169097,39,,,0,15,,169096,39,,,0,15,,169095,39,,,0,55,,169094,39,,,0,15,,169093,39,,,0,15,,169092,39,,,0,57,,169091,39,,,0,20,,169090,39,,,0,20,,169089,39,,,0,60,,169088,39,,,0,20,,169087,39,,,0,18,,169086,39,,,0,20,,169085,39,,,0,60,,169084,39,,,0,17,,169083,39,,,0,20,,169082,39,,,0,60,,169081,39,,,0,19,,169080,39,,,0,73,,169079,39,,,0
3454201,'201',1618,,169078,39,,,0
3454201,'3',538,,169208,39,,,0,70,,169207,39,,,0,20,,169206,39,,,0,21,,169205,39,,,0,62,,169204,39,,,0,21,,169203,39,,,0,20,,169202,39,,,0,62,,169201,39,,,0,20,,169200,39,,,0,20,,169179,39,,,0,55,,169178,39,,,0,15,,169199,39,,,0,15,,169198,39,,,0,17,,169197,39,,,0,55,,169196,39,,,0,15,,169195,39,,,0,15,,169194,39,,,0,15,,169193,39,,,0,55,,169192,39,,,0,17,,169191,39,,,0,15,,169190,39,,,0,15,,169189,39,,,0,55,,169188,39,,,0,15,,169187,39,,,0,15,,169186,39,,,0,15,,169185,39,,,0,55,,169184,39,,,0,15,,169183,39,,,0,15,,169182,39,,,0,15,,169181,39,,,0,55,,169180,39,,,0,15,,169209,39,,,0,15,,169210,39,,,0,15,,169211,39,,,0,55,,169212,39,,,0,15,,169213,39,,,0,15,,169214,39,,,0,16,,169215,39,,,0,55,,169216,39,,,0,14,,169217,39,,,0,15,,169218,39,,,0,15,,169219,39,,,0,55,,169220,39,,,0,15,,169221,39,,,0,15,,169222,39,,,0,15,,169223,39,,,0,55,,169224,39,,,0,15,,169225,39,,,0,15,,169226,39,,,0,15,,169177,39,,,0,55,,169176,39,,,0,16,,169175,39,,,0,15,,169174,39,,,0,14,,169173,39,,,0,55,,169172,39,,,0,15,,169171,39,,,0,15,,169170,39,,,0,15,,169169,39,,,0,55,,169168,39,,,0,13,,169167,39,,,0,15,,169166,39,,,0,15,,169165,39,,,0,60,,169164,39,,,0,19,,169163,39,,,0,20,,169162,39,,,0,60,,169161,39,,,0,18,,169160,39,,,0,20,,169159,39,,,0,60,,169158,39,,,0,19,,169157,39,,,0,20,,169156,39,,,0,60,,169155,39,,,0,19,,169154,39,,,0,80,,169153,39,,,0
