'101merged15072437',1294000,162200,,'',0,2700,,'',0
'1merged15072430',1294000,50300,4,'',0,3200,,'',0,7000,,'',0,3200,,'',0,7500,,'',0,3400,,'',0,7200,,'',0,3100,4,'',0,7100,4,'',0,2900,4,'',0,7000,4,'',0,3000,4,'',0,7000,4,'',0,3100,4,'',0,7000,4,'',0,3100,4,'',0,7000,4,'',0,3000,4,'',0,6900,4,'',0,2900,4,'',0,7200,4,'',0,3200,4,'',0,16200,,'',0,2600,,'',0,6500,,'',0,3300,,'',0,1900,,'',0,6800,4,'',0,2900,4,'',0,7000,4,'',0,2800,4,'',0,7300,4,'',0,7400,4,'',0,10000,4,'',0,10000,4,'',0
'1merged15072430',1294001,51100,,'',0,3900,,'',0,7300,,'',0,3300,,'',0,7300,,'',0,7200,,'',0,3100,,'',0,7000,,'',0,2900,,'',0,2800,,'',0,7000,,'',0,3000,,'',0,7000,,'',0,3000,,'',0,7000,,'',0,3000,,'',0,7000,,'',0,7200,,'',0,3200,,'',0,7000,,'',0,3000,,'',0,7200,,'',0,3700,,'',0,7200,,'',0,3000,,'',0,1300,,'',0,6600,,'',0,3100,,'',0,5900,,'',0,2500,,'',0,6600,,'',0,3000,,'',0,7000,,'',0,3000,,'',0,7500,,'',0,10000,,'',0,10000,,'',0
'201merged15072420',1294000,162200,,'',0,2700,,'',0
'2merged15072432',1294000,63000,4,'',0,7300,4,'',0,3100,4,'',0,7000,4,'',0,3600,4,'',0,7000,4,'',0,3000,4,'',0,7000,4,'',0,3000,4,'',0,7000,4,'',0,3000,4,'',0,7000,4,'',0,3100,4,'',0,7000,4,'',0,3000,4,'',0,7100,4,'',0,3000,4,'',0,7000,4,'',0,3000,4,'',0,7000,4,'',0,3000,4,'',0,7000,4,'',0,2800,4,'',0,6900,4,'',0,3000,4,'',0,6800,4,'',0,3000,4,'',0,7000,4,'',0,2900,4,'',0,7000,4,'',0,9700,4,'',0,10000,4,'',0,10200,4,'',0
'2merged15072432',1294001,64500,,'',0,7200,,'',0,3000,,'',0,7000,,'',0,3000,,'',0,7000,,'',0,3000,,'',0,7000,,'',0,3000,,'',0,7000,,'',0,3000,,'',0,7000,,'',0,3000,,'',0,7000,,'',0,3000,,'',0,7000,,'',0,3000,,'',0,7000,,'',0,3000,,'',0,7200,,'',0,3000,,'',0,7000,,'',0,3000,,'',0,7000,,'',0,3000,,'',0,7000,,'',0,3000,,'',0,7000,,'',0,3000,,'',0,7000,,'',0,9600,,'',0,10000,,'',0,10000,,'',0
'3merged15072431',1294000,63700,4,'',0,7400,4,'',0,3000,4,'',0,7200,4,'',0,3200,4,'',0,7100,4,'',0,3000,4,'',0,7100,4,'',0,3000,4,'',0,7000,4,'',0,3100,4,'',0,7100,4,'',0,3100,4,'',0,7000,4,'',0,3000,4,'',0,6900,4,'',0,3000,4,'',0,7000,4,'',0,2900,4,'',0,7000,4,'',0,3000,4,'',0,7000,4,'',0,3000,4,'',0,7100,4,'',0,3100,4,'',0,7100,4,'',0,3000,4,'',0,7000,4,'',0,3100,4,'',0,7100,4,'',0,9900,4,'',0,10000,4,'',0,10000,4,'',0
'3merged15072431',1294001,64500,,'',0,7500,,'',0,3500,,'',0,7500,,'',0,7000,,'',0,3000,,'',0,7000,,'',0,3000,,'',0,7000,,'',0,3000,,'',0,7000,,'',0,3000,,'',0,7000,,'',0,3000,,'',0,7000,,'',0,3000,,'',0,7000,,'',0,3000,,'',0,7000,,'',0,3000,,'',0,7000,,'',0,3000,,'',0,7000,,'',0,3000,,'',0,7000,,'',0,3000,,'',0,7000,,'',0,3000,,'',0,7000,,'',0,3000,,'',0,10000,,'',0,10000,,'',0,10000,,'',0
'6',1294000,63700,4,'',0,7400,4,'',0,3000,4,'',0,7200,4,'',0,3200,4,'',0,7100,4,'',0,3000,4,'',0,7100,4,'',0,3000,4,'',0,7000,4,'',0,3100,4,'',0,7100,4,'',0,3100,4,'',0,7000,4,'',0,3000,4,'',0,6900,4,'',0,3000,4,'',0,7000,4,'',0,2900,4,'',0,7000,4,'',0,3000,4,'',0,7000,4,'',0,3000,4,'',0,7100,4,'',0,3100,4,'',0,7100,4,'',0,3000,4,'',0,7000,4,'',0,3100,4,'',0,7100,4,'',0,9900,4,'',0,10000,4,'',0,10000,4,'',0
'6',1294001,64500,,'',0,7500,,'',0,3500,,'',0,7500,,'',0,7000,,'',0,3000,,'',0,7000,,'',0,3000,,'',0,7000,,'',0,3000,,'',0,7000,,'',0,3000,,'',0,7000,,'',0,3000,,'',0,7000,,'',0,3000,,'',0,7000,,'',0,3000,,'',0,7000,,'',0,3000,,'',0,7000,,'',0,3000,,'',0,7000,,'',0,3000,,'',0,7000,,'',0,3000,,'',0,7000,,'',0,3000,,'',0,7000,,'',0,3000,,'',0,10000,,'',0,10000,,'',0,10000,,'',0
