3004201,'2',848,,162518,9,,,0,74,,162519,9,,,0,36,,162520,9,,,0,74,,162521,9,,,0,75,,162522,9,,,0,35,,162523,9,,,0,75,,162524,9,,,0,35,,162525,9,,,0,76,,162526,9,,,0,75,,162527,9,,,0,36,,162528,9,,,0,75,,162529,9,,,0,35,,162530,9,,,0,74,,162531,9,,,0,35,,162532,9,,,0,74,,162533,9,,,0,74,,162534,9,,,0,33,,162535,9,,,0,73,,162536,9,,,0
3004201,'3',847,,162537,9,,,0,75,,162538,9,,,0,35,,162539,9,,,0,75,,162540,9,,,0,75,,162541,9,,,0,35,,162542,9,,,0,75,,162543,9,,,0,35,,162544,9,,,0,75,,162545,9,,,0,75,,162546,9,,,0,35,,162547,9,,,0,75,,162548,9,,,0,35,,162549,9,,,0,75,,162550,9,,,0,35,,162551,9,,,0,75,,162552,9,,,0,73,,162553,9,,,0,32,,162554,9,,,0,75,,162555,9,,,0
3004501,'1',551,,163124,22,,,0,69,,163125,22,,,0,30,,163126,22,,,0,73,,163127,22,,,0,25,,163128,22,,,0,74,,163138,22,,,0,23,,163129,22,,,0,72,,163130,22,,,0,29,,163131,22,,,0,66,,163132,22,,,0,35,,163118,22,,,0,68,,163133,22,,,0,30,,163119,22,,,0,71,,163134,22,,,0,30,,163120,22,,,0,73,,163135,22,,,0,30,,163121,22,,,0,67,,163136,19,,,0,30,,163122,19,,,0,68,,163137,19,,,0,30,,163123,19,,,0,70,,163108,19,,,0,25,,163109,19,,,0,81,,163110,19,,,0,30,,163111,19,,,0,70,,163112,19,,,0,36,,163113,19,,,0,57,,163117,19,,,0,32,,163114,19,,,0,78,,163115,19,,,0,100,,163116,19,,,0
3004501,'2',909,,163151,22,,,0,30,,163152,22,,,0,70,,163150,22,,,0,30,,163153,22,,,0,71,,163149,22,,,0,30,,163154,22,,,0,70,,163148,22,,,0,30,,163155,22,,,0,69,,163147,22,,,0,33,,163163,19,,,0,72,,163146,19,,,0,31,,163156,19,,,0,69,,163145,19,,,0,30,,163157,19,,,0,70,,163144,19,,,0,30,,163158,19,,,0,70,,163143,19,,,0,30,,163159,19,,,0,70,,163142,19,,,0,28,,163160,19,,,0,70,,163141,19,,,0,25,,163161,19,,,0,75,,163140,19,,,0,30,,163162,19,,,0,70,,163139,19,,,0
3004501,'3',908,,163176,22,,,0,30,,163177,22,,,0,71,,163175,22,,,0,32,,163178,22,,,0,70,,163174,22,,,0,30,,163179,22,,,0,70,,163173,22,,,0,30,,163180,22,,,0,73,,163172,22,,,0,29,,163181,19,,,0,72,,163171,19,,,0,29,,163182,19,,,0,71,,163170,19,,,0,29,,163183,19,,,0,70,,163169,19,,,0,29,,163184,19,,,0,70,,163168,19,,,0,30,,163185,19,,,0,70,,163167,19,,,0,30,,163186,19,,,0,68,,163166,19,,,0,29,,163187,19,,,0,70,,163165,19,,,0,30,,163188,19,,,0,70,,163164,19,,,0
3004601,'1',457,,163347,27,,,0,62,,163348,27,,,0,20,,163349,27,,,0,18,,163350,27,,,0,55,,163351,27,,,0,15,,163333,27,,,0,16,,163352,27,,,0,12,,163353,27,,,0,57,,163354,27,,,0,13,,163355,27,,,0,18,,163334,27,,,0,12,,163384,27,,,0,53,,163363,27,,,0,13,,163364,27,,,0,20,,163365,27,,,0,61,,163366,27,,,0,30,,163367,27,,,0,69,,163368,27,,,0,30,,163369,27,,,0,73,,163370,27,,,0,31,,163371,27,,,0,69,,163372,27,,,0,32,,163373,27,,,0,70,,163374,27,,,0,30,,163375,27,,,0,70,,163376,27,,,0,31,,163377,27,,,0,69,,163378,27,,,0,18,,163331,27,,,0,20,,163382,27,,,0,61,,163385,27,,,0,23,,163383,27,,,0,72,,163356,27,,,0,12,,163357,27,,,0,13,,163358,27,,,0,15,,163359,27,,,0,13,,163360,27,,,0,55,,163361,27,,,0,23,,163362,27,,,0,21,,163332,27,,,0,64,,163380,27,,,0,17,,163381,27,,,0,69,,163335,27,,,0,28,,163336,27,,,0,72,,163379,27,,,0,27,,163337,27,,,0,30,,163338,27,,,0,70,,163346,27,,,0,30,,163339,27,,,0,70,,163340,27,,,0,30,,163345,27,,,0,70,,163341,27,,,0,30,,163342,27,,,0,70,,163344,27,,,0,30,,163343,27,,,0
3004601,'101',1643,,163330,27,,,0
3004601,'2',537,,163424,27,,,0,70,,163399,27,,,0,30,,163425,27,,,0,70,,163426,27,,,0,31,,163427,27,,,0,70,,163387,27,,,0,30,,163388,27,,,0,72,,163389,27,,,0,30,,163390,27,,,0,70,,163391,27,,,0,31,,163392,27,,,0,72,,163393,27,,,0,30,,163394,27,,,0,70,,163395,27,,,0,30,,163396,27,,,0,70,,163397,27,,,0,32,,163398,27,,,0,70,,163400,27,,,0,30,,163401,27,,,0,70,,163402,27,,,0,30,,163403,27,,,0,70,,163404,27,,,0,30,,163405,27,,,0,70,,163406,27,,,0,30,,163407,27,,,0,67,,163408,27,,,0,30,,163409,27,,,0,70,,163410,27,,,0,29,,163411,27,,,0,70,,163412,27,,,0,30,,163413,27,,,0,71,,163414,27,,,0,29,,163415,27,,,0,69,,163416,27,,,0,31,,163417,27,,,0,69,,163418,27,,,0,30,,163419,27,,,0,70,,163420,27,,,0,28,,163421,27,,,0,70,,163422,27,,,0,30,,163423,27,,,0
3004601,'201',1643,,163386,27,,,0
3004601,'3',537,,163429,27,,,0,70,,163430,27,,,0,30,,163431,27,,,0,70,,163432,27,,,0,30,,163433,27,,,0,70,,163434,27,,,0,31,,163435,27,,,0,70,,163436,27,,,0,30,,163437,27,,,0,71,,163438,27,,,0,32,,163439,27,,,0,70,,163440,27,,,0,30,,163441,27,,,0,72,,163428,27,,,0,30,,163442,27,,,0,70,,163443,27,,,0,30,,163444,27,,,0,70,,163445,27,,,0,30,,163446,27,,,0,70,,163447,27,,,0,29,,163448,27,,,0,70,,163449,27,,,0,33,,163450,27,,,0,67,,163451,27,,,0,33,,163452,27,,,0,67,,163453,27,,,0,30,,163454,27,,,0,70,,163455,27,,,0,29,,163456,27,,,0,70,,163457,27,,,0,29,,163458,27,,,0,70,,163459,27,,,0,30,,163460,27,,,0,70,,163461,27,,,0,27,,163462,27,,,0,70,,163463,27,,,0,30,,163464,27,,,0,70,,163465,27,,,0,30,,163466,27,,,0,70,,163467,27,,,0
