674900,'101_merged_15524965',743,,92280,40,0,62 63 64,0,69,,92281,22,,,0,3,,92280,60,0,62 63 64,0
674900,'1_merged_15524958',555,,92345,40,,,0,53,,92346,40,,,0,17,,92347,40,,,0,18,,92348,40,,,0,59,,92349,40,,,0,14,,92350,40,,,0,17,,92351,40,,,0,75,,92352,40,,,0,43,,92291,40,,,0,68,,92337,40,,,0,29,,92339,40,,,0,67,,92342,40,,,0,33,,92344,40,,,0,71,,92317,40,,,0,28,,92319,40,,,0,72,,92321,40,,,0,32,,92323,40,,,0,70,,92325,40,,,0,30,,92327,40,,,0,68,,92329,40,,,0,100,,92331,40,,,0,15,,92332,40,,,0,15,,92333,40,,,0,52,,92334,40,,,0,17,,92335,40,,,0,15,,92283,40,,,0,16,,92289,40,,,0,63,,92311,40,,,0,6,,92293,40,,,0,21,,92282,40,,,0,5,,92312,40,,,0,62,,92313,40,,,0,7,,92314,40,,,0,15,,92315,40,,,0,16,,92316,40,,,0,7,,92290,40,,,0,59,,92284,40,,,0,9,,92294,40,,,0,16,,92295,40,,,0,15,,92306,40,,,0,56,,92307,40,,,0,13,,92308,40,,,0,30,,92310,40,,,0,55,,92288,40,,,0,14,,92285,40,,,0,29,,92299,40,,,0,70,,92300,40,,,0,27,,92301,40,,,0,70,,92286,40,,,0,29,,92303,40,,,0,70,,92297,40,,,0,25,,92302,40,,,0,70,,92287,40,,,0
674900,'2_merged_15524960',641,,92357,40,,,0,70,,92358,40,,,0,29,,92359,40,,,0,15,,92360,40,,,0,70,,92362,40,,,0,27,,92364,40,,,0,71,,92366,40,,,0,34,,92368,40,,,0,72,,92370,40,,,0,28,,92372,40,,,0,73,,92374,40,,,0,70,,92376,40,,,0,31,,92378,40,,,0,72,,92380,40,,,0,27,,92382,40,,,0,71,,92384,40,,,0,28,,92386,40,,,0,30,,92388,40,,,0,72,,92390,40,,,0,71,,92392,40,,,0,32,,92394,40,,,0,66,,92396,40,,,0,27,,92398,40,,,0,29,,92400,40,,,0,71,,92402,40,,,0,31,,92404,40,,,0,55,,92405,40,,,0,12,,92406,40,,,0,20,,92407,40,,,0,60,,92408,40,,,0,17,,92409,40,,,0,22,,92410,40,,,0,60,,92411,40,,,0,19,,92412,40,,,0,25,,92413,40,,,0,70,,92414,40,,,0,28,,92415,40,,,0,70,,92416,40,,,0,26,,92417,40,,,0,70,,92418,40,,,0,29,,92419,40,,,0,70,,92420,40,,,0
674900,'3_merged_15524959',644,,92451,40,,,0,73,,92450,40,,,0,23,,92456,40,,,0,72,,92455,40,,,0,31,,92466,40,,,0,71,,92464,40,,,0,34,,92462,40,,,0,72,,92485,40,,,0,30,,92460,40,,,0,69,,92458,40,,,0,24,,92454,40,,,0,73,,92452,40,,,0,32,,92426,40,,,0,71,,92424,40,,,0,28,,92422,40,,,0,64,,92483,40,,,0,36,,92481,40,,,0,70,,92479,40,,,0,29,,92476,40,,,0,70,,92474,40,,,0,30,,92472,40,,,0,71,,92470,40,,,0,29,,92468,40,,,0,70,,92449,40,,,0,34,,92447,40,,,0,70,,92445,40,,,0,25,,92443,40,,,0,70,,92441,40,,,0,30,,92438,40,,,0,66,,92436,40,,,0,20,,92435,40,,,0,20,,92434,40,,,0,71,,92433,40,,,0,31,,92432,40,,,0,70,,92431,40,,,0,28,,92430,40,,,0,70,,92429,40,,,0,29,,92428,40,,,0
674900,'701_merged_15524952',1504,,92487,40,0,62 63 64,0
674900,'801_merged_15524970',1459,,92488,40,,,0
680500,'1_merged_15524958',658,,94031,7,,,0,200,,94030,7,,,0,200,,94029,7,,,0,242,,94028,7,,,0,229,,94027,7,,,0,175,,94026,7,,,0,196,,94032,7,,,0
680500,'2_merged_15524960',858,,94035,7,,,0,200,,94036,7,,,0,201,,94037,7,,,0,199,,94038,7,,,0,198,,94033,7,,,0,202,,94034,7,,,0
3404200,'101_merged_15524965',802,,108553,9,,,0,698,,108555,9,,,0,8,,108554,9,,,0,94,,108556,9,,,0
3404200,'1_merged_15524958',509,,108579,9,,,0,30,,108569,9,,,0,63,,108568,9,,,0,5,,108578,9,,,0,25,,108560,9,,,0,5,,108559,9,,,0,65,,108577,9,,,0,5,,108580,9,,,0,31,,108567,9,,,0,69,,108576,9,,,0,30,,108566,9,,,0,70,,108575,9,,,0,100,,108574,9,,,0,100,,108573,9,,,0,103,,108572,9,,,0,98,,108571,9,,,0,94,,108570,9,,,0,36,,108581,9,,,0,84,,108565,9,,,0,26,,108582,9,,,0,68,,108564,9,,,0,111,,108563,17,,,0,78,,108558,9,,,0,42,,108557,9,,,0,102,,108562,9,,,0,100,,108561,9,,,0
3404200,'2_merged_15524960',811,,108588,9,,,0,100,,108589,9,,,0,100,,108587,9,,,0,101,,108590,9,,,0,100,,108586,9,,,0,100,,108591,9,,,0,100,,108585,9,,,0,100,,108592,9,,,0,101,,108584,9,,,0,99,,108593,9,,,0,100,,108583,9,,,0
3404200,'3_merged_15524959',806,,108599,9,,,0,100,,108600,9,,,0,100,,108598,9,,,0,100,,108601,9,,,0,100,,108597,9,,,0,101,,108602,9,,,0,100,,108596,9,,,0,100,,108603,9,,,0,100,,108595,9,,,0,100,,108604,9,,,0,100,,108594,9,,,0
