672700,'1',448,,30939,40,,,0,65,,30940,40,,,0,41,,30928,40,,,0,57,,30941,40,,,0,24,,30942,40,,,0,19,,30943,40,,,0,56,,30944,40,,,0,26,,30945,40,,,0,21,,30946,40,,,0,63,,30947,40,,,0,25,,30948,40,,,0,80,,30950,40,,,0,30,,30951,40,,,0,97,,30953,40,,,0,100,,30955,40,,,0,99,,30957,40,,,0,90,,30959,40,,,0,88,,30961,40,,,0,72,,30962,40,,,0,21,,30963,40,,,0,21,,30964,40,,,0,86,,30965,40,,,0,23,,30966,40,,,0,57,,30967,40,,,0,19,,30968,40,,,0,15,,30969,40,,,0,57,,30970,40,,,0,28,,30971,40,,,0,30,,30972,40,,,0,68,,30929,40,,,0,33,,30938,40,,,0,69,,30930,40,,,0,73,,30931,40,,,0,31,,30936,40,,,0,81,,30937,40,,,0,30,,30932,40,,,0,74,,30933,40,,,0,94,,30934,40,,,0,102,,30935,40,,,0
672700,'101',1607,,30973,40,,,0
672700,'2',739,,30977,40,,,0,105,,31008,40,,,0,101,,30985,40,,,0,101,,30997,40,,,0,99,,31004,40,,,0,104,,30981,40,,,0,99,,30980,40,,,0,103,,30988,40,,,0,103,,30989,40,,,0,94,,30999,40,,,0,99,,31001,40,,,0,96,,31003,40,,,0,113,,30996,40,,,0,70,,30990,40,,,0,20,,30991,40,,,0,69,,31007,40,,,0,29,,30986,40,,,0,70,,31002,40,,,0,25,,30983,40,,,0,77,,30978,40,,,0,106,,30993,40,,,0,91,,31005,40,,,0
672700,'201',1607,,31009,40,,,0
672700,'3',758,,31010,40,,,0,101,,31019,40,,,0,93,,31022,40,,,0,90,,31030,40,,,0,93,,31037,40,,,0,93,,31040,40,,,0,100,,31027,40,,,0,102,,31014,40,,,0,100,,31036,40,,,0,98,,31041,40,,,0,99,,31034,40,,,0,27,,31035,40,,,0,67,,31032,40,,,0,30,,31011,40,,,0,70,,31023,40,,,0,33,,31020,40,,,0,69,,31021,40,,,0,28,,31017,40,,,0,69,,31018,40,,,0,28,,31039,40,,,0,69,,31025,40,,,0,30,,31031,40,,,0,65,,31015,40,,,0,98,,31016,40,,,0,101,,31033,40,,,0
673000,'1',505,,31689,5,,,0,16,,31690,5,,,0,16,,31691,5,,,0,15,,31692,5,,,0,50,,31736,5,,,0,10,,31693,5,,,0,10,,31694,5,,,0,10,,31695,5,,,0,11,,31696,5,,,0,10,,31697,5,,,0,50,,31698,5,,,0,11,,31699,5,,,0,10,,31735,5,,,0,10,,31700,5,,,0,10,,31701,5,,,0,10,,31702,5,,,0,52,,31703,5,,,0,13,,31704,5,,,0,13,,31705,5,,,0,12,,31706,5,,,0,12,,31707,5,,,0,52,,31708,5,,,0,10,,31734,5,,,0,10,,31709,5,,,0,13,,31710,5,,,0,15,,31711,5,,,0,56,,31712,5,,,0,16,,31713,5,,,0,20,,31714,5,,,0,61,,31715,5,,,0,20,,31716,5,,,0,20,,31717,5,,,0,60,,31718,5,,,0,20,,31719,5,,,0,20,,31720,5,,,0,60,,31721,5,,,0,17,,31722,5,,,0,15,,31723,5,,,0,15,,31724,5,,,0,55,,31725,5,,,0,15,,31726,5,,,0,15,,31727,5,,,0,15,,31728,5,,,0,52,,31729,5,,,0,12,,31730,5,,,0,13,,31731,5,,,0,12,,31732,5,,,0,64,,31733,5,,,0,12,,31670,5,,,0,12,,31671,5,,,0,12,,31672,5,,,0,12,,31673,5,,,0,52,,31674,5,,,0,12,,31675,5,,,0,12,,31676,5,,,0,11,,31677,5,,,0,15,,31678,5,,,0,55,,31679,5,,,0,15,,31680,5,,,0,15,,31681,5,,,0,67,,31682,5,,,0,30,,31683,5,,,0,70,,31684,5,,,0,33,,31685,5,,,0,70,,31686,5,,,0,100,,31687,5,,,0,100,,31688,5,,,0
673000,'101',1557,,31737,5,,,0
673000,'2',658,,31765,5,,,0,60,,31753,5,,,0,20,,31755,5,,,0,20,,31775,5,,,0,60,,31752,5,,,0,21,,31764,5,,,0,20,,31776,5,,,0,62,,31751,5,,,0,20,,31763,5,,,0,60,,31777,5,,,0,21,,31750,5,,,0,20,,31767,5,,,0,60,,31762,5,,,0,20,,31749,5,,,0,17,,31782,5,,,0,16,,31768,5,,,0,55,,31738,5,,,0,15,,31769,5,,,0,14,,31783,5,,,0,14,,31748,5,,,0,55,,31761,5,,,0,15,,31747,5,,,0,16,,31784,5,,,0,15,,31770,5,,,0,55,,31760,5,,,0,15,,31746,5,,,0,16,,31771,5,,,0,15,,31778,5,,,0,55,,31759,5,,,0,14,,31745,5,,,0,15,,31772,5,,,0,15,,31758,5,,,0,55,,31779,5,,,0,15,,31744,5,,,0,15,,31774,5,,,0,15,,31757,5,,,0,55,,31780,5,,,0,15,,31773,5,,,0,15,,31785,5,,,0,15,,31743,5,,,0,55,,31756,5,,,0,20,,31742,5,,,0,20,,31781,5,,,0,60,,31754,5,,,0,20,,31741,5,,,0,30,,31766,5,,,0,70,,31740,5,,,0,30,,31739,5,,,0,99,,31786,5,,,0,100,,31787,5,,,0
673000,'201',1557,,31788,5,,,0
673000,'3',801,,31822,5,,,0,18,,31802,5,,,0,22,,31812,5,,,0,60,,31823,5,,,0,23,,31801,5,,,0,20,,31811,5,,,0,61,,31824,5,,,0,21,,31800,5,,,0,22,,31814,5,,,0,59,,31810,5,,,0,20,,31799,5,,,0,21,,31815,5,,,0,60,,31789,5,,,0,20,,31816,5,,,0,20,,31798,5,,,0,60,,31809,5,,,0,20,,31797,5,,,0,21,,31817,5,,,0,61,,31808,5,,,0,12,,31827,5,,,0,15,,31796,5,,,0,15,,31818,5,,,0,55,,31807,5,,,0,15,,31828,5,,,0,15,,31795,5,,,0,15,,31819,5,,,0,55,,31806,5,,,0,15,,31829,5,,,0,15,,31794,5,,,0,15,,31821,5,,,0,55,,31805,5,,,0,15,,31830,5,,,0,15,,31820,5,,,0,15,,31793,5,,,0,54,,31804,5,,,0,19,,31792,5,,,0,20,,31825,5,,,0,60,,31803,5,,,0,20,,31791,5,,,0,20,,31826,5,,,0,60,,31813,5,,,0,20,,31831,5,,,0,20,,31790,5,,,0,100,,31832,5,,,0,99,,31833,5,,,0
