667700,'101_merged_15529685',1616,,79343,19,,,0
667700,'1101_merged_15529689',2521,,79344,19,,,0
667700,'1201_merged_15529671',2521,,79345,19,,,0
667700,'1_merged_15529678',619,,79383,19,,,0,29,,79356,19,,,0,71,,79364,19,,,0,30,,79371,19,,,0,73,,79381,19,,,0,29,,79367,19,,,0,78,,79351,19,,,0,24,,79389,19,,,0,87,,79350,19,,,0,71,,79358,19,,,0,29,,79365,19,,,0,70,,79363,19,,,0,30,,79362,19,,,0,71,,79372,19,,,0,31,,79349,19,,,0,69,,79387,19,,,0,16,,79352,19,,,0,31,,79353,19,,,0,65,,79346,19,,,0,20,,79377,19,,,0,14,,79357,19,,,0,70,,79360,19,,,0,19,,79368,19,,,0,12,,79361,19,,,0,59,,79378,19,,,0,12,,79373,19,,,0,19,,79384,19,,,0,60,,79388,19,,,0,13,,79374,19,,,0,15,,79385,19,,,0,12,,79382,19,,,0,56,,79375,19,,,0,10,,79355,19,,,0,11,,79376,19,,,0,14,,79370,19,,,0,16,,79390,19,,,0,57,,79366,19,,,0,15,,79348,19,,,0,15,,79386,19,,,0,11,,79347,19,,,0,68,,79379,19,,,0,29,,79369,19,,,0,69,,79359,19,,,0,30,,79392,19,,,0,69,,79380,19,,,0,30,,79391,19,,,0,70,,79354,19,,,0
667700,'2_merged_15529680',652,,79420,19,,,0,66,,79421,19,,,0,31,,79400,19,,,0,70,,79428,19,,,0,31,,79429,19,,,0,72,,79396,19,,,0,30,,79426,19,,,0,69,,79403,19,,,0,32,,79434,19,,,0,71,,79398,19,,,0,28,,79433,19,,,0,71,,79435,19,,,0,31,,79401,19,,,0,70,,79399,19,,,0,32,,79438,19,,,0,56,,79409,19,,,0,20,,79436,19,,,0,22,,79394,19,,,0,59,,79419,19,,,0,19,,79425,19,,,0,22,,79424,19,,,0,59,,79418,19,,,0,20,,79395,19,,,0,21,,79402,19,,,0,59,,79417,19,,,0,24,,79437,19,,,0,19,,79404,19,,,0,60,,79416,19,,,0,23,,79430,19,,,0,20,,79427,19,,,0,64,,79415,19,,,0,16,,79408,19,,,0,14,,79405,19,,,0,55,,79423,19,,,0,16,,79414,19,,,0,29,,79431,19,,,0,72,,79422,19,,,0,28,,79406,19,,,0,69,,79411,19,,,0,30,,79410,19,,,0,70,,79432,19,,,0,30,,79413,19,,,0,69,,79397,19,,,0,32,,79412,19,,,0,65,,79407,19,,,0,36,,79393,19,,,0
667700,'3_merged_15529679',822,,79456,19,,,0,30,,79450,19,,,0,70,,79459,19,,,0,29,,79449,19,,,0,70,,79457,19,,,0,30,,79448,19,,,0,69,,79458,19,,,0,32,,79439,19,,,0,69,,79460,19,,,0,32,,79447,19,,,0,69,,79443,19,,,0,32,,79455,19,,,0,70,,79462,19,,,0,31,,79454,19,,,0,53,,79476,19,,,0,30,,79463,19,,,0,15,,79453,19,,,0,57,,79475,19,,,0,29,,79466,19,,,0,16,,79452,19,,,0,55,,79474,19,,,0,32,,79464,19,,,0,13,,79451,19,,,0,56,,79473,19,,,0,29,,79461,19,,,0,14,,79446,19,,,0,57,,79472,19,,,0,26,,79441,19,,,0,15,,79445,19,,,0,59,,79471,19,,,0,26,,79440,19,,,0,17,,79444,19,,,0,67,,79442,19,,,0,30,,79470,19,,,0,71,,79467,19,,,0,30,,79469,19,,,0,71,,79465,19,,,0,34,,79468,19,,,0
683700,'1101_merged_15529689',2659,,96920,46,,,0
683700,'1201_merged_15529671',2659,,96921,46,,,0
683700,'1_merged_15529678',2539,,96928,46,,,0,20,,96927,46,,,0,60,,96923,46,,,0,29,,96926,46,,,0,74,,96925,46,,,0,19,,96924,46,,,0,68,,96922,46,,,0
683700,'2_merged_15529680',527,,96937,20,,,0,2019,,96931,46,,,0,62,,96936,46,,,0,14,,96930,46,,,0,19,,96935,46,,,0,60,,96932,46,,,0,30,,96934,46,,,0,12,,96933,46,,,0,74,,96929,46,,,0
683700,'3_merged_15529679',557,,96946,20,,,0,74,,96947,20,,,0,71,,96948,20,,,0,30,,96949,40,,,0,1687,,96942,46,,,0,32,,96941,46,,,0,70,,96940,46,,,0,37,,96939,46,,,0,71,,96938,46,,,0,24,,96945,46,,,0,88,,96944,46,,,0,65,,96943,46,,,0
