681500,'1',437,,153208,10,,,0,90,,153189,10,,,0,30,,153207,10,,,0,70,,153188,10,,,0,30,,153206,10,,,0,70,,153187,10,,,0,30,,153205,10,,,0,100,,153204,10,,,0,100,,153203,10,,,0,100,,153202,10,,,0,100,,153201,10,,,0,100,,153200,10,,,0,100,,153199,10,,,0,100,,153198,10,,,0,100,,153197,10,,,0,100,,153196,10,,,0,100,,153195,10,,,0,100,,153194,10,,,0,100,,153193,10,,,0,100,,153192,10,,,0,100,,153191,10,,,0,100,,153190,10,,,0
681500,'1803',1857,,153186,10,,,0,100,,153185,10,,,0,100,,153184,10,,,0,100,,153183,10,,,0
681500,'2',757,,153209,10,,,0,100,,153210,10,,,0,100,,153211,10,,,0,100,,153212,10,,,0,100,,153213,10,,,0,100,,153214,10,,,0,100,,153215,10,,,0,100,,153216,10,,,0,100,,153217,10,,,0,100,,153218,10,,,0,100,,153219,10,,,0,100,,153220,10,,,0,100,,153221,10,,,0,100,,153222,10,,,0,100,,153223,10,,,0,100,,153224,10,,,0
681500,'3',857,,153230,10,,,0,100,,153229,10,,,0,100,,153228,10,,,0,100,,153227,10,,,0,100,,153226,10,,,0,100,,153225,10,,,0,100,,153234,10,,,0,100,,153233,10,,,0,100,,153231,10,,,0,100,,153232,10,,,0
1870500,'1',613,,159558,30,,,0,14,,159562,30,,,0,16,,159569,30,,,0,15,,159542,30,,,0,55,,159543,30,,,0,15,,159563,30,,,0,17,,159577,30,,,0,56,,159573,30,,,0,15,,159544,30,,,0,15,,159545,30,,,0,20,,159564,30,,,0,60,,159546,30,,,0,20,,159547,30,,,0,20,,159530,30,,,0,64,,159531,30,,,0,30,,159532,30,,,0,71,,159533,30,,,0,32,,159534,30,,,0,70,,159561,30,,,0,30,,159535,30,,,0,70,,159536,30,,,0,31,,159538,30,,,0,62,,159537,30,,,0,20,,159565,30,,,0,20,,159571,30,,,0,61,,159539,30,,,0,20,,159566,30,,,0,20,,159540,30,,,0,60,,159541,30,,,0,20,,159567,30,,,0,19,,159548,30,,,0,57,,159549,30,,,0,18,,159570,30,,,0,16,,159572,30,,,0,60,,159568,30,,,0,20,,159550,30,,,0,18,,159551,30,,,0,60,,159552,30,,,0,19,,159553,30,,,0,30,,159554,30,,,0,69,,159555,30,,,0,30,,159556,30,,,0,70,,159557,30,,,0,96,,159574,30,,,0,98,,159575,30,,,0,100,,159576,30,,,0
1870500,'2',614,,159601,30,,,0,33,,159602,30,,,0,71,,159603,30,,,0,31,,159604,30,,,0,72,,159605,30,,,0,31,,159606,30,,,0,71,,159607,30,,,0,30,,159608,30,,,0,71,,159578,30,,,0,30,,159579,30,,,0,72,,159580,30,,,0,31,,159581,30,,,0,71,,159582,30,,,0,31,,159583,30,,,0,71,,159584,30,,,0,27,,159585,30,,,0,68,,159586,30,,,0,29,,159587,30,,,0,70,,159588,30,,,0,30,,159589,30,,,0,71,,159590,30,,,0,30,,159591,30,,,0,69,,159592,30,,,0,28,,159593,30,,,0,70,,159597,30,,,0,31,,159594,30,,,0,70,,159595,30,,,0,29,,159596,30,,,0,70,,159598,30,,,0,30,,159599,30,,,0,70,,159600,30,,,0,93,,159609,30,,,0,100,,159610,30,,,0,100,,159611,30,,,0
1870500,'3',614,,159616,30,,,0,30,,159617,30,,,0,70,,159618,30,,,0,30,,159619,30,,,0,70,,159627,30,,,0,31,,159620,30,,,0,71,,159621,30,,,0,30,,159622,30,,,0,72,,159623,30,,,0,30,,159624,30,,,0,70,,159625,30,,,0,30,,159626,30,,,0,70,,159628,30,,,0,30,,159629,30,,,0,70,,159630,30,,,0,32,,159631,30,,,0,70,,159632,30,,,0,31,,159633,30,,,0,71,,159634,30,,,0,30,,159635,30,,,0,70,,159636,30,,,0,29,,159637,30,,,0,70,,159638,30,,,0,29,,159639,30,,,0,70,,159640,30,,,0,29,,159641,30,,,0,70,,159642,30,,,0,29,,159612,30,,,0,70,,159613,30,,,0,30,,159614,30,,,0,70,,159615,30,,,0,99,,159643,30,,,0,98,,159644,30,,,0,100,,159645,30,,,0
3404501,'1',708,,168458,13,,,0,100,,168457,13,,,0,100,,168456,13,,,0,100,,168455,13,,,0,100,,168454,13,,,0,100,,168453,13,,,0,100,,168452,13,,,0,100,,168451,13,,,0,100,,168450,13,,,0,100,,168449,13,,,0,100,,168448,13,,,0,100,,168447,13,,,0,100,,168446,13,,,0,100,,168445,13,,,0,100,,168444,13,,,0,99,,168443,13,,,0,101,,168442,13,,,0,100,,168459,13,,,0
3404501,'2',808,,168460,13,,,0,100,,168461,13,,,0,100,,168462,13,,,0,100,,168463,13,,,0,100,,168464,13,,,0,100,,168465,13,,,0,100,,168466,13,,,0,100,,168467,13,,,0,100,,168468,13,,,0,100,,168469,13,,,0,100,,168470,13,,,0,100,,168471,13,,,0,100,,168472,13,,,0,100,,168473,13,,,0,100,,168474,13,,,0,100,,168475,13,,,0,100,,168476,13,,,0
3404501,'3',908,,168482,13,,,0,100,,168481,13,,,0,100,,168480,13,,,0,100,,168479,13,,,0,100,,168478,13,,,0,100,,168477,13,,,0,100,,168490,13,,,0,100,,168489,13,,,0,100,,168483,13,,,0,100,,168487,13,,,0,100,,168486,13,,,0,100,,168488,13,,,0,100,,168485,13,,,0,100,,168484,13,,,0,100,,168491,13,,,0,100,,168492,13,,,0
5312700,'2',842,,181206,9,,,0,100,,181207,9,,,0,100,,181208,9,,,0,100,,181209,9,,,0,100,,181210,9,,,0,100,,181211,9,,,0,100,,181212,9,,,0,100,,181213,9,,,0,100,,181214,9,,,0,100,,181215,9,,,0,100,,181216,9,,,0,100,,181217,9,,,0,100,,181218,9,,,0
5312700,'3',842,,181219,9,,,0,100,,181220,9,,,0,100,,181221,9,,,0,100,,181222,9,,,0,100,,181223,9,,,0,100,,181224,9,,,0,100,,181225,9,,,0,100,,181226,9,,,0,100,,181227,9,,,0,100,,181228,9,,,0,100,,181229,9,,,0,100,,181230,9,,,0,100,,181231,9,,,0
