671201,'1',424,,28372,,,0,20,,28373,,,0,59,,28403,,,0,10,,28383,,,0,10,,28404,,,0,9,,28400,,,0,10,,28391,,,0,9,,28401,,,0,49,,28379,,,0,6,,28392,,,0,7,,28421,,,0,15,,28423,,,0,7,,28347,,,0,12,,28348,,,0,6,,28330,,,0,52,,28424,,,0,8,,28393,,,0,12,,28422,,,0,6,,28425,,,0,11,,28351,,,0,7,,28346,,,0,72,,28352,,,0,11,,28390,,,0,15,,28325,,,0,55,,28384,,,0,15,,28334,,,0,15,,28375,,,0,15,,28335,,,0,55,,28394,,,0,15,,28336,,,0,15,,28341,,,0,15,,28337,,,0,55,,28326,,,0,15,,28338,,,0,15,,28376,,,0,15,,28339,,,0,55,,28327,,,0,15,,28340,,,0,15,,28377,,,0,15,,28342,,,0,55,,28328,,,0,15,,28343,,,0,15,,28378,,,0,15,,28344,,,0,55,,28329,,,0,16,,28345,,,0,15,,28380,,,0,10,,28420,,,0,10,,28381,,,0,50,,28412,,,0,10,,28358,,,0,10,,28413,,,0,9,,28359,,,0,9,,28371,,,0,9,,28396,,,0,9,,28398,,,0,47,,28360,,,0,8,,28333,,,0,9,,28361,,,0,14,,28366,,,0,8,,28399,,,0,7,,28367,,,0,48,,28331,,,0,7,,28368,,,0,8,,28363,,,0,8,,28362,,,0,10,,28382,,,0,9,,28369,,,0,10,,28365,,,0,50,,28364,,,0,10,,28374,,,0,10,,28370,,,0,10,,28332,,,0,10,,28414,,,0,10,,28397,,,0,50,,28385,,,0,12,,28395,,,0,12,,28386,,,0,12,,28415,,,0,12,,28387,,,0,55,,28405,,,0,14,,28388,,,0,15,,28406,,,0,15,,28416,,,0,55,,28407,,,0,15,,28389,,,0,15,,28408,,,0,15,,28417,,,0,55,,28409,,,0,14,,28353,,,0,15,,28354,,,0,15,,28418,,,0,55,,28410,,,0,19,,28355,,,0,20,,28356,,,0,60,,28419,,,0,20,,28357,,,0
671201,'101',809,,28428,,,0,821,,28429,,,0
671201,'2',607,,28441,,,0,20,,28504,,,0,20,,28440,,,0,60,,28501,,,0,17,,28439,,,0,15,,28505,,,0,15,,28452,,,0,55,,28481,,,0,15,,28482,,,0,15,,28483,,,0,15,,28484,,,0,56,,28485,,,0,15,,28486,,,0,15,,28487,,,0,15,,28488,,,0,55,,28489,,,0,15,,28490,,,0,15,,28491,,,0,15,,28492,,,0,55,,28493,,,0,15,,28494,,,0,15,,28495,,,0,15,,28496,,,0,55,,28497,,,0,15,,28498,,,0,15,,28499,,,0,15,,28500,,,0,55,,28451,,,0,15,,28455,,,0,15,,28478,,,0,15,,28465,,,0,55,,28433,,,0,15,,28450,,,0,15,,28479,,,0,15,,28466,,,0,55,,28449,,,0,15,,28448,,,0,15,,28480,,,0,15,,28467,,,0,55,,28447,,,0,12,,28446,,,0,12,,28445,,,0,12,,28444,,,0,12,,28502,,,0,50,,28468,,,0,10,,28443,,,0,10,,28476,,,0,10,,28503,,,0,10,,28442,,,0,10,,28438,,,0,50,,28469,,,0,10,,28437,,,0,12,,28477,,,0,12,,28453,,,0,12,,28454,,,0,54,,28470,,,0,15,,28464,,,0,15,,28456,,,0,15,,28436,,,0,54,,28471,,,0,14,,28457,,,0,14,,28472,,,0,20,,28458,,,0,60,,28459,,,0,20,,28473,,,0,20,,28460,,,0,60,,28461,,,0,21,,28474,,,0,21,,28462,,,0,59,,28463,,,0,20,,28475,,,0,65,,28435,,,0,30,,28434,,,0
671201,'201',809,,28507,,,0,821,,28506,,,0
671201,'3',737,,28512,,,0,20,,28511,,,0,55,,28513,,,0,15,,28514,,,0,15,,28515,,,0,15,,28516,,,0,55,,28517,,,0,15,,28518,,,0,15,,28519,,,0,15,,28520,,,0,54,,28521,,,0,14,,28522,,,0,15,,28523,,,0,15,,28524,,,0,55,,28525,,,0,15,,28526,,,0,15,,28527,,,0,15,,28528,,,0,55,,28529,,,0,15,,28530,,,0,15,,28531,,,0,15,,28532,,,0,55,,28533,,,0,15,,28534,,,0,15,,28535,,,0,15,,28536,,,0,55,,28537,,,0,15,,28538,,,0,15,,28539,,,0,15,,28540,,,0,56,,28541,,,0,15,,28542,,,0,15,,28543,,,0,15,,28544,,,0,55,,28545,,,0,12,,28574,,,0,11,,28546,,,0,11,,28547,,,0,11,,28548,,,0,52,,28508,,,0,12,,28549,,,0,12,,28550,,,0,12,,28551,,,0,12,,28552,,,0,52,,28553,,,0,13,,28554,,,0,13,,28555,,,0,12,,28556,,,0,12,,28557,,,0,52,,28558,,,0,15,,28510,,,0,15,,28559,,,0,15,,28560,,,0,55,,28561,,,0,15,,28562,,,0,15,,28563,,,0,15,,28564,,,0,55,,28565,,,0,15,,28566,,,0,15,,28567,,,0,15,,28568,,,0,54,,28569,,,0,15,,28570,,,0,15,,28571,,,0,15,,28572,,,0,59,,28509,,,0,33,,28573,,,0
671400,'1',516,,28874,,,0,10,,28908,,,0,13,,28898,,,0,11,,28872,,,0,53,,28909,,,0,10,,28893,,,0,10,,28899,,,0,7,,28864,,,0,5,,28901,,,0,8,,28911,,,0,64,,28900,,,0,12,,28865,,,0,14,,28902,,,0,11,,28866,,,0,11,,28910,,,0,51,,28875,,,0,15,,28897,,,0,15,,28867,,,0,14,,28903,,,0,57,,28868,,,0,20,,28876,,,0,20,,28877,,,0,60,,28892,,,0,20,,28878,,,0,20,,28879,,,0,60,,28904,,,0,20,,28880,,,0,20,,28912,,,0,60,,28860,,,0,31,,28881,,,0,70,,28882,,,0,30,,28883,,,0,71,,28884,,,0,32,,28885,,,0,72,,28886,,,0,24,,28887,,,0,63,,28894,,,0,21,,28873,,,0,20,,28869,,,0,18,,28895,,,0,55,,28870,,,0,15,,28905,,,0,13,,28871,,,0,15,,28896,,,0,52,,28906,,,0,15,,28888,,,0,12,,28890,,,0,15,,28889,,,0,62,,28907,,,0,21,,28891,,,0,66,,28861,,,0,25,,28862,,,0,25,,28863,,,0
671400,'101',650,,28913,,,0
671400,'201',650,,28914,,,0
732100,'1',620,,38910,,,0,30,,38890,,,0,74,,38891,,,0,31,,38889,,,0,70,,38892,,,0,31,,38906,,,0,72,,38893,,,0,72,,38888,,,0,31,,38894,,,0,71,,38907,,,0,32,,38895,,,0,70,,38884,,,0,31,,38896,,,0,71,,38908,,,0,30,,38897,,,0,71,,38885,,,0,32,,38898,,,0,71,,38909,,,0,33,,38899,,,0,71,,38886,,,0,30,,38900,,,0,70,,38882,,,0,31,,38901,,,0,65,,38887,,,0,31,,38902,,,0,71,,38883,,,0,30,,38903,,,0,70,,38911,,,0,29,,38904,,,0,70,,38912,,,0,30,,38905,,,0,97,,38913,,,0,97,,38914,,,0,100,,38915,,,0
732100,'2',655,,38922,,,0,60,,38937,,,0,29,,38936,,,0,70,,38935,,,0,31,,38921,,,0,60,,38916,,,0,21,,38953,,,0,21,,38920,,,0,70,,38934,,,0,30,,38919,,,0,71,,38933,,,0,31,,38918,,,0,62,,38932,,,0,20,,38951,,,0,21,,38917,,,0,60,,38931,,,0,20,,38945,,,0,20,,38943,,,0,60,,38930,,,0,20,,38946,,,0,20,,38942,,,0,61,,38929,,,0,20,,38947,,,0,20,,38941,,,0,60,,38928,,,0,20,,38948,,,0,20,,38940,,,0,60,,38927,,,0,20,,38949,,,0,20,,38939,,,0,60,,38926,,,0,20,,38950,,,0,19,,38938,,,0,56,,38925,,,0,20,,38952,,,0,30,,38954,,,0,70,,38924,,,0,30,,38955,,,0,73,,38923,,,0,99,,38944,,,0,105,,38956,,,0,100,,38957,,,0
732100,'3',723,,38967,,,0,29,,38966,,,0,70,,38965,,,0,31,,38964,,,0,70,,38963,,,0,30,,38975,,,0,70,,38962,,,0,31,,38974,,,0,70,,38961,,,0,32,,38973,,,0,72,,38960,,,0,20,,38972,,,0,60,,38959,,,0,20,,38986,,,0,20,,38971,,,0,60,,38985,,,0,20,,38987,,,0,20,,38970,,,0,60,,38984,,,0,20,,38988,,,0,20,,38969,,,0,60,,38983,,,0,20,,38989,,,0,20,,38968,,,0,60,,38982,,,0,21,,38990,,,0,20,,38978,,,0,59,,38981,,,0,20,,38991,,,0,22,,38976,,,0,70,,38980,,,0,30,,38958,,,0,71,,38979,,,0,34,,38992,,,0,71,,38977,,,0,103,,38993,,,0,103,,38994,,,0,105,,38995,,,0
