667201,'101_merged_15529707',1511,,136736,4,0,11 12,0,32,,136735,14,,,0
667201,'1_merged_15529700',532,,136756,14,,,0,69,,136747,14,,,0,20,,136755,14,,,0,15,,136742,14,,,0,15,,136752,14,,,0,49,,136779,14,,,0,8,,136775,14,,,0,10,,136771,14,,,0,13,,136768,14,,,0,11,,136773,14,,,0,13,,136774,14,,,0,54,,136770,14,,,0,15,,136740,14,,,0,17,,136738,14,,,0,12,,136767,14,,,0,51,,136737,14,,,0,14,,136765,14,,,0,20,,136744,14,,,0,64,,136739,14,,,0,30,,136741,14,,,0,70,,136761,14,,,0,29,,136769,14,,,0,69,,136764,14,,,0,29,,136751,14,,,0,71,,136750,14,,,0,32,,136749,14,,,0,27,,136743,14,,,0,68,,136748,14,,,0,32,,136745,14,,,0,66,,136778,14,,,0,10,,136777,14,,,0,69,,136776,14,,,0,15,,136757,14,,,0,25,,136763,14,,,0,11,,136762,14,,,0,62,,136766,14,,,0,19,,136754,14,,,0,13,,136760,14,,,0,58,,136759,14,,,0,15,,136758,14,,,0,19,,136753,14,,,0,60,,136746,14,0,11 12,0,8,,136772,14,,,0
667201,'201',1543,,136780,14,,,0
667201,'2_merged_15529702',636,,136791,14,,,0,70,,136790,14,,,0,30,,136785,14,,,0,69,,136788,14,,,0,30,,136783,14,,,0,69,,136794,14,,,0,30,,136781,14,,,0,69,,136798,14,,,0,29,,136797,14,,,0,68,,136793,14,,,0,29,,136804,14,,,0,73,,136792,14,,,0,30,,136803,14,,,0,71,,136796,14,,,0,30,,136787,14,,,0,21,,136802,14,,,0,60,,136808,14,,,0,19,,136809,14,,,0,21,,136810,14,,,0,60,,136784,14,,,0,20,,136801,14,,,0,22,,136795,14,,,0,58,,136805,14,,,0,19,,136806,14,,,0,20,,136807,14,,,0,61,,136800,14,,,0,19,,136782,14,,,0,22,,136811,14,,,0,60,,136789,14,,,0,20,,136812,14,,,0,20,,136799,14,,,0,57,,136813,14,,,0
667201,'3_merged_15529701',705,,136839,14,,,0,30,,136838,14,,,0,70,,136819,14,,,0,29,,136821,14,,,0,70,,136832,14,,,0,29,,136822,14,,,0,70,,136828,14,,,0,30,,136824,14,,,0,70,,136831,14,,,0,30,,136826,14,,,0,69,,136817,14,,,0,30,,136827,14,,,0,70,,136835,14,,,0,29,,136825,14,,,0,71,,136820,14,,,0,30,,136816,14,,,0,70,,136834,14,,,0,30,,136833,14,,,0,70,,136829,14,,,0,30,,136837,14,,,0,71,,136830,14,,,0,30,,136818,14,,,0,70,,136823,14,,,0,30,,136836,14,,,0,70,,136814,14,,,0
683701,'1_merged_15529700',2549,,155477,2,,,0
683701,'2_merged_15529702',536,,155480,2,,,0,2018,,155479,2,,,0
683701,'3_merged_15529701',601,,155487,2,,,0,39,,155488,2,,,0,71,,155489,2,,,0,32,,155490,2,,,0,1558,,155491,2,0,50 51,0,129,,155485,2,,,0,73,,155484,2,,,0,28,,155481,2,0,50 51,0,79,,155486,2,,,0,29,,155492,2,,,0
1671701,'1_merged_15529700',1940,,158204,14,,,0,69,,158203,14,,,0,26,,158202,14,,,0,70,,158215,14,,,0,30,,158214,14,,,0,71,,158213,14,,,0,29,,158212,14,,,0,67,,158211,14,,,0,33,,158210,14,,,0,71,,158209,14,,,0,30,,158205,14,0,11 12,0,11,,158208,14,0,11 12,0,100,,158207,14,0,11 12,0
1671701,'2_merged_15529702',1929,,158218,14,,,0,71,,158217,14,,,0,29,,158216,14,,,0,30,,158228,14,,,0,71,,158227,14,,,0,71,,158226,14,,,0,30,,158225,14,,,0,71,,158224,14,,,0,30,,158223,14,,,0,69,,158222,14,,,0,20,,158229,14,0,11 12,0,28,,158221,14,0,11 12,0,99,,158220,14,0,11 12,0
1671701,'3_merged_15529701',1933,,158230,14,,,0,71,,158243,14,,,0,29,,158242,14,,,0,71,,158241,14,,,0,30,,158240,14,,,0,69,,158239,14,,,0,29,,158238,14,,,0,70,,158237,14,,,0,30,,158236,14,,,0,69,,158235,14,,,0,30,,158234,14,0,11 12,0,20,,158233,14,0,11 12,0,93,,158232,14,,,0
