662201,'1',525,,121631,28,,,0,17,,121632,28,,,0,17,,121633,28,,,0,59,,121634,28,,,0,12,,121635,23,,,0,13,,121636,28,,,0,12,,121637,23,,,0,52,,121638,23,,,0,12,,121639,23,,,0,12,,121640,23,,,0,12,,121641,28,,,0,12,,121642,23,,,0,53,,121643,23,,,0,12,,121644,23,,,0,12,,121645,23,,,0,10,,121646,23,,,0,10,,121647,23,,,0,50,,121648,23,,,0,10,,121649,23,,,0,11,,121650,23,,,0,10,,121707,23,,,0,10,,121651,23,,,0,12,,121652,23,,,0,52,,121653,23,,,0,11,,121654,23,,,0,12,,121709,23,,,0,12,,121655,23,,,0,12,,121656,23,,,0,52,,121657,23,,,0,12,,121658,23,,,0,12,,121710,23,,,0,12,,121659,23,,,0,12,,121660,23,,,0,52,,121661,23,,,0,13,,121662,23,,,0,12,,121711,23,,,0,12,,121663,23,,,0,12,,121664,23,,,0,52,,121665,23,,,0,12,,121666,23,,,0,12,,121712,23,,,0,12,,121667,23,,,0,12,,121668,23,,,0,52,,121669,23,,,0,12,,121670,23,,,0,12,,121671,23,,,0,13,,121672,23,,,0,12,,121673,23,,,0,52,,121674,23,,,0,12,,121675,23,,,0,11,,121676,23,,,0,8,,121677,23,,,0,8,,121678,23,,,0,8,,121679,23,,,0,47,,121680,23,,,0,15,,121681,23,,,0,8,,121682,23,,,0,7,,121683,23,,,0,8,,121684,23,,,0,7,,121685,23,,,0,8,,121686,23,,,0,46,,121687,23,,,0,8,,121708,23,,,0,7,,121688,23,,,0,8,,121689,23,,,0,8,,121690,23,,,0,8,,121691,23,,,0,8,,121692,23,,,0,8,,121693,23,,,0,48,,121694,23,,,0,9,,121695,23,,,0,10,,121696,23,,,0,10,,121697,23,,,0,11,,121698,23,,,0,12,,121699,23,,,0,52,,121700,23,,,0,13,,121701,23,,,0,15,,121702,23,,,0,15,,121703,23,,,0,55,,121704,23,,,0,15,,121705,23,,,0,15,,121706,23,,,0
662201,'101',1610,,121603,23,,,0
662201,'152201',2049,,121604,23,,,0,56,,121605,23,,,0,18,,121606,23,,,0,20,,121607,23,,,0,60,,121608,23,,,0,21,,121609,23,,,0,19,,121610,23,,,0,62,,121611,23,,,0,20,,121612,23,,,0,23,,121613,23,,,0,72,,121614,23,,,0,30,,121615,23,,,0,70,,121616,23,,,0
662201,'152301',2049,,121617,23,,,0,56,,121618,23,,,0,18,,121619,23,,,0,20,,121620,23,,,0,60,,121621,23,,,0,21,,121622,23,,,0,19,,121623,23,,,0,62,,121624,23,,,0,20,,121625,23,,,0,23,,121626,23,,,0,72,,121627,23,,,0,30,,121628,23,,,0,70,,121629,23,,,0
662201,'2',528,,121775,28,,,0,20,,121723,28,,,0,60,,121785,28,,,0,20,,121783,23,,,0,19,,121719,28,,,0,56,,121716,23,,,0,15,,121778,28,,,0,17,,121724,23,,,0,15,,121782,23,,,0,55,,121721,28,,,0,16,,121714,23,,,0,15,,121779,23,,,0,15,,121777,23,,,0,55,,121792,23,,,0,15,,121720,23,,,0,15,,121788,23,,,0,18,,121715,23,,,0,55,,121725,23,,,0,13,,121732,23,,,0,12,,121798,23,,,0,12,,121733,23,,,0,12,,121734,23,,,0,52,,121735,23,,,0,12,,121744,23,,,0,12,,121799,23,,,0,11,,121737,23,,,0,12,,121781,23,,,0,52,,121738,23,,,0,12,,121739,23,,,0,12,,121800,23,,,0,12,,121740,23,,,0,12,,121741,23,,,0,52,,121742,23,,,0,12,,121743,23,,,0,12,,121745,23,,,0,12,,121746,23,,,0,12,,121747,23,,,0,51,,121748,23,,,0,10,,121749,23,,,0,9,,121750,23,,,0,9,,121751,23,,,0,9,,121793,23,,,0,10,,121752,23,,,0,50,,121753,23,,,0,10,,121754,23,,,0,10,,121755,23,,,0,10,,121756,23,,,0,11,,121796,23,,,0,10,,121757,23,,,0,50,,121758,23,,,0,10,,121759,23,,,0,10,,121760,23,,,0,10,,121761,23,,,0,10,,121794,23,,,0,10,,121762,23,,,0,50,,121763,23,,,0,10,,121764,23,,,0,10,,121765,23,,,0,11,,121766,23,,,0,10,,121795,23,,,0,10,,121767,23,,,0,50,,121768,23,,,0,11,,121769,23,,,0,10,,121770,23,,,0,10,,121771,23,,,0,9,,121772,23,,,0,12,,121797,23,,,0,52,,121773,23,,,0,11,,121726,23,,,0,16,,121727,23,,,0,16,,121736,23,,,0,56,,121728,23,,,0,14,,121729,23,,,0,14,,121730,23,,,0,15,,121731,23,,,0,55,,121791,23,,,0,17,,121722,23,,,0,20,,121718,23,,,0,60,,121776,23,,,0,20,,121786,23,,,0,21,,121790,23,,,0,62,,121774,23,,,0,20,,121787,23,,,0,23,,121717,23,,,0,70,,121780,23,,,0,30,,121784,23,,,0,70,,121789,23,,,0
662201,'201',1610,,121713,23,,,0
662201,'3',617,,121801,28,,,0,21,,121802,28,,,0,19,,121803,28,,,0,61,,121804,28,,,0,20,,121805,28,,,0,62,,121806,28,,,0,19,,121807,23,,,0,16,,121808,28,,,0,15,,121809,23,,,0,55,,121810,23,,,0,16,,121811,23,,,0,15,,121812,23,,,0,15,,121813,23,,,0,55,,121814,23,,,0,15,,121815,23,,,0,15,,121816,23,,,0,15,,121817,23,,,0,53,,121818,23,,,0,13,,121819,23,,,0,12,,121820,23,,,0,12,,121821,23,,,0,12,,121822,23,,,0,52,,121823,23,,,0,13,,121824,23,,,0,12,,121825,23,,,0,12,,121826,23,,,0,12,,121827,23,,,0,52,,121828,23,,,0,12,,121829,23,,,0,12,,121830,23,,,0,12,,121831,23,,,0,11,,121832,23,,,0,52,,121833,23,,,0,12,,121834,23,,,0,12,,121835,23,,,0,12,,121836,23,,,0,12,,121837,23,,,0,52,,121838,23,,,0,12,,121839,23,,,0,12,,121840,23,,,0,12,,121841,23,,,0,12,,121842,23,,,0,52,,121843,23,,,0,12,,121844,23,,,0,12,,121845,23,,,0,12,,121846,23,,,0,12,,121847,23,,,0,53,,121848,23,,,0,14,,121849,23,,,0,14,,121850,23,,,0,14,,121851,23,,,0,55,,121852,23,,,0,15,,121853,23,,,0,15,,121854,23,,,0,15,,121855,23,,,0,55,,121856,23,,,0,14,,121857,23,,,0,15,,121858,23,,,0,15,,121859,23,,,0,57,,121860,23,,,0,20,,121861,23,,,0,20,,121862,23,,,0,60,,121863,23,,,0,19,,121864,23,,,0,20,,121865,23,,,0,60,,121866,23,,,0,20,,121867,23,,,0,20,,121868,23,,,0,60,,121869,23,,,0,19,,121870,23,,,0,27,,121871,23,,,0,72,,121872,23,,,0,30,,121873,23,,,0,70,,121874,28,,,0
683801,'1',2520,,155524,32,,,0,29,,155520,32,,,0,70,,155519,32,,,0,30,,155518,32,,,0,73,,155521,32,,,0,27,,155522,32,,,0,69,,155523,32,,,0,40,,155516,32,,,0,70,,155517,32,,,0
683801,'2',2551,,155526,32,,,0,77,,155528,32,,,0,21,,155527,32,,,0,60,,155529,32,,,0,23,,155530,32,,,0,20,,155531,32,,,0,60,,155532,32,,,0,27,,155533,32,,,0,70,,155534,32,,,0,29,,155525,32,,,0
683801,'3',2548,,155536,32,,,0,70,,155535,32,,,0,31,,155537,32,,,0,79,,155538,32,,,0,17,,155539,32,,,0,74,,155540,32,,,0,30,,155541,32,,,0,80,,155542,32,,,0
1671801,'1',540,,158690,8,,,0,14,,158691,8,,,0,53,,158692,8,,,0,13,,158716,8,,,0,13,,158693,8,,,0,13,,158694,8,,,0,13,,158695,8,,,0,55,,158696,8,,,0,14,,158712,8,,,0,15,,158697,8,,,0,14,,158698,8,,,0,55,,158699,8,,,0,15,,158700,8,,,0,15,,158701,8,,,0,14,,158702,8,,,0,54,,158703,8,,,0,14,,158704,8,,,0,15,,158705,8,,,0,14,,158706,8,,,0,55,,158707,8,,,0,15,,158708,8,,,0,15,,158683,8,,,0,15,,158684,8,,,0,55,,158685,8,,,0,15,,158686,8,,,0,15,,158687,8,,,0,15,,158688,8,,,0,55,,158689,8,,,0,15,,158650,8,,,0,16,,158651,8,,,0,15,,158652,8,,,0,56,,158653,8,,,0,15,,158654,8,,,0,15,,158655,8,,,0,15,,158656,8,,,0,55,,158657,8,,,0,15,,158658,8,,,0,15,,158659,8,,,0,15,,158660,8,,,0,53,,158661,8,,,0,13,,158662,8,,,0,12,,158663,8,,,0,11,,158664,8,,,0,10,,158665,8,,,0,50,,158666,8,,,0,10,,158667,8,,,0,11,,158668,8,,,0,12,,158669,8,,,0,12,,158670,8,,,0,51,,158671,8,,,0,12,,158672,8,,,0,12,,158673,8,,,0,12,,158674,8,,,0,12,,158675,8,,,0,54,,158676,8,,,0,15,,158677,8,,,0,15,,158678,8,,,0,15,,158679,8,,,0,56,,158680,8,,,0
1671801,'2',539,,158834,8,,,0,18,,158835,8,,,0,55,,158847,8,,,0,14,,158848,8,,,0,15,,158849,8,,,0,15,,158850,8,,,0,54,,158851,8,,,0,15,,158852,8,,,0,15,,158853,8,,,0,15,,158803,8,,,0,56,,158854,8,,,0,15,,158855,8,,,0,15,,158856,8,,,0,16,,158857,8,,,0,55,,158858,8,,,0,15,,158859,8,,,0,16,,158860,8,,,0,16,,158861,8,,,0,56,,158862,8,,,0,11,,158846,8,,,0,12,,158797,8,,,0,12,,158798,8,,,0,52,,158799,8,,,0,12,,158800,8,,,0,11,,158796,8,,,0,12,,158801,8,,,0,12,,158802,8,,,0,52,,158804,8,,,0,12,,158805,8,,,0,12,,158828,8,,,0,10,,158806,8,,,0,10,,158807,8,,,0,10,,158808,8,,,0,50,,158809,8,,,0,10,,158810,8,,,0,10,,158829,8,,,0,10,,158820,8,,,0,10,,158821,8,,,0,10,,158822,8,,,0,50,,158823,8,,,0,10,,158824,8,,,0,10,,158830,8,,,0,10,,158825,8,,,0,10,,158826,8,,,0,9,,158827,8,,,0,50,,158811,8,,,0,10,,158793,8,,,0,10,,158831,8,,,0,10,,158812,8,,,0,10,,158813,8,,,0,11,,158814,8,,,0,50,,158815,8,,,0,10,,158816,8,,,0,10,,158832,8,,,0,10,,158817,8,,,0,10,,158818,8,,,0,10,,158819,8,,,0,50,,158836,8,,,0,10,,158837,8,,,0,10,,158833,8,,,0,12,,158838,8,,,0,12,,158839,8,,,0,52,,158840,8,,,0,12,,158841,8,,,0,12,,158842,8,,,0,12,,158843,8,,,0,13,,158844,8,,,0,53,,158845,8,,,0
1671801,'291101',1831,,158717,8,0,10,0,15,,158718,8,0,10,0,10,,158719,8,0,10,0,60,,158720,8,0,10,0,15,,158721,8,0,10,0,15,,158722,8,0,10,0,55,,158723,8,0,10,0,15,,158724,8,0,10,0,15,,158725,8,0,10,0,15,,158726,8,0,10,0,55,,158727,8,0,10,0,15,,158728,8,0,10,0,15,,158729,8,0,10,0,15,,158730,8,0,10,0,55,,158731,8,0,10,0,15,,158732,8,0,10,0,15,,158733,8,0,10,0,15,,158734,8,0,10,0,55,,158735,8,0,10,0,15,,158736,8,0,10,0,15,,158737,8,0,10,0,15,,158738,8,0,10,0,55,,158739,8,0,10,0
1671801,'291102',1831,,158740,8,0,10,0,11,,158741,8,0,10,0,13,,158742,8,0,10,0,61,,158743,8,0,10,0,15,,158744,8,0,10,0,15,,158745,8,0,10,0,55,,158746,8,0,10,0,15,,158747,8,0,10,0,15,,158748,8,0,10,0,15,,158749,8,0,10,0,55,,158750,8,0,10,0,15,,158751,8,0,10,0,15,,158752,8,0,10,0,15,,158753,8,0,10,0,55,,158754,8,0,10,0,15,,158755,8,0,10,0,15,,158756,8,0,10,0,15,,158757,8,0,10,0,55,,158758,8,0,10,0,15,,158759,8,0,10,0,15,,158760,8,0,10,0,15,,158761,8,0,10,0,55,,158762,8,0,10,0
1671801,'291103',1833,,158763,8,0,10,0,15,,158764,8,0,10,0,53,,158765,8,0,10,0,15,,158766,8,0,10,0,15,,158767,8,0,10,0,15,,158768,8,0,10,0,55,,158769,8,0,10,0,15,,158770,8,0,10,0,15,,158771,8,0,10,0,15,,158772,8,0,10,0,55,,158773,8,0,10,0,15,,158774,8,0,10,0,15,,158775,8,0,10,0,15,,158776,8,0,10,0,55,,158777,8,0,10,0,15,,158778,8,0,10,0,15,,158779,8,0,10,0,15,,158780,8,0,10,0,55,,158781,8,0,10,0,15,,158782,8,0,10,0,15,,158783,8,0,10,0,15,,158784,8,0,10,0,55,,158785,8,0,10,0
1671801,'3',612,,158944,8,,,0,22,,158945,8,,,0,22,,158946,8,,,0,62,,158947,8,,,0,16,,158957,8,,,0,15,,158948,8,,,0,56,,158949,8,,,0,16,,158950,8,,,0,15,,158951,8,,,0,15,,158952,8,,,0,54,,158953,8,,,0,15,,158954,8,,,0,15,,158955,8,,,0,15,,158956,8,,,0,55,,158879,8,,,0,15,,158881,8,,,0,15,,158882,8,,,0,15,,158883,8,,,0,55,,158884,8,,,0,15,,158885,8,,,0,15,,158935,8,,,0,15,,158886,8,,,0,55,,158887,8,,,0,13,,158888,8,,,0,11,,158936,8,,,0,12,,158889,8,,,0,11,,158893,8,,,0,51,,158894,8,,,0,12,,158895,8,,,0,12,,158937,8,,,0,12,,158896,8,,,0,12,,158897,8,,,0,52,,158898,8,,,0,12,,158899,8,,,0,12,,158938,8,,,0,12,,158900,8,,,0,12,,158880,8,,,0,52,,158901,8,,,0,12,,158902,8,,,0,12,,158939,8,,,0,12,,158903,8,,,0,12,,158904,8,,,0,52,,158905,8,,,0,12,,158906,8,,,0,13,,158940,8,,,0,12,,158907,8,,,0,13,,158908,8,,,0,52,,158909,8,,,0,12,,158910,8,,,0,13,,158941,8,,,0,13,,158911,8,,,0,14,,158942,8,,,0,55,,158912,8,,,0,15,,158913,8,,,0,15,,158914,8,,,0,15,,158915,8,,,0
3780701,'1',515,,170391,9,,,0,29,,170402,11,,,0,57,,170425,11,,,0,3,,170426,4,0,20 8,0,8,,170427,4,0,20 8,0,4,,170395,11,,,0,10,,170441,11,,,0,3,,170428,4,0,20 8,0,7,,170431,4,,,0,5,,170429,4,0,20 8,0,6,,170401,11,,,0,7,,170452,4,0,20 8,0,3,,170432,4,,,0,48,,170351,11,,,0,3,,170433,4,,,0,11,,170371,11,,,0,6,,170442,4,0,20 8,0,1,,170421,11,,,0,3,,170449,4,,,0,5,,170390,11,,,0,6,,170434,11,,,0,6,,170396,11,,,0,6,,170443,11,,,0,48,,170341,11,,,0,5,,170366,11,,,0,5,,170451,11,,,0,5,,170340,11,,,0,6,,170424,11,,,0,7,,170365,11,,,0,6,,170447,11,,,0,7,,170339,11,,,0,7,,170444,11,,,0,8,,170338,11,,,0,46,,170364,11,,,0,8,,170430,11,,,0,8,,170337,11,,,0,7,,170399,11,,,0,6,,170398,11,,,0,7,,170373,11,,,0,12,,170336,11,,,0,52,,170418,11,,,0,12,,170372,11,,,0,12,,170419,11,,,0,9,,170400,11,,,0,16,,170420,11,,,0,56,,170335,11,,,0,15,,170334,11,,,0,12,,170333,11,,,0,16,,170416,11,,,0,56,,170332,11,,,0,14,,170331,11,,,0,16,,170415,11,,,0,15,,170414,11,,,0,56,,170417,11,,,0,13,,170413,11,,,0,17,,170411,11,,,0,15,,170348,11,,,0,54,,170412,11,,,0,14,,170347,11,,,0,12,,170448,4,,,0,7,,170435,11,,,0,8,,170410,11,,,0,10,,170450,4,0,20 8,0,2,,170345,11,,,0,47,,170436,4,,,0,9,,170409,11,,,0,8,,170346,11,,,0,6,,170437,4,,,0,6,,170344,11,,,0,8,,170438,4,,,0,3,,170383,11,,,0,5,,170439,11,,,0,6,,170408,11,,,0,48,,170381,11,,,0,5,,170440,4,,,0,7,,170382,11,,,0,9,,170380,11,,,0,5,,170407,11,,,0,2,,170446,4,0,20 8,0,3,,170445,4,,,0,6,,170379,11,,,0,6,,170363,11,,,0,8,,170378,11,,,0,48,,170406,11,,,0,7,,170422,11,,,0,7,,170359,11,,,0,7,,170377,11,,,0,8,,170405,11,,,0,8,,170404,11,,,0,6,,170376,11,,,0,6,,170362,11,,,0,48,,170375,11,,,0,8,,170423,11,,,0,8,,170403,11,,,0,7,,170374,11,,,0,7,,170361,11,,,0,10,,170360,11,,,0,13,,170393,11,,,0,54,,170349,11,,,0,14,,170358,11,,,0,18,,170370,11,,,0,12,,170385,11,,,0,55,,170350,11,,,0,17,,170357,11,,,0,15,,170369,11,,,0,15,,170356,11,,,0,56,,170355,11,,,0,14,,170354,11,,,0,14,,170353,11,,,0,15,,170368,11,,,0,54,,170352,11,,,0,15,,170343,11,,,0,13,,170389,11,,,0,15,,170388,11,,,0,55,,170384,11,,,0,15,,170387,11,,,0,14,,170386,11,,,0,17,,170367,11,,,0,61,,170342,11,,,0,21,,170394,11,,,0,20,,170392,11,,,0,60,,170397,11,,,0
3780701,'2',505,,170731,4,,,0,27,,170658,11,,,0,83,,170653,9,,,0,16,,170681,11,,,0,15,,170732,4,,,0,13,,170680,11,,,0,52,,170733,4,,,0,16,,170654,11,,,0,18,,170649,11,,,0,56,,170655,11,,,0,17,,170651,11,,,0,13,,170650,11,,,0,9,,170734,4,,,0,8,,170663,11,,,0,58,,170652,11,,,0,13,,170684,11,,,0,16,,170685,11,,,0,15,,170686,11,,,0,54,,170687,11,,,0,15,,170688,11,,,0,14,,170692,11,,,0,18,,170689,11,,,0,50,,170735,4,,,0,9,,170690,11,,,0,13,,170691,11,,,0,15,,170693,11,,,0,15,,170694,11,,,0,55,,170695,11,,,0,15,,170696,11,,,0,16,,170697,11,,,0,14,,170698,11,,,0,55,,170699,11,,,0,15,,170700,11,,,0,15,,170701,11,,,0,15,,170702,11,,,0,55,,170703,11,,,0,15,,170704,11,,,0,16,,170705,11,,,0,15,,170706,11,,,0,57,,170707,11,,,0,8,,170708,11,,,0,18,,170709,11,,,0,13,,170712,4,,,0,8,,170710,11,,,0,51,,170711,11,,,0,14,,170713,11,,,0,14,,170714,11,,,0,12,,170715,11,,,0,52,,170716,11,,,0,12,,170717,11,,,0,12,,170718,11,,,0,12,,170719,11,,,0,13,,170720,11,,,0,52,,170721,11,,,0,12,,170722,11,,,0,11,,170723,11,,,0,12,,170724,11,,,0,12,,170725,11,,,0,52,,170726,11,,,0,12,,170727,11,,,0,12,,170728,11,,,0,13,,170729,11,,,0,12,,170671,11,,,0,51,,170677,11,,,0,11,,170670,11,,,0,12,,170669,11,,,0,12,,170668,11,,,0,12,,170667,11,,,0,52,,170676,11,,,0,11,,170665,11,,,0,12,,170666,11,,,0,12,,170682,11,,,0,12,,170662,11,,,0,12,,170675,11,,,0,52,,170664,11,,,0,12,,170730,11,,,0,13,,170679,11,,,0,11,,170657,11,,,0,55,,170661,11,,,0,15,,170674,11,,,0,16,,170678,11,,,0,17,,170659,11,,,0,57,,170673,11,,,0,17,,170656,11,,,0,18,,170660,11,,,0,15,,170648,11,,,0,57,,170672,11,,,0,17,,170683,11,,,0
3780701,'291101',935,,170453,2,,,0,15,,170454,2,,,0,55,,170455,2,,,0,13,,170456,2,,,0,18,,170457,2,,,0,15,,170471,2,,,0,55,,170472,2,,,0,15,,170473,2,,,0,19,,170458,2,,,0,16,,170474,2,,,0,57,,170475,2,,,0,15,,170476,2,,,0,20,,170459,2,,,0,56,,170477,2,,,0,17,,170478,2,,,0,15,,170479,2,,,0,21,,170460,2,,,0,56,,170480,2,,,0,17,,170481,2,,,0,16,,170482,2,,,0,61,,170461,2,,,0,15,,170483,2,,,0,17,,170484,2,,,0,16,,170485,2,,,0,61,,170462,2,,,0,15,,170486,2,,,0,17,,170487,2,,,0,57,,170488,2,,,0,22,,170463,2,,,0,15,,170489,2,,,0,17,,170490,2,,,0,53,,170491,2,,,0,20,,170464,2,,,0,11,,170492,2,,,0,57,,170493,2,,,0,13,,170494,2,,,0,20,,170465,2,,,0,11,,170495,2,,,0,57,,170496,2,,,0,10,,170497,2,,,0,20,,170466,2,,,0,10,,170498,2,,,0,17,,170499,2,,,0,48,,170500,2,,,0,20,,170467,2,,,0,10,,170501,2,,,0,17,,170502,2,,,0,48,,170503,2,,,0,20,,170468,2,,,0,10,,170504,2,,,0,16,,170505,2,,,0,8,,170506,2,,,0,59,,170469,2,,,0,10,,170507,2,,,0,13,,170508,2,,,0,8,,170509,2,,,0,58,,170470,2,,,0,10,,170510,2,,,0,13,,170511,2,,,0,7,,170512,2,,,0,18,,170513,2,,,0
3780701,'291102',933,,170514,2,,,0,17,,170515,2,,,0,55,,170516,2,,,0,14,,170517,2,,,0,17,,170518,2,,,0,14,,170519,2,,,0,9,,170520,2,,,0,49,,170521,2,,,0,14,,170522,2,,,0,17,,170523,2,,,0,14,,170524,2,,,0,55,,170525,2,,,0,15,,170526,2,,,0,16,,170527,2,,,0,14,,170528,2,,,0,55,,170529,2,,,0,16,,170530,2,,,0,14,,170531,2,,,0,15,,170532,2,,,0,55,,170533,2,,,0,16,,170534,2,,,0,17,,170535,2,,,0,14,,170536,2,,,0,53,,170581,2,,,0,10,,170537,2,,,0,16,,170538,2,,,0,10,,170539,2,,,0,11,,170582,2,,,0,51,,170540,2,,,0,14,,170541,2,,,0,13,,170542,2,,,0,13,,170543,2,,,0,12,,170544,2,,,0,52,,170545,2,,,0,12,,170546,2,,,0,13,,170547,2,,,0,12,,170548,2,,,0,12,,170549,2,,,0,53,,170550,2,,,0,12,,170551,2,,,0,12,,170552,2,,,0,14,,170553,2,,,0,52,,170554,2,,,0,12,,170555,2,,,0,12,,170556,2,,,0,12,,170557,2,,,0,12,,170558,2,,,0,50,,170559,2,,,0,11,,170560,2,,,0,12,,170561,2,,,0,12,,170562,2,,,0,13,,170563,2,,,0,52,,170564,2,,,0,14,,170565,2,,,0,9,,170566,2,,,0,12,,170567,2,,,0,12,,170568,2,,,0,12,,170569,2,,,0,53,,170570,2,,,0,12,,170571,2,,,0,12,,170572,2,,,0,13,,170573,2,,,0,55,,170574,2,,,0,14,,170575,2,,,0,15,,170576,2,,,0,18,,170577,2,,,0,60,,170578,2,,,0,16,,170579,2,,,0,16,,170580,2,,,0
3780701,'291103',946,,170641,2,,,0,55,,170642,2,,,0,15,,170583,2,,,0,14,,170584,2,,,0,17,,170585,2,,,0,56,,170586,2,,,0,14,,170587,2,,,0,19,,170588,2,,,0,16,,170589,2,,,0,55,,170590,2,,,0,14,,170591,2,,,0,14,,170592,2,,,0,9,,170644,2,,,0,14,,170593,2,,,0,56,,170594,2,,,0,17,,170595,2,,,0,16,,170596,2,,,0,56,,170597,2,,,0,15,,170598,2,,,0,16,,170599,2,,,0,15,,170600,2,,,0,55,,170601,2,,,0,15,,170602,2,,,0,12,,170603,2,,,0,10,,170647,2,,,0,14,,170604,2,,,0,49,,170605,2,,,0,15,,170606,2,,,0,14,,170607,2,,,0,12,,170608,2,,,0,14,,170609,2,,,0,57,,170610,2,,,0,9,,170645,2,,,0,8,,170611,2,,,0,14,,170612,2,,,0,53,,170613,2,,,0,12,,170636,2,,,0,12,,170614,2,,,0,11,,170615,2,,,0,13,,170616,2,,,0,11,,170617,2,,,0,52,,170637,2,,,0,11,,170618,2,,,0,11,,170643,2,,,0,14,,170619,2,,,0,55,,170620,2,,,0,16,,170621,2,,,0,15,,170622,2,,,0,15,,170623,2,,,0,55,,170624,2,,,0,15,,170625,2,,,0,14,,170626,2,,,0,14,,170627,2,,,0,55,,170628,2,,,0,15,,170629,2,,,0,15,,170630,2,,,0,16,,170631,2,,,0,55,,170632,2,,,0,15,,170633,2,,,0,14,,170634,2,,,0,15,,170635,2,,,0,55,,170638,2,,,0,15,,170639,2,,,0,15,,170640,2,,,0,18,,170646,2,,,0
3780701,'3',503,,170815,4,,,0,30,,170781,11,,,0,79,,170767,9,,,0,15,,170812,11,,,0,19,,170816,4,,,0,55,,170811,11,,,0,13,,170817,4,,,0,9,,170768,11,,,0,18,,170750,11,,,0,15,,170770,11,,,0,53,,170764,11,,,0,15,,170760,11,,,0,16,,170785,11,,,0,15,,170765,11,,,0,55,,170772,11,,,0,16,,170774,11,,,0,15,,170814,11,,,0,15,,170745,11,,,0,55,,170787,11,,,0,14,,170786,11,,,0,17,,170747,11,,,0,15,,170759,11,,,0,55,,170744,11,,,0,17,,170761,11,,,0,16,,170746,11,,,0,55,,170763,11,,,0,14,,170753,11,,,0,14,,170751,11,,,0,14,,170775,11,,,0,7,,170780,11,,,0,57,,170776,11,,,0,16,,170756,11,,,0,17,,170766,11,,,0,17,,170758,11,,,0,56,,170769,11,,,0,15,,170755,11,,,0,15,,170779,11,,,0,15,,170757,11,,,0,55,,170754,11,,,0,14,,170752,11,,,0,12,,170748,11,,,0,10,,170818,4,,,0,9,,170777,11,,,0,54,,170743,11,,,0,15,,170742,11,,,0,13,,170741,11,,,0,12,,170819,4,,,0,2,,170740,11,,,0,54,,170739,11,,,0,15,,170737,11,,,0,7,,170736,11,,,0,12,,170738,11,,,0,12,,170809,11,,,0,52,,170802,11,,,0,12,,170801,11,,,0,12,,170800,11,,,0,10,,170799,11,,,0,12,,170804,11,,,0,52,,170798,11,,,0,12,,170797,11,,,0,11,,170796,11,,,0,14,,170771,11,,,0,15,,170795,11,,,0,56,,170808,11,,,0,16,,170794,11,,,0,15,,170793,11,,,0,15,,170792,11,,,0,56,,170791,11,,,0,12,,170807,11,,,0,14,,170789,11,,,0,15,,170790,11,,,0,55,,170813,11,,,0,14,,170784,11,,,0,17,,170806,11,,,0,15,,170788,11,,,0,55,,170810,11,,,0,15,,170773,11,,,0,14,,170783,11,,,0,16,,170805,11,,,0,54,,170778,11,,,0,17,,170762,11,,,0,16,,170782,11,,,0,62,,170749,11,,,0,19,,170803,11,,,0
